5.70969 -0.001
11.4102 -0.002
17.1021 -0.003
22.7853 -0.004
28.4595 -0.005
34.1249 -0.006
39.7812 -0.007
45.4285 -0.008
51.0667 -0.009
56.6957 -0.01
62.3154 -0.011
67.9259 -0.012
73.527 -0.013
79.1186 -0.014
84.7007 -0.015
90.2733 -0.016
95.8361 -0.017
101.389 -0.018
106.933 -0.019
112.466 -0.02
117.99 -0.021
123.503 -0.022
129.007 -0.023
134.5 -0.024
139.983 -0.025
145.455 -0.026
150.917 -0.027
156.369 -0.028
161.809 -0.029
167.24 -0.03
172.659 -0.031
178.067 -0.032
183.465 -0.033
188.851 -0.034
194.226 -0.035
199.589 -0.036
204.941 -0.037
210.282 -0.038
215.611 -0.039
220.928 -0.04
226.233 -0.041
231.526 -0.042
236.806 -0.043
242.075 -0.044
247.331 -0.045
252.482 -0.046
257.248 -0.047
261.498 -0.048
265.049 -0.049
267.416 -0.05
269.412 -0.051
271.394 -0.052
273.345 -0.053
275.251 -0.054
277.095 -0.055
278.832 -0.056
280.456 -0.057
282.046 -0.058
283.335 -0.059
284.58 -0.06
285.556 -0.061
286.201 -0.062
286.6 -0.063
286.963 -0.064
287.316 -0.065
287.658 -0.066
287.993 -0.067
288.316 -0.068
288.628 -0.069
288.928 -0.07
289.211 -0.071
289.477 -0.072
289.735 -0.073
289.986 -0.074
290.231 -0.075
290.464 -0.076
290.682 -0.077
290.896 -0.078
291.107 -0.079
291.312 -0.08
291.507 -0.081
291.689 -0.082
291.867 -0.083
292.041 -0.084
292.208 -0.085
292.369 -0.086
292.528 -0.087
292.684 -0.088
292.838 -0.089
292.989 -0.09
293.136 -0.091
293.28 -0.092
293.42 -0.093
293.557 -0.094
293.692 -0.095
293.825 -0.096
293.956 -0.097
294.084 -0.098
294.21 -0.099
294.332 -0.1
294.452 -0.101
294.569 -0.102
294.684 -0.103
294.798 -0.104
294.91 -0.105
295.02 -0.106
295.129 -0.107
295.235 -0.108
295.339 -0.109
295.442 -0.11
295.543 -0.111
295.642 -0.112
295.739 -0.113
295.835 -0.114
295.929 -0.115
296.023 -0.116
296.114 -0.117
296.204 -0.118
296.294 -0.119
296.381 -0.12
296.465 -0.121
296.548 -0.122
296.63 -0.123
296.71 -0.124
296.789 -0.125
296.867 -0.126
296.944 -0.127
297.021 -0.128
297.096 -0.129
297.171 -0.13
297.244 -0.131
297.317 -0.132
297.389 -0.133
297.46 -0.134
297.529 -0.135
297.598 -0.136
297.666 -0.137
297.731 -0.138
297.795 -0.139
297.857 -0.14
297.917 -0.141
297.977 -0.142
298.036 -0.143
298.094 -0.144
298.151 -0.145
298.208 -0.146
298.264 -0.147
298.32 -0.148
298.375 -0.149
298.428 -0.15
298.481 -0.151
298.534 -0.152
298.586 -0.153
298.638 -0.154
298.688 -0.155
298.738 -0.156
298.787 -0.157
298.835 -0.158
298.881 -0.159
298.926 -0.16
298.97 -0.161
299.013 -0.162
299.055 -0.163
299.097 -0.164
299.139 -0.165
299.179 -0.166
299.22 -0.167
299.259 -0.168
299.299 -0.169
299.338 -0.17
299.376 -0.171
299.414 -0.172
299.45 -0.173
299.487 -0.174
299.522 -0.175
299.557 -0.176
299.591 -0.177
299.624 -0.178
299.657 -0.179
299.689 -0.18
299.721 -0.181
299.753 -0.182
299.784 -0.183
299.815 -0.184
299.846 -0.185
299.876 -0.186
299.906 -0.187
299.936 -0.188
299.965 -0.189
299.994 -0.19
300.022 -0.191
300.05 -0.192
300.078 -0.193
300.105 -0.194
300.132 -0.195
300.159 -0.196
300.185 -0.197
300.211 -0.198
300.237 -0.199
300.262 -0.2
300.287 -0.201
300.312 -0.202
300.336 -0.203
300.36 -0.204
300.384 -0.205
300.407 -0.206
300.431 -0.207
300.454 -0.208
300.476 -0.209
300.498 -0.21
300.52 -0.211
300.542 -0.212
300.563 -0.213
300.584 -0.214
300.605 -0.215
300.626 -0.216
300.646 -0.217
300.666 -0.218
300.686 -0.219
300.705 -0.22
300.724 -0.221
300.743 -0.222
300.762 -0.223
300.78 -0.224
300.798 -0.225
300.816 -0.226
300.833 -0.227
300.851 -0.228
300.868 -0.229
300.885 -0.23
300.901 -0.231
300.917 -0.232
300.933 -0.233
300.949 -0.234
300.965 -0.235
300.98 -0.236
300.995 -0.237
301.01 -0.238
301.025 -0.239
301.039 -0.24
301.053 -0.241
301.067 -0.242
301.081 -0.243
301.094 -0.244
301.107 -0.245
301.12 -0.246
301.133 -0.247
301.146 -0.248
301.158 -0.249
301.17 -0.25
301.182 -0.251
301.194 -0.252
301.206 -0.253
301.217 -0.254
301.228 -0.255
301.239 -0.256
301.25 -0.257
301.261 -0.258
301.271 -0.259
301.281 -0.26
301.291 -0.261
301.301 -0.262
301.311 -0.263
301.32 -0.264
301.33 -0.265
301.339 -0.266
301.348 -0.267
301.357 -0.268
301.365 -0.269
301.374 -0.27
301.382 -0.271
301.39 -0.272
301.398 -0.273
301.406 -0.274
301.414 -0.275
301.422 -0.276
301.429 -0.277
301.436 -0.278
301.443 -0.279
301.45 -0.28
301.457 -0.281
301.464 -0.282
301.47 -0.283
301.477 -0.284
301.483 -0.285
301.489 -0.286
301.496 -0.287
301.501 -0.288
301.507 -0.289
301.513 -0.29
301.519 -0.291
301.524 -0.292
301.529 -0.293
301.535 -0.294
301.54 -0.295
301.545 -0.296
301.55 -0.297
301.555 -0.298
301.559 -0.299
301.564 -0.3
301.569 -0.301
301.573 -0.302
301.577 -0.303
301.582 -0.304
301.586 -0.305
301.59 -0.306
301.594 -0.307
301.598 -0.308
301.602 -0.309
301.606 -0.31
301.61 -0.311
301.613 -0.312
301.617 -0.313
301.62 -0.314
301.624 -0.315
301.627 -0.316
301.631 -0.317
301.634 -0.318
301.637 -0.319
301.64 -0.32
301.643 -0.321
301.647 -0.322
301.65 -0.323
301.653 -0.324
301.656 -0.325
301.659 -0.326
301.661 -0.327
301.664 -0.328
301.667 -0.329
301.67 -0.33
301.673 -0.331
301.676 -0.332
301.678 -0.333
301.681 -0.334
301.684 -0.335
301.686 -0.336
301.689 -0.337
301.692 -0.338
301.694 -0.339
301.697 -0.34
301.7 -0.341
301.702 -0.342
301.705 -0.343
301.707 -0.344
301.71 -0.345
301.713 -0.346
301.715 -0.347
301.718 -0.348
301.721 -0.349
301.723 -0.35
301.726 -0.351
301.729 -0.352
301.732 -0.353
301.734 -0.354
301.737 -0.355
301.74 -0.356
301.743 -0.357
301.746 -0.358
301.749 -0.359
301.752 -0.36
301.755 -0.361
301.758 -0.362
301.761 -0.363
301.764 -0.364
301.767 -0.365
301.77 -0.366
301.774 -0.367
301.777 -0.368
301.781 -0.369
301.784 -0.37
301.788 -0.371
301.791 -0.372
301.795 -0.373
301.799 -0.374
301.802 -0.375
301.806 -0.376
301.81 -0.377
301.814 -0.378
301.818 -0.379
301.822 -0.38
301.827 -0.381
301.831 -0.382
301.836 -0.383
301.84 -0.384
301.845 -0.385
301.849 -0.386
301.854 -0.387
301.859 -0.388
301.864 -0.389
301.869 -0.39
301.875 -0.391
301.88 -0.392
301.885 -0.393
301.891 -0.394
301.897 -0.395
301.902 -0.396
301.908 -0.397
301.914 -0.398
301.921 -0.399
301.927 -0.4
301.933 -0.401
301.94 -0.402
301.947 -0.403
301.953 -0.404
301.96 -0.405
301.967 -0.406
301.975 -0.407
301.982 -0.408
301.99 -0.409
301.997 -0.41
302.005 -0.411
302.013 -0.412
302.021 -0.413
302.03 -0.414
302.038 -0.415
302.047 -0.416
302.055 -0.417
302.064 -0.418
302.073 -0.419
302.083 -0.42
302.092 -0.421
302.102 -0.422
302.112 -0.423
302.122 -0.424
302.132 -0.425
302.142 -0.426
302.153 -0.427
302.164 -0.428
302.174 -0.429
302.186 -0.43
302.197 -0.431
302.208 -0.432
302.22 -0.433
302.232 -0.434
302.244 -0.435
302.256 -0.436
302.269 -0.437
302.282 -0.438
302.295 -0.439
302.308 -0.44
302.321 -0.441
302.335 -0.442
302.349 -0.443
302.363 -0.444
302.377 -0.445
302.392 -0.446
302.406 -0.447
302.421 -0.448
302.437 -0.449
302.452 -0.45
302.468 -0.451
302.484 -0.452
302.5 -0.453
302.516 -0.454
302.533 -0.455
302.55 -0.456
302.567 -0.457
302.585 -0.458
302.602 -0.459
302.62 -0.46
302.638 -0.461
302.657 -0.462
302.676 -0.463
302.695 -0.464
302.714 -0.465
302.734 -0.466
302.753 -0.467
302.774 -0.468
302.794 -0.469
302.815 -0.47
302.836 -0.471
302.857 -0.472
302.878 -0.473
302.9 -0.474
302.922 -0.475
302.945 -0.476
302.968 -0.477
302.991 -0.478
303.014 -0.479
303.038 -0.48
303.062 -0.481
303.086 -0.482
303.11 -0.483
303.135 -0.484
303.16 -0.485
303.186 -0.486
303.212 -0.487
303.238 -0.488
303.265 -0.489
303.291 -0.49
303.319 -0.491
303.346 -0.492
303.374 -0.493
303.402 -0.494
303.43 -0.495
303.459 -0.496
303.488 -0.497
303.518 -0.498
303.548 -0.499
303.578 -0.5
303.609 -0.501
303.64 -0.502
303.671 -0.503
303.703 -0.504
303.735 -0.505
303.767 -0.506
303.8 -0.507
303.833 -0.508
303.866 -0.509
303.9 -0.51
303.934 -0.511
303.969 -0.512
304.004 -0.513
304.039 -0.514
304.075 -0.515
304.111 -0.516
304.148 -0.517
304.185 -0.518
304.222 -0.519
304.26 -0.52
304.298 -0.521
304.336 -0.522
304.375 -0.523
304.415 -0.524
304.454 -0.525
304.494 -0.526
304.535 -0.527
304.576 -0.528
304.617 -0.529
304.659 -0.53
304.701 -0.531
304.744 -0.532
304.787 -0.533
304.83 -0.534
304.874 -0.535
304.918 -0.536
304.963 -0.537
305.008 -0.538
305.054 -0.539
305.1 -0.54
305.147 -0.541
305.194 -0.542
305.241 -0.543
305.289 -0.544
305.337 -0.545
305.386 -0.546
305.435 -0.547
305.485 -0.548
305.535 -0.549
305.586 -0.55
305.637 -0.551
305.688 -0.552
305.74 -0.553
305.793 -0.554
305.846 -0.555
305.899 -0.556
305.953 -0.557
306.007 -0.558
306.062 -0.559
306.118 -0.56
306.174 -0.561
306.23 -0.562
306.287 -0.563
306.344 -0.564
306.402 -0.565
306.46 -0.566
306.519 -0.567
306.578 -0.568
306.638 -0.569
306.699 -0.57
306.76 -0.571
306.821 -0.572
306.883 -0.573
306.945 -0.574
307.008 -0.575
307.072 -0.576
307.136 -0.577
307.2 -0.578
307.265 -0.579
307.331 -0.58
307.397 -0.581
307.463 -0.582
307.531 -0.583
307.598 -0.584
307.667 -0.585
307.735 -0.586
307.805 -0.587
307.875 -0.588
307.945 -0.589
308.016 -0.59
308.088 -0.591
308.16 -0.592
308.232 -0.593
308.306 -0.594
308.379 -0.595
308.454 -0.596
308.529 -0.597
308.604 -0.598
308.68 -0.599
308.757 -0.6
308.834 -0.601
308.912 -0.602
308.991 -0.603
309.07 -0.604
309.149 -0.605
309.229 -0.606
309.31 -0.607
309.392 -0.608
309.474 -0.609
309.556 -0.61
309.639 -0.611
309.723 -0.612
309.807 -0.613
309.892 -0.614
309.978 -0.615
310.064 -0.616
310.151 -0.617
310.239 -0.618
310.327 -0.619
310.415 -0.62
310.505 -0.621
310.595 -0.622
310.685 -0.623
310.776 -0.624
310.868 -0.625
310.961 -0.626
311.054 -0.627
311.148 -0.628
311.242 -0.629
311.337 -0.63
311.433 -0.631
311.529 -0.632
311.626 -0.633
311.724 -0.634
311.822 -0.635
311.921 -0.636
312.021 -0.637
312.121 -0.638
312.222 -0.639
312.324 -0.64
312.426 -0.641
312.529 -0.642
312.633 -0.643
312.737 -0.644
312.842 -0.645
312.948 -0.646
313.054 -0.647
313.161 -0.648
313.269 -0.649
313.377 -0.65
313.486 -0.651
313.596 -0.652
313.707 -0.653
313.818 -0.654
313.93 -0.655
314.042 -0.656
314.156 -0.657
314.27 -0.658
314.384 -0.659
314.5 -0.66
314.616 -0.661
314.733 -0.662
314.851 -0.663
314.969 -0.664
315.088 -0.665
315.208 -0.666
315.328 -0.667
315.45 -0.668
315.572 -0.669
315.694 -0.67
315.818 -0.671
315.942 -0.672
316.067 -0.673
316.193 -0.674
316.319 -0.675
316.446 -0.676
316.574 -0.677
316.703 -0.678
316.832 -0.679
316.963 -0.68
317.094 -0.681
317.225 -0.682
317.358 -0.683
317.491 -0.684
317.625 -0.685
317.76 -0.686
317.895 -0.687
318.032 -0.688
318.169 -0.689
318.307 -0.69
318.446 -0.691
318.585 -0.692
318.725 -0.693
318.867 -0.694
319.008 -0.695
319.151 -0.696
319.295 -0.697
319.439 -0.698
319.584 -0.699
319.73 -0.7
319.876 -0.701
320.024 -0.702
320.172 -0.703
320.321 -0.704
320.471 -0.705
320.622 -0.706
320.774 -0.707
320.926 -0.708
321.079 -0.709
321.233 -0.71
321.388 -0.711
321.544 -0.712
321.7 -0.713
321.858 -0.714
322.016 -0.715
322.175 -0.716
322.335 -0.717
322.496 -0.718
322.657 -0.719
322.82 -0.72
322.983 -0.721
323.147 -0.722
323.312 -0.723
323.478 -0.724
323.645 -0.725
323.812 -0.726
323.981 -0.727
324.15 -0.728
324.32 -0.729
324.491 -0.73
324.663 -0.731
324.836 -0.732
325.01 -0.733
325.184 -0.734
325.36 -0.735
325.536 -0.736
325.713 -0.737
325.892 -0.738
326.071 -0.739
326.25 -0.74
326.431 -0.741
326.613 -0.742
326.796 -0.743
326.979 -0.744
327.164 -0.745
327.349 -0.746
327.535 -0.747
327.722 -0.748
327.911 -0.749
328.1 -0.75
328.29 -0.751
328.48 -0.752
328.672 -0.753
328.865 -0.754
329.059 -0.755
329.253 -0.756
329.449 -0.757
329.645 -0.758
329.843 -0.759
330.041 -0.76
330.24 -0.761
330.441 -0.762
330.642 -0.763
330.844 -0.764
331.047 -0.765
331.251 -0.766
331.456 -0.767
331.662 -0.768
331.869 -0.769
332.077 -0.77
332.286 -0.771
332.495 -0.772
332.706 -0.773
332.918 -0.774
333.131 -0.775
333.345 -0.776
333.559 -0.777
333.775 -0.778
333.992 -0.779
334.209 -0.78
334.428 -0.781
334.648 -0.782
334.868 -0.783
335.09 -0.784
335.312 -0.785
335.536 -0.786
335.761 -0.787
335.986 -0.788
336.213 -0.789
336.441 -0.79
336.669 -0.791
336.899 -0.792
337.13 -0.793
337.361 -0.794
337.594 -0.795
337.828 -0.796
338.063 -0.797
338.299 -0.798
338.535 -0.799
338.773 -0.8
339.012 -0.801
339.252 -0.802
339.493 -0.803
339.735 -0.804
339.978 -0.805
340.223 -0.806
340.468 -0.807
340.714 -0.808
340.961 -0.809
341.21 -0.81
341.459 -0.811
341.709 -0.812
341.961 -0.813
342.214 -0.814
342.467 -0.815
342.722 -0.816
342.978 -0.817
343.235 -0.818
343.493 -0.819
343.752 -0.82
344.012 -0.821
344.273 -0.822
344.535 -0.823
344.798 -0.824
345.063 -0.825
345.328 -0.826
345.595 -0.827
345.863 -0.828
346.131 -0.829
346.401 -0.83
346.672 -0.831
346.944 -0.832
347.218 -0.833
347.492 -0.834
347.767 -0.835
348.044 -0.836
348.322 -0.837
348.6 -0.838
348.88 -0.839
349.161 -0.84
349.444 -0.841
349.727 -0.842
350.011 -0.843
350.297 -0.844
350.584 -0.845
350.871 -0.846
351.16 -0.847
351.45 -0.848
351.742 -0.849
352.034 -0.85
352.328 -0.851
352.622 -0.852
352.918 -0.853
353.215 -0.854
353.513 -0.855
353.813 -0.856
354.113 -0.857
354.415 -0.858
354.718 -0.859
355.022 -0.86
355.327 -0.861
355.633 -0.862
355.941 -0.863
356.25 -0.864
356.56 -0.865
356.871 -0.866
357.183 -0.867
357.496 -0.868
357.811 -0.869
358.127 -0.87
358.444 -0.871
358.762 -0.872
359.082 -0.873
359.402 -0.874
359.724 -0.875
360.047 -0.876
360.371 -0.877
360.696 -0.878
361.022 -0.879
361.35 -0.88
361.679 -0.881
362.009 -0.882
362.341 -0.883
362.673 -0.884
363.007 -0.885
363.342 -0.886
363.678 -0.887
364.016 -0.888
364.355 -0.889
364.694 -0.89
365.036 -0.891
365.378 -0.892
365.722 -0.893
366.067 -0.894
366.413 -0.895
366.76 -0.896
367.109 -0.897
367.459 -0.898
367.81 -0.899
368.162 -0.9
368.516 -0.901
368.871 -0.902
369.227 -0.903
369.585 -0.904
369.943 -0.905
370.303 -0.906
370.664 -0.907
371.026 -0.908
371.39 -0.909
371.755 -0.91
372.121 -0.911
372.488 -0.912
372.857 -0.913
373.227 -0.914
373.598 -0.915
373.971 -0.916
374.344 -0.917
374.719 -0.918
375.095 -0.919
375.473 -0.92
375.852 -0.921
376.232 -0.922
376.613 -0.923
376.996 -0.924
377.38 -0.925
377.765 -0.926
378.152 -0.927
378.539 -0.928
378.929 -0.929
379.319 -0.93
379.711 -0.931
380.104 -0.932
380.498 -0.933
380.894 -0.934
381.291 -0.935
381.689 -0.936
382.089 -0.937
382.49 -0.938
382.892 -0.939
383.296 -0.94
383.7 -0.941
384.107 -0.942
384.514 -0.943
384.923 -0.944
385.333 -0.945
385.744 -0.946
386.157 -0.947
386.571 -0.948
386.986 -0.949
387.403 -0.95
387.821 -0.951
388.241 -0.952
388.662 -0.953
389.084 -0.954
389.508 -0.955
389.932 -0.956
390.359 -0.957
390.786 -0.958
391.215 -0.959
391.645 -0.96
392.076 -0.961
392.509 -0.962
392.944 -0.963
393.379 -0.964
393.816 -0.965
394.255 -0.966
394.694 -0.967
395.136 -0.968
395.578 -0.969
396.022 -0.97
396.467 -0.971
396.914 -0.972
397.361 -0.973
397.811 -0.974
398.261 -0.975
398.713 -0.976
399.167 -0.977
399.622 -0.978
400.078 -0.979
400.536 -0.98
400.995 -0.981
401.455 -0.982
401.917 -0.983
402.38 -0.984
402.845 -0.985
403.311 -0.986
403.778 -0.987
404.247 -0.988
404.717 -0.989
405.189 -0.99
405.662 -0.991
406.136 -0.992
406.612 -0.993
407.09 -0.994
407.569 -0.995
408.049 -0.996
408.531 -0.997
409.014 -0.998
409.499 -0.999
409.985 -1
410.473 -1.001
410.962 -1.002
411.452 -1.003
411.944 -1.004
412.437 -1.005
412.932 -1.006
413.428 -1.007
413.926 -1.008
414.425 -1.009
414.926 -1.01
415.428 -1.011
415.931 -1.012
416.436 -1.013
416.943 -1.014
417.451 -1.015
417.96 -1.016
418.471 -1.017
418.983 -1.018
419.497 -1.019
420.012 -1.02
420.528 -1.021
421.047 -1.022
421.566 -1.023
422.087 -1.024
422.609 -1.025
423.133 -1.026
423.659 -1.027
424.186 -1.028
424.714 -1.029
425.244 -1.03
425.776 -1.031
426.309 -1.032
426.843 -1.033
427.379 -1.034
427.917 -1.035
428.456 -1.036
428.996 -1.037
429.539 -1.038
430.082 -1.039
430.627 -1.04
431.174 -1.041
431.722 -1.042
432.271 -1.043
432.822 -1.044
433.375 -1.045
433.929 -1.046
434.484 -1.047
435.041 -1.048
435.6 -1.049
436.16 -1.05
436.722 -1.051
437.285 -1.052
437.849 -1.053
438.415 -1.054
438.983 -1.055
439.552 -1.056
440.123 -1.057
440.695 -1.058
441.269 -1.059
441.844 -1.06
442.421 -1.061
442.999 -1.062
443.579 -1.063
444.16 -1.064
444.743 -1.065
445.327 -1.066
445.913 -1.067
446.5 -1.068
447.089 -1.069
447.68 -1.07
448.272 -1.071
448.866 -1.072
449.462 -1.073
450.059 -1.074
450.657 -1.075
451.257 -1.076
451.859 -1.077
452.462 -1.078
453.067 -1.079
453.673 -1.08
454.281 -1.081
454.891 -1.082
455.502 -1.083
456.115 -1.084
456.729 -1.085
457.345 -1.086
457.963 -1.087
458.582 -1.088
459.202 -1.089
459.824 -1.09
460.448 -1.091
461.074 -1.092
461.701 -1.093
462.33 -1.094
462.96 -1.095
463.592 -1.096
464.226 -1.097
464.861 -1.098
465.497 -1.099
466.136 -1.1
