7.81297 -0.001
15.607 -0.002
23.3831 -0.003
31.1406 -0.004
38.8792 -0.005
46.5986 -0.006
54.2986 -0.007
61.9789 -0.008
69.6391 -0.009
77.2789 -0.01
84.898 -0.011
92.4961 -0.012
100.073 -0.013
107.628 -0.014
115.16 -0.015
122.671 -0.016
130.158 -0.017
137.622 -0.018
145.062 -0.019
152.477 -0.02
159.868 -0.021
167.234 -0.022
174.574 -0.023
181.859 -0.024
188.551 -0.025
193.594 -0.026
197.469 -0.027
201.017 -0.028
203.97 -0.029
206.489 -0.03
208.968 -0.031
211.418 -0.032
213.84 -0.033
216.244 -0.034
218.634 -0.035
221.01 -0.036
223.374 -0.037
225.724 -0.038
228.06 -0.039
230.383 -0.04
232.692 -0.041
234.984 -0.042
237.263 -0.043
239.527 -0.044
241.777 -0.045
244.013 -0.046
246.237 -0.047
248.449 -0.048
250.649 -0.049
252.839 -0.05
255.018 -0.051
257.168 -0.052
259.177 -0.053
260.938 -0.054
262.243 -0.055
263.183 -0.056
264.112 -0.057
265.03 -0.058
265.941 -0.059
266.845 -0.06
267.744 -0.061
268.64 -0.062
269.529 -0.063
270.405 -0.064
271.254 -0.065
272.053 -0.066
272.807 -0.067
273.47 -0.068
274.061 -0.069
274.482 -0.07
274.735 -0.071
274.962 -0.072
275.183 -0.073
275.394 -0.074
275.599 -0.075
275.797 -0.076
275.99 -0.077
276.177 -0.078
276.36 -0.079
276.54 -0.08
276.714 -0.081
276.884 -0.082
277.052 -0.083
277.217 -0.084
277.379 -0.085
277.537 -0.086
277.694 -0.087
277.847 -0.088
277.998 -0.089
278.146 -0.09
278.292 -0.091
278.435 -0.092
278.575 -0.093
278.712 -0.094
278.847 -0.095
278.979 -0.096
279.109 -0.097
279.236 -0.098
279.359 -0.099
279.481 -0.1
279.6 -0.101
279.716 -0.102
279.83 -0.103
279.942 -0.104
280.052 -0.105
280.159 -0.106
280.264 -0.107
280.367 -0.108
280.468 -0.109
280.567 -0.11
280.664 -0.111
280.759 -0.112
280.853 -0.113
280.945 -0.114
281.035 -0.115
281.124 -0.116
281.211 -0.117
281.297 -0.118
281.381 -0.119
281.464 -0.12
281.546 -0.121
281.626 -0.122
281.706 -0.123
281.784 -0.124
281.861 -0.125
281.937 -0.126
282.012 -0.127
282.085 -0.128
282.158 -0.129
282.231 -0.13
282.302 -0.131
282.372 -0.132
282.441 -0.133
282.51 -0.134
282.577 -0.135
282.644 -0.136
282.711 -0.137
282.776 -0.138
282.841 -0.139
282.905 -0.14
282.968 -0.141
283.031 -0.142
283.093 -0.143
283.155 -0.144
283.216 -0.145
283.277 -0.146
283.337 -0.147
283.396 -0.148
283.455 -0.149
283.513 -0.15
283.57 -0.151
283.627 -0.152
283.684 -0.153
283.74 -0.154
283.795 -0.155
283.85 -0.156
283.905 -0.157
283.959 -0.158
284.012 -0.159
284.065 -0.16
284.117 -0.161
284.169 -0.162
284.22 -0.163
284.271 -0.164
284.321 -0.165
284.37 -0.166
284.419 -0.167
284.468 -0.168
284.516 -0.169
284.564 -0.17
284.611 -0.171
284.658 -0.172
284.704 -0.173
284.75 -0.174
284.795 -0.175
284.839 -0.176
284.884 -0.177
284.928 -0.178
284.971 -0.179
285.014 -0.18
285.056 -0.181
285.098 -0.182
285.14 -0.183
285.181 -0.184
285.222 -0.185
285.262 -0.186
285.302 -0.187
285.342 -0.188
285.381 -0.189
285.419 -0.19
285.458 -0.191
285.496 -0.192
285.533 -0.193
285.57 -0.194
285.607 -0.195
285.643 -0.196
285.679 -0.197
285.715 -0.198
285.751 -0.199
285.786 -0.2
285.82 -0.201
285.855 -0.202
285.888 -0.203
285.922 -0.204
285.955 -0.205
285.988 -0.206
286.021 -0.207
286.053 -0.208
286.085 -0.209
286.117 -0.21
286.148 -0.211
286.179 -0.212
286.21 -0.213
286.24 -0.214
286.27 -0.215
286.3 -0.216
286.329 -0.217
286.359 -0.218
286.387 -0.219
286.416 -0.22
286.444 -0.221
286.472 -0.222
286.5 -0.223
286.527 -0.224
286.554 -0.225
286.581 -0.226
286.608 -0.227
286.634 -0.228
286.66 -0.229
286.686 -0.23
286.712 -0.231
286.737 -0.232
286.762 -0.233
286.787 -0.234
286.811 -0.235
286.836 -0.236
286.86 -0.237
286.884 -0.238
286.907 -0.239
286.931 -0.24
286.954 -0.241
286.977 -0.242
287 -0.243
287.023 -0.244
287.045 -0.245
287.068 -0.246
287.09 -0.247
287.112 -0.248
287.134 -0.249
287.155 -0.25
287.177 -0.251
287.198 -0.252
287.219 -0.253
287.24 -0.254
287.26 -0.255
287.281 -0.256
287.301 -0.257
287.321 -0.258
287.341 -0.259
287.361 -0.26
287.381 -0.261
287.401 -0.262
287.42 -0.263
287.439 -0.264
287.458 -0.265
287.477 -0.266
287.496 -0.267
287.515 -0.268
287.533 -0.269
287.552 -0.27
287.57 -0.271
287.588 -0.272
287.606 -0.273
287.624 -0.274
287.642 -0.275
287.66 -0.276
287.677 -0.277
287.695 -0.278
287.712 -0.279
287.729 -0.28
287.746 -0.281
287.763 -0.282
287.78 -0.283
287.797 -0.284
287.814 -0.285
287.831 -0.286
287.847 -0.287
287.864 -0.288
287.88 -0.289
287.896 -0.29
287.913 -0.291
287.929 -0.292
287.945 -0.293
287.961 -0.294
287.977 -0.295
287.993 -0.296
288.009 -0.297
288.025 -0.298
288.041 -0.299
288.056 -0.3
288.072 -0.301
288.088 -0.302
288.104 -0.303
288.119 -0.304
288.135 -0.305
288.15 -0.306
288.166 -0.307
288.181 -0.308
288.197 -0.309
288.212 -0.31
288.227 -0.311
288.243 -0.312
288.258 -0.313
288.274 -0.314
288.289 -0.315
288.304 -0.316
288.319 -0.317
288.335 -0.318
288.35 -0.319
288.365 -0.32
288.381 -0.321
288.396 -0.322
288.411 -0.323
288.426 -0.324
288.442 -0.325
288.457 -0.326
288.472 -0.327
288.488 -0.328
288.503 -0.329
288.518 -0.33
288.534 -0.331
288.549 -0.332
288.564 -0.333
288.58 -0.334
288.595 -0.335
288.611 -0.336
288.626 -0.337
288.642 -0.338
288.658 -0.339
288.673 -0.34
288.689 -0.341
288.705 -0.342
288.72 -0.343
288.736 -0.344
288.752 -0.345
288.768 -0.346
288.784 -0.347
288.8 -0.348
288.816 -0.349
288.832 -0.35
288.848 -0.351
288.865 -0.352
288.881 -0.353
288.897 -0.354
288.914 -0.355
288.93 -0.356
288.947 -0.357
288.963 -0.358
288.98 -0.359
288.997 -0.36
289.014 -0.361
289.031 -0.362
289.047 -0.363
289.065 -0.364
289.082 -0.365
289.099 -0.366
289.116 -0.367
289.134 -0.368
289.151 -0.369
289.169 -0.37
289.187 -0.371
289.204 -0.372
289.222 -0.373
289.24 -0.374
289.258 -0.375
289.277 -0.376
289.295 -0.377
289.313 -0.378
289.332 -0.379
289.351 -0.38
289.369 -0.381
289.388 -0.382
289.407 -0.383
289.426 -0.384
289.445 -0.385
289.465 -0.386
289.484 -0.387
289.504 -0.388
289.524 -0.389
289.543 -0.39
289.563 -0.391
289.583 -0.392
289.604 -0.393
289.624 -0.394
289.644 -0.395
289.665 -0.396
289.686 -0.397
289.707 -0.398
289.728 -0.399
289.749 -0.4
289.77 -0.401
289.791 -0.402
289.813 -0.403
289.835 -0.404
289.856 -0.405
289.878 -0.406
289.901 -0.407
289.923 -0.408
289.945 -0.409
289.968 -0.41
289.991 -0.411
290.014 -0.412
290.037 -0.413
290.06 -0.414
290.083 -0.415
290.107 -0.416
290.131 -0.417
290.154 -0.418
290.178 -0.419
290.203 -0.42
290.227 -0.421
290.252 -0.422
290.276 -0.423
290.301 -0.424
290.326 -0.425
290.352 -0.426
290.377 -0.427
290.403 -0.428
290.428 -0.429
290.454 -0.43
290.481 -0.431
290.507 -0.432
290.534 -0.433
290.56 -0.434
290.587 -0.435
290.614 -0.436
290.642 -0.437
290.669 -0.438
290.697 -0.439
290.725 -0.44
290.753 -0.441
290.781 -0.442
290.81 -0.443
290.839 -0.444
290.868 -0.445
290.897 -0.446
290.926 -0.447
290.956 -0.448
290.986 -0.449
291.016 -0.45
291.046 -0.451
291.077 -0.452
291.107 -0.453
291.138 -0.454
291.17 -0.455
291.201 -0.456
291.233 -0.457
291.264 -0.458
291.296 -0.459
291.329 -0.46
291.361 -0.461
291.394 -0.462
291.427 -0.463
291.46 -0.464
291.494 -0.465
291.528 -0.466
291.562 -0.467
291.596 -0.468
291.63 -0.469
291.665 -0.47
291.7 -0.471
291.735 -0.472
291.77 -0.473
291.806 -0.474
291.842 -0.475
291.878 -0.476
291.914 -0.477
291.951 -0.478
291.988 -0.479
292.025 -0.48
292.063 -0.481
292.1 -0.482
292.138 -0.483
292.177 -0.484
292.215 -0.485
292.254 -0.486
292.293 -0.487
292.332 -0.488
292.372 -0.489
292.412 -0.49
292.452 -0.491
292.493 -0.492
292.533 -0.493
292.574 -0.494
292.616 -0.495
292.657 -0.496
292.699 -0.497
292.741 -0.498
292.784 -0.499
292.827 -0.5
292.87 -0.501
292.913 -0.502
292.957 -0.503
293.001 -0.504
293.045 -0.505
293.09 -0.506
293.134 -0.507
293.18 -0.508
293.225 -0.509
293.271 -0.51
293.317 -0.511
293.363 -0.512
293.41 -0.513
293.457 -0.514
293.505 -0.515
293.552 -0.516
293.6 -0.517
293.649 -0.518
293.697 -0.519
293.746 -0.52
293.796 -0.521
293.845 -0.522
293.895 -0.523
293.945 -0.524
293.996 -0.525
294.047 -0.526
294.098 -0.527
294.15 -0.528
294.202 -0.529
294.254 -0.53
294.307 -0.531
294.36 -0.532
294.413 -0.533
294.467 -0.534
294.521 -0.535
294.575 -0.536
294.63 -0.537
294.685 -0.538
294.741 -0.539
294.796 -0.54
294.853 -0.541
294.909 -0.542
294.966 -0.543
295.023 -0.544
295.081 -0.545
295.139 -0.546
295.197 -0.547
295.256 -0.548
295.315 -0.549
295.374 -0.55
295.434 -0.551
295.494 -0.552
295.555 -0.553
295.616 -0.554
295.677 -0.555
295.739 -0.556
295.801 -0.557
295.863 -0.558
295.926 -0.559
295.99 -0.56
296.053 -0.561
296.117 -0.562
296.182 -0.563
296.246 -0.564
296.312 -0.565
296.377 -0.566
296.443 -0.567
296.51 -0.568
296.576 -0.569
296.644 -0.57
296.711 -0.571
296.779 -0.572
296.848 -0.573
296.916 -0.574
296.986 -0.575
297.055 -0.576
297.125 -0.577
297.196 -0.578
297.267 -0.579
297.338 -0.58
297.41 -0.581
297.482 -0.582
297.554 -0.583
297.627 -0.584
297.701 -0.585
297.774 -0.586
297.849 -0.587
297.923 -0.588
297.999 -0.589
298.074 -0.59
298.15 -0.591
298.227 -0.592
298.303 -0.593
298.381 -0.594
298.458 -0.595
298.536 -0.596
298.615 -0.597
298.693 -0.598
298.773 -0.599
298.853 -0.6
298.933 -0.601
299.013 -0.602
299.094 -0.603
299.176 -0.604
299.258 -0.605
299.341 -0.606
299.423 -0.607
299.507 -0.608
299.591 -0.609
299.675 -0.61
299.76 -0.611
299.845 -0.612
299.931 -0.613
300.017 -0.614
300.104 -0.615
300.191 -0.616
300.278 -0.617
300.366 -0.618
300.455 -0.619
300.544 -0.62
300.633 -0.621
300.723 -0.622
300.814 -0.623
300.905 -0.624
300.996 -0.625
301.088 -0.626
301.181 -0.627
301.274 -0.628
301.367 -0.629
301.461 -0.63
301.555 -0.631
301.65 -0.632
301.745 -0.633
301.841 -0.634
301.938 -0.635
302.035 -0.636
302.132 -0.637
302.23 -0.638
302.328 -0.639
302.427 -0.64
302.527 -0.641
302.627 -0.642
302.727 -0.643
302.828 -0.644
302.93 -0.645
303.032 -0.646
303.134 -0.647
303.237 -0.648
303.341 -0.649
303.445 -0.65
303.55 -0.651
303.655 -0.652
303.76 -0.653
303.867 -0.654
303.973 -0.655
304.081 -0.656
304.189 -0.657
304.297 -0.658
304.406 -0.659
304.515 -0.66
304.625 -0.661
304.736 -0.662
304.847 -0.663
304.959 -0.664
305.071 -0.665
305.184 -0.666
305.297 -0.667
305.411 -0.668
305.525 -0.669
305.64 -0.67
305.756 -0.671
305.872 -0.672
305.988 -0.673
306.106 -0.674
306.223 -0.675
306.342 -0.676
306.461 -0.677
306.58 -0.678
306.7 -0.679
306.821 -0.68
306.942 -0.681
307.064 -0.682
307.186 -0.683
307.309 -0.684
307.432 -0.685
307.556 -0.686
307.681 -0.687
307.806 -0.688
307.932 -0.689
308.059 -0.69
308.186 -0.691
308.313 -0.692
308.442 -0.693
308.57 -0.694
308.7 -0.695
308.83 -0.696
308.96 -0.697
309.092 -0.698
309.223 -0.699
309.356 -0.7
309.489 -0.701
309.622 -0.702
309.757 -0.703
309.891 -0.704
310.027 -0.705
310.163 -0.706
310.3 -0.707
310.437 -0.708
310.575 -0.709
310.713 -0.71
310.852 -0.711
310.992 -0.712
311.133 -0.713
311.274 -0.714
311.415 -0.715
311.557 -0.716
311.7 -0.717
311.844 -0.718
311.988 -0.719
312.133 -0.72
312.278 -0.721
312.424 -0.722
312.571 -0.723
312.718 -0.724
312.866 -0.725
313.015 -0.726
313.164 -0.727
313.315 -0.728
313.465 -0.729
313.617 -0.73
313.769 -0.731
313.921 -0.732
314.075 -0.733
314.229 -0.734
314.383 -0.735
314.539 -0.736
314.694 -0.737
314.851 -0.738
315.008 -0.739
315.166 -0.74
315.325 -0.741
315.485 -0.742
315.645 -0.743
315.806 -0.744
315.967 -0.745
316.13 -0.746
316.293 -0.747
316.457 -0.748
316.621 -0.749
316.787 -0.75
316.953 -0.751
317.119 -0.752
317.287 -0.753
317.455 -0.754
317.624 -0.755
317.794 -0.756
317.965 -0.757
318.136 -0.758
318.308 -0.759
318.481 -0.76
318.655 -0.761
318.829 -0.762
319.004 -0.763
319.181 -0.764
319.358 -0.765
319.535 -0.766
319.714 -0.767
319.893 -0.768
320.073 -0.769
320.254 -0.77
320.436 -0.771
320.618 -0.772
320.801 -0.773
320.985 -0.774
321.17 -0.775
321.356 -0.776
321.542 -0.777
321.73 -0.778
321.918 -0.779
322.106 -0.78
322.296 -0.781
322.487 -0.782
322.678 -0.783
322.871 -0.784
323.064 -0.785
323.257 -0.786
323.452 -0.787
323.648 -0.788
323.844 -0.789
324.041 -0.79
324.239 -0.791
324.438 -0.792
324.638 -0.793
324.838 -0.794
325.04 -0.795
325.242 -0.796
325.445 -0.797
325.648 -0.798
325.853 -0.799
326.058 -0.8
