13.2095 -0.001
26.4003 -0.002
39.5722 -0.003
52.7251 -0.004
65.8587 -0.005
78.973 -0.006
92.0678 -0.007
105.143 -0.008
118.198 -0.009
131.234 -0.01
144.249 -0.011
157.244 -0.012
170.218 -0.013
183.171 -0.014
196.104 -0.015
209.016 -0.016
221.906 -0.017
234.775 -0.018
247.622 -0.019
260.447 -0.02
273.25 -0.021
286.031 -0.022
298.789 -0.023
311.525 -0.024
324.237 -0.025
336.926 -0.026
349.528 -0.027
361.403 -0.028
371.628 -0.029
380.863 -0.03
389.952 -0.031
398.014 -0.032
403.81 -0.033
408.944 -0.034
414.043 -0.035
419.089 -0.036
424.101 -0.037
429.092 -0.038
434.081 -0.039
439.074 -0.04
444.059 -0.041
449.003 -0.042
453.824 -0.043
458.496 -0.044
462.883 -0.045
467.07 -0.046
470.748 -0.047
474.05 -0.048
477.343 -0.049
480.625 -0.05
483.895 -0.051
487.147 -0.052
490.374 -0.053
493.581 -0.054
496.76 -0.055
499.916 -0.056
503.049 -0.057
506.154 -0.058
509.234 -0.059
512.291 -0.06
515.326 -0.061
518.347 -0.062
521.354 -0.063
524.344 -0.064
527.296 -0.065
530.179 -0.066
532.92 -0.067
535.511 -0.068
537.889 -0.069
540.001 -0.07
541.913 -0.071
543.514 -0.072
544.659 -0.073
545.431 -0.074
546.143 -0.075
546.821 -0.076
547.473 -0.077
548.107 -0.078
548.727 -0.079
549.334 -0.08
549.932 -0.081
550.522 -0.082
551.102 -0.083
551.675 -0.084
552.237 -0.085
552.789 -0.086
553.33 -0.087
553.856 -0.088
554.368 -0.089
554.868 -0.09
555.354 -0.091
555.824 -0.092
556.281 -0.093
556.723 -0.094
557.153 -0.095
557.572 -0.096
557.976 -0.097
558.367 -0.098
558.746 -0.099
559.114 -0.1
559.475 -0.101
559.823 -0.102
560.165 -0.103
560.499 -0.104
560.823 -0.105
561.139 -0.106
561.449 -0.107
561.755 -0.108
562.055 -0.109
562.35 -0.11
562.641 -0.111
562.929 -0.112
563.213 -0.113
563.491 -0.114
563.767 -0.115
564.038 -0.116
564.307 -0.117
564.574 -0.118
564.832 -0.119
565.088 -0.12
565.341 -0.121
565.592 -0.122
565.841 -0.123
566.086 -0.124
566.327 -0.125
566.565 -0.126
566.8 -0.127
567.033 -0.128
567.264 -0.129
567.493 -0.13
567.717 -0.131
567.938 -0.132
568.157 -0.133
568.375 -0.134
568.59 -0.135
568.804 -0.136
569.016 -0.137
569.224 -0.138
569.425 -0.139
569.621 -0.14
569.816 -0.141
570.008 -0.142
570.198 -0.143
570.387 -0.144
570.573 -0.145
570.754 -0.146
570.932 -0.147
571.109 -0.148
571.283 -0.149
571.456 -0.15
571.626 -0.151
571.792 -0.152
571.954 -0.153
572.113 -0.154
572.271 -0.155
572.426 -0.156
572.578 -0.157
572.729 -0.158
572.879 -0.159
573.023 -0.16
573.165 -0.161
573.306 -0.162
573.445 -0.163
573.583 -0.164
573.719 -0.165
573.852 -0.166
573.984 -0.167
574.115 -0.168
574.245 -0.169
574.373 -0.17
574.5 -0.171
574.626 -0.172
574.751 -0.173
574.874 -0.174
574.995 -0.175
575.115 -0.176
575.233 -0.177
575.35 -0.178
575.464 -0.179
575.577 -0.18
575.689 -0.181
575.8 -0.182
575.909 -0.183
576.018 -0.184
576.126 -0.185
576.232 -0.186
576.337 -0.187
576.441 -0.188
576.543 -0.189
576.643 -0.19
576.742 -0.191
576.839 -0.192
576.935 -0.193
577.03 -0.194
577.124 -0.195
577.217 -0.196
577.309 -0.197
577.4 -0.198
577.49 -0.199
577.579 -0.2
577.668 -0.201
577.755 -0.202
577.84 -0.203
577.924 -0.204
578.007 -0.205
578.089 -0.206
578.17 -0.207
578.25 -0.208
578.329 -0.209
578.408 -0.21
578.485 -0.211
578.561 -0.212
578.636 -0.213
578.71 -0.214
578.782 -0.215
578.852 -0.216
578.922 -0.217
578.99 -0.218
579.058 -0.219
579.124 -0.22
579.189 -0.221
579.254 -0.222
579.317 -0.223
579.38 -0.224
579.442 -0.225
579.502 -0.226
579.562 -0.227
579.621 -0.228
579.678 -0.229
579.735 -0.23
579.79 -0.231
579.845 -0.232
579.899 -0.233
579.952 -0.234
580.004 -0.235
580.055 -0.236
580.105 -0.237
580.154 -0.238
580.202 -0.239
580.249 -0.24
580.295 -0.241
580.339 -0.242
580.383 -0.243
580.425 -0.244
580.467 -0.245
580.508 -0.246
580.55 -0.247
580.59 -0.248
580.63 -0.249
580.668 -0.25
580.706 -0.251
580.743 -0.252
580.779 -0.253
580.814 -0.254
580.848 -0.255
580.881 -0.256
580.913 -0.257
580.943 -0.258
580.973 -0.259
581.001 -0.26
581.028 -0.261
581.054 -0.262
581.079 -0.263
581.103 -0.264
581.125 -0.265
581.147 -0.266
581.168 -0.267
581.19 -0.268
581.21 -0.269
581.229 -0.27
581.247 -0.271
581.262 -0.272
581.277 -0.273
581.291 -0.274
581.303 -0.275
581.314 -0.276
581.324 -0.277
581.333 -0.278
581.34 -0.279
581.344 -0.28
581.346 -0.281
581.345 -0.282
581.342 -0.283
581.34 -0.284
581.34 -0.285
581.339 -0.286
581.335 -0.287
581.33 -0.288
581.324 -0.289
581.316 -0.29
581.306 -0.291
581.293 -0.292
581.276 -0.293
581.264 -0.294
581.256 -0.295
581.248 -0.296
581.239 -0.297
581.23 -0.298
581.219 -0.299
581.209 -0.3
581.2 -0.301
581.191 -0.302
581.183 -0.303
581.179 -0.304
581.175 -0.305
581.171 -0.306
581.166 -0.307
581.16 -0.308
581.154 -0.309
581.148 -0.31
581.141 -0.311
581.133 -0.312
581.124 -0.313
581.117 -0.314
581.112 -0.315
581.106 -0.316
581.099 -0.317
581.092 -0.318
581.086 -0.319
581.08 -0.32
581.074 -0.321
581.068 -0.322
581.061 -0.323
581.054 -0.324
581.046 -0.325
581.037 -0.326
581.028 -0.327
581.018 -0.328
581.008 -0.329
580.997 -0.33
580.986 -0.331
580.974 -0.332
580.962 -0.333
580.949 -0.334
580.936 -0.335
580.921 -0.336
580.906 -0.337
580.892 -0.338
580.879 -0.339
580.865 -0.34
580.851 -0.341
580.836 -0.342
580.821 -0.343
580.805 -0.344
580.788 -0.345
580.771 -0.346
580.753 -0.347
580.735 -0.348
580.716 -0.349
580.696 -0.35
580.676 -0.351
580.655 -0.352
580.634 -0.353
580.614 -0.354
580.596 -0.355
580.578 -0.356
580.558 -0.357
580.538 -0.358
580.517 -0.359
580.496 -0.36
580.474 -0.361
580.451 -0.362
580.428 -0.363
580.404 -0.364
580.38 -0.365
580.356 -0.366
580.33 -0.367
580.305 -0.368
580.282 -0.369
580.258 -0.37
580.234 -0.371
580.209 -0.372
580.184 -0.373
580.157 -0.374
580.131 -0.375
580.103 -0.376
580.074 -0.377
580.044 -0.378
580.014 -0.379
579.982 -0.38
579.95 -0.381
579.915 -0.382
579.88 -0.383
579.847 -0.384
579.812 -0.385
579.774 -0.386
579.734 -0.387
579.689 -0.388
579.637 -0.389
579.578 -0.39
579.509 -0.391
579.428 -0.392
579.333 -0.393
579.224 -0.394
579.138 -0.395
579.066 -0.396
578.996 -0.397
578.937 -0.398
578.867 -0.399
578.783 -0.4
578.7 -0.401
578.605 -0.402
578.498 -0.403
578.434 -0.404
578.375 -0.405
578.338 -0.406
578.312 -0.407
578.281 -0.408
578.251 -0.409
578.224 -0.41
578.193 -0.411
578.169 -0.412
578.153 -0.413
578.135 -0.414
578.113 -0.415
578.096 -0.416
578.074 -0.417
578.047 -0.418
578.012 -0.419
577.973 -0.42
577.934 -0.421
577.897 -0.422
577.858 -0.423
577.818 -0.424
577.776 -0.425
577.731 -0.426
577.684 -0.427
577.635 -0.428
577.584 -0.429
577.528 -0.43
577.468 -0.431
577.404 -0.432
577.339 -0.433
577.268 -0.434
577.19 -0.435
577.106 -0.436
577.015 -0.437
576.918 -0.438
576.815 -0.439
576.704 -0.44
576.589 -0.441
576.476 -0.442
576.359 -0.443
576.244 -0.444
576.124 -0.445
576.003 -0.446
575.894 -0.447
575.792 -0.448
575.71 -0.449
575.626 -0.45
575.543 -0.451
575.465 -0.452
575.397 -0.453
575.342 -0.454
575.292 -0.455
575.239 -0.456
575.184 -0.457
575.128 -0.458
575.084 -0.459
575.045 -0.46
575.012 -0.461
574.982 -0.462
574.95 -0.463
574.918 -0.464
574.895 -0.465
574.878 -0.466
574.866 -0.467
574.855 -0.468
574.847 -0.469
574.838 -0.47
574.831 -0.471
574.833 -0.472
574.841 -0.473
574.851 -0.474
574.863 -0.475
574.876 -0.476
574.888 -0.477
574.902 -0.478
574.923 -0.479
574.948 -0.48
574.972 -0.481
574.992 -0.482
575.005 -0.483
575.011 -0.484
575.012 -0.485
575.013 -0.486
575.014 -0.487
575.015 -0.488
575.016 -0.489
575.018 -0.49
575.02 -0.491
575.022 -0.492
575.025 -0.493
575.028 -0.494
575.032 -0.495
575.037 -0.496
575.041 -0.497
575.046 -0.498
575.051 -0.499
575.056 -0.5
575.062 -0.501
575.068 -0.502
575.075 -0.503
575.082 -0.504
575.089 -0.505
575.098 -0.506
575.106 -0.507
575.116 -0.508
575.125 -0.509
575.135 -0.51
575.146 -0.511
575.156 -0.512
575.168 -0.513
575.18 -0.514
575.192 -0.515
575.205 -0.516
575.219 -0.517
575.234 -0.518
575.249 -0.519
575.264 -0.52
575.28 -0.521
575.297 -0.522
575.314 -0.523
575.331 -0.524
575.348 -0.525
575.366 -0.526
575.384 -0.527
575.403 -0.528
575.422 -0.529
575.444 -0.53
575.466 -0.531
575.488 -0.532
575.512 -0.533
575.537 -0.534
575.563 -0.535
575.59 -0.536
575.617 -0.537
575.645 -0.538
575.675 -0.539
575.705 -0.54
575.736 -0.541
575.767 -0.542
575.801 -0.543
575.835 -0.544
575.869 -0.545
575.905 -0.546
575.942 -0.547
575.98 -0.548
576.018 -0.549
576.057 -0.55
576.098 -0.551
576.139 -0.552
576.181 -0.553
576.224 -0.554
576.267 -0.555
576.31 -0.556
576.354 -0.557
576.398 -0.558
576.443 -0.559
576.488 -0.56
576.534 -0.561
576.58 -0.562
576.627 -0.563
576.673 -0.564
576.721 -0.565
576.769 -0.566
576.817 -0.567
576.866 -0.568
576.916 -0.569
576.965 -0.57
577.016 -0.571
577.067 -0.572
577.12 -0.573
577.174 -0.574
577.229 -0.575
577.284 -0.576
577.341 -0.577
577.399 -0.578
577.458 -0.579
577.519 -0.58
577.58 -0.581
577.642 -0.582
577.706 -0.583
577.771 -0.584
577.837 -0.585
577.904 -0.586
577.971 -0.587
578.04 -0.588
578.109 -0.589
578.179 -0.59
578.25 -0.591
578.321 -0.592
578.394 -0.593
578.467 -0.594
578.541 -0.595
578.615 -0.596
578.691 -0.597
578.767 -0.598
578.844 -0.599
578.922 -0.6
579 -0.601
579.079 -0.602
579.159 -0.603
579.238 -0.604
579.319 -0.605
579.4 -0.606
579.482 -0.607
579.564 -0.608
579.647 -0.609
579.73 -0.61
579.814 -0.611
579.898 -0.612
579.983 -0.613
580.068 -0.614
580.154 -0.615
580.241 -0.616
580.328 -0.617
580.416 -0.618
580.505 -0.619
580.594 -0.62
580.684 -0.621
580.774 -0.622
580.866 -0.623
580.958 -0.624
581.05 -0.625
581.143 -0.626
581.237 -0.627
581.332 -0.628
581.427 -0.629
581.523 -0.63
581.62 -0.631
581.717 -0.632
581.815 -0.633
581.914 -0.634
582.013 -0.635
582.114 -0.636
582.215 -0.637
582.316 -0.638
582.419 -0.639
582.522 -0.64
582.626 -0.641
582.731 -0.642
582.836 -0.643
582.942 -0.644
583.049 -0.645
583.156 -0.646
583.264 -0.647
583.372 -0.648
583.481 -0.649
583.59 -0.65
583.701 -0.651
583.811 -0.652
583.923 -0.653
584.035 -0.654
584.147 -0.655
584.261 -0.656
584.374 -0.657
584.489 -0.658
584.604 -0.659
584.72 -0.66
584.836 -0.661
584.953 -0.662
585.07 -0.663
585.188 -0.664
585.307 -0.665
585.426 -0.666
585.546 -0.667
585.667 -0.668
585.788 -0.669
585.909 -0.67
586.031 -0.671
586.154 -0.672
586.277 -0.673
586.4 -0.674
586.524 -0.675
586.648 -0.676
586.773 -0.677
586.897 -0.678
587.021 -0.679
587.145 -0.68
587.267 -0.681
587.384 -0.682
587.484 -0.683
587.562 -0.684
587.617 -0.685
587.655 -0.686
587.689 -0.687
587.722 -0.688
587.754 -0.689
587.787 -0.69
587.818 -0.691
587.849 -0.692
587.879 -0.693
587.909 -0.694
587.938 -0.695
587.976 -0.696
588.025 -0.697
588.084 -0.698
588.144 -0.699
588.204 -0.7
588.263 -0.701
588.32 -0.702
588.377 -0.703
588.433 -0.704
588.487 -0.705
588.54 -0.706
588.591 -0.707
588.641 -0.708
588.689 -0.709
588.735 -0.71
588.782 -0.711
588.843 -0.712
588.913 -0.713
588.982 -0.714
589.049 -0.715
589.113 -0.716
589.173 -0.717
589.27 -0.718
589.465 -0.719
589.707 -0.72
589.967 -0.721
590.229 -0.722
590.491 -0.723
590.754 -0.724
591.019 -0.725
591.273 -0.726
591.492 -0.727
591.698 -0.728
591.904 -0.729
592.112 -0.73
592.32 -0.731
592.53 -0.732
592.74 -0.733
592.951 -0.734
593.163 -0.735
593.375 -0.736
593.589 -0.737
593.804 -0.738
594.019 -0.739
594.235 -0.74
594.452 -0.741
594.67 -0.742
594.888 -0.743
595.106 -0.744
595.326 -0.745
595.545 -0.746
595.765 -0.747
595.986 -0.748
596.207 -0.749
596.428 -0.75
596.649 -0.751
596.871 -0.752
597.094 -0.753
597.317 -0.754
597.54 -0.755
597.764 -0.756
597.988 -0.757
598.212 -0.758
598.43 -0.759
598.639 -0.76
598.839 -0.761
599.035 -0.762
599.231 -0.763
599.428 -0.764
599.626 -0.765
599.825 -0.766
600.025 -0.767
600.226 -0.768
600.428 -0.769
600.63 -0.77
600.834 -0.771
601.038 -0.772
601.243 -0.773
601.449 -0.774
601.656 -0.775
601.864 -0.776
602.073 -0.777
602.282 -0.778
602.493 -0.779
602.704 -0.78
602.917 -0.781
603.13 -0.782
603.344 -0.783
603.559 -0.784
603.775 -0.785
603.992 -0.786
604.21 -0.787
604.429 -0.788
604.648 -0.789
604.869 -0.79
605.091 -0.791
605.313 -0.792
605.537 -0.793
605.761 -0.794
605.986 -0.795
606.213 -0.796
606.44 -0.797
606.668 -0.798
606.897 -0.799
607.127 -0.8
607.358 -0.801
607.59 -0.802
607.823 -0.803
608.057 -0.804
608.292 -0.805
608.528 -0.806
608.765 -0.807
609.002 -0.808
609.241 -0.809
609.481 -0.81
609.721 -0.811
609.963 -0.812
610.205 -0.813
610.449 -0.814
610.693 -0.815
610.938 -0.816
611.185 -0.817
611.432 -0.818
611.68 -0.819
611.929 -0.82
612.179 -0.821
612.43 -0.822
612.682 -0.823
612.934 -0.824
613.188 -0.825
613.442 -0.826
613.699 -0.827
613.957 -0.828
614.216 -0.829
614.476 -0.83
614.737 -0.831
615 -0.832
615.263 -0.833
615.528 -0.834
615.793 -0.835
616.059 -0.836
616.327 -0.837
616.596 -0.838
616.865 -0.839
617.136 -0.84
617.408 -0.841
617.68 -0.842
617.956 -0.843
618.233 -0.844
618.51 -0.845
618.788 -0.846
619.065 -0.847
619.344 -0.848
619.624 -0.849
619.906 -0.85
620.189 -0.851
620.473 -0.852
620.758 -0.853
621.044 -0.854
621.331 -0.855
621.619 -0.856
621.909 -0.857
622.199 -0.858
622.491 -0.859
622.784 -0.86
623.078 -0.861
623.374 -0.862
623.67 -0.863
623.968 -0.864
624.267 -0.865
624.567 -0.866
624.868 -0.867
625.17 -0.868
625.474 -0.869
625.778 -0.87
626.084 -0.871
626.388 -0.872
626.694 -0.873
627.001 -0.874
627.309 -0.875
627.618 -0.876
627.929 -0.877
628.24 -0.878
628.553 -0.879
628.867 -0.88
629.181 -0.881
629.497 -0.882
629.815 -0.883
630.133 -0.884
630.452 -0.885
630.773 -0.886
631.095 -0.887
631.418 -0.888
631.742 -0.889
632.067 -0.89
632.394 -0.891
632.721 -0.892
633.05 -0.893
633.38 -0.894
633.712 -0.895
634.044 -0.896
634.378 -0.897
634.712 -0.898
635.047 -0.899
635.382 -0.9
635.717 -0.901
636.054 -0.902
636.392 -0.903
636.732 -0.904
637.072 -0.905
637.413 -0.906
637.756 -0.907
638.1 -0.908
638.445 -0.909
638.791 -0.91
639.139 -0.911
639.488 -0.912
639.838 -0.913
640.189 -0.914
640.541 -0.915
640.894 -0.916
641.249 -0.917
641.605 -0.918
641.962 -0.919
642.32 -0.92
642.679 -0.921
643.04 -0.922
643.402 -0.923
643.765 -0.924
644.129 -0.925
644.495 -0.926
644.861 -0.927
645.229 -0.928
645.598 -0.929
645.969 -0.93
646.339 -0.931
646.709 -0.932
647.081 -0.933
647.453 -0.934
647.827 -0.935
648.202 -0.936
648.579 -0.937
648.956 -0.938
649.335 -0.939
649.715 -0.94
650.096 -0.941
650.478 -0.942
650.862 -0.943
651.247 -0.944
651.633 -0.945
652.02 -0.946
652.409 -0.947
652.799 -0.948
653.19 -0.949
653.582 -0.95
653.976 -0.951
654.37 -0.952
654.766 -0.953
655.164 -0.954
655.562 -0.955
655.962 -0.956
656.364 -0.957
656.766 -0.958
657.17 -0.959
657.576 -0.96
657.982 -0.961
658.39 -0.962
658.799 -0.963
659.21 -0.964
659.621 -0.965
660.034 -0.966
660.447 -0.967
660.86 -0.968
661.275 -0.969
661.69 -0.97
662.107 -0.971
662.525 -0.972
662.945 -0.973
663.366 -0.974
663.788 -0.975
664.212 -0.976
664.636 -0.977
665.062 -0.978
665.49 -0.979
665.919 -0.98
666.348 -0.981
666.777 -0.982
667.207 -0.983
667.639 -0.984
668.072 -0.985
668.505 -0.986
668.94 -0.987
669.376 -0.988
669.812 -0.989
670.249 -0.99
670.685 -0.991
671.12 -0.992
671.553 -0.993
671.984 -0.994
672.414 -0.995
672.844 -0.996
673.272 -0.997
673.699 -0.998
674.125 -0.999
674.55 -1
