8.9402 -0.001
17.839 -0.002
26.6965 -0.003
35.5129 -0.004
44.2882 -0.005
53.0227 -0.006
61.7163 -0.007
70.3694 -0.008
78.9819 -0.009
87.5539 -0.01
96.0857 -0.011
104.577 -0.012
113.029 -0.013
121.44 -0.014
129.812 -0.015
138.144 -0.016
146.436 -0.017
154.689 -0.018
162.902 -0.019
171.076 -0.02
179.21 -0.021
187.305 -0.022
195.361 -0.023
203.377 -0.024
211.355 -0.025
219.294 -0.026
227.193 -0.027
235.054 -0.028
242.876 -0.029
250.659 -0.03
258.403 -0.031
266.108 -0.032
273.774 -0.033
281.401 -0.034
288.99 -0.035
296.501 -0.036
303.843 -0.037
310.96 -0.038
317.818 -0.039
324.381 -0.04
330.884 -0.041
337.349 -0.042
343.778 -0.043
350.168 -0.044
356.52 -0.045
362.833 -0.046
368.985 -0.047
374.658 -0.048
379.694 -0.049
383.853 -0.05
386.8 -0.051
389.608 -0.052
392.253 -0.053
394.727 -0.054
396.932 -0.055
398.817 -0.056
400.203 -0.057
401.36 -0.058
402.422 -0.059
403.367 -0.06
404.222 -0.061
405.053 -0.062
405.848 -0.063
406.584 -0.064
407.244 -0.065
407.803 -0.066
408.278 -0.067
408.686 -0.068
409.068 -0.069
409.43 -0.07
409.771 -0.071
410.076 -0.072
410.353 -0.073
410.585 -0.074
410.767 -0.075
410.901 -0.076
411.008 -0.077
411.09 -0.078
411.157 -0.079
411.209 -0.08
411.248 -0.081
411.273 -0.082
411.286 -0.083
411.268 -0.084
411.237 -0.085
411.196 -0.086
411.147 -0.087
411.09 -0.088
411.025 -0.089
410.953 -0.09
410.859 -0.091
410.754 -0.092
410.643 -0.093
410.526 -0.094
410.401 -0.095
410.258 -0.096
410.108 -0.097
409.952 -0.098
409.79 -0.099
409.622 -0.1
409.447 -0.101
409.266 -0.102
409.077 -0.103
408.882 -0.104
408.68 -0.105
408.473 -0.106
408.26 -0.107
408.044 -0.108
407.824 -0.109
407.601 -0.11
407.377 -0.111
407.15 -0.112
406.92 -0.113
406.688 -0.114
406.454 -0.115
406.218 -0.116
405.98 -0.117
405.741 -0.118
405.499 -0.119
405.256 -0.12
405.011 -0.121
404.766 -0.122
404.519 -0.123
404.271 -0.124
404.022 -0.125
403.773 -0.126
403.522 -0.127
403.271 -0.128
403.019 -0.129
402.767 -0.13
402.512 -0.131
402.256 -0.132
402 -0.133
401.744 -0.134
401.487 -0.135
401.23 -0.136
400.973 -0.137
400.715 -0.138
400.458 -0.139
400.2 -0.14
399.942 -0.141
399.684 -0.142
399.426 -0.143
399.168 -0.144
398.911 -0.145
398.653 -0.146
398.396 -0.147
398.137 -0.148
397.877 -0.149
397.618 -0.15
397.358 -0.151
397.1 -0.152
396.841 -0.153
396.584 -0.154
396.327 -0.155
396.07 -0.156
395.814 -0.157
395.558 -0.158
395.303 -0.159
395.049 -0.16
394.796 -0.161
394.544 -0.162
394.292 -0.163
394.041 -0.164
393.791 -0.165
393.542 -0.166
393.294 -0.167
393.047 -0.168
392.801 -0.169
392.556 -0.17
392.312 -0.171
392.07 -0.172
391.827 -0.173
391.585 -0.174
391.346 -0.175
391.109 -0.176
390.873 -0.177
390.64 -0.178
390.409 -0.179
390.181 -0.18
389.956 -0.181
389.734 -0.182
389.513 -0.183
389.295 -0.184
389.078 -0.185
388.863 -0.186
388.649 -0.187
388.437 -0.188
388.227 -0.189
388.019 -0.19
387.812 -0.191
387.606 -0.192
387.399 -0.193
387.193 -0.194
386.987 -0.195
386.782 -0.196
386.579 -0.197
386.377 -0.198
386.176 -0.199
385.977 -0.2
385.779 -0.201
385.583 -0.202
385.388 -0.203
385.195 -0.204
385.003 -0.205
384.813 -0.206
384.623 -0.207
384.434 -0.208
384.247 -0.209
384.062 -0.21
383.88 -0.211
383.702 -0.212
383.525 -0.213
383.353 -0.214
383.183 -0.215
383.017 -0.216
382.85 -0.217
382.686 -0.218
382.525 -0.219
382.366 -0.22
382.211 -0.221
382.059 -0.222
381.908 -0.223
381.758 -0.224
381.611 -0.225
381.464 -0.226
381.319 -0.227
381.176 -0.228
381.034 -0.229
380.893 -0.23
380.753 -0.231
380.615 -0.232
380.478 -0.233
380.344 -0.234
380.211 -0.235
380.08 -0.236
379.952 -0.237
379.825 -0.238
379.699 -0.239
379.576 -0.24
379.454 -0.241
379.334 -0.242
379.217 -0.243
379.101 -0.244
378.987 -0.245
378.874 -0.246
378.764 -0.247
378.656 -0.248
378.551 -0.249
378.447 -0.25
378.346 -0.251
378.246 -0.252
378.148 -0.253
378.052 -0.254
377.958 -0.255
377.864 -0.256
377.77 -0.257
377.678 -0.258
377.588 -0.259
377.501 -0.26
377.416 -0.261
377.334 -0.262
377.254 -0.263
377.175 -0.264
377.096 -0.265
377.02 -0.266
376.945 -0.267
376.871 -0.268
376.8 -0.269
376.729 -0.27
376.661 -0.271
376.596 -0.272
376.534 -0.273
376.474 -0.274
376.416 -0.275
376.361 -0.276
376.307 -0.277
376.251 -0.278
376.197 -0.279
376.145 -0.28
376.096 -0.281
376.049 -0.282
376.003 -0.283
375.96 -0.284
375.918 -0.285
375.879 -0.286
375.842 -0.287
375.802 -0.288
375.763 -0.289
375.724 -0.29
375.688 -0.291
375.655 -0.292
375.624 -0.293
375.595 -0.294
375.566 -0.295
375.539 -0.296
375.51 -0.297
375.48 -0.298
375.452 -0.299
375.422 -0.3
375.395 -0.301
375.37 -0.302
375.348 -0.303
375.328 -0.304
375.31 -0.305
375.294 -0.306
375.274 -0.307
375.255 -0.308
375.24 -0.309
375.226 -0.31
375.216 -0.311
375.207 -0.312
375.201 -0.313
375.198 -0.314
375.197 -0.315
375.199 -0.316
375.2 -0.317
375.204 -0.318
375.21 -0.319
375.219 -0.32
375.23 -0.321
375.244 -0.322
375.26 -0.323
375.278 -0.324
375.298 -0.325
375.32 -0.326
375.342 -0.327
375.367 -0.328
375.394 -0.329
375.424 -0.33
375.457 -0.331
375.492 -0.332
375.531 -0.333
375.572 -0.334
375.615 -0.335
375.662 -0.336
375.712 -0.337
375.764 -0.338
375.82 -0.339
375.879 -0.34
375.94 -0.341
376.005 -0.342
376.073 -0.343
376.144 -0.344
376.218 -0.345
376.295 -0.346
376.375 -0.347
376.458 -0.348
376.539 -0.349
376.624 -0.35
376.712 -0.351
376.803 -0.352
376.895 -0.353
376.986 -0.354
377.08 -0.355
377.177 -0.356
377.277 -0.357
377.376 -0.358
377.477 -0.359
377.58 -0.36
377.686 -0.361
377.792 -0.362
377.895 -0.363
378.002 -0.364
378.109 -0.365
378.218 -0.366
378.324 -0.367
378.432 -0.368
378.54 -0.369
378.652 -0.37
378.761 -0.371
378.87 -0.372
378.982 -0.373
379.097 -0.374
379.214 -0.375
379.331 -0.376
379.451 -0.377
379.574 -0.378
379.699 -0.379
379.825 -0.38
379.949 -0.381
380.076 -0.382
380.206 -0.383
380.339 -0.384
380.472 -0.385
380.605 -0.386
380.742 -0.387
380.881 -0.388
381.023 -0.389
381.163 -0.39
381.306 -0.391
381.452 -0.392
381.601 -0.393
381.75 -0.394
381.898 -0.395
382.048 -0.396
382.202 -0.397
382.359 -0.398
382.513 -0.399
382.668 -0.4
382.826 -0.401
382.987 -0.402
383.15 -0.403
383.313 -0.404
383.476 -0.405
383.642 -0.406
383.811 -0.407
383.983 -0.408
384.158 -0.409
384.335 -0.41
384.514 -0.411
384.696 -0.412
384.88 -0.413
385.068 -0.414
385.259 -0.415
385.451 -0.416
385.646 -0.417
385.844 -0.418
386.045 -0.419
386.25 -0.42
386.456 -0.421
386.665 -0.422
386.876 -0.423
387.09 -0.424
387.302 -0.425
387.518 -0.426
387.736 -0.427
387.955 -0.428
388.175 -0.429
388.397 -0.43
388.622 -0.431
388.847 -0.432
389.073 -0.433
389.302 -0.434
389.534 -0.435
389.765 -0.436
389.998 -0.437
390.234 -0.438
390.471 -0.439
390.708 -0.44
390.948 -0.441
391.192 -0.442
391.435 -0.443
391.68 -0.444
391.929 -0.445
392.18 -0.446
392.434 -0.447
392.692 -0.448
392.952 -0.449
393.216 -0.45
393.483 -0.451
393.753 -0.452
394.026 -0.453
394.302 -0.454
394.581 -0.455
394.863 -0.456
395.147 -0.457
395.429 -0.458
395.715 -0.459
396.002 -0.46
396.291 -0.461
396.582 -0.462
396.872 -0.463
397.164 -0.464
397.46 -0.465
397.759 -0.466
398.055 -0.467
398.354 -0.468
398.656 -0.469
398.96 -0.47
399.263 -0.471
399.568 -0.472
399.876 -0.473
400.187 -0.474
400.496 -0.475
400.805 -0.476
401.116 -0.477
401.43 -0.478
401.745 -0.479
402.062 -0.48
402.38 -0.481
402.701 -0.482
403.025 -0.483
403.352 -0.484
403.68 -0.485
404.011 -0.486
404.345 -0.487
404.683 -0.488
405.022 -0.489
405.362 -0.49
405.706 -0.491
406.052 -0.492
406.401 -0.493
406.752 -0.494
407.106 -0.495
407.463 -0.496
407.821 -0.497
408.182 -0.498
408.546 -0.499
408.912 -0.5
409.281 -0.501
409.653 -0.502
410.028 -0.503
410.406 -0.504
410.786 -0.505
411.169 -0.506
411.555 -0.507
411.943 -0.508
412.333 -0.509
412.724 -0.51
413.118 -0.511
413.515 -0.512
413.913 -0.513
414.312 -0.514
414.714 -0.515
415.12 -0.516
415.525 -0.517
415.932 -0.518
416.342 -0.519
416.754 -0.52
417.168 -0.521
417.582 -0.522
417.999 -0.523
418.419 -0.524
418.839 -0.525
419.262 -0.526
419.686 -0.527
420.113 -0.528
420.54 -0.529
420.969 -0.53
421.4 -0.531
421.835 -0.532
422.273 -0.533
422.715 -0.534
423.159 -0.535
423.606 -0.536
424.055 -0.537
424.506 -0.538
424.958 -0.539
425.413 -0.54
425.87 -0.541
426.329 -0.542
426.79 -0.543
427.255 -0.544
427.719 -0.545
428.186 -0.546
428.653 -0.547
429.122 -0.548
429.593 -0.549
430.067 -0.55
430.542 -0.551
431.019 -0.552
431.496 -0.553
431.977 -0.554
432.462 -0.555
432.948 -0.556
433.436 -0.557
433.926 -0.558
434.418 -0.559
434.911 -0.56
435.406 -0.561
435.904 -0.562
436.405 -0.563
436.91 -0.564
437.415 -0.565
437.921 -0.566
438.43 -0.567
438.941 -0.568
439.456 -0.569
439.974 -0.57
440.494 -0.571
441.014 -0.572
441.535 -0.573
442.059 -0.574
442.586 -0.575
443.113 -0.576
443.64 -0.577
444.17 -0.578
444.703 -0.579
445.24 -0.58
445.78 -0.581
446.321 -0.582
446.863 -0.583
447.409 -0.584
447.957 -0.585
448.504 -0.586
449.052 -0.587
449.601 -0.588
450.153 -0.589
450.702 -0.59
451.252 -0.591
451.803 -0.592
452.357 -0.593
452.907 -0.594
453.456 -0.595
454.004 -0.596
454.551 -0.597
455.098 -0.598
455.647 -0.599
456.197 -0.6
456.748 -0.601
457.301 -0.602
457.85 -0.603
458.399 -0.604
458.948 -0.605
459.493 -0.606
460.036 -0.607
460.581 -0.608
461.124 -0.609
461.665 -0.61
462.202 -0.611
462.739 -0.612
463.276 -0.613
463.813 -0.614
464.353 -0.615
464.893 -0.616
465.436 -0.617
465.982 -0.618
466.528 -0.619
467.076 -0.62
467.626 -0.621
468.177 -0.622
468.73 -0.623
469.285 -0.624
469.84 -0.625
470.395 -0.626
470.952 -0.627
471.512 -0.628
472.071 -0.629
472.633 -0.63
473.196 -0.631
473.76 -0.632
474.323 -0.633
474.888 -0.634
475.455 -0.635
476.025 -0.636
476.597 -0.637
477.173 -0.638
477.75 -0.639
478.33 -0.64
478.912 -0.641
479.494 -0.642
480.072 -0.643
480.65 -0.644
481.229 -0.645
481.812 -0.646
482.397 -0.647
482.984 -0.648
483.574 -0.649
484.167 -0.65
484.761 -0.651
485.342 -0.652
485.922 -0.653
486.506 -0.654
487.088 -0.655
487.672 -0.656
488.258 -0.657
488.847 -0.658
489.437 -0.659
490.023 -0.66
490.606 -0.661
491.18 -0.662
491.753 -0.663
492.327 -0.664
492.904 -0.665
493.482 -0.666
494.058 -0.667
494.625 -0.668
495.194 -0.669
495.765 -0.67
496.339 -0.671
496.915 -0.672
497.493 -0.673
498.072 -0.674
498.648 -0.675
499.228 -0.676
499.807 -0.677
500.386 -0.678
500.967 -0.679
501.55 -0.68
502.13 -0.681
502.71 -0.682
503.289 -0.683
503.866 -0.684
504.441 -0.685
505.017 -0.686
505.596 -0.687
506.169 -0.688
506.743 -0.689
507.319 -0.69
507.897 -0.691
508.47 -0.692
509.046 -0.693
509.624 -0.694
510.204 -0.695
510.785 -0.696
511.369 -0.697
511.956 -0.698
512.544 -0.699
513.132 -0.7
513.716 -0.701
514.302 -0.702
514.891 -0.703
515.481 -0.704
516.074 -0.705
516.669 -0.706
517.266 -0.707
517.864 -0.708
518.459 -0.709
519.057 -0.71
519.657 -0.711
520.26 -0.712
520.864 -0.713
521.471 -0.714
522.079 -0.715
522.685 -0.716
523.289 -0.717
523.896 -0.718
524.504 -0.719
525.113 -0.72
525.724 -0.721
526.335 -0.722
526.94 -0.723
527.536 -0.724
528.131 -0.725
528.726 -0.726
529.324 -0.727
529.924 -0.728
530.525 -0.729
531.129 -0.73
531.734 -0.731
532.341 -0.732
532.951 -0.733
533.562 -0.734
534.167 -0.735
534.774 -0.736
535.383 -0.737
535.992 -0.738
536.602 -0.739
537.214 -0.74
537.825 -0.741
538.39 -0.742
538.927 -0.743
539.466 -0.744
540.006 -0.745
540.546 -0.746
541.089 -0.747
541.632 -0.748
542.175 -0.749
542.719 -0.75
543.254 -0.751
543.691 -0.752
544.093 -0.753
544.494 -0.754
544.896 -0.755
545.299 -0.756
545.701 -0.757
546.104 -0.758
546.507 -0.759
546.911 -0.76
547.315 -0.761
547.719 -0.762
548.124 -0.763
548.528 -0.764
548.934 -0.765
549.339 -0.766
549.745 -0.767
550.151 -0.768
550.558 -0.769
550.965 -0.77
551.372 -0.771
551.779 -0.772
552.187 -0.773
552.595 -0.774
553.004 -0.775
553.413 -0.776
553.822 -0.777
554.231 -0.778
554.641 -0.779
555.051 -0.78
555.461 -0.781
555.871 -0.782
556.282 -0.783
556.693 -0.784
557.104 -0.785
557.516 -0.786
557.926 -0.787
558.337 -0.788
558.747 -0.789
559.121 -0.79
559.493 -0.791
559.864 -0.792
560.234 -0.793
560.605 -0.794
560.976 -0.795
561.346 -0.796
561.716 -0.797
562.086 -0.798
562.455 -0.799
562.825 -0.8
563.195 -0.801
563.565 -0.802
563.934 -0.803
564.304 -0.804
564.674 -0.805
565.044 -0.806
565.414 -0.807
565.784 -0.808
566.154 -0.809
566.524 -0.81
566.894 -0.811
567.264 -0.812
567.634 -0.813
568.004 -0.814
568.374 -0.815
568.744 -0.816
569.115 -0.817
569.485 -0.818
569.855 -0.819
570.226 -0.82
570.596 -0.821
570.967 -0.822
571.337 -0.823
571.708 -0.824
572.078 -0.825
572.449 -0.826
572.82 -0.827
573.19 -0.828
573.561 -0.829
573.932 -0.83
574.303 -0.831
574.674 -0.832
575.045 -0.833
575.416 -0.834
575.787 -0.835
576.158 -0.836
576.529 -0.837
576.9 -0.838
577.271 -0.839
577.643 -0.84
578.014 -0.841
578.386 -0.842
578.757 -0.843
579.129 -0.844
579.5 -0.845
579.872 -0.846
580.243 -0.847
580.615 -0.848
580.986 -0.849
581.358 -0.85
581.73 -0.851
582.101 -0.852
582.473 -0.853
582.845 -0.854
583.217 -0.855
583.589 -0.856
583.961 -0.857
584.333 -0.858
584.705 -0.859
585.077 -0.86
585.449 -0.861
585.822 -0.862
586.194 -0.863
586.566 -0.864
586.939 -0.865
587.311 -0.866
587.684 -0.867
588.056 -0.868
588.429 -0.869
588.801 -0.87
589.174 -0.871
589.547 -0.872
589.92 -0.873
590.292 -0.874
590.665 -0.875
591.038 -0.876
591.411 -0.877
591.784 -0.878
592.157 -0.879
592.53 -0.88
592.903 -0.881
593.277 -0.882
593.65 -0.883
594.023 -0.884
594.396 -0.885
594.769 -0.886
595.142 -0.887
595.515 -0.888
595.888 -0.889
596.261 -0.89
596.634 -0.891
597.008 -0.892
597.381 -0.893
597.754 -0.894
598.127 -0.895
598.5 -0.896
598.874 -0.897
599.247 -0.898
599.621 -0.899
599.994 -0.9
600.367 -0.901
600.74 -0.902
601.113 -0.903
601.487 -0.904
601.86 -0.905
602.234 -0.906
602.607 -0.907
602.981 -0.908
603.354 -0.909
603.728 -0.91
604.102 -0.911
604.475 -0.912
604.848 -0.913
605.222 -0.914
605.595 -0.915
605.969 -0.916
606.343 -0.917
606.717 -0.918
607.09 -0.919
607.464 -0.92
607.838 -0.921
608.212 -0.922
608.586 -0.923
608.96 -0.924
609.333 -0.925
609.707 -0.926
610.08 -0.927
610.451 -0.928
610.824 -0.929
611.195 -0.93
611.567 -0.931
611.938 -0.932
612.31 -0.933
612.682 -0.934
613.053 -0.935
613.286 -0.936
613.642 -0.937
613.998 -0.938
614.355 -0.939
614.711 -0.94
615.068 -0.941
615.425 -0.942
615.781 -0.943
616.138 -0.944
616.497 -0.945
616.926 -0.946
617.343 -0.947
617.76 -0.948
618.177 -0.949
618.566 -0.95
618.94 -0.951
619.313 -0.952
619.686 -0.953
620.06 -0.954
620.43 -0.955
620.798 -0.956
621.048 -0.957
621.403 -0.958
621.759 -0.959
622.115 -0.96
622.471 -0.961
622.827 -0.962
623.183 -0.963
623.539 -0.964
623.896 -0.965
624.252 -0.966
624.608 -0.967
624.99 -0.968
625.409 -0.969
625.826 -0.97
626.244 -0.971
626.662 -0.972
627.064 -0.973
627.441 -0.974
627.817 -0.975
628.193 -0.976
628.57 -0.977
628.946 -0.978
629.323 -0.979
629.7 -0.98
630.076 -0.981
630.453 -0.982
630.83 -0.983
631.207 -0.984
631.584 -0.985
631.962 -0.986
632.339 -0.987
632.716 -0.988
633.094 -0.989
633.471 -0.99
633.849 -0.991
634.226 -0.992
634.604 -0.993
634.982 -0.994
635.36 -0.995
635.738 -0.996
636.116 -0.997
636.494 -0.998
636.872 -0.999
637.25 -1
