8.6604 -0.001
17.3082 -0.002
25.9434 -0.003
34.5658 -0.004
43.1753 -0.005
51.7718 -0.006
60.3552 -0.007
68.9253 -0.008
77.4819 -0.009
86.025 -0.01
94.5543 -0.011
103.07 -0.012
111.571 -0.013
120.059 -0.014
128.531 -0.015
136.99 -0.016
145.434 -0.017
153.862 -0.018
162.276 -0.019
170.675 -0.02
179.058 -0.021
187.426 -0.022
195.777 -0.023
204.113 -0.024
212.433 -0.025
220.736 -0.026
229.022 -0.027
237.292 -0.028
245.544 -0.029
253.779 -0.03
261.997 -0.031
270.196 -0.032
278.377 -0.033
286.54 -0.034
294.652 -0.035
302.321 -0.036
308.884 -0.037
313.762 -0.038
318.255 -0.039
322.249 -0.04
325.656 -0.041
329.04 -0.042
332.404 -0.043
335.748 -0.044
339.067 -0.045
342.366 -0.046
345.647 -0.047
348.902 -0.048
352.136 -0.049
355.352 -0.05
358.541 -0.051
361.694 -0.052
364.807 -0.053
367.85 -0.054
370.818 -0.055
373.742 -0.056
376.533 -0.057
379.293 -0.058
381.955 -0.059
384.487 -0.06
386.851 -0.061
389.169 -0.062
391.478 -0.063
393.777 -0.064
396.066 -0.065
398.345 -0.066
400.613 -0.067
402.869 -0.068
405.114 -0.069
407.348 -0.07
409.572 -0.071
411.784 -0.072
413.983 -0.073
416.171 -0.074
418.347 -0.075
420.51 -0.076
422.66 -0.077
424.798 -0.078
426.924 -0.079
429.029 -0.08
431.11 -0.081
433.163 -0.082
435.163 -0.083
437.098 -0.084
438.954 -0.085
440.73 -0.086
442.369 -0.087
443.883 -0.088
445.284 -0.089
446.558 -0.09
447.751 -0.091
448.933 -0.092
450.011 -0.093
450.968 -0.094
451.788 -0.095
452.521 -0.096
453.204 -0.097
453.82 -0.098
454.319 -0.099
454.686 -0.1
455.021 -0.101
455.324 -0.102
455.609 -0.103
455.888 -0.104
456.162 -0.105
456.429 -0.106
456.689 -0.107
456.921 -0.108
457.146 -0.109
457.345 -0.11
457.54 -0.111
457.712 -0.112
457.877 -0.113
458.024 -0.114
458.163 -0.115
458.298 -0.116
458.429 -0.117
458.556 -0.118
458.681 -0.119
458.803 -0.12
458.922 -0.121
459.037 -0.122
459.149 -0.123
459.257 -0.124
459.361 -0.125
459.463 -0.126
459.562 -0.127
459.658 -0.128
459.75 -0.129
459.839 -0.13
459.926 -0.131
460.012 -0.132
460.095 -0.133
460.177 -0.134
460.258 -0.135
460.338 -0.136
460.416 -0.137
460.492 -0.138
460.563 -0.139
460.631 -0.14
460.698 -0.141
460.762 -0.142
460.822 -0.143
460.88 -0.144
460.936 -0.145
460.988 -0.146
461.037 -0.147
461.084 -0.148
461.13 -0.149
461.173 -0.15
461.211 -0.151
461.247 -0.152
461.282 -0.153
461.317 -0.154
461.349 -0.155
461.381 -0.156
461.411 -0.157
461.44 -0.158
461.469 -0.159
461.496 -0.16
461.523 -0.161
461.55 -0.162
461.576 -0.163
461.601 -0.164
461.626 -0.165
461.65 -0.166
461.673 -0.167
461.697 -0.168
461.719 -0.169
461.741 -0.17
461.763 -0.171
461.784 -0.172
461.805 -0.173
461.825 -0.174
461.845 -0.175
461.864 -0.176
461.883 -0.177
461.901 -0.178
461.919 -0.179
461.937 -0.18
461.954 -0.181
461.971 -0.182
461.987 -0.183
462.002 -0.184
462.017 -0.185
462.032 -0.186
462.046 -0.187
462.06 -0.188
462.073 -0.189
462.086 -0.19
462.099 -0.191
462.111 -0.192
462.122 -0.193
462.134 -0.194
462.144 -0.195
462.155 -0.196
462.165 -0.197
462.174 -0.198
462.183 -0.199
462.191 -0.2
462.199 -0.201
462.206 -0.202
462.213 -0.203
462.219 -0.204
462.224 -0.205
462.228 -0.206
462.232 -0.207
462.236 -0.208
462.239 -0.209
462.241 -0.21
462.243 -0.211
462.244 -0.212
462.244 -0.213
462.243 -0.214
462.242 -0.215
462.24 -0.216
462.237 -0.217
462.234 -0.218
462.23 -0.219
462.226 -0.22
462.221 -0.221
462.215 -0.222
462.208 -0.223
462.201 -0.224
462.193 -0.225
462.183 -0.226
462.174 -0.227
462.163 -0.228
462.152 -0.229
462.139 -0.23
462.126 -0.231
462.112 -0.232
462.098 -0.233
462.082 -0.234
462.066 -0.235
462.05 -0.236
462.033 -0.237
462.015 -0.238
461.996 -0.239
461.976 -0.24
461.956 -0.241
461.935 -0.242
461.914 -0.243
461.891 -0.244
461.868 -0.245
461.844 -0.246
461.819 -0.247
461.796 -0.248
461.771 -0.249
461.746 -0.25
461.72 -0.251
461.694 -0.252
461.666 -0.253
461.637 -0.254
461.608 -0.255
461.577 -0.256
461.545 -0.257
461.514 -0.258
461.484 -0.259
461.452 -0.26
461.42 -0.261
461.387 -0.262
461.353 -0.263
461.318 -0.264
461.282 -0.265
461.245 -0.266
461.209 -0.267
461.174 -0.268
461.139 -0.269
461.102 -0.27
461.065 -0.271
461.027 -0.272
460.989 -0.273
460.95 -0.274
460.911 -0.275
460.872 -0.276
460.834 -0.277
460.796 -0.278
460.757 -0.279
460.718 -0.28
460.678 -0.281
460.638 -0.282
460.597 -0.283
460.555 -0.284
460.513 -0.285
460.471 -0.286
460.428 -0.287
460.384 -0.288
460.339 -0.289
460.294 -0.29
460.248 -0.291
460.201 -0.292
460.155 -0.293
460.107 -0.294
460.059 -0.295
460.01 -0.296
459.96 -0.297
459.91 -0.298
459.858 -0.299
459.806 -0.3
459.753 -0.301
459.699 -0.302
459.644 -0.303
459.589 -0.304
459.533 -0.305
459.476 -0.306
459.419 -0.307
459.362 -0.308
459.304 -0.309
459.245 -0.31
459.186 -0.311
459.126 -0.312
459.066 -0.313
459.005 -0.314
458.943 -0.315
458.881 -0.316
458.818 -0.317
458.755 -0.318
458.69 -0.319
458.625 -0.32
458.559 -0.321
458.494 -0.322
458.429 -0.323
458.366 -0.324
458.303 -0.325
458.242 -0.326
458.182 -0.327
458.124 -0.328
458.066 -0.329
458.01 -0.33
457.954 -0.331
457.9 -0.332
457.846 -0.333
457.792 -0.334
457.737 -0.335
457.681 -0.336
457.624 -0.337
457.566 -0.338
457.507 -0.339
457.447 -0.34
457.385 -0.341
457.323 -0.342
457.26 -0.343
457.198 -0.344
457.135 -0.345
457.07 -0.346
457.005 -0.347
456.939 -0.348
456.871 -0.349
456.802 -0.35
456.732 -0.351
456.661 -0.352
456.588 -0.353
456.514 -0.354
456.439 -0.355
456.365 -0.356
456.291 -0.357
456.217 -0.358
456.142 -0.359
456.065 -0.36
455.988 -0.361
455.909 -0.362
455.83 -0.363
455.749 -0.364
455.67 -0.365
455.59 -0.366
455.513 -0.367
455.439 -0.368
455.369 -0.369
455.302 -0.37
455.238 -0.371
455.182 -0.372
455.131 -0.373
455.084 -0.374
455.045 -0.375
455.011 -0.376
454.978 -0.377
454.946 -0.378
454.913 -0.379
454.881 -0.38
454.847 -0.381
454.814 -0.382
454.781 -0.383
454.753 -0.384
454.725 -0.385
454.695 -0.386
454.662 -0.387
454.627 -0.388
454.589 -0.389
454.548 -0.39
454.504 -0.391
454.459 -0.392
454.415 -0.393
454.378 -0.394
454.347 -0.395
454.32 -0.396
454.297 -0.397
454.275 -0.398
454.256 -0.399
454.239 -0.4
454.222 -0.401
454.206 -0.402
454.193 -0.403
454.179 -0.404
454.166 -0.405
454.154 -0.406
454.138 -0.407
454.12 -0.408
454.102 -0.409
454.085 -0.41
454.067 -0.411
454.05 -0.412
454.034 -0.413
454.018 -0.414
454.001 -0.415
453.985 -0.416
453.969 -0.417
453.954 -0.418
453.941 -0.419
453.928 -0.42
453.915 -0.421
453.902 -0.422
453.889 -0.423
453.877 -0.424
453.864 -0.425
453.852 -0.426
453.84 -0.427
453.828 -0.428
453.817 -0.429
453.807 -0.43
453.796 -0.431
453.785 -0.432
453.773 -0.433
453.76 -0.434
453.748 -0.435
453.737 -0.436
453.728 -0.437
453.719 -0.438
453.709 -0.439
453.7 -0.44
453.69 -0.441
453.682 -0.442
453.685 -0.443
453.688 -0.444
453.698 -0.445
453.708 -0.446
453.72 -0.447
453.736 -0.448
453.752 -0.449
453.77 -0.45
453.791 -0.451
453.812 -0.452
453.834 -0.453
453.859 -0.454
453.885 -0.455
453.91 -0.456
453.936 -0.457
453.955 -0.458
453.971 -0.459
453.986 -0.46
454.001 -0.461
454.017 -0.462
454.033 -0.463
454.049 -0.464
454.065 -0.465
454.081 -0.466
454.097 -0.467
454.114 -0.468
454.13 -0.469
454.147 -0.47
454.164 -0.471
454.181 -0.472
454.198 -0.473
454.215 -0.474
454.233 -0.475
454.25 -0.476
454.268 -0.477
454.286 -0.478
454.304 -0.479
454.322 -0.48
454.34 -0.481
454.359 -0.482
454.378 -0.483
454.396 -0.484
454.415 -0.485
454.434 -0.486
454.453 -0.487
454.473 -0.488
454.492 -0.489
454.512 -0.49
454.532 -0.491
454.552 -0.492
454.572 -0.493
454.592 -0.494
454.612 -0.495
454.633 -0.496
454.653 -0.497
454.674 -0.498
454.695 -0.499
454.716 -0.5
454.737 -0.501
454.759 -0.502
454.78 -0.503
454.802 -0.504
454.824 -0.505
454.846 -0.506
454.868 -0.507
454.891 -0.508
454.913 -0.509
454.936 -0.51
454.959 -0.511
454.982 -0.512
455.008 -0.513
455.036 -0.514
455.066 -0.515
455.099 -0.516
455.133 -0.517
455.168 -0.518
455.204 -0.519
455.239 -0.52
455.275 -0.521
455.311 -0.522
455.348 -0.523
455.384 -0.524
455.421 -0.525
455.458 -0.526
455.496 -0.527
455.533 -0.528
455.573 -0.529
455.613 -0.53
455.656 -0.531
455.699 -0.532
455.745 -0.533
455.792 -0.534
455.84 -0.535
455.889 -0.536
455.938 -0.537
455.987 -0.538
456.036 -0.539
456.086 -0.54
456.135 -0.541
456.185 -0.542
456.235 -0.543
456.285 -0.544
456.336 -0.545
456.386 -0.546
456.437 -0.547
456.488 -0.548
456.539 -0.549
456.591 -0.55
456.642 -0.551
456.694 -0.552
456.746 -0.553
456.798 -0.554
456.85 -0.555
456.902 -0.556
456.955 -0.557
457.008 -0.558
457.062 -0.559
457.116 -0.56
457.171 -0.561
457.225 -0.562
457.281 -0.563
457.338 -0.564
457.394 -0.565
457.451 -0.566
457.509 -0.567
457.567 -0.568
457.626 -0.569
457.687 -0.57
457.747 -0.571
457.808 -0.572
457.87 -0.573
457.933 -0.574
457.997 -0.575
458.061 -0.576
458.126 -0.577
458.191 -0.578
458.257 -0.579
458.323 -0.58
458.389 -0.581
458.455 -0.582
458.522 -0.583
458.589 -0.584
458.657 -0.585
458.725 -0.586
458.794 -0.587
458.865 -0.588
458.938 -0.589
459.011 -0.59
459.084 -0.591
459.158 -0.592
459.232 -0.593
459.307 -0.594
459.382 -0.595
459.457 -0.596
459.533 -0.597
459.609 -0.598
459.686 -0.599
459.762 -0.6
459.84 -0.601
459.917 -0.602
459.995 -0.603
460.074 -0.604
460.153 -0.605
460.232 -0.606
460.311 -0.607
460.391 -0.608
460.472 -0.609
460.553 -0.61
460.634 -0.611
460.715 -0.612
460.797 -0.613
460.882 -0.614
460.971 -0.615
461.061 -0.616
461.152 -0.617
461.242 -0.618
461.333 -0.619
461.425 -0.62
461.517 -0.621
461.609 -0.622
461.702 -0.623
461.795 -0.624
461.889 -0.625
461.983 -0.626
462.077 -0.627
462.172 -0.628
462.268 -0.629
462.363 -0.63
462.459 -0.631
462.556 -0.632
462.653 -0.633
462.751 -0.634
462.849 -0.635
462.948 -0.636
463.048 -0.637
463.148 -0.638
463.249 -0.639
463.35 -0.64
463.451 -0.641
463.553 -0.642
463.655 -0.643
463.758 -0.644
463.86 -0.645
463.962 -0.646
464.064 -0.647
464.166 -0.648
464.267 -0.649
464.369 -0.65
464.471 -0.651
464.573 -0.652
464.676 -0.653
464.779 -0.654
464.883 -0.655
464.987 -0.656
465.091 -0.657
465.196 -0.658
465.301 -0.659
465.407 -0.66
465.513 -0.661
465.62 -0.662
465.727 -0.663
465.834 -0.664
465.942 -0.665
466.051 -0.666
466.159 -0.667
466.269 -0.668
466.378 -0.669
466.488 -0.67
466.599 -0.671
466.71 -0.672
466.821 -0.673
466.933 -0.674
467.046 -0.675
467.159 -0.676
467.272 -0.677
467.386 -0.678
467.5 -0.679
467.615 -0.68
467.73 -0.681
467.846 -0.682
467.962 -0.683
468.078 -0.684
468.195 -0.685
468.313 -0.686
468.431 -0.687
468.549 -0.688
468.668 -0.689
468.788 -0.69
468.908 -0.691
469.028 -0.692
469.149 -0.693
469.27 -0.694
469.392 -0.695
469.514 -0.696
469.637 -0.697
469.761 -0.698
469.885 -0.699
470.01 -0.7
470.136 -0.701
470.263 -0.702
470.391 -0.703
470.519 -0.704
470.649 -0.705
470.779 -0.706
470.91 -0.707
471.041 -0.708
471.174 -0.709
471.307 -0.71
471.441 -0.711
471.575 -0.712
471.71 -0.713
471.847 -0.714
471.983 -0.715
472.12 -0.716
472.258 -0.717
472.396 -0.718
472.535 -0.719
472.674 -0.72
472.813 -0.721
472.954 -0.722
473.094 -0.723
473.236 -0.724
473.377 -0.725
473.519 -0.726
473.662 -0.727
473.805 -0.728
473.949 -0.729
474.094 -0.73
474.238 -0.731
474.384 -0.732
474.53 -0.733
474.676 -0.734
474.823 -0.735
474.97 -0.736
475.118 -0.737
475.267 -0.738
475.416 -0.739
475.565 -0.74
475.715 -0.741
475.866 -0.742
476.017 -0.743
476.169 -0.744
476.321 -0.745
476.474 -0.746
476.627 -0.747
476.781 -0.748
476.935 -0.749
477.09 -0.75
477.245 -0.751
477.401 -0.752
477.558 -0.753
477.715 -0.754
477.872 -0.755
478.03 -0.756
478.189 -0.757
478.348 -0.758
478.508 -0.759
478.668 -0.76
478.83 -0.761
478.992 -0.762
479.156 -0.763
479.32 -0.764
479.484 -0.765
479.65 -0.766
479.817 -0.767
479.984 -0.768
480.152 -0.769
480.321 -0.77
480.49 -0.771
480.66 -0.772
480.832 -0.773
481.004 -0.774
481.176 -0.775
481.35 -0.776
481.524 -0.777
481.699 -0.778
481.875 -0.779
482.051 -0.78
482.228 -0.781
482.406 -0.782
482.584 -0.783
482.763 -0.784
482.942 -0.785
483.122 -0.786
483.302 -0.787
483.484 -0.788
483.665 -0.789
483.848 -0.79
484.031 -0.791
484.214 -0.792
484.399 -0.793
484.584 -0.794
484.769 -0.795
484.955 -0.796
485.142 -0.797
485.329 -0.798
485.517 -0.799
485.706 -0.8
485.895 -0.801
486.085 -0.802
486.276 -0.803
486.467 -0.804
486.659 -0.805
486.851 -0.806
487.045 -0.807
487.238 -0.808
487.433 -0.809
487.628 -0.81
487.824 -0.811
488.02 -0.812
488.218 -0.813
488.415 -0.814
488.614 -0.815
488.813 -0.816
489.012 -0.817
489.212 -0.818
489.413 -0.819
489.615 -0.82
489.817 -0.821
490.019 -0.822
490.223 -0.823
490.427 -0.824
490.631 -0.825
490.836 -0.826
491.042 -0.827
491.249 -0.828
491.456 -0.829
491.663 -0.83
491.871 -0.831
492.08 -0.832
492.289 -0.833
492.499 -0.834
492.71 -0.835
492.921 -0.836
493.133 -0.837
493.345 -0.838
493.557 -0.839
493.77 -0.84
493.984 -0.841
494.198 -0.842
494.413 -0.843
494.629 -0.844
494.845 -0.845
495.061 -0.846
495.278 -0.847
495.495 -0.848
495.713 -0.849
495.932 -0.85
496.151 -0.851
496.371 -0.852
496.591 -0.853
496.812 -0.854
497.033 -0.855
497.256 -0.856
497.478 -0.857
497.701 -0.858
497.925 -0.859
498.149 -0.86
498.374 -0.861
498.6 -0.862
498.826 -0.863
499.053 -0.864
499.28 -0.865
499.508 -0.866
499.736 -0.867
499.966 -0.868
500.196 -0.869
500.426 -0.87
500.658 -0.871
500.89 -0.872
501.123 -0.873
501.357 -0.874
501.591 -0.875
501.826 -0.876
502.061 -0.877
502.298 -0.878
502.535 -0.879
502.773 -0.88
503.012 -0.881
503.251 -0.882
503.492 -0.883
503.733 -0.884
503.975 -0.885
504.218 -0.886
504.461 -0.887
504.705 -0.888
504.95 -0.889
505.195 -0.89
505.441 -0.891
505.688 -0.892
505.935 -0.893
506.184 -0.894
506.433 -0.895
506.683 -0.896
506.934 -0.897
507.186 -0.898
507.439 -0.899
507.693 -0.9
507.947 -0.901
508.202 -0.902
508.458 -0.903
508.714 -0.904
508.972 -0.905
509.23 -0.906
509.489 -0.907
509.748 -0.908
510.008 -0.909
510.269 -0.91
510.531 -0.911
510.793 -0.912
511.057 -0.913
511.321 -0.914
511.586 -0.915
511.852 -0.916
512.118 -0.917
512.386 -0.918
512.655 -0.919
512.924 -0.92
513.194 -0.921
513.465 -0.922
513.736 -0.923
514.009 -0.924
514.282 -0.925
514.555 -0.926
514.83 -0.927
515.105 -0.928
515.382 -0.929
515.659 -0.93
515.936 -0.931
516.215 -0.932
516.494 -0.933
516.774 -0.934
517.055 -0.935
517.337 -0.936
517.619 -0.937
517.903 -0.938
518.187 -0.939
518.471 -0.94
518.757 -0.941
519.044 -0.942
519.331 -0.943
519.62 -0.944
519.909 -0.945
520.199 -0.946
520.49 -0.947
520.782 -0.948
521.074 -0.949
521.368 -0.95
521.662 -0.951
521.957 -0.952
522.253 -0.953
522.549 -0.954
522.846 -0.955
523.145 -0.956
523.444 -0.957
523.743 -0.958
524.044 -0.959
524.346 -0.96
524.648 -0.961
524.952 -0.962
525.255 -0.963
525.56 -0.964
525.866 -0.965
526.172 -0.966
526.48 -0.967
526.788 -0.968
527.097 -0.969
527.407 -0.97
527.718 -0.971
528.03 -0.972
528.342 -0.973
528.656 -0.974
528.971 -0.975
529.286 -0.976
529.603 -0.977
529.92 -0.978
530.238 -0.979
530.557 -0.98
530.877 -0.981
531.197 -0.982
531.519 -0.983
531.842 -0.984
532.165 -0.985
532.489 -0.986
532.815 -0.987
533.142 -0.988
533.469 -0.989
533.797 -0.99
534.127 -0.991
534.457 -0.992
534.788 -0.993
535.12 -0.994
535.452 -0.995
535.786 -0.996
536.121 -0.997
536.456 -0.998
536.793 -0.999
537.131 -1
537.469 -1.001
537.809 -1.002
538.149 -1.003
538.491 -1.004
538.833 -1.005
539.177 -1.006
539.521 -1.007
539.867 -1.008
540.214 -1.009
540.561 -1.01
540.91 -1.011
541.259 -1.012
541.61 -1.013
541.961 -1.014
542.314 -1.015
542.667 -1.016
543.022 -1.017
543.377 -1.018
543.733 -1.019
544.091 -1.02
544.449 -1.021
544.808 -1.022
545.167 -1.023
545.528 -1.024
545.89 -1.025
546.252 -1.026
546.616 -1.027
546.98 -1.028
547.346 -1.029
547.713 -1.03
548.082 -1.031
548.451 -1.032
548.82 -1.033
549.191 -1.034
549.564 -1.035
549.937 -1.036
550.31 -1.037
550.685 -1.038
551.061 -1.039
551.438 -1.04
551.816 -1.041
552.194 -1.042
552.574 -1.043
552.955 -1.044
553.337 -1.045
553.719 -1.046
554.103 -1.047
554.488 -1.048
554.874 -1.049
555.261 -1.05
555.649 -1.051
556.038 -1.052
556.427 -1.053
556.818 -1.054
557.21 -1.055
557.603 -1.056
557.997 -1.057
558.392 -1.058
558.788 -1.059
559.185 -1.06
559.583 -1.061
559.983 -1.062
560.383 -1.063
560.784 -1.064
561.185 -1.065
561.588 -1.066
561.992 -1.067
562.397 -1.068
562.804 -1.069
563.21 -1.07
563.618 -1.071
564.027 -1.072
564.437 -1.073
564.848 -1.074
565.26 -1.075
565.673 -1.076
566.087 -1.077
566.502 -1.078
566.918 -1.079
567.334 -1.08
567.752 -1.081
568.171 -1.082
568.591 -1.083
569.011 -1.084
569.433 -1.085
569.856 -1.086
570.28 -1.087
570.704 -1.088
571.13 -1.089
571.557 -1.09
571.985 -1.091
572.414 -1.092
572.844 -1.093
573.275 -1.094
573.707 -1.095
574.14 -1.096
574.574 -1.097
575.009 -1.098
575.445 -1.099
575.882 -1.1
