18.8448 -0.001
37.6671 -0.002
56.4669 -0.003
75.244 -0.004
93.998 -0.005
112.729 -0.006
131.436 -0.007
150.12 -0.008
168.779 -0.009
187.414 -0.01
206.025 -0.011
224.611 -0.012
243.171 -0.013
261.706 -0.014
280.216 -0.015
298.699 -0.016
316.923 -0.017
332.566 -0.018
347.025 -0.019
361.479 -0.02
375.944 -0.021
390.397 -0.022
404.832 -0.023
419.249 -0.024
433.645 -0.025
448.017 -0.026
462.36 -0.027
476.674 -0.028
490.964 -0.029
505.236 -0.03
519.486 -0.031
533.714 -0.032
547.918 -0.033
562.102 -0.034
576.228 -0.035
590.185 -0.036
603.829 -0.037
617.039 -0.038
629.665 -0.039
641.654 -0.04
653.551 -0.041
665.413 -0.042
677.242 -0.043
688.586 -0.044
698.825 -0.045
707.252 -0.046
712.775 -0.047
717.592 -0.048
722.361 -0.049
727.051 -0.05
731.683 -0.051
736.268 -0.052
740.764 -0.053
745.198 -0.054
749.606 -0.055
753.956 -0.056
758.253 -0.057
762.507 -0.058
766.732 -0.059
770.942 -0.06
775.146 -0.061
779.345 -0.062
783.535 -0.063
787.683 -0.064
791.766 -0.065
795.713 -0.066
799.367 -0.067
802.956 -0.068
806.062 -0.069
808.889 -0.07
811.511 -0.071
813.373 -0.072
814.493 -0.073
815.348 -0.074
816.196 -0.075
817.036 -0.076
817.856 -0.077
818.663 -0.078
819.446 -0.079
820.203 -0.08
820.937 -0.081
821.647 -0.082
822.332 -0.083
822.989 -0.084
823.618 -0.085
824.22 -0.086
824.798 -0.087
825.346 -0.088
825.862 -0.089
826.344 -0.09
826.811 -0.091
827.265 -0.092
827.711 -0.093
828.156 -0.094
828.599 -0.095
829.041 -0.096
829.482 -0.097
829.92 -0.098
830.355 -0.099
830.787 -0.1
831.216 -0.101
831.643 -0.102
832.067 -0.103
832.489 -0.104
832.909 -0.105
833.326 -0.106
833.739 -0.107
834.147 -0.108
834.551 -0.109
834.95 -0.11
835.347 -0.111
835.737 -0.112
836.12 -0.113
836.495 -0.114
836.863 -0.115
837.225 -0.116
837.581 -0.117
837.931 -0.118
838.275 -0.119
838.614 -0.12
838.946 -0.121
839.27 -0.122
839.588 -0.123
839.899 -0.124
840.202 -0.125
840.497 -0.126
840.787 -0.127
841.067 -0.128
841.344 -0.129
841.615 -0.13
841.879 -0.131
842.138 -0.132
842.392 -0.133
842.64 -0.134
842.881 -0.135
843.114 -0.136
843.339 -0.137
843.558 -0.138
843.774 -0.139
843.986 -0.14
844.197 -0.141
844.404 -0.142
844.609 -0.143
844.811 -0.144
845.012 -0.145
845.213 -0.146
845.414 -0.147
845.614 -0.148
845.814 -0.149
846.013 -0.15
846.212 -0.151
846.411 -0.152
846.609 -0.153
846.807 -0.154
847.005 -0.155
847.201 -0.156
847.398 -0.157
847.594 -0.158
847.79 -0.159
847.985 -0.16
848.181 -0.161
848.375 -0.162
848.57 -0.163
848.764 -0.164
848.958 -0.165
849.152 -0.166
849.345 -0.167
849.538 -0.168
849.73 -0.169
849.922 -0.17
850.114 -0.171
850.306 -0.172
850.497 -0.173
850.688 -0.174
850.878 -0.175
851.068 -0.176
851.258 -0.177
851.448 -0.178
851.637 -0.179
851.826 -0.18
852.014 -0.181
852.202 -0.182
852.39 -0.183
852.577 -0.184
852.764 -0.185
852.95 -0.186
853.137 -0.187
853.322 -0.188
853.508 -0.189
853.693 -0.19
853.877 -0.191
854.06 -0.192
854.244 -0.193
854.426 -0.194
854.609 -0.195
854.791 -0.196
854.972 -0.197
855.153 -0.198
855.334 -0.199
855.515 -0.2
855.694 -0.201
855.873 -0.202
856.051 -0.203
856.229 -0.204
856.406 -0.205
856.583 -0.206
856.76 -0.207
856.936 -0.208
857.112 -0.209
857.287 -0.21
857.462 -0.211
857.636 -0.212
857.809 -0.213
857.982 -0.214
858.155 -0.215
858.327 -0.216
858.499 -0.217
858.67 -0.218
858.841 -0.219
859.011 -0.22
859.179 -0.221
859.346 -0.222
859.512 -0.223
859.678 -0.224
859.842 -0.225
860.006 -0.226
860.169 -0.227
860.332 -0.228
860.494 -0.229
860.653 -0.23
860.811 -0.231
860.969 -0.232
861.126 -0.233
861.283 -0.234
861.438 -0.235
861.593 -0.236
861.747 -0.237
861.899 -0.238
862.049 -0.239
862.196 -0.24
862.343 -0.241
862.488 -0.242
862.633 -0.243
862.777 -0.244
862.921 -0.245
863.062 -0.246
863.201 -0.247
863.335 -0.248
863.468 -0.249
863.599 -0.25
863.729 -0.251
863.858 -0.252
863.992 -0.253
864.123 -0.254
864.254 -0.255
864.387 -0.256
864.522 -0.257
864.654 -0.258
864.785 -0.259
864.915 -0.26
865.044 -0.261
865.173 -0.262
865.299 -0.263
865.424 -0.264
865.547 -0.265
865.67 -0.266
865.791 -0.267
865.909 -0.268
866.023 -0.269
866.134 -0.27
866.248 -0.271
866.359 -0.272
866.467 -0.273
866.576 -0.274
866.689 -0.275
866.8 -0.276
866.91 -0.277
867.021 -0.278
867.13 -0.279
867.235 -0.28
867.337 -0.281
867.435 -0.282
867.528 -0.283
867.619 -0.284
867.714 -0.285
867.812 -0.286
867.908 -0.287
868.012 -0.288
868.119 -0.289
868.226 -0.29
868.332 -0.291
868.438 -0.292
868.542 -0.293
868.644 -0.294
868.747 -0.295
868.848 -0.296
868.955 -0.297
869.059 -0.298
869.163 -0.299
869.27 -0.3
869.379 -0.301
869.489 -0.302
869.602 -0.303
869.716 -0.304
869.829 -0.305
869.941 -0.306
870.053 -0.307
870.165 -0.308
870.278 -0.309
870.389 -0.31
870.498 -0.311
870.608 -0.312
870.721 -0.313
870.835 -0.314
870.948 -0.315
871.062 -0.316
871.178 -0.317
871.297 -0.318
871.417 -0.319
871.536 -0.32
871.654 -0.321
871.774 -0.322
871.895 -0.323
872.017 -0.324
872.138 -0.325
872.259 -0.326
872.379 -0.327
872.499 -0.328
872.62 -0.329
872.742 -0.33
872.864 -0.331
872.985 -0.332
873.108 -0.333
873.23 -0.334
873.352 -0.335
873.475 -0.336
873.597 -0.337
873.719 -0.338
873.84 -0.339
873.961 -0.34
874.08 -0.341
874.202 -0.342
874.324 -0.343
874.445 -0.344
874.566 -0.345
874.688 -0.346
874.81 -0.347
874.932 -0.348
875.054 -0.349
875.176 -0.35
875.297 -0.351
875.419 -0.352
875.54 -0.353
875.66 -0.354
875.781 -0.355
875.901 -0.356
876.02 -0.357
876.139 -0.358
876.256 -0.359
876.373 -0.36
876.487 -0.361
876.605 -0.362
876.724 -0.363
876.841 -0.364
876.956 -0.365
877.076 -0.366
877.196 -0.367
877.315 -0.368
877.433 -0.369
877.551 -0.37
877.668 -0.371
877.782 -0.372
877.895 -0.373
878.005 -0.374
878.113 -0.375
878.227 -0.376
878.341 -0.377
878.456 -0.378
878.568 -0.379
878.688 -0.38
878.808 -0.381
878.928 -0.382
879.049 -0.383
879.17 -0.384
879.288 -0.385
879.405 -0.386
879.522 -0.387
879.635 -0.388
879.75 -0.389
879.871 -0.39
879.989 -0.391
880.106 -0.392
880.221 -0.393
880.346 -0.394
880.468 -0.395
880.588 -0.396
880.706 -0.397
880.824 -0.398
880.94 -0.399
881.055 -0.4
881.159 -0.401
881.218 -0.402
881.216 -0.403
881.349 -0.404
881.482 -0.405
881.595 -0.406
881.688 -0.407
881.811 -0.408
881.714 -0.409
881.885 -0.41
882.031 -0.411
882.155 -0.412
882.272 -0.413
882.387 -0.414
882.501 -0.415
882.624 -0.416
882.751 -0.417
882.878 -0.418
883.002 -0.419
883.125 -0.42
883.248 -0.421
883.37 -0.422
883.494 -0.423
883.621 -0.424
883.751 -0.425
883.881 -0.426
884.01 -0.427
884.141 -0.428
884.275 -0.429
884.41 -0.43
884.548 -0.431
884.686 -0.432
884.824 -0.433
884.963 -0.434
885.1 -0.435
885.238 -0.436
885.377 -0.437
885.516 -0.438
885.654 -0.439
885.792 -0.44
885.929 -0.441
886.066 -0.442
886.203 -0.443
886.34 -0.444
886.477 -0.445
886.615 -0.446
886.751 -0.447
886.887 -0.448
887.024 -0.449
887.163 -0.45
887.303 -0.451
887.442 -0.452
887.578 -0.453
887.714 -0.454
887.85 -0.455
887.986 -0.456
888.122 -0.457
888.259 -0.458
888.396 -0.459
888.534 -0.46
888.671 -0.461
888.809 -0.462
888.946 -0.463
889.084 -0.464
889.222 -0.465
889.36 -0.466
889.498 -0.467
889.636 -0.468
889.774 -0.469
889.912 -0.47
890.051 -0.471
890.19 -0.472
890.329 -0.473
890.468 -0.474
890.608 -0.475
890.748 -0.476
890.889 -0.477
891.029 -0.478
891.17 -0.479
891.311 -0.48
891.453 -0.481
891.595 -0.482
891.736 -0.483
891.878 -0.484
892.021 -0.485
892.164 -0.486
892.306 -0.487
892.45 -0.488
892.594 -0.489
892.738 -0.49
892.883 -0.491
893.028 -0.492
893.174 -0.493
893.321 -0.494
893.467 -0.495
893.613 -0.496
893.76 -0.497
893.906 -0.498
894.053 -0.499
894.2 -0.5
894.347 -0.501
894.494 -0.502
894.642 -0.503
894.79 -0.504
894.938 -0.505
895.086 -0.506
895.234 -0.507
895.382 -0.508
895.531 -0.509
895.679 -0.51
895.829 -0.511
895.978 -0.512
896.128 -0.513
896.279 -0.514
896.429 -0.515
896.58 -0.516
896.732 -0.517
896.883 -0.518
897.035 -0.519
897.186 -0.52
897.338 -0.521
897.49 -0.522
897.642 -0.523
897.795 -0.524
897.947 -0.525
898.1 -0.526
898.254 -0.527
898.407 -0.528
898.561 -0.529
898.715 -0.53
898.87 -0.531
899.025 -0.532
899.18 -0.533
899.336 -0.534
899.491 -0.535
899.647 -0.536
899.803 -0.537
899.959 -0.538
900.116 -0.539
900.272 -0.54
900.429 -0.541
900.585 -0.542
900.742 -0.543
900.899 -0.544
901.057 -0.545
901.214 -0.546
901.372 -0.547
901.53 -0.548
901.688 -0.549
901.846 -0.55
902.004 -0.551
902.163 -0.552
902.323 -0.553
902.483 -0.554
902.642 -0.555
902.802 -0.556
902.962 -0.557
903.123 -0.558
903.283 -0.559
903.444 -0.56
903.605 -0.561
903.767 -0.562
903.928 -0.563
904.09 -0.564
904.252 -0.565
904.414 -0.566
904.576 -0.567
904.739 -0.568
904.902 -0.569
905.064 -0.57
905.228 -0.571
905.391 -0.572
905.554 -0.573
905.718 -0.574
905.882 -0.575
906.046 -0.576
906.21 -0.577
906.375 -0.578
906.539 -0.579
906.704 -0.58
906.869 -0.581
907.034 -0.582
907.2 -0.583
907.365 -0.584
907.531 -0.585
907.697 -0.586
907.863 -0.587
908.03 -0.588
908.196 -0.589
908.363 -0.59
908.53 -0.591
908.698 -0.592
908.865 -0.593
909.033 -0.594
909.201 -0.595
909.369 -0.596
909.537 -0.597
909.706 -0.598
909.874 -0.599
910.043 -0.6
910.212 -0.601
910.382 -0.602
910.551 -0.603
910.721 -0.604
910.891 -0.605
911.061 -0.606
911.232 -0.607
911.402 -0.608
911.573 -0.609
911.744 -0.61
911.915 -0.611
912.087 -0.612
912.258 -0.613
912.43 -0.614
912.602 -0.615
912.775 -0.616
912.947 -0.617
913.12 -0.618
913.294 -0.619
913.467 -0.62
913.641 -0.621
913.814 -0.622
913.988 -0.623
914.163 -0.624
914.337 -0.625
914.512 -0.626
914.687 -0.627
914.862 -0.628
915.037 -0.629
915.213 -0.63
915.388 -0.631
915.564 -0.632
915.74 -0.633
915.917 -0.634
916.093 -0.635
916.27 -0.636
916.447 -0.637
916.625 -0.638
916.802 -0.639
916.98 -0.64
917.158 -0.641
917.336 -0.642
917.514 -0.643
917.693 -0.644
917.872 -0.645
918.051 -0.646
918.23 -0.647
918.41 -0.648
918.59 -0.649
918.77 -0.65
918.95 -0.651
919.13 -0.652
919.311 -0.653
919.492 -0.654
919.673 -0.655
919.855 -0.656
920.037 -0.657
920.219 -0.658
920.402 -0.659
920.585 -0.66
920.768 -0.661
920.951 -0.662
921.135 -0.663
921.319 -0.664
921.504 -0.665
921.688 -0.666
921.873 -0.667
922.059 -0.668
922.244 -0.669
922.43 -0.67
922.616 -0.671
922.803 -0.672
922.99 -0.673
923.177 -0.674
923.364 -0.675
923.552 -0.676
923.74 -0.677
923.928 -0.678
924.117 -0.679
924.306 -0.68
924.495 -0.681
924.684 -0.682
924.874 -0.683
925.064 -0.684
925.255 -0.685
925.445 -0.686
925.636 -0.687
925.827 -0.688
926.019 -0.689
926.21 -0.69
926.402 -0.691
926.595 -0.692
926.787 -0.693
926.98 -0.694
927.173 -0.695
927.366 -0.696
927.56 -0.697
927.754 -0.698
927.948 -0.699
928.143 -0.7
928.337 -0.701
928.533 -0.702
928.728 -0.703
928.924 -0.704
929.12 -0.705
929.316 -0.706
929.512 -0.707
929.709 -0.708
929.906 -0.709
930.104 -0.71
930.301 -0.711
930.499 -0.712
930.698 -0.713
930.896 -0.714
931.095 -0.715
931.294 -0.716
931.493 -0.717
931.693 -0.718
931.893 -0.719
932.093 -0.72
932.293 -0.721
932.494 -0.722
932.695 -0.723
932.896 -0.724
933.097 -0.725
933.299 -0.726
933.501 -0.727
933.703 -0.728
933.906 -0.729
934.109 -0.73
934.312 -0.731
934.515 -0.732
934.719 -0.733
934.923 -0.734
935.127 -0.735
935.332 -0.736
935.537 -0.737
935.742 -0.738
935.947 -0.739
936.153 -0.74
936.359 -0.741
936.565 -0.742
936.771 -0.743
936.978 -0.744
937.185 -0.745
937.392 -0.746
937.599 -0.747
937.807 -0.748
938.014 -0.749
938.223 -0.75
938.431 -0.751
938.64 -0.752
938.849 -0.753
939.058 -0.754
939.267 -0.755
939.477 -0.756
939.687 -0.757
939.898 -0.758
940.108 -0.759
940.319 -0.76
940.53 -0.761
940.742 -0.762
940.954 -0.763
941.165 -0.764
941.378 -0.765
941.59 -0.766
941.803 -0.767
942.016 -0.768
942.23 -0.769
942.443 -0.77
942.657 -0.771
942.872 -0.772
943.086 -0.773
943.301 -0.774
943.516 -0.775
943.732 -0.776
943.948 -0.777
944.164 -0.778
944.381 -0.779
944.597 -0.78
944.815 -0.781
945.032 -0.782
945.25 -0.783
945.468 -0.784
945.686 -0.785
945.905 -0.786
946.124 -0.787
946.344 -0.788
946.564 -0.789
946.784 -0.79
947.004 -0.791
947.225 -0.792
947.446 -0.793
947.668 -0.794
947.889 -0.795
948.112 -0.796
948.334 -0.797
948.557 -0.798
948.78 -0.799
949.004 -0.8
