14.027 -0.001
28.0352 -0.002
42.0246 -0.003
55.9952 -0.004
69.9466 -0.005
83.8787 -0.006
97.7914 -0.007
111.685 -0.008
125.558 -0.009
139.411 -0.01
153.244 -0.011
167.057 -0.012
180.85 -0.013
194.621 -0.014
208.372 -0.015
222.102 -0.016
235.81 -0.017
249.497 -0.018
263.162 -0.019
276.805 -0.02
290.426 -0.021
304.024 -0.022
317.6 -0.023
330.892 -0.024
341.995 -0.025
351.439 -0.026
360.875 -0.027
370.268 -0.028
379.643 -0.029
388.868 -0.03
396.889 -0.031
402.712 -0.032
408.426 -0.033
414.134 -0.034
419.838 -0.035
425.533 -0.036
431.22 -0.037
436.896 -0.038
442.555 -0.039
448.195 -0.04
453.825 -0.041
459.445 -0.042
465.053 -0.043
470.647 -0.044
476.227 -0.045
481.792 -0.046
487.336 -0.047
492.782 -0.048
497.951 -0.049
502.851 -0.05
507.425 -0.051
511.284 -0.052
514.45 -0.053
517.603 -0.054
520.749 -0.055
523.884 -0.056
527.011 -0.057
530.13 -0.058
533.238 -0.059
536.332 -0.06
539.406 -0.061
542.456 -0.062
545.469 -0.063
548.434 -0.064
551.275 -0.065
553.917 -0.066
556.35 -0.067
558.439 -0.068
560.193 -0.069
561.271 -0.07
561.952 -0.071
562.621 -0.072
563.284 -0.073
563.942 -0.074
564.592 -0.075
565.235 -0.076
565.862 -0.077
566.476 -0.078
567.076 -0.079
567.654 -0.08
568.213 -0.081
568.755 -0.082
569.276 -0.083
569.772 -0.084
570.25 -0.085
570.704 -0.086
571.135 -0.087
571.552 -0.088
571.956 -0.089
572.349 -0.09
572.73 -0.091
573.103 -0.092
573.47 -0.093
573.83 -0.094
574.186 -0.095
574.538 -0.096
574.886 -0.097
575.231 -0.098
575.572 -0.099
575.909 -0.1
576.24 -0.101
576.568 -0.102
576.892 -0.103
577.212 -0.104
577.529 -0.105
577.842 -0.106
578.153 -0.107
578.46 -0.108
578.763 -0.109
579.064 -0.11
579.362 -0.111
579.656 -0.112
579.947 -0.113
580.231 -0.114
580.51 -0.115
580.787 -0.116
581.056 -0.117
581.322 -0.118
581.584 -0.119
581.842 -0.12
582.095 -0.121
582.344 -0.122
582.588 -0.123
582.826 -0.124
583.061 -0.125
583.291 -0.126
583.517 -0.127
583.741 -0.128
583.96 -0.129
584.177 -0.13
584.388 -0.131
584.597 -0.132
584.802 -0.133
585.001 -0.134
585.195 -0.135
585.385 -0.136
585.573 -0.137
585.758 -0.138
585.94 -0.139
586.12 -0.14
586.295 -0.141
586.469 -0.142
586.641 -0.143
586.811 -0.144
586.977 -0.145
587.141 -0.146
587.301 -0.147
587.46 -0.148
587.616 -0.149
587.771 -0.15
587.923 -0.151
588.073 -0.152
588.221 -0.153
588.369 -0.154
588.515 -0.155
588.659 -0.156
588.803 -0.157
588.945 -0.158
589.086 -0.159
589.225 -0.16
589.365 -0.161
589.503 -0.162
589.641 -0.163
589.777 -0.164
589.913 -0.165
590.049 -0.166
590.184 -0.167
590.317 -0.168
590.449 -0.169
590.58 -0.17
590.711 -0.171
590.842 -0.172
590.972 -0.173
591.101 -0.174
591.229 -0.175
591.358 -0.176
591.485 -0.177
591.613 -0.178
591.74 -0.179
591.866 -0.18
591.992 -0.181
592.118 -0.182
592.244 -0.183
592.368 -0.184
592.492 -0.185
592.614 -0.186
592.736 -0.187
592.858 -0.188
592.98 -0.189
593.101 -0.19
593.222 -0.191
593.343 -0.192
593.463 -0.193
593.583 -0.194
593.702 -0.195
593.822 -0.196
593.94 -0.197
594.059 -0.198
594.177 -0.199
594.295 -0.2
594.413 -0.201
594.53 -0.202
594.647 -0.203
594.764 -0.204
594.88 -0.205
594.996 -0.206
595.112 -0.207
595.228 -0.208
595.343 -0.209
595.458 -0.21
595.573 -0.211
595.687 -0.212
595.801 -0.213
595.914 -0.214
596.026 -0.215
596.137 -0.216
596.249 -0.217
596.36 -0.218
596.469 -0.219
596.578 -0.22
596.686 -0.221
596.793 -0.222
596.9 -0.223
597.005 -0.224
597.11 -0.225
597.212 -0.226
597.315 -0.227
597.414 -0.228
597.513 -0.229
597.612 -0.23
597.708 -0.231
597.804 -0.232
597.902 -0.233
597.999 -0.234
598.098 -0.235
598.195 -0.236
598.293 -0.237
598.392 -0.238
598.49 -0.239
598.588 -0.24
598.686 -0.241
598.784 -0.242
598.881 -0.243
598.979 -0.244
599.077 -0.245
599.175 -0.246
599.272 -0.247
599.37 -0.248
599.467 -0.249
599.564 -0.25
599.66 -0.251
599.757 -0.252
599.853 -0.253
599.949 -0.254
600.045 -0.255
600.141 -0.256
600.236 -0.257
600.332 -0.258
600.427 -0.259
600.522 -0.26
600.617 -0.261
600.711 -0.262
600.805 -0.263
600.9 -0.264
600.994 -0.265
601.088 -0.266
601.182 -0.267
601.276 -0.268
601.369 -0.269
601.463 -0.27
601.556 -0.271
601.649 -0.272
601.742 -0.273
601.835 -0.274
601.927 -0.275
602.02 -0.276
602.112 -0.277
602.204 -0.278
602.295 -0.279
602.387 -0.28
602.478 -0.281
602.569 -0.282
602.66 -0.283
602.751 -0.284
602.842 -0.285
602.933 -0.286
603.024 -0.287
603.114 -0.288
603.204 -0.289
603.295 -0.29
603.385 -0.291
603.474 -0.292
603.564 -0.293
603.654 -0.294
603.744 -0.295
603.833 -0.296
603.922 -0.297
604.011 -0.298
604.1 -0.299
604.189 -0.3
604.278 -0.301
604.367 -0.302
604.456 -0.303
604.544 -0.304
604.633 -0.305
604.721 -0.306
604.809 -0.307
604.897 -0.308
604.985 -0.309
605.072 -0.31
605.16 -0.311
605.247 -0.312
605.335 -0.313
605.422 -0.314
605.51 -0.315
605.598 -0.316
605.685 -0.317
605.773 -0.318
605.86 -0.319
605.948 -0.32
606.035 -0.321
606.122 -0.322
606.209 -0.323
606.296 -0.324
606.383 -0.325
606.47 -0.326
606.557 -0.327
606.644 -0.328
606.731 -0.329
606.818 -0.33
606.904 -0.331
606.991 -0.332
607.078 -0.333
607.165 -0.334
607.252 -0.335
607.339 -0.336
607.425 -0.337
607.512 -0.338
607.599 -0.339
607.686 -0.34
607.772 -0.341
607.859 -0.342
607.946 -0.343
608.032 -0.344
608.118 -0.345
608.205 -0.346
608.291 -0.347
608.377 -0.348
608.463 -0.349
608.55 -0.35
608.636 -0.351
608.722 -0.352
608.808 -0.353
608.894 -0.354
608.98 -0.355
609.067 -0.356
609.153 -0.357
609.238 -0.358
609.324 -0.359
609.41 -0.36
609.495 -0.361
609.581 -0.362
609.667 -0.363
609.753 -0.364
609.838 -0.365
609.924 -0.366
610.009 -0.367
610.094 -0.368
610.179 -0.369
610.265 -0.37
610.35 -0.371
610.434 -0.372
610.519 -0.373
610.604 -0.374
610.688 -0.375
610.773 -0.376
610.857 -0.377
610.941 -0.378
611.026 -0.379
611.11 -0.38
611.194 -0.381
611.279 -0.382
611.363 -0.383
611.447 -0.384
611.531 -0.385
611.615 -0.386
611.698 -0.387
611.781 -0.388
611.864 -0.389
611.947 -0.39
612.029 -0.391
612.112 -0.392
612.195 -0.393
612.278 -0.394
612.36 -0.395
612.443 -0.396
612.525 -0.397
612.607 -0.398
612.689 -0.399
612.77 -0.4
612.851 -0.401
612.933 -0.402
613.014 -0.403
613.095 -0.404
613.176 -0.405
613.256 -0.406
613.337 -0.407
613.418 -0.408
613.498 -0.409
613.578 -0.41
613.658 -0.411
613.738 -0.412
613.818 -0.413
613.898 -0.414
613.977 -0.415
614.056 -0.416
614.135 -0.417
614.214 -0.418
614.293 -0.419
614.371 -0.42
614.449 -0.421
614.526 -0.422
614.604 -0.423
614.681 -0.424
614.758 -0.425
614.835 -0.426
614.911 -0.427
614.988 -0.428
615.064 -0.429
615.139 -0.43
615.214 -0.431
615.288 -0.432
615.362 -0.433
615.436 -0.434
615.509 -0.435
615.582 -0.436
615.654 -0.437
615.726 -0.438
615.797 -0.439
615.867 -0.44
615.936 -0.441
616.005 -0.442
616.073 -0.443
616.14 -0.444
616.205 -0.445
616.269 -0.446
616.331 -0.447
616.391 -0.448
616.448 -0.449
616.501 -0.45
616.552 -0.451
616.597 -0.452
616.629 -0.453
616.637 -0.454
616.601 -0.455
616.508 -0.456
616.358 -0.457
616.199 -0.458
616.057 -0.459
615.971 -0.46
615.921 -0.461
615.894 -0.462
615.909 -0.463
615.947 -0.464
616.018 -0.465
616.103 -0.466
616.192 -0.467
616.29 -0.468
616.401 -0.469
616.518 -0.47
616.635 -0.471
616.754 -0.472
616.873 -0.473
616.997 -0.474
617.118 -0.475
617.232 -0.476
617.331 -0.477
617.413 -0.478
617.49 -0.479
617.566 -0.48
617.641 -0.481
617.716 -0.482
617.791 -0.483
617.865 -0.484
617.939 -0.485
618.013 -0.486
618.087 -0.487
618.16 -0.488
618.232 -0.489
618.304 -0.49
618.375 -0.491
618.445 -0.492
618.515 -0.493
618.585 -0.494
618.652 -0.495
618.718 -0.496
618.784 -0.497
618.848 -0.498
618.911 -0.499
618.973 -0.5
619.033 -0.501
619.091 -0.502
619.146 -0.503
619.197 -0.504
619.244 -0.505
619.283 -0.506
619.307 -0.507
619.316 -0.508
619.303 -0.509
619.265 -0.51
619.198 -0.511
619.095 -0.512
618.957 -0.513
618.779 -0.514
618.558 -0.515
618.288 -0.516
617.967 -0.517
617.601 -0.518
617.188 -0.519
616.753 -0.52
616.342 -0.521
615.901 -0.522
615.534 -0.523
615.218 -0.524
614.945 -0.525
614.748 -0.526
614.674 -0.527
614.676 -0.528
614.758 -0.529
614.932 -0.53
615.171 -0.531
615.453 -0.532
615.783 -0.533
616.088 -0.534
616.376 -0.535
616.656 -0.536
616.902 -0.537
617.101 -0.538
617.282 -0.539
617.446 -0.54
617.604 -0.541
617.757 -0.542
617.906 -0.543
618.05 -0.544
618.19 -0.545
618.325 -0.546
618.455 -0.547
618.58 -0.548
618.703 -0.549
618.823 -0.55
618.925 -0.551
619.011 -0.552
619.102 -0.553
619.188 -0.554
619.259 -0.555
619.317 -0.556
619.374 -0.557
619.43 -0.558
619.487 -0.559
619.542 -0.56
619.596 -0.561
619.649 -0.562
619.701 -0.563
619.752 -0.564
619.801 -0.565
619.851 -0.566
619.901 -0.567
619.951 -0.568
619.999 -0.569
620.044 -0.57
620.085 -0.571
620.118 -0.572
620.141 -0.573
620.152 -0.574
620.147 -0.575
620.149 -0.576
620.183 -0.577
620.237 -0.578
620.287 -0.579
620.35 -0.58
620.423 -0.581
620.492 -0.582
620.574 -0.583
620.666 -0.584
620.749 -0.585
620.82 -0.586
620.889 -0.587
620.96 -0.588
621.031 -0.589
621.102 -0.59
621.173 -0.591
621.244 -0.592
621.315 -0.593
621.386 -0.594
621.458 -0.595
621.53 -0.596
621.603 -0.597
621.675 -0.598
621.747 -0.599
621.82 -0.6
621.892 -0.601
621.965 -0.602
622.037 -0.603
622.109 -0.604
622.182 -0.605
622.254 -0.606
622.327 -0.607
622.4 -0.608
622.473 -0.609
622.546 -0.61
622.619 -0.611
622.692 -0.612
622.765 -0.613
622.838 -0.614
622.911 -0.615
622.984 -0.616
623.056 -0.617
623.129 -0.618
623.202 -0.619
623.275 -0.62
623.348 -0.621
623.42 -0.622
623.493 -0.623
623.566 -0.624
623.639 -0.625
623.711 -0.626
623.784 -0.627
623.856 -0.628
623.929 -0.629
624.001 -0.63
624.073 -0.631
624.145 -0.632
624.217 -0.633
624.289 -0.634
624.361 -0.635
624.433 -0.636
624.504 -0.637
624.576 -0.638
624.648 -0.639
624.72 -0.64
624.791 -0.641
624.863 -0.642
624.935 -0.643
625.007 -0.644
625.078 -0.645
625.15 -0.646
625.222 -0.647
625.293 -0.648
625.365 -0.649
625.437 -0.65
625.508 -0.651
625.58 -0.652
625.652 -0.653
625.723 -0.654
625.795 -0.655
625.866 -0.656
625.938 -0.657
626.01 -0.658
626.081 -0.659
626.153 -0.66
626.224 -0.661
626.295 -0.662
626.367 -0.663
626.438 -0.664
626.51 -0.665
626.581 -0.666
626.652 -0.667
626.724 -0.668
626.795 -0.669
626.866 -0.67
626.937 -0.671
627.008 -0.672
627.079 -0.673
627.149 -0.674
627.22 -0.675
627.29 -0.676
627.36 -0.677
627.434 -0.678
627.509 -0.679
627.583 -0.68
627.658 -0.681
627.733 -0.682
627.807 -0.683
627.881 -0.684
627.955 -0.685
628.029 -0.686
628.103 -0.687
628.177 -0.688
628.251 -0.689
628.325 -0.69
628.398 -0.691
628.472 -0.692
628.545 -0.693
628.619 -0.694
628.692 -0.695
628.765 -0.696
628.839 -0.697
628.912 -0.698
628.985 -0.699
629.058 -0.7
629.132 -0.701
629.205 -0.702
629.278 -0.703
629.351 -0.704
629.424 -0.705
629.497 -0.706
629.57 -0.707
629.642 -0.708
629.715 -0.709
629.788 -0.71
629.861 -0.711
629.934 -0.712
630.007 -0.713
630.08 -0.714
630.153 -0.715
630.226 -0.716
630.3 -0.717
630.373 -0.718
630.447 -0.719
630.52 -0.72
630.594 -0.721
630.667 -0.722
630.741 -0.723
630.815 -0.724
630.888 -0.725
630.962 -0.726
631.036 -0.727
631.11 -0.728
631.184 -0.729
631.258 -0.73
631.331 -0.731
631.405 -0.732
631.479 -0.733
631.553 -0.734
631.626 -0.735
631.7 -0.736
631.773 -0.737
631.846 -0.738
631.919 -0.739
631.993 -0.74
632.066 -0.741
632.138 -0.742
632.211 -0.743
632.284 -0.744
632.356 -0.745
632.428 -0.746
632.501 -0.747
632.573 -0.748
632.644 -0.749
632.716 -0.75
632.787 -0.751
632.859 -0.752
632.93 -0.753
633.003 -0.754
633.077 -0.755
633.152 -0.756
633.228 -0.757
633.305 -0.758
633.383 -0.759
633.462 -0.76
633.541 -0.761
633.621 -0.762
633.701 -0.763
633.781 -0.764
633.862 -0.765
633.942 -0.766
634.023 -0.767
634.104 -0.768
634.185 -0.769
634.266 -0.77
634.348 -0.771
634.43 -0.772
634.512 -0.773
634.594 -0.774
634.675 -0.775
634.757 -0.776
634.838 -0.777
634.92 -0.778
635 -0.779
635.081 -0.78
635.161 -0.781
635.241 -0.782
635.32 -0.783
635.399 -0.784
635.477 -0.785
635.554 -0.786
635.631 -0.787
635.707 -0.788
635.782 -0.789
635.855 -0.79
635.927 -0.791
635.997 -0.792
636.064 -0.793
636.127 -0.794
636.183 -0.795
636.225 -0.796
636.242 -0.797
636.229 -0.798
636.176 -0.799
636.074 -0.8
635.917 -0.801
635.709 -0.802
635.447 -0.803
635.14 -0.804
634.791 -0.805
634.407 -0.806
634 -0.807
633.639 -0.808
633.279 -0.809
632.919 -0.81
632.624 -0.811
632.384 -0.812
632.281 -0.813
632.217 -0.814
632.209 -0.815
632.235 -0.816
632.28 -0.817
632.36 -0.818
632.449 -0.819
632.555 -0.82
632.677 -0.821
632.81 -0.822
632.948 -0.823
633.097 -0.824
633.254 -0.825
633.413 -0.826
633.572 -0.827
633.74 -0.828
633.91 -0.829
634.087 -0.83
634.252 -0.831
634.397 -0.832
634.524 -0.833
634.637 -0.834
634.748 -0.835
634.857 -0.836
634.963 -0.837
635.066 -0.838
635.169 -0.839
635.273 -0.84
635.38 -0.841
635.485 -0.842
635.59 -0.843
635.697 -0.844
635.802 -0.845
635.907 -0.846
636.012 -0.847
636.116 -0.848
636.22 -0.849
636.323 -0.85
636.425 -0.851
636.529 -0.852
636.632 -0.853
636.736 -0.854
636.839 -0.855
636.942 -0.856
637.042 -0.857
637.138 -0.858
637.233 -0.859
637.326 -0.86
637.417 -0.861
637.505 -0.862
637.591 -0.863
637.674 -0.864
637.756 -0.865
637.834 -0.866
637.911 -0.867
637.985 -0.868
638.057 -0.869
638.125 -0.87
638.192 -0.871
638.254 -0.872
638.315 -0.873
638.376 -0.874
638.435 -0.875
638.494 -0.876
638.553 -0.877
638.61 -0.878
638.667 -0.879
638.723 -0.88
638.777 -0.881
638.831 -0.882
638.884 -0.883
638.935 -0.884
638.986 -0.885
639.038 -0.886
639.114 -0.887
639.2 -0.888
639.297 -0.889
639.406 -0.89
639.518 -0.891
639.635 -0.892
639.754 -0.893
639.877 -0.894
640.001 -0.895
640.128 -0.896
640.255 -0.897
640.38 -0.898
640.507 -0.899
640.634 -0.9
640.761 -0.901
640.887 -0.902
641.012 -0.903
641.136 -0.904
641.258 -0.905
641.378 -0.906
641.497 -0.907
641.617 -0.908
641.736 -0.909
641.85 -0.91
641.95 -0.911
642.028 -0.912
642.096 -0.913
642.164 -0.914
642.236 -0.915
642.312 -0.916
642.391 -0.917
642.471 -0.918
642.552 -0.919
642.632 -0.92
642.709 -0.921
642.789 -0.922
642.87 -0.923
642.95 -0.924
643.026 -0.925
643.102 -0.926
643.183 -0.927
643.276 -0.928
643.376 -0.929
643.475 -0.93
643.575 -0.931
643.671 -0.932
643.766 -0.933
643.859 -0.934
643.951 -0.935
644.043 -0.936
644.134 -0.937
644.225 -0.938
644.319 -0.939
644.415 -0.94
644.51 -0.941
644.606 -0.942
644.702 -0.943
644.797 -0.944
644.893 -0.945
644.989 -0.946
645.085 -0.947
645.18 -0.948
645.276 -0.949
645.372 -0.95
645.468 -0.951
645.563 -0.952
645.659 -0.953
645.755 -0.954
645.851 -0.955
645.947 -0.956
646.043 -0.957
646.139 -0.958
646.236 -0.959
646.333 -0.96
646.43 -0.961
646.528 -0.962
646.626 -0.963
646.723 -0.964
646.821 -0.965
646.919 -0.966
647.017 -0.967
647.114 -0.968
647.212 -0.969
647.309 -0.97
647.407 -0.971
647.504 -0.972
647.602 -0.973
647.7 -0.974
647.797 -0.975
647.895 -0.976
647.993 -0.977
648.09 -0.978
648.188 -0.979
648.286 -0.98
648.384 -0.981
648.482 -0.982
648.579 -0.983
648.677 -0.984
648.775 -0.985
648.873 -0.986
648.971 -0.987
649.069 -0.988
649.167 -0.989
649.265 -0.99
649.363 -0.991
649.461 -0.992
649.559 -0.993
649.657 -0.994
649.755 -0.995
649.852 -0.996
649.95 -0.997
650.048 -0.998
650.146 -0.999
650.245 -1
