19.2563 -0.001
38.4659 -0.002
57.6291 -0.003
76.7458 -0.004
95.816 -0.005
114.84 -0.006
133.817 -0.007
152.748 -0.008
171.632 -0.009
190.47 -0.01
209.261 -0.011
228.006 -0.012
246.705 -0.013
265.357 -0.014
283.962 -0.015
302.521 -0.016
321.034 -0.017
339.5 -0.018
357.919 -0.019
376.292 -0.02
394.618 -0.021
412.897 -0.022
431.13 -0.023
449.316 -0.024
467.455 -0.025
485.548 -0.026
503.593 -0.027
521.592 -0.028
539.544 -0.029
557.448 -0.03
575.306 -0.031
593.116 -0.032
610.879 -0.033
628.498 -0.034
645.044 -0.035
658.934 -0.036
669.414 -0.037
679.607 -0.038
689.619 -0.039
699.519 -0.04
709.365 -0.041
719.173 -0.042
728.863 -0.043
738.222 -0.044
747.173 -0.045
755.622 -0.046
763.43 -0.047
771.127 -0.048
778.797 -0.049
786.407 -0.05
793.942 -0.051
801.46 -0.052
808.944 -0.053
816.385 -0.054
823.752 -0.055
830.886 -0.056
837.633 -0.057
844.188 -0.058
850.061 -0.059
855.695 -0.06
860.451 -0.061
864.285 -0.062
867.714 -0.063
871.078 -0.064
874.407 -0.065
877.64 -0.066
880.82 -0.067
883.956 -0.068
886.978 -0.069
889.934 -0.07
892.859 -0.071
895.68 -0.072
898.437 -0.073
901.116 -0.074
903.75 -0.075
906.351 -0.076
908.92 -0.077
911.46 -0.078
913.97 -0.079
916.409 -0.08
918.788 -0.081
921.136 -0.082
923.444 -0.083
925.518 -0.084
927.451 -0.085
929.342 -0.086
931.025 -0.087
932.61 -0.088
933.931 -0.089
935.067 -0.09
936.167 -0.091
937.189 -0.092
938 -0.093
938.748 -0.094
939.447 -0.095
940.111 -0.096
940.737 -0.097
941.322 -0.098
941.836 -0.099
942.311 -0.1
942.761 -0.101
943.187 -0.102
943.581 -0.103
943.912 -0.104
944.184 -0.105
944.393 -0.106
944.578 -0.107
944.741 -0.108
944.883 -0.109
944.986 -0.11
945.064 -0.111
945.126 -0.112
945.173 -0.113
945.208 -0.114
945.224 -0.115
945.216 -0.116
945.195 -0.117
945.164 -0.118
945.122 -0.119
945.071 -0.12
945.01 -0.121
944.939 -0.122
944.858 -0.123
944.768 -0.124
944.669 -0.125
944.56 -0.126
944.441 -0.127
944.312 -0.128
944.173 -0.129
944.024 -0.13
943.865 -0.131
943.696 -0.132
943.517 -0.133
943.33 -0.134
943.137 -0.135
942.938 -0.136
942.733 -0.137
942.523 -0.138
942.307 -0.139
942.085 -0.14
941.857 -0.141
941.624 -0.142
941.386 -0.143
941.144 -0.144
940.896 -0.145
940.639 -0.146
940.372 -0.147
940.095 -0.148
939.814 -0.149
939.529 -0.15
939.241 -0.151
938.949 -0.152
938.654 -0.153
938.355 -0.154
938.054 -0.155
937.749 -0.156
937.441 -0.157
937.13 -0.158
936.816 -0.159
936.499 -0.16
936.18 -0.161
935.857 -0.162
935.531 -0.163
935.203 -0.164
934.866 -0.165
934.523 -0.166
934.175 -0.167
933.816 -0.168
933.448 -0.169
933.073 -0.17
932.696 -0.171
932.316 -0.172
931.933 -0.173
931.547 -0.174
931.159 -0.175
930.768 -0.176
930.375 -0.177
929.98 -0.178
929.581 -0.179
929.18 -0.18
928.778 -0.181
928.374 -0.182
927.968 -0.183
927.556 -0.184
927.138 -0.185
926.715 -0.186
926.291 -0.187
925.866 -0.188
925.439 -0.189
925.011 -0.19
924.581 -0.191
924.15 -0.192
923.717 -0.193
923.283 -0.194
922.847 -0.195
922.411 -0.196
921.974 -0.197
921.534 -0.198
921.094 -0.199
920.653 -0.2
920.211 -0.201
919.768 -0.202
919.324 -0.203
918.88 -0.204
918.435 -0.205
917.99 -0.206
917.544 -0.207
917.098 -0.208
916.652 -0.209
916.206 -0.21
915.76 -0.211
915.313 -0.212
914.866 -0.213
914.418 -0.214
913.97 -0.215
913.521 -0.216
913.072 -0.217
912.622 -0.218
912.171 -0.219
911.719 -0.22
911.267 -0.221
910.814 -0.222
910.365 -0.223
909.923 -0.224
909.486 -0.225
909.054 -0.226
908.628 -0.227
908.207 -0.228
907.789 -0.229
907.371 -0.23
906.954 -0.231
906.537 -0.232
906.12 -0.233
905.705 -0.234
905.289 -0.235
904.874 -0.236
904.46 -0.237
904.047 -0.238
903.634 -0.239
903.222 -0.24
902.811 -0.241
902.4 -0.242
901.99 -0.243
901.581 -0.244
901.174 -0.245
900.767 -0.246
900.36 -0.247
899.955 -0.248
899.551 -0.249
899.148 -0.25
898.746 -0.251
898.345 -0.252
897.946 -0.253
897.547 -0.254
897.15 -0.255
896.753 -0.256
896.36 -0.257
895.97 -0.258
895.583 -0.259
895.199 -0.26
894.82 -0.261
894.448 -0.262
894.084 -0.263
893.727 -0.264
893.378 -0.265
893.038 -0.266
892.702 -0.267
892.373 -0.268
892.049 -0.269
891.728 -0.27
891.409 -0.271
891.091 -0.272
890.774 -0.273
890.459 -0.274
890.145 -0.275
889.833 -0.276
889.523 -0.277
889.213 -0.278
888.905 -0.279
888.599 -0.28
888.294 -0.281
887.991 -0.282
887.689 -0.283
887.388 -0.284
887.089 -0.285
886.792 -0.286
886.497 -0.287
886.203 -0.288
885.911 -0.289
885.621 -0.29
885.333 -0.291
885.047 -0.292
884.763 -0.293
884.481 -0.294
884.201 -0.295
883.923 -0.296
883.647 -0.297
883.372 -0.298
883.101 -0.299
882.831 -0.3
882.563 -0.301
882.297 -0.302
882.034 -0.303
881.773 -0.304
881.514 -0.305
881.257 -0.306
881.003 -0.307
880.751 -0.308
880.501 -0.309
880.254 -0.31
880.013 -0.311
879.774 -0.312
879.541 -0.313
879.31 -0.314
879.085 -0.315
878.862 -0.316
878.645 -0.317
878.432 -0.318
878.223 -0.319
878.018 -0.32
877.819 -0.321
877.623 -0.322
877.429 -0.323
877.239 -0.324
877.051 -0.325
876.867 -0.326
876.686 -0.327
876.507 -0.328
876.331 -0.329
876.159 -0.33
875.989 -0.331
875.823 -0.332
875.66 -0.333
875.5 -0.334
875.342 -0.335
875.187 -0.336
875.035 -0.337
874.886 -0.338
874.739 -0.339
874.595 -0.34
874.454 -0.341
874.315 -0.342
874.18 -0.343
874.047 -0.344
873.918 -0.345
873.791 -0.346
873.667 -0.347
873.546 -0.348
873.428 -0.349
873.313 -0.35
873.2 -0.351
873.09 -0.352
872.983 -0.353
872.878 -0.354
872.776 -0.355
872.677 -0.356
872.58 -0.357
872.487 -0.358
872.397 -0.359
872.31 -0.36
872.226 -0.361
872.145 -0.362
872.068 -0.363
871.994 -0.364
871.923 -0.365
871.855 -0.366
871.79 -0.367
871.729 -0.368
871.671 -0.369
871.617 -0.37
871.565 -0.371
871.518 -0.372
871.473 -0.373
871.432 -0.374
871.395 -0.375
871.36 -0.376
871.329 -0.377
871.3 -0.378
871.274 -0.379
871.251 -0.38
871.231 -0.381
871.215 -0.382
871.2 -0.383
871.189 -0.384
871.182 -0.385
871.178 -0.386
871.177 -0.387
871.18 -0.388
871.187 -0.389
871.197 -0.39
871.212 -0.391
871.23 -0.392
871.251 -0.393
871.277 -0.394
871.306 -0.395
871.338 -0.396
871.374 -0.397
871.413 -0.398
871.456 -0.399
871.502 -0.4
871.551 -0.401
871.605 -0.402
871.663 -0.403
871.726 -0.404
871.792 -0.405
871.864 -0.406
871.94 -0.407
872.022 -0.408
872.109 -0.409
872.201 -0.41
872.298 -0.411
872.4 -0.412
872.506 -0.413
872.619 -0.414
872.736 -0.415
872.857 -0.416
872.982 -0.417
873.112 -0.418
873.245 -0.419
873.382 -0.42
873.523 -0.421
873.669 -0.422
873.818 -0.423
873.971 -0.424
874.128 -0.425
874.286 -0.426
874.438 -0.427
874.57 -0.428
874.66 -0.429
874.746 -0.43
874.832 -0.431
874.917 -0.432
875 -0.433
875.086 -0.434
875.176 -0.435
875.268 -0.436
875.364 -0.437
875.462 -0.438
875.564 -0.439
875.669 -0.44
875.777 -0.441
875.888 -0.442
876.003 -0.443
876.121 -0.444
876.242 -0.445
876.366 -0.446
876.494 -0.447
876.625 -0.448
876.759 -0.449
876.896 -0.45
877.037 -0.451
877.181 -0.452
877.329 -0.453
877.479 -0.454
877.633 -0.455
877.791 -0.456
877.951 -0.457
878.115 -0.458
878.282 -0.459
878.453 -0.46
878.626 -0.461
878.803 -0.462
878.98 -0.463
879.153 -0.464
879.341 -0.465
879.53 -0.466
879.721 -0.467
879.92 -0.468
880.114 -0.469
880.322 -0.47
880.533 -0.471
880.747 -0.472
880.965 -0.473
881.186 -0.474
881.412 -0.475
881.641 -0.476
881.873 -0.477
882.11 -0.478
882.343 -0.479
882.579 -0.48
882.818 -0.481
883.053 -0.482
883.291 -0.483
883.531 -0.484
883.766 -0.485
884.005 -0.486
884.243 -0.487
884.48 -0.488
884.72 -0.489
884.954 -0.49
885.191 -0.491
885.426 -0.492
885.659 -0.493
885.895 -0.494
886.135 -0.495
886.378 -0.496
886.624 -0.497
886.874 -0.498
887.127 -0.499
887.384 -0.5
887.644 -0.501
887.907 -0.502
888.174 -0.503
888.445 -0.504
888.719 -0.505
888.996 -0.506
889.278 -0.507
889.562 -0.508
889.851 -0.509
890.143 -0.51
890.439 -0.511
890.739 -0.512
891.043 -0.513
891.351 -0.514
891.662 -0.515
891.978 -0.516
892.297 -0.517
892.619 -0.518
892.938 -0.519
893.26 -0.52
893.581 -0.521
893.901 -0.522
894.224 -0.523
894.536 -0.524
894.844 -0.525
895.142 -0.526
895.432 -0.527
895.713 -0.528
895.983 -0.529
896.251 -0.53
896.516 -0.531
896.784 -0.532
897.055 -0.533
897.33 -0.534
897.607 -0.535
897.888 -0.536
898.165 -0.537
898.446 -0.538
898.723 -0.539
899.003 -0.54
899.279 -0.541
899.558 -0.542
899.835 -0.543
900.114 -0.544
900.392 -0.545
900.669 -0.546
900.947 -0.547
901.228 -0.548
901.512 -0.549
901.799 -0.55
902.09 -0.551
902.383 -0.552
902.679 -0.553
902.978 -0.554
903.281 -0.555
903.586 -0.556
903.894 -0.557
904.205 -0.558
904.519 -0.559
904.836 -0.56
905.156 -0.561
905.478 -0.562
905.804 -0.563
906.133 -0.564
906.465 -0.565
906.8 -0.566
907.137 -0.567
907.477 -0.568
907.82 -0.569
908.166 -0.57
908.515 -0.571
908.866 -0.572
909.221 -0.573
909.579 -0.574
909.94 -0.575
910.303 -0.576
910.67 -0.577
911.04 -0.578
911.413 -0.579
911.789 -0.58
912.168 -0.581
912.55 -0.582
912.936 -0.583
913.324 -0.584
913.716 -0.585
914.111 -0.586
914.509 -0.587
914.91 -0.588
915.314 -0.589
915.722 -0.59
916.133 -0.591
916.547 -0.592
916.964 -0.593
917.384 -0.594
917.806 -0.595
918.221 -0.596
918.628 -0.597
919.028 -0.598
919.419 -0.599
919.804 -0.6
920.193 -0.601
920.584 -0.602
920.978 -0.603
921.375 -0.604
921.775 -0.605
922.177 -0.606
922.583 -0.607
922.992 -0.608
923.404 -0.609
923.82 -0.61
924.238 -0.611
924.659 -0.612
925.076 -0.613
925.486 -0.614
925.891 -0.615
926.29 -0.616
926.69 -0.617
927.092 -0.618
927.498 -0.619
927.906 -0.62
928.318 -0.621
928.731 -0.622
929.148 -0.623
929.568 -0.624
929.991 -0.625
930.417 -0.626
930.846 -0.627
931.278 -0.628
931.713 -0.629
932.151 -0.63
932.592 -0.631
933.036 -0.632
933.484 -0.633
933.934 -0.634
934.388 -0.635
934.844 -0.636
935.304 -0.637
935.766 -0.638
936.226 -0.639
936.678 -0.64
937.123 -0.641
937.563 -0.642
937.997 -0.643
938.431 -0.644
938.868 -0.645
939.308 -0.646
939.751 -0.647
940.197 -0.648
940.646 -0.649
941.098 -0.65
941.554 -0.651
942.012 -0.652
942.474 -0.653
942.938 -0.654
943.406 -0.655
943.877 -0.656
944.35 -0.657
944.827 -0.658
945.306 -0.659
945.789 -0.66
946.274 -0.661
946.761 -0.662
947.246 -0.663
947.731 -0.664
948.215 -0.665
948.699 -0.666
949.182 -0.667
949.665 -0.668
950.152 -0.669
950.641 -0.67
951.133 -0.671
951.629 -0.672
952.127 -0.673
952.629 -0.674
953.134 -0.675
953.642 -0.676
954.152 -0.677
954.666 -0.678
955.183 -0.679
955.702 -0.68
956.225 -0.681
956.751 -0.682
957.28 -0.683
957.811 -0.684
958.346 -0.685
958.884 -0.686
959.424 -0.687
959.968 -0.688
960.515 -0.689
961.065 -0.69
961.618 -0.691
962.174 -0.692
962.733 -0.693
963.295 -0.694
963.859 -0.695
964.417 -0.696
964.967 -0.697
965.508 -0.698
966.045 -0.699
966.586 -0.7
967.129 -0.701
967.675 -0.702
968.225 -0.703
968.778 -0.704
969.334 -0.705
969.893 -0.706
970.455 -0.707
971.02 -0.708
971.589 -0.709
972.161 -0.71
972.736 -0.711
973.315 -0.712
973.898 -0.713
974.484 -0.714
975.074 -0.715
975.668 -0.716
976.266 -0.717
976.867 -0.718
977.473 -0.719
978.081 -0.72
978.692 -0.721
979.306 -0.722
979.923 -0.723
980.544 -0.724
981.167 -0.725
981.793 -0.726
982.423 -0.727
983.054 -0.728
983.674 -0.729
984.288 -0.73
984.906 -0.731
985.526 -0.732
986.149 -0.733
986.776 -0.734
987.406 -0.735
988.04 -0.736
988.677 -0.737
989.317 -0.738
989.96 -0.739
990.608 -0.74
991.258 -0.741
991.913 -0.742
992.57 -0.743
993.231 -0.744
993.894 -0.745
994.555 -0.746
995.211 -0.747
995.862 -0.748
996.508 -0.749
997.157 -0.75
997.809 -0.751
998.465 -0.752
999.124 -0.753
999.786 -0.754
1000.45 -0.755
1001.12 -0.756
1001.79 -0.757
1002.47 -0.758
1003.15 -0.759
1003.84 -0.76
1004.52 -0.761
1005.21 -0.762
1005.91 -0.763
1006.61 -0.764
1007.31 -0.765
1008.01 -0.766
1008.72 -0.767
1009.43 -0.768
1010.15 -0.769
1010.87 -0.77
1011.58 -0.771
1012.3 -0.772
1013.02 -0.773
1013.74 -0.774
1014.46 -0.775
1015.19 -0.776
1015.92 -0.777
1016.65 -0.778
1017.39 -0.779
1018.13 -0.78
1018.87 -0.781
1019.61 -0.782
1020.36 -0.783
1021.12 -0.784
1021.87 -0.785
1022.63 -0.786
1023.4 -0.787
1024.16 -0.788
1024.93 -0.789
1025.71 -0.79
1026.48 -0.791
1027.26 -0.792
1028.04 -0.793
1028.83 -0.794
1029.62 -0.795
1030.41 -0.796
1031.21 -0.797
1032.01 -0.798
1032.81 -0.799
1033.62 -0.8
1034.43 -0.801
1035.25 -0.802
1036.07 -0.803
1036.89 -0.804
1037.72 -0.805
1038.55 -0.806
1039.38 -0.807
1040.19 -0.808
1040.99 -0.809
1041.8 -0.81
1042.62 -0.811
1043.44 -0.812
1044.26 -0.813
1045.09 -0.814
1045.92 -0.815
1046.75 -0.816
1047.58 -0.817
1048.42 -0.818
1049.26 -0.819
1050.11 -0.82
1050.96 -0.821
1051.81 -0.822
1052.67 -0.823
1053.52 -0.824
1054.38 -0.825
1055.24 -0.826
1056.11 -0.827
1056.97 -0.828
1057.84 -0.829
1058.72 -0.83
1059.59 -0.831
1060.46 -0.832
1061.33 -0.833
1062.21 -0.834
1063.08 -0.835
1063.96 -0.836
1064.84 -0.837
1065.72 -0.838
1066.6 -0.839
1067.49 -0.84
1068.38 -0.841
1069.27 -0.842
1070.16 -0.843
1071.06 -0.844
1071.95 -0.845
1072.85 -0.846
1073.75 -0.847
1074.65 -0.848
1075.54 -0.849
1076.43 -0.85
1077.32 -0.851
1078.2 -0.852
1079.07 -0.853
1079.94 -0.854
1080.79 -0.855
1081.62 -0.856
1082.43 -0.857
1083.21 -0.858
1083.95 -0.859
1084.59 -0.86
1085.23 -0.861
1085.87 -0.862
1086.5 -0.863
1087.14 -0.864
1087.79 -0.865
1088.44 -0.866
1089.09 -0.867
1089.74 -0.868
1090.4 -0.869
1091.05 -0.87
1091.71 -0.871
1092.32 -0.872
1092.92 -0.873
1093.52 -0.874
1094.11 -0.875
1094.73 -0.876
1095.54 -0.877
1096.32 -0.878
1097.2 -0.879
1098.08 -0.88
1098.86 -0.881
1099.54 -0.882
1100.23 -0.883
1100.92 -0.884
1101.61 -0.885
1102.3 -0.886
1102.99 -0.887
1103.69 -0.888
1104.38 -0.889
1105.08 -0.89
1105.78 -0.891
1106.47 -0.892
1107.13 -0.893
1107.75 -0.894
1108.37 -0.895
1108.97 -0.896
1109.66 -0.897
1110.49 -0.898
1111.37 -0.899
1112.66 -0.9
1114.05 -0.901
1115.43 -0.902
1116.82 -0.903
1118.21 -0.904
1119.61 -0.905
1121 -0.906
1122.38 -0.907
1123.76 -0.908
1125.06 -0.909
1126.3 -0.91
1127.54 -0.911
1128.71 -0.912
1129.86 -0.913
1131 -0.914
1132.14 -0.915
1133.28 -0.916
1134.42 -0.917
1135.56 -0.918
1136.66 -0.919
1137.74 -0.92
1138.82 -0.921
1139.91 -0.922
1140.99 -0.923
1142.08 -0.924
1143.17 -0.925
1144.25 -0.926
1145.33 -0.927
1146.4 -0.928
1147.45 -0.929
1148.48 -0.93
1149.49 -0.931
1150.5 -0.932
1151.5 -0.933
1152.51 -0.934
1153.51 -0.935
1154.51 -0.936
1155.5 -0.937
1156.48 -0.938
1157.46 -0.939
1158.45 -0.94
1159.43 -0.941
1160.41 -0.942
1161.4 -0.943
1162.36 -0.944
1163.29 -0.945
1164.14 -0.946
1164.96 -0.947
1165.78 -0.948
1166.7 -0.949
1167.7 -0.95
1168.62 -0.951
1169.48 -0.952
1170.34 -0.953
1171.35 -0.954
1172.47 -0.955
1173.6 -0.956
1174.73 -0.957
1175.87 -0.958
1177.01 -0.959
1178.15 -0.96
1179.29 -0.961
1180.39 -0.962
1181.45 -0.963
1182.51 -0.964
1183.58 -0.965
1184.6 -0.966
1185.6 -0.967
1186.6 -0.968
1187.61 -0.969
1188.61 -0.97
1189.61 -0.971
1190.61 -0.972
1191.61 -0.973
1192.61 -0.974
1193.61 -0.975
1194.61 -0.976
1195.62 -0.977
1196.63 -0.978
1197.63 -0.979
1198.64 -0.98
1199.66 -0.981
1200.67 -0.982
1201.68 -0.983
1202.7 -0.984
1203.72 -0.985
1204.74 -0.986
1205.76 -0.987
1206.79 -0.988
1207.81 -0.989
1208.84 -0.99
1209.87 -0.991
1210.9 -0.992
1211.92 -0.993
1212.93 -0.994
1213.94 -0.995
1214.95 -0.996
1215.94 -0.997
1216.93 -0.998
1217.93 -0.999
1218.92 -1
1219.92 -1.001
1220.92 -1.002
1221.92 -1.003
1222.92 -1.004
1223.93 -1.005
1224.94 -1.006
1225.95 -1.007
1226.97 -1.008
1227.99 -1.009
1229.01 -1.01
1230.03 -1.011
1231.06 -1.012
1232.08 -1.013
1233.11 -1.014
1234.15 -1.015
1235.18 -1.016
1236.22 -1.017
1237.26 -1.018
1238.31 -1.019
1239.35 -1.02
1240.4 -1.021
1241.45 -1.022
1242.51 -1.023
1243.56 -1.024
1244.62 -1.025
1245.68 -1.026
1246.75 -1.027
1247.82 -1.028
1248.88 -1.029
1249.96 -1.03
1251.03 -1.031
1252.11 -1.032
1253.19 -1.033
1254.27 -1.034
1255.36 -1.035
1256.45 -1.036
1257.54 -1.037
1258.63 -1.038
1259.73 -1.039
1260.83 -1.04
1261.93 -1.041
1263.03 -1.042
1264.13 -1.043
1265.23 -1.044
1266.33 -1.045
1267.42 -1.046
1268.51 -1.047
1269.59 -1.048
1270.67 -1.049
1271.76 -1.05
1272.84 -1.051
1273.93 -1.052
1275.03 -1.053
1276.12 -1.054
1277.22 -1.055
1278.32 -1.056
1279.42 -1.057
1280.53 -1.058
1281.63 -1.059
1282.74 -1.06
1283.86 -1.061
1284.97 -1.062
1286.09 -1.063
1287.21 -1.064
1288.33 -1.065
1289.46 -1.066
1290.59 -1.067
1291.72 -1.068
1292.85 -1.069
1293.99 -1.07
1295.13 -1.071
1296.27 -1.072
1297.41 -1.073
1298.56 -1.074
1299.71 -1.075
1300.86 -1.076
1302.01 -1.077
1303.17 -1.078
1304.33 -1.079
1305.49 -1.08
1306.66 -1.081
1307.83 -1.082
1308.99 -1.083
1310.13 -1.084
1311.26 -1.085
1312.39 -1.086
1313.53 -1.087
1314.67 -1.088
1315.81 -1.089
1316.95 -1.09
1318.1 -1.091
1319.25 -1.092
1320.4 -1.093
1321.55 -1.094
1322.7 -1.095
1323.85 -1.096
1325 -1.097
1326.14 -1.098
1327.29 -1.099
1328.44 -1.1
1329.58 -1.101
1330.68 -1.102
1331.78 -1.103
1332.88 -1.104
1333.99 -1.105
1335.1 -1.106
1336.14 -1.107
1337.11 -1.108
1338.09 -1.109
1339.06 -1.11
1340.03 -1.111
1341.01 -1.112
1341.99 -1.113
1342.97 -1.114
1343.95 -1.115
1344.93 -1.116
1345.92 -1.117
1346.9 -1.118
1347.88 -1.119
1348.85 -1.12
1349.82 -1.121
1350.79 -1.122
1351.75 -1.123
1352.69 -1.124
1353.48 -1.125
1354.25 -1.126
1355.02 -1.127
1355.79 -1.128
1356.57 -1.129
1357.34 -1.13
1358.11 -1.131
1358.89 -1.132
1359.66 -1.133
1360.44 -1.134
1361.21 -1.135
1361.99 -1.136
1362.76 -1.137
1363.54 -1.138
1364.31 -1.139
1365.09 -1.14
1365.87 -1.141
1366.64 -1.142
1367.42 -1.143
1368.2 -1.144
1368.98 -1.145
1369.75 -1.146
1370.53 -1.147
1371.31 -1.148
1372.09 -1.149
1372.87 -1.15
1373.65 -1.151
1374.44 -1.152
1375.22 -1.153
1376 -1.154
1376.78 -1.155
1377.56 -1.156
1378.35 -1.157
1379.13 -1.158
1379.91 -1.159
1380.7 -1.16
1381.48 -1.161
1382.26 -1.162
1383.04 -1.163
1383.82 -1.164
1384.6 -1.165
1385.38 -1.166
1386.17 -1.167
1386.95 -1.168
1387.73 -1.169
1388.52 -1.17
1389.3 -1.171
1390.09 -1.172
1390.87 -1.173
1391.66 -1.174
1392.44 -1.175
1393.22 -1.176
1393.96 -1.177
1394.67 -1.178
1395.38 -1.179
1396.1 -1.18
1396.81 -1.181
1397.52 -1.182
1398.23 -1.183
1398.94 -1.184
1399.65 -1.185
1400.36 -1.186
1401.06 -1.187
1401.77 -1.188
1402.48 -1.189
1403.19 -1.19
1403.9 -1.191
1404.6 -1.192
1405.31 -1.193
1406.02 -1.194
1406.73 -1.195
1407.44 -1.196
1408.15 -1.197
1408.85 -1.198
1409.56 -1.199
1410.27 -1.2
1410.98 -1.201
1411.69 -1.202
1412.4 -1.203
1413.12 -1.204
1413.83 -1.205
1414.54 -1.206
1415.25 -1.207
1415.96 -1.208
1416.67 -1.209
1417.38 -1.21
1418.09 -1.211
1418.8 -1.212
1419.51 -1.213
1420.22 -1.214
1420.93 -1.215
1421.65 -1.216
1422.36 -1.217
1423.07 -1.218
1423.78 -1.219
1424.49 -1.22
1425.2 -1.221
1425.91 -1.222
1426.62 -1.223
1427.33 -1.224
1428.05 -1.225
1428.76 -1.226
1429.47 -1.227
1430.18 -1.228
1430.89 -1.229
1431.6 -1.23
1432.31 -1.231
1433.03 -1.232
1433.74 -1.233
1434.45 -1.234
1435.16 -1.235
1435.87 -1.236
1436.59 -1.237
1437.3 -1.238
1438.01 -1.239
1438.73 -1.24
1439.44 -1.241
1440.16 -1.242
1440.87 -1.243
1441.58 -1.244
1442.3 -1.245
1443.01 -1.246
1443.73 -1.247
1444.44 -1.248
1445.16 -1.249
1445.87 -1.25
1446.58 -1.251
1447.3 -1.252
1448.01 -1.253
1448.73 -1.254
1449.44 -1.255
1450.16 -1.256
1450.87 -1.257
1451.59 -1.258
1452.3 -1.259
1453.01 -1.26
1453.73 -1.261
1454.44 -1.262
1455.15 -1.263
1455.87 -1.264
1456.58 -1.265
1457.29 -1.266
1458.01 -1.267
1458.72 -1.268
1459.44 -1.269
1460.15 -1.27
1460.86 -1.271
1461.58 -1.272
1462.29 -1.273
1463.01 -1.274
1463.72 -1.275
1464.43 -1.276
1465.15 -1.277
1465.86 -1.278
1466.58 -1.279
1467.29 -1.28
1468.01 -1.281
1468.72 -1.282
1469.43 -1.283
1470.15 -1.284
1470.86 -1.285
1471.58 -1.286
1472.29 -1.287
1473.01 -1.288
1473.72 -1.289
1474.44 -1.29
1475.15 -1.291
1475.86 -1.292
1476.58 -1.293
1477.29 -1.294
1478 -1.295
1478.72 -1.296
1479.43 -1.297
1480.15 -1.298
1480.86 -1.299
1481.57 -1.3
1482.29 -1.301
1483 -1.302
1483.71 -1.303
1484.43 -1.304
1485.14 -1.305
1485.85 -1.306
1486.57 -1.307
1487.28 -1.308
1488 -1.309
1488.71 -1.31
1489.42 -1.311
1490.14 -1.312
1490.85 -1.313
1491.57 -1.314
1492.28 -1.315
1492.99 -1.316
1493.71 -1.317
1494.42 -1.318
1495.13 -1.319
1495.85 -1.32
1496.56 -1.321
1497.28 -1.322
1497.99 -1.323
1498.7 -1.324
1499.42 -1.325
1500.13 -1.326
1500.84 -1.327
1501.56 -1.328
1502.27 -1.329
1502.98 -1.33
1503.69 -1.331
1504.41 -1.332
1505.12 -1.333
1505.83 -1.334
1506.55 -1.335
1507.26 -1.336
1507.97 -1.337
1508.68 -1.338
1509.39 -1.339
1510.1 -1.34
1510.81 -1.341
1511.52 -1.342
1512.23 -1.343
1512.94 -1.344
1513.65 -1.345
1514.35 -1.346
1515.05 -1.347
1515.74 -1.348
1516.38 -1.349
1517 -1.35
1517.59 -1.351
1518.17 -1.352
1518.75 -1.353
1519.32 -1.354
1519.9 -1.355
1520.47 -1.356
1521.04 -1.357
1521.61 -1.358
1522.17 -1.359
1522.73 -1.36
1523.29 -1.361
1523.85 -1.362
1524.41 -1.363
1524.96 -1.364
1525.51 -1.365
1526.06 -1.366
1526.6 -1.367
1527.14 -1.368
1527.67 -1.369
1528.2 -1.37
1528.73 -1.371
1529.29 -1.372
1529.85 -1.373
1530.41 -1.374
1531.02 -1.375
1531.62 -1.376
1532.22 -1.377
1532.82 -1.378
1533.41 -1.379
1533.98 -1.38
1534.56 -1.381
1535.12 -1.382
1535.69 -1.383
1536.26 -1.384
1536.82 -1.385
1537.39 -1.386
1537.96 -1.387
1538.52 -1.388
1539.09 -1.389
1539.66 -1.39
1540.22 -1.391
1540.79 -1.392
1541.36 -1.393
1541.92 -1.394
1542.49 -1.395
1543.06 -1.396
1543.63 -1.397
1544.2 -1.398
1544.76 -1.399
1545.33 -1.4
