18.365 -0.001
36.6922 -0.002
54.9814 -0.003
73.2322 -0.004
91.4441 -0.005
109.617 -0.006
127.75 -0.007
145.843 -0.008
163.895 -0.009
181.907 -0.01
199.877 -0.011
217.805 -0.012
235.691 -0.013
253.534 -0.014
271.333 -0.015
289.089 -0.016
306.8 -0.017
324.466 -0.018
342.087 -0.019
359.661 -0.02
377.188 -0.021
394.668 -0.022
412.1 -0.023
429.483 -0.024
446.816 -0.025
464.039 -0.026
480.51 -0.027
495.229 -0.028
507.736 -0.029
519.574 -0.03
530.736 -0.031
541.16 -0.032
551.416 -0.033
560.747 -0.034
568.504 -0.035
574.392 -0.036
578.377 -0.037
580.437 -0.038
581.845 -0.039
583.206 -0.04
584.506 -0.041
585.75 -0.042
586.932 -0.043
588.05 -0.044
589.11 -0.045
590.103 -0.046
591.037 -0.047
591.927 -0.048
592.782 -0.049
593.611 -0.05
594.419 -0.051
595.21 -0.052
595.989 -0.053
596.757 -0.054
597.512 -0.055
598.253 -0.056
598.977 -0.057
599.686 -0.058
600.382 -0.059
601.06 -0.06
601.724 -0.061
602.376 -0.062
603.011 -0.063
603.634 -0.064
604.243 -0.065
604.839 -0.066
605.424 -0.067
605.998 -0.068
606.558 -0.069
607.109 -0.07
607.649 -0.071
608.179 -0.072
608.696 -0.073
609.203 -0.074
609.701 -0.075
610.189 -0.076
610.668 -0.077
611.139 -0.078
611.601 -0.079
612.058 -0.08
612.508 -0.081
612.95 -0.082
613.387 -0.083
613.819 -0.084
614.246 -0.085
614.667 -0.086
615.084 -0.087
615.496 -0.088
615.905 -0.089
616.31 -0.09
616.712 -0.091
617.11 -0.092
617.505 -0.093
617.896 -0.094
618.285 -0.095
618.67 -0.096
619.053 -0.097
619.433 -0.098
619.81 -0.099
620.184 -0.1
620.555 -0.101
620.923 -0.102
621.289 -0.103
621.652 -0.104
622.013 -0.105
622.371 -0.106
622.726 -0.107
623.079 -0.108
623.429 -0.109
623.777 -0.11
624.123 -0.111
624.466 -0.112
624.806 -0.113
625.145 -0.114
625.481 -0.115
625.814 -0.116
626.145 -0.117
626.474 -0.118
626.8 -0.119
627.123 -0.12
627.445 -0.121
627.764 -0.122
628.081 -0.123
628.396 -0.124
628.708 -0.125
629.019 -0.126
629.327 -0.127
629.633 -0.128
629.937 -0.129
630.238 -0.13
630.537 -0.131
630.834 -0.132
631.128 -0.133
631.42 -0.134
631.711 -0.135
631.999 -0.136
632.285 -0.137
632.569 -0.138
632.851 -0.139
633.131 -0.14
633.41 -0.141
633.684 -0.142
633.956 -0.143
634.226 -0.144
634.494 -0.145
634.759 -0.146
635.023 -0.147
635.285 -0.148
635.544 -0.149
635.801 -0.15
636.056 -0.151
636.31 -0.152
636.56 -0.153
636.808 -0.154
637.054 -0.155
637.296 -0.156
637.535 -0.157
637.773 -0.158
638.01 -0.159
638.244 -0.16
638.476 -0.161
638.705 -0.162
638.933 -0.163
639.159 -0.164
639.384 -0.165
639.606 -0.166
639.827 -0.167
640.044 -0.168
640.258 -0.169
640.471 -0.17
640.681 -0.171
640.888 -0.172
641.093 -0.173
641.296 -0.174
641.498 -0.175
641.697 -0.176
641.895 -0.177
642.092 -0.178
642.287 -0.179
642.478 -0.18
642.666 -0.181
642.853 -0.182
643.037 -0.183
643.219 -0.184
643.398 -0.185
643.575 -0.186
643.75 -0.187
643.923 -0.188
644.091 -0.189
644.258 -0.19
644.423 -0.191
644.587 -0.192
644.747 -0.193
644.902 -0.194
645.056 -0.195
645.207 -0.196
645.357 -0.197
645.505 -0.198
645.652 -0.199
645.796 -0.2
645.938 -0.201
646.076 -0.202
646.212 -0.203
646.347 -0.204
646.481 -0.205
646.612 -0.206
646.741 -0.207
646.866 -0.208
646.987 -0.209
647.107 -0.21
647.225 -0.211
647.342 -0.212
647.457 -0.213
647.57 -0.214
647.682 -0.215
647.792 -0.216
647.901 -0.217
648.008 -0.218
648.114 -0.219
648.218 -0.22
648.317 -0.221
648.414 -0.222
648.508 -0.223
648.6 -0.224
648.689 -0.225
648.778 -0.226
648.865 -0.227
648.951 -0.228
649.035 -0.229
649.118 -0.23
649.199 -0.231
649.279 -0.232
649.358 -0.233
649.435 -0.234
649.51 -0.235
649.584 -0.236
649.656 -0.237
649.725 -0.238
649.791 -0.239
649.855 -0.24
649.917 -0.241
649.977 -0.242
650.036 -0.243
650.094 -0.244
650.15 -0.245
650.205 -0.246
650.258 -0.247
650.31 -0.248
650.361 -0.249
650.411 -0.25
650.458 -0.251
650.504 -0.252
650.549 -0.253
650.592 -0.254
650.634 -0.255
650.674 -0.256
650.714 -0.257
650.751 -0.258
650.788 -0.259
650.823 -0.26
650.856 -0.261
650.888 -0.262
650.918 -0.263
650.947 -0.264
650.975 -0.265
651 -0.266
651.024 -0.267
651.047 -0.268
651.068 -0.269
651.087 -0.27
651.105 -0.271
651.121 -0.272
651.136 -0.273
651.149 -0.274
651.161 -0.275
651.171 -0.276
651.179 -0.277
651.185 -0.278
651.188 -0.279
651.19 -0.28
651.189 -0.281
651.184 -0.282
651.177 -0.283
651.167 -0.284
651.153 -0.285
651.136 -0.286
651.114 -0.287
651.089 -0.288
651.058 -0.289
651.024 -0.29
650.994 -0.291
650.962 -0.292
650.927 -0.293
650.897 -0.294
650.869 -0.295
650.839 -0.296
650.807 -0.297
650.774 -0.298
650.739 -0.299
650.704 -0.3
650.67 -0.301
650.635 -0.302
650.604 -0.303
650.573 -0.304
650.54 -0.305
650.507 -0.306
650.473 -0.307
650.437 -0.308
650.401 -0.309
650.366 -0.31
650.33 -0.311
650.297 -0.312
650.264 -0.313
650.231 -0.314
650.197 -0.315
650.163 -0.316
650.128 -0.317
650.093 -0.318
650.059 -0.319
650.024 -0.32
649.993 -0.321
649.961 -0.322
649.928 -0.323
649.895 -0.324
649.862 -0.325
649.828 -0.326
649.794 -0.327
649.759 -0.328
649.726 -0.329
649.692 -0.33
649.659 -0.331
649.625 -0.332
649.59 -0.333
649.555 -0.334
649.519 -0.335
649.483 -0.336
649.447 -0.337
649.41 -0.338
649.373 -0.339
649.335 -0.34
649.298 -0.341
649.26 -0.342
649.223 -0.343
649.185 -0.344
649.147 -0.345
649.109 -0.346
649.071 -0.347
649.034 -0.348
648.995 -0.349
648.956 -0.35
648.916 -0.351
648.877 -0.352
648.836 -0.353
648.796 -0.354
648.755 -0.355
648.715 -0.356
648.673 -0.357
648.632 -0.358
648.59 -0.359
648.548 -0.36
648.505 -0.361
648.463 -0.362
648.42 -0.363
648.376 -0.364
648.333 -0.365
648.29 -0.366
648.246 -0.367
648.202 -0.368
648.157 -0.369
648.112 -0.37
648.067 -0.371
648.021 -0.372
647.975 -0.373
647.929 -0.374
647.883 -0.375
647.837 -0.376
647.79 -0.377
647.744 -0.378
647.697 -0.379
647.65 -0.38
647.603 -0.381
647.555 -0.382
647.505 -0.383
647.454 -0.384
647.399 -0.385
647.335 -0.386
647.266 -0.387
647.188 -0.388
647.103 -0.389
647.009 -0.39
646.911 -0.391
646.854 -0.392
646.806 -0.393
646.759 -0.394
646.712 -0.395
646.682 -0.396
646.658 -0.397
646.635 -0.398
646.608 -0.399
646.576 -0.4
646.547 -0.401
646.505 -0.402
646.464 -0.403
646.422 -0.404
646.38 -0.405
646.338 -0.406
646.296 -0.407
646.254 -0.408
646.21 -0.409
646.163 -0.41
646.111 -0.411
646.053 -0.412
645.987 -0.413
645.915 -0.414
645.836 -0.415
645.75 -0.416
645.658 -0.417
645.573 -0.418
645.529 -0.419
645.489 -0.42
645.453 -0.421
645.423 -0.422
645.41 -0.423
645.398 -0.424
645.387 -0.425
645.374 -0.426
645.366 -0.427
645.359 -0.428
645.344 -0.429
645.317 -0.43
645.287 -0.431
645.258 -0.432
645.229 -0.433
645.201 -0.434
645.174 -0.435
645.147 -0.436
645.121 -0.437
645.095 -0.438
645.07 -0.439
645.045 -0.44
645.021 -0.441
644.998 -0.442
644.975 -0.443
644.952 -0.444
644.931 -0.445
644.909 -0.446
644.888 -0.447
644.868 -0.448
644.848 -0.449
644.829 -0.45
644.81 -0.451
644.792 -0.452
644.774 -0.453
644.757 -0.454
644.741 -0.455
644.725 -0.456
644.71 -0.457
644.695 -0.458
644.681 -0.459
644.667 -0.46
644.655 -0.461
644.643 -0.462
644.631 -0.463
644.621 -0.464
644.611 -0.465
644.602 -0.466
644.593 -0.467
644.585 -0.468
644.578 -0.469
644.572 -0.47
644.566 -0.471
644.561 -0.472
644.556 -0.473
644.553 -0.474
644.55 -0.475
644.547 -0.476
644.546 -0.477
644.545 -0.478
644.544 -0.479
644.545 -0.48
644.546 -0.481
644.548 -0.482
644.55 -0.483
644.554 -0.484
644.558 -0.485
644.563 -0.486
644.568 -0.487
644.575 -0.488
644.582 -0.489
644.59 -0.49
644.599 -0.491
644.608 -0.492
644.618 -0.493
644.629 -0.494
644.641 -0.495
644.654 -0.496
644.667 -0.497
644.682 -0.498
644.697 -0.499
644.713 -0.5
644.73 -0.501
644.748 -0.502
644.767 -0.503
644.787 -0.504
644.808 -0.505
644.829 -0.506
644.852 -0.507
644.876 -0.508
644.9 -0.509
644.926 -0.51
644.952 -0.511
644.98 -0.512
645.008 -0.513
645.038 -0.514
645.068 -0.515
645.1 -0.516
645.132 -0.517
645.166 -0.518
645.201 -0.519
645.236 -0.52
645.273 -0.521
645.31 -0.522
645.349 -0.523
645.389 -0.524
645.43 -0.525
645.472 -0.526
645.515 -0.527
645.558 -0.528
645.603 -0.529
645.649 -0.53
645.696 -0.531
645.744 -0.532
645.793 -0.533
645.843 -0.534
645.894 -0.535
645.946 -0.536
645.999 -0.537
646.053 -0.538
646.108 -0.539
646.165 -0.54
646.222 -0.541
646.281 -0.542
646.34 -0.543
646.401 -0.544
646.463 -0.545
646.525 -0.546
646.589 -0.547
646.654 -0.548
646.72 -0.549
646.788 -0.55
646.856 -0.551
646.926 -0.552
646.996 -0.553
647.068 -0.554
647.141 -0.555
647.215 -0.556
647.29 -0.557
647.367 -0.558
647.444 -0.559
647.523 -0.56
647.603 -0.561
647.684 -0.562
647.767 -0.563
647.851 -0.564
647.935 -0.565
648.021 -0.566
648.109 -0.567
648.197 -0.568
648.287 -0.569
648.378 -0.57
648.471 -0.571
648.564 -0.572
648.659 -0.573
648.756 -0.574
648.853 -0.575
648.952 -0.576
649.052 -0.577
649.154 -0.578
649.257 -0.579
649.361 -0.58
649.466 -0.581
649.573 -0.582
649.681 -0.583
649.79 -0.584
649.9 -0.585
650.012 -0.586
650.125 -0.587
650.239 -0.588
650.355 -0.589
650.471 -0.59
650.59 -0.591
650.709 -0.592
650.83 -0.593
650.952 -0.594
651.075 -0.595
651.2 -0.596
651.326 -0.597
651.453 -0.598
651.582 -0.599
651.712 -0.6
651.843 -0.601
651.976 -0.602
652.11 -0.603
652.245 -0.604
652.382 -0.605
652.52 -0.606
652.66 -0.607
652.801 -0.608
652.943 -0.609
653.088 -0.61
653.233 -0.611
653.379 -0.612
653.527 -0.613
653.676 -0.614
653.826 -0.615
653.978 -0.616
654.131 -0.617
654.285 -0.618
654.441 -0.619
654.599 -0.62
654.758 -0.621
654.918 -0.622
655.08 -0.623
655.243 -0.624
655.408 -0.625
655.573 -0.626
655.74 -0.627
655.907 -0.628
656.075 -0.629
656.244 -0.63
656.416 -0.631
656.588 -0.632
656.76 -0.633
656.935 -0.634
657.111 -0.635
657.288 -0.636
657.467 -0.637
657.646 -0.638
657.826 -0.639
658.008 -0.64
658.191 -0.641
658.375 -0.642
658.559 -0.643
658.744 -0.644
658.931 -0.645
659.12 -0.646
659.309 -0.647
659.501 -0.648
659.694 -0.649
659.888 -0.65
660.084 -0.651
660.281 -0.652
660.48 -0.653
660.681 -0.654
660.883 -0.655
661.087 -0.656
661.292 -0.657
661.499 -0.658
661.707 -0.659
661.918 -0.66
662.129 -0.661
662.342 -0.662
662.557 -0.663
662.774 -0.664
662.992 -0.665
663.212 -0.666
663.433 -0.667
663.656 -0.668
663.881 -0.669
664.107 -0.67
664.335 -0.671
664.564 -0.672
664.795 -0.673
665.028 -0.674
665.262 -0.675
665.499 -0.676
665.736 -0.677
665.976 -0.678
666.217 -0.679
666.46 -0.68
666.705 -0.681
666.951 -0.682
667.199 -0.683
667.449 -0.684
667.701 -0.685
667.954 -0.686
668.209 -0.687
668.466 -0.688
668.725 -0.689
668.985 -0.69
669.247 -0.691
669.511 -0.692
669.777 -0.693
670.044 -0.694
670.312 -0.695
670.582 -0.696
670.853 -0.697
671.126 -0.698
671.4 -0.699
671.676 -0.7
671.954 -0.701
672.233 -0.702
672.514 -0.703
672.797 -0.704
673.081 -0.705
673.367 -0.706
673.655 -0.707
673.945 -0.708
674.236 -0.709
674.53 -0.71
674.825 -0.711
675.122 -0.712
675.421 -0.713
675.722 -0.714
676.025 -0.715
676.33 -0.716
676.636 -0.717
676.945 -0.718
677.255 -0.719
677.568 -0.72
677.882 -0.721
678.198 -0.722
678.517 -0.723
678.837 -0.724
679.159 -0.725
679.483 -0.726
679.809 -0.727
680.137 -0.728
680.467 -0.729
680.799 -0.73
681.133 -0.731
681.47 -0.732
681.808 -0.733
682.148 -0.734
682.49 -0.735
682.834 -0.736
683.18 -0.737
683.528 -0.738
683.878 -0.739
684.229 -0.74
684.581 -0.741
684.936 -0.742
685.291 -0.743
685.648 -0.744
686.008 -0.745
686.368 -0.746
686.73 -0.747
687.094 -0.748
687.46 -0.749
687.827 -0.75
688.196 -0.751
688.567 -0.752
688.939 -0.753
689.314 -0.754
689.691 -0.755
690.069 -0.756
690.449 -0.757
690.831 -0.758
691.214 -0.759
691.601 -0.76
691.989 -0.761
692.378 -0.762
692.77 -0.763
693.163 -0.764
693.558 -0.765
693.955 -0.766
694.355 -0.767
694.756 -0.768
695.16 -0.769
695.567 -0.77
695.975 -0.771
696.386 -0.772
696.798 -0.773
697.213 -0.774
697.631 -0.775
698.05 -0.776
698.472 -0.777
698.896 -0.778
699.323 -0.779
699.751 -0.78
700.182 -0.781
700.616 -0.782
701.051 -0.783
701.489 -0.784
701.929 -0.785
702.372 -0.786
702.817 -0.787
703.264 -0.788
703.713 -0.789
704.165 -0.79
704.619 -0.791
705.076 -0.792
705.535 -0.793
705.996 -0.794
706.46 -0.795
706.926 -0.796
707.395 -0.797
707.866 -0.798
708.339 -0.799
708.815 -0.8
709.293 -0.801
709.773 -0.802
710.256 -0.803
710.742 -0.804
711.23 -0.805
711.72 -0.806
712.213 -0.807
712.708 -0.808
713.206 -0.809
713.706 -0.81
714.209 -0.811
714.714 -0.812
715.222 -0.813
715.732 -0.814
716.245 -0.815
716.76 -0.816
717.278 -0.817
717.798 -0.818
718.321 -0.819
718.846 -0.82
719.374 -0.821
719.905 -0.822
720.438 -0.823
720.973 -0.824
721.512 -0.825
722.052 -0.826
722.596 -0.827
723.142 -0.828
723.69 -0.829
724.242 -0.83
724.796 -0.831
725.352 -0.832
725.911 -0.833
726.473 -0.834
727.038 -0.835
727.605 -0.836
728.175 -0.837
728.747 -0.838
729.322 -0.839
729.9 -0.84
730.481 -0.841
731.064 -0.842
731.65 -0.843
732.238 -0.844
732.83 -0.845
733.424 -0.846
734.021 -0.847
734.62 -0.848
735.223 -0.849
735.827 -0.85
736.435 -0.851
737.045 -0.852
737.659 -0.853
738.274 -0.854
738.892 -0.855
739.512 -0.856
740.136 -0.857
740.761 -0.858
741.39 -0.859
742.021 -0.86
742.655 -0.861
743.292 -0.862
743.932 -0.863
744.574 -0.864
745.22 -0.865
745.868 -0.866
746.519 -0.867
747.173 -0.868
747.829 -0.869
748.488 -0.87
749.149 -0.871
749.813 -0.872
750.48 -0.873
751.15 -0.874
751.823 -0.875
752.499 -0.876
753.177 -0.877
753.859 -0.878
754.543 -0.879
755.231 -0.88
755.921 -0.881
756.614 -0.882
757.31 -0.883
758.009 -0.884
758.711 -0.885
759.416 -0.886
760.123 -0.887
760.833 -0.888
761.546 -0.889
762.262 -0.89
762.981 -0.891
763.703 -0.892
764.428 -0.893
765.156 -0.894
765.887 -0.895
766.621 -0.896
767.358 -0.897
768.098 -0.898
768.841 -0.899
769.587 -0.9
