18.7815 -0.001
37.4468 -0.002
55.993 -0.003
74.4178 -0.004
92.7188 -0.005
110.893 -0.006
128.938 -0.007
146.85 -0.008
164.625 -0.009
182.259 -0.01
199.749 -0.011
217.089 -0.012
234.273 -0.013
251.296 -0.014
267.015 -0.015
279.257 -0.016
291.113 -0.017
302.831 -0.018
314.392 -0.019
325.811 -0.02
337.06 -0.021
348.18 -0.022
359.129 -0.023
369.944 -0.024
380.61 -0.025
391.159 -0.026
401.541 -0.027
411.665 -0.028
421.34 -0.029
430.488 -0.03
438.551 -0.031
446.308 -0.032
453.733 -0.033
460.773 -0.034
467.46 -0.035
473.51 -0.036
478.603 -0.037
482.244 -0.038
484.902 -0.039
487.428 -0.04
489.865 -0.041
492.26 -0.042
494.546 -0.043
496.799 -0.044
498.969 -0.045
501.075 -0.046
502.905 -0.047
504.681 -0.048
506.205 -0.049
507.469 -0.05
508.705 -0.051
509.519 -0.052
510.171 -0.053
510.352 -0.054
510.511 -0.055
510.654 -0.056
510.774 -0.057
510.878 -0.058
510.966 -0.059
511.033 -0.06
511.087 -0.061
511.129 -0.062
511.152 -0.063
511.144 -0.064
511.12 -0.065
511.078 -0.066
511.022 -0.067
510.956 -0.068
510.872 -0.069
510.752 -0.07
510.625 -0.071
510.489 -0.072
510.342 -0.073
510.187 -0.074
510.016 -0.075
509.817 -0.076
509.612 -0.077
509.4 -0.078
509.174 -0.079
508.942 -0.08
508.703 -0.081
508.462 -0.082
508.25 -0.083
508.04 -0.084
507.828 -0.085
507.615 -0.086
507.407 -0.087
507.196 -0.088
506.981 -0.089
506.762 -0.09
506.538 -0.091
506.31 -0.092
506.078 -0.093
505.843 -0.094
505.615 -0.095
505.41 -0.096
505.24 -0.097
505.072 -0.098
504.896 -0.099
504.714 -0.1
504.527 -0.101
504.334 -0.102
504.136 -0.103
503.934 -0.104
503.729 -0.105
503.52 -0.106
503.308 -0.107
503.094 -0.108
502.876 -0.109
502.656 -0.11
502.433 -0.111
502.212 -0.112
502.01 -0.113
501.811 -0.114
501.601 -0.115
501.349 -0.116
501.093 -0.117
500.83 -0.118
500.561 -0.119
500.284 -0.12
500.012 -0.121
499.743 -0.122
499.48 -0.123
499.224 -0.124
498.973 -0.125
498.722 -0.126
498.469 -0.127
498.214 -0.128
497.957 -0.129
497.699 -0.13
497.439 -0.131
497.177 -0.132
496.911 -0.133
496.662 -0.134
496.419 -0.135
496.178 -0.136
495.947 -0.137
495.723 -0.138
495.497 -0.139
495.27 -0.14
495.042 -0.141
494.809 -0.142
494.569 -0.143
494.328 -0.144
494.086 -0.145
493.844 -0.146
493.606 -0.147
493.368 -0.148
493.132 -0.149
492.9 -0.15
492.672 -0.151
492.448 -0.152
492.227 -0.153
492.02 -0.154
491.824 -0.155
491.628 -0.156
491.435 -0.157
491.243 -0.158
491.053 -0.159
490.864 -0.16
490.677 -0.161
490.491 -0.162
490.307 -0.163
490.124 -0.164
489.942 -0.165
489.762 -0.166
489.583 -0.167
489.406 -0.168
489.23 -0.169
489.056 -0.17
488.884 -0.171
488.713 -0.172
488.544 -0.173
488.377 -0.174
488.213 -0.175
488.056 -0.176
487.905 -0.177
487.756 -0.178
487.61 -0.179
487.465 -0.18
487.322 -0.181
487.182 -0.182
487.043 -0.183
486.906 -0.184
486.773 -0.185
486.648 -0.186
486.527 -0.187
486.409 -0.188
486.292 -0.189
486.177 -0.19
486.065 -0.191
485.954 -0.192
485.844 -0.193
485.734 -0.194
485.623 -0.195
485.514 -0.196
485.408 -0.197
485.304 -0.198
485.202 -0.199
485.103 -0.2
485.006 -0.201
484.912 -0.202
484.82 -0.203
484.731 -0.204
484.645 -0.205
484.561 -0.206
484.479 -0.207
484.401 -0.208
484.325 -0.209
484.252 -0.21
484.181 -0.211
484.113 -0.212
484.047 -0.213
483.984 -0.214
483.923 -0.215
483.864 -0.216
483.807 -0.217
483.753 -0.218
483.701 -0.219
483.651 -0.22
483.603 -0.221
483.559 -0.222
483.517 -0.223
483.478 -0.224
483.441 -0.225
483.408 -0.226
483.378 -0.227
483.35 -0.228
483.325 -0.229
483.304 -0.23
483.286 -0.231
483.271 -0.232
483.259 -0.233
483.251 -0.234
483.246 -0.235
483.244 -0.236
483.245 -0.237
483.249 -0.238
483.257 -0.239
483.269 -0.24
483.284 -0.241
483.302 -0.242
483.324 -0.243
483.35 -0.244
483.379 -0.245
483.412 -0.246
483.449 -0.247
483.489 -0.248
483.533 -0.249
483.582 -0.25
483.635 -0.251
483.692 -0.252
483.755 -0.253
483.821 -0.254
483.892 -0.255
483.967 -0.256
484.046 -0.257
484.129 -0.258
484.216 -0.259
484.308 -0.26
484.403 -0.261
484.503 -0.262
484.608 -0.263
484.717 -0.264
484.83 -0.265
484.948 -0.266
485.071 -0.267
485.195 -0.268
485.323 -0.269
485.454 -0.27
485.586 -0.271
485.721 -0.272
485.86 -0.273
486.001 -0.274
486.146 -0.275
486.293 -0.276
486.444 -0.277
486.6 -0.278
486.761 -0.279
486.926 -0.28
487.093 -0.281
487.266 -0.282
487.442 -0.283
487.624 -0.284
487.81 -0.285
488.001 -0.286
488.196 -0.287
488.397 -0.288
488.602 -0.289
488.811 -0.29
489.025 -0.291
489.244 -0.292
489.468 -0.293
489.697 -0.294
489.93 -0.295
490.169 -0.296
490.413 -0.297
490.662 -0.298
490.916 -0.299
491.175 -0.3
491.44 -0.301
491.71 -0.302
491.986 -0.303
492.267 -0.304
492.554 -0.305
492.846 -0.306
493.144 -0.307
493.447 -0.308
493.756 -0.309
494.071 -0.31
494.391 -0.311
494.716 -0.312
495.048 -0.313
495.384 -0.314
495.718 -0.315
496.053 -0.316
496.394 -0.317
496.74 -0.318
497.086 -0.319
497.437 -0.32
497.793 -0.321
498.155 -0.322
498.523 -0.323
498.895 -0.324
499.274 -0.325
499.65 -0.326
499.981 -0.327
500.316 -0.328
500.655 -0.329
500.977 -0.33
501.292 -0.331
501.61 -0.332
501.934 -0.333
502.26 -0.334
502.568 -0.335
502.878 -0.336
503.193 -0.337
503.511 -0.338
503.834 -0.339
504.161 -0.34
504.477 -0.341
504.797 -0.342
505.121 -0.343
505.448 -0.344
505.78 -0.345
506.117 -0.346
506.458 -0.347
506.803 -0.348
507.152 -0.349
507.506 -0.35
507.857 -0.351
508.211 -0.352
508.57 -0.353
508.932 -0.354
509.299 -0.355
509.671 -0.356
510.046 -0.357
510.419 -0.358
510.767 -0.359
511.118 -0.36
511.474 -0.361
511.833 -0.362
512.197 -0.363
512.565 -0.364
512.938 -0.365
513.314 -0.366
513.695 -0.367
514.08 -0.368
514.468 -0.369
514.856 -0.37
515.248 -0.371
515.644 -0.372
516.045 -0.373
516.449 -0.374
516.858 -0.375
517.269 -0.376
517.675 -0.377
518.045 -0.378
518.42 -0.379
518.798 -0.38
519.18 -0.381
519.566 -0.382
519.956 -0.383
520.35 -0.384
520.748 -0.385
521.15 -0.386
521.556 -0.387
521.966 -0.388
522.379 -0.389
522.797 -0.39
523.193 -0.391
523.573 -0.392
523.956 -0.393
524.343 -0.394
524.734 -0.395
525.128 -0.396
525.526 -0.397
525.881 -0.398
526.221 -0.399
526.564 -0.4
526.909 -0.401
527.257 -0.402
527.609 -0.403
527.962 -0.404
528.319 -0.405
528.679 -0.406
529.038 -0.407
529.398 -0.408
529.76 -0.409
530.125 -0.41
530.493 -0.411
530.864 -0.412
531.238 -0.413
531.615 -0.414
531.995 -0.415
532.378 -0.416
532.765 -0.417
533.154 -0.418
533.547 -0.419
533.943 -0.42
534.342 -0.421
534.744 -0.422
535.15 -0.423
535.559 -0.424
535.971 -0.425
536.386 -0.426
536.805 -0.427
537.224 -0.428
537.612 -0.429
538.004 -0.43
538.398 -0.431
538.796 -0.432
539.197 -0.433
539.601 -0.434
540.009 -0.435
540.419 -0.436
540.833 -0.437
541.251 -0.438
541.671 -0.439
542.095 -0.44
542.511 -0.441
542.916 -0.442
543.323 -0.443
543.734 -0.444
544.148 -0.445
544.564 -0.446
544.983 -0.447
545.404 -0.448
545.828 -0.449
546.255 -0.45
546.686 -0.451
547.12 -0.452
547.557 -0.453
547.997 -0.454
548.44 -0.455
548.887 -0.456
549.337 -0.457
549.789 -0.458
550.245 -0.459
550.704 -0.46
551.165 -0.461
551.627 -0.462
552.09 -0.463
552.545 -0.464
552.955 -0.465
553.29 -0.466
553.589 -0.467
553.881 -0.468
554.176 -0.469
554.475 -0.47
554.778 -0.471
555.084 -0.472
555.394 -0.473
555.708 -0.474
556.026 -0.475
556.347 -0.476
556.681 -0.477
557.106 -0.478
557.708 -0.479
558.336 -0.48
558.967 -0.481
559.606 -0.482
560.235 -0.483
560.824 -0.484
561.413 -0.485
562.006 -0.486
562.603 -0.487
563.204 -0.488
563.809 -0.489
564.418 -0.49
565.031 -0.491
565.648 -0.492
566.269 -0.493
566.895 -0.494
567.525 -0.495
568.152 -0.496
568.751 -0.497
569.338 -0.498
569.928 -0.499
570.524 -0.5
571.124 -0.501
571.727 -0.502
572.316 -0.503
572.903 -0.504
573.491 -0.505
574.083 -0.506
574.678 -0.507
575.276 -0.508
575.877 -0.509
576.483 -0.51
577.088 -0.511
577.683 -0.512
578.281 -0.513
578.882 -0.514
579.486 -0.515
580.095 -0.516
580.706 -0.517
581.321 -0.518
581.938 -0.519
582.557 -0.52
583.177 -0.521
583.798 -0.522
584.428 -0.523
585.068 -0.524
585.707 -0.525
586.342 -0.526
586.969 -0.527
587.573 -0.528
588.143 -0.529
588.694 -0.53
589.24 -0.531
589.792 -0.532
590.344 -0.533
590.897 -0.534
591.454 -0.535
592.016 -0.536
592.583 -0.537
593.143 -0.538
593.705 -0.539
594.272 -0.54
594.845 -0.541
595.48 -0.542
596.245 -0.543
597.026 -0.544
597.755 -0.545
598.483 -0.546
599.215 -0.547
599.951 -0.548
600.69 -0.549
601.43 -0.55
602.175 -0.551
602.924 -0.552
603.67 -0.553
604.41 -0.554
605.138 -0.555
605.848 -0.556
606.55 -0.557
607.257 -0.558
607.968 -0.559
608.681 -0.56
609.389 -0.561
610.101 -0.562
610.818 -0.563
611.54 -0.564
612.266 -0.565
612.995 -0.566
613.719 -0.567
614.447 -0.568
615.18 -0.569
615.918 -0.57
616.656 -0.571
617.397 -0.572
618.141 -0.573
618.89 -0.574
619.644 -0.575
620.401 -0.576
621.162 -0.577
621.926 -0.578
622.69 -0.579
623.448 -0.58
624.195 -0.581
624.923 -0.582
625.634 -0.583
626.344 -0.584
627.058 -0.585
627.774 -0.586
628.495 -0.587
629.221 -0.588
629.952 -0.589
630.685 -0.59
631.423 -0.591
632.166 -0.592
632.914 -0.593
633.667 -0.594
634.481 -0.595
635.435 -0.596
636.381 -0.597
637.306 -0.598
638.236 -0.599
639.172 -0.6
640.116 -0.601
641.066 -0.602
642.021 -0.603
642.981 -0.604
643.941 -0.605
644.859 -0.606
645.768 -0.607
646.679 -0.608
647.595 -0.609
648.515 -0.61
649.435 -0.611
650.358 -0.612
651.284 -0.613
652.216 -0.614
653.152 -0.615
654.094 -0.616
655.041 -0.617
655.994 -0.618
656.952 -0.619
657.916 -0.62
658.885 -0.621
659.86 -0.622
660.835 -0.623
661.815 -0.624
662.8 -0.625
663.792 -0.626
664.79 -0.627
665.79 -0.628
666.791 -0.629
667.797 -0.63
668.78 -0.631
669.75 -0.632
670.724 -0.633
671.705 -0.634
672.691 -0.635
673.683 -0.636
674.68 -0.637
675.683 -0.638
676.692 -0.639
677.705 -0.64
678.717 -0.641
679.726 -0.642
680.736 -0.643
681.734 -0.644
682.711 -0.645
683.682 -0.646
684.638 -0.647
685.565 -0.648
686.486 -0.649
687.411 -0.65
688.34 -0.651
689.273 -0.652
690.21 -0.653
691.151 -0.654
692.097 -0.655
693.046 -0.656
693.999 -0.657
694.957 -0.658
695.919 -0.659
696.884 -0.66
697.854 -0.661
698.827 -0.662
699.804 -0.663
700.771 -0.664
701.739 -0.665
702.712 -0.666
703.689 -0.667
704.67 -0.668
705.652 -0.669
706.638 -0.67
707.628 -0.671
708.621 -0.672
709.615 -0.673
710.608 -0.674
711.605 -0.675
712.605 -0.676
713.607 -0.677
714.611 -0.678
715.619 -0.679
716.63 -0.68
717.646 -0.681
718.654 -0.682
719.609 -0.683
720.567 -0.684
721.528 -0.685
722.494 -0.686
723.464 -0.687
724.437 -0.688
725.414 -0.689
726.396 -0.69
727.381 -0.691
728.37 -0.692
729.363 -0.693
730.36 -0.694
731.361 -0.695
732.366 -0.696
733.375 -0.697
734.382 -0.698
735.387 -0.699
736.396 -0.7
