17.3945 -0.001
34.7641 -0.002
52.1084 -0.003
69.4273 -0.004
86.7204 -0.005
103.987 -0.006
121.228 -0.007
138.443 -0.008
155.63 -0.009
172.79 -0.01
189.923 -0.011
207.028 -0.012
224.105 -0.013
241.153 -0.014
258.173 -0.015
275.163 -0.016
292.124 -0.017
309.055 -0.018
325.956 -0.019
342.827 -0.02
359.666 -0.021
376.474 -0.022
393.251 -0.023
409.995 -0.024
426.706 -0.025
443.384 -0.026
460.029 -0.027
476.639 -0.028
493.215 -0.029
509.756 -0.03
526.261 -0.031
542.73 -0.032
559.162 -0.033
575.557 -0.034
591.832 -0.035
607.226 -0.036
620.688 -0.037
631.531 -0.038
642.11 -0.039
652.61 -0.04
663.017 -0.041
673.36 -0.042
683.656 -0.043
693.922 -0.044
704.103 -0.045
714.023 -0.046
723.27 -0.047
731.755 -0.048
739.297 -0.049
746.115 -0.05
752.008 -0.051
756.829 -0.052
761.058 -0.053
765.14 -0.054
769.181 -0.055
773.184 -0.056
777.145 -0.057
781.072 -0.058
784.92 -0.059
788.67 -0.06
792.192 -0.061
795.462 -0.062
798.545 -0.063
801.195 -0.064
803.611 -0.065
805.794 -0.066
807.427 -0.067
808.598 -0.068
809.4 -0.069
810.192 -0.07
810.973 -0.071
811.737 -0.072
812.488 -0.073
813.222 -0.074
813.935 -0.075
814.625 -0.076
815.296 -0.077
815.952 -0.078
816.587 -0.079
817.201 -0.08
817.797 -0.081
818.376 -0.082
818.943 -0.083
819.491 -0.084
820.015 -0.085
820.525 -0.086
821.017 -0.087
821.491 -0.088
821.952 -0.089
822.395 -0.09
822.822 -0.091
823.24 -0.092
823.645 -0.093
824.039 -0.094
824.428 -0.095
824.808 -0.096
825.181 -0.097
825.548 -0.098
825.911 -0.099
826.267 -0.1
826.621 -0.101
826.97 -0.102
827.315 -0.103
827.652 -0.104
827.986 -0.105
828.317 -0.106
828.645 -0.107
828.967 -0.108
829.284 -0.109
829.599 -0.11
829.909 -0.111
830.212 -0.112
830.51 -0.113
830.801 -0.114
831.081 -0.115
831.355 -0.116
831.623 -0.117
831.883 -0.118
832.137 -0.119
832.389 -0.12
832.635 -0.121
832.873 -0.122
833.106 -0.123
833.336 -0.124
833.557 -0.125
833.772 -0.126
833.984 -0.127
834.195 -0.128
834.405 -0.129
834.614 -0.13
834.822 -0.131
835.025 -0.132
835.224 -0.133
835.421 -0.134
835.618 -0.135
835.811 -0.136
836.001 -0.137
836.188 -0.138
836.374 -0.139
836.56 -0.14
836.743 -0.141
836.923 -0.142
837.099 -0.143
837.275 -0.144
837.451 -0.145
837.626 -0.146
837.797 -0.147
837.966 -0.148
838.133 -0.149
838.299 -0.15
838.465 -0.151
838.631 -0.152
838.796 -0.153
838.962 -0.154
839.127 -0.155
839.292 -0.156
839.457 -0.157
839.622 -0.158
839.787 -0.159
839.951 -0.16
840.115 -0.161
840.279 -0.162
840.444 -0.163
840.608 -0.164
840.771 -0.165
840.935 -0.166
841.098 -0.167
841.261 -0.168
841.425 -0.169
841.588 -0.17
841.751 -0.171
841.913 -0.172
842.076 -0.173
842.238 -0.174
842.4 -0.175
842.562 -0.176
842.725 -0.177
842.886 -0.178
843.045 -0.179
843.204 -0.18
843.362 -0.181
843.521 -0.182
843.679 -0.183
843.838 -0.184
843.996 -0.185
844.155 -0.186
844.312 -0.187
844.469 -0.188
844.625 -0.189
844.78 -0.19
844.935 -0.191
845.089 -0.192
845.244 -0.193
845.399 -0.194
845.553 -0.195
845.707 -0.196
845.861 -0.197
846.014 -0.198
846.167 -0.199
846.318 -0.2
846.469 -0.201
846.619 -0.202
846.77 -0.203
846.921 -0.204
847.071 -0.205
847.221 -0.206
847.37 -0.207
847.519 -0.208
847.669 -0.209
847.817 -0.21
847.965 -0.211
848.111 -0.212
848.258 -0.213
848.404 -0.214
848.55 -0.215
848.695 -0.216
848.84 -0.217
848.986 -0.218
849.131 -0.219
849.276 -0.22
849.421 -0.221
849.565 -0.222
849.71 -0.223
849.855 -0.224
850 -0.225
850.144 -0.226
850.288 -0.227
850.431 -0.228
850.574 -0.229
850.717 -0.23
850.859 -0.231
851.002 -0.232
851.144 -0.233
851.287 -0.234
851.429 -0.235
851.571 -0.236
851.714 -0.237
851.856 -0.238
851.998 -0.239
852.14 -0.24
852.281 -0.241
852.422 -0.242
852.563 -0.243
852.704 -0.244
852.845 -0.245
852.985 -0.246
853.125 -0.247
853.265 -0.248
853.404 -0.249
853.544 -0.25
853.683 -0.251
853.822 -0.252
853.96 -0.253
854.099 -0.254
854.238 -0.255
854.376 -0.256
854.514 -0.257
854.653 -0.258
854.791 -0.259
854.929 -0.26
855.067 -0.261
855.205 -0.262
855.343 -0.263
855.481 -0.264
855.619 -0.265
855.756 -0.266
855.894 -0.267
856.032 -0.268
856.169 -0.269
856.306 -0.27
856.442 -0.271
856.578 -0.272
856.714 -0.273
856.85 -0.274
856.986 -0.275
857.121 -0.276
857.256 -0.277
857.391 -0.278
857.525 -0.279
857.659 -0.28
857.793 -0.281
857.926 -0.282
858.06 -0.283
858.193 -0.284
858.326 -0.285
858.459 -0.286
858.592 -0.287
858.725 -0.288
858.857 -0.289
858.99 -0.29
859.122 -0.291
859.255 -0.292
859.387 -0.293
859.52 -0.294
859.652 -0.295
859.785 -0.296
859.917 -0.297
860.049 -0.298
860.181 -0.299
860.312 -0.3
860.443 -0.301
860.574 -0.302
860.705 -0.303
860.836 -0.304
860.966 -0.305
861.096 -0.306
861.226 -0.307
861.355 -0.308
861.485 -0.309
861.614 -0.31
861.743 -0.311
861.871 -0.312
862 -0.313
862.129 -0.314
862.257 -0.315
862.386 -0.316
862.514 -0.317
862.642 -0.318
862.77 -0.319
862.899 -0.32
863.027 -0.321
863.155 -0.322
863.283 -0.323
863.41 -0.324
863.538 -0.325
863.666 -0.326
863.794 -0.327
863.921 -0.328
864.048 -0.329
864.175 -0.33
864.302 -0.331
864.429 -0.332
864.555 -0.333
864.681 -0.334
864.807 -0.335
864.933 -0.336
865.059 -0.337
865.184 -0.338
865.309 -0.339
865.433 -0.34
865.558 -0.341
865.682 -0.342
865.806 -0.343
865.929 -0.344
866.053 -0.345
866.176 -0.346
866.299 -0.347
866.421 -0.348
866.543 -0.349
866.665 -0.35
866.786 -0.351
866.906 -0.352
867.027 -0.353
867.145 -0.354
867.262 -0.355
867.379 -0.356
867.492 -0.357
867.603 -0.358
867.71 -0.359
867.811 -0.36
867.917 -0.361
868.026 -0.362
868.131 -0.363
868.234 -0.364
868.33 -0.365
868.417 -0.366
868.493 -0.367
868.556 -0.368
868.639 -0.369
868.736 -0.37
868.827 -0.371
868.912 -0.372
869 -0.373
869.096 -0.374
869.189 -0.375
869.285 -0.376
869.38 -0.377
869.473 -0.378
869.567 -0.379
869.667 -0.38
869.766 -0.381
869.864 -0.382
869.963 -0.383
870.062 -0.384
870.16 -0.385
870.262 -0.386
870.363 -0.387
870.465 -0.388
870.571 -0.389
870.676 -0.39
870.781 -0.391
870.885 -0.392
870.989 -0.393
871.092 -0.394
871.196 -0.395
871.299 -0.396
871.402 -0.397
871.505 -0.398
871.609 -0.399
871.714 -0.4
871.822 -0.401
871.932 -0.402
872.041 -0.403
872.15 -0.404
872.259 -0.405
872.367 -0.406
872.475 -0.407
872.583 -0.408
872.691 -0.409
872.799 -0.41
872.907 -0.411
873.014 -0.412
873.122 -0.413
873.23 -0.414
873.338 -0.415
873.445 -0.416
873.553 -0.417
873.661 -0.418
873.77 -0.419
873.88 -0.42
873.99 -0.421
874.1 -0.422
874.209 -0.423
874.319 -0.424
874.428 -0.425
874.537 -0.426
874.646 -0.427
874.755 -0.428
874.864 -0.429
874.973 -0.43
875.082 -0.431
875.191 -0.432
875.3 -0.433
875.409 -0.434
875.518 -0.435
875.627 -0.436
875.736 -0.437
875.845 -0.438
875.955 -0.439
876.065 -0.44
876.175 -0.441
876.285 -0.442
876.394 -0.443
876.503 -0.444
876.612 -0.445
876.721 -0.446
876.83 -0.447
876.939 -0.448
877.048 -0.449
877.157 -0.45
877.265 -0.451
877.374 -0.452
877.483 -0.453
877.591 -0.454
877.7 -0.455
877.808 -0.456
877.917 -0.457
878.025 -0.458
878.134 -0.459
878.241 -0.46
878.348 -0.461
878.455 -0.462
878.562 -0.463
878.668 -0.464
878.775 -0.465
878.881 -0.466
878.989 -0.467
879.098 -0.468
879.207 -0.469
879.315 -0.47
879.423 -0.471
879.531 -0.472
879.639 -0.473
879.747 -0.474
879.854 -0.475
879.96 -0.476
880.065 -0.477
880.171 -0.478
880.276 -0.479
880.38 -0.48
880.485 -0.481
880.589 -0.482
880.693 -0.483
880.797 -0.484
880.904 -0.485
881.011 -0.486
881.119 -0.487
881.226 -0.488
881.333 -0.489
881.44 -0.49
881.547 -0.491
881.653 -0.492
881.759 -0.493
881.865 -0.494
881.97 -0.495
882.076 -0.496
882.181 -0.497
882.285 -0.498
882.391 -0.499
882.499 -0.5
882.607 -0.501
882.716 -0.502
882.824 -0.503
882.934 -0.504
883.043 -0.505
883.152 -0.506
883.262 -0.507
883.372 -0.508
883.481 -0.509
883.591 -0.51
883.701 -0.511
883.811 -0.512
883.922 -0.513
884.033 -0.514
884.144 -0.515
884.258 -0.516
884.371 -0.517
884.485 -0.518
884.598 -0.519
884.712 -0.52
884.826 -0.521
884.939 -0.522
885.053 -0.523
885.166 -0.524
885.278 -0.525
885.39 -0.526
885.503 -0.527
885.614 -0.528
885.726 -0.529
885.837 -0.53
885.947 -0.531
886.058 -0.532
886.167 -0.533
886.276 -0.534
886.384 -0.535
886.492 -0.536
886.598 -0.537
886.704 -0.538
886.808 -0.539
886.908 -0.54
887.005 -0.541
887.095 -0.542
887.176 -0.543
887.245 -0.544
887.3 -0.545
887.339 -0.546
887.359 -0.547
887.408 -0.548
887.472 -0.549
887.507 -0.55
887.523 -0.551
887.514 -0.552
887.486 -0.553
887.474 -0.554
887.527 -0.555
887.598 -0.556
887.664 -0.557
887.722 -0.558
887.775 -0.559
887.865 -0.56
887.975 -0.561
888.08 -0.562
888.184 -0.563
888.287 -0.564
888.384 -0.565
888.525 -0.566
888.665 -0.567
888.801 -0.568
888.93 -0.569
889.057 -0.57
889.199 -0.571
889.331 -0.572
889.46 -0.573
889.588 -0.574
889.709 -0.575
889.83 -0.576
889.946 -0.577
890.061 -0.578
890.176 -0.579
890.293 -0.58
890.409 -0.581
890.524 -0.582
890.64 -0.583
890.755 -0.584
890.871 -0.585
890.986 -0.586
891.102 -0.587
891.217 -0.588
891.332 -0.589
891.448 -0.59
891.563 -0.591
891.678 -0.592
891.793 -0.593
891.907 -0.594
892.022 -0.595
892.138 -0.596
892.253 -0.597
892.369 -0.598
892.485 -0.599
892.602 -0.6
892.718 -0.601
892.835 -0.602
892.951 -0.603
893.068 -0.604
893.185 -0.605
893.301 -0.606
893.418 -0.607
893.534 -0.608
893.651 -0.609
893.768 -0.61
893.884 -0.611
894.001 -0.612
894.117 -0.613
894.234 -0.614
894.35 -0.615
894.467 -0.616
894.584 -0.617
894.7 -0.618
894.817 -0.619
894.934 -0.62
895.052 -0.621
895.169 -0.622
895.287 -0.623
895.405 -0.624
895.524 -0.625
895.642 -0.626
895.76 -0.627
895.88 -0.628
895.999 -0.629
896.118 -0.63
896.237 -0.631
896.357 -0.632
896.477 -0.633
896.597 -0.634
896.717 -0.635
896.837 -0.636
896.957 -0.637
897.078 -0.638
897.198 -0.639
897.319 -0.64
897.439 -0.641
897.56 -0.642
897.68 -0.643
897.801 -0.644
897.921 -0.645
898.042 -0.646
898.162 -0.647
898.283 -0.648
898.403 -0.649
898.523 -0.65
898.644 -0.651
898.764 -0.652
898.884 -0.653
899.004 -0.654
899.125 -0.655
899.244 -0.656
899.363 -0.657
899.483 -0.658
899.602 -0.659
899.721 -0.66
899.84 -0.661
899.958 -0.662
900.077 -0.663
900.195 -0.664
900.313 -0.665
900.431 -0.666
900.549 -0.667
900.667 -0.668
900.785 -0.669
900.903 -0.67
901.02 -0.671
901.138 -0.672
901.255 -0.673
901.372 -0.674
901.489 -0.675
901.606 -0.676
901.722 -0.677
901.839 -0.678
901.955 -0.679
902.071 -0.68
902.186 -0.681
902.302 -0.682
902.416 -0.683
902.531 -0.684
902.644 -0.685
902.757 -0.686
902.869 -0.687
902.98 -0.688
903.09 -0.689
903.198 -0.69
903.303 -0.691
903.403 -0.692
903.497 -0.693
903.584 -0.694
903.66 -0.695
903.725 -0.696
903.776 -0.697
903.811 -0.698
903.827 -0.699
903.826 -0.7
903.804 -0.701
903.766 -0.702
903.714 -0.703
903.656 -0.704
903.593 -0.705
903.525 -0.706
903.453 -0.707
903.382 -0.708
903.313 -0.709
903.246 -0.71
903.182 -0.711
903.123 -0.712
903.069 -0.713
903.022 -0.714
902.98 -0.715
902.946 -0.716
902.913 -0.717
902.884 -0.718
902.858 -0.719
902.833 -0.72
902.808 -0.721
902.783 -0.722
902.76 -0.723
902.74 -0.724
902.722 -0.725
902.71 -0.726
902.704 -0.727
902.703 -0.728
902.709 -0.729
902.719 -0.73
902.731 -0.731
902.746 -0.732
902.76 -0.733
902.766 -0.734
902.722 -0.735
901.921 -0.736
901.497 -0.737
902.249 -0.738
902.403 -0.739
902.529 -0.74
902.108 -0.741
901.525 -0.742
901.537 -0.743
902.283 -0.744
902.601 -0.745
902.85 -0.746
903.016 -0.747
903.174 -0.748
903.339 -0.749
903.504 -0.75
903.679 -0.751
903.868 -0.752
904.059 -0.753
904.25 -0.754
904.454 -0.755
904.66 -0.756
904.865 -0.757
905.063 -0.758
905.266 -0.759
905.463 -0.76
905.646 -0.761
905.82 -0.762
905.991 -0.763
906.156 -0.764
906.318 -0.765
906.481 -0.766
906.646 -0.767
906.81 -0.768
906.978 -0.769
907.146 -0.77
907.315 -0.771
907.483 -0.772
907.651 -0.773
907.819 -0.774
907.987 -0.775
908.155 -0.776
908.322 -0.777
908.489 -0.778
908.657 -0.779
908.823 -0.78
908.99 -0.781
909.156 -0.782
909.322 -0.783
909.488 -0.784
909.653 -0.785
909.818 -0.786
909.983 -0.787
910.148 -0.788
910.312 -0.789
910.477 -0.79
910.641 -0.791
910.804 -0.792
910.968 -0.793
911.131 -0.794
911.294 -0.795
911.457 -0.796
911.62 -0.797
911.782 -0.798
911.944 -0.799
912.106 -0.8
912.268 -0.801
912.429 -0.802
912.59 -0.803
912.751 -0.804
912.911 -0.805
913.071 -0.806
913.231 -0.807
913.391 -0.808
913.55 -0.809
913.709 -0.81
913.867 -0.811
914.025 -0.812
914.183 -0.813
914.34 -0.814
914.497 -0.815
914.654 -0.816
914.811 -0.817
914.967 -0.818
915.121 -0.819
915.275 -0.82
915.428 -0.821
915.579 -0.822
915.729 -0.823
915.877 -0.824
916.022 -0.825
916.166 -0.826
916.307 -0.827
916.442 -0.828
916.576 -0.829
916.707 -0.83
916.838 -0.831
916.965 -0.832
917.09 -0.833
917.216 -0.834
917.341 -0.835
917.467 -0.836
917.592 -0.837
917.718 -0.838
917.843 -0.839
917.968 -0.84
918.093 -0.841
918.219 -0.842
918.344 -0.843
918.469 -0.844
918.594 -0.845
918.719 -0.846
918.845 -0.847
918.97 -0.848
919.095 -0.849
919.22 -0.85
919.345 -0.851
919.47 -0.852
919.595 -0.853
919.72 -0.854
919.845 -0.855
919.97 -0.856
920.095 -0.857
920.22 -0.858
920.345 -0.859
920.469 -0.86
920.594 -0.861
920.719 -0.862
920.843 -0.863
920.968 -0.864
921.092 -0.865
921.216 -0.866
921.341 -0.867
921.465 -0.868
921.589 -0.869
921.713 -0.87
921.837 -0.871
921.96 -0.872
922.084 -0.873
922.208 -0.874
922.332 -0.875
922.455 -0.876
922.579 -0.877
922.702 -0.878
922.825 -0.879
922.948 -0.88
923.07 -0.881
923.192 -0.882
923.314 -0.883
923.436 -0.884
923.558 -0.885
923.679 -0.886
923.799 -0.887
923.919 -0.888
924.038 -0.889
924.157 -0.89
924.274 -0.891
924.39 -0.892
924.504 -0.893
924.615 -0.894
924.722 -0.895
924.829 -0.896
924.94 -0.897
925.054 -0.898
925.171 -0.899
925.289 -0.9
925.405 -0.901
925.522 -0.902
925.638 -0.903
925.754 -0.904
925.869 -0.905
925.985 -0.906
926.105 -0.907
926.237 -0.908
926.359 -0.909
926.486 -0.91
926.624 -0.911
926.756 -0.912
926.887 -0.913
927.018 -0.914
927.149 -0.915
927.28 -0.916
927.411 -0.917
927.543 -0.918
927.675 -0.919
927.808 -0.92
927.942 -0.921
928.077 -0.922
928.212 -0.923
928.346 -0.924
928.481 -0.925
928.616 -0.926
928.75 -0.927
928.885 -0.928
929.02 -0.929
929.155 -0.93
929.289 -0.931
929.424 -0.932
929.559 -0.933
929.694 -0.934
929.829 -0.935
929.964 -0.936
930.099 -0.937
930.234 -0.938
930.369 -0.939
930.504 -0.94
930.639 -0.941
930.774 -0.942
930.909 -0.943
931.044 -0.944
931.179 -0.945
931.314 -0.946
931.45 -0.947
931.585 -0.948
931.721 -0.949
931.856 -0.95
931.992 -0.951
932.127 -0.952
932.263 -0.953
932.399 -0.954
932.535 -0.955
932.67 -0.956
932.806 -0.957
932.942 -0.958
933.078 -0.959
933.214 -0.96
933.349 -0.961
933.485 -0.962
933.62 -0.963
933.756 -0.964
933.892 -0.965
934.027 -0.966
934.163 -0.967
934.299 -0.968
934.435 -0.969
934.572 -0.97
934.708 -0.971
934.844 -0.972
934.98 -0.973
935.116 -0.974
935.253 -0.975
935.389 -0.976
935.525 -0.977
935.662 -0.978
935.798 -0.979
935.934 -0.98
936.071 -0.981
936.207 -0.982
936.344 -0.983
936.48 -0.984
936.617 -0.985
936.753 -0.986
936.89 -0.987
937.027 -0.988
937.163 -0.989
937.3 -0.99
937.437 -0.991
937.574 -0.992
937.71 -0.993
937.847 -0.994
937.984 -0.995
938.121 -0.996
938.258 -0.997
938.395 -0.998
938.532 -0.999
938.669 -1
938.806 -1.001
938.944 -1.002
939.081 -1.003
939.218 -1.004
939.355 -1.005
939.492 -1.006
939.63 -1.007
939.767 -1.008
939.904 -1.009
940.041 -1.01
940.179 -1.011
940.316 -1.012
940.453 -1.013
940.591 -1.014
940.728 -1.015
940.865 -1.016
941.003 -1.017
941.14 -1.018
941.278 -1.019
941.416 -1.02
941.553 -1.021
941.691 -1.022
941.828 -1.023
941.966 -1.024
942.103 -1.025
942.24 -1.026
942.378 -1.027
942.515 -1.028
942.652 -1.029
942.79 -1.03
942.927 -1.031
943.065 -1.032
943.202 -1.033
943.34 -1.034
943.478 -1.035
943.615 -1.036
943.753 -1.037
943.891 -1.038
944.028 -1.039
944.166 -1.04
944.304 -1.041
944.442 -1.042
944.579 -1.043
944.717 -1.044
944.855 -1.045
944.993 -1.046
945.131 -1.047
945.269 -1.048
945.406 -1.049
945.544 -1.05
945.681 -1.051
945.819 -1.052
945.956 -1.053
946.094 -1.054
946.231 -1.055
946.368 -1.056
946.506 -1.057
946.643 -1.058
946.78 -1.059
946.917 -1.06
947.054 -1.061
947.191 -1.062
947.328 -1.063
947.465 -1.064
947.601 -1.065
947.738 -1.066
947.874 -1.067
948.01 -1.068
948.147 -1.069
948.283 -1.07
948.418 -1.071
948.554 -1.072
948.689 -1.073
948.823 -1.074
948.953 -1.075
949.051 -1.076
949.13 -1.077
949.208 -1.078
949.286 -1.079
949.364 -1.08
949.442 -1.081
949.52 -1.082
949.597 -1.083
949.674 -1.084
949.751 -1.085
949.826 -1.086
949.9 -1.087
949.932 -1.088
949.959 -1.089
950.025 -1.09
950.151 -1.091
950.293 -1.092
950.435 -1.093
950.568 -1.094
950.676 -1.095
950.784 -1.096
950.892 -1.097
951 -1.098
951.108 -1.099
951.216 -1.1
951.348 -1.101
951.533 -1.102
951.743 -1.103
951.958 -1.104
952.158 -1.105
952.34 -1.106
952.506 -1.107
952.673 -1.108
952.84 -1.109
953.006 -1.11
953.173 -1.111
953.339 -1.112
953.506 -1.113
953.672 -1.114
953.838 -1.115
953.98 -1.116
954.115 -1.117
954.249 -1.118
954.384 -1.119
954.518 -1.12
954.653 -1.121
954.787 -1.122
954.921 -1.123
955.054 -1.124
955.188 -1.125
955.321 -1.126
955.455 -1.127
955.588 -1.128
955.721 -1.129
955.853 -1.13
955.985 -1.131
956.118 -1.132
956.249 -1.133
956.38 -1.134
956.511 -1.135
956.641 -1.136
956.77 -1.137
956.899 -1.138
957.027 -1.139
957.154 -1.14
957.281 -1.141
957.407 -1.142
957.533 -1.143
957.657 -1.144
957.78 -1.145
957.902 -1.146
958.023 -1.147
958.144 -1.148
958.263 -1.149
958.381 -1.15
958.497 -1.151
958.612 -1.152
958.727 -1.153
958.84 -1.154
958.953 -1.155
959.065 -1.156
959.175 -1.157
959.285 -1.158
959.393 -1.159
959.5 -1.16
959.607 -1.161
959.713 -1.162
959.819 -1.163
959.923 -1.164
960.027 -1.165
960.131 -1.166
960.234 -1.167
960.336 -1.168
960.437 -1.169
960.538 -1.17
960.638 -1.171
960.737 -1.172
960.836 -1.173
960.935 -1.174
961.034 -1.175
961.134 -1.176
961.233 -1.177
961.331 -1.178
961.43 -1.179
961.528 -1.18
961.626 -1.181
961.725 -1.182
961.823 -1.183
961.924 -1.184
962.034 -1.185
962.144 -1.186
962.268 -1.187
962.409 -1.188
962.55 -1.189
962.689 -1.19
962.829 -1.191
962.968 -1.192
963.106 -1.193
963.244 -1.194
963.381 -1.195
963.518 -1.196
963.655 -1.197
963.791 -1.198
963.926 -1.199
964.061 -1.2
964.196 -1.201
964.33 -1.202
964.472 -1.203
964.612 -1.204
964.752 -1.205
964.903 -1.206
965.053 -1.207
965.202 -1.208
965.351 -1.209
965.499 -1.21
965.647 -1.211
965.794 -1.212
965.94 -1.213
966.086 -1.214
966.236 -1.215
966.378 -1.216
966.426 -1.217
966.522 -1.218
966.613 -1.219
966.704 -1.22
966.794 -1.221
966.884 -1.222
966.979 -1.223
967.073 -1.224
967.168 -1.225
967.261 -1.226
967.393 -1.227
967.542 -1.228
967.694 -1.229
967.869 -1.23
968.044 -1.231
968.219 -1.232
968.405 -1.233
968.583 -1.234
968.754 -1.235
968.879 -1.236
969.007 -1.237
969.127 -1.238
969.245 -1.239
969.364 -1.24
969.48 -1.241
969.595 -1.242
969.709 -1.243
969.823 -1.244
969.917 -1.245
970.014 -1.246
970.155 -1.247
970.288 -1.248
970.415 -1.249
970.565 -1.25
970.714 -1.251
970.86 -1.252
970.986 -1.253
971.118 -1.254
971.251 -1.255
971.382 -1.256
971.513 -1.257
971.647 -1.258
971.78 -1.259
971.914 -1.26
972.051 -1.261
972.189 -1.262
972.322 -1.263
972.432 -1.264
972.542 -1.265
972.651 -1.266
972.76 -1.267
972.869 -1.268
972.977 -1.269
973.085 -1.27
973.193 -1.271
973.301 -1.272
973.409 -1.273
973.519 -1.274
973.629 -1.275
973.739 -1.276
973.849 -1.277
973.959 -1.278
974.069 -1.279
974.178 -1.28
974.286 -1.281
974.39 -1.282
974.492 -1.283
974.591 -1.284
974.688 -1.285
974.784 -1.286
974.876 -1.287
974.968 -1.288
975.058 -1.289
975.146 -1.29
975.233 -1.291
975.32 -1.292
975.408 -1.293
975.495 -1.294
975.582 -1.295
975.67 -1.296
975.757 -1.297
975.845 -1.298
975.933 -1.299
976.024 -1.3
