5.89167 -0.001
11.7555 -0.002
17.5916 -0.003
23.4 -0.004
29.181 -0.005
34.9346 -0.006
40.661 -0.007
46.3602 -0.008
52.0325 -0.009
57.6778 -0.01
63.2964 -0.011
68.8883 -0.012
74.4537 -0.013
79.9926 -0.014
85.5052 -0.015
90.9915 -0.016
96.4518 -0.017
101.886 -0.018
107.294 -0.019
112.677 -0.02
118.034 -0.021
123.365 -0.022
128.671 -0.023
133.951 -0.024
139.206 -0.025
144.436 -0.026
149.641 -0.027
154.821 -0.028
159.975 -0.029
165.105 -0.03
170.21 -0.031
175.291 -0.032
180.347 -0.033
185.378 -0.034
190.385 -0.035
195.368 -0.036
200.326 -0.037
205.26 -0.038
210.17 -0.039
215.055 -0.04
219.917 -0.041
224.754 -0.042
229.561 -0.043
234.293 -0.044
238.907 -0.045
243.367 -0.046
247.675 -0.047
251.771 -0.048
255.797 -0.049
259.801 -0.05
263.712 -0.051
267.372 -0.052
270.733 -0.053
273.696 -0.054
275.929 -0.055
277.904 -0.056
279.759 -0.057
281.578 -0.058
283.233 -0.059
284.795 -0.06
286.164 -0.061
287.3 -0.062
288.28 -0.063
289.201 -0.064
290.091 -0.065
290.941 -0.066
291.754 -0.067
292.516 -0.068
293.227 -0.069
293.915 -0.07
294.579 -0.071
295.186 -0.072
295.729 -0.073
296.254 -0.074
296.755 -0.075
297.238 -0.076
297.691 -0.077
298.089 -0.078
298.42 -0.079
298.724 -0.08
298.99 -0.081
299.199 -0.082
299.368 -0.083
299.525 -0.084
299.67 -0.085
299.804 -0.086
299.925 -0.087
300.023 -0.088
300.104 -0.089
300.168 -0.09
300.208 -0.091
300.22 -0.092
300.213 -0.093
300.198 -0.094
300.166 -0.095
300.121 -0.096
300.067 -0.097
300.006 -0.098
299.935 -0.099
299.85 -0.1
299.758 -0.101
299.659 -0.102
299.554 -0.103
299.444 -0.104
299.328 -0.105
299.208 -0.106
299.084 -0.107
298.954 -0.108
298.821 -0.109
298.684 -0.11
298.544 -0.111
298.401 -0.112
298.255 -0.113
298.105 -0.114
297.953 -0.115
297.798 -0.116
297.64 -0.117
297.48 -0.118
297.316 -0.119
297.148 -0.12
296.978 -0.121
296.805 -0.122
296.628 -0.123
296.45 -0.124
296.268 -0.125
296.082 -0.126
295.894 -0.127
295.702 -0.128
295.507 -0.129
295.309 -0.13
295.108 -0.131
294.904 -0.132
294.696 -0.133
294.486 -0.134
294.275 -0.135
294.064 -0.136
293.851 -0.137
293.638 -0.138
293.423 -0.139
293.208 -0.14
292.993 -0.141
292.776 -0.142
292.56 -0.143
292.343 -0.144
292.126 -0.145
291.908 -0.146
291.69 -0.147
291.472 -0.148
291.254 -0.149
291.036 -0.15
290.816 -0.151
290.594 -0.152
290.372 -0.153
290.15 -0.154
289.928 -0.155
289.707 -0.156
289.486 -0.157
289.265 -0.158
289.044 -0.159
288.822 -0.16
288.602 -0.161
288.382 -0.162
288.162 -0.163
287.943 -0.164
287.724 -0.165
287.506 -0.166
287.288 -0.167
287.072 -0.168
286.855 -0.169
286.64 -0.17
286.425 -0.171
286.211 -0.172
285.997 -0.173
285.783 -0.174
285.567 -0.175
285.35 -0.176
285.133 -0.177
284.917 -0.178
284.702 -0.179
284.487 -0.18
284.273 -0.181
284.06 -0.182
283.849 -0.183
283.638 -0.184
283.428 -0.185
283.219 -0.186
283.01 -0.187
282.803 -0.188
282.596 -0.189
282.391 -0.19
282.185 -0.191
281.98 -0.192
281.775 -0.193
281.572 -0.194
281.369 -0.195
281.168 -0.196
280.967 -0.197
280.767 -0.198
280.569 -0.199
280.371 -0.2
280.172 -0.201
279.974 -0.202
279.777 -0.203
279.581 -0.204
279.385 -0.205
279.191 -0.206
278.998 -0.207
278.807 -0.208
278.617 -0.209
278.429 -0.21
278.242 -0.211
278.057 -0.212
277.871 -0.213
277.688 -0.214
277.505 -0.215
277.324 -0.216
277.144 -0.217
276.966 -0.218
276.789 -0.219
276.614 -0.22
276.44 -0.221
276.266 -0.222
276.093 -0.223
275.921 -0.224
275.751 -0.225
275.583 -0.226
275.416 -0.227
275.25 -0.228
275.085 -0.229
274.921 -0.23
274.76 -0.231
274.6 -0.232
274.442 -0.233
274.285 -0.234
274.129 -0.235
273.974 -0.236
273.821 -0.237
273.67 -0.238
273.521 -0.239
273.374 -0.24
273.225 -0.241
273.077 -0.242
272.931 -0.243
272.786 -0.244
272.642 -0.245
272.5 -0.246
272.359 -0.247
272.219 -0.248
272.079 -0.249
271.942 -0.25
271.805 -0.251
271.67 -0.252
271.536 -0.253
271.403 -0.254
271.272 -0.255
271.142 -0.256
271.012 -0.257
270.882 -0.258
270.755 -0.259
270.628 -0.26
270.502 -0.261
270.376 -0.262
270.252 -0.263
270.129 -0.264
270.007 -0.265
269.886 -0.266
269.765 -0.267
269.645 -0.268
269.525 -0.269
269.407 -0.27
269.29 -0.271
269.173 -0.272
269.058 -0.273
268.944 -0.274
268.832 -0.275
268.721 -0.276
268.61 -0.277
268.501 -0.278
268.393 -0.279
268.286 -0.28
268.18 -0.281
268.076 -0.282
267.974 -0.283
267.874 -0.284
267.775 -0.285
267.678 -0.286
267.583 -0.287
267.49 -0.288
267.398 -0.289
267.308 -0.29
267.219 -0.291
267.132 -0.292
267.047 -0.293
266.963 -0.294
266.882 -0.295
266.802 -0.296
266.725 -0.297
266.65 -0.298
266.576 -0.299
266.505 -0.3
266.436 -0.301
266.37 -0.302
266.303 -0.303
266.238 -0.304
266.175 -0.305
266.114 -0.306
266.055 -0.307
265.999 -0.308
265.944 -0.309
265.892 -0.31
265.842 -0.311
265.794 -0.312
265.748 -0.313
265.704 -0.314
265.663 -0.315
265.624 -0.316
265.587 -0.317
265.553 -0.318
265.52 -0.319
265.49 -0.32
265.463 -0.321
265.437 -0.322
265.414 -0.323
265.393 -0.324
265.375 -0.325
265.359 -0.326
265.346 -0.327
265.335 -0.328
265.326 -0.329
265.32 -0.33
265.316 -0.331
265.314 -0.332
265.315 -0.333
265.319 -0.334
265.324 -0.335
265.333 -0.336
265.343 -0.337
265.353 -0.338
265.364 -0.339
265.379 -0.34
265.395 -0.341
265.414 -0.342
265.432 -0.343
265.451 -0.344
265.472 -0.345
265.496 -0.346
265.52 -0.347
265.544 -0.348
265.571 -0.349
265.6 -0.35
265.632 -0.351
265.663 -0.352
265.696 -0.353
265.73 -0.354
265.765 -0.355
265.801 -0.356
265.834 -0.357
265.869 -0.358
265.906 -0.359
265.942 -0.36
265.978 -0.361
266.013 -0.362
266.051 -0.363
266.092 -0.364
266.132 -0.365
266.175 -0.366
266.221 -0.367
266.267 -0.368
266.315 -0.369
266.365 -0.37
266.418 -0.371
266.474 -0.372
266.533 -0.373
266.594 -0.374
266.657 -0.375
266.723 -0.376
266.792 -0.377
266.864 -0.378
266.938 -0.379
267.015 -0.38
267.094 -0.381
267.173 -0.382
267.253 -0.383
267.336 -0.384
267.422 -0.385
267.506 -0.386
267.592 -0.387
267.681 -0.388
267.773 -0.389
267.863 -0.39
267.956 -0.391
268.051 -0.392
268.148 -0.393
268.244 -0.394
268.344 -0.395
268.446 -0.396
268.548 -0.397
268.651 -0.398
268.754 -0.399
268.859 -0.4
268.963 -0.401
269.069 -0.402
269.177 -0.403
269.287 -0.404
269.4 -0.405
269.515 -0.406
269.63 -0.407
269.749 -0.408
269.87 -0.409
269.993 -0.41
270.117 -0.411
270.244 -0.412
270.373 -0.413
270.505 -0.414
270.638 -0.415
270.774 -0.416
270.913 -0.417
271.053 -0.418
271.195 -0.419
271.34 -0.42
271.488 -0.421
271.639 -0.422
271.793 -0.423
271.95 -0.424
272.109 -0.425
272.271 -0.426
272.436 -0.427
272.604 -0.428
272.775 -0.429
272.948 -0.43
273.124 -0.431
273.3 -0.432
273.479 -0.433
273.659 -0.434
273.839 -0.435
274.022 -0.436
274.205 -0.437
274.39 -0.438
274.577 -0.439
274.763 -0.44
274.953 -0.441
275.142 -0.442
275.333 -0.443
275.526 -0.444
275.718 -0.445
275.913 -0.446
276.11 -0.447
276.309 -0.448
276.511 -0.449
276.715 -0.45
276.921 -0.451
277.13 -0.452
277.341 -0.453
277.554 -0.454
277.769 -0.455
277.987 -0.456
278.208 -0.457
278.431 -0.458
278.657 -0.459
278.886 -0.46
279.117 -0.461
279.35 -0.462
279.587 -0.463
279.826 -0.464
280.067 -0.465
280.309 -0.466
280.553 -0.467
280.795 -0.468
281.04 -0.469
281.283 -0.47
281.528 -0.471
281.775 -0.472
282.02 -0.473
282.267 -0.474
282.514 -0.475
282.761 -0.476
283.011 -0.477
283.258 -0.478
283.507 -0.479
283.758 -0.48
284.009 -0.481
284.262 -0.482
284.519 -0.483
284.778 -0.484
285.039 -0.485
285.301 -0.486
285.566 -0.487
285.832 -0.488
286.1 -0.489
286.371 -0.49
286.643 -0.491
286.918 -0.492
287.195 -0.493
287.473 -0.494
287.754 -0.495
288.037 -0.496
288.322 -0.497
288.609 -0.498
288.898 -0.499
289.189 -0.5
289.482 -0.501
289.777 -0.502
290.074 -0.503
290.374 -0.504
290.676 -0.505
290.981 -0.506
291.288 -0.507
291.598 -0.508
291.91 -0.509
292.225 -0.51
292.542 -0.511
292.862 -0.512
293.185 -0.513
293.51 -0.514
293.838 -0.515
294.169 -0.516
294.502 -0.517
294.838 -0.518
295.176 -0.519
295.516 -0.52
295.859 -0.521
296.202 -0.522
296.548 -0.523
296.894 -0.524
297.241 -0.525
297.591 -0.526
297.941 -0.527
298.292 -0.528
298.643 -0.529
298.996 -0.53
299.35 -0.531
299.705 -0.532
300.062 -0.533
300.418 -0.534
300.777 -0.535
301.138 -0.536
301.501 -0.537
301.866 -0.538
302.234 -0.539
302.604 -0.54
302.976 -0.541
303.35 -0.542
303.726 -0.543
304.103 -0.544
304.484 -0.545
304.866 -0.546
305.251 -0.547
305.638 -0.548
306.027 -0.549
306.419 -0.55
306.812 -0.551
307.207 -0.552
307.605 -0.553
308.006 -0.554
308.409 -0.555
308.814 -0.556
309.219 -0.557
309.626 -0.558
310.032 -0.559
310.441 -0.56
310.85 -0.561
311.263 -0.562
311.676 -0.563
312.092 -0.564
312.509 -0.565
312.926 -0.566
313.345 -0.567
313.763 -0.568
314.183 -0.569
314.604 -0.57
315.027 -0.571
315.451 -0.572
315.877 -0.573
316.305 -0.574
316.736 -0.575
317.169 -0.576
317.605 -0.577
318.044 -0.578
318.483 -0.579
318.923 -0.58
319.365 -0.581
319.809 -0.582
320.256 -0.583
320.706 -0.584
321.156 -0.585
321.606 -0.586
322.056 -0.587
322.509 -0.588
322.965 -0.589
323.424 -0.59
323.885 -0.591
324.349 -0.592
324.812 -0.593
325.276 -0.594
325.742 -0.595
326.212 -0.596
326.682 -0.597
327.153 -0.598
327.625 -0.599
328.1 -0.6
328.578 -0.601
329.057 -0.602
329.537 -0.603
330.016 -0.604
330.496 -0.605
330.977 -0.606
331.457 -0.607
331.938 -0.608
332.42 -0.609
332.905 -0.61
333.39 -0.611
333.875 -0.612
334.361 -0.613
334.848 -0.614
335.337 -0.615
335.824 -0.616
336.312 -0.617
336.8 -0.618
337.288 -0.619
337.779 -0.62
338.272 -0.621
338.767 -0.622
339.262 -0.623
339.758 -0.624
340.254 -0.625
340.749 -0.626
341.245 -0.627
341.741 -0.628
342.235 -0.629
342.728 -0.63
343.221 -0.631
343.713 -0.632
344.206 -0.633
344.7 -0.634
345.196 -0.635
345.695 -0.636
346.196 -0.637
346.699 -0.638
347.203 -0.639
347.707 -0.64
348.211 -0.641
348.716 -0.642
349.221 -0.643
349.727 -0.644
350.233 -0.645
350.737 -0.646
351.24 -0.647
351.742 -0.648
352.246 -0.649
352.751 -0.65
353.258 -0.651
353.767 -0.652
354.279 -0.653
354.79 -0.654
355.302 -0.655
355.817 -0.656
356.334 -0.657
356.852 -0.658
357.368 -0.659
357.885 -0.66
358.405 -0.661
358.927 -0.662
359.452 -0.663
359.973 -0.664
360.495 -0.665
361.021 -0.666
361.548 -0.667
362.075 -0.668
362.596 -0.669
363.117 -0.67
363.639 -0.671
364.161 -0.672
364.68 -0.673
365.198 -0.674
365.719 -0.675
366.242 -0.676
366.765 -0.677
367.284 -0.678
367.805 -0.679
368.329 -0.68
368.854 -0.681
369.371 -0.682
369.891 -0.683
370.413 -0.684
370.934 -0.685
371.447 -0.686
371.962 -0.687
372.478 -0.688
372.997 -0.689
373.518 -0.69
374.04 -0.691
374.565 -0.692
375.092 -0.693
375.62 -0.694
376.144 -0.695
376.668 -0.696
377.191 -0.697
377.708 -0.698
378.223 -0.699
378.736 -0.7
379.25 -0.701
379.766 -0.702
380.283 -0.703
380.803 -0.704
381.324 -0.705
381.847 -0.706
382.367 -0.707
382.89 -0.708
383.415 -0.709
383.942 -0.71
384.465 -0.711
384.99 -0.712
385.516 -0.713
386.045 -0.714
386.57 -0.715
387.096 -0.716
387.624 -0.717
388.154 -0.718
388.68 -0.719
389.205 -0.72
389.733 -0.721
390.262 -0.722
390.793 -0.723
391.326 -0.724
391.86 -0.725
392.397 -0.726
392.935 -0.727
393.476 -0.728
394.018 -0.729
394.562 -0.73
395.107 -0.731
395.655 -0.732
396.205 -0.733
396.757 -0.734
397.31 -0.735
397.866 -0.736
398.424 -0.737
398.984 -0.738
399.542 -0.739
400.101 -0.74
400.662 -0.741
401.222 -0.742
401.78 -0.743
402.34 -0.744
402.902 -0.745
403.451 -0.746
403.993 -0.747
404.535 -0.748
405.075 -0.749
405.609 -0.75
406.144 -0.751
406.68 -0.752
407.219 -0.753
407.76 -0.754
408.302 -0.755
408.846 -0.756
409.392 -0.757
409.94 -0.758
410.489 -0.759
411.041 -0.76
411.594 -0.761
412.15 -0.762
412.707 -0.763
413.266 -0.764
413.827 -0.765
414.379 -0.766
414.887 -0.767
415.375 -0.768
415.864 -0.769
416.355 -0.77
416.847 -0.771
417.34 -0.772
417.834 -0.773
418.33 -0.774
418.827 -0.775
419.319 -0.776
419.704 -0.777
420.057 -0.778
420.41 -0.779
420.764 -0.78
421.118 -0.781
421.472 -0.782
421.827 -0.783
422.181 -0.784
422.536 -0.785
422.892 -0.786
423.247 -0.787
423.603 -0.788
423.958 -0.789
424.315 -0.79
424.671 -0.791
425.028 -0.792
425.385 -0.793
425.742 -0.794
426.1 -0.795
426.458 -0.796
426.816 -0.797
427.175 -0.798
427.534 -0.799
427.893 -0.8
428.253 -0.801
428.613 -0.802
428.973 -0.803
429.333 -0.804
429.694 -0.805
430.055 -0.806
430.417 -0.807
430.779 -0.808
431.141 -0.809
431.504 -0.81
431.866 -0.811
432.23 -0.812
432.593 -0.813
432.957 -0.814
433.321 -0.815
433.686 -0.816
434.05 -0.817
434.416 -0.818
434.781 -0.819
435.147 -0.82
435.513 -0.821
435.88 -0.822
436.247 -0.823
436.614 -0.824
436.981 -0.825
437.349 -0.826
437.717 -0.827
438.086 -0.828
438.454 -0.829
438.823 -0.83
439.193 -0.831
439.562 -0.832
439.932 -0.833
440.302 -0.834
440.672 -0.835
441.041 -0.836
441.411 -0.837
441.781 -0.838
442.15 -0.839
442.519 -0.84
442.882 -0.841
443.222 -0.842
443.554 -0.843
443.885 -0.844
444.216 -0.845
444.547 -0.846
444.877 -0.847
445.208 -0.848
445.539 -0.849
445.869 -0.85
446.2 -0.851
446.531 -0.852
446.862 -0.853
447.193 -0.854
447.524 -0.855
447.855 -0.856
448.186 -0.857
448.518 -0.858
448.849 -0.859
449.18 -0.86
449.512 -0.861
449.843 -0.862
450.175 -0.863
450.506 -0.864
450.838 -0.865
451.17 -0.866
451.502 -0.867
451.833 -0.868
452.165 -0.869
452.497 -0.87
452.829 -0.871
453.162 -0.872
453.494 -0.873
453.826 -0.874
454.158 -0.875
454.491 -0.876
454.823 -0.877
455.155 -0.878
455.488 -0.879
455.82 -0.88
456.153 -0.881
456.485 -0.882
456.818 -0.883
457.15 -0.884
457.483 -0.885
457.816 -0.886
458.148 -0.887
458.481 -0.888
458.814 -0.889
459.147 -0.89
459.48 -0.891
459.813 -0.892
460.146 -0.893
460.48 -0.894
460.813 -0.895
461.146 -0.896
461.48 -0.897
461.813 -0.898
462.147 -0.899
462.481 -0.9
462.814 -0.901
463.148 -0.902
463.482 -0.903
463.816 -0.904
464.15 -0.905
464.484 -0.906
464.818 -0.907
465.153 -0.908
465.487 -0.909
465.821 -0.91
466.156 -0.911
466.49 -0.912
466.825 -0.913
467.16 -0.914
467.495 -0.915
467.829 -0.916
468.164 -0.917
468.499 -0.918
468.834 -0.919
469.169 -0.92
469.504 -0.921
469.839 -0.922
470.175 -0.923
470.51 -0.924
470.845 -0.925
471.18 -0.926
471.515 -0.927
471.851 -0.928
472.186 -0.929
472.521 -0.93
472.856 -0.931
473.191 -0.932
473.526 -0.933
473.862 -0.934
474.197 -0.935
474.533 -0.936
474.868 -0.937
475.204 -0.938
475.54 -0.939
475.876 -0.94
476.212 -0.941
476.548 -0.942
476.884 -0.943
477.22 -0.944
477.556 -0.945
477.893 -0.946
478.229 -0.947
478.566 -0.948
478.902 -0.949
479.239 -0.95
479.576 -0.951
479.912 -0.952
480.249 -0.953
480.587 -0.954
480.924 -0.955
481.261 -0.956
481.599 -0.957
481.937 -0.958
482.274 -0.959
482.612 -0.96
482.95 -0.961
483.288 -0.962
483.626 -0.963
483.964 -0.964
484.302 -0.965
484.64 -0.966
484.979 -0.967
485.317 -0.968
485.656 -0.969
485.994 -0.97
486.333 -0.971
486.672 -0.972
487.011 -0.973
487.349 -0.974
487.688 -0.975
488.028 -0.976
488.367 -0.977
488.706 -0.978
489.045 -0.979
489.385 -0.98
489.724 -0.981
490.064 -0.982
490.403 -0.983
490.743 -0.984
491.083 -0.985
491.423 -0.986
491.763 -0.987
492.103 -0.988
492.443 -0.989
492.783 -0.99
493.123 -0.991
493.464 -0.992
493.804 -0.993
494.145 -0.994
494.485 -0.995
494.825 -0.996
495.166 -0.997
495.507 -0.998
495.847 -0.999
496.188 -1
496.529 -1.001
496.87 -1.002
497.211 -1.003
497.551 -1.004
497.892 -1.005
498.233 -1.006
498.574 -1.007
498.915 -1.008
499.256 -1.009
499.597 -1.01
499.938 -1.011
500.279 -1.012
500.621 -1.013
500.962 -1.014
501.304 -1.015
501.645 -1.016
501.987 -1.017
502.328 -1.018
502.669 -1.019
503.011 -1.02
503.353 -1.021
503.694 -1.022
504.036 -1.023
504.378 -1.024
504.72 -1.025
505.062 -1.026
505.404 -1.027
505.747 -1.028
506.089 -1.029
506.431 -1.03
506.774 -1.031
507.117 -1.032
507.459 -1.033
507.802 -1.034
508.145 -1.035
508.487 -1.036
508.83 -1.037
509.173 -1.038
509.516 -1.039
509.859 -1.04
510.202 -1.041
510.546 -1.042
510.889 -1.043
511.232 -1.044
511.576 -1.045
511.92 -1.046
512.263 -1.047
512.607 -1.048
512.951 -1.049
513.295 -1.05
513.64 -1.051
513.984 -1.052
514.328 -1.053
514.673 -1.054
515.017 -1.055
515.362 -1.056
515.707 -1.057
516.052 -1.058
516.397 -1.059
516.742 -1.06
517.086 -1.061
517.431 -1.062
517.777 -1.063
518.122 -1.064
518.467 -1.065
518.812 -1.066
519.157 -1.067
519.502 -1.068
519.847 -1.069
520.193 -1.07
520.538 -1.071
520.884 -1.072
521.23 -1.073
521.575 -1.074
521.921 -1.075
522.267 -1.076
522.614 -1.077
522.96 -1.078
523.306 -1.079
523.653 -1.08
523.999 -1.081
524.346 -1.082
524.693 -1.083
525.04 -1.084
525.387 -1.085
525.734 -1.086
526.081 -1.087
526.428 -1.088
526.776 -1.089
527.123 -1.09
527.471 -1.091
527.818 -1.092
528.166 -1.093
528.514 -1.094
528.862 -1.095
529.21 -1.096
529.558 -1.097
529.906 -1.098
530.254 -1.099
530.602 -1.1
