5.53003 -0.001
11.0499 -0.002
16.5597 -0.003
22.0593 -0.004
27.5486 -0.005
33.0276 -0.006
38.4961 -0.007
43.9541 -0.008
49.4015 -0.009
54.8382 -0.01
60.2641 -0.011
65.6792 -0.012
71.0832 -0.013
76.4762 -0.014
81.8581 -0.015
87.2286 -0.016
92.5878 -0.017
97.9355 -0.018
103.272 -0.019
108.596 -0.02
113.909 -0.021
119.209 -0.022
124.498 -0.023
129.774 -0.024
135.038 -0.025
140.29 -0.026
145.529 -0.027
150.756 -0.028
155.969 -0.029
161.17 -0.03
166.357 -0.031
171.531 -0.032
176.692 -0.033
181.839 -0.034
186.973 -0.035
192.092 -0.036
197.198 -0.037
202.289 -0.038
207.366 -0.039
212.428 -0.04
217.475 -0.041
222.507 -0.042
227.524 -0.043
232.526 -0.044
237.363 -0.045
241.834 -0.046
245.602 -0.047
249.085 -0.048
252.506 -0.049
255.683 -0.05
258.372 -0.051
260.572 -0.052
262.777 -0.053
264.986 -0.054
267.187 -0.055
269.381 -0.056
271.559 -0.057
273.73 -0.058
275.894 -0.059
278.051 -0.06
280.197 -0.061
282.33 -0.062
284.453 -0.063
286.565 -0.064
288.667 -0.065
290.757 -0.066
292.837 -0.067
294.905 -0.068
296.961 -0.069
299.003 -0.07
301.032 -0.071
303.05 -0.072
305.056 -0.073
307.052 -0.074
309.036 -0.075
311.007 -0.076
312.966 -0.077
314.911 -0.078
316.844 -0.079
318.767 -0.08
320.676 -0.081
322.573 -0.082
324.459 -0.083
326.334 -0.084
328.198 -0.085
330.053 -0.086
331.897 -0.087
333.731 -0.088
335.555 -0.089
337.368 -0.09
339.172 -0.091
340.958 -0.092
342.719 -0.093
344.448 -0.094
346.11 -0.095
347.74 -0.096
349.298 -0.097
350.718 -0.098
352.118 -0.099
353.429 -0.1
354.521 -0.101
355.425 -0.102
356.272 -0.103
357.106 -0.104
357.93 -0.105
358.694 -0.106
359.288 -0.107
359.875 -0.108
360.453 -0.109
361.022 -0.11
361.586 -0.111
362.145 -0.112
362.697 -0.113
363.244 -0.114
363.656 -0.115
364.034 -0.116
364.376 -0.117
364.69 -0.118
365 -0.119
365.305 -0.12
365.606 -0.121
365.902 -0.122
366.138 -0.123
366.264 -0.124
366.378 -0.125
366.488 -0.126
366.596 -0.127
366.701 -0.128
366.804 -0.129
366.905 -0.13
367.005 -0.131
367.101 -0.132
367.196 -0.133
367.29 -0.134
367.382 -0.135
367.473 -0.136
367.561 -0.137
367.646 -0.138
367.727 -0.139
367.806 -0.14
367.883 -0.141
367.948 -0.142
367.977 -0.143
368.003 -0.144
368.028 -0.145
368.052 -0.146
368.075 -0.147
368.097 -0.148
368.118 -0.149
368.137 -0.15
368.156 -0.151
368.174 -0.152
368.192 -0.153
368.208 -0.154
368.223 -0.155
368.237 -0.156
368.25 -0.157
368.262 -0.158
368.273 -0.159
368.283 -0.16
368.292 -0.161
368.3 -0.162
368.307 -0.163
368.313 -0.164
368.317 -0.165
368.321 -0.166
368.324 -0.167
368.325 -0.168
368.325 -0.169
368.323 -0.17
368.32 -0.171
368.314 -0.172
368.306 -0.173
368.297 -0.174
368.286 -0.175
368.274 -0.176
368.261 -0.177
368.247 -0.178
368.231 -0.179
368.214 -0.18
368.197 -0.181
368.178 -0.182
368.157 -0.183
368.136 -0.184
368.113 -0.185
368.089 -0.186
368.064 -0.187
368.038 -0.188
368.01 -0.189
367.982 -0.19
367.952 -0.191
367.922 -0.192
367.89 -0.193
367.857 -0.194
367.823 -0.195
367.788 -0.196
367.752 -0.197
367.715 -0.198
367.677 -0.199
367.637 -0.2
367.596 -0.201
367.553 -0.202
367.509 -0.203
367.463 -0.204
367.416 -0.205
367.367 -0.206
367.313 -0.207
367.249 -0.208
367.184 -0.209
367.117 -0.21
367.049 -0.211
366.98 -0.212
366.911 -0.213
366.84 -0.214
366.769 -0.215
366.697 -0.216
366.624 -0.217
366.551 -0.218
366.476 -0.219
366.401 -0.22
366.326 -0.221
366.25 -0.222
366.175 -0.223
366.098 -0.224
366.021 -0.225
365.943 -0.226
365.866 -0.227
365.788 -0.228
365.71 -0.229
365.632 -0.23
365.555 -0.231
365.479 -0.232
365.402 -0.233
365.325 -0.234
365.25 -0.235
365.174 -0.236
365.097 -0.237
365.022 -0.238
364.945 -0.239
364.868 -0.24
364.79 -0.241
364.713 -0.242
364.635 -0.243
364.556 -0.244
364.477 -0.245
364.398 -0.246
364.318 -0.247
364.238 -0.248
364.157 -0.249
364.076 -0.25
363.995 -0.251
363.914 -0.252
363.833 -0.253
363.752 -0.254
363.67 -0.255
363.59 -0.256
363.508 -0.257
363.427 -0.258
363.346 -0.259
363.266 -0.26
363.185 -0.261
363.105 -0.262
363.026 -0.263
362.947 -0.264
362.868 -0.265
362.79 -0.266
362.711 -0.267
362.632 -0.268
362.554 -0.269
362.475 -0.27
362.396 -0.271
362.316 -0.272
362.236 -0.273
362.155 -0.274
362.075 -0.275
361.994 -0.276
361.914 -0.277
361.833 -0.278
361.753 -0.279
361.672 -0.28
361.592 -0.281
361.512 -0.282
361.431 -0.283
361.351 -0.284
361.271 -0.285
361.191 -0.286
361.111 -0.287
361.031 -0.288
360.951 -0.289
360.871 -0.29
360.791 -0.291
360.711 -0.292
360.632 -0.293
360.552 -0.294
360.473 -0.295
360.394 -0.296
360.315 -0.297
360.235 -0.298
360.156 -0.299
360.078 -0.3
359.999 -0.301
359.92 -0.302
359.842 -0.303
359.763 -0.304
359.685 -0.305
359.614 -0.306
359.549 -0.307
359.485 -0.308
359.421 -0.309
359.357 -0.31
359.293 -0.311
359.229 -0.312
359.166 -0.313
359.103 -0.314
359.039 -0.315
358.976 -0.316
358.913 -0.317
358.851 -0.318
358.788 -0.319
358.726 -0.32
358.663 -0.321
358.601 -0.322
358.539 -0.323
358.477 -0.324
358.416 -0.325
358.354 -0.326
358.293 -0.327
358.231 -0.328
358.17 -0.329
358.109 -0.33
358.049 -0.331
357.988 -0.332
357.928 -0.333
357.868 -0.334
357.808 -0.335
357.748 -0.336
357.688 -0.337
357.629 -0.338
357.57 -0.339
357.511 -0.34
357.451 -0.341
357.392 -0.342
357.333 -0.343
357.274 -0.344
357.215 -0.345
357.156 -0.346
357.098 -0.347
357.04 -0.348
356.982 -0.349
356.923 -0.35
356.865 -0.351
356.81 -0.352
356.761 -0.353
356.721 -0.354
356.687 -0.355
356.656 -0.356
356.626 -0.357
356.596 -0.358
356.566 -0.359
356.536 -0.36
356.507 -0.361
356.478 -0.362
356.45 -0.363
356.421 -0.364
356.393 -0.365
356.366 -0.366
356.339 -0.367
356.312 -0.368
356.285 -0.369
356.259 -0.37
356.234 -0.371
356.208 -0.372
356.183 -0.373
356.159 -0.374
356.134 -0.375
356.11 -0.376
356.087 -0.377
356.064 -0.378
356.041 -0.379
356.019 -0.38
355.997 -0.381
355.975 -0.382
355.954 -0.383
355.933 -0.384
355.913 -0.385
355.893 -0.386
355.874 -0.387
355.854 -0.388
355.836 -0.389
355.817 -0.39
355.799 -0.391
355.782 -0.392
355.765 -0.393
355.748 -0.394
355.731 -0.395
355.715 -0.396
355.7 -0.397
355.685 -0.398
355.67 -0.399
355.655 -0.4
355.641 -0.401
355.628 -0.402
355.615 -0.403
355.602 -0.404
355.59 -0.405
355.578 -0.406
355.566 -0.407
355.555 -0.408
355.545 -0.409
355.535 -0.41
355.525 -0.411
355.516 -0.412
355.507 -0.413
355.499 -0.414
355.494 -0.415
355.491 -0.416
355.492 -0.417
355.495 -0.418
355.499 -0.419
355.504 -0.42
355.509 -0.421
355.515 -0.422
355.521 -0.423
355.528 -0.424
355.535 -0.425
355.543 -0.426
355.551 -0.427
355.56 -0.428
355.57 -0.429
355.582 -0.43
355.595 -0.431
355.609 -0.432
355.625 -0.433
355.641 -0.434
355.658 -0.435
355.675 -0.436
355.693 -0.437
355.711 -0.438
355.73 -0.439
355.749 -0.44
355.769 -0.441
355.79 -0.442
355.811 -0.443
355.832 -0.444
355.854 -0.445
355.877 -0.446
355.9 -0.447
355.923 -0.448
355.945 -0.449
355.966 -0.45
355.988 -0.451
356.011 -0.452
356.034 -0.453
356.057 -0.454
356.081 -0.455
356.106 -0.456
356.131 -0.457
356.156 -0.458
356.182 -0.459
356.209 -0.46
356.236 -0.461
356.264 -0.462
356.292 -0.463
356.321 -0.464
356.351 -0.465
356.381 -0.466
356.411 -0.467
356.442 -0.468
356.474 -0.469
356.506 -0.47
356.539 -0.471
356.572 -0.472
356.606 -0.473
356.641 -0.474
356.676 -0.475
356.711 -0.476
356.748 -0.477
356.784 -0.478
356.822 -0.479
356.86 -0.48
356.898 -0.481
356.938 -0.482
356.977 -0.483
357.018 -0.484
357.059 -0.485
357.1 -0.486
357.142 -0.487
357.185 -0.488
357.228 -0.489
357.272 -0.49
357.317 -0.491
357.362 -0.492
357.408 -0.493
357.454 -0.494
357.501 -0.495
357.549 -0.496
357.597 -0.497
357.646 -0.498
357.696 -0.499
357.746 -0.5
357.797 -0.501
357.848 -0.502
357.9 -0.503
357.953 -0.504
358.006 -0.505
358.06 -0.506
358.115 -0.507
358.17 -0.508
358.226 -0.509
358.283 -0.51
358.342 -0.511
358.403 -0.512
358.466 -0.513
358.531 -0.514
358.597 -0.515
358.663 -0.516
358.729 -0.517
358.797 -0.518
358.865 -0.519
358.933 -0.52
359.003 -0.521
359.073 -0.522
359.144 -0.523
359.215 -0.524
359.287 -0.525
359.36 -0.526
359.434 -0.527
359.51 -0.528
359.587 -0.529
359.665 -0.53
359.744 -0.531
359.824 -0.532
359.905 -0.533
359.987 -0.534
360.07 -0.535
360.153 -0.536
360.237 -0.537
360.321 -0.538
360.406 -0.539
360.492 -0.54
360.578 -0.541
360.665 -0.542
360.753 -0.543
360.841 -0.544
360.93 -0.545
361.019 -0.546
361.109 -0.547
361.2 -0.548
361.291 -0.549
361.384 -0.55
361.476 -0.551
361.569 -0.552
361.662 -0.553
361.757 -0.554
361.852 -0.555
361.947 -0.556
362.042 -0.557
362.139 -0.558
362.236 -0.559
362.334 -0.56
362.432 -0.561
362.53 -0.562
362.629 -0.563
362.729 -0.564
362.829 -0.565
362.931 -0.566
363.033 -0.567
363.135 -0.568
363.239 -0.569
363.343 -0.57
363.448 -0.571
363.553 -0.572
363.66 -0.573
363.767 -0.574
363.875 -0.575
363.984 -0.576
364.093 -0.577
364.203 -0.578
364.314 -0.579
364.426 -0.58
364.538 -0.581
364.652 -0.582
364.766 -0.583
364.88 -0.584
364.996 -0.585
365.112 -0.586
365.229 -0.587
365.347 -0.588
365.466 -0.589
365.585 -0.59
365.705 -0.591
365.826 -0.592
365.947 -0.593
366.07 -0.594
366.192 -0.595
366.316 -0.596
366.44 -0.597
366.565 -0.598
366.691 -0.599
366.817 -0.6
366.945 -0.601
367.073 -0.602
367.202 -0.603
367.332 -0.604
367.462 -0.605
367.594 -0.606
367.726 -0.607
367.859 -0.608
367.993 -0.609
368.128 -0.61
368.263 -0.611
368.4 -0.612
368.537 -0.613
368.675 -0.614
368.814 -0.615
368.954 -0.616
369.095 -0.617
369.236 -0.618
369.379 -0.619
369.522 -0.62
369.667 -0.621
369.812 -0.622
369.958 -0.623
370.106 -0.624
370.254 -0.625
370.403 -0.626
370.553 -0.627
370.703 -0.628
370.855 -0.629
371.008 -0.63
371.161 -0.631
371.315 -0.632
371.471 -0.633
371.627 -0.634
371.784 -0.635
371.941 -0.636
372.1 -0.637
372.26 -0.638
372.42 -0.639
372.582 -0.64
372.744 -0.641
372.907 -0.642
373.071 -0.643
373.236 -0.644
373.402 -0.645
373.569 -0.646
373.737 -0.647
373.906 -0.648
374.077 -0.649
374.249 -0.65
374.422 -0.651
374.596 -0.652
374.772 -0.653
374.948 -0.654
375.125 -0.655
375.304 -0.656
375.483 -0.657
375.663 -0.658
375.844 -0.659
376.026 -0.66
376.208 -0.661
376.392 -0.662
376.577 -0.663
376.762 -0.664
376.949 -0.665
377.136 -0.666
377.324 -0.667
377.514 -0.668
377.704 -0.669
377.895 -0.67
378.087 -0.671
378.28 -0.672
378.474 -0.673
378.669 -0.674
378.865 -0.675
379.062 -0.676
379.26 -0.677
379.459 -0.678
379.658 -0.679
379.859 -0.68
380.061 -0.681
380.263 -0.682
380.467 -0.683
380.672 -0.684
380.877 -0.685
381.084 -0.686
381.291 -0.687
381.5 -0.688
381.71 -0.689
381.92 -0.69
382.132 -0.691
382.344 -0.692
382.558 -0.693
382.773 -0.694
382.988 -0.695
383.205 -0.696
383.422 -0.697
383.641 -0.698
383.861 -0.699
384.081 -0.7
384.303 -0.701
384.525 -0.702
384.749 -0.703
384.974 -0.704
385.2 -0.705
385.425 -0.706
385.651 -0.707
385.877 -0.708
386.101 -0.709
386.323 -0.71
386.543 -0.711
386.761 -0.712
386.977 -0.713
387.191 -0.714
387.403 -0.715
387.616 -0.716
387.83 -0.717
388.046 -0.718
388.262 -0.719
388.479 -0.72
388.697 -0.721
388.916 -0.722
389.135 -0.723
389.356 -0.724
389.578 -0.725
389.801 -0.726
390.024 -0.727
390.249 -0.728
390.474 -0.729
390.701 -0.73
390.928 -0.731
391.157 -0.732
391.386 -0.733
391.616 -0.734
391.848 -0.735
392.08 -0.736
392.313 -0.737
392.547 -0.738
392.783 -0.739
393.019 -0.74
393.256 -0.741
393.494 -0.742
393.733 -0.743
393.973 -0.744
394.214 -0.745
394.456 -0.746
394.699 -0.747
394.943 -0.748
395.188 -0.749
395.433 -0.75
395.68 -0.751
395.927 -0.752
396.164 -0.753
396.402 -0.754
396.64 -0.755
396.879 -0.756
397.119 -0.757
397.36 -0.758
397.602 -0.759
397.845 -0.76
398.089 -0.761
398.333 -0.762
398.579 -0.763
398.826 -0.764
399.073 -0.765
399.32 -0.766
399.567 -0.767
399.815 -0.768
400.064 -0.769
400.314 -0.77
400.565 -0.771
400.818 -0.772
401.071 -0.773
401.325 -0.774
401.58 -0.775
401.836 -0.776
402.093 -0.777
402.351 -0.778
402.609 -0.779
402.869 -0.78
403.129 -0.781
403.391 -0.782
403.653 -0.783
403.916 -0.784
404.18 -0.785
404.444 -0.786
404.71 -0.787
404.975 -0.788
405.242 -0.789
405.508 -0.79
405.774 -0.791
406.038 -0.792
406.296 -0.793
406.545 -0.794
406.782 -0.795
407.005 -0.796
407.213 -0.797
407.406 -0.798
407.585 -0.799
407.751 -0.8
407.913 -0.801
408.072 -0.802
408.231 -0.803
408.391 -0.804
408.552 -0.805
408.715 -0.806
408.906 -0.807
409.122 -0.808
409.376 -0.809
409.648 -0.81
409.934 -0.811
410.23 -0.812
410.54 -0.813
410.854 -0.814
411.175 -0.815
411.506 -0.816
411.839 -0.817
412.178 -0.818
412.523 -0.819
412.872 -0.82
413.221 -0.821
413.562 -0.822
413.894 -0.823
414.221 -0.824
414.548 -0.825
414.877 -0.826
415.207 -0.827
415.537 -0.828
415.867 -0.829
416.199 -0.83
416.531 -0.831
416.865 -0.832
417.2 -0.833
417.536 -0.834
417.872 -0.835
418.209 -0.836
418.546 -0.837
418.884 -0.838
419.224 -0.839
419.564 -0.84
419.905 -0.841
420.245 -0.842
420.581 -0.843
420.912 -0.844
421.24 -0.845
421.569 -0.846
421.898 -0.847
422.229 -0.848
422.561 -0.849
422.894 -0.85
423.229 -0.851
423.564 -0.852
423.901 -0.853
424.239 -0.854
424.578 -0.855
424.918 -0.856
425.26 -0.857
425.602 -0.858
425.946 -0.859
426.291 -0.86
426.637 -0.861
426.985 -0.862
427.334 -0.863
427.684 -0.864
428.033 -0.865
428.378 -0.866
428.718 -0.867
429.055 -0.868
429.393 -0.869
429.733 -0.87
430.073 -0.871
430.415 -0.872
430.758 -0.873
431.102 -0.874
431.448 -0.875
431.794 -0.876
432.141 -0.877
432.489 -0.878
432.839 -0.879
433.189 -0.88
433.541 -0.881
433.893 -0.882
434.247 -0.883
434.602 -0.884
434.958 -0.885
435.315 -0.886
435.673 -0.887
436.032 -0.888
436.392 -0.889
436.753 -0.89
437.113 -0.891
437.468 -0.892
437.821 -0.893
438.173 -0.894
438.526 -0.895
438.88 -0.896
439.235 -0.897
439.59 -0.898
439.946 -0.899
440.302 -0.9
440.659 -0.901
441.015 -0.902
441.37 -0.903
441.723 -0.904
442.073 -0.905
442.419 -0.906
442.761 -0.907
443.098 -0.908
443.428 -0.909
443.753 -0.91
444.071 -0.911
444.382 -0.912
444.687 -0.913
444.986 -0.914
445.284 -0.915
445.579 -0.916
445.875 -0.917
446.17 -0.918
446.49 -0.919
446.838 -0.92
447.19 -0.921
447.545 -0.922
447.9 -0.923
448.267 -0.924
448.656 -0.925
449.045 -0.926
449.435 -0.927
449.825 -0.928
450.222 -0.929
450.636 -0.93
451.051 -0.931
451.467 -0.932
451.881 -0.933
452.311 -0.934
452.74 -0.935
453.167 -0.936
453.588 -0.937
454.002 -0.938
454.42 -0.939
454.835 -0.94
455.249 -0.941
455.663 -0.942
456.078 -0.943
456.494 -0.944
456.911 -0.945
457.33 -0.946
457.753 -0.947
458.176 -0.948
458.6 -0.949
459.025 -0.95
459.45 -0.951
459.876 -0.952
460.302 -0.953
460.728 -0.954
461.153 -0.955
461.579 -0.956
462.003 -0.957
462.429 -0.958
462.851 -0.959
463.275 -0.96
463.694 -0.961
464.114 -0.962
464.536 -0.963
464.958 -0.964
465.381 -0.965
465.806 -0.966
466.232 -0.967
466.659 -0.968
467.087 -0.969
467.516 -0.97
467.946 -0.971
468.377 -0.972
468.809 -0.973
469.241 -0.974
469.673 -0.975
470.105 -0.976
470.536 -0.977
470.966 -0.978
471.395 -0.979
471.822 -0.98
472.248 -0.981
472.671 -0.982
473.093 -0.983
473.513 -0.984
473.93 -0.985
474.346 -0.986
474.759 -0.987
475.171 -0.988
475.58 -0.989
475.988 -0.99
476.394 -0.991
476.8 -0.992
477.211 -0.993
477.631 -0.994
478.051 -0.995
478.505 -0.996
478.958 -0.997
479.409 -0.998
479.86 -0.999
480.311 -1
480.769 -1.001
481.228 -1.002
481.698 -1.003
482.169 -1.004
482.642 -1.005
483.116 -1.006
483.591 -1.007
484.067 -1.008
484.544 -1.009
485.027 -1.01
485.511 -1.011
486 -1.012
486.492 -1.013
486.986 -1.014
487.481 -1.015
487.978 -1.016
488.475 -1.017
488.973 -1.018
489.469 -1.019
489.965 -1.02
490.458 -1.021
490.951 -1.022
491.446 -1.023
491.94 -1.024
492.437 -1.025
492.934 -1.026
493.433 -1.027
493.933 -1.028
494.435 -1.029
494.938 -1.03
495.44 -1.031
495.942 -1.032
496.443 -1.033
496.944 -1.034
497.444 -1.035
497.944 -1.036
498.443 -1.037
498.943 -1.038
499.445 -1.039
499.949 -1.04
500.453 -1.041
500.959 -1.042
501.466 -1.043
501.974 -1.044
502.484 -1.045
502.995 -1.046
503.507 -1.047
504.021 -1.048
504.536 -1.049
505.052 -1.05
505.57 -1.051
506.089 -1.052
506.61 -1.053
507.132 -1.054
507.656 -1.055
508.181 -1.056
508.707 -1.057
509.235 -1.058
509.764 -1.059
510.295 -1.06
510.827 -1.061
511.361 -1.062
511.896 -1.063
512.432 -1.064
512.971 -1.065
513.51 -1.066
514.051 -1.067
514.594 -1.068
515.138 -1.069
515.683 -1.07
516.23 -1.071
516.778 -1.072
517.327 -1.073
517.878 -1.074
518.43 -1.075
518.984 -1.076
519.538 -1.077
520.095 -1.078
520.652 -1.079
521.211 -1.08
521.772 -1.081
522.334 -1.082
522.898 -1.083
523.463 -1.084
524.029 -1.085
524.597 -1.086
525.166 -1.087
525.737 -1.088
526.31 -1.089
526.884 -1.09
527.459 -1.091
528.036 -1.092
528.615 -1.093
529.195 -1.094
529.775 -1.095
530.356 -1.096
530.938 -1.097
531.52 -1.098
532.102 -1.099
532.684 -1.1
533.267 -1.101
533.852 -1.102
534.439 -1.103
535.027 -1.104
535.616 -1.105
536.207 -1.106
536.8 -1.107
537.394 -1.108
537.989 -1.109
538.587 -1.11
539.186 -1.111
539.786 -1.112
540.388 -1.113
540.991 -1.114
541.596 -1.115
542.202 -1.116
542.808 -1.117
543.415 -1.118
544.022 -1.119
544.63 -1.12
545.238 -1.121
545.847 -1.122
546.456 -1.123
547.066 -1.124
547.677 -1.125
548.289 -1.126
548.902 -1.127
549.517 -1.128
550.134 -1.129
550.752 -1.13
551.372 -1.131
551.993 -1.132
552.616 -1.133
553.241 -1.134
553.867 -1.135
554.495 -1.136
555.124 -1.137
555.755 -1.138
556.387 -1.139
557.02 -1.14
557.656 -1.141
558.293 -1.142
558.931 -1.143
559.571 -1.144
560.213 -1.145
560.856 -1.146
561.501 -1.147
562.147 -1.148
562.795 -1.149
563.444 -1.15
564.095 -1.151
564.748 -1.152
565.402 -1.153
566.058 -1.154
566.715 -1.155
567.375 -1.156
568.035 -1.157
568.697 -1.158
569.36 -1.159
570.025 -1.16
570.692 -1.161
571.36 -1.162
572.03 -1.163
572.702 -1.164
573.375 -1.165
574.049 -1.166
574.725 -1.167
575.403 -1.168
576.082 -1.169
576.762 -1.17
577.445 -1.171
578.129 -1.172
578.815 -1.173
579.502 -1.174
580.191 -1.175
580.882 -1.176
581.574 -1.177
582.268 -1.178
582.962 -1.179
583.658 -1.18
584.356 -1.181
585.055 -1.182
585.756 -1.183
586.458 -1.184
587.162 -1.185
587.868 -1.186
588.575 -1.187
589.283 -1.188
589.994 -1.189
590.706 -1.19
591.419 -1.191
592.134 -1.192
592.851 -1.193
593.57 -1.194
594.29 -1.195
595.012 -1.196
595.735 -1.197
596.459 -1.198
597.184 -1.199
597.911 -1.2
598.64 -1.201
599.37 -1.202
600.102 -1.203
600.836 -1.204
601.571 -1.205
602.308 -1.206
603.045 -1.207
603.784 -1.208
604.523 -1.209
605.262 -1.21
606.002 -1.211
606.743 -1.212
607.485 -1.213
608.229 -1.214
608.973 -1.215
609.72 -1.216
610.468 -1.217
611.217 -1.218
611.969 -1.219
612.721 -1.22
613.476 -1.221
614.232 -1.222
614.99 -1.223
615.75 -1.224
616.511 -1.225
617.274 -1.226
618.038 -1.227
618.805 -1.228
619.573 -1.229
620.342 -1.23
621.112 -1.231
621.882 -1.232
622.65 -1.233
623.415 -1.234
624.18 -1.235
624.946 -1.236
625.712 -1.237
626.478 -1.238
627.245 -1.239
628.013 -1.24
628.782 -1.241
629.553 -1.242
630.326 -1.243
631.1 -1.244
631.875 -1.245
632.652 -1.246
633.431 -1.247
634.211 -1.248
634.993 -1.249
635.776 -1.25
636.561 -1.251
637.348 -1.252
638.135 -1.253
638.924 -1.254
639.714 -1.255
640.506 -1.256
641.3 -1.257
642.095 -1.258
642.892 -1.259
643.69 -1.26
644.489 -1.261
645.29 -1.262
646.093 -1.263
646.895 -1.264
647.699 -1.265
648.504 -1.266
649.311 -1.267
650.12 -1.268
650.931 -1.269
651.742 -1.27
652.556 -1.271
653.37 -1.272
654.187 -1.273
655.003 -1.274
655.82 -1.275
656.638 -1.276
657.456 -1.277
658.274 -1.278
659.092 -1.279
659.908 -1.28
660.722 -1.281
661.538 -1.282
662.355 -1.283
663.173 -1.284
663.993 -1.285
664.814 -1.286
665.637 -1.287
666.461 -1.288
667.286 -1.289
668.113 -1.29
668.942 -1.291
669.771 -1.292
670.601 -1.293
671.433 -1.294
672.266 -1.295
673.1 -1.296
673.936 -1.297
674.773 -1.298
675.611 -1.299
676.451 -1.3
677.292 -1.301
678.134 -1.302
678.977 -1.303
679.821 -1.304
680.666 -1.305
681.51 -1.306
682.357 -1.307
683.204 -1.308
684.052 -1.309
684.9 -1.31
685.748 -1.311
686.598 -1.312
687.448 -1.313
688.299 -1.314
689.152 -1.315
690.001 -1.316
690.847 -1.317
691.684 -1.318
692.505 -1.319
693.325 -1.32
694.145 -1.321
694.965 -1.322
695.791 -1.323
696.616 -1.324
697.441 -1.325
698.266 -1.326
699.093 -1.327
699.918 -1.328
700.744 -1.329
701.572 -1.33
702.401 -1.331
703.231 -1.332
704.058 -1.333
704.886 -1.334
705.712 -1.335
706.537 -1.336
707.365 -1.337
708.195 -1.338
709.027 -1.339
709.86 -1.34
710.695 -1.341
711.531 -1.342
712.37 -1.343
713.213 -1.344
714.056 -1.345
714.901 -1.346
715.746 -1.347
716.595 -1.348
717.445 -1.349
718.297 -1.35
719.15 -1.351
720.005 -1.352
720.862 -1.353
721.721 -1.354
722.581 -1.355
723.441 -1.356
724.303 -1.357
725.167 -1.358
726.031 -1.359
726.896 -1.36
727.762 -1.361
728.628 -1.362
729.494 -1.363
730.362 -1.364
731.232 -1.365
732.104 -1.366
732.978 -1.367
733.853 -1.368
734.73 -1.369
735.609 -1.37
736.489 -1.371
737.37 -1.372
738.25 -1.373
739.13 -1.374
740.013 -1.375
740.896 -1.376
741.776 -1.377
742.655 -1.378
743.534 -1.379
744.414 -1.38
745.297 -1.381
746.183 -1.382
747.071 -1.383
747.96 -1.384
748.852 -1.385
749.745 -1.386
750.64 -1.387
751.539 -1.388
752.439 -1.389
753.341 -1.39
754.242 -1.391
755.142 -1.392
756.043 -1.393
756.943 -1.394
757.839 -1.395
758.731 -1.396
759.62 -1.397
760.507 -1.398
761.395 -1.399
762.282 -1.4
763.169 -1.401
764.058 -1.402
764.948 -1.403
765.841 -1.404
766.739 -1.405
767.637 -1.406
768.537 -1.407
769.438 -1.408
770.34 -1.409
771.245 -1.41
772.15 -1.411
773.057 -1.412
773.965 -1.413
774.875 -1.414
775.787 -1.415
776.7 -1.416
777.615 -1.417
778.531 -1.418
779.448 -1.419
780.368 -1.42
781.288 -1.421
782.21 -1.422
783.131 -1.423
784.048 -1.424
784.962 -1.425
785.873 -1.426
786.781 -1.427
787.686 -1.428
788.589 -1.429
789.494 -1.43
790.401 -1.431
791.309 -1.432
792.216 -1.433
793.125 -1.434
794.035 -1.435
794.947 -1.436
795.858 -1.437
796.77 -1.438
797.682 -1.439
798.595 -1.44
799.51 -1.441
800.422 -1.442
801.334 -1.443
802.248 -1.444
803.163 -1.445
804.084 -1.446
805.008 -1.447
805.932 -1.448
806.857 -1.449
807.782 -1.45
808.708 -1.451
809.635 -1.452
810.562 -1.453
811.493 -1.454
812.424 -1.455
813.358 -1.456
814.292 -1.457
815.228 -1.458
816.165 -1.459
817.103 -1.46
818.043 -1.461
818.985 -1.462
819.927 -1.463
820.871 -1.464
821.816 -1.465
822.762 -1.466
823.71 -1.467
824.659 -1.468
825.607 -1.469
826.553 -1.47
827.496 -1.471
828.437 -1.472
829.375 -1.473
830.31 -1.474
831.242 -1.475
832.171 -1.476
833.098 -1.477
834.019 -1.478
834.942 -1.479
835.866 -1.48
836.79 -1.481
837.716 -1.482
838.641 -1.483
839.568 -1.484
840.496 -1.485
841.425 -1.486
842.356 -1.487
843.289 -1.488
844.222 -1.489
845.158 -1.49
846.094 -1.491
847.032 -1.492
847.972 -1.493
848.913 -1.494
849.855 -1.495
850.798 -1.496
851.743 -1.497
852.69 -1.498
853.638 -1.499
854.587 -1.5
