32.9796 -0.001
65.8318 -0.002
98.5626 -0.003
131.166 -0.004
163.637 -0.005
195.973 -0.006
228.169 -0.007
260.22 -0.008
292.122 -0.009
323.869 -0.01
355.455 -0.011
386.875 -0.012
417.988 -0.013
444.63 -0.014
462.745 -0.015
478.558 -0.016
491.3 -0.017
502.985 -0.018
514.506 -0.019
525.841 -0.02
536.998 -0.021
547.992 -0.022
558.902 -0.023
569.758 -0.024
580.548 -0.025
591.273 -0.026
601.942 -0.027
612.564 -0.028
623.145 -0.029
633.684 -0.03
644.178 -0.031
654.631 -0.032
665.044 -0.033
675.416 -0.034
685.74 -0.035
696.026 -0.036
706.281 -0.037
716.502 -0.038
726.303 -0.039
734.817 -0.04
740.974 -0.041
745.217 -0.042
749.431 -0.043
753.599 -0.044
757.729 -0.045
761.823 -0.046
765.877 -0.047
769.896 -0.048
773.887 -0.049
777.839 -0.05
781.761 -0.051
785.655 -0.052
789.521 -0.053
793.392 -0.054
797.258 -0.055
801.113 -0.056
804.951 -0.057
808.779 -0.058
812.622 -0.059
816.445 -0.06
820.201 -0.061
823.807 -0.062
827.173 -0.063
830.397 -0.064
833.203 -0.065
835.745 -0.066
837.975 -0.067
839.586 -0.068
840.484 -0.069
841.278 -0.07
842.063 -0.071
842.839 -0.072
843.603 -0.073
844.355 -0.074
845.088 -0.075
845.8 -0.076
846.492 -0.077
847.167 -0.078
847.825 -0.079
848.461 -0.08
849.075 -0.081
849.672 -0.082
850.257 -0.083
850.827 -0.084
851.379 -0.085
851.914 -0.086
852.432 -0.087
852.934 -0.088
853.422 -0.089
853.899 -0.09
854.365 -0.091
854.82 -0.092
855.267 -0.093
855.704 -0.094
856.132 -0.095
856.556 -0.096
856.975 -0.097
857.39 -0.098
857.8 -0.099
858.205 -0.1
858.606 -0.101
859.004 -0.102
859.399 -0.103
859.791 -0.104
860.18 -0.105
860.568 -0.106
860.953 -0.107
861.336 -0.108
861.717 -0.109
862.094 -0.11
862.469 -0.111
862.842 -0.112
863.214 -0.113
863.583 -0.114
863.95 -0.115
864.316 -0.116
864.68 -0.117
865.042 -0.118
865.403 -0.119
865.762 -0.12
866.119 -0.121
866.474 -0.122
866.826 -0.123
867.176 -0.124
867.524 -0.125
867.871 -0.126
868.217 -0.127
868.559 -0.128
868.901 -0.129
869.242 -0.13
869.581 -0.131
869.919 -0.132
870.255 -0.133
870.59 -0.134
870.924 -0.135
871.256 -0.136
871.587 -0.137
871.916 -0.138
872.243 -0.139
872.568 -0.14
872.891 -0.141
873.213 -0.142
873.534 -0.143
873.855 -0.144
874.174 -0.145
874.49 -0.146
874.805 -0.147
875.118 -0.148
875.431 -0.149
875.743 -0.15
876.055 -0.151
876.366 -0.152
876.676 -0.153
876.984 -0.154
877.29 -0.155
877.595 -0.156
877.9 -0.157
878.204 -0.158
878.508 -0.159
878.811 -0.16
879.113 -0.161
879.412 -0.162
879.71 -0.163
880.007 -0.164
880.303 -0.165
880.598 -0.166
880.891 -0.167
881.182 -0.168
881.473 -0.169
881.763 -0.17
882.052 -0.171
882.34 -0.172
882.627 -0.173
882.912 -0.174
883.195 -0.175
883.479 -0.176
883.762 -0.177
884.045 -0.178
884.327 -0.179
884.609 -0.18
884.89 -0.181
885.168 -0.182
885.445 -0.183
885.719 -0.184
885.991 -0.185
886.263 -0.186
886.534 -0.187
886.805 -0.188
887.076 -0.189
887.346 -0.19
887.616 -0.191
887.886 -0.192
888.154 -0.193
888.42 -0.194
888.685 -0.195
888.95 -0.196
889.214 -0.197
889.478 -0.198
889.742 -0.199
890.005 -0.2
890.267 -0.201
890.529 -0.202
890.791 -0.203
891.053 -0.204
891.314 -0.205
891.574 -0.206
891.832 -0.207
892.091 -0.208
892.349 -0.209
892.606 -0.21
892.864 -0.211
893.121 -0.212
893.378 -0.213
893.634 -0.214
893.89 -0.215
894.146 -0.216
894.401 -0.217
894.656 -0.218
894.911 -0.219
895.166 -0.22
895.42 -0.221
895.672 -0.222
895.923 -0.223
896.172 -0.224
896.422 -0.225
896.672 -0.226
896.92 -0.227
897.167 -0.228
897.415 -0.229
897.662 -0.23
897.909 -0.231
898.156 -0.232
898.402 -0.233
898.647 -0.234
898.893 -0.235
899.137 -0.236
899.382 -0.237
899.625 -0.238
899.867 -0.239
900.109 -0.24
900.352 -0.241
900.594 -0.242
900.835 -0.243
901.076 -0.244
901.313 -0.245
901.55 -0.246
901.787 -0.247
902.024 -0.248
902.258 -0.249
902.493 -0.25
902.728 -0.251
902.964 -0.252
903.199 -0.253
903.432 -0.254
903.664 -0.255
903.896 -0.256
904.127 -0.257
904.358 -0.258
904.589 -0.259
904.816 -0.26
905.041 -0.261
905.265 -0.262
905.483 -0.263
905.694 -0.264
905.897 -0.265
906.035 -0.266
906.114 -0.267
906.142 -0.268
906.132 -0.269
906.115 -0.27
906.098 -0.271
906.002 -0.272
905.923 -0.273
905.882 -0.274
905.833 -0.275
905.869 -0.276
905.921 -0.277
906.001 -0.278
906.141 -0.279
906.338 -0.28
906.563 -0.281
906.863 -0.282
907.171 -0.283
907.494 -0.284
907.828 -0.285
908.127 -0.286
908.429 -0.287
908.777 -0.288
909.124 -0.289
909.433 -0.29
909.7 -0.291
909.961 -0.292
910.216 -0.293
910.494 -0.294
910.798 -0.295
911.086 -0.296
911.313 -0.297
911.531 -0.298
911.749 -0.299
911.967 -0.3
912.185 -0.301
912.403 -0.302
912.621 -0.303
912.839 -0.304
913.057 -0.305
913.274 -0.306
913.491 -0.307
913.708 -0.308
913.925 -0.309
914.141 -0.31
914.357 -0.311
914.573 -0.312
914.789 -0.313
915.004 -0.314
915.218 -0.315
915.432 -0.316
915.646 -0.317
915.86 -0.318
916.073 -0.319
916.286 -0.32
916.5 -0.321
916.714 -0.322
916.927 -0.323
917.14 -0.324
917.353 -0.325
917.565 -0.326
917.778 -0.327
917.992 -0.328
918.205 -0.329
918.418 -0.33
918.631 -0.331
918.844 -0.332
919.057 -0.333
919.269 -0.334
919.482 -0.335
919.696 -0.336
919.911 -0.337
920.125 -0.338
920.34 -0.339
920.555 -0.34
920.77 -0.341
920.986 -0.342
921.201 -0.343
921.419 -0.344
921.636 -0.345
921.853 -0.346
922.07 -0.347
922.288 -0.348
922.505 -0.349
922.723 -0.35
922.941 -0.351
923.159 -0.352
923.377 -0.353
923.596 -0.354
923.815 -0.355
924.035 -0.356
924.255 -0.357
924.475 -0.358
924.695 -0.359
924.915 -0.36
925.134 -0.361
925.354 -0.362
925.574 -0.363
925.794 -0.364
926.015 -0.365
926.235 -0.366
926.454 -0.367
926.672 -0.368
926.89 -0.369
927.108 -0.37
927.326 -0.371
927.544 -0.372
927.763 -0.373
927.979 -0.374
928.196 -0.375
928.412 -0.376
928.628 -0.377
928.845 -0.378
929.061 -0.379
929.277 -0.38
929.493 -0.381
929.71 -0.382
929.926 -0.383
930.142 -0.384
930.359 -0.385
930.575 -0.386
930.791 -0.387
931 -0.388
931.213 -0.389
931.425 -0.39
931.638 -0.391
931.85 -0.392
932.061 -0.393
932.273 -0.394
932.479 -0.395
932.685 -0.396
932.894 -0.397
933.103 -0.398
933.312 -0.399
933.521 -0.4
933.73 -0.401
933.939 -0.402
934.148 -0.403
934.356 -0.404
934.566 -0.405
934.776 -0.406
934.985 -0.407
935.194 -0.408
935.402 -0.409
935.61 -0.41
935.818 -0.411
936.026 -0.412
936.234 -0.413
936.442 -0.414
936.65 -0.415
936.857 -0.416
937.062 -0.417
937.261 -0.418
937.449 -0.419
937.62 -0.42
937.77 -0.421
937.914 -0.422
938.061 -0.423
938.212 -0.424
938.366 -0.425
938.519 -0.426
938.664 -0.427
938.796 -0.428
938.906 -0.429
939.002 -0.43
939.099 -0.431
939.203 -0.432
939.306 -0.433
939.41 -0.434
939.514 -0.435
939.619 -0.436
939.723 -0.437
939.827 -0.438
939.932 -0.439
940.075 -0.44
940.24 -0.441
940.404 -0.442
940.572 -0.443
940.761 -0.444
940.945 -0.445
941.129 -0.446
941.311 -0.447
941.506 -0.448
941.738 -0.449
941.994 -0.45
942.247 -0.451
942.501 -0.452
942.791 -0.453
943.074 -0.454
943.353 -0.455
943.629 -0.456
943.915 -0.457
944.167 -0.458
944.415 -0.459
944.662 -0.46
944.907 -0.461
945.165 -0.462
945.42 -0.463
945.673 -0.464
945.924 -0.465
946.173 -0.466
946.428 -0.467
946.642 -0.468
946.856 -0.469
947.069 -0.47
947.283 -0.471
947.496 -0.472
947.709 -0.473
947.923 -0.474
948.137 -0.475
948.351 -0.476
948.565 -0.477
948.779 -0.478
948.993 -0.479
949.206 -0.48
949.42 -0.481
949.634 -0.482
949.847 -0.483
950.061 -0.484
950.274 -0.485
950.488 -0.486
950.702 -0.487
950.916 -0.488
951.13 -0.489
951.344 -0.49
951.558 -0.491
951.773 -0.492
951.987 -0.493
952.202 -0.494
952.417 -0.495
952.633 -0.496
952.849 -0.497
953.065 -0.498
953.282 -0.499
953.499 -0.5
953.716 -0.501
953.934 -0.502
954.152 -0.503
954.37 -0.504
954.589 -0.505
954.808 -0.506
955.027 -0.507
955.246 -0.508
955.465 -0.509
955.685 -0.51
955.905 -0.511
956.124 -0.512
956.344 -0.513
956.563 -0.514
956.783 -0.515
957.003 -0.516
957.223 -0.517
957.443 -0.518
957.663 -0.519
957.883 -0.52
958.103 -0.521
958.323 -0.522
958.543 -0.523
958.763 -0.524
958.982 -0.525
959.201 -0.526
959.421 -0.527
959.64 -0.528
959.859 -0.529
960.077 -0.53
960.294 -0.531
960.511 -0.532
960.724 -0.533
960.93 -0.534
961.14 -0.535
961.347 -0.536
961.558 -0.537
961.773 -0.538
961.988 -0.539
962.203 -0.54
962.418 -0.541
962.632 -0.542
962.845 -0.543
963.057 -0.544
963.268 -0.545
963.479 -0.546
963.688 -0.547
963.897 -0.548
964.107 -0.549
964.32 -0.55
964.535 -0.551
964.749 -0.552
964.963 -0.553
965.177 -0.554
965.387 -0.555
965.571 -0.556
965.735 -0.557
965.883 -0.558
965.996 -0.559
966.098 -0.56
966.162 -0.561
966.207 -0.562
966.197 -0.563
966.143 -0.564
966.065 -0.565
965.944 -0.566
965.794 -0.567
965.625 -0.568
965.456 -0.569
965.288 -0.57
965.121 -0.571
964.953 -0.572
964.729 -0.573
964.455 -0.574
964.13 -0.575
963.752 -0.576
963.348 -0.577
962.944 -0.578
962.54 -0.579
962.136 -0.58
961.732 -0.581
961.328 -0.582
960.872 -0.583
960.343 -0.584
959.744 -0.585
959.125 -0.586
958.505 -0.587
957.885 -0.588
957.261 -0.589
956.589 -0.59
955.863 -0.591
955.126 -0.592
954.386 -0.593
953.646 -0.594
952.906 -0.595
952.165 -0.596
951.399 -0.597
950.619 -0.598
949.806 -0.599
948.979 -0.6
