12.5506 -0.001
25.0809 -0.002
37.5906 -0.003
50.0795 -0.004
62.5474 -0.005
74.9941 -0.006
87.4192 -0.007
99.8227 -0.008
112.204 -0.009
124.563 -0.01
136.9 -0.011
149.214 -0.012
161.505 -0.013
173.772 -0.014
186.016 -0.015
198.236 -0.016
210.431 -0.017
222.602 -0.018
234.748 -0.019
246.869 -0.02
258.964 -0.021
271.033 -0.022
283.075 -0.023
295.091 -0.024
307.08 -0.025
319.041 -0.026
330.974 -0.027
342.879 -0.028
354.754 -0.029
366.6 -0.03
378.417 -0.031
390.203 -0.032
401.958 -0.033
413.681 -0.034
425.372 -0.035
437.031 -0.036
448.656 -0.037
460.079 -0.038
470.724 -0.039
480.401 -0.04
488.781 -0.041
496.284 -0.042
502.37 -0.043
507.477 -0.044
511.984 -0.045
515.704 -0.046
518.206 -0.047
520.473 -0.048
522.684 -0.049
524.843 -0.05
526.945 -0.051
528.996 -0.052
531 -0.053
532.964 -0.054
534.894 -0.055
536.809 -0.056
538.727 -0.057
540.641 -0.058
542.549 -0.059
544.452 -0.06
546.345 -0.061
548.239 -0.062
550.128 -0.063
552.009 -0.064
553.877 -0.065
555.737 -0.066
557.587 -0.067
559.425 -0.068
561.25 -0.069
563.061 -0.07
564.862 -0.071
566.651 -0.072
568.428 -0.073
570.171 -0.074
571.871 -0.075
573.507 -0.076
575.029 -0.077
576.48 -0.078
577.858 -0.079
579.016 -0.08
580.108 -0.081
581.151 -0.082
581.924 -0.083
582.591 -0.084
582.98 -0.085
583.308 -0.086
583.633 -0.087
583.952 -0.088
584.265 -0.089
584.573 -0.09
584.876 -0.091
585.173 -0.092
585.463 -0.093
585.747 -0.094
586.027 -0.095
586.301 -0.096
586.572 -0.097
586.839 -0.098
587.1 -0.099
587.356 -0.1
587.608 -0.101
587.854 -0.102
588.098 -0.103
588.338 -0.104
588.575 -0.105
588.808 -0.106
589.037 -0.107
589.262 -0.108
589.483 -0.109
589.7 -0.11
589.912 -0.111
590.121 -0.112
590.326 -0.113
590.528 -0.114
590.727 -0.115
590.924 -0.116
591.118 -0.117
591.309 -0.118
591.499 -0.119
591.687 -0.12
591.873 -0.121
592.057 -0.122
592.239 -0.123
592.42 -0.124
592.6 -0.125
592.779 -0.126
592.958 -0.127
593.136 -0.128
593.312 -0.129
593.488 -0.13
593.663 -0.131
593.837 -0.132
594.011 -0.133
594.184 -0.134
594.357 -0.135
594.529 -0.136
594.701 -0.137
594.873 -0.138
595.044 -0.139
595.214 -0.14
595.383 -0.141
595.553 -0.142
595.721 -0.143
595.89 -0.144
596.058 -0.145
596.225 -0.146
596.391 -0.147
596.556 -0.148
596.722 -0.149
596.887 -0.15
597.051 -0.151
597.216 -0.152
597.379 -0.153
597.542 -0.154
597.703 -0.155
597.863 -0.156
598.023 -0.157
598.183 -0.158
598.342 -0.159
598.5 -0.16
598.657 -0.161
598.813 -0.162
598.968 -0.163
599.121 -0.164
599.275 -0.165
599.427 -0.166
599.579 -0.167
599.73 -0.168
599.88 -0.169
600.029 -0.17
600.177 -0.171
600.324 -0.172
600.47 -0.173
600.615 -0.174
600.761 -0.175
600.905 -0.176
601.049 -0.177
601.191 -0.178
601.331 -0.179
601.471 -0.18
601.61 -0.181
601.748 -0.182
601.885 -0.183
602.02 -0.184
602.155 -0.185
602.289 -0.186
602.421 -0.187
602.551 -0.188
602.679 -0.189
602.806 -0.19
602.932 -0.191
603.057 -0.192
603.18 -0.193
603.303 -0.194
603.427 -0.195
603.548 -0.196
603.668 -0.197
603.787 -0.198
603.904 -0.199
604.02 -0.2
604.136 -0.201
604.251 -0.202
604.366 -0.203
604.481 -0.204
604.594 -0.205
604.707 -0.206
604.82 -0.207
604.933 -0.208
605.046 -0.209
605.158 -0.21
605.271 -0.211
605.383 -0.212
605.495 -0.213
605.606 -0.214
605.718 -0.215
605.83 -0.216
605.941 -0.217
606.052 -0.218
606.163 -0.219
606.274 -0.22
606.384 -0.221
606.494 -0.222
606.603 -0.223
606.711 -0.224
606.819 -0.225
606.927 -0.226
607.036 -0.227
607.144 -0.228
607.252 -0.229
607.359 -0.23
607.466 -0.231
607.572 -0.232
607.678 -0.233
607.784 -0.234
607.89 -0.235
607.996 -0.236
608.101 -0.237
608.207 -0.238
608.312 -0.239
608.416 -0.24
608.52 -0.241
608.623 -0.242
608.727 -0.243
608.83 -0.244
608.933 -0.245
609.036 -0.246
609.14 -0.247
609.242 -0.248
609.344 -0.249
609.445 -0.25
609.547 -0.251
609.648 -0.252
609.75 -0.253
609.851 -0.254
609.953 -0.255
610.054 -0.256
610.156 -0.257
610.257 -0.258
610.358 -0.259
610.46 -0.26
610.561 -0.261
610.662 -0.262
610.764 -0.263
610.865 -0.264
610.966 -0.265
611.067 -0.266
611.168 -0.267
611.269 -0.268
611.37 -0.269
611.471 -0.27
611.572 -0.271
611.672 -0.272
611.773 -0.273
611.874 -0.274
611.974 -0.275
612.075 -0.276
612.175 -0.277
612.276 -0.278
612.376 -0.279
612.477 -0.28
612.577 -0.281
612.678 -0.282
612.778 -0.283
612.879 -0.284
612.979 -0.285
613.079 -0.286
613.18 -0.287
613.28 -0.288
613.38 -0.289
613.48 -0.29
613.581 -0.291
613.681 -0.292
613.781 -0.293
613.881 -0.294
613.981 -0.295
614.082 -0.296
614.182 -0.297
614.282 -0.298
614.382 -0.299
614.483 -0.3
614.583 -0.301
614.683 -0.302
614.783 -0.303
614.883 -0.304
614.984 -0.305
615.084 -0.306
615.184 -0.307
615.284 -0.308
615.385 -0.309
615.485 -0.31
615.585 -0.311
615.686 -0.312
615.786 -0.313
615.886 -0.314
615.986 -0.315
616.086 -0.316
616.186 -0.317
616.286 -0.318
616.386 -0.319
616.486 -0.32
616.586 -0.321
616.686 -0.322
616.786 -0.323
616.885 -0.324
616.985 -0.325
617.084 -0.326
617.184 -0.327
617.283 -0.328
617.382 -0.329
617.482 -0.33
617.581 -0.331
617.68 -0.332
617.779 -0.333
617.878 -0.334
617.978 -0.335
618.077 -0.336
618.176 -0.337
618.275 -0.338
618.374 -0.339
618.474 -0.34
618.573 -0.341
618.672 -0.342
618.771 -0.343
618.871 -0.344
618.97 -0.345
619.069 -0.346
619.169 -0.347
619.268 -0.348
619.367 -0.349
619.466 -0.35
619.566 -0.351
619.665 -0.352
619.764 -0.353
619.864 -0.354
619.963 -0.355
620.062 -0.356
620.161 -0.357
620.26 -0.358
620.359 -0.359
620.458 -0.36
620.556 -0.361
620.655 -0.362
620.754 -0.363
620.853 -0.364
620.952 -0.365
621.051 -0.366
621.15 -0.367
621.249 -0.368
621.347 -0.369
621.445 -0.37
621.543 -0.371
621.642 -0.372
621.74 -0.373
621.838 -0.374
621.936 -0.375
622.035 -0.376
622.133 -0.377
622.231 -0.378
622.329 -0.379
622.428 -0.38
622.525 -0.381
622.623 -0.382
622.721 -0.383
622.819 -0.384
622.917 -0.385
623.014 -0.386
623.112 -0.387
623.21 -0.388
623.308 -0.389
623.406 -0.39
623.504 -0.391
623.601 -0.392
623.699 -0.393
623.797 -0.394
623.895 -0.395
623.993 -0.396
624.091 -0.397
624.189 -0.398
624.286 -0.399
624.384 -0.4
624.482 -0.401
624.578 -0.402
624.674 -0.403
624.77 -0.404
624.865 -0.405
624.961 -0.406
625.056 -0.407
625.152 -0.408
625.248 -0.409
625.343 -0.41
625.439 -0.411
625.534 -0.412
625.63 -0.413
625.725 -0.414
625.82 -0.415
625.916 -0.416
626.011 -0.417
626.106 -0.418
626.202 -0.419
626.297 -0.42
626.392 -0.421
626.486 -0.422
626.581 -0.423
626.675 -0.424
626.769 -0.425
626.863 -0.426
626.957 -0.427
627.051 -0.428
627.145 -0.429
627.24 -0.43
627.334 -0.431
627.428 -0.432
627.522 -0.433
627.615 -0.434
627.709 -0.435
627.803 -0.436
627.897 -0.437
627.99 -0.438
628.084 -0.439
628.178 -0.44
628.272 -0.441
628.366 -0.442
628.46 -0.443
628.553 -0.444
628.647 -0.445
628.741 -0.446
628.835 -0.447
628.929 -0.448
629.023 -0.449
629.116 -0.45
629.21 -0.451
629.304 -0.452
629.397 -0.453
629.491 -0.454
629.584 -0.455
629.677 -0.456
629.77 -0.457
629.862 -0.458
629.955 -0.459
630.048 -0.46
630.14 -0.461
630.232 -0.462
630.324 -0.463
630.416 -0.464
630.507 -0.465
630.597 -0.466
630.687 -0.467
630.777 -0.468
630.867 -0.469
630.955 -0.47
631.041 -0.471
631.123 -0.472
631.213 -0.473
631.3 -0.474
631.387 -0.475
631.473 -0.476
631.557 -0.477
631.639 -0.478
631.713 -0.479
631.788 -0.48
631.873 -0.481
631.954 -0.482
632.032 -0.483
632.111 -0.484
632.191 -0.485
632.268 -0.486
632.35 -0.487
632.431 -0.488
632.512 -0.489
632.59 -0.49
632.667 -0.491
632.748 -0.492
632.828 -0.493
632.908 -0.494
632.985 -0.495
633.065 -0.496
633.142 -0.497
633.218 -0.498
633.298 -0.499
633.378 -0.5
633.457 -0.501
633.537 -0.502
633.616 -0.503
633.694 -0.504
633.772 -0.505
633.853 -0.506
633.934 -0.507
634.014 -0.508
634.095 -0.509
634.176 -0.51
634.257 -0.511
634.339 -0.512
634.421 -0.513
634.503 -0.514
634.585 -0.515
634.668 -0.516
634.752 -0.517
634.836 -0.518
634.92 -0.519
635.005 -0.52
635.089 -0.521
635.173 -0.522
635.257 -0.523
635.341 -0.524
635.425 -0.525
635.509 -0.526
635.593 -0.527
635.677 -0.528
635.762 -0.529
635.847 -0.53
635.932 -0.531
636.018 -0.532
636.103 -0.533
636.189 -0.534
636.274 -0.535
636.36 -0.536
636.445 -0.537
636.531 -0.538
636.616 -0.539
636.701 -0.54
636.787 -0.541
636.872 -0.542
636.958 -0.543
637.043 -0.544
637.129 -0.545
637.214 -0.546
637.3 -0.547
637.385 -0.548
637.471 -0.549
637.557 -0.55
637.642 -0.551
637.727 -0.552
637.812 -0.553
637.897 -0.554
637.983 -0.555
638.068 -0.556
638.153 -0.557
638.238 -0.558
638.323 -0.559
638.409 -0.56
638.494 -0.561
638.579 -0.562
638.663 -0.563
638.747 -0.564
638.831 -0.565
638.915 -0.566
638.999 -0.567
639.083 -0.568
639.167 -0.569
639.251 -0.57
639.334 -0.571
639.418 -0.572
639.501 -0.573
639.583 -0.574
639.665 -0.575
639.746 -0.576
639.828 -0.577
639.909 -0.578
639.989 -0.579
640.07 -0.58
640.149 -0.581
640.226 -0.582
640.302 -0.583
640.376 -0.584
640.448 -0.585
640.518 -0.586
640.585 -0.587
640.648 -0.588
640.705 -0.589
640.756 -0.59
640.799 -0.591
640.833 -0.592
640.866 -0.593
640.897 -0.594
640.916 -0.595
640.956 -0.596
640.989 -0.597
641.013 -0.598
641.045 -0.599
641.071 -0.6
641.109 -0.601
641.142 -0.602
641.188 -0.603
641.228 -0.604
641.278 -0.605
641.343 -0.606
641.408 -0.607
641.482 -0.608
641.569 -0.609
641.661 -0.61
641.765 -0.611
641.87 -0.612
641.976 -0.613
642.085 -0.614
642.196 -0.615
642.304 -0.616
642.406 -0.617
642.506 -0.618
642.598 -0.619
642.685 -0.62
642.771 -0.621
642.856 -0.622
642.941 -0.623
643.026 -0.624
643.11 -0.625
643.195 -0.626
643.279 -0.627
643.363 -0.628
643.447 -0.629
643.531 -0.63
643.614 -0.631
643.697 -0.632
643.78 -0.633
643.862 -0.634
643.944 -0.635
644.025 -0.636
644.106 -0.637
644.187 -0.638
644.267 -0.639
644.346 -0.64
644.424 -0.641
644.5 -0.642
644.575 -0.643
644.646 -0.644
644.711 -0.645
644.769 -0.646
644.818 -0.647
644.856 -0.648
644.883 -0.649
644.9 -0.65
644.914 -0.651
644.932 -0.652
644.937 -0.653
644.957 -0.654
645.008 -0.655
645.057 -0.656
645.11 -0.657
645.171 -0.658
645.235 -0.659
645.312 -0.66
645.39 -0.661
645.468 -0.662
645.561 -0.663
645.662 -0.664
645.765 -0.665
645.874 -0.666
645.992 -0.667
646.109 -0.668
646.221 -0.669
646.32 -0.67
646.415 -0.671
646.504 -0.672
646.593 -0.673
646.681 -0.674
646.77 -0.675
646.859 -0.676
646.948 -0.677
647.037 -0.678
647.126 -0.679
647.215 -0.68
647.304 -0.681
647.394 -0.682
647.483 -0.683
647.573 -0.684
647.663 -0.685
647.753 -0.686
647.842 -0.687
647.932 -0.688
648.022 -0.689
648.111 -0.69
648.201 -0.691
648.29 -0.692
648.38 -0.693
648.469 -0.694
648.559 -0.695
648.649 -0.696
648.738 -0.697
648.828 -0.698
648.918 -0.699
649.008 -0.7
649.098 -0.701
649.187 -0.702
649.277 -0.703
649.367 -0.704
649.457 -0.705
649.547 -0.706
649.637 -0.707
649.726 -0.708
649.816 -0.709
649.906 -0.71
649.996 -0.711
650.086 -0.712
650.175 -0.713
650.265 -0.714
650.354 -0.715
650.444 -0.716
650.534 -0.717
650.624 -0.718
650.713 -0.719
650.803 -0.72
650.893 -0.721
650.983 -0.722
651.073 -0.723
651.162 -0.724
651.252 -0.725
651.342 -0.726
651.431 -0.727
651.521 -0.728
651.611 -0.729
651.7 -0.73
651.79 -0.731
651.88 -0.732
651.969 -0.733
652.059 -0.734
652.148 -0.735
652.238 -0.736
652.327 -0.737
652.417 -0.738
652.506 -0.739
652.595 -0.74
652.685 -0.741
652.775 -0.742
652.864 -0.743
652.954 -0.744
653.043 -0.745
653.132 -0.746
653.222 -0.747
653.311 -0.748
653.4 -0.749
653.489 -0.75
653.579 -0.751
653.668 -0.752
653.757 -0.753
653.846 -0.754
653.935 -0.755
654.024 -0.756
654.114 -0.757
654.203 -0.758
654.293 -0.759
654.382 -0.76
654.471 -0.761
654.561 -0.762
654.65 -0.763
654.739 -0.764
654.828 -0.765
654.918 -0.766
655.007 -0.767
655.097 -0.768
655.186 -0.769
655.275 -0.77
655.365 -0.771
655.454 -0.772
655.543 -0.773
655.632 -0.774
655.72 -0.775
655.809 -0.776
655.899 -0.777
655.989 -0.778
656.078 -0.779
656.168 -0.78
656.258 -0.781
656.347 -0.782
656.437 -0.783
656.526 -0.784
656.616 -0.785
656.706 -0.786
656.795 -0.787
656.886 -0.788
656.976 -0.789
657.066 -0.79
657.157 -0.791
657.247 -0.792
657.338 -0.793
657.428 -0.794
657.518 -0.795
657.609 -0.796
657.699 -0.797
657.789 -0.798
657.88 -0.799
657.97 -0.8
658.061 -0.801
658.152 -0.802
658.243 -0.803
658.333 -0.804
658.424 -0.805
658.515 -0.806
658.605 -0.807
658.696 -0.808
658.786 -0.809
658.876 -0.81
658.967 -0.811
659.058 -0.812
659.148 -0.813
659.239 -0.814
659.329 -0.815
659.419 -0.816
659.51 -0.817
659.6 -0.818
659.69 -0.819
659.78 -0.82
659.869 -0.821
659.959 -0.822
660.048 -0.823
660.137 -0.824
660.226 -0.825
660.315 -0.826
660.403 -0.827
660.491 -0.828
660.578 -0.829
660.664 -0.83
660.749 -0.831
660.833 -0.832
660.913 -0.833
660.986 -0.834
661.048 -0.835
661.096 -0.836
661.126 -0.837
661.138 -0.838
661.136 -0.839
661.125 -0.84
661.113 -0.841
661.101 -0.842
661.089 -0.843
661.077 -0.844
661.065 -0.845
661.053 -0.846
661.04 -0.847
661.028 -0.848
661.018 -0.849
661.015 -0.85
661.031 -0.851
661.065 -0.852
661.104 -0.853
661.143 -0.854
661.183 -0.855
661.222 -0.856
661.261 -0.857
661.3 -0.858
661.34 -0.859
661.379 -0.86
661.43 -0.861
661.488 -0.862
661.553 -0.863
661.627 -0.864
661.71 -0.865
661.8 -0.866
661.892 -0.867
661.985 -0.868
662.077 -0.869
662.169 -0.87
662.261 -0.871
662.353 -0.872
662.446 -0.873
662.538 -0.874
662.63 -0.875
662.723 -0.876
662.815 -0.877
662.908 -0.878
663 -0.879
663.091 -0.88
663.181 -0.881
663.268 -0.882
663.353 -0.883
663.437 -0.884
663.521 -0.885
663.606 -0.886
663.69 -0.887
663.774 -0.888
663.858 -0.889
663.941 -0.89
664.025 -0.891
664.109 -0.892
664.193 -0.893
664.276 -0.894
664.36 -0.895
664.443 -0.896
664.527 -0.897
664.61 -0.898
664.687 -0.899
664.763 -0.9
664.839 -0.901
664.914 -0.902
664.989 -0.903
665.064 -0.904
665.138 -0.905
665.211 -0.906
665.284 -0.907
665.356 -0.908
665.427 -0.909
665.496 -0.91
665.561 -0.911
665.569 -0.912
665.525 -0.913
665.478 -0.914
665.43 -0.915
665.407 -0.916
665.393 -0.917
665.371 -0.918
665.35 -0.919
665.303 -0.92
665.257 -0.921
665.216 -0.922
665.201 -0.923
665.208 -0.924
665.217 -0.925
665.227 -0.926
665.238 -0.927
665.25 -0.928
665.263 -0.929
665.276 -0.93
665.307 -0.931
665.467 -0.932
665.69 -0.933
665.944 -0.934
666.217 -0.935
666.488 -0.936
666.683 -0.937
666.875 -0.938
667.068 -0.939
667.261 -0.94
667.454 -0.941
667.646 -0.942
667.839 -0.943
668.031 -0.944
668.223 -0.945
668.414 -0.946
668.604 -0.947
668.794 -0.948
668.928 -0.949
669.047 -0.95
669.167 -0.951
669.286 -0.952
669.405 -0.953
669.524 -0.954
669.643 -0.955
669.762 -0.956
669.881 -0.957
670 -0.958
670.118 -0.959
670.237 -0.96
670.355 -0.961
670.473 -0.962
670.591 -0.963
670.709 -0.964
670.826 -0.965
670.944 -0.966
671.061 -0.967
671.178 -0.968
671.295 -0.969
671.412 -0.97
671.529 -0.971
671.645 -0.972
671.761 -0.973
671.868 -0.974
671.972 -0.975
672.069 -0.976
672.165 -0.977
672.262 -0.978
672.358 -0.979
672.455 -0.98
672.551 -0.981
672.648 -0.982
672.745 -0.983
672.841 -0.984
672.938 -0.985
673.034 -0.986
673.13 -0.987
673.227 -0.988
673.323 -0.989
673.419 -0.99
673.515 -0.991
673.612 -0.992
673.708 -0.993
673.804 -0.994
673.9 -0.995
673.997 -0.996
674.093 -0.997
674.189 -0.998
674.285 -0.999
674.382 -1
674.478 -1.001
674.574 -1.002
674.67 -1.003
674.765 -1.004
674.861 -1.005
674.957 -1.006
675.052 -1.007
675.148 -1.008
675.244 -1.009
675.339 -1.01
675.435 -1.011
675.53 -1.012
675.625 -1.013
675.721 -1.014
675.816 -1.015
675.911 -1.016
676.006 -1.017
676.101 -1.018
676.196 -1.019
676.291 -1.02
676.385 -1.021
676.478 -1.022
676.572 -1.023
676.665 -1.024
676.758 -1.025
676.851 -1.026
676.944 -1.027
677.036 -1.028
677.128 -1.029
677.22 -1.03
677.311 -1.031
677.401 -1.032
677.486 -1.033
677.558 -1.034
677.611 -1.035
677.639 -1.036
677.644 -1.037
677.635 -1.038
677.619 -1.039
677.602 -1.04
677.585 -1.041
677.568 -1.042
677.554 -1.043
677.544 -1.044
677.538 -1.045
677.537 -1.046
677.54 -1.047
677.547 -1.048
677.559 -1.049
677.572 -1.05
677.586 -1.051
677.599 -1.052
677.613 -1.053
677.626 -1.054
677.667 -1.055
677.723 -1.056
677.831 -1.057
677.955 -1.058
678.108 -1.059
678.274 -1.06
678.443 -1.061
678.6 -1.062
678.747 -1.063
678.873 -1.064
678.995 -1.065
679.108 -1.066
679.214 -1.067
679.316 -1.068
679.415 -1.069
679.514 -1.07
679.611 -1.071
679.708 -1.072
679.804 -1.073
679.901 -1.074
679.998 -1.075
680.083 -1.076
680.153 -1.077
680.204 -1.078
680.243 -1.079
680.283 -1.08
680.322 -1.081
680.362 -1.082
680.401 -1.083
680.441 -1.084
680.481 -1.085
680.522 -1.086
680.563 -1.087
680.603 -1.088
680.644 -1.089
680.685 -1.09
680.725 -1.091
680.766 -1.092
680.807 -1.093
680.848 -1.094
680.889 -1.095
680.93 -1.096
680.972 -1.097
681.013 -1.098
681.055 -1.099
681.096 -1.1
681.149 -1.101
681.214 -1.102
681.282 -1.103
681.394 -1.104
681.503 -1.105
681.619 -1.106
681.734 -1.107
681.856 -1.108
681.983 -1.109
682.115 -1.11
682.246 -1.111
682.376 -1.112
682.506 -1.113
682.648 -1.114
682.794 -1.115
682.939 -1.116
683.083 -1.117
683.224 -1.118
683.373 -1.119
683.524 -1.12
683.675 -1.121
683.824 -1.122
683.973 -1.123
684.126 -1.124
684.276 -1.125
684.424 -1.126
684.567 -1.127
684.708 -1.128
684.846 -1.129
684.98 -1.13
685.106 -1.131
685.226 -1.132
685.333 -1.133
685.437 -1.134
685.534 -1.135
685.631 -1.136
685.727 -1.137
685.823 -1.138
685.918 -1.139
686.013 -1.14
686.11 -1.141
686.207 -1.142
686.304 -1.143
686.402 -1.144
686.499 -1.145
686.595 -1.146
686.692 -1.147
686.788 -1.148
686.884 -1.149
686.979 -1.15
687.074 -1.151
687.169 -1.152
687.263 -1.153
687.357 -1.154
687.45 -1.155
687.542 -1.156
687.633 -1.157
687.724 -1.158
687.813 -1.159
687.902 -1.16
687.991 -1.161
688.078 -1.162
688.165 -1.163
688.252 -1.164
688.341 -1.165
688.43 -1.166
688.518 -1.167
688.609 -1.168
688.699 -1.169
688.787 -1.17
688.874 -1.171
688.959 -1.172
689.042 -1.173
689.124 -1.174
689.205 -1.175
689.282 -1.176
689.358 -1.177
689.429 -1.178
689.496 -1.179
689.561 -1.18
689.628 -1.181
689.696 -1.182
689.762 -1.183
689.825 -1.184
689.889 -1.185
689.955 -1.186
690.023 -1.187
690.09 -1.188
690.158 -1.189
690.226 -1.19
690.294 -1.191
690.371 -1.192
690.472 -1.193
690.596 -1.194
690.722 -1.195
690.849 -1.196
690.975 -1.197
691.1 -1.198
691.223 -1.199
691.349 -1.2
