12.519 -0.001
25.0065 -0.002
37.4622 -0.003
49.8855 -0.004
62.2757 -0.005
74.6325 -0.006
86.9551 -0.007
99.2431 -0.008
111.496 -0.009
123.712 -0.01
135.892 -0.011
148.035 -0.012
160.139 -0.013
172.205 -0.014
184.231 -0.015
196.216 -0.016
208.16 -0.017
220.062 -0.018
231.92 -0.019
243.734 -0.02
255.503 -0.021
267.226 -0.022
278.887 -0.023
290.074 -0.024
299.733 -0.025
308.217 -0.026
316.523 -0.027
324.259 -0.028
330.137 -0.029
333.288 -0.03
336.254 -0.031
339.164 -0.032
342.018 -0.033
344.808 -0.034
347.591 -0.035
350.346 -0.036
353.069 -0.037
355.763 -0.038
358.448 -0.039
361.115 -0.04
363.764 -0.041
366.391 -0.042
369 -0.043
371.591 -0.044
374.158 -0.045
376.707 -0.046
379.232 -0.047
381.739 -0.048
384.154 -0.049
386.431 -0.05
388.487 -0.051
390.326 -0.052
391.833 -0.053
393.231 -0.054
394.153 -0.055
394.694 -0.056
395.043 -0.057
395.376 -0.058
395.699 -0.059
396.014 -0.06
396.323 -0.061
396.627 -0.062
396.924 -0.063
397.206 -0.064
397.479 -0.065
397.747 -0.066
398.009 -0.067
398.254 -0.068
398.483 -0.069
398.708 -0.07
398.93 -0.071
399.15 -0.072
399.368 -0.073
399.58 -0.074
399.777 -0.075
399.96 -0.076
400.14 -0.077
400.318 -0.078
400.495 -0.079
400.671 -0.08
400.846 -0.081
401.011 -0.082
401.164 -0.083
401.31 -0.084
401.454 -0.085
401.595 -0.086
401.729 -0.087
401.858 -0.088
401.983 -0.089
402.105 -0.09
402.228 -0.091
402.35 -0.092
402.471 -0.093
402.593 -0.094
402.713 -0.095
402.834 -0.096
402.954 -0.097
403.075 -0.098
403.195 -0.099
403.315 -0.1
403.434 -0.101
403.553 -0.102
403.671 -0.103
403.787 -0.104
403.903 -0.105
404.018 -0.106
404.133 -0.107
404.248 -0.108
404.362 -0.109
404.476 -0.11
404.591 -0.111
404.705 -0.112
404.819 -0.113
404.933 -0.114
405.046 -0.115
405.16 -0.116
405.273 -0.117
405.386 -0.118
405.497 -0.119
405.606 -0.12
405.711 -0.121
405.813 -0.122
405.912 -0.123
406.01 -0.124
406.108 -0.125
406.206 -0.126
406.304 -0.127
406.401 -0.128
406.499 -0.129
406.596 -0.13
406.693 -0.131
406.791 -0.132
406.888 -0.133
406.985 -0.134
407.082 -0.135
407.179 -0.136
407.276 -0.137
407.373 -0.138
407.47 -0.139
407.567 -0.14
407.663 -0.141
407.758 -0.142
407.851 -0.143
407.945 -0.144
408.037 -0.145
408.128 -0.146
408.218 -0.147
408.304 -0.148
408.389 -0.149
408.473 -0.15
408.553 -0.151
408.634 -0.152
408.713 -0.153
408.792 -0.154
408.871 -0.155
408.949 -0.156
409.028 -0.157
409.106 -0.158
409.185 -0.159
409.263 -0.16
409.342 -0.161
409.42 -0.162
409.498 -0.163
409.576 -0.164
409.654 -0.165
409.732 -0.166
409.81 -0.167
409.888 -0.168
409.966 -0.169
410.043 -0.17
410.121 -0.171
410.198 -0.172
410.275 -0.173
410.351 -0.174
410.428 -0.175
410.504 -0.176
410.579 -0.177
410.655 -0.178
410.731 -0.179
410.806 -0.18
410.881 -0.181
410.955 -0.182
411.03 -0.183
411.104 -0.184
411.178 -0.185
411.251 -0.186
411.325 -0.187
411.398 -0.188
411.472 -0.189
411.545 -0.19
411.617 -0.191
411.69 -0.192
411.762 -0.193
411.834 -0.194
411.906 -0.195
411.977 -0.196
412.048 -0.197
412.12 -0.198
412.19 -0.199
412.261 -0.2
412.332 -0.201
412.402 -0.202
412.472 -0.203
412.542 -0.204
412.612 -0.205
412.681 -0.206
412.751 -0.207
412.82 -0.208
412.889 -0.209
412.958 -0.21
413.026 -0.211
413.094 -0.212
413.162 -0.213
413.23 -0.214
413.298 -0.215
413.365 -0.216
413.432 -0.217
413.498 -0.218
413.564 -0.219
413.63 -0.22
413.695 -0.221
413.76 -0.222
413.824 -0.223
413.888 -0.224
413.952 -0.225
414.016 -0.226
414.079 -0.227
414.142 -0.228
414.205 -0.229
414.267 -0.23
414.329 -0.231
414.391 -0.232
414.453 -0.233
414.514 -0.234
414.576 -0.235
414.636 -0.236
414.697 -0.237
414.757 -0.238
414.816 -0.239
414.874 -0.24
414.932 -0.241
414.988 -0.242
415.044 -0.243
415.098 -0.244
415.15 -0.245
415.203 -0.246
415.252 -0.247
415.3 -0.248
415.344 -0.249
415.385 -0.25
415.422 -0.251
415.451 -0.252
415.472 -0.253
415.483 -0.254
415.481 -0.255
415.466 -0.256
415.457 -0.257
415.434 -0.258
415.403 -0.259
415.392 -0.26
415.408 -0.261
415.44 -0.262
415.481 -0.263
415.548 -0.264
415.626 -0.265
415.704 -0.266
415.772 -0.267
415.825 -0.268
415.875 -0.269
415.925 -0.27
415.975 -0.271
416.024 -0.272
416.073 -0.273
416.121 -0.274
416.168 -0.275
416.215 -0.276
416.261 -0.277
416.306 -0.278
416.349 -0.279
416.391 -0.28
416.432 -0.281
416.47 -0.282
416.507 -0.283
416.541 -0.284
416.572 -0.285
416.599 -0.286
416.62 -0.287
416.634 -0.288
416.656 -0.289
416.666 -0.29
416.693 -0.291
416.72 -0.292
416.753 -0.293
416.786 -0.294
416.823 -0.295
416.862 -0.296
416.903 -0.297
416.946 -0.298
416.99 -0.299
417.035 -0.3
417.081 -0.301
417.127 -0.302
417.174 -0.303
417.22 -0.304
417.266 -0.305
417.312 -0.306
417.358 -0.307
417.404 -0.308
417.449 -0.309
417.495 -0.31
417.54 -0.311
417.586 -0.312
417.631 -0.313
417.676 -0.314
417.721 -0.315
417.767 -0.316
417.812 -0.317
417.857 -0.318
417.902 -0.319
417.947 -0.32
417.992 -0.321
418.037 -0.322
418.082 -0.323
418.126 -0.324
418.17 -0.325
418.214 -0.326
418.258 -0.327
418.302 -0.328
418.345 -0.329
418.388 -0.33
418.43 -0.331
418.473 -0.332
418.515 -0.333
418.557 -0.334
418.598 -0.335
418.641 -0.336
418.687 -0.337
418.735 -0.338
418.783 -0.339
418.832 -0.34
418.88 -0.341
418.928 -0.342
418.976 -0.343
419.024 -0.344
419.072 -0.345
419.119 -0.346
419.166 -0.347
419.213 -0.348
419.26 -0.349
419.307 -0.35
419.353 -0.351
419.399 -0.352
419.445 -0.353
419.49 -0.354
419.535 -0.355
419.58 -0.356
419.624 -0.357
419.668 -0.358
419.711 -0.359
419.753 -0.36
419.795 -0.361
419.836 -0.362
419.877 -0.363
419.917 -0.364
419.955 -0.365
419.993 -0.366
420.029 -0.367
420.062 -0.368
420.094 -0.369
420.121 -0.37
420.14 -0.371
420.15 -0.372
420.157 -0.373
420.161 -0.374
420.163 -0.375
420.163 -0.376
420.157 -0.377
420.142 -0.378
420.122 -0.379
420.096 -0.38
420.069 -0.381
420.039 -0.382
420.01 -0.383
419.98 -0.384
419.951 -0.385
419.922 -0.386
419.891 -0.387
419.857 -0.388
419.82 -0.389
419.78 -0.39
419.739 -0.391
419.7 -0.392
419.664 -0.393
419.632 -0.394
419.602 -0.395
419.574 -0.396
419.56 -0.397
419.545 -0.398
419.549 -0.399
419.568 -0.4
419.602 -0.401
419.645 -0.402
419.7 -0.403
419.763 -0.404
419.835 -0.405
419.914 -0.406
419.998 -0.407
420.086 -0.408
420.174 -0.409
420.263 -0.41
420.351 -0.411
420.438 -0.412
420.524 -0.413
420.61 -0.414
420.695 -0.415
420.779 -0.416
420.861 -0.417
420.942 -0.418
421.022 -0.419
421.101 -0.42
421.177 -0.421
421.253 -0.422
421.327 -0.423
421.4 -0.424
421.472 -0.425
421.538 -0.426
421.598 -0.427
421.658 -0.428
421.708 -0.429
421.758 -0.43
421.807 -0.431
421.858 -0.432
421.911 -0.433
421.965 -0.434
422.021 -0.435
422.078 -0.436
422.136 -0.437
422.195 -0.438
422.255 -0.439
422.314 -0.44
422.373 -0.441
422.432 -0.442
422.49 -0.443
422.549 -0.444
422.608 -0.445
422.667 -0.446
422.725 -0.447
422.783 -0.448
422.842 -0.449
422.9 -0.45
422.958 -0.451
423.016 -0.452
423.076 -0.453
423.138 -0.454
423.202 -0.455
423.268 -0.456
423.334 -0.457
423.399 -0.458
423.465 -0.459
423.53 -0.46
423.596 -0.461
423.661 -0.462
423.726 -0.463
423.79 -0.464
423.855 -0.465
423.919 -0.466
423.982 -0.467
424.045 -0.468
424.108 -0.469
424.169 -0.47
424.229 -0.471
424.288 -0.472
424.344 -0.473
424.396 -0.474
424.442 -0.475
424.482 -0.476
424.513 -0.477
424.534 -0.478
424.545 -0.479
424.551 -0.48
424.555 -0.481
424.555 -0.482
424.56 -0.483
424.587 -0.484
424.624 -0.485
424.68 -0.486
424.745 -0.487
424.822 -0.488
424.911 -0.489
425.007 -0.49
425.104 -0.491
425.201 -0.492
425.296 -0.493
425.388 -0.494
425.472 -0.495
425.553 -0.496
425.632 -0.497
425.707 -0.498
425.776 -0.499
425.845 -0.5
425.914 -0.501
425.983 -0.502
426.052 -0.503
426.122 -0.504
426.191 -0.505
426.26 -0.506
426.33 -0.507
426.399 -0.508
426.468 -0.509
426.537 -0.51
426.607 -0.511
426.676 -0.512
426.745 -0.513
426.815 -0.514
426.884 -0.515
426.953 -0.516
427.022 -0.517
427.091 -0.518
427.161 -0.519
427.23 -0.52
427.299 -0.521
427.368 -0.522
427.437 -0.523
427.506 -0.524
427.575 -0.525
427.643 -0.526
427.712 -0.527
427.78 -0.528
427.849 -0.529
427.917 -0.53
427.985 -0.531
428.053 -0.532
428.12 -0.533
428.187 -0.534
428.254 -0.535
428.32 -0.536
428.385 -0.537
428.45 -0.538
428.513 -0.539
428.575 -0.54
428.633 -0.541
428.688 -0.542
428.739 -0.543
428.784 -0.544
428.823 -0.545
428.854 -0.546
428.877 -0.547
428.893 -0.548
428.9 -0.549
428.904 -0.55
428.904 -0.551
428.904 -0.552
428.907 -0.553
428.917 -0.554
428.936 -0.555
428.963 -0.556
428.99 -0.557
429.018 -0.558
429.046 -0.559
429.074 -0.56
429.104 -0.561
429.139 -0.562
429.184 -0.563
429.239 -0.564
429.307 -0.565
429.395 -0.566
429.493 -0.567
429.606 -0.568
429.724 -0.569
429.843 -0.57
429.961 -0.571
430.079 -0.572
430.197 -0.573
430.314 -0.574
430.432 -0.575
430.55 -0.576
430.667 -0.577
430.785 -0.578
430.902 -0.579
431.019 -0.58
431.137 -0.581
431.247 -0.582
431.345 -0.583
431.44 -0.584
431.522 -0.585
431.604 -0.586
431.686 -0.587
431.768 -0.588
431.85 -0.589
431.932 -0.59
432.015 -0.591
432.097 -0.592
432.179 -0.593
432.262 -0.594
432.344 -0.595
432.427 -0.596
432.51 -0.597
432.593 -0.598
432.676 -0.599
432.759 -0.6
432.842 -0.601
432.925 -0.602
433.008 -0.603
433.092 -0.604
433.175 -0.605
433.259 -0.606
433.343 -0.607
433.427 -0.608
433.51 -0.609
433.594 -0.61
433.679 -0.611
433.763 -0.612
433.847 -0.613
433.931 -0.614
434.016 -0.615
434.101 -0.616
434.185 -0.617
434.27 -0.618
434.355 -0.619
434.44 -0.62
434.525 -0.621
434.61 -0.622
434.695 -0.623
434.781 -0.624
434.866 -0.625
434.952 -0.626
435.037 -0.627
435.123 -0.628
435.209 -0.629
435.295 -0.63
435.381 -0.631
435.467 -0.632
435.554 -0.633
435.64 -0.634
435.727 -0.635
435.813 -0.636
435.9 -0.637
435.987 -0.638
436.073 -0.639
436.16 -0.64
436.247 -0.641
436.334 -0.642
436.422 -0.643
436.509 -0.644
436.596 -0.645
436.684 -0.646
436.771 -0.647
436.859 -0.648
436.947 -0.649
437.035 -0.65
437.123 -0.651
437.211 -0.652
437.299 -0.653
437.388 -0.654
437.476 -0.655
437.565 -0.656
437.653 -0.657
437.742 -0.658
437.831 -0.659
437.92 -0.66
438.009 -0.661
438.098 -0.662
438.188 -0.663
438.277 -0.664
438.367 -0.665
438.456 -0.666
438.546 -0.667
438.636 -0.668
438.726 -0.669
438.816 -0.67
438.907 -0.671
438.997 -0.672
439.087 -0.673
439.178 -0.674
439.269 -0.675
439.359 -0.676
439.45 -0.677
439.541 -0.678
439.632 -0.679
439.724 -0.68
439.815 -0.681
439.906 -0.682
439.998 -0.683
440.09 -0.684
440.182 -0.685
440.273 -0.686
440.366 -0.687
440.458 -0.688
440.55 -0.689
440.642 -0.69
440.735 -0.691
440.827 -0.692
440.92 -0.693
441.012 -0.694
441.105 -0.695
441.198 -0.696
441.29 -0.697
441.383 -0.698
441.476 -0.699
441.57 -0.7
441.663 -0.701
441.756 -0.702
441.85 -0.703
441.944 -0.704
442.037 -0.705
442.131 -0.706
442.225 -0.707
442.319 -0.708
442.414 -0.709
442.509 -0.71
442.603 -0.711
442.698 -0.712
442.793 -0.713
442.888 -0.714
442.984 -0.715
443.08 -0.716
443.176 -0.717
443.272 -0.718
443.368 -0.719
443.464 -0.72
443.561 -0.721
443.657 -0.722
443.754 -0.723
443.851 -0.724
443.948 -0.725
444.045 -0.726
444.142 -0.727
444.239 -0.728
444.337 -0.729
444.434 -0.73
444.532 -0.731
444.63 -0.732
444.728 -0.733
444.826 -0.734
444.924 -0.735
445.022 -0.736
445.121 -0.737
445.22 -0.738
445.318 -0.739
445.417 -0.74
445.517 -0.741
445.616 -0.742
445.715 -0.743
445.815 -0.744
445.914 -0.745
446.014 -0.746
446.114 -0.747
446.213 -0.748
446.314 -0.749
446.414 -0.75
446.514 -0.751
446.614 -0.752
446.715 -0.753
446.816 -0.754
446.917 -0.755
447.018 -0.756
447.119 -0.757
447.221 -0.758
447.323 -0.759
447.424 -0.76
447.526 -0.761
447.628 -0.762
447.731 -0.763
447.833 -0.764
447.936 -0.765
448.039 -0.766
448.142 -0.767
448.245 -0.768
448.348 -0.769
448.451 -0.77
448.555 -0.771
448.66 -0.772
448.764 -0.773
448.869 -0.774
448.974 -0.775
449.079 -0.776
449.184 -0.777
449.29 -0.778
449.396 -0.779
449.502 -0.78
449.608 -0.781
449.714 -0.782
449.821 -0.783
449.927 -0.784
450.034 -0.785
450.141 -0.786
450.248 -0.787
450.356 -0.788
450.463 -0.789
450.571 -0.79
450.679 -0.791
450.787 -0.792
450.895 -0.793
451.004 -0.794
451.112 -0.795
451.221 -0.796
451.33 -0.797
451.439 -0.798
451.548 -0.799
451.657 -0.8
