9.07731 -0.001
18.1471 -0.002
27.2094 -0.003
36.2641 -0.004
45.3113 -0.005
54.3507 -0.006
63.3825 -0.007
72.4066 -0.008
81.4228 -0.009
90.4313 -0.01
99.4319 -0.011
108.425 -0.012
117.409 -0.013
126.386 -0.014
135.355 -0.015
144.315 -0.016
153.268 -0.017
162.212 -0.018
171.148 -0.019
180.076 -0.02
188.996 -0.021
197.907 -0.022
206.81 -0.023
215.704 -0.024
224.589 -0.025
233.467 -0.026
242.335 -0.027
251.195 -0.028
260.046 -0.029
268.888 -0.03
277.722 -0.031
286.546 -0.032
295.362 -0.033
304.169 -0.034
312.966 -0.035
321.754 -0.036
330.534 -0.037
339.304 -0.038
348.064 -0.039
356.815 -0.04
365.557 -0.041
374.289 -0.042
383.012 -0.043
391.725 -0.044
400.428 -0.045
409.122 -0.046
417.806 -0.047
426.479 -0.048
435.143 -0.049
443.756 -0.05
452.098 -0.051
459.962 -0.052
466.92 -0.053
473.51 -0.054
479.999 -0.055
486.212 -0.056
492.092 -0.057
497.276 -0.058
501.911 -0.059
505.468 -0.06
508.639 -0.061
511.77 -0.062
514.871 -0.063
517.96 -0.064
521.046 -0.065
524.129 -0.066
527.201 -0.067
530.244 -0.068
533.199 -0.069
536.041 -0.07
538.784 -0.071
541.202 -0.072
543.494 -0.073
545.462 -0.074
546.897 -0.075
548.292 -0.076
549.677 -0.077
550.669 -0.078
551.549 -0.079
552.036 -0.08
552.514 -0.081
552.984 -0.082
553.449 -0.083
553.911 -0.084
554.364 -0.085
554.811 -0.086
555.257 -0.087
555.691 -0.088
556.102 -0.089
556.501 -0.09
556.892 -0.091
557.281 -0.092
557.659 -0.093
558.016 -0.094
558.351 -0.095
558.681 -0.096
559.005 -0.097
559.323 -0.098
559.624 -0.099
559.906 -0.1
560.181 -0.101
560.445 -0.102
560.699 -0.103
560.946 -0.104
561.189 -0.105
561.43 -0.106
561.665 -0.107
561.898 -0.108
562.125 -0.109
562.349 -0.11
562.57 -0.111
562.787 -0.112
563 -0.113
563.212 -0.114
563.419 -0.115
563.624 -0.116
563.826 -0.117
564.025 -0.118
564.223 -0.119
564.419 -0.12
564.614 -0.121
564.808 -0.122
565 -0.123
565.191 -0.124
565.38 -0.125
565.567 -0.126
565.751 -0.127
565.934 -0.128
566.115 -0.129
566.296 -0.13
566.475 -0.131
566.653 -0.132
566.83 -0.133
567.005 -0.134
567.177 -0.135
567.346 -0.136
567.511 -0.137
567.674 -0.138
567.834 -0.139
567.994 -0.14
568.153 -0.141
568.311 -0.142
568.468 -0.143
568.625 -0.144
568.782 -0.145
568.938 -0.146
569.093 -0.147
569.246 -0.148
569.396 -0.149
569.544 -0.15
569.689 -0.151
569.832 -0.152
569.972 -0.153
570.111 -0.154
570.248 -0.155
570.384 -0.156
570.52 -0.157
570.656 -0.158
570.79 -0.159
570.925 -0.16
571.059 -0.161
571.192 -0.162
571.325 -0.163
571.457 -0.164
571.586 -0.165
571.714 -0.166
571.839 -0.167
571.963 -0.168
572.085 -0.169
572.206 -0.17
572.326 -0.171
572.443 -0.172
572.561 -0.173
572.678 -0.174
572.793 -0.175
572.908 -0.176
573.021 -0.177
573.134 -0.178
573.245 -0.179
573.355 -0.18
573.465 -0.181
573.573 -0.182
573.681 -0.183
573.787 -0.184
573.893 -0.185
573.999 -0.186
574.104 -0.187
574.209 -0.188
574.314 -0.189
574.418 -0.19
574.522 -0.191
574.625 -0.192
574.728 -0.193
574.83 -0.194
574.932 -0.195
575.034 -0.196
575.135 -0.197
575.236 -0.198
575.337 -0.199
575.437 -0.2
575.537 -0.201
575.637 -0.202
575.736 -0.203
575.835 -0.204
575.934 -0.205
576.033 -0.206
576.131 -0.207
576.228 -0.208
576.326 -0.209
576.423 -0.21
576.52 -0.211
576.616 -0.212
576.712 -0.213
576.808 -0.214
576.904 -0.215
576.999 -0.216
577.094 -0.217
577.188 -0.218
577.282 -0.219
577.376 -0.22
577.469 -0.221
577.562 -0.222
577.655 -0.223
577.747 -0.224
577.839 -0.225
577.931 -0.226
578.023 -0.227
578.114 -0.228
578.206 -0.229
578.296 -0.23
578.386 -0.231
578.476 -0.232
578.566 -0.233
578.656 -0.234
578.745 -0.235
578.835 -0.236
578.924 -0.237
579.012 -0.238
579.101 -0.239
579.189 -0.24
579.278 -0.241
579.366 -0.242
579.453 -0.243
579.54 -0.244
579.627 -0.245
579.714 -0.246
579.801 -0.247
579.887 -0.248
579.973 -0.249
580.059 -0.25
580.145 -0.251
580.231 -0.252
580.316 -0.253
580.401 -0.254
580.487 -0.255
580.571 -0.256
580.656 -0.257
580.741 -0.258
580.825 -0.259
580.909 -0.26
580.993 -0.261
581.077 -0.262
581.16 -0.263
581.243 -0.264
581.327 -0.265
581.41 -0.266
581.493 -0.267
581.576 -0.268
581.658 -0.269
581.741 -0.27
581.823 -0.271
581.906 -0.272
581.988 -0.273
582.07 -0.274
582.152 -0.275
582.234 -0.276
582.316 -0.277
582.397 -0.278
582.479 -0.279
582.56 -0.28
582.641 -0.281
582.722 -0.282
582.803 -0.283
582.884 -0.284
582.965 -0.285
583.045 -0.286
583.126 -0.287
583.207 -0.288
583.287 -0.289
583.367 -0.29
583.447 -0.291
583.527 -0.292
583.607 -0.293
583.687 -0.294
583.767 -0.295
583.847 -0.296
583.926 -0.297
584.006 -0.298
584.085 -0.299
584.165 -0.3
584.244 -0.301
584.323 -0.302
584.402 -0.303
584.481 -0.304
584.559 -0.305
584.638 -0.306
584.717 -0.307
584.795 -0.308
584.874 -0.309
584.952 -0.31
585.031 -0.311
585.109 -0.312
585.187 -0.313
585.266 -0.314
585.344 -0.315
585.422 -0.316
585.5 -0.317
585.578 -0.318
585.655 -0.319
585.733 -0.32
585.811 -0.321
585.888 -0.322
585.966 -0.323
586.043 -0.324
586.121 -0.325
586.198 -0.326
586.276 -0.327
586.353 -0.328
586.43 -0.329
586.507 -0.33
586.584 -0.331
586.661 -0.332
586.738 -0.333
586.814 -0.334
586.891 -0.335
586.968 -0.336
587.044 -0.337
587.12 -0.338
587.197 -0.339
587.273 -0.34
587.349 -0.341
587.425 -0.342
587.501 -0.343
587.577 -0.344
587.653 -0.345
587.729 -0.346
587.805 -0.347
587.88 -0.348
587.956 -0.349
588.032 -0.35
588.107 -0.351
588.182 -0.352
588.258 -0.353
588.333 -0.354
588.409 -0.355
588.484 -0.356
588.559 -0.357
588.634 -0.358
588.709 -0.359
588.784 -0.36
588.859 -0.361
588.934 -0.362
589.009 -0.363
589.083 -0.364
589.158 -0.365
589.232 -0.366
589.307 -0.367
589.381 -0.368
589.455 -0.369
589.53 -0.37
589.604 -0.371
589.678 -0.372
589.752 -0.373
589.825 -0.374
589.899 -0.375
589.973 -0.376
590.047 -0.377
590.12 -0.378
590.194 -0.379
590.268 -0.38
590.341 -0.381
590.415 -0.382
590.488 -0.383
590.561 -0.384
590.635 -0.385
590.708 -0.386
590.781 -0.387
590.854 -0.388
590.927 -0.389
591.001 -0.39
591.073 -0.391
591.146 -0.392
591.219 -0.393
591.292 -0.394
591.364 -0.395
591.437 -0.396
591.51 -0.397
591.582 -0.398
591.655 -0.399
591.727 -0.4
591.799 -0.401
591.871 -0.402
591.943 -0.403
592.015 -0.404
592.087 -0.405
592.159 -0.406
592.231 -0.407
592.303 -0.408
592.374 -0.409
592.446 -0.41
592.518 -0.411
592.589 -0.412
592.661 -0.413
592.732 -0.414
592.804 -0.415
592.875 -0.416
592.946 -0.417
593.017 -0.418
593.088 -0.419
593.159 -0.42
593.229 -0.421
593.3 -0.422
593.371 -0.423
593.442 -0.424
593.512 -0.425
593.583 -0.426
593.653 -0.427
593.724 -0.428
593.794 -0.429
593.864 -0.43
593.934 -0.431
594.004 -0.432
594.075 -0.433
594.145 -0.434
594.215 -0.435
594.285 -0.436
594.355 -0.437
594.425 -0.438
594.494 -0.439
594.564 -0.44
594.634 -0.441
594.704 -0.442
594.773 -0.443
594.843 -0.444
594.912 -0.445
594.982 -0.446
595.051 -0.447
595.121 -0.448
595.19 -0.449
595.259 -0.45
595.329 -0.451
595.398 -0.452
595.467 -0.453
595.536 -0.454
595.605 -0.455
595.674 -0.456
595.743 -0.457
595.812 -0.458
595.881 -0.459
595.95 -0.46
596.019 -0.461
596.088 -0.462
596.157 -0.463
596.225 -0.464
596.294 -0.465
596.363 -0.466
596.432 -0.467
596.5 -0.468
596.569 -0.469
596.638 -0.47
596.706 -0.471
596.775 -0.472
596.843 -0.473
596.912 -0.474
596.98 -0.475
597.049 -0.476
597.117 -0.477
597.185 -0.478
597.253 -0.479
597.321 -0.48
597.389 -0.481
597.457 -0.482
597.525 -0.483
597.593 -0.484
597.661 -0.485
597.729 -0.486
597.797 -0.487
597.864 -0.488
597.932 -0.489
598 -0.49
598.067 -0.491
598.135 -0.492
598.203 -0.493
598.27 -0.494
598.338 -0.495
598.406 -0.496
598.473 -0.497
598.541 -0.498
598.608 -0.499
598.675 -0.5
598.742 -0.501
598.809 -0.502
598.876 -0.503
598.943 -0.504
599.01 -0.505
599.077 -0.506
599.144 -0.507
599.211 -0.508
599.278 -0.509
599.345 -0.51
599.411 -0.511
599.478 -0.512
599.545 -0.513
599.612 -0.514
599.678 -0.515
599.745 -0.516
599.811 -0.517
599.878 -0.518
599.944 -0.519
600.011 -0.52
600.077 -0.521
600.144 -0.522
600.21 -0.523
600.277 -0.524
600.343 -0.525
600.409 -0.526
600.476 -0.527
600.542 -0.528
600.609 -0.529
600.675 -0.53
600.741 -0.531
600.807 -0.532
600.872 -0.533
600.938 -0.534
601.004 -0.535
601.07 -0.536
601.136 -0.537
601.202 -0.538
601.267 -0.539
601.333 -0.54
601.399 -0.541
601.465 -0.542
601.53 -0.543
601.596 -0.544
601.662 -0.545
601.727 -0.546
601.793 -0.547
601.858 -0.548
601.924 -0.549
601.989 -0.55
602.054 -0.551
602.12 -0.552
602.185 -0.553
602.251 -0.554
602.316 -0.555
602.381 -0.556
602.447 -0.557
602.512 -0.558
602.578 -0.559
602.643 -0.56
602.708 -0.561
602.774 -0.562
602.839 -0.563
602.905 -0.564
602.97 -0.565
603.035 -0.566
603.1 -0.567
603.165 -0.568
603.23 -0.569
603.295 -0.57
603.36 -0.571
603.425 -0.572
603.49 -0.573
603.555 -0.574
603.62 -0.575
603.685 -0.576
603.75 -0.577
603.815 -0.578
603.88 -0.579
603.945 -0.58
604.01 -0.581
604.075 -0.582
604.14 -0.583
604.206 -0.584
604.271 -0.585
604.336 -0.586
604.401 -0.587
604.466 -0.588
604.531 -0.589
604.596 -0.59
604.661 -0.591
604.726 -0.592
604.791 -0.593
604.856 -0.594
604.921 -0.595
604.987 -0.596
605.052 -0.597
605.117 -0.598
605.182 -0.599
605.247 -0.6
605.312 -0.601
605.377 -0.602
605.442 -0.603
605.508 -0.604
605.573 -0.605
605.638 -0.606
605.703 -0.607
605.768 -0.608
605.833 -0.609
605.898 -0.61
605.964 -0.611
606.029 -0.612
606.094 -0.613
606.159 -0.614
606.224 -0.615
606.29 -0.616
606.355 -0.617
606.42 -0.618
606.485 -0.619
606.551 -0.62
606.616 -0.621
606.681 -0.622
606.746 -0.623
606.812 -0.624
606.877 -0.625
606.942 -0.626
607.007 -0.627
607.073 -0.628
607.138 -0.629
607.203 -0.63
607.269 -0.631
607.334 -0.632
607.4 -0.633
607.465 -0.634
607.53 -0.635
607.596 -0.636
607.661 -0.637
607.727 -0.638
607.792 -0.639
607.858 -0.64
607.923 -0.641
607.989 -0.642
608.054 -0.643
608.12 -0.644
608.185 -0.645
608.251 -0.646
608.316 -0.647
608.382 -0.648
608.447 -0.649
608.513 -0.65
608.578 -0.651
608.643 -0.652
608.709 -0.653
608.774 -0.654
608.84 -0.655
608.905 -0.656
608.97 -0.657
609.036 -0.658
609.101 -0.659
609.167 -0.66
609.232 -0.661
609.298 -0.662
609.363 -0.663
609.428 -0.664
609.494 -0.665
609.559 -0.666
609.624 -0.667
609.69 -0.668
609.755 -0.669
609.821 -0.67
609.886 -0.671
609.952 -0.672
610.017 -0.673
610.083 -0.674
610.148 -0.675
610.214 -0.676
610.279 -0.677
610.345 -0.678
610.41 -0.679
610.475 -0.68
610.541 -0.681
610.607 -0.682
610.672 -0.683
610.738 -0.684
610.803 -0.685
610.869 -0.686
610.934 -0.687
611 -0.688
611.065 -0.689
611.131 -0.69
611.196 -0.691
611.262 -0.692
611.327 -0.693
611.393 -0.694
611.458 -0.695
611.524 -0.696
611.59 -0.697
611.655 -0.698
611.721 -0.699
611.786 -0.7
611.852 -0.701
611.918 -0.702
611.983 -0.703
612.049 -0.704
612.115 -0.705
612.181 -0.706
612.247 -0.707
612.312 -0.708
612.378 -0.709
612.444 -0.71
612.51 -0.711
612.576 -0.712
612.642 -0.713
612.708 -0.714
612.774 -0.715
612.841 -0.716
612.907 -0.717
612.973 -0.718
613.039 -0.719
613.105 -0.72
613.172 -0.721
613.238 -0.722
613.304 -0.723
613.371 -0.724
613.437 -0.725
613.504 -0.726
613.57 -0.727
613.637 -0.728
613.704 -0.729
613.77 -0.73
613.837 -0.731
613.904 -0.732
613.97 -0.733
614.037 -0.734
614.104 -0.735
614.171 -0.736
614.237 -0.737
614.304 -0.738
614.371 -0.739
614.437 -0.74
614.504 -0.741
614.571 -0.742
614.638 -0.743
614.705 -0.744
614.772 -0.745
614.839 -0.746
614.906 -0.747
614.973 -0.748
615.04 -0.749
615.107 -0.75
615.175 -0.751
615.242 -0.752
615.309 -0.753
615.376 -0.754
615.444 -0.755
615.511 -0.756
615.579 -0.757
615.646 -0.758
615.714 -0.759
615.781 -0.76
615.849 -0.761
615.917 -0.762
615.984 -0.763
616.052 -0.764
616.12 -0.765
616.188 -0.766
616.255 -0.767
616.323 -0.768
616.39 -0.769
616.458 -0.77
616.526 -0.771
616.593 -0.772
616.661 -0.773
616.729 -0.774
616.797 -0.775
616.865 -0.776
616.933 -0.777
617.001 -0.778
617.069 -0.779
617.137 -0.78
617.205 -0.781
617.273 -0.782
617.341 -0.783
617.41 -0.784
617.478 -0.785
617.546 -0.786
617.614 -0.787
617.683 -0.788
617.751 -0.789
617.82 -0.79
617.888 -0.791
617.957 -0.792
618.026 -0.793
618.094 -0.794
618.163 -0.795
618.232 -0.796
618.301 -0.797
618.369 -0.798
618.438 -0.799
618.507 -0.8
618.576 -0.801
618.645 -0.802
618.714 -0.803
618.784 -0.804
618.853 -0.805
618.922 -0.806
618.991 -0.807
619.06 -0.808
619.13 -0.809
619.199 -0.81
619.269 -0.811
619.338 -0.812
619.408 -0.813
619.477 -0.814
619.547 -0.815
619.616 -0.816
619.686 -0.817
619.756 -0.818
619.826 -0.819
619.896 -0.82
619.966 -0.821
620.036 -0.822
620.106 -0.823
620.176 -0.824
620.246 -0.825
620.316 -0.826
620.387 -0.827
620.457 -0.828
620.527 -0.829
620.598 -0.83
620.668 -0.831
620.739 -0.832
620.809 -0.833
620.88 -0.834
620.95 -0.835
621.021 -0.836
621.092 -0.837
621.163 -0.838
621.234 -0.839
621.305 -0.84
621.376 -0.841
621.447 -0.842
621.518 -0.843
621.589 -0.844
621.66 -0.845
621.732 -0.846
621.803 -0.847
621.874 -0.848
621.946 -0.849
622.017 -0.85
622.089 -0.851
622.161 -0.852
622.232 -0.853
622.304 -0.854
622.376 -0.855
622.448 -0.856
622.52 -0.857
622.592 -0.858
622.664 -0.859
622.736 -0.86
622.808 -0.861
622.88 -0.862
622.953 -0.863
623.025 -0.864
623.097 -0.865
623.17 -0.866
623.242 -0.867
623.315 -0.868
623.388 -0.869
623.46 -0.87
623.533 -0.871
623.606 -0.872
623.679 -0.873
623.752 -0.874
623.825 -0.875
623.898 -0.876
623.971 -0.877
624.044 -0.878
624.118 -0.879
624.191 -0.88
624.265 -0.881
624.338 -0.882
624.412 -0.883
624.485 -0.884
624.559 -0.885
624.633 -0.886
624.706 -0.887
624.78 -0.888
624.854 -0.889
624.928 -0.89
625.002 -0.891
625.076 -0.892
625.151 -0.893
625.225 -0.894
625.299 -0.895
625.373 -0.896
625.448 -0.897
625.522 -0.898
625.597 -0.899
625.671 -0.9
625.746 -0.901
625.821 -0.902
625.896 -0.903
625.97 -0.904
626.045 -0.905
626.12 -0.906
626.195 -0.907
626.27 -0.908
626.346 -0.909
626.421 -0.91
626.496 -0.911
626.571 -0.912
626.647 -0.913
626.722 -0.914
626.798 -0.915
626.873 -0.916
626.949 -0.917
627.025 -0.918
627.101 -0.919
627.176 -0.92
627.252 -0.921
627.328 -0.922
627.404 -0.923
627.481 -0.924
627.557 -0.925
627.633 -0.926
627.709 -0.927
627.786 -0.928
627.862 -0.929
627.939 -0.93
628.015 -0.931
628.092 -0.932
628.169 -0.933
628.245 -0.934
628.322 -0.935
628.399 -0.936
628.476 -0.937
628.553 -0.938
628.631 -0.939
628.708 -0.94
628.785 -0.941
628.863 -0.942
628.94 -0.943
629.018 -0.944
629.095 -0.945
629.173 -0.946
629.251 -0.947
629.328 -0.948
629.406 -0.949
629.484 -0.95
629.562 -0.951
629.641 -0.952
629.719 -0.953
629.797 -0.954
629.875 -0.955
629.954 -0.956
630.032 -0.957
630.111 -0.958
630.19 -0.959
630.268 -0.96
630.347 -0.961
630.426 -0.962
630.505 -0.963
630.584 -0.964
630.663 -0.965
630.742 -0.966
630.822 -0.967
630.901 -0.968
630.98 -0.969
631.06 -0.97
631.14 -0.971
631.219 -0.972
631.299 -0.973
631.379 -0.974
631.459 -0.975
631.539 -0.976
631.619 -0.977
631.699 -0.978
631.779 -0.979
631.859 -0.98
631.94 -0.981
632.02 -0.982
632.101 -0.983
632.181 -0.984
632.262 -0.985
632.343 -0.986
632.424 -0.987
632.505 -0.988
632.586 -0.989
632.667 -0.99
632.748 -0.991
632.829 -0.992
632.91 -0.993
632.992 -0.994
633.073 -0.995
633.155 -0.996
633.236 -0.997
633.318 -0.998
633.4 -0.999
633.482 -1
633.564 -1.001
633.646 -1.002
633.728 -1.003
633.81 -1.004
633.892 -1.005
633.974 -1.006
634.057 -1.007
634.139 -1.008
634.221 -1.009
634.304 -1.01
634.387 -1.011
634.469 -1.012
634.552 -1.013
634.635 -1.014
634.718 -1.015
634.801 -1.016
634.884 -1.017
634.967 -1.018
635.05 -1.019
635.134 -1.02
635.217 -1.021
635.3 -1.022
635.384 -1.023
635.468 -1.024
635.551 -1.025
635.635 -1.026
635.719 -1.027
635.803 -1.028
635.887 -1.029
635.971 -1.03
636.055 -1.031
636.14 -1.032
636.224 -1.033
636.308 -1.034
636.393 -1.035
636.478 -1.036
636.562 -1.037
636.647 -1.038
636.732 -1.039
636.817 -1.04
636.902 -1.041
636.987 -1.042
637.073 -1.043
637.158 -1.044
637.243 -1.045
637.329 -1.046
637.415 -1.047
637.5 -1.048
637.586 -1.049
637.672 -1.05
637.758 -1.051
637.844 -1.052
637.93 -1.053
638.016 -1.054
638.103 -1.055
638.189 -1.056
638.276 -1.057
638.362 -1.058
638.449 -1.059
638.536 -1.06
638.623 -1.061
638.71 -1.062
638.797 -1.063
638.884 -1.064
638.972 -1.065
639.059 -1.066
639.146 -1.067
639.234 -1.068
639.322 -1.069
639.409 -1.07
639.497 -1.071
639.585 -1.072
639.673 -1.073
639.761 -1.074
639.85 -1.075
639.938 -1.076
640.026 -1.077
640.115 -1.078
640.203 -1.079
640.292 -1.08
640.381 -1.081
640.47 -1.082
640.559 -1.083
640.648 -1.084
640.737 -1.085
640.826 -1.086
640.916 -1.087
641.005 -1.088
641.095 -1.089
641.185 -1.09
641.274 -1.091
641.364 -1.092
641.454 -1.093
641.544 -1.094
641.634 -1.095
641.724 -1.096
641.815 -1.097
641.905 -1.098
641.996 -1.099
642.086 -1.1
642.177 -1.101
642.268 -1.102
642.359 -1.103
642.45 -1.104
642.541 -1.105
642.632 -1.106
642.723 -1.107
642.815 -1.108
642.906 -1.109
642.998 -1.11
643.09 -1.111
643.181 -1.112
643.273 -1.113
643.365 -1.114
643.457 -1.115
643.549 -1.116
643.642 -1.117
643.734 -1.118
643.826 -1.119
643.919 -1.12
644.011 -1.121
644.104 -1.122
644.197 -1.123
644.29 -1.124
644.383 -1.125
644.476 -1.126
644.569 -1.127
644.662 -1.128
644.755 -1.129
644.849 -1.13
644.942 -1.131
645.036 -1.132
645.129 -1.133
645.223 -1.134
645.317 -1.135
645.411 -1.136
645.505 -1.137
645.599 -1.138
645.693 -1.139
645.787 -1.14
645.882 -1.141
645.976 -1.142
646.071 -1.143
646.166 -1.144
646.261 -1.145
646.356 -1.146
646.451 -1.147
646.546 -1.148
646.641 -1.149
646.736 -1.15
646.832 -1.151
646.927 -1.152
647.021 -1.153
647.116 -1.154
647.21 -1.155
647.304 -1.156
647.397 -1.157
647.491 -1.158
647.585 -1.159
647.678 -1.16
647.772 -1.161
647.866 -1.162
647.96 -1.163
648.053 -1.164
648.147 -1.165
648.241 -1.166
648.335 -1.167
648.429 -1.168
648.523 -1.169
648.617 -1.17
648.711 -1.171
648.804 -1.172
648.898 -1.173
648.992 -1.174
649.086 -1.175
649.179 -1.176
649.272 -1.177
649.366 -1.178
649.459 -1.179
649.552 -1.18
649.644 -1.181
649.736 -1.182
649.828 -1.183
649.919 -1.184
650.009 -1.185
650.099 -1.186
650.187 -1.187
650.273 -1.188
650.355 -1.189
650.432 -1.19
650.504 -1.191
650.568 -1.192
650.625 -1.193
650.671 -1.194
650.706 -1.195
650.727 -1.196
650.733 -1.197
650.721 -1.198
650.687 -1.199
650.627 -1.2
650.585 -1.201
650.546 -1.202
650.537 -1.203
650.528 -1.204
650.519 -1.205
650.511 -1.206
650.502 -1.207
650.494 -1.208
650.486 -1.209
650.478 -1.21
650.47 -1.211
650.463 -1.212
650.455 -1.213
650.448 -1.214
650.44 -1.215
650.433 -1.216
650.426 -1.217
650.419 -1.218
650.413 -1.219
650.406 -1.22
650.4 -1.221
650.393 -1.222
650.387 -1.223
650.381 -1.224
650.375 -1.225
650.369 -1.226
650.364 -1.227
650.358 -1.228
650.353 -1.229
650.348 -1.23
650.343 -1.231
650.346 -1.232
650.362 -1.233
650.396 -1.234
650.433 -1.235
650.47 -1.236
650.507 -1.237
650.544 -1.238
650.581 -1.239
650.619 -1.24
650.657 -1.241
650.694 -1.242
650.732 -1.243
650.77 -1.244
650.808 -1.245
650.844 -1.246
650.876 -1.247
650.904 -1.248
650.929 -1.249
650.951 -1.25
650.972 -1.251
650.993 -1.252
651.014 -1.253
651.034 -1.254
651.053 -1.255
651.073 -1.256
651.092 -1.257
651.115 -1.258
651.155 -1.259
651.211 -1.26
651.275 -1.261
651.339 -1.262
651.412 -1.263
651.535 -1.264
651.715 -1.265
651.949 -1.266
652.219 -1.267
652.492 -1.268
652.764 -1.269
653.036 -1.27
653.309 -1.271
653.582 -1.272
653.852 -1.273
654.083 -1.274
654.295 -1.275
654.474 -1.276
654.654 -1.277
654.834 -1.278
655.013 -1.279
655.193 -1.28
655.373 -1.281
655.554 -1.282
655.734 -1.283
655.914 -1.284
656.095 -1.285
656.276 -1.286
656.457 -1.287
656.637 -1.288
656.816 -1.289
656.993 -1.29
657.168 -1.291
657.342 -1.292
657.513 -1.293
657.683 -1.294
657.852 -1.295
658.02 -1.296
658.187 -1.297
658.355 -1.298
658.521 -1.299
658.687 -1.3
658.852 -1.301
659.017 -1.302
659.181 -1.303
659.344 -1.304
659.506 -1.305
659.667 -1.306
659.828 -1.307
659.987 -1.308
660.146 -1.309
660.303 -1.31
660.459 -1.311
660.614 -1.312
660.768 -1.313
660.919 -1.314
661.069 -1.315
661.217 -1.316
661.363 -1.317
661.507 -1.318
661.648 -1.319
661.786 -1.32
661.92 -1.321
662.051 -1.322
662.176 -1.323
662.295 -1.324
662.404 -1.325
662.507 -1.326
662.601 -1.327
662.685 -1.328
662.761 -1.329
662.831 -1.33
662.892 -1.331
662.945 -1.332
662.99 -1.333
663.03 -1.334
663.07 -1.335
663.108 -1.336
663.168 -1.337
663.263 -1.338
663.382 -1.339
663.495 -1.34
663.606 -1.341
663.765 -1.342
663.949 -1.343
664.142 -1.344
664.322 -1.345
664.483 -1.346
664.638 -1.347
664.793 -1.348
664.946 -1.349
665.084 -1.35
665.206 -1.351
665.328 -1.352
665.45 -1.353
665.572 -1.354
665.695 -1.355
665.817 -1.356
665.94 -1.357
666.063 -1.358
666.186 -1.359
666.309 -1.36
666.432 -1.361
666.555 -1.362
666.679 -1.363
666.803 -1.364
666.927 -1.365
667.051 -1.366
667.175 -1.367
667.3 -1.368
667.424 -1.369
667.549 -1.37
667.674 -1.371
667.799 -1.372
667.924 -1.373
668.049 -1.374
668.175 -1.375
668.301 -1.376
668.427 -1.377
668.553 -1.378
668.679 -1.379
668.805 -1.38
668.932 -1.381
669.059 -1.382
669.185 -1.383
669.312 -1.384
669.44 -1.385
669.567 -1.386
669.695 -1.387
669.822 -1.388
669.95 -1.389
670.078 -1.39
670.206 -1.391
670.335 -1.392
670.463 -1.393
670.592 -1.394
670.721 -1.395
670.85 -1.396
670.979 -1.397
671.109 -1.398
671.238 -1.399
671.368 -1.4
671.498 -1.401
671.628 -1.402
671.758 -1.403
671.888 -1.404
672.019 -1.405
672.15 -1.406
672.281 -1.407
672.412 -1.408
672.543 -1.409
672.674 -1.41
672.806 -1.411
672.938 -1.412
673.07 -1.413
673.202 -1.414
673.334 -1.415
673.466 -1.416
673.599 -1.417
673.732 -1.418
673.865 -1.419
673.998 -1.42
674.131 -1.421
674.265 -1.422
674.398 -1.423
674.532 -1.424
674.666 -1.425
674.8 -1.426
674.935 -1.427
675.069 -1.428
675.204 -1.429
675.339 -1.43
675.474 -1.431
675.609 -1.432
675.745 -1.433
675.88 -1.434
676.016 -1.435
676.152 -1.436
676.288 -1.437
676.424 -1.438
676.561 -1.439
676.697 -1.44
676.834 -1.441
676.971 -1.442
677.108 -1.443
677.246 -1.444
677.383 -1.445
677.521 -1.446
677.659 -1.447
677.797 -1.448
677.935 -1.449
678.073 -1.45
678.212 -1.451
678.351 -1.452
678.49 -1.453
678.629 -1.454
678.768 -1.455
678.907 -1.456
679.047 -1.457
679.187 -1.458
679.327 -1.459
679.467 -1.46
679.608 -1.461
679.748 -1.462
679.889 -1.463
680.03 -1.464
680.172 -1.465
680.313 -1.466
680.455 -1.467
680.598 -1.468
680.74 -1.469
680.883 -1.47
681.026 -1.471
681.17 -1.472
681.313 -1.473
681.457 -1.474
681.601 -1.475
681.746 -1.476
681.89 -1.477
682.035 -1.478
682.18 -1.479
682.326 -1.48
682.471 -1.481
682.617 -1.482
682.763 -1.483
682.909 -1.484
683.055 -1.485
683.201 -1.486
683.348 -1.487
683.494 -1.488
683.641 -1.489
683.788 -1.49
683.936 -1.491
684.083 -1.492
684.231 -1.493
684.379 -1.494
684.527 -1.495
684.675 -1.496
684.824 -1.497
684.972 -1.498
685.121 -1.499
685.27 -1.5
685.419 -1.501
685.568 -1.502
685.718 -1.503
685.867 -1.504
686.017 -1.505
686.167 -1.506
686.317 -1.507
686.467 -1.508
686.618 -1.509
686.769 -1.51
686.919 -1.511
687.071 -1.512
687.222 -1.513
687.373 -1.514
687.525 -1.515
687.677 -1.516
687.829 -1.517
687.981 -1.518
688.133 -1.519
688.285 -1.52
688.438 -1.521
688.591 -1.522
688.744 -1.523
688.897 -1.524
689.051 -1.525
689.204 -1.526
689.358 -1.527
689.512 -1.528
689.666 -1.529
689.821 -1.53
689.975 -1.531
690.13 -1.532
690.285 -1.533
690.44 -1.534
690.595 -1.535
690.751 -1.536
690.906 -1.537
691.062 -1.538
691.218 -1.539
691.375 -1.54
691.531 -1.541
691.688 -1.542
691.845 -1.543
692.002 -1.544
692.159 -1.545
692.316 -1.546
692.474 -1.547
692.632 -1.548
692.79 -1.549
692.948 -1.55
693.106 -1.551
693.265 -1.552
693.423 -1.553
693.582 -1.554
693.742 -1.555
693.901 -1.556
694.06 -1.557
694.22 -1.558
694.38 -1.559
694.54 -1.56
694.701 -1.561
694.861 -1.562
695.022 -1.563
695.183 -1.564
695.344 -1.565
695.505 -1.566
695.667 -1.567
695.828 -1.568
695.99 -1.569
696.152 -1.57
696.315 -1.571
696.477 -1.572
696.64 -1.573
696.803 -1.574
696.966 -1.575
697.129 -1.576
697.293 -1.577
697.456 -1.578
697.62 -1.579
697.784 -1.58
697.949 -1.581
698.113 -1.582
698.278 -1.583
698.443 -1.584
698.608 -1.585
698.773 -1.586
698.939 -1.587
699.105 -1.588
699.271 -1.589
699.437 -1.59
699.603 -1.591
699.77 -1.592
699.937 -1.593
700.104 -1.594
700.271 -1.595
700.439 -1.596
700.606 -1.597
700.774 -1.598
700.942 -1.599
701.111 -1.6
