8.40675 -0.001
16.8072 -0.002
25.2012 -0.003
33.5889 -0.004
41.9701 -0.005
50.3449 -0.006
58.7132 -0.007
67.075 -0.008
75.4303 -0.009
83.779 -0.01
92.1211 -0.011
100.457 -0.012
108.785 -0.013
117.107 -0.014
125.423 -0.015
133.731 -0.016
142.033 -0.017
150.328 -0.018
158.616 -0.019
166.898 -0.02
175.172 -0.021
183.439 -0.022
191.7 -0.023
199.953 -0.024
208.199 -0.025
216.438 -0.026
224.67 -0.027
232.895 -0.028
241.113 -0.029
249.323 -0.03
257.526 -0.031
265.722 -0.032
273.91 -0.033
282.091 -0.034
290.264 -0.035
298.43 -0.036
306.589 -0.037
314.739 -0.038
322.882 -0.039
331.018 -0.04
339.146 -0.041
347.266 -0.042
355.378 -0.043
363.482 -0.044
371.579 -0.045
379.667 -0.046
387.748 -0.047
395.82 -0.048
403.835 -0.049
411.554 -0.05
418.63 -0.051
424.772 -0.052
430.501 -0.053
435.738 -0.054
440.161 -0.055
443.407 -0.056
446.554 -0.057
449.684 -0.058
452.806 -0.059
455.914 -0.06
459.007 -0.061
462.088 -0.062
465.159 -0.063
468.227 -0.064
471.29 -0.065
474.345 -0.066
477.394 -0.067
480.432 -0.068
483.458 -0.069
486.484 -0.07
489.503 -0.071
492.515 -0.072
495.516 -0.073
498.518 -0.074
501.523 -0.075
504.528 -0.076
507.527 -0.077
510.522 -0.078
513.469 -0.079
516.367 -0.08
519.111 -0.081
521.761 -0.082
524.141 -0.083
526.408 -0.084
528.213 -0.085
529.673 -0.086
530.915 -0.087
531.847 -0.088
532.428 -0.089
532.929 -0.09
533.416 -0.091
533.887 -0.092
534.34 -0.093
534.781 -0.094
535.208 -0.095
535.627 -0.096
536.038 -0.097
536.443 -0.098
536.838 -0.099
537.225 -0.1
537.602 -0.101
537.969 -0.102
538.331 -0.103
538.682 -0.104
539.025 -0.105
539.359 -0.106
539.68 -0.107
539.995 -0.108
540.299 -0.109
540.599 -0.11
540.892 -0.111
541.182 -0.112
541.464 -0.113
541.744 -0.114
542.021 -0.115
542.294 -0.116
542.563 -0.117
542.83 -0.118
543.094 -0.119
543.357 -0.12
543.616 -0.121
543.871 -0.122
544.123 -0.123
544.372 -0.124
544.618 -0.125
544.861 -0.126
545.102 -0.127
545.342 -0.128
545.578 -0.129
545.811 -0.13
546.04 -0.131
546.266 -0.132
546.489 -0.133
546.709 -0.134
546.926 -0.135
547.14 -0.136
547.353 -0.137
547.563 -0.138
547.77 -0.139
547.973 -0.14
548.174 -0.141
548.372 -0.142
548.566 -0.143
548.757 -0.144
548.943 -0.145
549.125 -0.146
549.305 -0.147
549.481 -0.148
549.655 -0.149
549.828 -0.15
549.997 -0.151
550.165 -0.152
550.329 -0.153
550.493 -0.154
550.655 -0.155
550.816 -0.156
550.975 -0.157
551.13 -0.158
551.284 -0.159
551.437 -0.16
551.589 -0.161
551.74 -0.162
551.887 -0.163
552.032 -0.164
552.177 -0.165
552.32 -0.166
552.463 -0.167
552.604 -0.168
552.743 -0.169
552.88 -0.17
553.015 -0.171
553.151 -0.172
553.285 -0.173
553.418 -0.174
553.55 -0.175
553.679 -0.176
553.808 -0.177
553.935 -0.178
554.062 -0.179
554.188 -0.18
554.314 -0.181
554.438 -0.182
554.559 -0.183
554.68 -0.184
554.8 -0.185
554.919 -0.186
555.038 -0.187
555.157 -0.188
555.274 -0.189
555.39 -0.19
555.503 -0.191
555.615 -0.192
555.727 -0.193
555.838 -0.194
555.949 -0.195
556.059 -0.196
556.168 -0.197
556.276 -0.198
556.382 -0.199
556.488 -0.2
556.593 -0.201
556.698 -0.202
556.802 -0.203
556.905 -0.204
557.008 -0.205
557.11 -0.206
557.211 -0.207
557.312 -0.208
557.412 -0.209
557.51 -0.21
557.608 -0.211
557.705 -0.212
557.802 -0.213
557.898 -0.214
557.994 -0.215
558.09 -0.216
558.185 -0.217
558.278 -0.218
558.371 -0.219
558.464 -0.22
558.556 -0.221
558.648 -0.222
558.739 -0.223
558.828 -0.224
558.918 -0.225
559.006 -0.226
559.095 -0.227
559.182 -0.228
559.27 -0.229
559.357 -0.23
559.443 -0.231
559.528 -0.232
559.613 -0.233
559.698 -0.234
559.781 -0.235
559.865 -0.236
559.948 -0.237
560.031 -0.238
560.113 -0.239
560.194 -0.24
560.276 -0.241
560.357 -0.242
560.437 -0.243
560.517 -0.244
560.597 -0.245
560.677 -0.246
560.756 -0.247
560.834 -0.248
560.912 -0.249
560.989 -0.25
561.066 -0.251
561.143 -0.252
561.219 -0.253
561.295 -0.254
561.371 -0.255
561.446 -0.256
561.522 -0.257
561.596 -0.258
561.671 -0.259
561.745 -0.26
561.819 -0.261
561.893 -0.262
561.967 -0.263
562.04 -0.264
562.113 -0.265
562.186 -0.266
562.258 -0.267
562.331 -0.268
562.403 -0.269
562.474 -0.27
562.546 -0.271
562.617 -0.272
562.688 -0.273
562.759 -0.274
562.83 -0.275
562.901 -0.276
562.971 -0.277
563.041 -0.278
563.111 -0.279
563.181 -0.28
563.25 -0.281
563.32 -0.282
563.389 -0.283
563.458 -0.284
563.527 -0.285
563.596 -0.286
563.665 -0.287
563.733 -0.288
563.802 -0.289
563.87 -0.29
563.938 -0.291
564.006 -0.292
564.074 -0.293
564.142 -0.294
564.209 -0.295
564.277 -0.296
564.344 -0.297
564.411 -0.298
564.478 -0.299
564.545 -0.3
564.612 -0.301
564.678 -0.302
564.745 -0.303
564.811 -0.304
564.877 -0.305
564.944 -0.306
565.01 -0.307
565.075 -0.308
565.141 -0.309
565.207 -0.31
565.273 -0.311
565.338 -0.312
565.403 -0.313
565.469 -0.314
565.534 -0.315
565.599 -0.316
565.664 -0.317
565.729 -0.318
565.794 -0.319
565.859 -0.32
565.923 -0.321
565.988 -0.322
566.053 -0.323
566.117 -0.324
566.181 -0.325
566.245 -0.326
566.31 -0.327
566.374 -0.328
566.438 -0.329
566.502 -0.33
566.565 -0.331
566.629 -0.332
566.693 -0.333
566.757 -0.334
566.82 -0.335
566.884 -0.336
566.947 -0.337
567.01 -0.338
567.074 -0.339
567.137 -0.34
567.2 -0.341
567.263 -0.342
567.326 -0.343
567.389 -0.344
567.452 -0.345
567.515 -0.346
567.578 -0.347
567.641 -0.348
567.703 -0.349
567.766 -0.35
567.828 -0.351
567.891 -0.352
567.953 -0.353
568.016 -0.354
568.078 -0.355
568.14 -0.356
568.203 -0.357
568.265 -0.358
568.327 -0.359
568.389 -0.36
568.451 -0.361
568.513 -0.362
568.575 -0.363
568.636 -0.364
568.698 -0.365
568.76 -0.366
568.821 -0.367
568.883 -0.368
568.945 -0.369
569.006 -0.37
569.067 -0.371
569.129 -0.372
569.19 -0.373
569.251 -0.374
569.313 -0.375
569.374 -0.376
569.435 -0.377
569.496 -0.378
569.557 -0.379
569.618 -0.38
569.679 -0.381
569.74 -0.382
569.801 -0.383
569.861 -0.384
569.922 -0.385
569.983 -0.386
570.044 -0.387
570.104 -0.388
570.165 -0.389
570.225 -0.39
570.286 -0.391
570.346 -0.392
570.407 -0.393
570.467 -0.394
570.528 -0.395
570.588 -0.396
570.648 -0.397
570.708 -0.398
570.769 -0.399
570.829 -0.4
570.889 -0.401
570.949 -0.402
571.009 -0.403
571.069 -0.404
571.129 -0.405
571.189 -0.406
571.249 -0.407
571.309 -0.408
571.369 -0.409
571.429 -0.41
571.488 -0.411
571.548 -0.412
571.608 -0.413
571.668 -0.414
571.727 -0.415
571.787 -0.416
571.847 -0.417
571.906 -0.418
571.966 -0.419
572.025 -0.42
572.085 -0.421
572.144 -0.422
572.204 -0.423
572.263 -0.424
572.322 -0.425
572.382 -0.426
572.441 -0.427
572.501 -0.428
572.56 -0.429
572.619 -0.43
572.678 -0.431
572.738 -0.432
572.797 -0.433
572.856 -0.434
572.915 -0.435
572.974 -0.436
573.033 -0.437
573.092 -0.438
573.151 -0.439
573.211 -0.44
573.27 -0.441
573.329 -0.442
573.388 -0.443
573.447 -0.444
573.505 -0.445
573.564 -0.446
573.623 -0.447
573.682 -0.448
573.741 -0.449
573.8 -0.45
573.859 -0.451
573.918 -0.452
573.977 -0.453
574.036 -0.454
574.094 -0.455
574.153 -0.456
574.212 -0.457
574.271 -0.458
574.33 -0.459
574.389 -0.46
574.447 -0.461
574.506 -0.462
574.565 -0.463
574.624 -0.464
574.683 -0.465
574.742 -0.466
574.8 -0.467
574.859 -0.468
574.918 -0.469
574.977 -0.47
575.036 -0.471
575.094 -0.472
575.153 -0.473
575.212 -0.474
575.271 -0.475
575.33 -0.476
575.389 -0.477
575.447 -0.478
575.506 -0.479
575.565 -0.48
575.624 -0.481
575.683 -0.482
575.742 -0.483
575.8 -0.484
575.859 -0.485
575.918 -0.486
575.977 -0.487
576.036 -0.488
576.095 -0.489
576.154 -0.49
576.213 -0.491
576.272 -0.492
576.33 -0.493
576.389 -0.494
576.448 -0.495
576.507 -0.496
576.566 -0.497
576.625 -0.498
576.684 -0.499
576.743 -0.5
576.802 -0.501
576.861 -0.502
576.92 -0.503
576.979 -0.504
577.038 -0.505
577.097 -0.506
577.156 -0.507
577.215 -0.508
577.274 -0.509
577.333 -0.51
577.392 -0.511
577.451 -0.512
577.51 -0.513
577.569 -0.514
577.628 -0.515
577.687 -0.516
577.746 -0.517
577.805 -0.518
577.865 -0.519
577.924 -0.52
577.983 -0.521
578.042 -0.522
578.101 -0.523
578.16 -0.524
578.219 -0.525
578.278 -0.526
578.338 -0.527
578.397 -0.528
578.456 -0.529
578.515 -0.53
578.574 -0.531
578.633 -0.532
578.693 -0.533
578.752 -0.534
578.811 -0.535
578.87 -0.536
578.93 -0.537
578.989 -0.538
579.048 -0.539
579.107 -0.54
579.167 -0.541
579.226 -0.542
579.285 -0.543
579.344 -0.544
579.404 -0.545
579.463 -0.546
579.522 -0.547
579.582 -0.548
579.641 -0.549
579.7 -0.55
579.76 -0.551
579.819 -0.552
579.879 -0.553
579.938 -0.554
579.997 -0.555
580.057 -0.556
580.116 -0.557
580.176 -0.558
580.235 -0.559
580.295 -0.56
580.354 -0.561
580.413 -0.562
580.473 -0.563
580.532 -0.564
580.592 -0.565
580.651 -0.566
580.711 -0.567
580.771 -0.568
580.83 -0.569
580.89 -0.57
580.949 -0.571
581.009 -0.572
581.068 -0.573
581.128 -0.574
581.188 -0.575
581.247 -0.576
581.307 -0.577
581.367 -0.578
581.426 -0.579
581.486 -0.58
581.546 -0.581
581.605 -0.582
581.665 -0.583
581.725 -0.584
581.784 -0.585
581.844 -0.586
581.904 -0.587
581.964 -0.588
582.023 -0.589
582.083 -0.59
582.143 -0.591
582.203 -0.592
582.263 -0.593
582.322 -0.594
582.382 -0.595
582.442 -0.596
582.502 -0.597
582.562 -0.598
582.622 -0.599
582.682 -0.6
582.742 -0.601
582.802 -0.602
582.861 -0.603
582.921 -0.604
582.981 -0.605
583.041 -0.606
583.101 -0.607
583.161 -0.608
583.221 -0.609
583.281 -0.61
583.341 -0.611
583.402 -0.612
583.462 -0.613
583.522 -0.614
583.582 -0.615
583.642 -0.616
583.702 -0.617
583.762 -0.618
583.822 -0.619
583.883 -0.62
583.943 -0.621
584.003 -0.622
584.063 -0.623
584.123 -0.624
584.184 -0.625
584.244 -0.626
584.304 -0.627
584.364 -0.628
584.425 -0.629
584.485 -0.63
584.545 -0.631
584.606 -0.632
584.666 -0.633
584.726 -0.634
584.787 -0.635
584.847 -0.636
584.907 -0.637
584.968 -0.638
585.028 -0.639
585.089 -0.64
585.149 -0.641
585.21 -0.642
585.27 -0.643
585.331 -0.644
585.391 -0.645
585.452 -0.646
585.512 -0.647
585.573 -0.648
585.633 -0.649
585.694 -0.65
585.754 -0.651
585.815 -0.652
585.876 -0.653
585.936 -0.654
585.997 -0.655
586.058 -0.656
586.118 -0.657
586.179 -0.658
586.24 -0.659
586.301 -0.66
586.361 -0.661
586.422 -0.662
586.483 -0.663
586.544 -0.664
586.604 -0.665
586.665 -0.666
586.726 -0.667
586.787 -0.668
586.848 -0.669
586.909 -0.67
586.97 -0.671
587.031 -0.672
587.092 -0.673
587.153 -0.674
587.214 -0.675
587.275 -0.676
587.336 -0.677
587.397 -0.678
587.458 -0.679
587.519 -0.68
587.58 -0.681
587.641 -0.682
587.702 -0.683
587.763 -0.684
587.824 -0.685
587.886 -0.686
587.947 -0.687
588.008 -0.688
588.069 -0.689
588.13 -0.69
588.192 -0.691
588.253 -0.692
588.314 -0.693
588.376 -0.694
588.437 -0.695
588.498 -0.696
588.56 -0.697
588.621 -0.698
588.682 -0.699
588.744 -0.7
588.805 -0.701
588.867 -0.702
588.928 -0.703
588.99 -0.704
589.051 -0.705
589.113 -0.706
589.174 -0.707
589.236 -0.708
589.297 -0.709
589.359 -0.71
589.421 -0.711
589.482 -0.712
589.544 -0.713
589.606 -0.714
589.667 -0.715
589.729 -0.716
589.791 -0.717
589.852 -0.718
589.914 -0.719
589.976 -0.72
590.038 -0.721
590.1 -0.722
590.162 -0.723
590.223 -0.724
590.285 -0.725
590.347 -0.726
590.409 -0.727
590.471 -0.728
590.533 -0.729
590.595 -0.73
590.657 -0.731
590.719 -0.732
590.781 -0.733
590.843 -0.734
590.905 -0.735
590.967 -0.736
591.029 -0.737
591.092 -0.738
591.154 -0.739
591.216 -0.74
591.278 -0.741
591.34 -0.742
591.402 -0.743
591.465 -0.744
591.527 -0.745
591.589 -0.746
591.652 -0.747
591.714 -0.748
591.776 -0.749
591.838 -0.75
591.901 -0.751
591.963 -0.752
592.026 -0.753
592.088 -0.754
592.15 -0.755
592.213 -0.756
592.275 -0.757
592.338 -0.758
592.4 -0.759
592.463 -0.76
592.525 -0.761
592.588 -0.762
592.65 -0.763
592.713 -0.764
592.776 -0.765
592.838 -0.766
592.901 -0.767
592.964 -0.768
593.026 -0.769
593.089 -0.77
593.152 -0.771
593.214 -0.772
593.277 -0.773
593.34 -0.774
593.403 -0.775
593.465 -0.776
593.528 -0.777
593.591 -0.778
593.654 -0.779
593.717 -0.78
593.78 -0.781
593.843 -0.782
593.906 -0.783
593.968 -0.784
594.031 -0.785
594.094 -0.786
594.158 -0.787
594.221 -0.788
594.284 -0.789
594.347 -0.79
594.41 -0.791
594.473 -0.792
594.536 -0.793
594.599 -0.794
594.663 -0.795
594.726 -0.796
594.789 -0.797
594.852 -0.798
594.916 -0.799
594.979 -0.8
595.042 -0.801
595.106 -0.802
595.169 -0.803
595.233 -0.804
595.296 -0.805
595.36 -0.806
595.423 -0.807
595.487 -0.808
595.55 -0.809
595.614 -0.81
595.677 -0.811
595.741 -0.812
595.805 -0.813
595.868 -0.814
595.932 -0.815
595.996 -0.816
596.059 -0.817
596.123 -0.818
596.187 -0.819
596.25 -0.82
596.314 -0.821
596.378 -0.822
596.442 -0.823
596.505 -0.824
596.569 -0.825
596.633 -0.826
596.697 -0.827
596.761 -0.828
596.825 -0.829
596.888 -0.83
596.952 -0.831
597.016 -0.832
597.08 -0.833
597.144 -0.834
597.208 -0.835
597.272 -0.836
597.336 -0.837
597.4 -0.838
597.464 -0.839
597.528 -0.84
597.591 -0.841
597.655 -0.842
597.719 -0.843
597.783 -0.844
597.847 -0.845
597.911 -0.846
597.975 -0.847
598.04 -0.848
598.104 -0.849
598.168 -0.85
598.232 -0.851
598.296 -0.852
598.36 -0.853
598.425 -0.854
598.489 -0.855
598.553 -0.856
598.617 -0.857
598.682 -0.858
598.746 -0.859
598.811 -0.86
598.875 -0.861
598.939 -0.862
599.004 -0.863
599.068 -0.864
599.133 -0.865
599.197 -0.866
599.262 -0.867
599.327 -0.868
599.391 -0.869
599.456 -0.87
599.521 -0.871
599.585 -0.872
599.65 -0.873
599.715 -0.874
599.78 -0.875
599.845 -0.876
599.909 -0.877
599.974 -0.878
600.039 -0.879
600.104 -0.88
600.169 -0.881
600.234 -0.882
600.299 -0.883
600.364 -0.884
600.429 -0.885
600.494 -0.886
600.56 -0.887
600.625 -0.888
600.69 -0.889
600.755 -0.89
600.821 -0.891
600.886 -0.892
600.951 -0.893
601.016 -0.894
601.082 -0.895
601.147 -0.896
601.213 -0.897
601.278 -0.898
601.344 -0.899
601.409 -0.9
601.475 -0.901
601.54 -0.902
601.606 -0.903
601.672 -0.904
601.737 -0.905
601.803 -0.906
601.869 -0.907
601.934 -0.908
602 -0.909
602.066 -0.91
602.132 -0.911
602.198 -0.912
602.264 -0.913
602.329 -0.914
602.395 -0.915
602.461 -0.916
602.527 -0.917
602.593 -0.918
602.66 -0.919
602.726 -0.92
602.792 -0.921
602.858 -0.922
602.924 -0.923
602.99 -0.924
603.057 -0.925
603.123 -0.926
603.189 -0.927
603.256 -0.928
603.322 -0.929
603.388 -0.93
603.455 -0.931
603.521 -0.932
603.588 -0.933
603.654 -0.934
603.721 -0.935
603.787 -0.936
603.854 -0.937
603.921 -0.938
603.987 -0.939
604.054 -0.94
604.121 -0.941
604.187 -0.942
604.254 -0.943
604.321 -0.944
604.388 -0.945
604.454 -0.946
604.521 -0.947
604.588 -0.948
604.655 -0.949
604.722 -0.95
604.788 -0.951
604.855 -0.952
604.922 -0.953
604.989 -0.954
605.056 -0.955
605.122 -0.956
605.189 -0.957
605.256 -0.958
605.323 -0.959
605.39 -0.96
605.457 -0.961
605.524 -0.962
605.59 -0.963
605.657 -0.964
605.724 -0.965
605.792 -0.966
605.859 -0.967
605.926 -0.968
605.993 -0.969
606.06 -0.97
606.127 -0.971
606.195 -0.972
606.262 -0.973
606.329 -0.974
606.396 -0.975
606.464 -0.976
606.531 -0.977
606.599 -0.978
606.666 -0.979
606.734 -0.98
606.801 -0.981
606.869 -0.982
606.936 -0.983
607.004 -0.984
607.072 -0.985
607.139 -0.986
607.207 -0.987
607.275 -0.988
607.343 -0.989
607.41 -0.99
607.478 -0.991
607.546 -0.992
607.614 -0.993
607.682 -0.994
607.75 -0.995
607.818 -0.996
607.886 -0.997
607.954 -0.998
608.022 -0.999
608.09 -1
608.158 -1.001
608.227 -1.002
608.295 -1.003
608.363 -1.004
608.432 -1.005
608.5 -1.006
608.568 -1.007
608.637 -1.008
608.705 -1.009
608.774 -1.01
608.842 -1.011
608.911 -1.012
608.979 -1.013
609.048 -1.014
609.117 -1.015
609.185 -1.016
609.254 -1.017
609.323 -1.018
609.392 -1.019
609.46 -1.02
609.529 -1.021
609.598 -1.022
609.667 -1.023
609.736 -1.024
609.805 -1.025
609.874 -1.026
609.943 -1.027
610.012 -1.028
610.082 -1.029
610.151 -1.03
610.22 -1.031
610.289 -1.032
610.359 -1.033
610.428 -1.034
610.497 -1.035
610.567 -1.036
610.636 -1.037
610.706 -1.038
610.775 -1.039
610.844 -1.04
610.914 -1.041
610.983 -1.042
611.053 -1.043
611.123 -1.044
611.192 -1.045
611.262 -1.046
611.332 -1.047
611.401 -1.048
611.471 -1.049
611.541 -1.05
611.611 -1.051
611.681 -1.052
611.75 -1.053
611.82 -1.054
611.89 -1.055
611.96 -1.056
612.03 -1.057
612.1 -1.058
612.171 -1.059
612.241 -1.06
612.311 -1.061
612.381 -1.062
612.451 -1.063
612.522 -1.064
612.592 -1.065
612.662 -1.066
612.733 -1.067
612.803 -1.068
612.874 -1.069
612.944 -1.07
613.015 -1.071
613.085 -1.072
613.156 -1.073
613.227 -1.074
613.297 -1.075
613.368 -1.076
613.439 -1.077
613.51 -1.078
613.58 -1.079
613.651 -1.08
613.722 -1.081
613.793 -1.082
613.864 -1.083
613.935 -1.084
614.006 -1.085
614.077 -1.086
614.148 -1.087
614.22 -1.088
614.291 -1.089
614.362 -1.09
614.433 -1.091
614.505 -1.092
614.576 -1.093
614.647 -1.094
614.719 -1.095
614.79 -1.096
614.862 -1.097
614.933 -1.098
615.005 -1.099
615.076 -1.1
615.148 -1.101
615.22 -1.102
615.291 -1.103
615.363 -1.104
615.435 -1.105
615.507 -1.106
615.579 -1.107
615.651 -1.108
615.723 -1.109
615.795 -1.11
615.867 -1.111
615.939 -1.112
616.011 -1.113
616.083 -1.114
616.155 -1.115
616.227 -1.116
616.3 -1.117
616.372 -1.118
616.444 -1.119
616.517 -1.12
616.589 -1.121
616.662 -1.122
616.734 -1.123
616.807 -1.124
616.879 -1.125
616.952 -1.126
617.024 -1.127
617.097 -1.128
617.17 -1.129
617.242 -1.13
617.315 -1.131
617.388 -1.132
617.461 -1.133
617.534 -1.134
617.607 -1.135
617.68 -1.136
617.753 -1.137
617.826 -1.138
617.899 -1.139
617.972 -1.14
618.045 -1.141
618.118 -1.142
618.192 -1.143
618.265 -1.144
618.338 -1.145
618.41 -1.146
618.482 -1.147
618.554 -1.148
618.626 -1.149
618.698 -1.15
618.77 -1.151
618.841 -1.152
618.913 -1.153
618.985 -1.154
619.057 -1.155
619.129 -1.156
619.201 -1.157
619.273 -1.158
619.345 -1.159
619.417 -1.16
619.489 -1.161
619.561 -1.162
619.633 -1.163
619.705 -1.164
619.777 -1.165
619.85 -1.166
619.922 -1.167
619.994 -1.168
620.067 -1.169
620.139 -1.17
620.211 -1.171
620.284 -1.172
620.356 -1.173
620.429 -1.174
620.501 -1.175
620.574 -1.176
620.646 -1.177
620.719 -1.178
620.792 -1.179
620.864 -1.18
620.937 -1.181
621.01 -1.182
621.082 -1.183
621.155 -1.184
621.228 -1.185
621.301 -1.186
621.374 -1.187
621.447 -1.188
621.52 -1.189
621.593 -1.19
621.666 -1.191
621.739 -1.192
621.812 -1.193
621.885 -1.194
621.958 -1.195
622.031 -1.196
622.104 -1.197
622.178 -1.198
622.251 -1.199
622.324 -1.2
622.397 -1.201
622.471 -1.202
622.544 -1.203
622.618 -1.204
622.691 -1.205
622.764 -1.206
622.838 -1.207
622.912 -1.208
622.985 -1.209
623.059 -1.21
623.132 -1.211
623.206 -1.212
623.28 -1.213
623.353 -1.214
623.427 -1.215
623.501 -1.216
623.575 -1.217
623.649 -1.218
623.723 -1.219
623.797 -1.22
623.871 -1.221
623.945 -1.222
624.019 -1.223
624.093 -1.224
624.167 -1.225
624.241 -1.226
624.316 -1.227
624.39 -1.228
624.464 -1.229
624.539 -1.23
624.613 -1.231
624.687 -1.232
624.762 -1.233
624.837 -1.234
624.911 -1.235
624.986 -1.236
625.061 -1.237
625.135 -1.238
625.21 -1.239
625.285 -1.24
625.359 -1.241
625.431 -1.242
625.504 -1.243
625.576 -1.244
625.649 -1.245
625.722 -1.246
625.791 -1.247
625.858 -1.248
625.922 -1.249
625.991 -1.25
626.042 -1.251
626.074 -1.252
626.048 -1.253
626.019 -1.254
625.99 -1.255
625.956 -1.256
625.561 -1.257
625.442 -1.258
625.316 -1.259
625.189 -1.26
625.06 -1.261
624.931 -1.262
624.802 -1.263
624.672 -1.264
624.542 -1.265
624.411 -1.266
624.279 -1.267
624.147 -1.268
624.014 -1.269
623.88 -1.27
623.746 -1.271
623.612 -1.272
623.476 -1.273
623.34 -1.274
623.204 -1.275
623.067 -1.276
622.929 -1.277
622.79 -1.278
622.651 -1.279
622.511 -1.28
622.37 -1.281
622.228 -1.282
622.092 -1.283
621.96 -1.284
621.837 -1.285
621.724 -1.286
621.62 -1.287
621.525 -1.288
621.439 -1.289
621.359 -1.29
621.288 -1.291
621.22 -1.292
621.155 -1.293
621.089 -1.294
621.016 -1.295
620.928 -1.296
620.817 -1.297
620.681 -1.298
620.533 -1.299
620.372 -1.3
620.22 -1.301
620.083 -1.302
619.959 -1.303
619.848 -1.304
619.747 -1.305
619.657 -1.306
619.578 -1.307
619.538 -1.308
619.525 -1.309
619.524 -1.31
619.568 -1.311
619.638 -1.312
619.711 -1.313
619.797 -1.314
619.901 -1.315
620.027 -1.316
620.153 -1.317
620.293 -1.318
620.454 -1.319
620.623 -1.32
620.792 -1.321
620.978 -1.322
621.18 -1.323
621.382 -1.324
621.587 -1.325
621.8 -1.326
622.02 -1.327
622.239 -1.328
622.458 -1.329
622.681 -1.33
622.903 -1.331
623.123 -1.332
623.34 -1.333
623.557 -1.334
623.77 -1.335
623.98 -1.336
624.188 -1.337
624.393 -1.338
624.595 -1.339
624.795 -1.34
624.99 -1.341
625.182 -1.342
625.371 -1.343
625.554 -1.344
625.734 -1.345
625.911 -1.346
626.081 -1.347
626.247 -1.348
626.407 -1.349
626.559 -1.35
626.702 -1.351
626.84 -1.352
626.969 -1.353
627.091 -1.354
627.205 -1.355
627.308 -1.356
627.42 -1.357
627.529 -1.358
627.655 -1.359
627.786 -1.36
627.91 -1.361
628.028 -1.362
628.142 -1.363
628.255 -1.364
628.372 -1.365
628.494 -1.366
628.622 -1.367
628.75 -1.368
628.877 -1.369
629.004 -1.37
629.13 -1.371
629.255 -1.372
629.379 -1.373
629.503 -1.374
629.629 -1.375
629.757 -1.376
629.892 -1.377
630.027 -1.378
630.161 -1.379
630.294 -1.38
630.426 -1.381
630.557 -1.382
630.688 -1.383
630.817 -1.384
630.947 -1.385
631.079 -1.386
631.214 -1.387
631.354 -1.388
631.493 -1.389
631.633 -1.39
631.772 -1.391
631.911 -1.392
632.049 -1.393
632.187 -1.394
632.324 -1.395
632.461 -1.396
632.598 -1.397
632.738 -1.398
632.879 -1.399
633.024 -1.4
633.17 -1.401
633.314 -1.402
633.459 -1.403
633.604 -1.404
633.748 -1.405
633.887 -1.406
634.025 -1.407
634.156 -1.408
634.28 -1.409
634.398 -1.41
634.509 -1.411
634.612 -1.412
634.708 -1.413
634.8 -1.414
634.89 -1.415
634.973 -1.416
635.057 -1.417
635.14 -1.418
635.224 -1.419
635.307 -1.42
635.391 -1.421
635.475 -1.422
635.559 -1.423
635.643 -1.424
635.727 -1.425
635.812 -1.426
635.896 -1.427
635.98 -1.428
636.064 -1.429
636.148 -1.43
636.233 -1.431
636.317 -1.432
636.402 -1.433
636.486 -1.434
636.571 -1.435
636.656 -1.436
636.741 -1.437
636.826 -1.438
636.911 -1.439
636.996 -1.44
637.082 -1.441
637.167 -1.442
637.252 -1.443
637.338 -1.444
637.423 -1.445
637.508 -1.446
637.593 -1.447
637.679 -1.448
637.764 -1.449
637.85 -1.45
637.935 -1.451
638.021 -1.452
638.106 -1.453
638.192 -1.454
638.278 -1.455
638.364 -1.456
638.45 -1.457
638.535 -1.458
638.621 -1.459
638.708 -1.46
638.794 -1.461
638.88 -1.462
638.966 -1.463
639.052 -1.464
639.138 -1.465
639.225 -1.466
639.311 -1.467
639.397 -1.468
639.483 -1.469
639.57 -1.47
639.656 -1.471
639.743 -1.472
639.829 -1.473
639.916 -1.474
640.002 -1.475
640.089 -1.476
640.175 -1.477
640.262 -1.478
640.349 -1.479
640.436 -1.48
640.523 -1.481
640.61 -1.482
640.697 -1.483
640.784 -1.484
640.871 -1.485
640.958 -1.486
641.045 -1.487
641.132 -1.488
641.22 -1.489
641.307 -1.49
641.394 -1.491
641.481 -1.492
641.569 -1.493
641.656 -1.494
641.744 -1.495
641.831 -1.496
641.919 -1.497
642.006 -1.498
642.094 -1.499
642.182 -1.5
642.269 -1.501
642.357 -1.502
642.445 -1.503
642.533 -1.504
642.621 -1.505
642.709 -1.506
642.797 -1.507
642.886 -1.508
642.974 -1.509
643.062 -1.51
643.15 -1.511
643.239 -1.512
643.327 -1.513
643.415 -1.514
643.504 -1.515
643.592 -1.516
643.68 -1.517
643.769 -1.518
643.857 -1.519
643.946 -1.52
644.035 -1.521
644.123 -1.522
644.212 -1.523
644.301 -1.524
644.39 -1.525
644.478 -1.526
644.567 -1.527
644.656 -1.528
644.745 -1.529
644.834 -1.53
644.924 -1.531
645.013 -1.532
645.102 -1.533
645.191 -1.534
645.281 -1.535
645.37 -1.536
645.459 -1.537
645.549 -1.538
645.639 -1.539
645.728 -1.54
645.818 -1.541
645.907 -1.542
645.997 -1.543
646.087 -1.544
646.177 -1.545
646.267 -1.546
646.356 -1.547
646.446 -1.548
646.536 -1.549
646.627 -1.55
646.717 -1.551
646.807 -1.552
646.897 -1.553
646.987 -1.554
647.078 -1.555
647.168 -1.556
647.258 -1.557
647.349 -1.558
647.439 -1.559
647.53 -1.56
647.62 -1.561
647.711 -1.562
647.801 -1.563
647.892 -1.564
647.983 -1.565
648.073 -1.566
648.164 -1.567
648.255 -1.568
648.346 -1.569
648.437 -1.57
648.528 -1.571
648.619 -1.572
648.71 -1.573
648.801 -1.574
648.892 -1.575
648.984 -1.576
649.075 -1.577
649.167 -1.578
649.258 -1.579
649.35 -1.58
649.442 -1.581
649.533 -1.582
649.625 -1.583
649.717 -1.584
649.808 -1.585
649.9 -1.586
649.992 -1.587
650.084 -1.588
650.175 -1.589
650.267 -1.59
650.359 -1.591
650.451 -1.592
650.543 -1.593
650.634 -1.594
650.727 -1.595
650.819 -1.596
650.911 -1.597
651.003 -1.598
651.095 -1.599
651.187 -1.6
