21.7563 -0.001
43.4687 -0.002
65.137 -0.003
86.7612 -0.004
108.341 -0.005
129.878 -0.006
151.37 -0.007
172.819 -0.008
194.224 -0.009
215.584 -0.01
236.902 -0.011
258.175 -0.012
279.405 -0.013
300.591 -0.014
321.733 -0.015
342.832 -0.016
363.887 -0.017
384.898 -0.018
405.866 -0.019
426.79 -0.02
447.671 -0.021
468.508 -0.022
489.302 -0.023
510.053 -0.024
530.76 -0.025
551.423 -0.026
572.043 -0.027
592.62 -0.028
613.153 -0.029
633.643 -0.03
654.089 -0.031
674.493 -0.032
694.852 -0.033
715.169 -0.034
735.442 -0.035
755.671 -0.036
775.858 -0.037
796.001 -0.038
816.1 -0.039
836.156 -0.04
856.169 -0.041
876.139 -0.042
896.065 -0.043
915.948 -0.044
935.787 -0.045
955.583 -0.046
975.335 -0.047
995.044 -0.048
1014.71 -0.049
1034.33 -0.05
1053.7 -0.051
1072.43 -0.052
1090.38 -0.053
1106.63 -0.054
1121.66 -0.055
1134.96 -0.056
1146.3 -0.057
1157.51 -0.058
1168.16 -0.059
1178.18 -0.06
1187.19 -0.061
1195.86 -0.062
1203.93 -0.063
1211.7 -0.064
1218.57 -0.065
1224.95 -0.066
1231.04 -0.067
1236.08 -0.068
1240.73 -0.069
1244.81 -0.07
1248.45 -0.071
1251.84 -0.072
1255.07 -0.073
1257.96 -0.074
1260.77 -0.075
1263.55 -0.076
1266.29 -0.077
1269 -0.078
1271.67 -0.079
1274.26 -0.08
1276.81 -0.081
1279.32 -0.082
1281.8 -0.083
1284.25 -0.084
1286.63 -0.085
1288.96 -0.086
1291.24 -0.087
1293.5 -0.088
1295.73 -0.089
1297.91 -0.09
1300.04 -0.091
1302.12 -0.092
1304.18 -0.093
1306.21 -0.094
1308.21 -0.095
1310.2 -0.096
1312.16 -0.097
1314.07 -0.098
1315.93 -0.099
1317.77 -0.1
1319.57 -0.101
1321.33 -0.102
1323.03 -0.103
1324.7 -0.104
1326.32 -0.105
1327.91 -0.106
1329.44 -0.107
1330.9 -0.108
1332.31 -0.109
1333.65 -0.11
1334.92 -0.111
1336.12 -0.112
1337.25 -0.113
1338.35 -0.114
1339.4 -0.115
1340.38 -0.116
1341.33 -0.117
1342.26 -0.118
1343.15 -0.119
1343.98 -0.12
1344.77 -0.121
1345.52 -0.122
1346.2 -0.123
1346.85 -0.124
1347.42 -0.125
1347.94 -0.126
1348.44 -0.127
1348.89 -0.128
1349.32 -0.129
1349.69 -0.13
1350.05 -0.131
1350.34 -0.132
1350.62 -0.133
1350.88 -0.134
1351.12 -0.135
1351.34 -0.136
1351.55 -0.137
1351.75 -0.138
1351.92 -0.139
1352.08 -0.14
1352.23 -0.141
1352.36 -0.142
1352.47 -0.143
1352.57 -0.144
1352.66 -0.145
1352.72 -0.146
1352.77 -0.147
1352.8 -0.148
1352.82 -0.149
1352.82 -0.15
1352.81 -0.151
1352.79 -0.152
1352.76 -0.153
1352.71 -0.154
1352.65 -0.155
1352.58 -0.156
1352.51 -0.157
1352.42 -0.158
1352.32 -0.159
1352.21 -0.16
1352.09 -0.161
1351.96 -0.162
1351.81 -0.163
1351.65 -0.164
1351.48 -0.165
1351.3 -0.166
1351.11 -0.167
1350.9 -0.168
1350.68 -0.169
1350.46 -0.17
1350.22 -0.171
1349.96 -0.172
1349.69 -0.173
1349.42 -0.174
1349.14 -0.175
1348.85 -0.176
1348.55 -0.177
1348.25 -0.178
1347.94 -0.179
1347.62 -0.18
1347.3 -0.181
1346.97 -0.182
1346.63 -0.183
1346.29 -0.184
1345.94 -0.185
1345.59 -0.186
1345.22 -0.187
1344.84 -0.188
1344.46 -0.189
1344.07 -0.19
1343.68 -0.191
1343.29 -0.192
1342.89 -0.193
1342.5 -0.194
1342.09 -0.195
1341.68 -0.196
1341.27 -0.197
1340.85 -0.198
1340.43 -0.199
1340 -0.2
1339.57 -0.201
1339.14 -0.202
1338.71 -0.203
1338.27 -0.204
1337.84 -0.205
1337.39 -0.206
1336.95 -0.207
1336.51 -0.208
1336.06 -0.209
1335.61 -0.21
1335.16 -0.211
1334.71 -0.212
1334.25 -0.213
1333.8 -0.214
1333.34 -0.215
1332.88 -0.216
1332.42 -0.217
1331.96 -0.218
1331.49 -0.219
1331.03 -0.22
1330.56 -0.221
1330.1 -0.222
1329.63 -0.223
1329.16 -0.224
1328.69 -0.225
1328.22 -0.226
1327.75 -0.227
1327.28 -0.228
1326.81 -0.229
1326.33 -0.23
1325.86 -0.231
1325.39 -0.232
1324.91 -0.233
1324.44 -0.234
1323.96 -0.235
1323.49 -0.236
1323.01 -0.237
1322.54 -0.238
1322.06 -0.239
1321.59 -0.24
1321.11 -0.241
1320.63 -0.242
1320.16 -0.243
1319.68 -0.244
1319.21 -0.245
1318.73 -0.246
1318.26 -0.247
1317.78 -0.248
1317.31 -0.249
1316.84 -0.25
1316.36 -0.251
1315.89 -0.252
1315.41 -0.253
1314.94 -0.254
1314.47 -0.255
1314 -0.256
1313.52 -0.257
1313.05 -0.258
1312.58 -0.259
1312.11 -0.26
1311.64 -0.261
1311.17 -0.262
1310.7 -0.263
1310.23 -0.264
1309.76 -0.265
1309.29 -0.266
1308.83 -0.267
1308.36 -0.268
1307.89 -0.269
1307.43 -0.27
1306.96 -0.271
1306.5 -0.272
1306.03 -0.273
1305.57 -0.274
1305.11 -0.275
1304.65 -0.276
1304.19 -0.277
1303.73 -0.278
1303.27 -0.279
1302.81 -0.28
1302.35 -0.281
1301.9 -0.282
1301.44 -0.283
1300.98 -0.284
1300.53 -0.285
1300.08 -0.286
1299.63 -0.287
1299.17 -0.288
1298.72 -0.289
1298.27 -0.29
1297.83 -0.291
1297.38 -0.292
1296.93 -0.293
1296.49 -0.294
1296.04 -0.295
1295.6 -0.296
1295.16 -0.297
1294.71 -0.298
1294.27 -0.299
1293.83 -0.3
1293.4 -0.301
1292.96 -0.302
1292.52 -0.303
1292.09 -0.304
1291.65 -0.305
1291.22 -0.306
1290.79 -0.307
1290.36 -0.308
1289.93 -0.309
1289.5 -0.31
1289.07 -0.311
1288.65 -0.312
1288.22 -0.313
1287.8 -0.314
1287.37 -0.315
1286.95 -0.316
1286.53 -0.317
1286.11 -0.318
1285.7 -0.319
1285.28 -0.32
1284.86 -0.321
1284.45 -0.322
1284.04 -0.323
1283.63 -0.324
1283.22 -0.325
1282.81 -0.326
1282.4 -0.327
1282 -0.328
1281.59 -0.329
1281.19 -0.33
1280.78 -0.331
1280.38 -0.332
1279.98 -0.333
1279.59 -0.334
1279.19 -0.335
1278.79 -0.336
1278.4 -0.337
1278.01 -0.338
1277.62 -0.339
1277.23 -0.34
1276.84 -0.341
1276.45 -0.342
1276.06 -0.343
1275.68 -0.344
1275.3 -0.345
1274.92 -0.346
1274.54 -0.347
1274.16 -0.348
1273.78 -0.349
1273.4 -0.35
1273.03 -0.351
1272.66 -0.352
1272.29 -0.353
1271.92 -0.354
1271.55 -0.355
1271.18 -0.356
1270.82 -0.357
1270.45 -0.358
1270.09 -0.359
1269.73 -0.36
1269.37 -0.361
1269.01 -0.362
1268.66 -0.363
1268.31 -0.364
1267.95 -0.365
1267.61 -0.366
1267.26 -0.367
1266.92 -0.368
1266.58 -0.369
1266.24 -0.37
1265.9 -0.371
1265.56 -0.372
1265.23 -0.373
1264.89 -0.374
1264.56 -0.375
1264.24 -0.376
1263.91 -0.377
1263.59 -0.378
1263.26 -0.379
1262.94 -0.38
1262.63 -0.381
1262.31 -0.382
1262 -0.383
1261.69 -0.384
1261.38 -0.385
1261.07 -0.386
1260.76 -0.387
1260.45 -0.388
1260.15 -0.389
1259.84 -0.39
1259.54 -0.391
1259.24 -0.392
1258.94 -0.393
1258.65 -0.394
1258.35 -0.395
1258.06 -0.396
1257.76 -0.397
1257.47 -0.398
1257.18 -0.399
1256.89 -0.4
1256.6 -0.401
1256.31 -0.402
1256.03 -0.403
1255.75 -0.404
1255.46 -0.405
1255.19 -0.406
1254.91 -0.407
1254.63 -0.408
1254.36 -0.409
1254.09 -0.41
1253.81 -0.411
1253.54 -0.412
1253.27 -0.413
1253.01 -0.414
1252.74 -0.415
1252.48 -0.416
1252.22 -0.417
1251.95 -0.418
1251.69 -0.419
1251.44 -0.42
1251.18 -0.421
1250.92 -0.422
1250.67 -0.423
1250.42 -0.424
1250.17 -0.425
1249.93 -0.426
1249.68 -0.427
1249.44 -0.428
1249.2 -0.429
1248.96 -0.43
1248.72 -0.431
1248.48 -0.432
1248.25 -0.433
1248.01 -0.434
1247.78 -0.435
1247.54 -0.436
1247.31 -0.437
1247.08 -0.438
1246.85 -0.439
1246.63 -0.44
1246.4 -0.441
1246.18 -0.442
1245.96 -0.443
1245.75 -0.444
1245.53 -0.445
1245.32 -0.446
1245.11 -0.447
1244.9 -0.448
1244.69 -0.449
1244.49 -0.45
1244.28 -0.451
1244.07 -0.452
1243.87 -0.453
1243.67 -0.454
1243.46 -0.455
1243.27 -0.456
1243.07 -0.457
1242.88 -0.458
1242.69 -0.459
1242.5 -0.46
1242.31 -0.461
1242.13 -0.462
1241.94 -0.463
1241.77 -0.464
1241.59 -0.465
1241.41 -0.466
1241.23 -0.467
1241.05 -0.468
1240.87 -0.469
1240.69 -0.47
1240.52 -0.471
1240.34 -0.472
1240.17 -0.473
1240 -0.474
1239.83 -0.475
1239.67 -0.476
1239.5 -0.477
1239.34 -0.478
1239.18 -0.479
1239.02 -0.48
1238.87 -0.481
1238.72 -0.482
1238.56 -0.483
1238.41 -0.484
1238.26 -0.485
1238.11 -0.486
1237.97 -0.487
1237.82 -0.488
1237.68 -0.489
1237.54 -0.49
1237.41 -0.491
1237.27 -0.492
1237.14 -0.493
1237.01 -0.494
1236.88 -0.495
1236.75 -0.496
1236.62 -0.497
1236.5 -0.498
1236.38 -0.499
1236.26 -0.5
1236.13 -0.501
1236.01 -0.502
1235.89 -0.503
1235.78 -0.504
1235.66 -0.505
1235.55 -0.506
1235.44 -0.507
1235.33 -0.508
1235.23 -0.509
1235.12 -0.51
1235.02 -0.511
1234.92 -0.512
1234.82 -0.513
1234.73 -0.514
1234.63 -0.515
1234.54 -0.516
1234.45 -0.517
1234.36 -0.518
1234.27 -0.519
1234.19 -0.52
1234.1 -0.521
1234.02 -0.522
1233.94 -0.523
1233.86 -0.524
1233.78 -0.525
1233.71 -0.526
1233.64 -0.527
1233.57 -0.528
1233.5 -0.529
1233.44 -0.53
1233.37 -0.531
1233.32 -0.532
1233.26 -0.533
1233.2 -0.534
1233.15 -0.535
1233.09 -0.536
1233.04 -0.537
1232.99 -0.538
1232.94 -0.539
1232.9 -0.54
1232.85 -0.541
1232.81 -0.542
1232.77 -0.543
1232.72 -0.544
1232.68 -0.545
1232.64 -0.546
1232.61 -0.547
1232.57 -0.548
1232.54 -0.549
1232.51 -0.55
1232.49 -0.551
1232.46 -0.552
1232.44 -0.553
1232.42 -0.554
1232.4 -0.555
1232.39 -0.556
1232.37 -0.557
1232.35 -0.558
1232.33 -0.559
1232.31 -0.56
1232.29 -0.561
1232.28 -0.562
1232.26 -0.563
1232.25 -0.564
1232.24 -0.565
1232.23 -0.566
1232.23 -0.567
1232.23 -0.568
1232.23 -0.569
1232.22 -0.57
1232.22 -0.571
1232.22 -0.572
1232.21 -0.573
1232.21 -0.574
1232.22 -0.575
1232.22 -0.576
1232.23 -0.577
1232.24 -0.578
1232.25 -0.579
1232.26 -0.58
1232.28 -0.581
1232.29 -0.582
1232.3 -0.583
1232.31 -0.584
1232.33 -0.585
1232.34 -0.586
1232.36 -0.587
1232.38 -0.588
1232.4 -0.589
1232.43 -0.59
1232.46 -0.591
1232.48 -0.592
1232.51 -0.593
1232.53 -0.594
1232.56 -0.595
1232.58 -0.596
1232.61 -0.597
1232.64 -0.598
1232.67 -0.599
1232.71 -0.6
1232.75 -0.601
1232.79 -0.602
1232.82 -0.603
1232.86 -0.604
1232.89 -0.605
1232.92 -0.606
1232.95 -0.607
1232.99 -0.608
1233.03 -0.609
1233.07 -0.61
1233.11 -0.611
1233.16 -0.612
1233.2 -0.613
1233.25 -0.614
1233.29 -0.615
1233.34 -0.616
1233.38 -0.617
1233.43 -0.618
1233.48 -0.619
1233.53 -0.62
1233.59 -0.621
1233.65 -0.622
1233.71 -0.623
1233.77 -0.624
1233.83 -0.625
1233.9 -0.626
1233.96 -0.627
1234.03 -0.628
1234.1 -0.629
1234.17 -0.63
1234.24 -0.631
1234.32 -0.632
1234.4 -0.633
1234.48 -0.634
1234.55 -0.635
1234.63 -0.636
1234.71 -0.637
1234.8 -0.638
1234.88 -0.639
1234.97 -0.64
1235.06 -0.641
1235.15 -0.642
1235.24 -0.643
1235.33 -0.644
1235.43 -0.645
1235.53 -0.646
1235.63 -0.647
1235.73 -0.648
1235.83 -0.649
1235.94 -0.65
1236.04 -0.651
1236.15 -0.652
1236.25 -0.653
1236.37 -0.654
1236.48 -0.655
1236.59 -0.656
1236.71 -0.657
1236.83 -0.658
1236.95 -0.659
1237.07 -0.66
1237.2 -0.661
1237.33 -0.662
1237.46 -0.663
1237.59 -0.664
1237.73 -0.665
1237.87 -0.666
1238.01 -0.667
1238.15 -0.668
1238.3 -0.669
1238.44 -0.67
1238.6 -0.671
1238.75 -0.672
1238.91 -0.673
1239.06 -0.674
1239.22 -0.675
1239.38 -0.676
1239.54 -0.677
1239.71 -0.678
1239.87 -0.679
1240.05 -0.68
1240.22 -0.681
1240.39 -0.682
1240.56 -0.683
1240.74 -0.684
1240.92 -0.685
1241.1 -0.686
1241.29 -0.687
1241.48 -0.688
1241.66 -0.689
1241.85 -0.69
1242.04 -0.691
1242.24 -0.692
1242.43 -0.693
1242.64 -0.694
1242.84 -0.695
1243.04 -0.696
1243.24 -0.697
1243.45 -0.698
1243.66 -0.699
1243.87 -0.7
1244.09 -0.701
1244.3 -0.702
1244.51 -0.703
1244.73 -0.704
1244.94 -0.705
1245.16 -0.706
1245.39 -0.707
1245.62 -0.708
1245.84 -0.709
1246.06 -0.71
1246.29 -0.711
1246.51 -0.712
1246.74 -0.713
1246.97 -0.714
1247.2 -0.715
1247.44 -0.716
1247.68 -0.717
1247.92 -0.718
1248.16 -0.719
1248.41 -0.72
1248.65 -0.721
1248.9 -0.722
1249.16 -0.723
1249.41 -0.724
1249.67 -0.725
1249.93 -0.726
1250.19 -0.727
1250.45 -0.728
1250.72 -0.729
1250.98 -0.73
1251.26 -0.731
1251.53 -0.732
1251.81 -0.733
1252.08 -0.734
1252.36 -0.735
1252.64 -0.736
1252.93 -0.737
1253.22 -0.738
1253.51 -0.739
1253.8 -0.74
1254.09 -0.741
1254.39 -0.742
1254.69 -0.743
1254.99 -0.744
1255.29 -0.745
1255.6 -0.746
1255.91 -0.747
1256.23 -0.748
1256.54 -0.749
1256.86 -0.75
1257.19 -0.751
1257.51 -0.752
1257.84 -0.753
1258.18 -0.754
1258.52 -0.755
1258.86 -0.756
1259.2 -0.757
1259.55 -0.758
1259.91 -0.759
1260.26 -0.76
1260.62 -0.761
1260.99 -0.762
1261.36 -0.763
1261.73 -0.764
1262.11 -0.765
1262.49 -0.766
1262.87 -0.767
1263.26 -0.768
1263.65 -0.769
1264.05 -0.77
1264.45 -0.771
1264.85 -0.772
1265.26 -0.773
1265.68 -0.774
1266.09 -0.775
1266.51 -0.776
1266.94 -0.777
1267.37 -0.778
1267.8 -0.779
1268.24 -0.78
1268.68 -0.781
1269.12 -0.782
1269.57 -0.783
1270.03 -0.784
1270.48 -0.785
1270.94 -0.786
1271.41 -0.787
1271.87 -0.788
1272.34 -0.789
1272.82 -0.79
1273.3 -0.791
1273.78 -0.792
1274.26 -0.793
1274.75 -0.794
1275.24 -0.795
1275.73 -0.796
1276.22 -0.797
1276.72 -0.798
1277.21 -0.799
1277.72 -0.8
1278.21 -0.801
1278.72 -0.802
1279.22 -0.803
1279.73 -0.804
1280.24 -0.805
1280.75 -0.806
1281.26 -0.807
1281.78 -0.808
1282.3 -0.809
1282.82 -0.81
1283.34 -0.811
1283.87 -0.812
1284.39 -0.813
1284.92 -0.814
1285.45 -0.815
1285.98 -0.816
1286.51 -0.817
1287.05 -0.818
1287.58 -0.819
1288.12 -0.82
1288.66 -0.821
1289.2 -0.822
1289.75 -0.823
1290.3 -0.824
1290.86 -0.825
1291.42 -0.826
1291.98 -0.827
1292.54 -0.828
1293.11 -0.829
1293.69 -0.83
1294.26 -0.831
1294.85 -0.832
1295.43 -0.833
1296.02 -0.834
1296.62 -0.835
1297.21 -0.836
1297.82 -0.837
1298.42 -0.838
1299.04 -0.839
1299.65 -0.84
1300.27 -0.841
1300.89 -0.842
1301.52 -0.843
1302.15 -0.844
1302.78 -0.845
1303.42 -0.846
1304.06 -0.847
1304.71 -0.848
1305.36 -0.849
1306.01 -0.85
1306.67 -0.851
1307.33 -0.852
1308 -0.853
1308.67 -0.854
1309.34 -0.855
1310.02 -0.856
1310.7 -0.857
1311.39 -0.858
1312.08 -0.859
1312.78 -0.86
1313.48 -0.861
1314.18 -0.862
1314.89 -0.863
1315.6 -0.864
1316.32 -0.865
1317.04 -0.866
1317.77 -0.867
1318.49 -0.868
1319.22 -0.869
1319.96 -0.87
1320.69 -0.871
1321.43 -0.872
1322.18 -0.873
1322.93 -0.874
1323.67 -0.875
1324.43 -0.876
1325.19 -0.877
1325.95 -0.878
1326.71 -0.879
1327.48 -0.88
1328.25 -0.881
1329.02 -0.882
1329.8 -0.883
1330.57 -0.884
1331.36 -0.885
1332.14 -0.886
1332.93 -0.887
1333.72 -0.888
1334.52 -0.889
1335.32 -0.89
1336.12 -0.891
1336.93 -0.892
1337.75 -0.893
1338.56 -0.894
1339.39 -0.895
1340.21 -0.896
1341.05 -0.897
1341.88 -0.898
1342.72 -0.899
1343.57 -0.9
1344.42 -0.901
1345.27 -0.902
1346.13 -0.903
1346.99 -0.904
1347.86 -0.905
1348.73 -0.906
1349.6 -0.907
1350.48 -0.908
1351.36 -0.909
1352.24 -0.91
1353.13 -0.911
1354.02 -0.912
1354.91 -0.913
1355.81 -0.914
1356.71 -0.915
1357.62 -0.916
1358.53 -0.917
1359.44 -0.918
1360.36 -0.919
1361.28 -0.92
1362.21 -0.921
1363.14 -0.922
1364.07 -0.923
1365.01 -0.924
1365.96 -0.925
1366.91 -0.926
1367.86 -0.927
1368.82 -0.928
1369.79 -0.929
1370.76 -0.93
1371.73 -0.931
1372.71 -0.932
1373.69 -0.933
1374.68 -0.934
1375.67 -0.935
1376.66 -0.936
1377.66 -0.937
1378.67 -0.938
1379.68 -0.939
1380.69 -0.94
1381.71 -0.941
1382.73 -0.942
1383.75 -0.943
1384.78 -0.944
1385.82 -0.945
1386.86 -0.946
1387.9 -0.947
1388.95 -0.948
1390 -0.949
1391.06 -0.95
1392.12 -0.951
1393.18 -0.952
1394.25 -0.953
1395.32 -0.954
1396.39 -0.955
1397.47 -0.956
1398.55 -0.957
1399.63 -0.958
1400.71 -0.959
1401.81 -0.96
1402.9 -0.961
1404 -0.962
1405.11 -0.963
1406.21 -0.964
1407.32 -0.965
1408.44 -0.966
1409.56 -0.967
1410.68 -0.968
1411.81 -0.969
1412.95 -0.97
1414.09 -0.971
1415.23 -0.972
1416.38 -0.973
1417.53 -0.974
1418.69 -0.975
1419.85 -0.976
1421.02 -0.977
1422.19 -0.978
1423.36 -0.979
1424.53 -0.98
1425.71 -0.981
1426.89 -0.982
1428.08 -0.983
1429.27 -0.984
1430.47 -0.985
1431.67 -0.986
1432.88 -0.987
1434.09 -0.988
1435.3 -0.989
1436.51 -0.99
1437.72 -0.991
1438.94 -0.992
1440.15 -0.993
1441.38 -0.994
1442.6 -0.995
1443.83 -0.996
1445.06 -0.997
1446.3 -0.998
1447.54 -0.999
1448.78 -1
1450.03 -1.001
1451.29 -1.002
1452.54 -1.003
1453.8 -1.004
1455.05 -1.005
1456.32 -1.006
1457.58 -1.007
1458.85 -1.008
1460.13 -1.009
1461.41 -1.01
1462.7 -1.011
1463.99 -1.012
1465.29 -1.013
1466.59 -1.014
1467.9 -1.015
1469.21 -1.016
1470.52 -1.017
1471.83 -1.018
1473.14 -1.019
1474.45 -1.02
1475.77 -1.021
1477.09 -1.022
1478.42 -1.023
1479.75 -1.024
1481.08 -1.025
1482.42 -1.026
1483.76 -1.027
1485.1 -1.028
1486.44 -1.029
1487.78 -1.03
1489.13 -1.031
1490.47 -1.032
1491.82 -1.033
1493.18 -1.034
1494.53 -1.035
1495.89 -1.036
1497.26 -1.037
1498.63 -1.038
1499.99 -1.039
1501.37 -1.04
1502.74 -1.041
1504.12 -1.042
1505.5 -1.043
1506.89 -1.044
1508.28 -1.045
1509.67 -1.046
1511.07 -1.047
1512.46 -1.048
1513.86 -1.049
1515.27 -1.05
1516.67 -1.051
1518.08 -1.052
1519.49 -1.053
1520.91 -1.054
1522.33 -1.055
1523.76 -1.056
1525.18 -1.057
1526.61 -1.058
1528.04 -1.059
1529.47 -1.06
1530.9 -1.061
1532.34 -1.062
1533.78 -1.063
1535.22 -1.064
1536.66 -1.065
1538.1 -1.066
1539.54 -1.067
1540.99 -1.068
1542.44 -1.069
1543.89 -1.07
1545.34 -1.071
1546.8 -1.072
1548.27 -1.073
1549.73 -1.074
1551.2 -1.075
1552.67 -1.076
1554.15 -1.077
1555.63 -1.078
1557.11 -1.079
1558.6 -1.08
1560.09 -1.081
1561.59 -1.082
1563.1 -1.083
1564.6 -1.084
1566.12 -1.085
1567.64 -1.086
1569.16 -1.087
1570.69 -1.088
1572.22 -1.089
1573.76 -1.09
1575.3 -1.091
1576.85 -1.092
1578.4 -1.093
1579.96 -1.094
1581.52 -1.095
1583.09 -1.096
1584.66 -1.097
1586.22 -1.098
1587.78 -1.099
1589.33 -1.1
1590.88 -1.101
1592.42 -1.102
1593.96 -1.103
1595.5 -1.104
1597.03 -1.105
1598.55 -1.106
1600.07 -1.107
1601.59 -1.108
1603.11 -1.109
1604.63 -1.11
1606.13 -1.111
1607.63 -1.112
1609.13 -1.113
1610.63 -1.114
1612.12 -1.115
1613.61 -1.116
1615.1 -1.117
1616.6 -1.118
1618.1 -1.119
1619.6 -1.12
1621.11 -1.121
1622.62 -1.122
1624.13 -1.123
1625.62 -1.124
1627.09 -1.125
1628.57 -1.126
1630.04 -1.127
1631.52 -1.128
1632.99 -1.129
1634.47 -1.13
1635.95 -1.131
1637.43 -1.132
1638.92 -1.133
1640.41 -1.134
1641.9 -1.135
1643.39 -1.136
1644.88 -1.137
1646.37 -1.138
1647.86 -1.139
1649.35 -1.14
1650.85 -1.141
1652.35 -1.142
1653.85 -1.143
1655.36 -1.144
1656.87 -1.145
1658.39 -1.146
1659.91 -1.147
1661.43 -1.148
1662.96 -1.149
1664.49 -1.15
1666.02 -1.151
1667.56 -1.152
1669.11 -1.153
1670.65 -1.154
1672.2 -1.155
1673.76 -1.156
1675.32 -1.157
1676.88 -1.158
1678.44 -1.159
1680.03 -1.16
1681.68 -1.161
1683.36 -1.162
1685.06 -1.163
1686.76 -1.164
1688.47 -1.165
1690.17 -1.166
1691.89 -1.167
1693.6 -1.168
1695.32 -1.169
1697.05 -1.17
1698.78 -1.171
1700.51 -1.172
1702.25 -1.173
1703.99 -1.174
1705.74 -1.175
1707.49 -1.176
1709.22 -1.177
1710.91 -1.178
1712.6 -1.179
1714.29 -1.18
1715.99 -1.181
1717.69 -1.182
1719.4 -1.183
1721.11 -1.184
1722.83 -1.185
1724.55 -1.186
1726.27 -1.187
1728 -1.188
1729.74 -1.189
1731.47 -1.19
1733.22 -1.191
1734.96 -1.192
1736.71 -1.193
1738.47 -1.194
1740.24 -1.195
1742.1 -1.196
1743.98 -1.197
1745.87 -1.198
1747.78 -1.199
1749.69 -1.2
1751.61 -1.201
1753.54 -1.202
1755.46 -1.203
1757.4 -1.204
1759.34 -1.205
1761.28 -1.206
1763.23 -1.207
1765.18 -1.208
1767.14 -1.209
1769.1 -1.21
1771.07 -1.211
1773.04 -1.212
1775.01 -1.213
1776.93 -1.214
1778.84 -1.215
1780.76 -1.216
1782.68 -1.217
1784.61 -1.218
1786.54 -1.219
1788.48 -1.22
1790.42 -1.221
1792.37 -1.222
1794.3 -1.223
1796.19 -1.224
1798.09 -1.225
1799.99 -1.226
1801.9 -1.227
1803.81 -1.228
1805.73 -1.229
1807.65 -1.23
1809.58 -1.231
1811.51 -1.232
1813.44 -1.233
1815.32 -1.234
1817.2 -1.235
1819.09 -1.236
1820.98 -1.237
1822.87 -1.238
1824.77 -1.239
1826.68 -1.24
1828.59 -1.241
1830.51 -1.242
1832.43 -1.243
1834.36 -1.244
1836.3 -1.245
1838.24 -1.246
1840.18 -1.247
1842.13 -1.248
1844.09 -1.249
1846.05 -1.25
1848.02 -1.251
1850 -1.252
1851.98 -1.253
1853.96 -1.254
1855.95 -1.255
1857.95 -1.256
1859.95 -1.257
1861.96 -1.258
1863.97 -1.259
1865.99 -1.26
1868.02 -1.261
1870.05 -1.262
1872.08 -1.263
1874.12 -1.264
1876.17 -1.265
1878.23 -1.266
1880.29 -1.267
1882.33 -1.268
1884.35 -1.269
1886.32 -1.27
1888.3 -1.271
1890.28 -1.272
1892.27 -1.273
1894.26 -1.274
1896.25 -1.275
1898.26 -1.276
1900.26 -1.277
1902.27 -1.278
1904.29 -1.279
1906.31 -1.28
1908.34 -1.281
1910.38 -1.282
1912.42 -1.283
1914.46 -1.284
1916.51 -1.285
1918.56 -1.286
1920.62 -1.287
1922.68 -1.288
1924.72 -1.289
1926.74 -1.29
1928.75 -1.291
1930.73 -1.292
1932.71 -1.293
1934.7 -1.294
1936.7 -1.295
1938.7 -1.296
1940.7 -1.297
1942.71 -1.298
1944.72 -1.299
1946.74 -1.3
1948.77 -1.301
1950.79 -1.302
1952.83 -1.303
1954.87 -1.304
1956.91 -1.305
1958.96 -1.306
1961.01 -1.307
1963.07 -1.308
1965.13 -1.309
1967.2 -1.31
1969.27 -1.311
1971.35 -1.312
1973.43 -1.313
1975.52 -1.314
1977.62 -1.315
1979.71 -1.316
1981.82 -1.317
1983.93 -1.318
1986.04 -1.319
1988.16 -1.32
1990.28 -1.321
1992.41 -1.322
1994.54 -1.323
1996.68 -1.324
1998.82 -1.325
2000.97 -1.326
2003.13 -1.327
2005.28 -1.328
2007.44 -1.329
2009.61 -1.33
2011.78 -1.331
2013.95 -1.332
2016.12 -1.333
2018.3 -1.334
2020.49 -1.335
2022.67 -1.336
2024.86 -1.337
2027.06 -1.338
2029.26 -1.339
2031.46 -1.34
2033.66 -1.341
2035.88 -1.342
2038.09 -1.343
2040.31 -1.344
2042.53 -1.345
2044.75 -1.346
2046.99 -1.347
2049.22 -1.348
2051.46 -1.349
2053.7 -1.35
2055.94 -1.351
2058.18 -1.352
2060.42 -1.353
2062.56 -1.354
2064.62 -1.355
2066.49 -1.356
2068.31 -1.357
2070.06 -1.358
2071.76 -1.359
2073.12 -1.36
2074.24 -1.361
2075.34 -1.362
2076.43 -1.363
2077.52 -1.364
2078.61 -1.365
2079.69 -1.366
2080.78 -1.367
2081.87 -1.368
2082.96 -1.369
2084.05 -1.37
2085.13 -1.371
2086.22 -1.372
2087.31 -1.373
2088.39 -1.374
2089.48 -1.375
2090.57 -1.376
2091.65 -1.377
2092.74 -1.378
2093.82 -1.379
2094.91 -1.38
2095.99 -1.381
2097.08 -1.382
2098.16 -1.383
2099.24 -1.384
2100.33 -1.385
2101.41 -1.386
2102.49 -1.387
2103.58 -1.388
2104.66 -1.389
2105.75 -1.39
2106.83 -1.391
2107.91 -1.392
2109 -1.393
2110.08 -1.394
2111.17 -1.395
2112.25 -1.396
2113.34 -1.397
2114.42 -1.398
2115.51 -1.399
2116.59 -1.4
2117.68 -1.401
2118.76 -1.402
2119.85 -1.403
2120.93 -1.404
2122.02 -1.405
2123.11 -1.406
2124.19 -1.407
2125.28 -1.408
2126.36 -1.409
2127.45 -1.41
2128.54 -1.411
2129.63 -1.412
2130.71 -1.413
2131.8 -1.414
2132.89 -1.415
2133.97 -1.416
2135.06 -1.417
2136.15 -1.418
2137.24 -1.419
2138.33 -1.42
2139.41 -1.421
2140.5 -1.422
2141.59 -1.423
2142.68 -1.424
2143.77 -1.425
2144.86 -1.426
2145.95 -1.427
2147.03 -1.428
2148.12 -1.429
2149.21 -1.43
2150.3 -1.431
2151.39 -1.432
2152.48 -1.433
2153.57 -1.434
2154.66 -1.435
2155.75 -1.436
2156.84 -1.437
2157.93 -1.438
2159.02 -1.439
2160.11 -1.44
2161.2 -1.441
2162.29 -1.442
2163.38 -1.443
2164.47 -1.444
2165.56 -1.445
2166.66 -1.446
2167.75 -1.447
2168.84 -1.448
2169.93 -1.449
2171.02 -1.45
2172.11 -1.451
2173.2 -1.452
2174.3 -1.453
2175.39 -1.454
2176.48 -1.455
2177.57 -1.456
2178.67 -1.457
2179.76 -1.458
2180.85 -1.459
2181.94 -1.46
2183.04 -1.461
2184.13 -1.462
2185.22 -1.463
2186.31 -1.464
2187.41 -1.465
2188.5 -1.466
2189.59 -1.467
2190.69 -1.468
2191.78 -1.469
2192.87 -1.47
2193.96 -1.471
2195.06 -1.472
2196.15 -1.473
2197.25 -1.474
2198.34 -1.475
2199.43 -1.476
2200.53 -1.477
2201.62 -1.478
2202.72 -1.479
2203.81 -1.48
2204.91 -1.481
2206 -1.482
2207.1 -1.483
2208.19 -1.484
2209.29 -1.485
2210.38 -1.486
2211.48 -1.487
2212.57 -1.488
2213.67 -1.489
2214.76 -1.49
2215.86 -1.491
2216.95 -1.492
2218.05 -1.493
2219.14 -1.494
2220.24 -1.495
2221.34 -1.496
2222.43 -1.497
2223.53 -1.498
2224.63 -1.499
2225.72 -1.5
2226.82 -1.501
2227.92 -1.502
2229.01 -1.503
2230.11 -1.504
2231.21 -1.505
2232.31 -1.506
2233.4 -1.507
2234.5 -1.508
2235.6 -1.509
2236.7 -1.51
2237.79 -1.511
2238.89 -1.512
2239.99 -1.513
2241.09 -1.514
2242.18 -1.515
2243.28 -1.516
2244.38 -1.517
2245.47 -1.518
2246.56 -1.519
2247.63 -1.52
2248.67 -1.521
2249.68 -1.522
2250.67 -1.523
2251.67 -1.524
2252.66 -1.525
2253.66 -1.526
2254.66 -1.527
2255.65 -1.528
2256.75 -1.529
2257.94 -1.53
2259.19 -1.531
2260.4 -1.532
2261.57 -1.533
2262.74 -1.534
2263.91 -1.535
2265.07 -1.536
2266.19 -1.537
2267.29 -1.538
2268.39 -1.539
2269.49 -1.54
2270.6 -1.541
2271.7 -1.542
2272.8 -1.543
2273.91 -1.544
2275.01 -1.545
2276.11 -1.546
2277.22 -1.547
2278.32 -1.548
2279.42 -1.549
2280.53 -1.55
2281.63 -1.551
2282.74 -1.552
2283.84 -1.553
2284.95 -1.554
2286.05 -1.555
2287.16 -1.556
2288.26 -1.557
2289.37 -1.558
2290.47 -1.559
2291.58 -1.56
2292.68 -1.561
2293.79 -1.562
2294.9 -1.563
2296 -1.564
2297.11 -1.565
2298.22 -1.566
2299.32 -1.567
2300.43 -1.568
2301.54 -1.569
2302.64 -1.57
2303.75 -1.571
2304.86 -1.572
2305.96 -1.573
2307.07 -1.574
2308.18 -1.575
2309.29 -1.576
2310.4 -1.577
2311.5 -1.578
2312.61 -1.579
2313.72 -1.58
2314.83 -1.581
2315.94 -1.582
2317.05 -1.583
2318.16 -1.584
2319.27 -1.585
2320.38 -1.586
2321.49 -1.587
2322.6 -1.588
2323.71 -1.589
2324.82 -1.59
2325.93 -1.591
2327.04 -1.592
2328.15 -1.593
2329.26 -1.594
2330.37 -1.595
2331.48 -1.596
2332.59 -1.597
2333.7 -1.598
2334.81 -1.599
2335.92 -1.6
