13.1351 -0.001
26.2469 -0.002
39.3351 -0.003
52.3994 -0.004
65.4396 -0.005
78.4554 -0.006
91.4464 -0.007
104.412 -0.008
117.353 -0.009
130.268 -0.01
143.157 -0.011
156.02 -0.012
168.856 -0.013
181.665 -0.014
194.446 -0.015
207.2 -0.016
219.925 -0.017
232.622 -0.018
245.29 -0.019
257.929 -0.02
270.537 -0.021
283.115 -0.022
295.663 -0.023
308.179 -0.024
320.663 -0.025
333.086 -0.026
344.912 -0.027
355.304 -0.028
363.678 -0.029
371.573 -0.03
378.102 -0.031
382.472 -0.032
386.385 -0.033
389.552 -0.034
392.531 -0.035
395.444 -0.036
398.348 -0.037
401.159 -0.038
403.932 -0.039
406.687 -0.04
409.429 -0.041
412.144 -0.042
414.849 -0.043
417.52 -0.044
420.179 -0.045
422.823 -0.046
425.453 -0.047
428.076 -0.048
430.688 -0.049
433.274 -0.05
435.852 -0.051
438.42 -0.052
440.977 -0.053
443.514 -0.054
446.025 -0.055
448.528 -0.056
451.022 -0.057
453.506 -0.058
455.98 -0.059
458.425 -0.06
460.859 -0.061
463.284 -0.062
465.681 -0.063
468.008 -0.064
470.192 -0.065
472.231 -0.066
474.062 -0.067
475.65 -0.068
477.06 -0.069
478.084 -0.07
478.644 -0.071
479.18 -0.072
479.708 -0.073
480.229 -0.074
480.744 -0.075
481.251 -0.076
481.748 -0.077
482.232 -0.078
482.706 -0.079
483.164 -0.08
483.606 -0.081
484.032 -0.082
484.447 -0.083
484.855 -0.084
485.254 -0.085
485.641 -0.086
486.017 -0.087
486.383 -0.088
486.74 -0.089
487.09 -0.09
487.433 -0.091
487.768 -0.092
488.096 -0.093
488.418 -0.094
488.731 -0.095
489.036 -0.096
489.333 -0.097
489.622 -0.098
489.904 -0.099
490.182 -0.1
490.457 -0.101
490.727 -0.102
490.995 -0.103
491.262 -0.104
491.527 -0.105
491.79 -0.106
492.051 -0.107
492.311 -0.108
492.569 -0.109
492.825 -0.11
493.08 -0.111
493.333 -0.112
493.585 -0.113
493.836 -0.114
494.085 -0.115
494.333 -0.116
494.58 -0.117
494.824 -0.118
495.065 -0.119
495.305 -0.12
495.541 -0.121
495.774 -0.122
496.005 -0.123
496.235 -0.124
496.463 -0.125
496.69 -0.126
496.914 -0.127
497.137 -0.128
497.358 -0.129
497.576 -0.13
497.792 -0.131
497.999 -0.132
498.201 -0.133
498.402 -0.134
498.6 -0.135
498.796 -0.136
498.99 -0.137
499.184 -0.138
499.374 -0.139
499.557 -0.14
499.737 -0.141
499.914 -0.142
500.087 -0.143
500.258 -0.144
500.424 -0.145
500.588 -0.146
500.749 -0.147
500.905 -0.148
501.061 -0.149
501.215 -0.15
501.368 -0.151
501.519 -0.152
501.668 -0.153
501.817 -0.154
501.962 -0.155
502.099 -0.156
502.235 -0.157
502.369 -0.158
502.503 -0.159
502.636 -0.16
502.768 -0.161
502.899 -0.162
503.029 -0.163
503.157 -0.164
503.283 -0.165
503.408 -0.166
503.531 -0.167
503.652 -0.168
503.772 -0.169
503.891 -0.17
504.006 -0.171
504.119 -0.172
504.231 -0.173
504.342 -0.174
504.45 -0.175
504.557 -0.176
504.663 -0.177
504.768 -0.178
504.872 -0.179
504.975 -0.18
505.078 -0.181
505.179 -0.182
505.28 -0.183
505.38 -0.184
505.479 -0.185
505.577 -0.186
505.674 -0.187
505.771 -0.188
505.867 -0.189
505.962 -0.19
506.056 -0.191
506.149 -0.192
506.242 -0.193
506.334 -0.194
506.425 -0.195
506.515 -0.196
506.605 -0.197
506.694 -0.198
506.781 -0.199
506.867 -0.2
506.953 -0.201
507.038 -0.202
507.121 -0.203
507.204 -0.204
507.287 -0.205
507.368 -0.206
507.448 -0.207
507.528 -0.208
507.607 -0.209
507.686 -0.21
507.763 -0.211
507.84 -0.212
507.916 -0.213
507.992 -0.214
508.067 -0.215
508.141 -0.216
508.214 -0.217
508.286 -0.218
508.358 -0.219
508.427 -0.22
508.495 -0.221
508.562 -0.222
508.628 -0.223
508.693 -0.224
508.758 -0.225
508.822 -0.226
508.886 -0.227
508.948 -0.228
509.01 -0.229
509.072 -0.23
509.132 -0.231
509.192 -0.232
509.252 -0.233
509.31 -0.234
509.368 -0.235
509.425 -0.236
509.481 -0.237
509.537 -0.238
509.592 -0.239
509.646 -0.24
509.7 -0.241
509.754 -0.242
509.806 -0.243
509.857 -0.244
509.908 -0.245
509.958 -0.246
510.007 -0.247
510.056 -0.248
510.104 -0.249
510.152 -0.25
510.198 -0.251
510.244 -0.252
510.289 -0.253
510.333 -0.254
510.377 -0.255
510.419 -0.256
510.461 -0.257
510.503 -0.258
510.543 -0.259
510.581 -0.26
510.619 -0.261
510.656 -0.262
510.692 -0.263
510.728 -0.264
510.762 -0.265
510.796 -0.266
510.83 -0.267
510.863 -0.268
510.895 -0.269
510.927 -0.27
510.958 -0.271
510.989 -0.272
511.019 -0.273
511.048 -0.274
511.076 -0.275
511.103 -0.276
511.129 -0.277
511.153 -0.278
511.176 -0.279
511.197 -0.28
511.218 -0.281
511.237 -0.282
511.256 -0.283
511.274 -0.284
511.292 -0.285
511.309 -0.286
511.325 -0.287
511.34 -0.288
511.355 -0.289
511.369 -0.29
511.382 -0.291
511.394 -0.292
511.406 -0.293
511.416 -0.294
511.425 -0.295
511.433 -0.296
511.44 -0.297
511.445 -0.298
511.448 -0.299
511.448 -0.3
511.444 -0.301
511.432 -0.302
511.407 -0.303
511.359 -0.304
511.278 -0.305
511.175 -0.306
511.07 -0.307
511.001 -0.308
511.011 -0.309
511.019 -0.31
510.967 -0.311
510.907 -0.312
510.848 -0.313
510.835 -0.314
510.927 -0.315
510.986 -0.316
511.039 -0.317
511.092 -0.318
511.131 -0.319
511.138 -0.32
511.145 -0.321
511.151 -0.322
511.157 -0.323
511.162 -0.324
511.167 -0.325
511.171 -0.326
511.175 -0.327
511.179 -0.328
511.183 -0.329
511.187 -0.33
511.189 -0.331
511.191 -0.332
511.193 -0.333
511.193 -0.334
511.194 -0.335
511.193 -0.336
511.192 -0.337
511.191 -0.338
511.189 -0.339
511.186 -0.34
511.184 -0.341
511.181 -0.342
511.177 -0.343
511.173 -0.344
511.169 -0.345
511.165 -0.346
511.16 -0.347
511.155 -0.348
511.149 -0.349
511.143 -0.35
511.137 -0.351
511.131 -0.352
511.124 -0.353
511.117 -0.354
511.11 -0.355
511.102 -0.356
511.094 -0.357
511.085 -0.358
511.075 -0.359
511.065 -0.36
511.054 -0.361
511.042 -0.362
511.028 -0.363
511.013 -0.364
510.996 -0.365
510.977 -0.366
510.954 -0.367
510.923 -0.368
510.886 -0.369
510.859 -0.37
510.822 -0.371
510.788 -0.372
510.771 -0.373
510.758 -0.374
510.746 -0.375
510.735 -0.376
510.724 -0.377
510.711 -0.378
510.698 -0.379
510.684 -0.38
510.668 -0.381
510.65 -0.382
510.631 -0.383
510.611 -0.384
510.59 -0.385
510.567 -0.386
510.543 -0.387
510.517 -0.388
510.488 -0.389
510.457 -0.39
510.421 -0.391
510.378 -0.392
510.328 -0.393
510.269 -0.394
510.199 -0.395
510.117 -0.396
510.037 -0.397
509.981 -0.398
509.914 -0.399
509.874 -0.4
509.826 -0.401
509.801 -0.402
509.773 -0.403
509.764 -0.404
509.754 -0.405
509.754 -0.406
509.743 -0.407
509.726 -0.408
509.711 -0.409
509.696 -0.41
509.681 -0.411
509.666 -0.412
509.65 -0.413
509.635 -0.414
509.618 -0.415
509.602 -0.416
509.585 -0.417
509.569 -0.418
509.551 -0.419
509.533 -0.42
509.515 -0.421
509.497 -0.422
509.477 -0.423
509.457 -0.424
509.436 -0.425
509.413 -0.426
509.39 -0.427
509.367 -0.428
509.342 -0.429
509.317 -0.43
509.29 -0.431
509.262 -0.432
509.231 -0.433
509.199 -0.434
509.163 -0.435
509.122 -0.436
509.071 -0.437
509.008 -0.438
508.929 -0.439
508.829 -0.44
508.701 -0.441
508.551 -0.442
508.482 -0.443
508.431 -0.444
508.403 -0.445
508.397 -0.446
508.404 -0.447
508.428 -0.448
508.456 -0.449
508.467 -0.45
508.462 -0.451
508.457 -0.452
508.452 -0.453
508.447 -0.454
508.444 -0.455
508.442 -0.456
508.439 -0.457
508.437 -0.458
508.435 -0.459
508.433 -0.46
508.431 -0.461
508.43 -0.462
508.428 -0.463
508.427 -0.464
508.425 -0.465
508.424 -0.466
508.423 -0.467
508.423 -0.468
508.422 -0.469
508.422 -0.47
508.422 -0.471
508.422 -0.472
508.422 -0.473
508.422 -0.474
508.423 -0.475
508.423 -0.476
508.424 -0.477
508.425 -0.478
508.426 -0.479
508.428 -0.48
508.429 -0.481
508.43 -0.482
508.432 -0.483
508.434 -0.484
508.436 -0.485
508.438 -0.486
508.44 -0.487
508.442 -0.488
508.444 -0.489
508.447 -0.49
508.449 -0.491
508.452 -0.492
508.455 -0.493
508.458 -0.494
508.462 -0.495
508.465 -0.496
508.469 -0.497
508.473 -0.498
508.476 -0.499
508.482 -0.5
508.489 -0.501
508.498 -0.502
508.51 -0.503
508.523 -0.504
508.538 -0.505
508.554 -0.506
508.571 -0.507
508.587 -0.508
508.604 -0.509
508.621 -0.51
508.639 -0.511
508.656 -0.512
508.674 -0.513
508.692 -0.514
508.711 -0.515
508.729 -0.516
508.748 -0.517
508.767 -0.518
508.786 -0.519
508.806 -0.52
508.825 -0.521
508.845 -0.522
508.865 -0.523
508.886 -0.524
508.906 -0.525
508.927 -0.526
508.948 -0.527
508.97 -0.528
508.991 -0.529
509.013 -0.53
509.036 -0.531
509.06 -0.532
509.084 -0.533
509.109 -0.534
509.134 -0.535
509.159 -0.536
509.184 -0.537
509.209 -0.538
509.234 -0.539
509.259 -0.54
509.284 -0.541
509.309 -0.542
509.334 -0.543
509.359 -0.544
509.384 -0.545
509.408 -0.546
509.432 -0.547
509.455 -0.548
509.477 -0.549
509.498 -0.55
509.517 -0.551
509.532 -0.552
509.541 -0.553
509.538 -0.554
509.522 -0.555
509.49 -0.556
509.438 -0.557
509.365 -0.558
509.268 -0.559
509.147 -0.56
509.009 -0.561
508.864 -0.562
508.725 -0.563
508.61 -0.564
508.532 -0.565
508.483 -0.566
508.451 -0.567
508.422 -0.568
508.393 -0.569
508.365 -0.57
508.337 -0.571
508.309 -0.572
508.282 -0.573
508.255 -0.574
508.229 -0.575
508.203 -0.576
508.178 -0.577
508.153 -0.578
508.129 -0.579
508.105 -0.58
508.082 -0.581
508.059 -0.582
508.036 -0.583
508.014 -0.584
507.993 -0.585
507.969 -0.586
507.938 -0.587
507.9 -0.588
507.86 -0.589
507.819 -0.59
507.786 -0.591
507.763 -0.592
507.749 -0.593
507.744 -0.594
507.743 -0.595
507.754 -0.596
507.793 -0.597
507.844 -0.598
507.898 -0.599
507.963 -0.6
508.031 -0.601
508.107 -0.602
508.186 -0.603
508.273 -0.604
508.365 -0.605
508.46 -0.606
508.562 -0.607
508.665 -0.608
508.768 -0.609
508.872 -0.61
508.976 -0.611
509.08 -0.612
509.185 -0.613
509.29 -0.614
509.395 -0.615
509.5 -0.616
509.606 -0.617
509.712 -0.618
509.817 -0.619
509.923 -0.62
510.029 -0.621
510.135 -0.622
510.241 -0.623
510.347 -0.624
510.454 -0.625
510.561 -0.626
510.668 -0.627
510.775 -0.628
510.883 -0.629
510.991 -0.63
511.098 -0.631
511.206 -0.632
511.313 -0.633
511.42 -0.634
511.526 -0.635
511.632 -0.636
511.738 -0.637
511.844 -0.638
511.95 -0.639
512.055 -0.64
512.161 -0.641
512.266 -0.642
512.372 -0.643
512.478 -0.644
512.585 -0.645
512.69 -0.646
512.794 -0.647
512.895 -0.648
512.993 -0.649
513.086 -0.65
513.176 -0.651
513.267 -0.652
513.358 -0.653
513.45 -0.654
513.542 -0.655
513.635 -0.656
513.729 -0.657
513.824 -0.658
513.92 -0.659
514.016 -0.66
514.114 -0.661
514.213 -0.662
514.313 -0.663
514.413 -0.664
514.515 -0.665
514.618 -0.666
514.722 -0.667
514.826 -0.668
514.931 -0.669
515.037 -0.67
515.143 -0.671
515.25 -0.672
515.358 -0.673
515.466 -0.674
515.575 -0.675
515.685 -0.676
515.795 -0.677
515.906 -0.678
516.018 -0.679
516.13 -0.68
516.243 -0.681
516.357 -0.682
516.472 -0.683
516.587 -0.684
516.703 -0.685
516.819 -0.686
516.936 -0.687
517.054 -0.688
517.173 -0.689
517.292 -0.69
517.412 -0.691
517.533 -0.692
517.654 -0.693
517.777 -0.694
517.899 -0.695
518.023 -0.696
518.147 -0.697
518.272 -0.698
518.398 -0.699
518.524 -0.7
518.651 -0.701
518.778 -0.702
518.907 -0.703
519.036 -0.704
519.165 -0.705
519.296 -0.706
519.427 -0.707
519.558 -0.708
519.691 -0.709
519.824 -0.71
519.957 -0.711
520.091 -0.712
520.226 -0.713
520.362 -0.714
520.498 -0.715
520.634 -0.716
520.771 -0.717
520.909 -0.718
521.047 -0.719
521.186 -0.72
521.324 -0.721
521.463 -0.722
521.603 -0.723
521.742 -0.724
521.881 -0.725
522.019 -0.726
522.155 -0.727
522.289 -0.728
522.421 -0.729
522.548 -0.73
522.672 -0.731
522.789 -0.732
522.898 -0.733
522.993 -0.734
523.074 -0.735
523.152 -0.736
523.228 -0.737
523.301 -0.738
523.391 -0.739
523.512 -0.74
523.673 -0.741
523.848 -0.742
524.025 -0.743
524.201 -0.744
524.378 -0.745
524.556 -0.746
524.733 -0.747
524.911 -0.748
525.089 -0.749
525.267 -0.75
525.443 -0.751
525.614 -0.752
525.777 -0.753
525.938 -0.754
526.099 -0.755
526.261 -0.756
526.424 -0.757
526.588 -0.758
526.752 -0.759
526.917 -0.76
527.083 -0.761
527.25 -0.762
527.418 -0.763
527.586 -0.764
527.755 -0.765
527.926 -0.766
528.096 -0.767
528.268 -0.768
528.441 -0.769
528.618 -0.77
528.797 -0.771
528.977 -0.772
529.158 -0.773
529.34 -0.774
529.522 -0.775
529.706 -0.776
529.89 -0.777
530.076 -0.778
530.262 -0.779
530.449 -0.78
530.637 -0.781
530.825 -0.782
531.015 -0.783
531.206 -0.784
531.397 -0.785
531.593 -0.786
531.791 -0.787
531.989 -0.788
532.189 -0.789
532.389 -0.79
532.591 -0.791
532.793 -0.792
532.996 -0.793
533.2 -0.794
533.406 -0.795
533.612 -0.796
533.819 -0.797
534.026 -0.798
534.235 -0.799
534.445 -0.8
534.656 -0.801
534.867 -0.802
535.08 -0.803
535.293 -0.804
535.508 -0.805
535.723 -0.806
535.939 -0.807
536.156 -0.808
536.375 -0.809
536.594 -0.81
536.814 -0.811
537.035 -0.812
537.257 -0.813
537.48 -0.814
537.703 -0.815
537.928 -0.816
538.154 -0.817
538.381 -0.818
538.608 -0.819
538.837 -0.82
539.066 -0.821
539.297 -0.822
539.528 -0.823
539.76 -0.824
539.994 -0.825
540.228 -0.826
540.463 -0.827
540.699 -0.828
540.936 -0.829
541.174 -0.83
541.413 -0.831
541.653 -0.832
541.894 -0.833
542.135 -0.834
542.378 -0.835
542.621 -0.836
542.865 -0.837
543.11 -0.838
543.356 -0.839
543.602 -0.84
543.849 -0.841
544.097 -0.842
544.344 -0.843
544.592 -0.844
544.84 -0.845
545.086 -0.846
545.33 -0.847
545.568 -0.848
545.798 -0.849
546.024 -0.85
546.244 -0.851
546.458 -0.852
546.665 -0.853
546.869 -0.854
547.071 -0.855
547.275 -0.856
547.479 -0.857
547.685 -0.858
547.892 -0.859
548.099 -0.86
548.302 -0.861
548.504 -0.862
548.705 -0.863
548.908 -0.864
549.112 -0.865
549.318 -0.866
549.529 -0.867
549.75 -0.868
549.973 -0.869
550.197 -0.87
550.422 -0.871
550.648 -0.872
550.875 -0.873
551.103 -0.874
551.332 -0.875
551.562 -0.876
551.794 -0.877
552.026 -0.878
552.26 -0.879
552.495 -0.88
552.763 -0.881
553.056 -0.882
553.37 -0.883
553.688 -0.884
553.996 -0.885
554.307 -0.886
554.622 -0.887
554.94 -0.888
555.261 -0.889
555.584 -0.89
555.908 -0.891
556.233 -0.892
556.56 -0.893
556.887 -0.894
557.215 -0.895
557.545 -0.896
557.875 -0.897
558.207 -0.898
558.54 -0.899
558.873 -0.9
559.208 -0.901
559.544 -0.902
559.881 -0.903
560.218 -0.904
560.557 -0.905
560.897 -0.906
561.238 -0.907
561.58 -0.908
561.923 -0.909
562.267 -0.91
562.612 -0.911
562.958 -0.912
563.305 -0.913
563.646 -0.914
563.977 -0.915
564.302 -0.916
564.628 -0.917
564.955 -0.918
565.283 -0.919
565.613 -0.92
565.944 -0.921
566.276 -0.922
566.609 -0.923
566.944 -0.924
567.28 -0.925
567.617 -0.926
567.955 -0.927
568.295 -0.928
568.635 -0.929
568.977 -0.93
569.321 -0.931
569.665 -0.932
570.011 -0.933
570.358 -0.934
570.706 -0.935
571.055 -0.936
571.406 -0.937
571.758 -0.938
572.111 -0.939
572.464 -0.94
572.817 -0.941
573.17 -0.942
573.525 -0.943
573.88 -0.944
574.237 -0.945
574.595 -0.946
574.955 -0.947
575.316 -0.948
575.678 -0.949
576.041 -0.95
576.405 -0.951
576.771 -0.952
577.138 -0.953
577.506 -0.954
577.875 -0.955
578.246 -0.956
578.618 -0.957
578.991 -0.958
579.366 -0.959
579.742 -0.96
580.119 -0.961
580.498 -0.962
580.877 -0.963
581.257 -0.964
581.638 -0.965
582.02 -0.966
582.404 -0.967
582.789 -0.968
583.175 -0.969
583.563 -0.97
583.952 -0.971
584.34 -0.972
584.728 -0.973
585.116 -0.974
585.505 -0.975
585.895 -0.976
586.286 -0.977
586.676 -0.978
587.068 -0.979
587.461 -0.98
587.856 -0.981
588.252 -0.982
588.649 -0.983
589.048 -0.984
589.448 -0.985
589.849 -0.986
590.252 -0.987
590.656 -0.988
591.06 -0.989
591.463 -0.99
591.868 -0.991
592.274 -0.992
592.682 -0.993
593.09 -0.994
593.498 -0.995
593.907 -0.996
594.317 -0.997
594.728 -0.998
595.141 -0.999
595.555 -1
