8.82442 -0.001
17.6415 -0.002
26.4513 -0.003
35.2537 -0.004
44.0487 -0.005
52.8363 -0.006
61.6163 -0.007
70.3887 -0.008
79.1536 -0.009
87.9108 -0.01
96.6604 -0.011
105.402 -0.012
114.136 -0.013
122.862 -0.014
131.581 -0.015
140.291 -0.016
148.994 -0.017
157.688 -0.018
166.374 -0.019
175.053 -0.02
183.723 -0.021
192.385 -0.022
201.038 -0.023
209.683 -0.024
218.32 -0.025
226.949 -0.026
235.569 -0.027
244.18 -0.028
252.783 -0.029
261.377 -0.03
269.962 -0.031
278.538 -0.032
287.106 -0.033
295.665 -0.034
304.215 -0.035
312.755 -0.036
321.287 -0.037
329.809 -0.038
338.322 -0.039
346.826 -0.04
355.32 -0.041
363.805 -0.042
372.28 -0.043
380.746 -0.044
389.19 -0.045
397.426 -0.046
405.166 -0.047
412.032 -0.048
418.082 -0.049
424.102 -0.05
430.102 -0.051
436.075 -0.052
442.028 -0.053
447.96 -0.054
453.872 -0.055
459.769 -0.056
465.661 -0.057
471.539 -0.058
477.286 -0.059
482.731 -0.06
487.715 -0.061
492.096 -0.062
495.394 -0.063
498.312 -0.064
501.106 -0.065
503.731 -0.066
506.178 -0.067
508.258 -0.068
510.076 -0.069
511.875 -0.07
513.664 -0.071
515.445 -0.072
517.217 -0.073
518.982 -0.074
520.738 -0.075
522.489 -0.076
524.235 -0.077
525.972 -0.078
527.689 -0.079
529.379 -0.08
530.999 -0.081
532.554 -0.082
534.029 -0.083
535.408 -0.084
536.633 -0.085
537.794 -0.086
538.807 -0.087
539.595 -0.088
540.12 -0.089
540.542 -0.09
540.956 -0.091
541.361 -0.092
541.759 -0.093
542.148 -0.094
542.53 -0.095
542.904 -0.096
543.266 -0.097
543.618 -0.098
543.962 -0.099
544.297 -0.1
544.619 -0.101
544.934 -0.102
545.235 -0.103
545.529 -0.104
545.814 -0.105
546.087 -0.106
546.351 -0.107
546.605 -0.108
546.851 -0.109
547.085 -0.11
547.313 -0.111
547.533 -0.112
547.748 -0.113
547.957 -0.114
548.162 -0.115
548.361 -0.116
548.556 -0.117
548.747 -0.118
548.937 -0.119
549.125 -0.12
549.309 -0.121
549.492 -0.122
549.674 -0.123
549.855 -0.124
550.034 -0.125
550.212 -0.126
550.388 -0.127
550.564 -0.128
550.739 -0.129
550.913 -0.13
551.086 -0.131
551.258 -0.132
551.43 -0.133
551.6 -0.134
551.768 -0.135
551.936 -0.136
552.102 -0.137
552.267 -0.138
552.431 -0.139
552.594 -0.14
552.755 -0.141
552.916 -0.142
553.074 -0.143
553.231 -0.144
553.387 -0.145
553.541 -0.146
553.693 -0.147
553.844 -0.148
553.994 -0.149
554.143 -0.15
554.29 -0.151
554.436 -0.152
554.581 -0.153
554.726 -0.154
554.869 -0.155
555.011 -0.156
555.151 -0.157
555.289 -0.158
555.427 -0.159
555.564 -0.16
555.699 -0.161
555.833 -0.162
555.964 -0.163
556.096 -0.164
556.227 -0.165
556.357 -0.166
556.486 -0.167
556.613 -0.168
556.738 -0.169
556.863 -0.17
556.987 -0.171
557.111 -0.172
557.234 -0.173
557.356 -0.174
557.476 -0.175
557.595 -0.176
557.713 -0.177
557.831 -0.178
557.948 -0.179
558.063 -0.18
558.177 -0.181
558.288 -0.182
558.399 -0.183
558.509 -0.184
558.619 -0.185
558.728 -0.186
558.836 -0.187
558.941 -0.188
559.044 -0.189
559.147 -0.19
559.248 -0.191
559.35 -0.192
559.45 -0.193
559.551 -0.194
559.65 -0.195
559.747 -0.196
559.843 -0.197
559.939 -0.198
560.034 -0.199
560.129 -0.2
560.223 -0.201
560.317 -0.202
560.409 -0.203
560.5 -0.204
560.59 -0.205
560.68 -0.206
560.769 -0.207
560.857 -0.208
560.945 -0.209
561.033 -0.21
561.121 -0.211
561.208 -0.212
561.295 -0.213
561.381 -0.214
561.466 -0.215
561.551 -0.216
561.635 -0.217
561.718 -0.218
561.801 -0.219
561.883 -0.22
561.965 -0.221
562.046 -0.222
562.127 -0.223
562.208 -0.224
562.289 -0.225
562.369 -0.226
562.449 -0.227
562.529 -0.228
562.608 -0.229
562.688 -0.23
562.766 -0.231
562.844 -0.232
562.922 -0.233
563 -0.234
563.078 -0.235
563.156 -0.236
563.233 -0.237
563.31 -0.238
563.386 -0.239
563.463 -0.24
563.539 -0.241
563.615 -0.242
563.69 -0.243
563.766 -0.244
563.841 -0.245
563.916 -0.246
563.991 -0.247
564.066 -0.248
564.14 -0.249
564.214 -0.25
564.289 -0.251
564.363 -0.252
564.437 -0.253
564.51 -0.254
564.584 -0.255
564.657 -0.256
564.73 -0.257
564.803 -0.258
564.876 -0.259
564.949 -0.26
565.022 -0.261
565.095 -0.262
565.167 -0.263
565.24 -0.264
565.312 -0.265
565.385 -0.266
565.457 -0.267
565.529 -0.268
565.601 -0.269
565.673 -0.27
565.745 -0.271
565.817 -0.272
565.888 -0.273
565.96 -0.274
566.031 -0.275
566.102 -0.276
566.173 -0.277
566.244 -0.278
566.314 -0.279
566.385 -0.28
566.456 -0.281
566.526 -0.282
566.597 -0.283
566.667 -0.284
566.737 -0.285
566.808 -0.286
566.878 -0.287
566.948 -0.288
567.019 -0.289
567.089 -0.29
567.159 -0.291
567.229 -0.292
567.299 -0.293
567.369 -0.294
567.439 -0.295
567.509 -0.296
567.579 -0.297
567.649 -0.298
567.718 -0.299
567.788 -0.3
567.857 -0.301
567.926 -0.302
567.995 -0.303
568.064 -0.304
568.133 -0.305
568.202 -0.306
568.271 -0.307
568.34 -0.308
568.409 -0.309
568.478 -0.31
568.547 -0.311
568.616 -0.312
568.684 -0.313
568.753 -0.314
568.822 -0.315
568.891 -0.316
568.959 -0.317
569.028 -0.318
569.097 -0.319
569.165 -0.32
569.234 -0.321
569.302 -0.322
569.37 -0.323
569.438 -0.324
569.507 -0.325
569.575 -0.326
569.642 -0.327
569.71 -0.328
569.778 -0.329
569.846 -0.33
569.914 -0.331
569.981 -0.332
570.049 -0.333
570.117 -0.334
570.184 -0.335
570.252 -0.336
570.32 -0.337
570.387 -0.338
570.455 -0.339
570.522 -0.34
570.59 -0.341
570.657 -0.342
570.725 -0.343
570.792 -0.344
570.86 -0.345
570.927 -0.346
570.994 -0.347
571.061 -0.348
571.128 -0.349
571.195 -0.35
571.262 -0.351
571.328 -0.352
571.395 -0.353
571.462 -0.354
571.528 -0.355
571.595 -0.356
571.661 -0.357
571.727 -0.358
571.794 -0.359
571.86 -0.36
571.927 -0.361
571.993 -0.362
572.059 -0.363
572.126 -0.364
572.192 -0.365
572.258 -0.366
572.324 -0.367
572.39 -0.368
572.457 -0.369
572.523 -0.37
572.589 -0.371
572.655 -0.372
572.721 -0.373
572.787 -0.374
572.853 -0.375
572.919 -0.376
572.985 -0.377
573.05 -0.378
573.116 -0.379
573.182 -0.38
573.248 -0.381
573.314 -0.382
573.379 -0.383
573.445 -0.384
573.51 -0.385
573.576 -0.386
573.642 -0.387
573.707 -0.388
573.773 -0.389
573.838 -0.39
573.904 -0.391
573.969 -0.392
574.035 -0.393
574.1 -0.394
574.165 -0.395
574.231 -0.396
574.296 -0.397
574.361 -0.398
574.426 -0.399
574.492 -0.4
574.557 -0.401
574.622 -0.402
574.687 -0.403
574.752 -0.404
574.817 -0.405
574.882 -0.406
574.947 -0.407
575.012 -0.408
575.076 -0.409
575.141 -0.41
575.205 -0.411
575.27 -0.412
575.334 -0.413
575.399 -0.414
575.463 -0.415
575.527 -0.416
575.591 -0.417
575.655 -0.418
575.718 -0.419
575.782 -0.42
575.845 -0.421
575.908 -0.422
575.971 -0.423
576.034 -0.424
576.097 -0.425
576.159 -0.426
576.221 -0.427
576.283 -0.428
576.344 -0.429
576.405 -0.43
576.466 -0.431
576.526 -0.432
576.587 -0.433
576.648 -0.434
576.709 -0.435
576.771 -0.436
576.831 -0.437
576.892 -0.438
576.952 -0.439
577.012 -0.44
577.072 -0.441
577.131 -0.442
577.19 -0.443
577.248 -0.444
577.305 -0.445
577.36 -0.446
577.415 -0.447
577.469 -0.448
577.526 -0.449
577.582 -0.45
577.638 -0.451
577.694 -0.452
577.751 -0.453
577.808 -0.454
577.864 -0.455
577.919 -0.456
577.974 -0.457
578.029 -0.458
578.084 -0.459
578.138 -0.46
578.192 -0.461
578.246 -0.462
578.298 -0.463
578.35 -0.464
578.403 -0.465
578.457 -0.466
578.512 -0.467
578.566 -0.468
578.621 -0.469
578.677 -0.47
578.732 -0.471
578.788 -0.472
578.843 -0.473
578.898 -0.474
578.953 -0.475
579.008 -0.476
579.062 -0.477
579.116 -0.478
579.17 -0.479
579.224 -0.48
579.28 -0.481
579.336 -0.482
579.392 -0.483
579.447 -0.484
579.504 -0.485
579.561 -0.486
579.618 -0.487
579.674 -0.488
579.731 -0.489
579.787 -0.49
579.844 -0.491
579.9 -0.492
579.957 -0.493
580.013 -0.494
580.069 -0.495
580.126 -0.496
580.184 -0.497
580.242 -0.498
580.299 -0.499
580.357 -0.5
580.414 -0.501
580.472 -0.502
580.53 -0.503
580.588 -0.504
580.647 -0.505
580.705 -0.506
580.763 -0.507
580.821 -0.508
580.879 -0.509
580.937 -0.51
580.995 -0.511
581.053 -0.512
581.111 -0.513
581.17 -0.514
581.229 -0.515
581.287 -0.516
581.346 -0.517
581.405 -0.518
581.464 -0.519
581.523 -0.52
581.581 -0.521
581.64 -0.522
581.699 -0.523
581.758 -0.524
581.818 -0.525
581.877 -0.526
581.936 -0.527
581.995 -0.528
582.055 -0.529
582.114 -0.53
582.173 -0.531
582.233 -0.532
582.292 -0.533
582.351 -0.534
582.411 -0.535
582.47 -0.536
582.53 -0.537
582.59 -0.538
582.649 -0.539
582.709 -0.54
582.769 -0.541
582.828 -0.542
582.888 -0.543
582.948 -0.544
583.008 -0.545
583.067 -0.546
583.127 -0.547
583.187 -0.548
583.247 -0.549
583.306 -0.55
583.366 -0.551
583.426 -0.552
583.486 -0.553
583.545 -0.554
583.605 -0.555
583.665 -0.556
583.724 -0.557
583.784 -0.558
583.844 -0.559
583.904 -0.56
583.963 -0.561
584.023 -0.562
584.083 -0.563
584.142 -0.564
584.202 -0.565
584.262 -0.566
584.321 -0.567
584.381 -0.568
584.441 -0.569
584.5 -0.57
584.56 -0.571
584.62 -0.572
584.679 -0.573
584.739 -0.574
584.799 -0.575
584.858 -0.576
584.918 -0.577
584.977 -0.578
585.037 -0.579
585.097 -0.58
585.157 -0.581
585.216 -0.582
585.276 -0.583
585.336 -0.584
585.395 -0.585
585.455 -0.586
585.515 -0.587
585.575 -0.588
585.634 -0.589
585.694 -0.59
585.753 -0.591
585.813 -0.592
585.873 -0.593
585.933 -0.594
585.992 -0.595
586.052 -0.596
586.112 -0.597
586.172 -0.598
586.232 -0.599
586.291 -0.6
586.351 -0.601
586.411 -0.602
586.471 -0.603
586.53 -0.604
586.59 -0.605
586.65 -0.606
586.71 -0.607
586.769 -0.608
586.829 -0.609
586.888 -0.61
586.948 -0.611
587.008 -0.612
587.067 -0.613
587.127 -0.614
587.186 -0.615
587.245 -0.616
587.305 -0.617
587.364 -0.618
587.424 -0.619
587.483 -0.62
587.543 -0.621
587.602 -0.622
587.661 -0.623
587.721 -0.624
587.78 -0.625
587.84 -0.626
587.9 -0.627
587.959 -0.628
588.019 -0.629
588.078 -0.63
588.138 -0.631
588.197 -0.632
588.257 -0.633
588.317 -0.634
588.376 -0.635
588.436 -0.636
588.496 -0.637
588.555 -0.638
588.615 -0.639
588.675 -0.64
588.735 -0.641
588.794 -0.642
588.854 -0.643
588.914 -0.644
588.974 -0.645
589.033 -0.646
589.093 -0.647
589.153 -0.648
589.212 -0.649
589.272 -0.65
589.332 -0.651
589.391 -0.652
589.451 -0.653
589.511 -0.654
589.57 -0.655
589.63 -0.656
589.689 -0.657
589.749 -0.658
589.809 -0.659
589.869 -0.66
589.929 -0.661
589.988 -0.662
590.048 -0.663
590.108 -0.664
590.168 -0.665
590.228 -0.666
590.288 -0.667
590.348 -0.668
590.408 -0.669
590.468 -0.67
590.528 -0.671
590.588 -0.672
590.648 -0.673
590.708 -0.674
590.768 -0.675
590.828 -0.676
590.889 -0.677
590.949 -0.678
591.009 -0.679
591.069 -0.68
591.129 -0.681
591.189 -0.682
591.249 -0.683
591.309 -0.684
591.369 -0.685
591.429 -0.686
591.489 -0.687
591.549 -0.688
591.61 -0.689
591.67 -0.69
591.73 -0.691
591.79 -0.692
591.851 -0.693
591.911 -0.694
591.972 -0.695
592.032 -0.696
592.093 -0.697
592.154 -0.698
592.214 -0.699
592.275 -0.7
592.335 -0.701
592.396 -0.702
592.456 -0.703
592.517 -0.704
592.578 -0.705
592.638 -0.706
592.699 -0.707
592.759 -0.708
592.82 -0.709
592.881 -0.71
592.941 -0.711
593.002 -0.712
593.062 -0.713
593.123 -0.714
593.184 -0.715
593.245 -0.716
593.305 -0.717
593.366 -0.718
593.427 -0.719
593.488 -0.72
593.549 -0.721
593.61 -0.722
593.671 -0.723
593.732 -0.724
593.793 -0.725
593.854 -0.726
593.915 -0.727
593.976 -0.728
594.037 -0.729
594.098 -0.73
594.159 -0.731
594.221 -0.732
594.282 -0.733
594.343 -0.734
594.404 -0.735
594.465 -0.736
594.526 -0.737
594.587 -0.738
594.648 -0.739
594.709 -0.74
594.771 -0.741
594.832 -0.742
594.893 -0.743
594.954 -0.744
595.015 -0.745
595.077 -0.746
595.138 -0.747
595.199 -0.748
595.26 -0.749
595.322 -0.75
595.383 -0.751
595.444 -0.752
595.505 -0.753
595.566 -0.754
595.628 -0.755
595.689 -0.756
595.75 -0.757
595.811 -0.758
595.872 -0.759
595.934 -0.76
595.995 -0.761
596.056 -0.762
596.117 -0.763
596.179 -0.764
596.24 -0.765
596.301 -0.766
596.362 -0.767
596.424 -0.768
596.485 -0.769
596.546 -0.77
596.608 -0.771
596.669 -0.772
596.731 -0.773
596.792 -0.774
596.853 -0.775
596.915 -0.776
596.976 -0.777
597.037 -0.778
597.099 -0.779
597.16 -0.78
597.222 -0.781
597.283 -0.782
597.344 -0.783
597.406 -0.784
597.467 -0.785
597.529 -0.786
597.59 -0.787
597.651 -0.788
597.713 -0.789
597.774 -0.79
597.836 -0.791
597.897 -0.792
597.959 -0.793
598.021 -0.794
598.082 -0.795
598.144 -0.796
598.205 -0.797
598.267 -0.798
598.328 -0.799
598.39 -0.8
598.452 -0.801
598.513 -0.802
598.574 -0.803
598.636 -0.804
598.697 -0.805
598.759 -0.806
598.82 -0.807
598.882 -0.808
598.943 -0.809
599.005 -0.81
599.067 -0.811
599.128 -0.812
599.19 -0.813
599.251 -0.814
599.313 -0.815
599.374 -0.816
599.436 -0.817
599.498 -0.818
599.559 -0.819
599.621 -0.82
599.682 -0.821
599.744 -0.822
599.805 -0.823
599.867 -0.824
599.928 -0.825
599.99 -0.826
600.051 -0.827
600.112 -0.828
600.174 -0.829
600.235 -0.83
600.297 -0.831
600.358 -0.832
600.42 -0.833
600.481 -0.834
600.543 -0.835
600.604 -0.836
600.666 -0.837
600.727 -0.838
600.789 -0.839
600.85 -0.84
600.911 -0.841
600.972 -0.842
601.033 -0.843
601.095 -0.844
601.156 -0.845
601.217 -0.846
601.278 -0.847
601.339 -0.848
601.4 -0.849
601.461 -0.85
601.522 -0.851
601.583 -0.852
601.644 -0.853
601.705 -0.854
601.766 -0.855
601.827 -0.856
601.888 -0.857
601.949 -0.858
602.01 -0.859
602.071 -0.86
602.131 -0.861
602.192 -0.862
602.253 -0.863
602.313 -0.864
602.374 -0.865
602.435 -0.866
602.495 -0.867
602.556 -0.868
602.616 -0.869
602.677 -0.87
602.737 -0.871
602.798 -0.872
602.859 -0.873
602.92 -0.874
602.98 -0.875
603.042 -0.876
603.103 -0.877
603.164 -0.878
603.225 -0.879
603.287 -0.88
603.348 -0.881
603.409 -0.882
603.471 -0.883
603.533 -0.884
603.594 -0.885
603.656 -0.886
603.718 -0.887
603.78 -0.888
603.842 -0.889
603.904 -0.89
603.966 -0.891
604.029 -0.892
604.091 -0.893
604.153 -0.894
604.215 -0.895
604.277 -0.896
604.338 -0.897
604.4 -0.898
604.461 -0.899
604.522 -0.9
604.583 -0.901
604.644 -0.902
604.704 -0.903
604.764 -0.904
604.824 -0.905
604.882 -0.906
604.94 -0.907
604.997 -0.908
605.052 -0.909
605.102 -0.91
605.146 -0.911
605.18 -0.912
605.203 -0.913
605.211 -0.914
605.203 -0.915
605.178 -0.916
605.135 -0.917
605.076 -0.918
604.998 -0.919
604.905 -0.92
604.795 -0.921
604.677 -0.922
604.548 -0.923
604.413 -0.924
604.274 -0.925
604.138 -0.926
604.008 -0.927
603.886 -0.928
603.774 -0.929
603.67 -0.93
603.573 -0.931
603.485 -0.932
603.406 -0.933
603.331 -0.934
603.259 -0.935
603.187 -0.936
603.146 -0.937
603.115 -0.938
603.132 -0.939
603.165 -0.94
603.225 -0.941
603.296 -0.942
603.376 -0.943
603.474 -0.944
603.573 -0.945
603.684 -0.946
603.804 -0.947
603.924 -0.948
604.053 -0.949
604.188 -0.95
604.324 -0.951
604.466 -0.952
604.608 -0.953
604.751 -0.954
604.893 -0.955
605.036 -0.956
605.175 -0.957
605.309 -0.958
605.435 -0.959
605.549 -0.96
605.655 -0.961
605.754 -0.962
605.847 -0.963
605.941 -0.964
606.033 -0.965
606.125 -0.966
606.218 -0.967
606.309 -0.968
606.4 -0.969
606.491 -0.97
606.581 -0.971
606.671 -0.972
606.76 -0.973
606.848 -0.974
606.936 -0.975
607.023 -0.976
607.109 -0.977
607.194 -0.978
607.278 -0.979
607.361 -0.98
607.443 -0.981
607.525 -0.982
607.607 -0.983
607.688 -0.984
607.769 -0.985
607.85 -0.986
607.93 -0.987
608.009 -0.988
608.088 -0.989
608.166 -0.99
608.244 -0.991
608.321 -0.992
608.398 -0.993
608.474 -0.994
608.549 -0.995
608.624 -0.996
608.698 -0.997
608.771 -0.998
608.843 -0.999
608.915 -1
608.986 -1.001
609.057 -1.002
609.127 -1.003
609.196 -1.004
609.266 -1.005
609.334 -1.006
609.402 -1.007
609.47 -1.008
609.536 -1.009
609.602 -1.01
609.668 -1.011
609.731 -1.012
609.794 -1.013
609.857 -1.014
609.919 -1.015
609.981 -1.016
610.042 -1.017
610.102 -1.018
610.161 -1.019
610.22 -1.02
610.277 -1.021
610.334 -1.022
610.39 -1.023
610.443 -1.024
610.495 -1.025
610.545 -1.026
610.599 -1.027
610.65 -1.028
610.703 -1.029
610.756 -1.03
610.809 -1.031
610.863 -1.032
610.915 -1.033
610.969 -1.034
611.027 -1.035
611.083 -1.036
611.14 -1.037
611.201 -1.038
611.262 -1.039
611.322 -1.04
611.385 -1.041
611.448 -1.042
611.512 -1.043
611.576 -1.044
611.64 -1.045
611.705 -1.046
611.77 -1.047
611.835 -1.048
611.9 -1.049
611.965 -1.05
612.031 -1.051
612.096 -1.052
612.162 -1.053
612.228 -1.054
612.293 -1.055
612.359 -1.056
612.424 -1.057
612.49 -1.058
612.555 -1.059
612.621 -1.06
612.687 -1.061
612.752 -1.062
612.818 -1.063
612.883 -1.064
612.949 -1.065
613.015 -1.066
613.08 -1.067
613.146 -1.068
613.212 -1.069
613.277 -1.07
613.343 -1.071
613.409 -1.072
613.475 -1.073
613.54 -1.074
613.606 -1.075
613.672 -1.076
613.737 -1.077
613.803 -1.078
613.869 -1.079
613.934 -1.08
614 -1.081
614.066 -1.082
614.131 -1.083
614.197 -1.084
614.262 -1.085
614.328 -1.086
614.393 -1.087
614.459 -1.088
614.524 -1.089
614.59 -1.09
614.655 -1.091
614.721 -1.092
614.787 -1.093
614.852 -1.094
614.918 -1.095
614.983 -1.096
615.049 -1.097
615.115 -1.098
615.18 -1.099
615.246 -1.1
615.312 -1.101
615.377 -1.102
615.443 -1.103
615.509 -1.104
615.576 -1.105
615.644 -1.106
615.713 -1.107
615.782 -1.108
615.851 -1.109
615.92 -1.11
615.989 -1.111
616.058 -1.112
616.127 -1.113
616.196 -1.114
616.265 -1.115
616.334 -1.116
616.403 -1.117
616.472 -1.118
616.541 -1.119
616.61 -1.12
616.679 -1.121
616.748 -1.122
616.817 -1.123
616.886 -1.124
616.955 -1.125
617.024 -1.126
617.093 -1.127
617.162 -1.128
617.231 -1.129
617.3 -1.13
617.37 -1.131
617.439 -1.132
617.508 -1.133
617.577 -1.134
617.646 -1.135
617.715 -1.136
617.784 -1.137
617.853 -1.138
617.922 -1.139
617.992 -1.14
618.061 -1.141
618.13 -1.142
618.199 -1.143
618.268 -1.144
618.338 -1.145
618.407 -1.146
618.476 -1.147
618.545 -1.148
618.614 -1.149
618.683 -1.15
618.752 -1.151
618.821 -1.152
618.891 -1.153
618.96 -1.154
619.03 -1.155
619.1 -1.156
619.171 -1.157
619.243 -1.158
619.315 -1.159
619.387 -1.16
619.459 -1.161
619.532 -1.162
619.604 -1.163
619.676 -1.164
619.749 -1.165
619.821 -1.166
619.893 -1.167
619.966 -1.168
620.038 -1.169
620.11 -1.17
620.183 -1.171
620.255 -1.172
620.327 -1.173
620.4 -1.174
620.472 -1.175
620.545 -1.176
620.617 -1.177
620.689 -1.178
620.762 -1.179
620.834 -1.18
620.907 -1.181
620.979 -1.182
621.052 -1.183
621.124 -1.184
621.197 -1.185
621.269 -1.186
621.341 -1.187
621.414 -1.188
621.486 -1.189
621.559 -1.19
621.631 -1.191
621.704 -1.192
621.776 -1.193
621.848 -1.194
621.92 -1.195
621.992 -1.196
622.065 -1.197
622.137 -1.198
622.208 -1.199
622.28 -1.2
622.352 -1.201
622.423 -1.202
622.495 -1.203
622.566 -1.204
622.637 -1.205
622.708 -1.206
622.779 -1.207
622.85 -1.208
622.92 -1.209
622.99 -1.21
623.06 -1.211
623.129 -1.212
623.198 -1.213
623.265 -1.214
623.329 -1.215
623.391 -1.216
623.447 -1.217
623.5 -1.218
623.55 -1.219
623.597 -1.22
623.641 -1.221
623.683 -1.222
623.723 -1.223
623.762 -1.224
623.8 -1.225
623.836 -1.226
623.871 -1.227
623.906 -1.228
623.938 -1.229
623.968 -1.23
623.995 -1.231
624.017 -1.232
624.037 -1.233
624.054 -1.234
624.068 -1.235
624.081 -1.236
624.091 -1.237
624.101 -1.238
624.108 -1.239
624.115 -1.24
624.131 -1.241
624.165 -1.242
624.199 -1.243
624.233 -1.244
624.28 -1.245
624.329 -1.246
624.379 -1.247
624.439 -1.248
624.503 -1.249
624.564 -1.25
624.632 -1.251
624.697 -1.252
624.76 -1.253
624.826 -1.254
624.884 -1.255
624.956 -1.256
625.042 -1.257
625.129 -1.258
625.216 -1.259
625.312 -1.26
625.415 -1.261
625.518 -1.262
625.621 -1.263
625.737 -1.264
625.849 -1.265
625.959 -1.266
626.075 -1.267
626.186 -1.268
626.295 -1.269
626.4 -1.27
626.502 -1.271
626.602 -1.272
626.699 -1.273
626.797 -1.274
626.889 -1.275
626.981 -1.276
627.074 -1.277
627.167 -1.278
627.261 -1.279
627.354 -1.28
627.447 -1.281
627.54 -1.282
627.631 -1.283
627.72 -1.284
627.809 -1.285
627.894 -1.286
627.979 -1.287
628.061 -1.288
628.141 -1.289
628.221 -1.29
628.297 -1.291
628.372 -1.292
628.447 -1.293
628.521 -1.294
628.596 -1.295
628.671 -1.296
628.746 -1.297
628.821 -1.298
628.896 -1.299
628.971 -1.3
629.046 -1.301
629.121 -1.302
629.197 -1.303
629.272 -1.304
629.347 -1.305
629.422 -1.306
629.497 -1.307
629.573 -1.308
629.648 -1.309
629.723 -1.31
629.799 -1.311
629.874 -1.312
629.95 -1.313
630.025 -1.314
630.101 -1.315
630.176 -1.316
630.252 -1.317
630.327 -1.318
630.403 -1.319
630.478 -1.32
630.554 -1.321
630.63 -1.322
630.705 -1.323
630.781 -1.324
630.857 -1.325
630.933 -1.326
631.008 -1.327
631.084 -1.328
631.16 -1.329
631.236 -1.33
631.312 -1.331
631.388 -1.332
631.464 -1.333
631.54 -1.334
631.616 -1.335
631.692 -1.336
631.768 -1.337
631.844 -1.338
631.92 -1.339
631.997 -1.34
632.073 -1.341
632.149 -1.342
632.225 -1.343
632.302 -1.344
632.378 -1.345
632.454 -1.346
632.531 -1.347
632.607 -1.348
632.683 -1.349
632.76 -1.35
632.836 -1.351
632.913 -1.352
632.99 -1.353
633.066 -1.354
633.143 -1.355
633.22 -1.356
633.296 -1.357
633.373 -1.358
633.45 -1.359
633.527 -1.36
633.603 -1.361
633.68 -1.362
633.757 -1.363
633.834 -1.364
633.911 -1.365
633.988 -1.366
634.065 -1.367
634.142 -1.368
634.219 -1.369
634.296 -1.37
634.374 -1.371
634.451 -1.372
634.528 -1.373
634.606 -1.374
634.683 -1.375
634.761 -1.376
634.838 -1.377
634.916 -1.378
634.994 -1.379
635.071 -1.38
635.149 -1.381
635.227 -1.382
635.305 -1.383
635.383 -1.384
635.461 -1.385
635.54 -1.386
635.618 -1.387
635.696 -1.388
635.774 -1.389
635.852 -1.39
635.93 -1.391
636.008 -1.392
636.087 -1.393
636.165 -1.394
636.244 -1.395
636.322 -1.396
636.4 -1.397
636.479 -1.398
636.557 -1.399
636.635 -1.4
636.714 -1.401
636.792 -1.402
636.87 -1.403
636.949 -1.404
637.027 -1.405
637.106 -1.406
637.184 -1.407
637.263 -1.408
637.341 -1.409
637.42 -1.41
637.499 -1.411
637.577 -1.412
637.656 -1.413
637.735 -1.414
637.814 -1.415
637.893 -1.416
637.971 -1.417
638.05 -1.418
638.129 -1.419
638.208 -1.42
638.287 -1.421
638.366 -1.422
638.445 -1.423
638.524 -1.424
638.604 -1.425
638.683 -1.426
638.762 -1.427
638.841 -1.428
638.92 -1.429
638.999 -1.43
639.077 -1.431
639.156 -1.432
639.234 -1.433
639.313 -1.434
639.391 -1.435
639.47 -1.436
639.548 -1.437
639.627 -1.438
639.705 -1.439
639.784 -1.44
639.862 -1.441
639.941 -1.442
640.02 -1.443
640.098 -1.444
640.177 -1.445
640.255 -1.446
640.333 -1.447
640.411 -1.448
640.489 -1.449
640.568 -1.45
640.646 -1.451
640.724 -1.452
640.803 -1.453
640.881 -1.454
640.959 -1.455
641.038 -1.456
641.116 -1.457
641.195 -1.458
641.275 -1.459
641.354 -1.46
641.434 -1.461
641.514 -1.462
641.593 -1.463
641.673 -1.464
641.753 -1.465
641.832 -1.466
641.912 -1.467
641.992 -1.468
642.072 -1.469
642.151 -1.47
642.231 -1.471
642.311 -1.472
642.391 -1.473
642.471 -1.474
642.552 -1.475
642.633 -1.476
642.713 -1.477
642.794 -1.478
642.875 -1.479
642.956 -1.48
643.037 -1.481
643.118 -1.482
643.199 -1.483
643.28 -1.484
643.361 -1.485
643.442 -1.486
643.523 -1.487
643.604 -1.488
643.685 -1.489
643.766 -1.49
643.847 -1.491
643.928 -1.492
644.009 -1.493
644.09 -1.494
644.171 -1.495
644.252 -1.496
644.333 -1.497
644.414 -1.498
644.495 -1.499
644.576 -1.5
644.658 -1.501
644.739 -1.502
644.82 -1.503
644.902 -1.504
644.983 -1.505
645.064 -1.506
645.146 -1.507
645.227 -1.508
645.309 -1.509
645.39 -1.51
645.472 -1.511
645.553 -1.512
645.635 -1.513
645.716 -1.514
645.798 -1.515
645.879 -1.516
645.961 -1.517
646.043 -1.518
646.124 -1.519
646.206 -1.52
646.288 -1.521
646.369 -1.522
646.451 -1.523
646.533 -1.524
646.615 -1.525
646.696 -1.526
646.778 -1.527
646.861 -1.528
646.943 -1.529
647.025 -1.53
647.107 -1.531
647.189 -1.532
647.271 -1.533
647.354 -1.534
647.436 -1.535
647.518 -1.536
647.601 -1.537
647.683 -1.538
647.766 -1.539
647.849 -1.54
647.931 -1.541
648.014 -1.542
648.097 -1.543
648.18 -1.544
648.262 -1.545
648.345 -1.546
648.428 -1.547
648.511 -1.548
648.594 -1.549
648.677 -1.55
648.76 -1.551
648.843 -1.552
648.927 -1.553
649.01 -1.554
649.093 -1.555
649.176 -1.556
649.26 -1.557
649.343 -1.558
649.426 -1.559
649.51 -1.56
649.593 -1.561
649.678 -1.562
649.762 -1.563
649.845 -1.564
649.927 -1.565
650.007 -1.566
649.999 -1.567
650.049 -1.568
650.093 -1.569
650.131 -1.57
650.163 -1.571
650.201 -1.572
650.258 -1.573
650.312 -1.574
650.365 -1.575
650.449 -1.576
650.534 -1.577
650.636 -1.578
650.74 -1.579
650.848 -1.58
650.953 -1.581
651.058 -1.582
651.161 -1.583
651.255 -1.584
651.349 -1.585
651.442 -1.586
651.534 -1.587
651.619 -1.588
651.703 -1.589
651.786 -1.59
651.867 -1.591
651.948 -1.592
652.03 -1.593
652.111 -1.594
652.192 -1.595
652.273 -1.596
652.353 -1.597
652.433 -1.598
652.513 -1.599
652.593 -1.6
