13.7638 -0.001
27.5023 -0.002
41.2149 -0.003
54.9014 -0.004
68.5612 -0.005
82.1939 -0.006
95.799 -0.007
109.376 -0.008
122.925 -0.009
136.444 -0.01
149.933 -0.011
161.727 -0.012
169.267 -0.013
174.704 -0.014
179.843 -0.015
184.902 -0.016
189.878 -0.017
194.826 -0.018
199.767 -0.019
204.702 -0.02
209.629 -0.021
214.547 -0.022
219.454 -0.023
224.351 -0.024
229.23 -0.025
234.1 -0.026
238.962 -0.027
243.8 -0.028
248.626 -0.029
253.445 -0.03
258.245 -0.031
263.023 -0.032
267.793 -0.033
272.55 -0.034
277.283 -0.035
281.971 -0.036
286.44 -0.037
290.388 -0.038
293.431 -0.039
295.375 -0.04
297.221 -0.041
299.054 -0.042
300.873 -0.043
302.675 -0.044
304.461 -0.045
306.234 -0.046
307.991 -0.047
309.717 -0.048
311.42 -0.049
313.073 -0.05
314.665 -0.051
316.183 -0.052
317.578 -0.053
318.856 -0.054
319.952 -0.055
320.859 -0.056
321.438 -0.057
321.811 -0.058
322.175 -0.059
322.531 -0.06
322.877 -0.061
323.218 -0.062
323.548 -0.063
323.869 -0.064
324.18 -0.065
324.477 -0.066
324.768 -0.067
325.044 -0.068
325.315 -0.069
325.577 -0.07
325.834 -0.071
326.083 -0.072
326.327 -0.073
326.57 -0.074
326.808 -0.075
327.042 -0.076
327.275 -0.077
327.504 -0.078
327.731 -0.079
327.957 -0.08
328.18 -0.081
328.402 -0.082
328.621 -0.083
328.838 -0.084
329.051 -0.085
329.264 -0.086
329.473 -0.087
329.68 -0.088
329.884 -0.089
330.087 -0.09
330.286 -0.091
330.483 -0.092
330.675 -0.093
330.866 -0.094
331.055 -0.095
331.241 -0.096
331.426 -0.097
331.602 -0.098
331.778 -0.099
331.952 -0.1
332.124 -0.101
332.294 -0.102
332.457 -0.103
332.62 -0.104
332.781 -0.105
332.938 -0.106
333.095 -0.107
333.248 -0.108
333.399 -0.109
333.549 -0.11
333.699 -0.111
333.845 -0.112
333.991 -0.113
334.136 -0.114
334.277 -0.115
334.416 -0.116
334.555 -0.117
334.693 -0.118
334.83 -0.119
334.967 -0.12
335.103 -0.121
335.237 -0.122
335.369 -0.123
335.5 -0.124
335.631 -0.125
335.762 -0.126
335.892 -0.127
336.021 -0.128
336.15 -0.129
336.277 -0.13
336.404 -0.131
336.53 -0.132
336.656 -0.133
336.781 -0.134
336.905 -0.135
337.03 -0.136
337.153 -0.137
337.277 -0.138
337.4 -0.139
337.522 -0.14
337.645 -0.141
337.766 -0.142
337.888 -0.143
338.008 -0.144
338.129 -0.145
338.249 -0.146
338.37 -0.147
338.489 -0.148
338.609 -0.149
338.728 -0.15
338.847 -0.151
338.966 -0.152
339.084 -0.153
339.202 -0.154
339.321 -0.155
339.438 -0.156
339.556 -0.157
339.674 -0.158
339.791 -0.159
339.907 -0.16
340.023 -0.161
340.139 -0.162
340.254 -0.163
340.369 -0.164
340.484 -0.165
340.598 -0.166
340.713 -0.167
340.828 -0.168
340.942 -0.169
341.057 -0.17
341.171 -0.171
341.285 -0.172
341.399 -0.173
341.514 -0.174
341.628 -0.175
341.742 -0.176
341.856 -0.177
341.97 -0.178
342.083 -0.179
342.197 -0.18
342.31 -0.181
342.423 -0.182
342.536 -0.183
342.649 -0.184
342.762 -0.185
342.875 -0.186
342.987 -0.187
343.1 -0.188
343.213 -0.189
343.324 -0.19
343.436 -0.191
343.548 -0.192
343.66 -0.193
343.772 -0.194
343.883 -0.195
343.995 -0.196
344.106 -0.197
344.216 -0.198
344.327 -0.199
344.438 -0.2
344.548 -0.201
344.659 -0.202
344.77 -0.203
344.88 -0.204
344.99 -0.205
345.1 -0.206
345.21 -0.207
345.319 -0.208
345.428 -0.209
345.538 -0.21
345.647 -0.211
345.756 -0.212
345.865 -0.213
345.974 -0.214
346.083 -0.215
346.193 -0.216
346.302 -0.217
346.411 -0.218
346.519 -0.219
346.628 -0.22
346.737 -0.221
346.846 -0.222
346.954 -0.223
347.063 -0.224
347.171 -0.225
347.279 -0.226
347.387 -0.227
347.495 -0.228
347.603 -0.229
347.711 -0.23
347.818 -0.231
347.926 -0.232
348.033 -0.233
348.14 -0.234
348.247 -0.235
348.355 -0.236
348.462 -0.237
348.569 -0.238
348.676 -0.239
348.783 -0.24
348.89 -0.241
348.997 -0.242
349.103 -0.243
349.209 -0.244
349.315 -0.245
349.421 -0.246
349.528 -0.247
349.634 -0.248
349.74 -0.249
349.846 -0.25
349.952 -0.251
350.058 -0.252
350.164 -0.253
350.271 -0.254
350.377 -0.255
350.483 -0.256
350.589 -0.257
350.695 -0.258
350.801 -0.259
350.906 -0.26
351.011 -0.261
351.116 -0.262
351.221 -0.263
351.326 -0.264
351.431 -0.265
351.536 -0.266
351.641 -0.267
351.746 -0.268
351.851 -0.269
351.956 -0.27
352.061 -0.271
352.167 -0.272
352.272 -0.273
352.377 -0.274
352.482 -0.275
352.587 -0.276
352.692 -0.277
352.797 -0.278
352.901 -0.279
353.006 -0.28
353.111 -0.281
353.216 -0.282
353.321 -0.283
353.426 -0.284
353.531 -0.285
353.636 -0.286
353.74 -0.287
353.845 -0.288
353.949 -0.289
354.053 -0.29
354.157 -0.291
354.262 -0.292
354.366 -0.293
354.47 -0.294
354.574 -0.295
354.678 -0.296
354.782 -0.297
354.887 -0.298
354.991 -0.299
355.095 -0.3
355.199 -0.301
355.303 -0.302
355.407 -0.303
355.512 -0.304
355.616 -0.305
355.72 -0.306
355.824 -0.307
355.929 -0.308
356.033 -0.309
356.137 -0.31
356.241 -0.311
356.346 -0.312
356.45 -0.313
356.554 -0.314
356.659 -0.315
356.763 -0.316
356.867 -0.317
356.972 -0.318
357.076 -0.319
357.181 -0.32
357.285 -0.321
357.389 -0.322
357.493 -0.323
357.598 -0.324
357.702 -0.325
357.806 -0.326
357.91 -0.327
358.015 -0.328
358.119 -0.329
358.223 -0.33
358.328 -0.331
358.432 -0.332
358.537 -0.333
358.641 -0.334
358.745 -0.335
358.849 -0.336
358.953 -0.337
359.057 -0.338
359.16 -0.339
359.264 -0.34
359.368 -0.341
359.472 -0.342
359.576 -0.343
359.679 -0.344
359.783 -0.345
359.887 -0.346
359.991 -0.347
360.095 -0.348
360.199 -0.349
360.303 -0.35
360.407 -0.351
360.511 -0.352
360.615 -0.353
360.719 -0.354
360.823 -0.355
360.927 -0.356
361.031 -0.357
361.135 -0.358
361.239 -0.359
361.343 -0.36
361.447 -0.361
361.551 -0.362
361.655 -0.363
361.759 -0.364
361.863 -0.365
361.968 -0.366
362.072 -0.367
362.176 -0.368
362.28 -0.369
362.384 -0.37
362.489 -0.371
362.593 -0.372
362.697 -0.373
362.802 -0.374
362.906 -0.375
363.01 -0.376
363.115 -0.377
363.219 -0.378
363.324 -0.379
363.428 -0.38
363.532 -0.381
363.637 -0.382
363.741 -0.383
363.846 -0.384
363.95 -0.385
364.054 -0.386
364.159 -0.387
364.263 -0.388
364.367 -0.389
364.472 -0.39
364.576 -0.391
364.681 -0.392
364.785 -0.393
364.89 -0.394
364.994 -0.395
365.099 -0.396
365.203 -0.397
365.308 -0.398
365.412 -0.399
365.517 -0.4
365.622 -0.401
365.726 -0.402
365.831 -0.403
365.936 -0.404
366.04 -0.405
366.145 -0.406
366.25 -0.407
366.354 -0.408
366.459 -0.409
366.564 -0.41
366.668 -0.411
366.773 -0.412
366.878 -0.413
366.982 -0.414
367.086 -0.415
367.19 -0.416
367.294 -0.417
367.397 -0.418
367.501 -0.419
367.604 -0.42
367.707 -0.421
367.81 -0.422
367.914 -0.423
368.017 -0.424
368.12 -0.425
368.223 -0.426
368.326 -0.427
368.43 -0.428
368.533 -0.429
368.636 -0.43
368.739 -0.431
368.842 -0.432
368.945 -0.433
369.048 -0.434
369.15 -0.435
369.253 -0.436
369.356 -0.437
369.459 -0.438
369.562 -0.439
369.664 -0.44
369.767 -0.441
369.869 -0.442
369.971 -0.443
370.073 -0.444
370.175 -0.445
370.277 -0.446
370.378 -0.447
370.479 -0.448
370.581 -0.449
370.682 -0.45
370.783 -0.451
370.884 -0.452
370.985 -0.453
371.086 -0.454
371.187 -0.455
371.288 -0.456
371.39 -0.457
371.491 -0.458
371.592 -0.459
371.693 -0.46
371.795 -0.461
371.896 -0.462
371.997 -0.463
372.099 -0.464
372.2 -0.465
372.302 -0.466
372.403 -0.467
372.504 -0.468
372.606 -0.469
372.707 -0.47
372.808 -0.471
372.91 -0.472
373.011 -0.473
373.113 -0.474
373.214 -0.475
373.316 -0.476
373.417 -0.477
373.519 -0.478
373.62 -0.479
373.722 -0.48
373.824 -0.481
373.925 -0.482
374.027 -0.483
374.129 -0.484
374.231 -0.485
374.332 -0.486
374.434 -0.487
374.536 -0.488
374.638 -0.489
374.739 -0.49
374.841 -0.491
374.942 -0.492
375.044 -0.493
375.145 -0.494
375.247 -0.495
375.348 -0.496
375.448 -0.497
375.548 -0.498
375.648 -0.499
375.748 -0.5
375.847 -0.501
375.947 -0.502
376.046 -0.503
376.146 -0.504
376.245 -0.505
376.344 -0.506
376.443 -0.507
376.542 -0.508
376.641 -0.509
376.739 -0.51
376.838 -0.511
376.936 -0.512
377.034 -0.513
377.132 -0.514
377.229 -0.515
377.327 -0.516
377.424 -0.517
377.522 -0.518
377.619 -0.519
377.716 -0.52
377.814 -0.521
377.911 -0.522
378.008 -0.523
378.105 -0.524
378.201 -0.525
378.298 -0.526
378.394 -0.527
378.49 -0.528
378.587 -0.529
378.683 -0.53
378.779 -0.531
378.876 -0.532
378.972 -0.533
379.068 -0.534
379.164 -0.535
379.261 -0.536
379.357 -0.537
379.453 -0.538
379.549 -0.539
379.644 -0.54
379.74 -0.541
379.836 -0.542
379.931 -0.543
380.026 -0.544
380.122 -0.545
380.217 -0.546
380.305 -0.547
380.367 -0.548
380.366 -0.549
380.268 -0.55
380.07 -0.551
379.824 -0.552
379.577 -0.553
379.33 -0.554
379.082 -0.555
378.835 -0.556
378.588 -0.557
378.34 -0.558
378.093 -0.559
377.846 -0.56
377.599 -0.561
377.351 -0.562
377.104 -0.563
376.857 -0.564
376.61 -0.565
376.362 -0.566
376.115 -0.567
375.868 -0.568
375.62 -0.569
375.373 -0.57
375.125 -0.571
374.877 -0.572
374.63 -0.573
374.382 -0.574
374.134 -0.575
373.886 -0.576
373.639 -0.577
373.391 -0.578
373.143 -0.579
372.895 -0.58
372.647 -0.581
372.398 -0.582
372.15 -0.583
371.902 -0.584
371.654 -0.585
371.406 -0.586
371.158 -0.587
370.909 -0.588
370.661 -0.589
370.413 -0.59
370.164 -0.591
369.915 -0.592
369.667 -0.593
369.418 -0.594
369.169 -0.595
368.92 -0.596
368.67 -0.597
368.421 -0.598
368.171 -0.599
367.922 -0.6
