9.40212 -0.001
18.7919 -0.002
28.1692 -0.003
37.534 -0.004
46.8861 -0.005
56.2255 -0.006
65.5519 -0.007
74.8654 -0.008
84.1657 -0.009
93.4528 -0.01
102.727 -0.011
111.987 -0.012
121.233 -0.013
130.466 -0.014
139.685 -0.015
148.89 -0.016
158.081 -0.017
167.258 -0.018
176.42 -0.019
185.567 -0.02
194.7 -0.021
203.818 -0.022
212.92 -0.023
222.008 -0.024
231.08 -0.025
240.137 -0.026
249.177 -0.027
258.199 -0.028
266.706 -0.029
272.654 -0.03
276.383 -0.031
280.08 -0.032
283.766 -0.033
287.46 -0.034
291.162 -0.035
294.87 -0.036
298.585 -0.037
302.302 -0.038
306.013 -0.039
309.718 -0.04
313.412 -0.041
317.093 -0.042
320.763 -0.043
324.42 -0.044
328.068 -0.045
331.707 -0.046
335.334 -0.047
338.943 -0.048
342.535 -0.049
346.089 -0.05
349.532 -0.051
352.806 -0.052
355.811 -0.053
358.368 -0.054
360.581 -0.055
362.748 -0.056
364.838 -0.057
366.791 -0.058
368.596 -0.059
370.161 -0.06
371.556 -0.061
372.585 -0.062
373.155 -0.063
373.64 -0.064
374.119 -0.065
374.594 -0.066
375.065 -0.067
375.53 -0.068
375.988 -0.069
376.438 -0.07
376.876 -0.071
377.299 -0.072
377.707 -0.073
378.103 -0.074
378.482 -0.075
378.843 -0.076
379.189 -0.077
379.52 -0.078
379.834 -0.079
380.134 -0.08
380.419 -0.081
380.685 -0.082
380.939 -0.083
381.183 -0.084
381.414 -0.085
381.636 -0.086
381.848 -0.087
382.053 -0.088
382.252 -0.089
382.446 -0.09
382.637 -0.091
382.821 -0.092
383.002 -0.093
383.18 -0.094
383.355 -0.095
383.528 -0.096
383.698 -0.097
383.866 -0.098
384.033 -0.099
384.197 -0.1
384.36 -0.101
384.522 -0.102
384.681 -0.103
384.84 -0.104
384.996 -0.105
385.151 -0.106
385.304 -0.107
385.456 -0.108
385.606 -0.109
385.754 -0.11
385.9 -0.111
386.046 -0.112
386.189 -0.113
386.332 -0.114
386.472 -0.115
386.612 -0.116
386.75 -0.117
386.886 -0.118
387.021 -0.119
387.155 -0.12
387.287 -0.121
387.418 -0.122
387.547 -0.123
387.675 -0.124
387.802 -0.125
387.928 -0.126
388.053 -0.127
388.177 -0.128
388.299 -0.129
388.42 -0.13
388.54 -0.131
388.659 -0.132
388.778 -0.133
388.896 -0.134
389.012 -0.135
389.126 -0.136
389.239 -0.137
389.351 -0.138
389.462 -0.139
389.573 -0.14
389.683 -0.141
389.792 -0.142
389.9 -0.143
390.006 -0.144
390.112 -0.145
390.216 -0.146
390.319 -0.147
390.422 -0.148
390.524 -0.149
390.625 -0.15
390.725 -0.151
390.824 -0.152
390.922 -0.153
391.02 -0.154
391.116 -0.155
391.211 -0.156
391.306 -0.157
391.4 -0.158
391.494 -0.159
391.587 -0.16
391.679 -0.161
391.771 -0.162
391.861 -0.163
391.949 -0.164
392.038 -0.165
392.126 -0.166
392.213 -0.167
392.301 -0.168
392.387 -0.169
392.472 -0.17
392.556 -0.171
392.64 -0.172
392.724 -0.173
392.808 -0.174
392.891 -0.175
392.973 -0.176
393.053 -0.177
393.134 -0.178
393.214 -0.179
393.294 -0.18
393.374 -0.181
393.453 -0.182
393.531 -0.183
393.609 -0.184
393.686 -0.185
393.763 -0.186
393.84 -0.187
393.916 -0.188
393.993 -0.189
394.069 -0.19
394.145 -0.191
394.221 -0.192
394.297 -0.193
394.373 -0.194
394.448 -0.195
394.523 -0.196
394.598 -0.197
394.673 -0.198
394.748 -0.199
394.822 -0.2
394.897 -0.201
394.971 -0.202
395.045 -0.203
395.118 -0.204
395.192 -0.205
395.264 -0.206
395.337 -0.207
395.409 -0.208
395.481 -0.209
395.553 -0.21
395.625 -0.211
395.697 -0.212
395.769 -0.213
395.841 -0.214
395.912 -0.215
395.984 -0.216
396.055 -0.217
396.125 -0.218
396.195 -0.219
396.265 -0.22
396.335 -0.221
396.405 -0.222
396.474 -0.223
396.544 -0.224
396.613 -0.225
396.682 -0.226
396.751 -0.227
396.82 -0.228
396.889 -0.229
396.957 -0.23
397.025 -0.231
397.092 -0.232
397.16 -0.233
397.227 -0.234
397.293 -0.235
397.36 -0.236
397.427 -0.237
397.493 -0.238
397.56 -0.239
397.626 -0.24
397.693 -0.241
397.759 -0.242
397.825 -0.243
397.89 -0.244
397.955 -0.245
398.019 -0.246
398.084 -0.247
398.148 -0.248
398.212 -0.249
398.276 -0.25
398.34 -0.251
398.403 -0.252
398.467 -0.253
398.53 -0.254
398.594 -0.255
398.656 -0.256
398.719 -0.257
398.782 -0.258
398.845 -0.259
398.907 -0.26
398.969 -0.261
399.032 -0.262
399.094 -0.263
399.155 -0.264
399.217 -0.265
399.279 -0.266
399.34 -0.267
399.401 -0.268
399.462 -0.269
399.524 -0.27
399.585 -0.271
399.645 -0.272
399.706 -0.273
399.766 -0.274
399.827 -0.275
399.887 -0.276
399.947 -0.277
400.007 -0.278
400.067 -0.279
400.126 -0.28
400.186 -0.281
400.245 -0.282
400.304 -0.283
400.363 -0.284
400.422 -0.285
400.481 -0.286
400.54 -0.287
400.599 -0.288
400.657 -0.289
400.716 -0.29
400.773 -0.291
400.831 -0.292
400.888 -0.293
400.946 -0.294
401.003 -0.295
401.06 -0.296
401.117 -0.297
401.174 -0.298
401.231 -0.299
401.288 -0.3
401.344 -0.301
401.401 -0.302
401.457 -0.303
401.513 -0.304
401.569 -0.305
401.625 -0.306
401.681 -0.307
401.737 -0.308
401.792 -0.309
401.847 -0.31
401.903 -0.311
401.958 -0.312
402.013 -0.313
402.068 -0.314
402.122 -0.315
402.177 -0.316
402.231 -0.317
402.286 -0.318
402.34 -0.319
402.394 -0.32
402.448 -0.321
402.502 -0.322
402.556 -0.323
402.61 -0.324
402.664 -0.325
402.717 -0.326
402.771 -0.327
402.824 -0.328
402.878 -0.329
402.931 -0.33
402.985 -0.331
403.038 -0.332
403.091 -0.333
403.144 -0.334
403.197 -0.335
403.25 -0.336
403.303 -0.337
403.356 -0.338
403.408 -0.339
403.461 -0.34
403.513 -0.341
403.565 -0.342
403.617 -0.343
403.669 -0.344
403.72 -0.345
403.772 -0.346
403.824 -0.347
403.875 -0.348
403.927 -0.349
403.978 -0.35
404.03 -0.351
404.081 -0.352
404.132 -0.353
404.184 -0.354
404.235 -0.355
404.286 -0.356
404.336 -0.357
404.387 -0.358
404.438 -0.359
404.488 -0.36
404.539 -0.361
404.589 -0.362
404.639 -0.363
404.69 -0.364
404.74 -0.365
404.79 -0.366
404.84 -0.367
404.89 -0.368
404.939 -0.369
404.989 -0.37
405.038 -0.371
405.088 -0.372
405.137 -0.373
405.187 -0.374
405.236 -0.375
405.285 -0.376
405.334 -0.377
405.383 -0.378
405.432 -0.379
405.481 -0.38
405.53 -0.381
405.578 -0.382
405.627 -0.383
405.675 -0.384
405.723 -0.385
405.771 -0.386
405.819 -0.387
405.867 -0.388
405.915 -0.389
405.962 -0.39
406.01 -0.391
406.057 -0.392
406.105 -0.393
406.152 -0.394
406.199 -0.395
406.246 -0.396
406.293 -0.397
406.34 -0.398
406.387 -0.399
406.434 -0.4
406.481 -0.401
406.527 -0.402
406.574 -0.403
406.62 -0.404
406.667 -0.405
406.713 -0.406
406.759 -0.407
406.805 -0.408
406.85 -0.409
406.896 -0.41
406.942 -0.411
406.987 -0.412
407.033 -0.413
407.077 -0.414
407.122 -0.415
407.167 -0.416
407.211 -0.417
407.255 -0.418
407.299 -0.419
407.342 -0.42
407.386 -0.421
407.429 -0.422
407.471 -0.423
407.513 -0.424
407.554 -0.425
407.595 -0.426
407.635 -0.427
407.675 -0.428
407.712 -0.429
407.748 -0.43
407.782 -0.431
407.817 -0.432
407.85 -0.433
407.88 -0.434
407.91 -0.435
407.94 -0.436
407.968 -0.437
407.992 -0.438
408.014 -0.439
408.038 -0.44
408.057 -0.441
408.083 -0.442
408.107 -0.443
408.128 -0.444
408.145 -0.445
408.164 -0.446
408.183 -0.447
408.205 -0.448
408.228 -0.449
408.249 -0.45
408.268 -0.451
408.284 -0.452
408.305 -0.453
408.323 -0.454
408.346 -0.455
408.365 -0.456
408.383 -0.457
408.399 -0.458
408.416 -0.459
408.434 -0.46
408.455 -0.461
408.476 -0.462
408.496 -0.463
408.515 -0.464
408.534 -0.465
408.553 -0.466
408.574 -0.467
408.598 -0.468
408.624 -0.469
408.65 -0.47
408.677 -0.471
408.703 -0.472
408.73 -0.473
408.757 -0.474
408.784 -0.475
408.81 -0.476
408.837 -0.477
408.863 -0.478
408.889 -0.479
408.915 -0.48
408.942 -0.481
408.969 -0.482
408.996 -0.483
409.021 -0.484
409.046 -0.485
409.071 -0.486
409.095 -0.487
409.12 -0.488
409.145 -0.489
409.167 -0.49
409.186 -0.491
409.201 -0.492
409.211 -0.493
409.217 -0.494
409.217 -0.495
409.209 -0.496
409.194 -0.497
409.169 -0.498
409.148 -0.499
409.125 -0.5
409.105 -0.501
409.095 -0.502
409.079 -0.503
409.058 -0.504
409.042 -0.505
409.028 -0.506
409.019 -0.507
409.014 -0.508
409.005 -0.509
409.016 -0.51
409.022 -0.511
409.041 -0.512
409.058 -0.513
409.088 -0.514
409.113 -0.515
409.148 -0.516
409.185 -0.517
409.229 -0.518
409.27 -0.519
409.321 -0.52
409.37 -0.521
409.417 -0.522
409.467 -0.523
409.516 -0.524
409.567 -0.525
409.615 -0.526
409.656 -0.527
409.696 -0.528
409.731 -0.529
409.765 -0.53
409.799 -0.531
409.831 -0.532
409.863 -0.533
409.894 -0.534
409.922 -0.535
409.949 -0.536
409.974 -0.537
409.993 -0.538
410.006 -0.539
410.01 -0.54
410.007 -0.541
410.018 -0.542
410.024 -0.543
410.043 -0.544
410.075 -0.545
410.105 -0.546
410.131 -0.547
410.159 -0.548
410.189 -0.549
410.222 -0.55
410.255 -0.551
410.287 -0.552
410.319 -0.553
410.35 -0.554
410.381 -0.555
410.411 -0.556
410.441 -0.557
410.474 -0.558
410.507 -0.559
410.542 -0.56
410.578 -0.561
410.613 -0.562
410.648 -0.563
410.683 -0.564
410.717 -0.565
410.75 -0.566
410.782 -0.567
410.817 -0.568
410.853 -0.569
410.891 -0.57
410.929 -0.571
410.967 -0.572
411.005 -0.573
411.043 -0.574
411.081 -0.575
411.119 -0.576
411.156 -0.577
411.194 -0.578
411.233 -0.579
411.274 -0.58
411.315 -0.581
411.356 -0.582
411.397 -0.583
411.438 -0.584
411.48 -0.585
411.521 -0.586
411.562 -0.587
411.603 -0.588
411.644 -0.589
411.685 -0.59
411.727 -0.591
411.769 -0.592
411.812 -0.593
411.856 -0.594
411.9 -0.595
411.944 -0.596
411.989 -0.597
412.034 -0.598
412.08 -0.599
412.125 -0.6
412.171 -0.601
412.217 -0.602
412.264 -0.603
412.311 -0.604
412.358 -0.605
412.405 -0.606
412.454 -0.607
412.502 -0.608
412.55 -0.609
412.598 -0.61
412.647 -0.611
412.696 -0.612
412.746 -0.613
412.795 -0.614
412.844 -0.615
412.893 -0.616
412.943 -0.617
412.993 -0.618
413.043 -0.619
413.093 -0.62
413.144 -0.621
413.195 -0.622
413.246 -0.623
413.297 -0.624
413.349 -0.625
413.4 -0.626
413.453 -0.627
413.505 -0.628
413.557 -0.629
413.61 -0.63
413.663 -0.631
413.716 -0.632
413.77 -0.633
413.823 -0.634
413.878 -0.635
413.932 -0.636
413.986 -0.637
414.041 -0.638
414.096 -0.639
414.151 -0.64
414.206 -0.641
414.261 -0.642
414.317 -0.643
414.372 -0.644
414.428 -0.645
414.483 -0.646
414.539 -0.647
414.594 -0.648
414.65 -0.649
414.706 -0.65
414.762 -0.651
414.817 -0.652
414.873 -0.653
414.929 -0.654
414.986 -0.655
415.042 -0.656
415.098 -0.657
415.154 -0.658
415.21 -0.659
415.267 -0.66
415.323 -0.661
415.38 -0.662
415.436 -0.663
415.493 -0.664
415.549 -0.665
415.606 -0.666
415.663 -0.667
415.72 -0.668
415.777 -0.669
415.834 -0.67
415.891 -0.671
415.948 -0.672
416.005 -0.673
416.062 -0.674
416.12 -0.675
416.177 -0.676
416.234 -0.677
416.292 -0.678
416.349 -0.679
416.407 -0.68
416.465 -0.681
416.522 -0.682
416.58 -0.683
416.638 -0.684
416.696 -0.685
416.754 -0.686
416.812 -0.687
416.87 -0.688
416.928 -0.689
416.986 -0.69
417.044 -0.691
417.103 -0.692
417.161 -0.693
417.219 -0.694
417.278 -0.695
417.336 -0.696
417.395 -0.697
417.453 -0.698
417.512 -0.699
417.571 -0.7
417.629 -0.701
417.688 -0.702
417.747 -0.703
417.806 -0.704
417.865 -0.705
417.923 -0.706
417.982 -0.707
418.041 -0.708
418.1 -0.709
418.159 -0.71
418.218 -0.711
418.277 -0.712
418.336 -0.713
418.395 -0.714
418.454 -0.715
418.513 -0.716
418.572 -0.717
418.63 -0.718
418.689 -0.719
418.748 -0.72
418.806 -0.721
418.865 -0.722
418.923 -0.723
418.981 -0.724
419.039 -0.725
419.097 -0.726
419.154 -0.727
419.21 -0.728
419.266 -0.729
419.319 -0.73
419.368 -0.731
419.412 -0.732
419.451 -0.733
419.483 -0.734
419.508 -0.735
419.526 -0.736
419.535 -0.737
419.539 -0.738
419.541 -0.739
419.542 -0.74
419.547 -0.741
419.546 -0.742
419.543 -0.743
419.544 -0.744
419.556 -0.745
419.579 -0.746
419.605 -0.747
419.631 -0.748
419.659 -0.749
419.687 -0.75
419.716 -0.751
419.746 -0.752
419.777 -0.753
419.81 -0.754
419.844 -0.755
419.879 -0.756
419.914 -0.757
419.951 -0.758
419.988 -0.759
420.026 -0.76
420.065 -0.761
420.104 -0.762
420.143 -0.763
420.182 -0.764
420.221 -0.765
420.257 -0.766
420.292 -0.767
420.327 -0.768
420.362 -0.769
420.397 -0.77
420.43 -0.771
420.46 -0.772
420.491 -0.773
420.521 -0.774
420.55 -0.775
420.58 -0.776
420.609 -0.777
420.637 -0.778
420.666 -0.779
420.694 -0.78
420.721 -0.781
420.749 -0.782
420.775 -0.783
420.802 -0.784
420.829 -0.785
420.856 -0.786
420.885 -0.787
420.913 -0.788
420.944 -0.789
420.977 -0.79
421.01 -0.791
421.046 -0.792
421.083 -0.793
421.12 -0.794
421.157 -0.795
421.196 -0.796
421.233 -0.797
421.271 -0.798
421.315 -0.799
421.363 -0.8
421.41 -0.801
421.462 -0.802
421.515 -0.803
421.568 -0.804
421.633 -0.805
421.705 -0.806
421.778 -0.807
421.856 -0.808
421.94 -0.809
422.025 -0.81
422.111 -0.811
422.202 -0.812
422.295 -0.813
422.389 -0.814
422.484 -0.815
422.583 -0.816
422.683 -0.817
422.784 -0.818
422.886 -0.819
422.991 -0.82
423.095 -0.821
423.2 -0.822
423.305 -0.823
423.411 -0.824
423.518 -0.825
423.625 -0.826
423.731 -0.827
423.838 -0.828
423.944 -0.829
424.051 -0.83
424.157 -0.831
424.264 -0.832
424.37 -0.833
424.476 -0.834
424.582 -0.835
424.688 -0.836
424.794 -0.837
424.899 -0.838
425.001 -0.839
425.101 -0.84
425.197 -0.841
425.288 -0.842
425.378 -0.843
425.465 -0.844
425.549 -0.845
425.628 -0.846
425.705 -0.847
425.783 -0.848
425.86 -0.849
425.938 -0.85
426.016 -0.851
426.094 -0.852
426.172 -0.853
426.25 -0.854
426.329 -0.855
426.407 -0.856
426.486 -0.857
426.564 -0.858
426.643 -0.859
426.722 -0.86
426.801 -0.861
426.881 -0.862
426.96 -0.863
427.039 -0.864
427.119 -0.865
427.199 -0.866
427.279 -0.867
427.359 -0.868
427.439 -0.869
427.519 -0.87
427.599 -0.871
427.68 -0.872
427.76 -0.873
427.841 -0.874
427.922 -0.875
428.003 -0.876
428.084 -0.877
428.166 -0.878
428.247 -0.879
428.328 -0.88
428.41 -0.881
428.492 -0.882
428.574 -0.883
428.656 -0.884
428.738 -0.885
428.82 -0.886
428.903 -0.887
428.985 -0.888
429.068 -0.889
429.151 -0.89
429.234 -0.891
429.317 -0.892
429.4 -0.893
429.483 -0.894
429.567 -0.895
429.651 -0.896
429.734 -0.897
429.818 -0.898
429.902 -0.899
429.986 -0.9
430.07 -0.901
430.155 -0.902
430.239 -0.903
430.324 -0.904
430.409 -0.905
430.494 -0.906
430.579 -0.907
430.664 -0.908
430.749 -0.909
430.835 -0.91
430.92 -0.911
431.006 -0.912
431.092 -0.913
431.178 -0.914
431.264 -0.915
431.35 -0.916
431.437 -0.917
431.523 -0.918
431.61 -0.919
431.696 -0.92
431.783 -0.921
431.87 -0.922
431.957 -0.923
432.045 -0.924
432.132 -0.925
432.22 -0.926
432.307 -0.927
432.395 -0.928
432.483 -0.929
432.571 -0.93
432.659 -0.931
432.748 -0.932
432.837 -0.933
432.927 -0.934
433.017 -0.935
433.107 -0.936
433.197 -0.937
433.288 -0.938
433.378 -0.939
433.469 -0.94
433.56 -0.941
433.651 -0.942
433.742 -0.943
433.833 -0.944
433.925 -0.945
434.016 -0.946
434.108 -0.947
434.199 -0.948
434.291 -0.949
434.383 -0.95
434.475 -0.951
434.567 -0.952
434.66 -0.953
434.752 -0.954
434.845 -0.955
434.937 -0.956
435.03 -0.957
435.123 -0.958
435.216 -0.959
435.308 -0.96
435.401 -0.961
435.495 -0.962
435.588 -0.963
435.681 -0.964
435.775 -0.965
435.868 -0.966
435.962 -0.967
436.056 -0.968
436.15 -0.969
436.244 -0.97
436.338 -0.971
436.432 -0.972
436.526 -0.973
436.621 -0.974
436.715 -0.975
436.809 -0.976
436.904 -0.977
436.998 -0.978
437.093 -0.979
437.188 -0.98
437.283 -0.981
437.378 -0.982
437.474 -0.983
437.569 -0.984
437.665 -0.985
437.761 -0.986
437.857 -0.987
437.953 -0.988
438.049 -0.989
438.145 -0.99
438.241 -0.991
438.338 -0.992
438.435 -0.993
438.532 -0.994
438.628 -0.995
438.726 -0.996
438.823 -0.997
438.92 -0.998
439.018 -0.999
439.115 -1
439.213 -1.001
439.311 -1.002
439.409 -1.003
439.507 -1.004
439.605 -1.005
439.704 -1.006
439.802 -1.007
439.901 -1.008
440 -1.009
440.099 -1.01
440.197 -1.011
440.296 -1.012
440.395 -1.013
440.494 -1.014
440.592 -1.015
440.691 -1.016
440.79 -1.017
440.889 -1.018
440.988 -1.019
441.087 -1.02
441.187 -1.021
441.286 -1.022
441.385 -1.023
441.485 -1.024
441.584 -1.025
441.684 -1.026
441.783 -1.027
441.883 -1.028
441.983 -1.029
442.083 -1.03
442.184 -1.031
442.284 -1.032
442.384 -1.033
442.485 -1.034
442.586 -1.035
442.686 -1.036
442.787 -1.037
442.888 -1.038
442.989 -1.039
443.09 -1.04
443.191 -1.041
443.292 -1.042
443.394 -1.043
443.495 -1.044
443.597 -1.045
443.698 -1.046
443.8 -1.047
443.902 -1.048
444.004 -1.049
444.106 -1.05
444.207 -1.051
444.309 -1.052
444.411 -1.053
444.513 -1.054
444.615 -1.055
444.717 -1.056
444.819 -1.057
444.921 -1.058
445.022 -1.059
445.123 -1.06
445.224 -1.061
445.323 -1.062
445.422 -1.063
445.519 -1.064
445.615 -1.065
445.71 -1.066
445.804 -1.067
445.896 -1.068
445.986 -1.069
446.076 -1.07
446.164 -1.071
446.25 -1.072
446.335 -1.073
446.42 -1.074
446.503 -1.075
446.586 -1.076
446.669 -1.077
446.751 -1.078
446.833 -1.079
446.915 -1.08
446.996 -1.081
447.077 -1.082
447.157 -1.083
447.236 -1.084
447.314 -1.085
447.391 -1.086
447.468 -1.087
447.543 -1.088
447.623 -1.089
447.705 -1.09
447.788 -1.091
447.87 -1.092
447.952 -1.093
448.034 -1.094
448.116 -1.095
448.2 -1.096
448.286 -1.097
448.373 -1.098
448.459 -1.099
448.546 -1.1
