7.35345 -0.001
14.6524 -0.002
21.897 -0.003
29.0877 -0.004
36.2248 -0.005
43.3084 -0.006
50.339 -0.007
57.3168 -0.008
64.242 -0.009
71.115 -0.01
77.936 -0.011
84.7053 -0.012
91.4231 -0.013
98.0899 -0.014
104.706 -0.015
111.271 -0.016
117.786 -0.017
124.25 -0.018
130.665 -0.019
137.031 -0.02
143.346 -0.021
149.613 -0.022
155.831 -0.023
162.001 -0.024
168.122 -0.025
174.194 -0.026
180.219 -0.027
186.196 -0.028
192.126 -0.029
198.009 -0.03
203.844 -0.031
209.633 -0.032
215.375 -0.033
221.071 -0.034
226.72 -0.035
232.323 -0.036
237.881 -0.037
243.285 -0.038
248.04 -0.039
252.366 -0.04
256.643 -0.041
260.873 -0.042
265.025 -0.043
269.017 -0.044
272.835 -0.045
276.424 -0.046
279.801 -0.047
282.888 -0.048
285.825 -0.049
288.725 -0.05
291.594 -0.051
294.425 -0.052
297.213 -0.053
299.961 -0.054
302.666 -0.055
305.331 -0.056
307.896 -0.057
310.306 -0.058
312.429 -0.059
314.207 -0.06
315.892 -0.061
317.485 -0.062
319.026 -0.063
320.476 -0.064
321.825 -0.065
323.073 -0.066
324.283 -0.067
325.453 -0.068
326.559 -0.069
327.57 -0.07
328.464 -0.071
329.294 -0.072
330.076 -0.073
330.796 -0.074
331.414 -0.075
331.939 -0.076
332.41 -0.077
332.855 -0.078
333.269 -0.079
333.646 -0.08
333.993 -0.081
334.309 -0.082
334.567 -0.083
334.77 -0.084
334.92 -0.085
335.026 -0.086
335.107 -0.087
335.167 -0.088
335.203 -0.089
335.219 -0.09
335.213 -0.091
335.19 -0.092
335.145 -0.093
335.081 -0.094
334.993 -0.095
334.885 -0.096
334.755 -0.097
334.603 -0.098
334.432 -0.099
334.24 -0.1
334.031 -0.101
333.8 -0.102
333.557 -0.103
333.303 -0.104
333.039 -0.105
332.766 -0.106
332.483 -0.107
332.192 -0.108
331.893 -0.109
331.587 -0.11
331.272 -0.111
330.945 -0.112
330.607 -0.113
330.264 -0.114
329.909 -0.115
329.545 -0.116
329.172 -0.117
328.793 -0.118
328.402 -0.119
328.003 -0.12
327.599 -0.121
327.189 -0.122
326.77 -0.123
326.344 -0.124
325.914 -0.125
325.479 -0.126
325.039 -0.127
324.596 -0.128
324.149 -0.129
323.699 -0.13
323.245 -0.131
322.789 -0.132
322.329 -0.133
321.865 -0.134
321.399 -0.135
320.931 -0.136
320.459 -0.137
319.984 -0.138
319.507 -0.139
319.028 -0.14
318.547 -0.141
318.065 -0.142
317.581 -0.143
317.096 -0.144
316.609 -0.145
316.121 -0.146
315.632 -0.147
315.142 -0.148
314.652 -0.149
314.16 -0.15
313.667 -0.151
313.172 -0.152
312.677 -0.153
312.181 -0.154
311.684 -0.155
311.187 -0.156
310.689 -0.157
310.19 -0.158
309.691 -0.159
309.191 -0.16
308.69 -0.161
308.188 -0.162
307.686 -0.163
307.183 -0.164
306.679 -0.165
306.176 -0.166
305.672 -0.167
305.169 -0.168
304.665 -0.169
304.162 -0.17
303.66 -0.171
303.158 -0.172
302.656 -0.173
302.154 -0.174
301.651 -0.175
301.15 -0.176
300.649 -0.177
300.148 -0.178
299.648 -0.179
299.148 -0.18
298.65 -0.181
298.151 -0.182
297.654 -0.183
297.158 -0.184
296.663 -0.185
296.169 -0.186
295.675 -0.187
295.182 -0.188
294.689 -0.189
294.198 -0.19
293.708 -0.191
293.219 -0.192
292.731 -0.193
292.244 -0.194
291.759 -0.195
291.274 -0.196
290.791 -0.197
290.309 -0.198
289.827 -0.199
289.346 -0.2
288.866 -0.201
288.388 -0.202
287.912 -0.203
287.438 -0.204
286.964 -0.205
286.491 -0.206
286.02 -0.207
285.551 -0.208
285.087 -0.209
284.626 -0.21
284.169 -0.211
283.715 -0.212
283.266 -0.213
282.822 -0.214
282.38 -0.215
281.941 -0.216
281.504 -0.217
281.068 -0.218
280.634 -0.219
280.202 -0.22
279.771 -0.221
279.34 -0.222
278.911 -0.223
278.484 -0.224
278.058 -0.225
277.634 -0.226
277.21 -0.227
276.788 -0.228
276.368 -0.229
275.95 -0.23
275.534 -0.231
275.12 -0.232
274.708 -0.233
274.298 -0.234
273.89 -0.235
273.484 -0.236
273.08 -0.237
272.678 -0.238
272.276 -0.239
271.876 -0.24
271.479 -0.241
271.083 -0.242
270.69 -0.243
270.299 -0.244
269.91 -0.245
269.523 -0.246
269.138 -0.247
268.755 -0.248
268.375 -0.249
267.999 -0.25
267.626 -0.251
267.256 -0.252
266.891 -0.253
266.531 -0.254
266.176 -0.255
265.825 -0.256
265.478 -0.257
265.136 -0.258
264.798 -0.259
264.465 -0.26
264.134 -0.261
263.806 -0.262
263.479 -0.263
263.154 -0.264
262.83 -0.265
262.509 -0.266
262.188 -0.267
261.87 -0.268
261.552 -0.269
261.237 -0.27
260.924 -0.271
260.613 -0.272
260.305 -0.273
259.997 -0.274
259.692 -0.275
259.389 -0.276
259.088 -0.277
258.789 -0.278
258.493 -0.279
258.199 -0.28
257.907 -0.281
257.617 -0.282
257.328 -0.283
257.041 -0.284
256.756 -0.285
256.472 -0.286
256.191 -0.287
255.913 -0.288
255.637 -0.289
255.362 -0.29
255.09 -0.291
254.82 -0.292
254.553 -0.293
254.288 -0.294
254.026 -0.295
253.766 -0.296
253.508 -0.297
253.251 -0.298
252.995 -0.299
252.741 -0.3
252.49 -0.301
252.242 -0.302
251.996 -0.303
251.753 -0.304
251.513 -0.305
251.272 -0.306
251.033 -0.307
250.794 -0.308
250.555 -0.309
250.318 -0.31
250.083 -0.311
249.851 -0.312
249.62 -0.313
249.391 -0.314
249.164 -0.315
248.937 -0.316
248.713 -0.317
248.487 -0.318
248.258 -0.319
248.032 -0.32
247.808 -0.321
247.588 -0.322
247.368 -0.323
247.147 -0.324
246.928 -0.325
246.71 -0.326
246.492 -0.327
246.272 -0.328
246.053 -0.329
245.838 -0.33
245.624 -0.331
245.413 -0.332
245.204 -0.333
244.998 -0.334
244.792 -0.335
244.588 -0.336
244.384 -0.337
244.182 -0.338
243.982 -0.339
243.784 -0.34
243.589 -0.341
243.396 -0.342
243.206 -0.343
243.019 -0.344
242.834 -0.345
242.645 -0.346
242.459 -0.347
242.275 -0.348
242.094 -0.349
241.916 -0.35
241.74 -0.351
241.566 -0.352
241.395 -0.353
241.224 -0.354
241.056 -0.355
240.888 -0.356
240.72 -0.357
240.555 -0.358
240.392 -0.359
240.232 -0.36
240.074 -0.361
239.919 -0.362
239.766 -0.363
239.616 -0.364
239.469 -0.365
239.324 -0.366
239.18 -0.367
239.038 -0.368
238.899 -0.369
238.763 -0.37
238.63 -0.371
238.499 -0.372
238.372 -0.373
238.247 -0.374
238.123 -0.375
238.001 -0.376
237.882 -0.377
237.766 -0.378
237.653 -0.379
237.543 -0.38
237.436 -0.381
237.332 -0.382
237.229 -0.383
237.128 -0.384
237.031 -0.385
236.936 -0.386
236.845 -0.387
236.757 -0.388
236.672 -0.389
236.589 -0.39
236.508 -0.391
236.429 -0.392
236.353 -0.393
236.278 -0.394
236.207 -0.395
236.139 -0.396
236.075 -0.397
236.012 -0.398
235.952 -0.399
235.895 -0.4
235.839 -0.401
235.786 -0.402
235.737 -0.403
235.691 -0.404
235.647 -0.405
235.605 -0.406
235.567 -0.407
235.529 -0.408
235.49 -0.409
235.454 -0.41
235.421 -0.411
235.388 -0.412
235.354 -0.413
235.321 -0.414
235.292 -0.415
235.261 -0.416
235.23 -0.417
235.202 -0.418
235.178 -0.419
235.15 -0.42
235.125 -0.421
235.103 -0.422
235.078 -0.423
235.055 -0.424
235.032 -0.425
235.005 -0.426
234.975 -0.427
234.946 -0.428
234.915 -0.429
234.887 -0.43
234.857 -0.431
234.83 -0.432
234.801 -0.433
234.775 -0.434
234.748 -0.435
234.724 -0.436
234.703 -0.437
234.684 -0.438
234.669 -0.439
234.656 -0.44
234.646 -0.441
234.64 -0.442
234.636 -0.443
234.636 -0.444
234.639 -0.445
234.645 -0.446
234.654 -0.447
234.666 -0.448
234.682 -0.449
234.701 -0.45
234.723 -0.451
234.748 -0.452
234.777 -0.453
234.81 -0.454
234.846 -0.455
234.885 -0.456
234.928 -0.457
234.974 -0.458
235.023 -0.459
235.076 -0.46
235.127 -0.461
235.18 -0.462
235.233 -0.463
235.285 -0.464
235.338 -0.465
235.39 -0.466
235.443 -0.467
235.494 -0.468
235.547 -0.469
235.597 -0.47
235.649 -0.471
235.698 -0.472
235.75 -0.473
235.805 -0.474
235.864 -0.475
235.926 -0.476
235.991 -0.477
236.059 -0.478
236.13 -0.479
236.206 -0.48
236.284 -0.481
236.362 -0.482
236.444 -0.483
236.527 -0.484
236.612 -0.485
236.699 -0.486
236.787 -0.487
236.878 -0.488
236.969 -0.489
237.063 -0.49
237.158 -0.491
237.255 -0.492
237.354 -0.493
237.456 -0.494
237.561 -0.495
237.67 -0.496
237.783 -0.497
237.899 -0.498
238.019 -0.499
238.142 -0.5
238.268 -0.501
238.397 -0.502
238.53 -0.503
238.667 -0.504
238.808 -0.505
238.953 -0.506
239.102 -0.507
239.254 -0.508
239.41 -0.509
239.571 -0.51
239.735 -0.511
239.904 -0.512
240.076 -0.513
240.252 -0.514
240.432 -0.515
240.616 -0.516
240.803 -0.517
240.994 -0.518
241.189 -0.519
241.388 -0.52
241.586 -0.521
241.777 -0.522
241.96 -0.523
242.136 -0.524
242.313 -0.525
242.493 -0.526
242.676 -0.527
242.863 -0.528
243.053 -0.529
243.247 -0.53
243.444 -0.531
243.646 -0.532
243.85 -0.533
244.057 -0.534
244.267 -0.535
244.482 -0.536
244.699 -0.537
244.92 -0.538
245.145 -0.539
245.373 -0.54
245.605 -0.541
245.84 -0.542
246.079 -0.543
246.322 -0.544
246.568 -0.545
246.819 -0.546
247.073 -0.547
247.331 -0.548
247.592 -0.549
247.858 -0.55
248.127 -0.551
248.399 -0.552
248.676 -0.553
248.956 -0.554
249.239 -0.555
249.527 -0.556
249.819 -0.557
250.115 -0.558
250.414 -0.559
250.716 -0.56
251.021 -0.561
251.319 -0.562
251.606 -0.563
251.895 -0.564
252.187 -0.565
252.456 -0.566
252.72 -0.567
252.986 -0.568
253.256 -0.569
253.528 -0.57
253.803 -0.571
254.082 -0.572
254.363 -0.573
254.648 -0.574
254.934 -0.575
255.223 -0.576
255.515 -0.577
255.81 -0.578
256.106 -0.579
256.406 -0.58
256.71 -0.581
257.017 -0.582
257.327 -0.583
257.641 -0.584
257.959 -0.585
258.28 -0.586
258.597 -0.587
258.908 -0.588
259.221 -0.589
259.537 -0.59
259.856 -0.591
260.178 -0.592
260.505 -0.593
260.834 -0.594
261.167 -0.595
261.502 -0.596
261.842 -0.597
262.184 -0.598
262.528 -0.599
262.875 -0.6
263.226 -0.601
263.58 -0.602
263.938 -0.603
264.299 -0.604
264.664 -0.605
265.031 -0.606
265.401 -0.607
265.773 -0.608
266.15 -0.609
266.529 -0.61
266.913 -0.611
267.299 -0.612
267.688 -0.613
268.082 -0.614
268.478 -0.615
268.877 -0.616
269.279 -0.617
269.683 -0.618
270.091 -0.619
270.501 -0.62
270.916 -0.621
271.334 -0.622
271.756 -0.623
272.18 -0.624
272.607 -0.625
273.033 -0.626
273.456 -0.627
273.874 -0.628
274.289 -0.629
274.7 -0.63
275.114 -0.631
275.531 -0.632
275.952 -0.633
276.376 -0.634
276.804 -0.635
277.235 -0.636
277.669 -0.637
278.106 -0.638
278.545 -0.639
278.987 -0.64
279.432 -0.641
279.879 -0.642
280.33 -0.643
280.784 -0.644
281.241 -0.645
281.699 -0.646
282.16 -0.647
282.624 -0.648
283.083 -0.649
283.545 -0.65
284.01 -0.651
284.477 -0.652
284.947 -0.653
285.419 -0.654
285.894 -0.655
286.371 -0.656
286.851 -0.657
287.333 -0.658
287.818 -0.659
288.305 -0.66
288.795 -0.661
289.284 -0.662
289.775 -0.663
290.265 -0.664
290.755 -0.665
291.245 -0.666
291.735 -0.667
292.224 -0.668
292.715 -0.669
293.207 -0.67
293.701 -0.671
294.195 -0.672
294.693 -0.673
295.193 -0.674
295.696 -0.675
296.201 -0.676
296.707 -0.677
297.215 -0.678
297.724 -0.679
298.236 -0.68
298.75 -0.681
299.266 -0.682
299.784 -0.683
300.304 -0.684
300.826 -0.685
301.349 -0.686
301.873 -0.687
302.4 -0.688
302.929 -0.689
303.46 -0.69
303.992 -0.691
304.526 -0.692
305.061 -0.693
305.596 -0.694
306.134 -0.695
306.674 -0.696
307.218 -0.697
307.764 -0.698
308.312 -0.699
308.863 -0.7
309.415 -0.701
309.97 -0.702
310.526 -0.703
311.086 -0.704
311.649 -0.705
312.214 -0.706
312.783 -0.707
313.354 -0.708
313.926 -0.709
314.501 -0.71
315.077 -0.711
315.656 -0.712
316.237 -0.713
316.82 -0.714
317.402 -0.715
317.985 -0.716
318.568 -0.717
319.151 -0.718
319.735 -0.719
320.32 -0.72
320.903 -0.721
321.487 -0.722
322.068 -0.723
322.65 -0.724
323.229 -0.725
323.81 -0.726
324.391 -0.727
324.973 -0.728
325.555 -0.729
326.137 -0.73
326.718 -0.731
327.3 -0.732
327.878 -0.733
328.458 -0.734
329.037 -0.735
329.612 -0.736
330.189 -0.737
330.763 -0.738
331.333 -0.739
331.901 -0.74
332.468 -0.741
333.036 -0.742
333.606 -0.743
334.177 -0.744
334.749 -0.745
335.322 -0.746
335.898 -0.747
336.474 -0.748
337.052 -0.749
337.629 -0.75
338.207 -0.751
338.786 -0.752
339.366 -0.753
339.946 -0.754
340.528 -0.755
341.109 -0.756
341.69 -0.757
342.273 -0.758
342.856 -0.759
343.44 -0.76
344.027 -0.761
344.612 -0.762
345.2 -0.763
345.789 -0.764
346.377 -0.765
346.968 -0.766
347.559 -0.767
348.15 -0.768
348.738 -0.769
349.328 -0.77
349.913 -0.771
350.501 -0.772
351.086 -0.773
351.669 -0.774
352.253 -0.775
352.829 -0.776
353.407 -0.777
353.988 -0.778
354.572 -0.779
355.157 -0.78
355.744 -0.781
356.335 -0.782
356.927 -0.783
357.521 -0.784
358.119 -0.785
358.719 -0.786
359.321 -0.787
359.926 -0.788
360.534 -0.789
361.144 -0.79
361.757 -0.791
362.372 -0.792
362.99 -0.793
363.609 -0.794
364.23 -0.795
364.848 -0.796
365.458 -0.797
366.071 -0.798
366.686 -0.799
367.299 -0.8
367.91 -0.801
368.516 -0.802
369.12 -0.803
369.717 -0.804
370.313 -0.805
370.897 -0.806
371.483 -0.807
372.07 -0.808
372.66 -0.809
373.253 -0.81
373.847 -0.811
374.445 -0.812
375.044 -0.813
375.647 -0.814
376.251 -0.815
376.858 -0.816
377.468 -0.817
378.08 -0.818
378.695 -0.819
379.312 -0.82
379.929 -0.821
380.549 -0.822
381.169 -0.823
381.791 -0.824
382.414 -0.825
383.038 -0.826
383.659 -0.827
384.264 -0.828
384.865 -0.829
385.466 -0.83
386.069 -0.831
386.674 -0.832
387.282 -0.833
387.891 -0.834
388.503 -0.835
389.118 -0.836
389.734 -0.837
390.353 -0.838
390.974 -0.839
391.597 -0.84
392.223 -0.841
392.847 -0.842
393.47 -0.843
394.095 -0.844
394.721 -0.845
395.343 -0.846
395.967 -0.847
396.594 -0.848
397.217 -0.849
397.839 -0.85
398.463 -0.851
399.09 -0.852
399.711 -0.853
400.33 -0.854
400.952 -0.855
401.575 -0.856
402.201 -0.857
402.83 -0.858
403.46 -0.859
404.092 -0.86
404.727 -0.861
405.363 -0.862
406.002 -0.863
406.643 -0.864
407.286 -0.865
407.932 -0.866
408.58 -0.867
409.23 -0.868
409.882 -0.869
410.536 -0.87
411.193 -0.871
411.852 -0.872
412.51 -0.873
413.167 -0.874
413.826 -0.875
414.487 -0.876
415.148 -0.877
415.806 -0.878
416.466 -0.879
417.129 -0.88
417.793 -0.881
418.451 -0.882
419.111 -0.883
419.773 -0.884
420.437 -0.885
421.098 -0.886
421.755 -0.887
422.414 -0.888
423.076 -0.889
423.739 -0.89
424.403 -0.891
425.07 -0.892
425.74 -0.893
426.411 -0.894
427.083 -0.895
427.758 -0.896
428.435 -0.897
429.114 -0.898
429.79 -0.899
430.459 -0.9
431.13 -0.901
431.803 -0.902
432.478 -0.903
433.155 -0.904
433.833 -0.905
434.512 -0.906
435.192 -0.907
435.876 -0.908
436.561 -0.909
437.247 -0.91
437.936 -0.911
438.626 -0.912
439.316 -0.913
440.01 -0.914
440.705 -0.915
441.402 -0.916
442.101 -0.917
442.802 -0.918
443.496 -0.919
444.184 -0.92
444.862 -0.921
445.529 -0.922
446.182 -0.923
446.826 -0.924
447.464 -0.925
448.077 -0.926
448.69 -0.927
449.303 -0.928
449.912 -0.929
450.497 -0.93
451.075 -0.931
451.628 -0.932
452.124 -0.933
452.546 -0.934
452.969 -0.935
453.392 -0.936
453.815 -0.937
454.239 -0.938
454.663 -0.939
455.087 -0.94
455.511 -0.941
455.936 -0.942
456.361 -0.943
456.786 -0.944
457.212 -0.945
457.637 -0.946
458.063 -0.947
458.488 -0.948
458.914 -0.949
459.339 -0.95
459.745 -0.951
460.127 -0.952
460.508 -0.953
460.889 -0.954
461.269 -0.955
461.65 -0.956
462.03 -0.957
462.411 -0.958
462.791 -0.959
463.172 -0.96
463.552 -0.961
463.932 -0.962
464.312 -0.963
464.693 -0.964
465.073 -0.965
465.453 -0.966
465.833 -0.967
466.213 -0.968
466.593 -0.969
466.973 -0.97
467.352 -0.971
467.732 -0.972
468.112 -0.973
468.492 -0.974
468.872 -0.975
469.253 -0.976
469.633 -0.977
470.013 -0.978
470.393 -0.979
470.773 -0.98
471.154 -0.981
471.534 -0.982
471.915 -0.983
472.295 -0.984
472.676 -0.985
473.056 -0.986
473.437 -0.987
473.818 -0.988
474.199 -0.989
474.58 -0.99
474.961 -0.991
475.343 -0.992
475.724 -0.993
476.105 -0.994
476.487 -0.995
476.868 -0.996
477.249 -0.997
477.631 -0.998
478.013 -0.999
478.394 -1
478.776 -1.001
479.158 -1.002
479.54 -1.003
479.922 -1.004
480.304 -1.005
480.686 -1.006
481.068 -1.007
481.45 -1.008
481.832 -1.009
482.214 -1.01
482.597 -1.011
482.979 -1.012
483.361 -1.013
483.744 -1.014
484.126 -1.015
484.508 -1.016
484.891 -1.017
485.274 -1.018
485.657 -1.019
486.04 -1.02
486.423 -1.021
486.806 -1.022
487.189 -1.023
487.573 -1.024
487.957 -1.025
488.341 -1.026
488.725 -1.027
489.108 -1.028
489.492 -1.029
489.876 -1.03
490.26 -1.031
490.644 -1.032
491.028 -1.033
491.413 -1.034
491.797 -1.035
492.181 -1.036
492.565 -1.037
492.95 -1.038
493.334 -1.039
493.719 -1.04
494.103 -1.041
494.488 -1.042
494.872 -1.043
495.257 -1.044
495.642 -1.045
496.027 -1.046
496.412 -1.047
496.797 -1.048
497.182 -1.049
497.567 -1.05
497.952 -1.051
498.337 -1.052
498.723 -1.053
499.108 -1.054
499.493 -1.055
499.878 -1.056
500.264 -1.057
500.649 -1.058
501.035 -1.059
501.42 -1.06
501.806 -1.061
502.191 -1.062
502.577 -1.063
502.963 -1.064
503.348 -1.065
503.734 -1.066
504.12 -1.067
504.506 -1.068
504.892 -1.069
505.278 -1.07
505.664 -1.071
506.05 -1.072
506.437 -1.073
506.823 -1.074
507.21 -1.075
507.598 -1.076
507.985 -1.077
508.373 -1.078
508.76 -1.079
509.148 -1.08
509.535 -1.081
509.923 -1.082
510.31 -1.083
510.698 -1.084
511.086 -1.085
511.474 -1.086
511.861 -1.087
512.249 -1.088
512.637 -1.089
513.025 -1.09
513.413 -1.091
513.801 -1.092
514.19 -1.093
514.578 -1.094
514.966 -1.095
515.354 -1.096
515.743 -1.097
516.131 -1.098
516.52 -1.099
516.909 -1.1
517.298 -1.101
517.687 -1.102
518.076 -1.103
518.465 -1.104
518.855 -1.105
519.244 -1.106
519.634 -1.107
520.023 -1.108
520.413 -1.109
520.803 -1.11
521.194 -1.111
521.584 -1.112
521.975 -1.113
522.366 -1.114
522.757 -1.115
523.148 -1.116
523.539 -1.117
523.931 -1.118
524.322 -1.119
524.714 -1.12
525.105 -1.121
525.497 -1.122
525.889 -1.123
526.28 -1.124
526.672 -1.125
527.064 -1.126
527.456 -1.127
527.848 -1.128
528.24 -1.129
528.632 -1.13
529.024 -1.131
529.416 -1.132
529.808 -1.133
530.201 -1.134
530.593 -1.135
530.986 -1.136
531.378 -1.137
531.771 -1.138
532.163 -1.139
532.556 -1.14
532.949 -1.141
533.342 -1.142
533.735 -1.143
534.128 -1.144
534.522 -1.145
534.915 -1.146
535.309 -1.147
535.703 -1.148
536.097 -1.149
536.491 -1.15
536.885 -1.151
537.28 -1.152
537.674 -1.153
538.069 -1.154
538.464 -1.155
538.859 -1.156
539.254 -1.157
539.649 -1.158
540.044 -1.159
540.439 -1.16
540.834 -1.161
541.229 -1.162
541.625 -1.163
542.02 -1.164
542.416 -1.165
542.812 -1.166
543.207 -1.167
543.603 -1.168
543.999 -1.169
544.394 -1.17
544.789 -1.171
545.184 -1.172
545.58 -1.173
545.975 -1.174
546.37 -1.175
546.765 -1.176
547.16 -1.177
547.555 -1.178
547.95 -1.179
548.345 -1.18
548.74 -1.181
549.136 -1.182
549.531 -1.183
549.926 -1.184
550.322 -1.185
550.718 -1.186
551.113 -1.187
551.509 -1.188
551.905 -1.189
552.301 -1.19
552.697 -1.191
553.093 -1.192
553.489 -1.193
553.885 -1.194
554.281 -1.195
554.677 -1.196
555.073 -1.197
555.47 -1.198
555.866 -1.199
556.262 -1.2
