4.87462 -0.001
9.7401 -0.002
14.5963 -0.003
19.4432 -0.004
24.2806 -0.005
29.1084 -0.006
33.9265 -0.007
38.7348 -0.008
43.533 -0.009
48.3212 -0.01
53.0992 -0.011
57.8667 -0.012
62.6237 -0.013
67.3701 -0.014
72.1056 -0.015
76.8301 -0.016
81.5434 -0.017
86.2454 -0.018
90.9359 -0.019
95.6147 -0.02
100.282 -0.021
104.936 -0.022
109.579 -0.023
114.209 -0.024
118.826 -0.025
123.43 -0.026
128.021 -0.027
132.599 -0.028
137.163 -0.029
141.713 -0.03
146.248 -0.031
150.769 -0.032
155.275 -0.033
159.766 -0.034
164.241 -0.035
168.7 -0.036
173.143 -0.037
177.553 -0.038
181.724 -0.039
185.353 -0.04
188.032 -0.041
189.797 -0.042
191.519 -0.043
193.22 -0.044
194.902 -0.045
196.566 -0.046
198.211 -0.047
199.84 -0.048
201.453 -0.049
203.05 -0.05
204.629 -0.051
206.194 -0.052
207.743 -0.053
209.28 -0.054
210.81 -0.055
212.337 -0.056
213.854 -0.057
215.353 -0.058
216.834 -0.059
218.273 -0.06
219.658 -0.061
220.993 -0.062
222.237 -0.063
223.336 -0.064
224.388 -0.065
225.362 -0.066
226.129 -0.067
226.824 -0.068
227.385 -0.069
227.839 -0.07
228.201 -0.071
228.538 -0.072
228.758 -0.073
228.946 -0.074
229.129 -0.075
229.307 -0.076
229.479 -0.077
229.646 -0.078
229.81 -0.079
229.969 -0.08
230.126 -0.081
230.28 -0.082
230.433 -0.083
230.582 -0.084
230.727 -0.085
230.868 -0.086
231.007 -0.087
231.143 -0.088
231.277 -0.089
231.409 -0.09
231.538 -0.091
231.664 -0.092
231.787 -0.093
231.905 -0.094
232.021 -0.095
232.132 -0.096
232.243 -0.097
232.348 -0.098
232.454 -0.099
232.555 -0.1
232.655 -0.101
232.752 -0.102
232.845 -0.103
232.938 -0.104
233.027 -0.105
233.114 -0.106
233.197 -0.107
233.28 -0.108
233.361 -0.109
233.438 -0.11
233.516 -0.111
233.593 -0.112
233.667 -0.113
233.742 -0.114
233.816 -0.115
233.89 -0.116
233.961 -0.117
234.033 -0.118
234.104 -0.119
234.174 -0.12
234.244 -0.121
234.313 -0.122
234.381 -0.123
234.449 -0.124
234.517 -0.125
234.584 -0.126
234.65 -0.127
234.715 -0.128
234.78 -0.129
234.845 -0.13
234.908 -0.131
234.971 -0.132
235.032 -0.133
235.094 -0.134
235.155 -0.135
235.214 -0.136
235.272 -0.137
235.329 -0.138
235.387 -0.139
235.444 -0.14
235.501 -0.141
235.555 -0.142
235.608 -0.143
235.661 -0.144
235.714 -0.145
235.766 -0.146
235.817 -0.147
235.866 -0.148
235.916 -0.149
235.965 -0.15
236.014 -0.151
236.062 -0.152
236.11 -0.153
236.159 -0.154
236.206 -0.155
236.253 -0.156
236.299 -0.157
236.345 -0.158
236.39 -0.159
236.435 -0.16
236.478 -0.161
236.52 -0.162
236.562 -0.163
236.605 -0.164
236.647 -0.165
236.689 -0.166
236.73 -0.167
236.769 -0.168
236.808 -0.169
236.846 -0.17
236.885 -0.171
236.923 -0.172
236.962 -0.173
237 -0.174
237.037 -0.175
237.072 -0.176
237.107 -0.177
237.142 -0.178
237.177 -0.179
237.212 -0.18
237.247 -0.181
237.281 -0.182
237.315 -0.183
237.349 -0.184
237.382 -0.185
237.415 -0.186
237.448 -0.187
237.48 -0.188
237.512 -0.189
237.545 -0.19
237.577 -0.191
237.609 -0.192
237.641 -0.193
237.673 -0.194
237.705 -0.195
237.736 -0.196
237.768 -0.197
237.8 -0.198
237.832 -0.199
237.863 -0.2
237.895 -0.201
237.927 -0.202
237.958 -0.203
237.989 -0.204
238.021 -0.205
238.052 -0.206
238.083 -0.207
238.114 -0.208
238.145 -0.209
238.176 -0.21
238.207 -0.211
238.238 -0.212
238.269 -0.213
238.3 -0.214
238.331 -0.215
238.362 -0.216
238.393 -0.217
238.424 -0.218
238.455 -0.219
238.485 -0.22
238.516 -0.221
238.546 -0.222
238.576 -0.223
238.607 -0.224
238.637 -0.225
238.667 -0.226
238.697 -0.227
238.728 -0.228
238.758 -0.229
238.788 -0.23
238.818 -0.231
238.848 -0.232
238.877 -0.233
238.907 -0.234
238.937 -0.235
238.967 -0.236
238.997 -0.237
239.026 -0.238
239.056 -0.239
239.085 -0.24
239.115 -0.241
239.144 -0.242
239.174 -0.243
239.203 -0.244
239.233 -0.245
239.262 -0.246
239.291 -0.247
239.32 -0.248
239.35 -0.249
239.379 -0.25
239.408 -0.251
239.437 -0.252
239.466 -0.253
239.495 -0.254
239.523 -0.255
239.552 -0.256
239.581 -0.257
239.609 -0.258
239.637 -0.259
239.666 -0.26
239.694 -0.261
239.721 -0.262
239.749 -0.263
239.776 -0.264
239.803 -0.265
239.831 -0.266
239.858 -0.267
239.885 -0.268
239.912 -0.269
239.939 -0.27
239.965 -0.271
239.991 -0.272
240.017 -0.273
240.043 -0.274
240.069 -0.275
240.095 -0.276
240.12 -0.277
240.145 -0.278
240.17 -0.279
240.194 -0.28
240.218 -0.281
240.242 -0.282
240.266 -0.283
240.289 -0.284
240.312 -0.285
240.335 -0.286
240.358 -0.287
240.381 -0.288
240.402 -0.289
240.423 -0.29
240.445 -0.291
240.466 -0.292
240.488 -0.293
240.51 -0.294
240.532 -0.295
240.553 -0.296
240.573 -0.297
240.594 -0.298
240.614 -0.299
240.636 -0.3
240.657 -0.301
240.677 -0.302
240.697 -0.303
240.717 -0.304
240.737 -0.305
240.758 -0.306
240.779 -0.307
240.799 -0.308
240.82 -0.309
240.84 -0.31
240.86 -0.311
240.88 -0.312
240.9 -0.313
240.921 -0.314
240.942 -0.315
240.962 -0.316
240.982 -0.317
241.002 -0.318
241.022 -0.319
241.042 -0.32
241.062 -0.321
241.082 -0.322
241.101 -0.323
241.121 -0.324
241.14 -0.325
241.16 -0.326
241.179 -0.327
241.198 -0.328
241.217 -0.329
241.236 -0.33
241.255 -0.331
241.273 -0.332
241.291 -0.333
241.31 -0.334
241.328 -0.335
241.348 -0.336
241.368 -0.337
241.388 -0.338
241.407 -0.339
241.426 -0.34
241.445 -0.341
241.464 -0.342
241.483 -0.343
241.502 -0.344
241.522 -0.345
241.542 -0.346
241.561 -0.347
241.58 -0.348
241.6 -0.349
241.619 -0.35
241.637 -0.351
241.657 -0.352
241.676 -0.353
241.696 -0.354
241.716 -0.355
241.735 -0.356
241.755 -0.357
241.774 -0.358
241.794 -0.359
241.813 -0.36
241.833 -0.361
241.853 -0.362
241.873 -0.363
241.893 -0.364
241.914 -0.365
241.934 -0.366
241.954 -0.367
241.974 -0.368
241.994 -0.369
242.015 -0.37
242.036 -0.371
242.057 -0.372
242.077 -0.373
242.098 -0.374
242.119 -0.375
242.14 -0.376
242.161 -0.377
242.181 -0.378
242.202 -0.379
242.224 -0.38
242.245 -0.381
242.266 -0.382
242.287 -0.383
242.308 -0.384
242.329 -0.385
242.351 -0.386
242.372 -0.387
242.393 -0.388
242.414 -0.389
242.435 -0.39
242.456 -0.391
242.476 -0.392
242.497 -0.393
242.518 -0.394
242.538 -0.395
242.558 -0.396
242.578 -0.397
242.598 -0.398
242.618 -0.399
242.637 -0.4
242.656 -0.401
242.674 -0.402
242.691 -0.403
242.708 -0.404
242.725 -0.405
242.741 -0.406
242.755 -0.407
242.767 -0.408
242.777 -0.409
242.782 -0.41
242.784 -0.411
242.779 -0.412
242.77 -0.413
242.763 -0.414
242.752 -0.415
242.749 -0.416
242.749 -0.417
242.758 -0.418
242.773 -0.419
242.797 -0.42
242.825 -0.421
242.857 -0.422
242.889 -0.423
242.917 -0.424
242.942 -0.425
242.964 -0.426
242.982 -0.427
243.001 -0.428
243.019 -0.429
243.037 -0.43
243.055 -0.431
243.072 -0.432
243.09 -0.433
243.107 -0.434
243.124 -0.435
243.14 -0.436
243.156 -0.437
243.172 -0.438
243.188 -0.439
243.203 -0.44
243.218 -0.441
243.231 -0.442
243.24 -0.443
243.244 -0.444
243.241 -0.445
243.233 -0.446
243.222 -0.447
243.209 -0.448
243.198 -0.449
243.19 -0.45
243.182 -0.451
243.173 -0.452
243.164 -0.453
243.155 -0.454
243.145 -0.455
243.135 -0.456
243.125 -0.457
243.114 -0.458
243.101 -0.459
243.087 -0.46
243.07 -0.461
243.047 -0.462
243.017 -0.463
242.977 -0.464
242.925 -0.465
242.861 -0.466
242.79 -0.467
242.725 -0.468
242.668 -0.469
242.642 -0.47
242.669 -0.471
242.717 -0.472
242.749 -0.473
242.782 -0.474
242.814 -0.475
242.846 -0.476
242.876 -0.477
242.891 -0.478
242.892 -0.479
242.895 -0.48
242.907 -0.481
242.924 -0.482
242.945 -0.483
242.97 -0.484
242.997 -0.485
243.027 -0.486
243.059 -0.487
243.093 -0.488
243.127 -0.489
243.16 -0.49
243.194 -0.491
243.228 -0.492
243.262 -0.493
243.296 -0.494
243.331 -0.495
243.367 -0.496
243.404 -0.497
243.441 -0.498
243.478 -0.499
243.515 -0.5
243.552 -0.501
243.589 -0.502
243.626 -0.503
243.663 -0.504
243.697 -0.505
243.73 -0.506
243.763 -0.507
243.796 -0.508
243.829 -0.509
243.86 -0.51
243.889 -0.511
243.915 -0.512
243.939 -0.513
243.962 -0.514
243.985 -0.515
244.009 -0.516
244.032 -0.517
244.055 -0.518
244.079 -0.519
244.102 -0.52
244.125 -0.521
244.149 -0.522
244.172 -0.523
244.195 -0.524
244.219 -0.525
244.242 -0.526
244.265 -0.527
244.288 -0.528
244.311 -0.529
244.335 -0.53
244.359 -0.531
244.384 -0.532
244.409 -0.533
244.434 -0.534
244.46 -0.535
244.485 -0.536
244.51 -0.537
244.536 -0.538
244.561 -0.539
244.586 -0.54
244.611 -0.541
244.636 -0.542
244.661 -0.543
244.686 -0.544
244.711 -0.545
244.736 -0.546
244.76 -0.547
244.785 -0.548
244.81 -0.549
244.834 -0.55
244.858 -0.551
244.883 -0.552
244.907 -0.553
244.931 -0.554
244.954 -0.555
244.978 -0.556
245.001 -0.557
245.024 -0.558
245.047 -0.559
245.069 -0.56
245.09 -0.561
245.11 -0.562
245.129 -0.563
245.146 -0.564
245.163 -0.565
245.181 -0.566
245.199 -0.567
245.215 -0.568
245.229 -0.569
245.239 -0.57
245.246 -0.571
245.249 -0.572
245.251 -0.573
245.257 -0.574
245.27 -0.575
245.286 -0.576
245.307 -0.577
245.331 -0.578
245.359 -0.579
245.389 -0.58
245.421 -0.581
245.453 -0.582
245.485 -0.583
245.516 -0.584
245.546 -0.585
245.572 -0.586
245.595 -0.587
245.614 -0.588
245.629 -0.589
245.64 -0.59
245.647 -0.591
245.65 -0.592
245.65 -0.593
245.648 -0.594
245.645 -0.595
245.641 -0.596
245.636 -0.597
245.631 -0.598
245.625 -0.599
245.62 -0.6
245.615 -0.601
245.61 -0.602
245.605 -0.603
245.6 -0.604
245.595 -0.605
245.59 -0.606
245.585 -0.607
245.583 -0.608
245.583 -0.609
245.588 -0.61
245.598 -0.611
245.612 -0.612
245.63 -0.613
245.65 -0.614
245.671 -0.615
245.693 -0.616
245.715 -0.617
245.736 -0.618
245.758 -0.619
245.778 -0.62
245.798 -0.621
245.817 -0.622
245.836 -0.623
245.855 -0.624
245.874 -0.625
245.894 -0.626
245.914 -0.627
245.934 -0.628
245.955 -0.629
245.975 -0.63
245.995 -0.631
246.015 -0.632
246.034 -0.633
246.053 -0.634
246.07 -0.635
246.087 -0.636
246.104 -0.637
246.123 -0.638
246.144 -0.639
246.167 -0.64
246.191 -0.641
246.214 -0.642
246.237 -0.643
246.262 -0.644
246.287 -0.645
246.314 -0.646
246.341 -0.647
246.366 -0.648
246.392 -0.649
246.417 -0.65
246.445 -0.651
246.477 -0.652
246.51 -0.653
246.548 -0.654
246.588 -0.655
246.627 -0.656
246.665 -0.657
246.705 -0.658
246.746 -0.659
246.787 -0.66
246.83 -0.661
246.875 -0.662
246.92 -0.663
246.965 -0.664
247.01 -0.665
247.056 -0.666
247.102 -0.667
247.149 -0.668
247.195 -0.669
247.243 -0.67
247.291 -0.671
247.338 -0.672
247.386 -0.673
247.434 -0.674
247.482 -0.675
247.532 -0.676
247.582 -0.677
247.631 -0.678
247.681 -0.679
247.73 -0.68
247.778 -0.681
247.825 -0.682
247.871 -0.683
247.915 -0.684
247.959 -0.685
248.001 -0.686
248.043 -0.687
248.084 -0.688
248.125 -0.689
248.164 -0.69
248.203 -0.691
248.242 -0.692
248.278 -0.693
248.314 -0.694
248.35 -0.695
248.387 -0.696
248.423 -0.697
248.459 -0.698
248.496 -0.699
248.532 -0.7
248.569 -0.701
248.606 -0.702
248.643 -0.703
248.68 -0.704
248.717 -0.705
248.754 -0.706
248.791 -0.707
248.829 -0.708
248.866 -0.709
248.904 -0.71
248.941 -0.711
248.979 -0.712
249.017 -0.713
249.055 -0.714
249.093 -0.715
249.131 -0.716
249.169 -0.717
249.207 -0.718
249.245 -0.719
249.284 -0.72
249.322 -0.721
249.36 -0.722
249.399 -0.723
249.437 -0.724
249.476 -0.725
249.515 -0.726
249.553 -0.727
249.592 -0.728
249.631 -0.729
249.67 -0.73
249.709 -0.731
249.748 -0.732
249.787 -0.733
249.826 -0.734
249.866 -0.735
249.905 -0.736
249.945 -0.737
249.984 -0.738
250.024 -0.739
250.063 -0.74
250.103 -0.741
250.143 -0.742
250.183 -0.743
250.223 -0.744
250.264 -0.745
250.304 -0.746
250.345 -0.747
250.385 -0.748
250.426 -0.749
250.467 -0.75
250.508 -0.751
250.549 -0.752
250.59 -0.753
250.631 -0.754
250.672 -0.755
250.713 -0.756
250.755 -0.757
250.796 -0.758
250.837 -0.759
250.879 -0.76
250.92 -0.761
250.962 -0.762
251.003 -0.763
251.045 -0.764
251.087 -0.765
251.128 -0.766
251.17 -0.767
251.212 -0.768
251.254 -0.769
251.296 -0.77
251.338 -0.771
251.38 -0.772
251.422 -0.773
251.464 -0.774
251.506 -0.775
251.548 -0.776
251.59 -0.777
251.632 -0.778
251.674 -0.779
251.716 -0.78
251.758 -0.781
251.8 -0.782
251.842 -0.783
251.885 -0.784
251.927 -0.785
251.969 -0.786
252.011 -0.787
252.054 -0.788
252.096 -0.789
252.138 -0.79
252.18 -0.791
252.222 -0.792
252.265 -0.793
252.307 -0.794
252.349 -0.795
252.391 -0.796
252.433 -0.797
252.475 -0.798
252.518 -0.799
252.56 -0.8
252.602 -0.801
252.644 -0.802
252.686 -0.803
252.728 -0.804
252.77 -0.805
252.813 -0.806
252.855 -0.807
252.897 -0.808
252.94 -0.809
252.983 -0.81
253.025 -0.811
253.068 -0.812
253.111 -0.813
253.153 -0.814
253.196 -0.815
253.239 -0.816
253.282 -0.817
253.325 -0.818
253.368 -0.819
253.411 -0.82
253.454 -0.821
253.497 -0.822
253.541 -0.823
253.584 -0.824
253.627 -0.825
253.67 -0.826
253.713 -0.827
253.756 -0.828
253.8 -0.829
253.843 -0.83
253.886 -0.831
253.929 -0.832
253.972 -0.833
254.015 -0.834
254.059 -0.835
254.102 -0.836
254.145 -0.837
254.188 -0.838
254.232 -0.839
254.275 -0.84
254.318 -0.841
254.362 -0.842
254.405 -0.843
254.448 -0.844
254.491 -0.845
254.534 -0.846
254.577 -0.847
254.62 -0.848
254.663 -0.849
254.706 -0.85
254.749 -0.851
254.792 -0.852
254.835 -0.853
254.878 -0.854
254.92 -0.855
254.963 -0.856
255.005 -0.857
255.048 -0.858
255.092 -0.859
255.135 -0.86
255.178 -0.861
255.221 -0.862
255.264 -0.863
255.307 -0.864
255.349 -0.865
255.392 -0.866
255.435 -0.867
255.478 -0.868
255.52 -0.869
255.563 -0.87
255.605 -0.871
255.648 -0.872
255.691 -0.873
255.734 -0.874
255.777 -0.875
255.82 -0.876
255.863 -0.877
255.907 -0.878
255.95 -0.879
255.993 -0.88
256.037 -0.881
256.08 -0.882
256.123 -0.883
256.166 -0.884
256.21 -0.885
256.253 -0.886
256.296 -0.887
256.338 -0.888
256.381 -0.889
256.424 -0.89
256.467 -0.891
256.509 -0.892
256.552 -0.893
256.595 -0.894
256.637 -0.895
256.68 -0.896
256.725 -0.897
256.77 -0.898
256.815 -0.899
256.859 -0.9
256.904 -0.901
256.948 -0.902
256.992 -0.903
257.037 -0.904
257.081 -0.905
257.126 -0.906
257.17 -0.907
257.215 -0.908
257.26 -0.909
257.307 -0.91
257.355 -0.911
257.402 -0.912
257.45 -0.913
257.497 -0.914
257.545 -0.915
257.592 -0.916
257.639 -0.917
257.686 -0.918
257.732 -0.919
257.779 -0.92
257.825 -0.921
257.871 -0.922
257.92 -0.923
257.972 -0.924
258.025 -0.925
258.08 -0.926
258.135 -0.927
258.189 -0.928
258.242 -0.929
258.296 -0.93
258.35 -0.931
258.404 -0.932
258.458 -0.933
258.512 -0.934
258.566 -0.935
258.621 -0.936
258.677 -0.937
258.732 -0.938
258.787 -0.939
258.843 -0.94
258.899 -0.941
258.955 -0.942
259.011 -0.943
259.067 -0.944
259.123 -0.945
259.18 -0.946
259.236 -0.947
259.294 -0.948
259.353 -0.949
259.41 -0.95
259.468 -0.951
259.526 -0.952
259.585 -0.953
259.644 -0.954
259.703 -0.955
259.763 -0.956
259.823 -0.957
259.882 -0.958
259.942 -0.959
260.002 -0.96
260.061 -0.961
260.122 -0.962
260.182 -0.963
260.242 -0.964
260.303 -0.965
260.363 -0.966
260.424 -0.967
260.484 -0.968
260.545 -0.969
260.606 -0.97
260.666 -0.971
260.727 -0.972
260.787 -0.973
260.848 -0.974
260.909 -0.975
260.97 -0.976
261.031 -0.977
261.093 -0.978
261.154 -0.979
261.216 -0.98
261.277 -0.981
261.339 -0.982
261.4 -0.983
261.462 -0.984
261.523 -0.985
261.585 -0.986
261.647 -0.987
261.709 -0.988
261.77 -0.989
261.832 -0.99
261.894 -0.991
261.956 -0.992
262.018 -0.993
262.079 -0.994
262.14 -0.995
262.202 -0.996
262.263 -0.997
262.325 -0.998
262.387 -0.999
262.449 -1
262.512 -1.001
262.574 -1.002
262.636 -1.003
262.697 -1.004
262.759 -1.005
262.821 -1.006
262.882 -1.007
262.944 -1.008
263.006 -1.009
263.068 -1.01
263.131 -1.011
263.192 -1.012
263.253 -1.013
263.315 -1.014
263.377 -1.015
263.44 -1.016
263.502 -1.017
263.564 -1.018
263.627 -1.019
263.689 -1.02
263.752 -1.021
263.815 -1.022
263.877 -1.023
263.94 -1.024
264.003 -1.025
264.066 -1.026
264.129 -1.027
264.192 -1.028
264.256 -1.029
264.319 -1.03
264.382 -1.031
264.446 -1.032
264.509 -1.033
264.573 -1.034
264.637 -1.035
264.7 -1.036
264.764 -1.037
264.828 -1.038
264.892 -1.039
264.956 -1.04
265.021 -1.041
265.085 -1.042
265.149 -1.043
265.213 -1.044
265.277 -1.045
265.342 -1.046
265.406 -1.047
265.471 -1.048
265.536 -1.049
265.6 -1.05
265.665 -1.051
265.731 -1.052
265.796 -1.053
265.861 -1.054
265.926 -1.055
265.991 -1.056
266.057 -1.057
266.122 -1.058
266.188 -1.059
266.254 -1.06
266.32 -1.061
266.387 -1.062
266.453 -1.063
266.519 -1.064
266.586 -1.065
266.652 -1.066
266.719 -1.067
266.786 -1.068
266.853 -1.069
266.92 -1.07
266.987 -1.071
267.054 -1.072
267.121 -1.073
267.189 -1.074
267.256 -1.075
267.324 -1.076
267.391 -1.077
267.459 -1.078
267.527 -1.079
267.595 -1.08
267.663 -1.081
267.731 -1.082
267.799 -1.083
267.868 -1.084
267.936 -1.085
268.005 -1.086
268.073 -1.087
268.142 -1.088
268.211 -1.089
268.28 -1.09
268.349 -1.091
268.418 -1.092
268.487 -1.093
268.556 -1.094
268.625 -1.095
268.695 -1.096
268.764 -1.097
268.834 -1.098
268.904 -1.099
268.974 -1.1
