19.0872 -0.001
38.1342 -0.002
57.1413 -0.003
76.1084 -0.004
95.0353 -0.005
113.922 -0.006
132.768 -0.007
151.574 -0.008
170.34 -0.009
189.065 -0.01
207.749 -0.011
226.392 -0.012
244.995 -0.013
263.557 -0.014
282.077 -0.015
300.557 -0.016
318.995 -0.017
337.392 -0.018
355.747 -0.019
374.061 -0.02
392.333 -0.021
410.563 -0.022
428.751 -0.023
446.897 -0.024
465.001 -0.025
483.063 -0.026
501.082 -0.027
519.059 -0.028
536.992 -0.029
554.883 -0.03
572.731 -0.031
590.535 -0.032
608.296 -0.033
625.796 -0.034
642.403 -0.035
657.945 -0.036
673.419 -0.037
688.858 -0.038
704.254 -0.039
719.6 -0.04
734.902 -0.041
750.163 -0.042
765.384 -0.043
780.564 -0.044
795.702 -0.045
810.781 -0.046
825.636 -0.047
839.84 -0.048
853.338 -0.049
865.747 -0.05
877.333 -0.051
887.361 -0.052
895.732 -0.053
903.484 -0.054
910.994 -0.055
918.348 -0.056
925.307 -0.057
931.863 -0.058
938.348 -0.059
944.477 -0.06
950.09 -0.061
955.4 -0.062
960.161 -0.063
964.774 -0.064
969.323 -0.065
973.814 -0.066
978.259 -0.067
982.657 -0.068
987.01 -0.069
991.329 -0.07
995.599 -0.071
999.811 -0.072
1003.93 -0.073
1007.92 -0.074
1011.85 -0.075
1015.55 -0.076
1019.18 -0.077
1022.61 -0.078
1025.8 -0.079
1028.69 -0.08
1031.46 -0.081
1034.19 -0.082
1036.83 -0.083
1039.39 -0.084
1041.86 -0.085
1044.27 -0.086
1046.58 -0.087
1048.82 -0.088
1050.97 -0.089
1053.1 -0.09
1055.19 -0.091
1057.24 -0.092
1059.21 -0.093
1061.11 -0.094
1062.91 -0.095
1064.64 -0.096
1066.25 -0.097
1067.74 -0.098
1069.16 -0.099
1070.52 -0.1
1071.85 -0.101
1073.11 -0.102
1074.32 -0.103
1075.51 -0.104
1076.62 -0.105
1077.7 -0.106
1078.74 -0.107
1079.77 -0.108
1080.77 -0.109
1081.71 -0.11
1082.62 -0.111
1083.5 -0.112
1084.32 -0.113
1085.11 -0.114
1085.86 -0.115
1086.55 -0.116
1087.22 -0.117
1087.85 -0.118
1088.4 -0.119
1088.93 -0.12
1089.42 -0.121
1089.88 -0.122
1090.31 -0.123
1090.7 -0.124
1091.07 -0.125
1091.41 -0.126
1091.72 -0.127
1092.01 -0.128
1092.27 -0.129
1092.53 -0.13
1092.76 -0.131
1092.97 -0.132
1093.17 -0.133
1093.35 -0.134
1093.52 -0.135
1093.67 -0.136
1093.81 -0.137
1093.93 -0.138
1094.05 -0.139
1094.15 -0.14
1094.23 -0.141
1094.31 -0.142
1094.37 -0.143
1094.42 -0.144
1094.46 -0.145
1094.49 -0.146
1094.5 -0.147
1094.5 -0.148
1094.48 -0.149
1094.45 -0.15
1094.4 -0.151
1094.34 -0.152
1094.27 -0.153
1094.19 -0.154
1094.09 -0.155
1093.98 -0.156
1093.86 -0.157
1093.73 -0.158
1093.58 -0.159
1093.42 -0.16
1093.26 -0.161
1093.08 -0.162
1092.89 -0.163
1092.69 -0.164
1092.48 -0.165
1092.27 -0.166
1092.05 -0.167
1091.82 -0.168
1091.58 -0.169
1091.34 -0.17
1091.08 -0.171
1090.83 -0.172
1090.56 -0.173
1090.29 -0.174
1090.01 -0.175
1089.72 -0.176
1089.43 -0.177
1089.13 -0.178
1088.82 -0.179
1088.51 -0.18
1088.2 -0.181
1087.88 -0.182
1087.56 -0.183
1087.23 -0.184
1086.9 -0.185
1086.56 -0.186
1086.23 -0.187
1085.88 -0.188
1085.54 -0.189
1085.19 -0.19
1084.84 -0.191
1084.48 -0.192
1084.12 -0.193
1083.76 -0.194
1083.4 -0.195
1083.03 -0.196
1082.66 -0.197
1082.28 -0.198
1081.91 -0.199
1081.53 -0.2
1081.15 -0.201
1080.76 -0.202
1080.37 -0.203
1079.98 -0.204
1079.59 -0.205
1079.19 -0.206
1078.79 -0.207
1078.39 -0.208
1077.98 -0.209
1077.57 -0.21
1077.16 -0.211
1076.75 -0.212
1076.33 -0.213
1075.91 -0.214
1075.49 -0.215
1075.06 -0.216
1074.63 -0.217
1074.2 -0.218
1073.77 -0.219
1073.34 -0.22
1072.9 -0.221
1072.46 -0.222
1072.02 -0.223
1071.58 -0.224
1071.13 -0.225
1070.69 -0.226
1070.23 -0.227
1069.78 -0.228
1069.33 -0.229
1068.87 -0.23
1068.41 -0.231
1067.95 -0.232
1067.49 -0.233
1067.02 -0.234
1066.55 -0.235
1066.08 -0.236
1065.61 -0.237
1065.13 -0.238
1064.66 -0.239
1064.18 -0.24
1063.7 -0.241
1063.22 -0.242
1062.74 -0.243
1062.26 -0.244
1061.77 -0.245
1061.29 -0.246
1060.8 -0.247
1060.32 -0.248
1059.83 -0.249
1059.34 -0.25
1058.85 -0.251
1058.36 -0.252
1057.87 -0.253
1057.37 -0.254
1056.88 -0.255
1056.39 -0.256
1055.9 -0.257
1055.4 -0.258
1054.91 -0.259
1054.41 -0.26
1053.92 -0.261
1053.42 -0.262
1052.92 -0.263
1052.43 -0.264
1051.93 -0.265
1051.44 -0.266
1050.94 -0.267
1050.45 -0.268
1049.95 -0.269
1049.45 -0.27
1048.96 -0.271
1048.46 -0.272
1047.96 -0.273
1047.47 -0.274
1046.97 -0.275
1046.48 -0.276
1045.98 -0.277
1045.49 -0.278
1044.99 -0.279
1044.49 -0.28
1044 -0.281
1043.5 -0.282
1043.01 -0.283
1042.51 -0.284
1042.02 -0.285
1041.52 -0.286
1041.03 -0.287
1040.54 -0.288
1040.04 -0.289
1039.55 -0.29
1039.06 -0.291
1038.57 -0.292
1038.09 -0.293
1037.61 -0.294
1037.13 -0.295
1036.66 -0.296
1036.19 -0.297
1035.72 -0.298
1035.26 -0.299
1034.8 -0.3
1034.34 -0.301
1033.87 -0.302
1033.41 -0.303
1032.95 -0.304
1032.49 -0.305
1032.03 -0.306
1031.57 -0.307
1031.11 -0.308
1030.65 -0.309
1030.2 -0.31
1029.74 -0.311
1029.28 -0.312
1028.82 -0.313
1028.36 -0.314
1027.91 -0.315
1027.45 -0.316
1026.99 -0.317
1026.54 -0.318
1026.08 -0.319
1025.63 -0.32
1025.17 -0.321
1024.72 -0.322
1024.27 -0.323
1023.82 -0.324
1023.37 -0.325
1022.92 -0.326
1022.47 -0.327
1022.02 -0.328
1021.57 -0.329
1021.12 -0.33
1020.67 -0.331
1020.23 -0.332
1019.78 -0.333
1019.34 -0.334
1018.89 -0.335
1018.45 -0.336
1018.01 -0.337
1017.57 -0.338
1017.12 -0.339
1016.69 -0.34
1016.25 -0.341
1015.81 -0.342
1015.38 -0.343
1014.96 -0.344
1014.53 -0.345
1014.12 -0.346
1013.71 -0.347
1013.3 -0.348
1012.9 -0.349
1012.5 -0.35
1012.1 -0.351
1011.71 -0.352
1011.33 -0.353
1010.94 -0.354
1010.56 -0.355
1010.18 -0.356
1009.8 -0.357
1009.42 -0.358
1009.04 -0.359
1008.66 -0.36
1008.28 -0.361
1007.9 -0.362
1007.52 -0.363
1007.13 -0.364
1006.75 -0.365
1006.37 -0.366
1005.98 -0.367
1005.59 -0.368
1005.19 -0.369
1004.8 -0.37
1004.4 -0.371
1004 -0.372
1003.6 -0.373
1003.19 -0.374
1002.77 -0.375
1002.36 -0.376
1001.93 -0.377
1001.52 -0.378
1001.1 -0.379
1000.69 -0.38
1000.29 -0.381
999.886 -0.382
999.498 -0.383
999.128 -0.384
998.772 -0.385
998.42 -0.386
998.075 -0.387
997.738 -0.388
997.405 -0.389
997.074 -0.39
996.746 -0.391
996.418 -0.392
996.088 -0.393
995.754 -0.394
995.414 -0.395
995.071 -0.396
994.729 -0.397
994.387 -0.398
994.045 -0.399
993.704 -0.4
993.362 -0.401
993.021 -0.402
992.679 -0.403
992.336 -0.404
991.993 -0.405
991.649 -0.406
991.303 -0.407
990.956 -0.408
990.607 -0.409
990.254 -0.41
989.898 -0.411
989.547 -0.412
989.202 -0.413
988.86 -0.414
988.514 -0.415
988.173 -0.416
987.845 -0.417
987.525 -0.418
987.205 -0.419
986.888 -0.42
986.573 -0.421
986.26 -0.422
985.95 -0.423
985.642 -0.424
985.335 -0.425
985.031 -0.426
984.729 -0.427
984.428 -0.428
984.129 -0.429
983.832 -0.43
983.536 -0.431
983.242 -0.432
982.95 -0.433
982.661 -0.434
982.373 -0.435
982.088 -0.436
981.805 -0.437
981.525 -0.438
981.247 -0.439
980.97 -0.44
980.697 -0.441
980.425 -0.442
980.155 -0.443
979.889 -0.444
979.624 -0.445
979.362 -0.446
979.102 -0.447
978.843 -0.448
978.586 -0.449
978.331 -0.45
978.077 -0.451
977.825 -0.452
977.575 -0.453
977.328 -0.454
977.084 -0.455
976.844 -0.456
976.605 -0.457
976.368 -0.458
976.132 -0.459
975.897 -0.46
975.663 -0.461
975.431 -0.462
975.2 -0.463
974.971 -0.464
974.744 -0.465
974.518 -0.466
974.292 -0.467
974.067 -0.468
973.844 -0.469
973.622 -0.47
973.402 -0.471
973.184 -0.472
972.966 -0.473
972.749 -0.474
972.533 -0.475
972.319 -0.476
972.107 -0.477
971.897 -0.478
971.688 -0.479
971.479 -0.48
971.273 -0.481
971.068 -0.482
970.865 -0.483
970.663 -0.484
970.464 -0.485
970.264 -0.486
970.066 -0.487
969.87 -0.488
969.676 -0.489
969.484 -0.49
969.291 -0.491
969.1 -0.492
968.911 -0.493
968.723 -0.494
968.537 -0.495
968.353 -0.496
968.171 -0.497
967.99 -0.498
967.811 -0.499
967.632 -0.5
967.455 -0.501
967.278 -0.502
967.102 -0.503
966.927 -0.504
966.752 -0.505
966.581 -0.506
966.413 -0.507
966.248 -0.508
966.085 -0.509
965.926 -0.51
965.767 -0.511
965.608 -0.512
965.451 -0.513
965.293 -0.514
965.135 -0.515
964.977 -0.516
964.816 -0.517
964.653 -0.518
964.489 -0.519
964.323 -0.52
964.154 -0.521
963.979 -0.522
963.803 -0.523
963.628 -0.524
963.454 -0.525
963.281 -0.526
963.108 -0.527
962.936 -0.528
962.764 -0.529
962.592 -0.53
962.42 -0.531
962.248 -0.532
962.073 -0.533
961.896 -0.534
961.716 -0.535
961.531 -0.536
961.34 -0.537
961.143 -0.538
960.938 -0.539
960.726 -0.54
960.507 -0.541
960.283 -0.542
960.059 -0.543
959.839 -0.544
959.623 -0.545
959.413 -0.546
959.207 -0.547
959 -0.548
958.784 -0.549
958.559 -0.55
958.335 -0.551
958.11 -0.552
957.882 -0.553
957.653 -0.554
957.426 -0.555
957.199 -0.556
956.973 -0.557
956.748 -0.558
956.525 -0.559
956.304 -0.56
956.084 -0.561
955.873 -0.562
955.681 -0.563
955.502 -0.564
955.334 -0.565
955.194 -0.566
955.068 -0.567
954.948 -0.568
954.84 -0.569
954.739 -0.57
954.629 -0.571
954.523 -0.572
954.419 -0.573
954.317 -0.574
954.216 -0.575
954.117 -0.576
954.019 -0.577
953.923 -0.578
953.828 -0.579
953.735 -0.58
953.642 -0.581
953.551 -0.582
953.461 -0.583
953.372 -0.584
953.284 -0.585
953.197 -0.586
953.115 -0.587
953.036 -0.588
952.961 -0.589
952.889 -0.59
952.82 -0.591
952.752 -0.592
952.686 -0.593
952.621 -0.594
952.558 -0.595
952.496 -0.596
952.435 -0.597
952.376 -0.598
952.318 -0.599
952.261 -0.6
952.206 -0.601
952.153 -0.602
952.102 -0.603
952.054 -0.604
952.011 -0.605
951.971 -0.606
951.934 -0.607
951.899 -0.608
951.865 -0.609
951.832 -0.61
951.801 -0.611
951.771 -0.612
951.743 -0.613
951.716 -0.614
951.69 -0.615
951.666 -0.616
951.641 -0.617
951.616 -0.618
951.592 -0.619
951.57 -0.62
951.547 -0.621
951.524 -0.622
951.502 -0.623
951.483 -0.624
951.466 -0.625
951.45 -0.626
951.437 -0.627
951.424 -0.628
951.411 -0.629
951.401 -0.63
951.391 -0.631
951.381 -0.632
951.374 -0.633
951.366 -0.634
951.359 -0.635
951.355 -0.636
951.35 -0.637
951.347 -0.638
951.345 -0.639
951.345 -0.64
951.344 -0.641
951.345 -0.642
951.347 -0.643
951.351 -0.644
951.353 -0.645
951.358 -0.646
951.363 -0.647
951.37 -0.648
951.378 -0.649
951.388 -0.65
951.401 -0.651
951.416 -0.652
951.434 -0.653
951.454 -0.654
951.475 -0.655
951.497 -0.656
951.518 -0.657
951.54 -0.658
951.566 -0.659
951.593 -0.66
951.623 -0.661
951.657 -0.662
951.694 -0.663
951.735 -0.664
951.782 -0.665
951.832 -0.666
951.881 -0.667
951.928 -0.668
951.977 -0.669
952.028 -0.67
952.081 -0.671
952.134 -0.672
952.184 -0.673
952.237 -0.674
952.292 -0.675
952.349 -0.676
952.408 -0.677
952.464 -0.678
952.52 -0.679
952.579 -0.68
952.64 -0.681
952.703 -0.682
952.767 -0.683
952.828 -0.684
952.891 -0.685
952.956 -0.686
953.022 -0.687
953.091 -0.688
953.162 -0.689
953.228 -0.69
953.296 -0.691
953.367 -0.692
953.439 -0.693
953.514 -0.694
953.591 -0.695
953.665 -0.696
953.74 -0.697
953.818 -0.698
953.898 -0.699
953.979 -0.7
954.063 -0.701
954.145 -0.702
954.227 -0.703
954.311 -0.704
954.398 -0.705
954.486 -0.706
954.575 -0.707
954.662 -0.708
954.751 -0.709
954.842 -0.71
954.935 -0.711
955.028 -0.712
955.121 -0.713
955.214 -0.714
955.306 -0.715
955.4 -0.716
955.496 -0.717
955.594 -0.718
955.693 -0.719
955.792 -0.72
955.891 -0.721
955.987 -0.722
956.086 -0.723
956.186 -0.724
956.289 -0.725
956.393 -0.726
956.498 -0.727
956.602 -0.728
956.706 -0.729
956.807 -0.73
956.911 -0.731
957.015 -0.732
957.121 -0.733
957.229 -0.734
957.337 -0.735
957.444 -0.736
957.551 -0.737
957.658 -0.738
957.765 -0.739
957.873 -0.74
957.981 -0.741
958.088 -0.742
958.193 -0.743
958.297 -0.744
958.404 -0.745
958.518 -0.746
958.635 -0.747
958.752 -0.748
958.868 -0.749
958.983 -0.75
959.094 -0.751
959.203 -0.752
959.309 -0.753
959.418 -0.754
959.536 -0.755
959.661 -0.756
959.788 -0.757
959.916 -0.758
960.044 -0.759
960.172 -0.76
960.301 -0.761
960.426 -0.762
960.551 -0.763
960.677 -0.764
960.805 -0.765
960.942 -0.766
961.1 -0.767
961.262 -0.768
961.433 -0.769
961.611 -0.77
961.791 -0.771
961.973 -0.772
962.157 -0.773
962.336 -0.774
962.512 -0.775
962.69 -0.776
962.87 -0.777
963.052 -0.778
963.231 -0.779
963.407 -0.78
963.58 -0.781
963.755 -0.782
963.93 -0.783
964.104 -0.784
964.28 -0.785
964.457 -0.786
964.63 -0.787
964.803 -0.788
964.977 -0.789
965.15 -0.79
965.308 -0.791
965.466 -0.792
965.626 -0.793
965.779 -0.794
965.934 -0.795
966.091 -0.796
966.251 -0.797
966.412 -0.798
966.575 -0.799
966.74 -0.8
966.908 -0.801
967.077 -0.802
967.249 -0.803
967.422 -0.804
967.598 -0.805
967.776 -0.806
967.956 -0.807
968.138 -0.808
968.322 -0.809
968.509 -0.81
968.698 -0.811
968.888 -0.812
969.081 -0.813
969.276 -0.814
969.474 -0.815
969.673 -0.816
969.875 -0.817
970.078 -0.818
970.284 -0.819
970.493 -0.82
970.703 -0.821
970.916 -0.822
971.131 -0.823
971.348 -0.824
971.567 -0.825
971.789 -0.826
972.013 -0.827
972.239 -0.828
972.468 -0.829
972.699 -0.83
972.932 -0.831
973.168 -0.832
973.406 -0.833
973.646 -0.834
973.889 -0.835
974.134 -0.836
974.378 -0.837
974.625 -0.838
974.874 -0.839
975.125 -0.84
975.379 -0.841
975.635 -0.842
975.894 -0.843
976.155 -0.844
976.419 -0.845
976.685 -0.846
976.952 -0.847
977.22 -0.848
977.49 -0.849
977.763 -0.85
978.039 -0.851
978.317 -0.852
978.597 -0.853
978.881 -0.854
979.163 -0.855
979.443 -0.856
979.726 -0.857
980.01 -0.858
980.294 -0.859
980.581 -0.86
980.871 -0.861
981.163 -0.862
981.458 -0.863
981.751 -0.864
982.042 -0.865
982.337 -0.866
982.634 -0.867
982.933 -0.868
983.235 -0.869
983.539 -0.87
983.844 -0.871
984.151 -0.872
984.458 -0.873
984.762 -0.874
985.068 -0.875
985.378 -0.876
985.689 -0.877
986.004 -0.878
986.321 -0.879
986.641 -0.88
986.963 -0.881
987.288 -0.882
987.611 -0.883
987.931 -0.884
988.253 -0.885
988.578 -0.886
988.906 -0.887
989.236 -0.888
989.569 -0.889
989.905 -0.89
990.243 -0.891
990.584 -0.892
990.926 -0.893
991.265 -0.894
991.606 -0.895
991.951 -0.896
992.297 -0.897
992.642 -0.898
992.988 -0.899
993.337 -0.9
993.688 -0.901
994.042 -0.902
994.399 -0.903
994.754 -0.904
995.109 -0.905
995.467 -0.906
995.828 -0.907
996.191 -0.908
996.554 -0.909
996.919 -0.91
997.287 -0.911
997.658 -0.912
998.031 -0.913
998.408 -0.914
998.787 -0.915
999.169 -0.916
999.554 -0.917
999.942 -0.918
1000.33 -0.919
1000.72 -0.92
1001.12 -0.921
1001.51 -0.922
1001.91 -0.923
1002.31 -0.924
1002.72 -0.925
1003.12 -0.926
1003.53 -0.927
1003.95 -0.928
1004.37 -0.929
1004.79 -0.93
1005.2 -0.931
1005.62 -0.932
1006.03 -0.933
1006.45 -0.934
1006.88 -0.935
1007.3 -0.936
1007.73 -0.937
1008.16 -0.938
1008.59 -0.939
1009.03 -0.94
1009.46 -0.941
1009.9 -0.942
1010.34 -0.943
1010.78 -0.944
1011.22 -0.945
1011.67 -0.946
1012.11 -0.947
1012.56 -0.948
1013.01 -0.949
1013.45 -0.95
1013.91 -0.951
1014.36 -0.952
1014.82 -0.953
1015.28 -0.954
1015.74 -0.955
1016.21 -0.956
1016.68 -0.957
1017.15 -0.958
1017.61 -0.959
1018.08 -0.96
1018.56 -0.961
1019.03 -0.962
1019.51 -0.963
1019.99 -0.964
1020.47 -0.965
1020.96 -0.966
1021.45 -0.967
1021.93 -0.968
1022.42 -0.969
1022.91 -0.97
1023.41 -0.971
1023.91 -0.972
1024.41 -0.973
1024.92 -0.974
1025.43 -0.975
1025.94 -0.976
1026.45 -0.977
1026.96 -0.978
1027.47 -0.979
1027.99 -0.98
1028.51 -0.981
1029.03 -0.982
1029.56 -0.983
1030.08 -0.984
1030.62 -0.985
1031.15 -0.986
1031.68 -0.987
1032.22 -0.988
1032.76 -0.989
1033.3 -0.99
1033.85 -0.991
1034.4 -0.992
1034.95 -0.993
1035.51 -0.994
1036.06 -0.995
1036.62 -0.996
1037.18 -0.997
1037.75 -0.998
1038.32 -0.999
1038.89 -1
1039.46 -1.001
1040.03 -1.002
1040.61 -1.003
1041.19 -1.004
1041.77 -1.005
1042.36 -1.006
1042.95 -1.007
1043.54 -1.008
1044.14 -1.009
1044.74 -1.01
1045.34 -1.011
1045.94 -1.012
1046.55 -1.013
1047.15 -1.014
1047.76 -1.015
1048.37 -1.016
1048.99 -1.017
1049.6 -1.018
1050.22 -1.019
1050.85 -1.02
1051.47 -1.021
1052.1 -1.022
1052.73 -1.023
1053.36 -1.024
1053.99 -1.025
1054.62 -1.026
1055.25 -1.027
1055.88 -1.028
1056.51 -1.029
1057.15 -1.03
1057.79 -1.031
1058.43 -1.032
1059.07 -1.033
1059.72 -1.034
1060.37 -1.035
1061.02 -1.036
1061.68 -1.037
1062.33 -1.038
1062.99 -1.039
1063.66 -1.04
1064.32 -1.041
1064.99 -1.042
1065.67 -1.043
1066.34 -1.044
1067.02 -1.045
1067.71 -1.046
1068.4 -1.047
1069.09 -1.048
1069.78 -1.049
1070.48 -1.05
1071.19 -1.051
1071.9 -1.052
1072.61 -1.053
1073.32 -1.054
1074.04 -1.055
1074.76 -1.056
1075.49 -1.057
1076.21 -1.058
1076.95 -1.059
1077.68 -1.06
1078.42 -1.061
1079.16 -1.062
1079.91 -1.063
1080.66 -1.064
1081.41 -1.065
1082.16 -1.066
1082.92 -1.067
1083.68 -1.068
1084.45 -1.069
1085.21 -1.07
1085.99 -1.071
1086.76 -1.072
1087.54 -1.073
1088.32 -1.074
1089.11 -1.075
1089.91 -1.076
1090.71 -1.077
1091.51 -1.078
1092.32 -1.079
1093.12 -1.08
1093.93 -1.081
1094.75 -1.082
1095.56 -1.083
1096.38 -1.084
1097.21 -1.085
1098.03 -1.086
1098.86 -1.087
1099.7 -1.088
1100.54 -1.089
1101.38 -1.09
1102.23 -1.091
1103.08 -1.092
1103.93 -1.093
1104.79 -1.094
1105.65 -1.095
1106.52 -1.096
1107.39 -1.097
1108.26 -1.098
1109.14 -1.099
1110.02 -1.1
1110.91 -1.101
1111.8 -1.102
1112.69 -1.103
1113.58 -1.104
1114.48 -1.105
1115.39 -1.106
1116.29 -1.107
1117.21 -1.108
1118.12 -1.109
1119.04 -1.11
1119.96 -1.111
1120.89 -1.112
1121.82 -1.113
1122.75 -1.114
1123.68 -1.115
1124.62 -1.116
1125.56 -1.117
1126.52 -1.118
1127.47 -1.119
1128.44 -1.12
1129.4 -1.121
1130.37 -1.122
1131.35 -1.123
1132.32 -1.124
1133.31 -1.125
1134.29 -1.126
1135.28 -1.127
1136.27 -1.128
1137.26 -1.129
1138.26 -1.13
1139.26 -1.131
1140.27 -1.132
1141.27 -1.133
1142.29 -1.134
1143.3 -1.135
1144.32 -1.136
1145.34 -1.137
1146.36 -1.138
1147.39 -1.139
1148.43 -1.14
1149.46 -1.141
1150.5 -1.142
1151.54 -1.143
1152.59 -1.144
1153.64 -1.145
1154.69 -1.146
1155.75 -1.147
1156.81 -1.148
1157.87 -1.149
1158.94 -1.15
1160.01 -1.151
1161.09 -1.152
1162.16 -1.153
1163.25 -1.154
1164.33 -1.155
1165.42 -1.156
1166.52 -1.157
1167.61 -1.158
1168.71 -1.159
1169.81 -1.16
1170.92 -1.161
1172.03 -1.162
1173.14 -1.163
1174.26 -1.164
1175.38 -1.165
1176.5 -1.166
1177.63 -1.167
1178.77 -1.168
1179.9 -1.169
1181.04 -1.17
1182.19 -1.171
1183.33 -1.172
1184.48 -1.173
1185.63 -1.174
1186.78 -1.175
1187.94 -1.176
1189.1 -1.177
1190.27 -1.178
1191.44 -1.179
1192.61 -1.18
1193.79 -1.181
1194.98 -1.182
1196.16 -1.183
1197.35 -1.184
1198.55 -1.185
1199.75 -1.186
1200.95 -1.187
1202.15 -1.188
1203.36 -1.189
1204.57 -1.19
1205.79 -1.191
1207 -1.192
1208.22 -1.193
1209.45 -1.194
1210.68 -1.195
1211.92 -1.196
1213.16 -1.197
1214.4 -1.198
1215.65 -1.199
1216.9 -1.2
