13.0326 -0.001
26.0497 -0.002
39.0514 -0.003
52.0373 -0.004
65.0074 -0.005
77.9615 -0.006
90.8995 -0.007
103.821 -0.008
116.727 -0.009
129.615 -0.01
142.487 -0.011
155.342 -0.012
168.18 -0.013
181.001 -0.014
193.805 -0.015
206.59 -0.016
219.358 -0.017
232.109 -0.018
244.84 -0.019
257.554 -0.02
270.249 -0.021
282.925 -0.022
295.583 -0.023
308.221 -0.024
320.839 -0.025
333.412 -0.026
345.356 -0.027
355.375 -0.028
363.53 -0.029
371.673 -0.03
379.656 -0.031
386.719 -0.032
391.823 -0.033
396.686 -0.034
401.457 -0.035
406.067 -0.036
410.469 -0.037
414.425 -0.038
417.928 -0.039
420.693 -0.04
423.399 -0.041
426.071 -0.042
428.704 -0.043
431.307 -0.044
433.856 -0.045
436.391 -0.046
438.87 -0.047
441.312 -0.048
443.728 -0.049
446.135 -0.05
448.535 -0.051
450.929 -0.052
453.319 -0.053
455.706 -0.054
458.091 -0.055
460.474 -0.056
462.853 -0.057
465.228 -0.058
467.594 -0.059
469.945 -0.06
472.266 -0.061
474.497 -0.062
476.608 -0.063
478.515 -0.064
480.212 -0.065
481.601 -0.066
482.516 -0.067
483.079 -0.068
483.613 -0.069
484.134 -0.07
484.637 -0.071
485.125 -0.072
485.58 -0.073
486.008 -0.074
486.411 -0.075
486.791 -0.076
487.147 -0.077
487.485 -0.078
487.81 -0.079
488.127 -0.08
488.436 -0.081
488.742 -0.082
489.045 -0.083
489.347 -0.084
489.648 -0.085
489.948 -0.086
490.247 -0.087
490.545 -0.088
490.842 -0.089
491.136 -0.09
491.429 -0.091
491.718 -0.092
492.004 -0.093
492.285 -0.094
492.564 -0.095
492.837 -0.096
493.108 -0.097
493.376 -0.098
493.636 -0.099
493.894 -0.1
494.148 -0.101
494.395 -0.102
494.641 -0.103
494.884 -0.104
495.116 -0.105
495.346 -0.106
495.576 -0.107
495.795 -0.108
496.009 -0.109
496.221 -0.11
496.427 -0.111
496.627 -0.112
496.824 -0.113
497.02 -0.114
497.206 -0.115
497.388 -0.116
497.57 -0.117
497.751 -0.118
497.927 -0.119
498.101 -0.12
498.274 -0.121
498.447 -0.122
498.616 -0.123
498.783 -0.124
498.948 -0.125
499.114 -0.126
499.278 -0.127
499.441 -0.128
499.602 -0.129
499.763 -0.13
499.922 -0.131
500.082 -0.132
500.24 -0.133
500.398 -0.134
500.556 -0.135
500.714 -0.136
500.871 -0.137
501.028 -0.138
501.184 -0.139
501.34 -0.14
501.494 -0.141
501.647 -0.142
501.8 -0.143
501.952 -0.144
502.105 -0.145
502.257 -0.146
502.408 -0.147
502.56 -0.148
502.711 -0.149
502.862 -0.15
503.012 -0.151
503.163 -0.152
503.312 -0.153
503.46 -0.154
503.607 -0.155
503.755 -0.156
503.902 -0.157
504.048 -0.158
504.195 -0.159
504.341 -0.16
504.487 -0.161
504.632 -0.162
504.776 -0.163
504.92 -0.164
505.063 -0.165
505.206 -0.166
505.347 -0.167
505.488 -0.168
505.629 -0.169
505.769 -0.17
505.909 -0.171
506.048 -0.172
506.187 -0.173
506.325 -0.174
506.461 -0.175
506.597 -0.176
506.733 -0.177
506.869 -0.178
507.004 -0.179
507.139 -0.18
507.273 -0.181
507.408 -0.182
507.541 -0.183
507.673 -0.184
507.805 -0.185
507.936 -0.186
508.067 -0.187
508.196 -0.188
508.325 -0.189
508.453 -0.19
508.581 -0.191
508.708 -0.192
508.833 -0.193
508.958 -0.194
509.081 -0.195
509.205 -0.196
509.328 -0.197
509.451 -0.198
509.574 -0.199
509.696 -0.2
509.818 -0.201
509.939 -0.202
510.061 -0.203
510.18 -0.204
510.297 -0.205
510.414 -0.206
510.531 -0.207
510.647 -0.208
510.764 -0.209
510.88 -0.21
510.996 -0.211
511.112 -0.212
511.228 -0.213
511.343 -0.214
511.458 -0.215
511.573 -0.216
511.687 -0.217
511.801 -0.218
511.915 -0.219
512.028 -0.22
512.141 -0.221
512.253 -0.222
512.365 -0.223
512.477 -0.224
512.589 -0.225
512.699 -0.226
512.81 -0.227
512.92 -0.228
513.03 -0.229
513.139 -0.23
513.248 -0.231
513.357 -0.232
513.466 -0.233
513.574 -0.234
513.682 -0.235
513.79 -0.236
513.898 -0.237
514.005 -0.238
514.113 -0.239
514.22 -0.24
514.327 -0.241
514.434 -0.242
514.54 -0.243
514.647 -0.244
514.753 -0.245
514.86 -0.246
514.966 -0.247
515.073 -0.248
515.179 -0.249
515.285 -0.25
515.391 -0.251
515.497 -0.252
515.603 -0.253
515.709 -0.254
515.815 -0.255
515.921 -0.256
516.027 -0.257
516.133 -0.258
516.238 -0.259
516.344 -0.26
516.449 -0.261
516.554 -0.262
516.659 -0.263
516.764 -0.264
516.869 -0.265
516.975 -0.266
517.08 -0.267
517.185 -0.268
517.29 -0.269
517.395 -0.27
517.499 -0.271
517.604 -0.272
517.708 -0.273
517.812 -0.274
517.916 -0.275
518.02 -0.276
518.124 -0.277
518.227 -0.278
518.331 -0.279
518.434 -0.28
518.537 -0.281
518.64 -0.282
518.743 -0.283
518.846 -0.284
518.949 -0.285
519.052 -0.286
519.154 -0.287
519.257 -0.288
519.359 -0.289
519.462 -0.29
519.564 -0.291
519.666 -0.292
519.768 -0.293
519.87 -0.294
519.972 -0.295
520.074 -0.296
520.176 -0.297
520.277 -0.298
520.379 -0.299
520.48 -0.3
520.582 -0.301
520.684 -0.302
520.785 -0.303
520.887 -0.304
520.989 -0.305
521.09 -0.306
521.192 -0.307
521.293 -0.308
521.395 -0.309
521.496 -0.31
521.598 -0.311
521.699 -0.312
521.801 -0.313
521.902 -0.314
522.004 -0.315
522.105 -0.316
522.206 -0.317
522.308 -0.318
522.409 -0.319
522.511 -0.32
522.612 -0.321
522.713 -0.322
522.814 -0.323
522.914 -0.324
523.015 -0.325
523.115 -0.326
523.215 -0.327
523.316 -0.328
523.416 -0.329
523.517 -0.33
523.617 -0.331
523.717 -0.332
523.817 -0.333
523.918 -0.334
524.018 -0.335
524.118 -0.336
524.218 -0.337
524.319 -0.338
524.419 -0.339
524.519 -0.34
524.619 -0.341
524.719 -0.342
524.819 -0.343
524.919 -0.344
525.018 -0.345
525.118 -0.346
525.218 -0.347
525.318 -0.348
525.418 -0.349
525.517 -0.35
525.617 -0.351
525.717 -0.352
525.816 -0.353
525.916 -0.354
526.016 -0.355
526.115 -0.356
526.215 -0.357
526.314 -0.358
526.414 -0.359
526.513 -0.36
526.612 -0.361
526.712 -0.362
526.811 -0.363
526.91 -0.364
527.01 -0.365
527.109 -0.366
527.209 -0.367
527.308 -0.368
527.407 -0.369
527.507 -0.37
527.606 -0.371
527.705 -0.372
527.805 -0.373
527.904 -0.374
528.003 -0.375
528.102 -0.376
528.202 -0.377
528.301 -0.378
528.4 -0.379
528.5 -0.38
528.599 -0.381
528.699 -0.382
528.798 -0.383
528.898 -0.384
528.997 -0.385
529.096 -0.386
529.196 -0.387
529.295 -0.388
529.395 -0.389
529.494 -0.39
529.594 -0.391
529.693 -0.392
529.793 -0.393
529.892 -0.394
529.992 -0.395
530.091 -0.396
530.191 -0.397
530.29 -0.398
530.39 -0.399
530.489 -0.4
530.589 -0.401
530.689 -0.402
530.788 -0.403
530.888 -0.404
530.987 -0.405
531.087 -0.406
531.186 -0.407
531.286 -0.408
531.385 -0.409
531.485 -0.41
531.585 -0.411
531.684 -0.412
531.784 -0.413
531.883 -0.414
531.983 -0.415
532.083 -0.416
532.182 -0.417
532.282 -0.418
532.381 -0.419
532.481 -0.42
532.58 -0.421
532.68 -0.422
532.78 -0.423
532.879 -0.424
532.979 -0.425
533.078 -0.426
533.178 -0.427
533.277 -0.428
533.377 -0.429
533.477 -0.43
533.576 -0.431
533.676 -0.432
533.775 -0.433
533.875 -0.434
533.974 -0.435
534.074 -0.436
534.174 -0.437
534.273 -0.438
534.373 -0.439
534.472 -0.44
534.572 -0.441
534.671 -0.442
534.771 -0.443
534.871 -0.444
534.97 -0.445
535.07 -0.446
535.169 -0.447
535.269 -0.448
535.368 -0.449
535.468 -0.45
535.567 -0.451
535.667 -0.452
535.767 -0.453
535.866 -0.454
535.966 -0.455
536.065 -0.456
536.165 -0.457
536.264 -0.458
536.364 -0.459
536.464 -0.46
536.563 -0.461
536.663 -0.462
536.762 -0.463
536.862 -0.464
536.962 -0.465
537.061 -0.466
537.161 -0.467
537.26 -0.468
537.36 -0.469
537.46 -0.47
537.559 -0.471
537.659 -0.472
537.759 -0.473
537.858 -0.474
537.958 -0.475
538.057 -0.476
538.157 -0.477
538.256 -0.478
538.356 -0.479
538.455 -0.48
538.555 -0.481
538.654 -0.482
538.754 -0.483
538.853 -0.484
538.952 -0.485
539.052 -0.486
539.151 -0.487
539.25 -0.488
539.35 -0.489
539.449 -0.49
539.549 -0.491
539.648 -0.492
539.747 -0.493
539.847 -0.494
539.946 -0.495
540.046 -0.496
540.145 -0.497
540.244 -0.498
540.344 -0.499
540.443 -0.5
540.543 -0.501
540.642 -0.502
540.742 -0.503
540.841 -0.504
540.94 -0.505
541.04 -0.506
541.139 -0.507
541.239 -0.508
541.338 -0.509
541.438 -0.51
541.537 -0.511
541.636 -0.512
541.736 -0.513
541.835 -0.514
541.935 -0.515
542.034 -0.516
542.134 -0.517
542.233 -0.518
542.333 -0.519
542.433 -0.52
542.532 -0.521
542.632 -0.522
542.732 -0.523
542.831 -0.524
542.931 -0.525
543.031 -0.526
543.13 -0.527
543.23 -0.528
543.33 -0.529
543.429 -0.53
543.529 -0.531
543.629 -0.532
543.728 -0.533
543.828 -0.534
543.928 -0.535
544.027 -0.536
544.127 -0.537
544.227 -0.538
544.326 -0.539
544.426 -0.54
544.526 -0.541
544.626 -0.542
544.725 -0.543
544.825 -0.544
544.925 -0.545
545.024 -0.546
545.124 -0.547
545.224 -0.548
545.324 -0.549
545.423 -0.55
545.523 -0.551
545.623 -0.552
545.723 -0.553
545.822 -0.554
545.922 -0.555
546.022 -0.556
546.121 -0.557
546.221 -0.558
546.321 -0.559
546.421 -0.56
546.521 -0.561
546.62 -0.562
546.72 -0.563
546.82 -0.564
546.92 -0.565
547.02 -0.566
547.12 -0.567
547.22 -0.568
547.32 -0.569
547.42 -0.57
547.52 -0.571
547.62 -0.572
547.72 -0.573
547.82 -0.574
547.92 -0.575
548.02 -0.576
548.12 -0.577
548.22 -0.578
548.32 -0.579
548.42 -0.58
548.52 -0.581
548.62 -0.582
548.72 -0.583
548.82 -0.584
548.92 -0.585
549.02 -0.586
549.121 -0.587
549.221 -0.588
549.321 -0.589
549.421 -0.59
549.521 -0.591
549.621 -0.592
549.722 -0.593
549.822 -0.594
549.922 -0.595
550.022 -0.596
550.123 -0.597
550.223 -0.598
550.323 -0.599
550.424 -0.6
550.524 -0.601
550.624 -0.602
550.725 -0.603
550.825 -0.604
550.926 -0.605
551.026 -0.606
551.126 -0.607
551.227 -0.608
551.327 -0.609
551.428 -0.61
551.528 -0.611
551.628 -0.612
551.729 -0.613
551.829 -0.614
551.93 -0.615
552.03 -0.616
552.131 -0.617
552.231 -0.618
552.332 -0.619
552.432 -0.62
552.532 -0.621
552.633 -0.622
552.733 -0.623
552.834 -0.624
552.934 -0.625
553.034 -0.626
553.135 -0.627
553.235 -0.628
553.335 -0.629
553.436 -0.63
553.536 -0.631
553.636 -0.632
553.736 -0.633
553.837 -0.634
553.937 -0.635
554.037 -0.636
554.137 -0.637
554.237 -0.638
554.337 -0.639
554.438 -0.64
554.538 -0.641
554.638 -0.642
554.738 -0.643
554.838 -0.644
554.938 -0.645
555.038 -0.646
555.138 -0.647
555.238 -0.648
555.338 -0.649
555.438 -0.65
555.538 -0.651
555.638 -0.652
555.738 -0.653
555.837 -0.654
555.937 -0.655
556.037 -0.656
556.137 -0.657
556.237 -0.658
556.337 -0.659
556.437 -0.66
556.537 -0.661
556.636 -0.662
556.736 -0.663
556.836 -0.664
556.936 -0.665
557.036 -0.666
557.136 -0.667
557.235 -0.668
557.335 -0.669
557.435 -0.67
557.535 -0.671
557.635 -0.672
557.735 -0.673
557.835 -0.674
557.935 -0.675
558.035 -0.676
558.135 -0.677
558.235 -0.678
558.335 -0.679
558.435 -0.68
558.535 -0.681
558.635 -0.682
558.735 -0.683
558.835 -0.684
558.935 -0.685
559.035 -0.686
559.135 -0.687
559.235 -0.688
559.335 -0.689
559.435 -0.69
559.535 -0.691
559.635 -0.692
559.734 -0.693
559.834 -0.694
559.934 -0.695
560.033 -0.696
560.133 -0.697
560.233 -0.698
560.332 -0.699
560.431 -0.7
560.531 -0.701
560.63 -0.702
560.729 -0.703
560.828 -0.704
560.926 -0.705
561.025 -0.706
561.124 -0.707
561.222 -0.708
561.32 -0.709
561.417 -0.71
561.515 -0.711
561.612 -0.712
561.709 -0.713
561.805 -0.714
561.902 -0.715
561.998 -0.716
562.094 -0.717
562.189 -0.718
562.285 -0.719
562.38 -0.72
562.475 -0.721
562.569 -0.722
562.663 -0.723
562.757 -0.724
562.849 -0.725
562.941 -0.726
563.032 -0.727
563.122 -0.728
563.21 -0.729
563.295 -0.73
563.374 -0.731
563.445 -0.732
563.509 -0.733
563.559 -0.734
563.594 -0.735
563.611 -0.736
563.599 -0.737
563.547 -0.738
563.458 -0.739
563.338 -0.74
563.187 -0.741
563.01 -0.742
562.824 -0.743
562.644 -0.744
562.485 -0.745
562.344 -0.746
562.229 -0.747
562.137 -0.748
562.062 -0.749
562 -0.75
561.938 -0.751
561.876 -0.752
561.814 -0.753
561.752 -0.754
561.69 -0.755
561.628 -0.756
561.599 -0.757
561.588 -0.758
561.577 -0.759
561.596 -0.76
561.638 -0.761
561.679 -0.762
561.721 -0.763
561.762 -0.764
561.807 -0.765
561.889 -0.766
561.981 -0.767
562.087 -0.768
562.249 -0.769
562.437 -0.77
562.658 -0.771
562.91 -0.772
563.187 -0.773
563.48 -0.774
563.782 -0.775
564.09 -0.776
564.382 -0.777
564.637 -0.778
564.878 -0.779
565.113 -0.78
565.318 -0.781
565.496 -0.782
565.673 -0.783
565.849 -0.784
566.023 -0.785
566.197 -0.786
566.368 -0.787
566.539 -0.788
566.708 -0.789
566.875 -0.79
567.041 -0.791
567.206 -0.792
567.369 -0.793
567.53 -0.794
567.69 -0.795
567.846 -0.796
568.001 -0.797
568.152 -0.798
568.3 -0.799
568.444 -0.8
568.579 -0.801
568.704 -0.802
568.822 -0.803
568.936 -0.804
569.046 -0.805
569.151 -0.806
569.25 -0.807
569.346 -0.808
569.44 -0.809
569.529 -0.81
569.61 -0.811
569.677 -0.812
569.727 -0.813
569.764 -0.814
569.794 -0.815
569.821 -0.816
569.847 -0.817
569.872 -0.818
569.947 -0.819
570.039 -0.82
570.162 -0.821
570.295 -0.822
570.441 -0.823
570.594 -0.824
570.747 -0.825
570.882 -0.826
570.999 -0.827
571.103 -0.828
571.208 -0.829
571.313 -0.83
571.418 -0.831
571.524 -0.832
571.629 -0.833
571.735 -0.834
571.84 -0.835
571.946 -0.836
572.052 -0.837
572.158 -0.838
572.264 -0.839
572.37 -0.84
572.476 -0.841
572.582 -0.842
572.688 -0.843
572.794 -0.844
572.901 -0.845
573.007 -0.846
573.113 -0.847
573.22 -0.848
573.326 -0.849
573.432 -0.85
573.539 -0.851
573.645 -0.852
573.751 -0.853
573.858 -0.854
573.964 -0.855
574.071 -0.856
574.177 -0.857
574.284 -0.858
574.391 -0.859
574.497 -0.86
574.604 -0.861
574.71 -0.862
574.817 -0.863
574.924 -0.864
575.03 -0.865
575.137 -0.866
575.244 -0.867
575.351 -0.868
575.458 -0.869
575.564 -0.87
575.671 -0.871
575.778 -0.872
575.885 -0.873
575.992 -0.874
576.099 -0.875
576.206 -0.876
576.312 -0.877
576.419 -0.878
576.526 -0.879
576.633 -0.88
576.74 -0.881
576.847 -0.882
576.954 -0.883
577.061 -0.884
577.168 -0.885
577.275 -0.886
577.382 -0.887
577.489 -0.888
577.596 -0.889
577.703 -0.89
577.81 -0.891
577.917 -0.892
578.024 -0.893
578.131 -0.894
578.238 -0.895
578.345 -0.896
578.452 -0.897
578.559 -0.898
578.666 -0.899
578.773 -0.9
578.88 -0.901
578.987 -0.902
579.094 -0.903
579.2 -0.904
579.307 -0.905
579.414 -0.906
579.52 -0.907
579.627 -0.908
579.733 -0.909
579.839 -0.91
579.946 -0.911
580.052 -0.912
580.158 -0.913
580.264 -0.914
580.37 -0.915
580.475 -0.916
580.581 -0.917
580.687 -0.918
580.792 -0.919
580.897 -0.92
581.003 -0.921
581.108 -0.922
581.213 -0.923
581.319 -0.924
581.424 -0.925
581.529 -0.926
581.634 -0.927
581.738 -0.928
581.842 -0.929
581.946 -0.93
582.049 -0.931
582.152 -0.932
582.254 -0.933
582.357 -0.934
582.459 -0.935
582.561 -0.936
582.662 -0.937
582.763 -0.938
582.864 -0.939
582.965 -0.94
583.064 -0.941
583.163 -0.942
583.262 -0.943
583.36 -0.944
583.456 -0.945
583.552 -0.946
583.647 -0.947
583.74 -0.948
583.828 -0.949
583.91 -0.95
583.984 -0.951
584.047 -0.952
584.098 -0.953
584.134 -0.954
584.149 -0.955
584.147 -0.956
584.122 -0.957
584.077 -0.958
584.008 -0.959
583.915 -0.96
583.784 -0.961
583.597 -0.962
583.368 -0.963
583.126 -0.964
582.879 -0.965
582.625 -0.966
582.365 -0.967
582.107 -0.968
581.882 -0.969
581.686 -0.97
581.507 -0.971
581.343 -0.972
581.338 -0.973
581.381 -0.974
581.395 -0.975
581.404 -0.976
581.412 -0.977
581.388 -0.978
581.33 -0.979
581.256 -0.98
581.149 -0.981
581.002 -0.982
580.81 -0.983
580.578 -0.984
580.336 -0.985
580.087 -0.986
579.831 -0.987
579.615 -0.988
579.407 -0.989
579.222 -0.99
579.053 -0.991
579.05 -0.992
579.125 -0.993
579.194 -0.994
579.257 -0.995
579.319 -0.996
579.38 -0.997
579.52 -0.998
579.645 -0.999
579.753 -1
