15.6328 -0.001
31.251 -0.002
46.8546 -0.003
62.4434 -0.004
78.0173 -0.005
93.5763 -0.006
109.12 -0.007
124.649 -0.008
140.163 -0.009
155.661 -0.01
171.144 -0.011
186.611 -0.012
202.062 -0.013
217.498 -0.014
232.917 -0.015
248.321 -0.016
263.709 -0.017
279.08 -0.018
294.435 -0.019
309.773 -0.02
325.095 -0.021
340.4 -0.022
355.688 -0.023
370.959 -0.024
386.213 -0.025
401.45 -0.026
416.669 -0.027
431.849 -0.028
446.571 -0.029
459.942 -0.03
470.851 -0.031
480.726 -0.032
490.041 -0.033
498.107 -0.034
504.745 -0.035
508.859 -0.036
512.372 -0.037
515.82 -0.038
519.21 -0.039
522.534 -0.04
525.788 -0.041
528.982 -0.042
532.128 -0.043
535.237 -0.044
538.314 -0.045
541.369 -0.046
544.408 -0.047
547.436 -0.048
550.457 -0.049
553.417 -0.05
556.229 -0.051
558.84 -0.052
561.145 -0.053
563.101 -0.054
564.404 -0.055
565.13 -0.056
565.811 -0.057
566.466 -0.058
567.092 -0.059
567.686 -0.06
568.248 -0.061
568.781 -0.062
569.286 -0.063
569.773 -0.064
570.247 -0.065
570.707 -0.066
571.161 -0.067
571.612 -0.068
572.058 -0.069
572.5 -0.07
572.94 -0.071
573.377 -0.072
573.808 -0.073
574.235 -0.074
574.657 -0.075
575.073 -0.076
575.48 -0.077
575.882 -0.078
576.275 -0.079
576.663 -0.08
577.038 -0.081
577.405 -0.082
577.764 -0.083
578.111 -0.084
578.454 -0.085
578.785 -0.086
579.105 -0.087
579.42 -0.088
579.721 -0.089
580.012 -0.09
580.296 -0.091
580.566 -0.092
580.832 -0.093
581.092 -0.094
581.34 -0.095
581.579 -0.096
581.815 -0.097
582.046 -0.098
582.272 -0.099
582.496 -0.1
582.716 -0.101
582.928 -0.102
583.136 -0.103
583.343 -0.104
583.548 -0.105
583.751 -0.106
583.949 -0.107
584.146 -0.108
584.341 -0.109
584.535 -0.11
584.729 -0.111
584.922 -0.112
585.113 -0.113
585.304 -0.114
585.493 -0.115
585.682 -0.116
585.871 -0.117
586.059 -0.118
586.246 -0.119
586.432 -0.12
586.617 -0.121
586.802 -0.122
586.986 -0.123
587.17 -0.124
587.353 -0.125
587.537 -0.126
587.72 -0.127
587.902 -0.128
588.084 -0.129
588.264 -0.13
588.445 -0.131
588.625 -0.132
588.805 -0.133
588.985 -0.134
589.164 -0.135
589.343 -0.136
589.522 -0.137
589.701 -0.138
589.879 -0.139
590.057 -0.14
590.235 -0.141
590.413 -0.142
590.59 -0.143
590.767 -0.144
590.944 -0.145
591.12 -0.146
591.296 -0.147
591.472 -0.148
591.648 -0.149
591.823 -0.15
591.998 -0.151
592.173 -0.152
592.347 -0.153
592.521 -0.154
592.694 -0.155
592.868 -0.156
593.041 -0.157
593.213 -0.158
593.386 -0.159
593.558 -0.16
593.73 -0.161
593.901 -0.162
594.072 -0.163
594.243 -0.164
594.413 -0.165
594.583 -0.166
594.751 -0.167
594.92 -0.168
595.088 -0.169
595.256 -0.17
595.423 -0.171
595.591 -0.172
595.758 -0.173
595.924 -0.174
596.091 -0.175
596.256 -0.176
596.422 -0.177
596.587 -0.178
596.75 -0.179
596.914 -0.18
597.077 -0.181
597.24 -0.182
597.403 -0.183
597.566 -0.184
597.728 -0.185
597.89 -0.186
598.05 -0.187
598.211 -0.188
598.371 -0.189
598.531 -0.19
598.69 -0.191
598.849 -0.192
599.007 -0.193
599.165 -0.194
599.322 -0.195
599.48 -0.196
599.637 -0.197
599.793 -0.198
599.95 -0.199
600.106 -0.2
600.262 -0.201
600.418 -0.202
600.573 -0.203
600.728 -0.204
600.882 -0.205
601.036 -0.206
601.19 -0.207
601.344 -0.208
601.497 -0.209
601.651 -0.21
601.804 -0.211
601.956 -0.212
602.107 -0.213
602.258 -0.214
602.409 -0.215
602.56 -0.216
602.711 -0.217
602.861 -0.218
603.011 -0.219
603.162 -0.22
603.311 -0.221
603.461 -0.222
603.611 -0.223
603.76 -0.224
603.909 -0.225
604.057 -0.226
604.206 -0.227
604.353 -0.228
604.501 -0.229
604.648 -0.23
604.795 -0.231
604.942 -0.232
605.089 -0.233
605.235 -0.234
605.382 -0.235
605.528 -0.236
605.674 -0.237
605.819 -0.238
605.965 -0.239
606.109 -0.24
606.254 -0.241
606.398 -0.242
606.542 -0.243
606.686 -0.244
606.83 -0.245
606.974 -0.246
607.117 -0.247
607.261 -0.248
607.404 -0.249
607.547 -0.25
607.689 -0.251
607.831 -0.252
607.974 -0.253
608.116 -0.254
608.258 -0.255
608.399 -0.256
608.541 -0.257
608.682 -0.258
608.823 -0.259
608.964 -0.26
609.104 -0.261
609.244 -0.262
609.383 -0.263
609.523 -0.264
609.662 -0.265
609.802 -0.266
609.941 -0.267
610.08 -0.268
610.219 -0.269
610.357 -0.27
610.496 -0.271
610.634 -0.272
610.772 -0.273
610.91 -0.274
611.048 -0.275
611.186 -0.276
611.323 -0.277
611.461 -0.278
611.598 -0.279
611.736 -0.28
611.873 -0.281
612.01 -0.282
612.146 -0.283
612.283 -0.284
612.419 -0.285
612.556 -0.286
612.692 -0.287
612.827 -0.288
612.962 -0.289
613.097 -0.29
613.232 -0.291
613.366 -0.292
613.5 -0.293
613.634 -0.294
613.768 -0.295
613.902 -0.296
614.036 -0.297
614.17 -0.298
614.304 -0.299
614.437 -0.3
614.571 -0.301
614.704 -0.302
614.838 -0.303
614.971 -0.304
615.104 -0.305
615.237 -0.306
615.37 -0.307
615.503 -0.308
615.636 -0.309
615.769 -0.31
615.902 -0.311
616.034 -0.312
616.167 -0.313
616.299 -0.314
616.431 -0.315
616.563 -0.316
616.694 -0.317
616.826 -0.318
616.957 -0.319
617.088 -0.32
617.218 -0.321
617.349 -0.322
617.48 -0.323
617.611 -0.324
617.741 -0.325
617.872 -0.326
618.002 -0.327
618.133 -0.328
618.263 -0.329
618.393 -0.33
618.524 -0.331
618.654 -0.332
618.784 -0.333
618.913 -0.334
619.043 -0.335
619.172 -0.336
619.302 -0.337
619.431 -0.338
619.56 -0.339
619.689 -0.34
619.817 -0.341
619.946 -0.342
620.075 -0.343
620.204 -0.344
620.332 -0.345
620.461 -0.346
620.589 -0.347
620.718 -0.348
620.846 -0.349
620.975 -0.35
621.103 -0.351
621.231 -0.352
621.36 -0.353
621.488 -0.354
621.616 -0.355
621.744 -0.356
621.872 -0.357
622 -0.358
622.128 -0.359
622.256 -0.36
622.383 -0.361
622.511 -0.362
622.639 -0.363
622.766 -0.364
622.894 -0.365
623.022 -0.366
623.149 -0.367
623.277 -0.368
623.404 -0.369
623.531 -0.37
623.658 -0.371
623.786 -0.372
623.913 -0.373
624.04 -0.374
624.167 -0.375
624.294 -0.376
624.421 -0.377
624.548 -0.378
624.675 -0.379
624.801 -0.38
624.928 -0.381
625.055 -0.382
625.181 -0.383
625.307 -0.384
625.433 -0.385
625.559 -0.386
625.685 -0.387
625.811 -0.388
625.936 -0.389
626.062 -0.39
626.188 -0.391
626.313 -0.392
626.438 -0.393
626.564 -0.394
626.689 -0.395
626.814 -0.396
626.94 -0.397
627.065 -0.398
627.19 -0.399
627.315 -0.4
627.44 -0.401
627.565 -0.402
627.69 -0.403
627.815 -0.404
627.94 -0.405
628.065 -0.406
628.189 -0.407
628.314 -0.408
628.439 -0.409
628.564 -0.41
628.688 -0.411
628.813 -0.412
628.937 -0.413
629.062 -0.414
629.186 -0.415
629.311 -0.416
629.435 -0.417
629.56 -0.418
629.684 -0.419
629.808 -0.42
629.932 -0.421
630.057 -0.422
630.181 -0.423
630.305 -0.424
630.429 -0.425
630.553 -0.426
630.677 -0.427
630.801 -0.428
630.925 -0.429
631.049 -0.43
631.173 -0.431
631.297 -0.432
631.421 -0.433
631.544 -0.434
631.668 -0.435
631.791 -0.436
631.914 -0.437
632.038 -0.438
632.161 -0.439
632.284 -0.44
632.406 -0.441
632.529 -0.442
632.652 -0.443
632.774 -0.444
632.897 -0.445
633.019 -0.446
633.142 -0.447
633.264 -0.448
633.387 -0.449
633.509 -0.45
633.632 -0.451
633.754 -0.452
633.876 -0.453
633.998 -0.454
634.12 -0.455
634.242 -0.456
634.365 -0.457
634.487 -0.458
634.609 -0.459
634.731 -0.46
634.853 -0.461
634.975 -0.462
635.097 -0.463
635.219 -0.464
635.341 -0.465
635.462 -0.466
635.584 -0.467
635.706 -0.468
635.828 -0.469
635.95 -0.47
636.072 -0.471
636.193 -0.472
636.315 -0.473
636.437 -0.474
636.559 -0.475
636.68 -0.476
636.802 -0.477
636.924 -0.478
637.045 -0.479
637.167 -0.48
637.288 -0.481
637.41 -0.482
637.532 -0.483
637.653 -0.484
637.775 -0.485
637.896 -0.486
638.018 -0.487
638.139 -0.488
638.261 -0.489
638.382 -0.49
638.503 -0.491
638.625 -0.492
638.746 -0.493
638.868 -0.494
638.989 -0.495
639.11 -0.496
639.232 -0.497
639.353 -0.498
639.474 -0.499
639.596 -0.5
639.717 -0.501
639.838 -0.502
639.959 -0.503
640.081 -0.504
640.202 -0.505
640.323 -0.506
640.444 -0.507
640.565 -0.508
640.687 -0.509
640.808 -0.51
640.929 -0.511
641.05 -0.512
641.171 -0.513
641.292 -0.514
641.414 -0.515
641.535 -0.516
641.656 -0.517
641.777 -0.518
641.898 -0.519
642.019 -0.52
642.14 -0.521
642.262 -0.522
642.383 -0.523
642.504 -0.524
642.625 -0.525
642.746 -0.526
642.867 -0.527
642.988 -0.528
643.11 -0.529
643.231 -0.53
643.352 -0.531
643.473 -0.532
643.594 -0.533
643.715 -0.534
643.837 -0.535
643.958 -0.536
644.079 -0.537
644.2 -0.538
644.321 -0.539
644.443 -0.54
644.564 -0.541
644.685 -0.542
644.806 -0.543
644.927 -0.544
645.049 -0.545
645.17 -0.546
645.291 -0.547
645.412 -0.548
645.533 -0.549
645.654 -0.55
645.776 -0.551
645.897 -0.552
646.018 -0.553
646.139 -0.554
646.26 -0.555
646.382 -0.556
646.503 -0.557
646.624 -0.558
646.745 -0.559
646.866 -0.56
646.987 -0.561
647.109 -0.562
647.23 -0.563
647.351 -0.564
647.472 -0.565
647.593 -0.566
647.715 -0.567
647.836 -0.568
647.957 -0.569
648.078 -0.57
648.2 -0.571
648.321 -0.572
648.442 -0.573
648.564 -0.574
648.685 -0.575
648.806 -0.576
648.928 -0.577
649.049 -0.578
649.171 -0.579
649.292 -0.58
649.414 -0.581
649.535 -0.582
649.657 -0.583
649.778 -0.584
649.9 -0.585
650.022 -0.586
650.143 -0.587
650.265 -0.588
650.387 -0.589
650.508 -0.59
650.63 -0.591
650.752 -0.592
650.874 -0.593
650.995 -0.594
651.117 -0.595
651.239 -0.596
651.361 -0.597
651.483 -0.598
651.605 -0.599
651.727 -0.6
651.849 -0.601
651.971 -0.602
652.093 -0.603
652.215 -0.604
652.337 -0.605
652.46 -0.606
652.582 -0.607
652.704 -0.608
652.826 -0.609
652.949 -0.61
653.071 -0.611
653.193 -0.612
653.316 -0.613
653.438 -0.614
653.561 -0.615
653.683 -0.616
653.806 -0.617
653.928 -0.618
654.051 -0.619
654.174 -0.62
654.296 -0.621
654.419 -0.622
654.542 -0.623
654.665 -0.624
654.788 -0.625
654.911 -0.626
655.034 -0.627
655.157 -0.628
655.28 -0.629
655.403 -0.63
655.526 -0.631
655.649 -0.632
655.772 -0.633
655.895 -0.634
656.019 -0.635
656.142 -0.636
656.265 -0.637
656.389 -0.638
656.512 -0.639
656.636 -0.64
656.759 -0.641
656.883 -0.642
657.006 -0.643
657.13 -0.644
657.254 -0.645
657.377 -0.646
657.501 -0.647
657.625 -0.648
657.749 -0.649
657.873 -0.65
657.996 -0.651
658.12 -0.652
658.244 -0.653
658.368 -0.654
658.493 -0.655
658.617 -0.656
658.741 -0.657
658.865 -0.658
658.989 -0.659
659.113 -0.66
659.237 -0.661
659.361 -0.662
659.486 -0.663
659.61 -0.664
659.734 -0.665
659.859 -0.666
659.983 -0.667
660.107 -0.668
660.232 -0.669
660.356 -0.67
660.481 -0.671
660.605 -0.672
660.73 -0.673
660.855 -0.674
660.979 -0.675
661.104 -0.676
661.229 -0.677
661.354 -0.678
661.479 -0.679
661.604 -0.68
661.729 -0.681
661.854 -0.682
661.979 -0.683
662.104 -0.684
662.229 -0.685
662.355 -0.686
662.48 -0.687
662.605 -0.688
662.731 -0.689
662.856 -0.69
662.982 -0.691
663.107 -0.692
663.233 -0.693
663.359 -0.694
663.485 -0.695
663.61 -0.696
663.736 -0.697
663.862 -0.698
663.988 -0.699
664.114 -0.7
664.24 -0.701
664.366 -0.702
664.493 -0.703
664.619 -0.704
664.745 -0.705
664.872 -0.706
664.998 -0.707
665.124 -0.708
665.251 -0.709
665.378 -0.71
665.504 -0.711
665.631 -0.712
665.758 -0.713
665.885 -0.714
666.012 -0.715
666.138 -0.716
666.265 -0.717
666.393 -0.718
666.52 -0.719
666.647 -0.72
666.774 -0.721
666.901 -0.722
667.029 -0.723
667.156 -0.724
667.284 -0.725
667.411 -0.726
667.539 -0.727
667.667 -0.728
667.794 -0.729
667.922 -0.73
668.05 -0.731
668.178 -0.732
668.306 -0.733
668.434 -0.734
668.562 -0.735
668.69 -0.736
668.818 -0.737
668.947 -0.738
669.075 -0.739
669.203 -0.74
669.332 -0.741
669.461 -0.742
669.589 -0.743
669.718 -0.744
669.846 -0.745
669.975 -0.746
670.103 -0.747
670.232 -0.748
670.361 -0.749
670.489 -0.75
670.618 -0.751
670.747 -0.752
670.876 -0.753
671.005 -0.754
671.133 -0.755
671.262 -0.756
671.391 -0.757
671.52 -0.758
671.649 -0.759
671.778 -0.76
671.907 -0.761
672.036 -0.762
672.166 -0.763
672.295 -0.764
672.424 -0.765
672.554 -0.766
672.683 -0.767
672.813 -0.768
672.943 -0.769
673.073 -0.77
673.202 -0.771
673.332 -0.772
673.462 -0.773
673.592 -0.774
673.722 -0.775
673.853 -0.776
673.983 -0.777
674.113 -0.778
674.243 -0.779
674.374 -0.78
674.504 -0.781
674.635 -0.782
674.766 -0.783
674.896 -0.784
675.027 -0.785
675.158 -0.786
675.289 -0.787
675.42 -0.788
675.551 -0.789
675.682 -0.79
675.814 -0.791
675.945 -0.792
676.076 -0.793
676.208 -0.794
676.339 -0.795
676.471 -0.796
676.602 -0.797
676.734 -0.798
676.866 -0.799
676.998 -0.8
677.13 -0.801
677.262 -0.802
677.394 -0.803
677.526 -0.804
677.659 -0.805
677.791 -0.806
677.923 -0.807
678.056 -0.808
678.189 -0.809
678.321 -0.81
678.454 -0.811
678.587 -0.812
678.72 -0.813
678.853 -0.814
678.986 -0.815
679.119 -0.816
679.252 -0.817
679.386 -0.818
679.519 -0.819
679.652 -0.82
679.786 -0.821
679.92 -0.822
680.053 -0.823
680.187 -0.824
680.321 -0.825
680.455 -0.826
680.589 -0.827
680.723 -0.828
680.857 -0.829
680.992 -0.83
681.126 -0.831
681.26 -0.832
681.395 -0.833
681.53 -0.834
681.664 -0.835
681.799 -0.836
681.934 -0.837
682.069 -0.838
682.204 -0.839
682.339 -0.84
682.474 -0.841
682.609 -0.842
682.745 -0.843
682.88 -0.844
683.016 -0.845
683.151 -0.846
683.287 -0.847
683.423 -0.848
683.559 -0.849
683.695 -0.85
683.831 -0.851
683.967 -0.852
684.103 -0.853
684.239 -0.854
684.376 -0.855
684.512 -0.856
684.649 -0.857
684.785 -0.858
684.922 -0.859
685.059 -0.86
685.196 -0.861
685.333 -0.862
685.469 -0.863
685.607 -0.864
685.744 -0.865
685.881 -0.866
686.018 -0.867
686.156 -0.868
686.293 -0.869
686.431 -0.87
686.568 -0.871
686.706 -0.872
686.844 -0.873
686.982 -0.874
687.12 -0.875
687.258 -0.876
687.396 -0.877
687.534 -0.878
687.672 -0.879
687.811 -0.88
687.949 -0.881
688.088 -0.882
688.227 -0.883
688.365 -0.884
688.504 -0.885
688.643 -0.886
688.782 -0.887
688.921 -0.888
689.061 -0.889
689.2 -0.89
689.339 -0.891
689.479 -0.892
689.618 -0.893
689.758 -0.894
689.898 -0.895
690.037 -0.896
690.177 -0.897
690.317 -0.898
690.458 -0.899
690.598 -0.9
690.738 -0.901
690.879 -0.902
691.019 -0.903
691.159 -0.904
691.3 -0.905
691.441 -0.906
691.582 -0.907
691.722 -0.908
691.863 -0.909
692.004 -0.91
692.146 -0.911
692.287 -0.912
692.428 -0.913
692.57 -0.914
692.711 -0.915
692.853 -0.916
692.994 -0.917
693.136 -0.918
693.277 -0.919
693.419 -0.92
693.561 -0.921
693.702 -0.922
693.844 -0.923
693.986 -0.924
694.128 -0.925
694.27 -0.926
694.412 -0.927
694.554 -0.928
694.696 -0.929
694.838 -0.93
694.98 -0.931
695.122 -0.932
695.263 -0.933
695.405 -0.934
695.546 -0.935
695.688 -0.936
695.829 -0.937
695.971 -0.938
696.113 -0.939
696.255 -0.94
696.397 -0.941
696.539 -0.942
696.681 -0.943
696.823 -0.944
696.965 -0.945
697.108 -0.946
697.25 -0.947
697.392 -0.948
697.535 -0.949
697.677 -0.95
697.82 -0.951
697.963 -0.952
698.105 -0.953
698.248 -0.954
698.391 -0.955
698.534 -0.956
698.678 -0.957
698.821 -0.958
698.964 -0.959
699.108 -0.96
699.251 -0.961
699.395 -0.962
699.538 -0.963
699.682 -0.964
699.826 -0.965
699.97 -0.966
700.114 -0.967
700.258 -0.968
700.402 -0.969
700.546 -0.97
700.691 -0.971
700.835 -0.972
700.98 -0.973
701.124 -0.974
701.269 -0.975
701.414 -0.976
701.559 -0.977
701.704 -0.978
701.849 -0.979
701.994 -0.98
702.139 -0.981
702.284 -0.982
702.429 -0.983
702.575 -0.984
702.72 -0.985
702.866 -0.986
703.011 -0.987
703.157 -0.988
703.302 -0.989
703.448 -0.99
703.594 -0.991
703.74 -0.992
703.886 -0.993
704.031 -0.994
704.177 -0.995
704.323 -0.996
704.469 -0.997
704.615 -0.998
704.761 -0.999
704.907 -1
705.053 -1.001
705.199 -1.002
705.345 -1.003
705.491 -1.004
705.636 -1.005
705.782 -1.006
705.927 -1.007
706.073 -1.008
706.218 -1.009
706.363 -1.01
706.508 -1.011
706.653 -1.012
706.797 -1.013
706.94 -1.014
707.082 -1.015
707.222 -1.016
707.352 -1.017
707.333 -1.018
707.184 -1.019
707.408 -1.02
707.655 -1.021
707.865 -1.022
708.019 -1.023
707.973 -1.024
707.878 -1.025
708.17 -1.026
708.412 -1.027
708.627 -1.028
708.819 -1.029
708.983 -1.03
709.144 -1.031
709.302 -1.032
709.452 -1.033
709.602 -1.034
709.753 -1.035
709.903 -1.036
710.053 -1.037
710.204 -1.038
710.354 -1.039
710.505 -1.04
710.656 -1.041
710.807 -1.042
710.958 -1.043
711.109 -1.044
711.26 -1.045
711.411 -1.046
711.562 -1.047
711.713 -1.048
711.864 -1.049
712.015 -1.05
712.166 -1.051
712.316 -1.052
712.467 -1.053
712.617 -1.054
712.768 -1.055
712.919 -1.056
713.07 -1.057
713.221 -1.058
713.372 -1.059
713.523 -1.06
713.673 -1.061
713.823 -1.062
713.972 -1.063
714.12 -1.064
714.269 -1.065
714.417 -1.066
714.565 -1.067
714.713 -1.068
714.861 -1.069
715.009 -1.07
715.157 -1.071
715.305 -1.072
715.454 -1.073
715.603 -1.074
715.751 -1.075
715.9 -1.076
716.049 -1.077
716.198 -1.078
716.347 -1.079
716.495 -1.08
716.644 -1.081
716.792 -1.082
716.941 -1.083
717.089 -1.084
717.238 -1.085
717.386 -1.086
717.535 -1.087
717.684 -1.088
717.833 -1.089
717.982 -1.09
718.132 -1.091
718.281 -1.092
718.432 -1.093
718.582 -1.094
718.732 -1.095
718.883 -1.096
719.033 -1.097
719.184 -1.098
719.334 -1.099
719.485 -1.1
