13.6143 -0.001
27.148 -0.002
40.6016 -0.003
53.9755 -0.004
67.2701 -0.005
80.4857 -0.006
93.6228 -0.007
106.682 -0.008
119.663 -0.009
132.567 -0.01
145.394 -0.011
158.144 -0.012
170.817 -0.013
183.415 -0.014
195.937 -0.015
208.384 -0.016
220.755 -0.017
233.052 -0.018
245.274 -0.019
257.422 -0.02
269.497 -0.021
281.497 -0.022
293.424 -0.023
305.278 -0.024
317.059 -0.025
328.767 -0.026
340.371 -0.027
351.281 -0.028
360.52 -0.029
369.225 -0.03
377.816 -0.031
386.328 -0.032
394.787 -0.033
403.188 -0.034
411.515 -0.035
419.593 -0.036
427.112 -0.037
434.054 -0.038
440.335 -0.039
446.102 -0.04
451.474 -0.041
456.314 -0.042
460.736 -0.043
464.863 -0.044
468.819 -0.045
472.648 -0.046
476.34 -0.047
479.803 -0.048
482.977 -0.049
485.863 -0.05
488.638 -0.051
491.3 -0.052
493.725 -0.053
495.869 -0.054
497.531 -0.055
498.953 -0.056
499.909 -0.057
500.422 -0.058
500.841 -0.059
501.218 -0.06
501.554 -0.061
501.855 -0.062
502.124 -0.063
502.364 -0.064
502.572 -0.065
502.752 -0.066
502.908 -0.067
503.023 -0.068
503.12 -0.069
503.198 -0.07
503.24 -0.071
503.242 -0.072
503.215 -0.073
503.161 -0.074
503.063 -0.075
502.929 -0.076
502.772 -0.077
502.578 -0.078
502.365 -0.079
502.136 -0.08
501.899 -0.081
501.65 -0.082
501.394 -0.083
501.13 -0.084
500.859 -0.085
500.583 -0.086
500.301 -0.087
500.014 -0.088
499.723 -0.089
499.428 -0.09
499.13 -0.091
498.828 -0.092
498.522 -0.093
498.214 -0.094
497.903 -0.095
497.589 -0.096
497.272 -0.097
496.95 -0.098
496.626 -0.099
496.301 -0.1
495.975 -0.101
495.647 -0.102
495.318 -0.103
494.988 -0.104
494.657 -0.105
494.318 -0.106
493.973 -0.107
493.625 -0.108
493.275 -0.109
492.925 -0.11
492.574 -0.111
492.222 -0.112
491.871 -0.113
491.519 -0.114
491.168 -0.115
490.816 -0.116
490.463 -0.117
490.103 -0.118
489.739 -0.119
489.372 -0.12
489.001 -0.121
488.63 -0.122
488.259 -0.123
487.889 -0.124
487.518 -0.125
487.149 -0.126
486.778 -0.127
486.407 -0.128
486.037 -0.129
485.668 -0.13
485.3 -0.131
484.933 -0.132
484.566 -0.133
484.201 -0.134
483.836 -0.135
483.473 -0.136
483.111 -0.137
482.75 -0.138
482.39 -0.139
482.031 -0.14
481.673 -0.141
481.314 -0.142
480.954 -0.143
480.593 -0.144
480.232 -0.145
479.874 -0.146
479.516 -0.147
479.16 -0.148
478.805 -0.149
478.452 -0.15
478.1 -0.151
477.75 -0.152
477.401 -0.153
477.053 -0.154
476.708 -0.155
476.363 -0.156
476.021 -0.157
475.68 -0.158
475.34 -0.159
475.003 -0.16
474.667 -0.161
474.333 -0.162
474 -0.163
473.669 -0.164
473.34 -0.165
473.012 -0.166
472.686 -0.167
472.361 -0.168
472.039 -0.169
471.718 -0.17
471.399 -0.171
471.081 -0.172
470.766 -0.173
470.452 -0.174
470.138 -0.175
469.826 -0.176
469.516 -0.177
469.207 -0.178
468.899 -0.179
468.594 -0.18
468.291 -0.181
467.989 -0.182
467.689 -0.183
467.39 -0.184
467.091 -0.185
466.795 -0.186
466.5 -0.187
466.207 -0.188
465.915 -0.189
465.626 -0.19
465.34 -0.191
465.056 -0.192
464.774 -0.193
464.494 -0.194
464.216 -0.195
463.941 -0.196
463.667 -0.197
463.397 -0.198
463.129 -0.199
462.863 -0.2
462.599 -0.201
462.339 -0.202
462.081 -0.203
461.825 -0.204
461.571 -0.205
461.319 -0.206
461.069 -0.207
460.822 -0.208
460.577 -0.209
460.335 -0.21
460.094 -0.211
459.855 -0.212
459.619 -0.213
459.385 -0.214
459.152 -0.215
458.919 -0.216
458.687 -0.217
458.458 -0.218
458.229 -0.219
458.002 -0.22
457.778 -0.221
457.556 -0.222
457.336 -0.223
457.117 -0.224
456.898 -0.225
456.68 -0.226
456.464 -0.227
456.248 -0.228
456.034 -0.229
455.822 -0.23
455.612 -0.231
455.403 -0.232
455.192 -0.233
454.982 -0.234
454.774 -0.235
454.568 -0.236
454.364 -0.237
454.162 -0.238
453.961 -0.239
453.762 -0.24
453.564 -0.241
453.369 -0.242
453.177 -0.243
452.987 -0.244
452.799 -0.245
452.614 -0.246
452.432 -0.247
452.252 -0.248
452.074 -0.249
451.897 -0.25
451.722 -0.251
451.549 -0.252
451.38 -0.253
451.213 -0.254
451.049 -0.255
450.887 -0.256
450.728 -0.257
450.572 -0.258
450.417 -0.259
450.263 -0.26
450.112 -0.261
449.963 -0.262
449.818 -0.263
449.675 -0.264
449.535 -0.265
449.398 -0.266
449.263 -0.267
449.131 -0.268
448.998 -0.269
448.869 -0.27
448.742 -0.271
448.617 -0.272
448.495 -0.273
448.376 -0.274
448.258 -0.275
448.141 -0.276
448.025 -0.277
447.907 -0.278
447.792 -0.279
447.679 -0.28
447.568 -0.281
447.46 -0.282
447.354 -0.283
447.248 -0.284
447.144 -0.285
447.042 -0.286
446.941 -0.287
446.842 -0.288
446.745 -0.289
446.651 -0.29
446.559 -0.291
446.465 -0.292
446.374 -0.293
446.286 -0.294
446.2 -0.295
446.114 -0.296
446.03 -0.297
445.949 -0.298
445.867 -0.299
445.786 -0.3
445.708 -0.301
445.633 -0.302
445.559 -0.303
445.489 -0.304
445.418 -0.305
445.346 -0.306
445.276 -0.307
445.209 -0.308
445.144 -0.309
445.081 -0.31
445.022 -0.311
444.96 -0.312
444.9 -0.313
444.842 -0.314
444.785 -0.315
444.731 -0.316
444.678 -0.317
444.626 -0.318
444.576 -0.319
444.53 -0.32
444.485 -0.321
444.444 -0.322
444.404 -0.323
444.359 -0.324
444.316 -0.325
444.276 -0.326
444.238 -0.327
444.202 -0.328
444.168 -0.329
444.132 -0.33
444.097 -0.331
444.065 -0.332
444.035 -0.333
444.006 -0.334
443.975 -0.335
443.945 -0.336
443.914 -0.337
443.885 -0.338
443.858 -0.339
443.827 -0.34
443.798 -0.341
443.77 -0.342
443.742 -0.343
443.712 -0.344
443.682 -0.345
443.653 -0.346
443.626 -0.347
443.596 -0.348
443.563 -0.349
443.531 -0.35
443.502 -0.351
443.475 -0.352
443.45 -0.353
443.427 -0.354
443.407 -0.355
443.389 -0.356
443.373 -0.357
443.356 -0.358
443.341 -0.359
443.328 -0.36
443.317 -0.361
443.307 -0.362
443.297 -0.363
443.289 -0.364
443.284 -0.365
443.278 -0.366
443.27 -0.367
443.266 -0.368
443.261 -0.369
443.255 -0.37
443.25 -0.371
443.245 -0.372
443.24 -0.373
443.234 -0.374
443.228 -0.375
443.223 -0.376
443.215 -0.377
443.207 -0.378
443.202 -0.379
443.197 -0.38
443.192 -0.381
443.19 -0.382
443.19 -0.383
443.192 -0.384
443.196 -0.385
443.202 -0.386
443.211 -0.387
443.221 -0.388
443.234 -0.389
443.249 -0.39
443.266 -0.391
443.285 -0.392
443.306 -0.393
443.33 -0.394
443.354 -0.395
443.379 -0.396
443.406 -0.397
443.435 -0.398
443.464 -0.399
443.493 -0.4
443.525 -0.401
443.559 -0.402
443.591 -0.403
443.626 -0.404
443.662 -0.405
443.697 -0.406
443.733 -0.407
443.772 -0.408
443.809 -0.409
443.846 -0.41
443.885 -0.411
443.922 -0.412
443.956 -0.413
443.986 -0.414
444.003 -0.415
443.993 -0.416
443.906 -0.417
443.731 -0.418
443.559 -0.419
443.545 -0.42
443.622 -0.421
443.692 -0.422
443.743 -0.423
443.745 -0.424
443.622 -0.425
443.459 -0.426
443.305 -0.427
443.427 -0.428
443.531 -0.429
443.629 -0.43
443.73 -0.431
443.828 -0.432
443.927 -0.433
444.024 -0.434
444.101 -0.435
444.18 -0.436
444.257 -0.437
444.335 -0.438
444.415 -0.439
444.492 -0.44
444.562 -0.441
444.636 -0.442
444.72 -0.443
444.806 -0.444
444.893 -0.445
444.972 -0.446
445.061 -0.447
445.15 -0.448
445.238 -0.449
445.327 -0.45
445.417 -0.451
445.508 -0.452
445.601 -0.453
445.693 -0.454
445.786 -0.455
445.877 -0.456
445.969 -0.457
446.057 -0.458
446.144 -0.459
446.228 -0.46
446.308 -0.461
446.38 -0.462
446.445 -0.463
446.536 -0.464
446.64 -0.465
446.721 -0.466
446.796 -0.467
446.868 -0.468
446.997 -0.469
447.123 -0.47
447.237 -0.471
447.353 -0.472
447.473 -0.473
447.595 -0.474
447.72 -0.475
447.849 -0.476
447.98 -0.477
448.115 -0.478
448.253 -0.479
448.396 -0.48
448.543 -0.481
448.696 -0.482
448.853 -0.483
449.013 -0.484
449.176 -0.485
449.338 -0.486
449.499 -0.487
449.656 -0.488
449.811 -0.489
449.967 -0.49
450.127 -0.491
450.289 -0.492
450.455 -0.493
450.624 -0.494
450.797 -0.495
450.972 -0.496
451.15 -0.497
451.332 -0.498
451.517 -0.499
451.706 -0.5
451.898 -0.501
452.093 -0.502
452.291 -0.503
452.493 -0.504
452.698 -0.505
452.907 -0.506
453.119 -0.507
453.335 -0.508
453.553 -0.509
453.775 -0.51
454.001 -0.511
454.229 -0.512
454.461 -0.513
454.696 -0.514
454.934 -0.515
455.176 -0.516
455.42 -0.517
455.668 -0.518
455.913 -0.519
456.154 -0.52
456.394 -0.521
456.637 -0.522
456.884 -0.523
457.133 -0.524
457.386 -0.525
457.641 -0.526
457.891 -0.527
458.142 -0.528
458.394 -0.529
458.647 -0.53
458.898 -0.531
459.146 -0.532
459.388 -0.533
459.621 -0.534
459.849 -0.535
460.069 -0.536
460.267 -0.537
460.453 -0.538
460.644 -0.539
460.831 -0.54
461.015 -0.541
461.252 -0.542
461.491 -0.543
461.734 -0.544
462.112 -0.545
462.502 -0.546
462.886 -0.547
463.235 -0.548
463.584 -0.549
463.938 -0.55
464.294 -0.551
464.655 -0.552
465.006 -0.553
465.35 -0.554
465.699 -0.555
466.032 -0.556
466.367 -0.557
466.705 -0.558
467.048 -0.559
467.394 -0.56
467.745 -0.561
468.099 -0.562
468.457 -0.563
468.819 -0.564
469.183 -0.565
469.551 -0.566
469.92 -0.567
470.292 -0.568
470.665 -0.569
471.041 -0.57
471.422 -0.571
471.805 -0.572
472.193 -0.573
472.585 -0.574
472.981 -0.575
473.382 -0.576
473.786 -0.577
474.194 -0.578
474.606 -0.579
475.023 -0.58
475.443 -0.581
475.868 -0.582
476.297 -0.583
476.73 -0.584
477.167 -0.585
477.608 -0.586
478.053 -0.587
478.502 -0.588
478.956 -0.589
479.414 -0.59
479.875 -0.591
480.341 -0.592
480.811 -0.593
481.284 -0.594
481.762 -0.595
482.244 -0.596
482.731 -0.597
483.223 -0.598
483.718 -0.599
484.219 -0.6
484.724 -0.601
485.233 -0.602
485.747 -0.603
486.264 -0.604
486.783 -0.605
487.305 -0.606
487.831 -0.607
488.362 -0.608
488.895 -0.609
489.431 -0.61
489.969 -0.611
490.512 -0.612
491.059 -0.613
491.612 -0.614
492.169 -0.615
492.73 -0.616
493.295 -0.617
493.863 -0.618
494.434 -0.619
495.007 -0.62
495.584 -0.621
496.163 -0.622
496.745 -0.623
497.33 -0.624
497.918 -0.625
498.509 -0.626
499.102 -0.627
499.698 -0.628
500.299 -0.629
500.903 -0.63
501.512 -0.631
502.124 -0.632
502.74 -0.633
503.36 -0.634
503.984 -0.635
504.611 -0.636
505.243 -0.637
505.879 -0.638
506.519 -0.639
507.163 -0.64
507.811 -0.641
508.463 -0.642
509.119 -0.643
509.777 -0.644
510.439 -0.645
511.104 -0.646
511.772 -0.647
512.444 -0.648
513.119 -0.649
513.797 -0.65
514.477 -0.651
515.161 -0.652
515.848 -0.653
516.538 -0.654
517.232 -0.655
517.929 -0.656
518.629 -0.657
519.332 -0.658
520.038 -0.659
520.748 -0.66
521.459 -0.661
522.174 -0.662
522.891 -0.663
523.611 -0.664
524.334 -0.665
525.059 -0.666
525.787 -0.667
526.519 -0.668
527.253 -0.669
527.991 -0.67
528.73 -0.671
529.474 -0.672
530.22 -0.673
530.97 -0.674
531.724 -0.675
532.48 -0.676
533.24 -0.677
534.004 -0.678
534.771 -0.679
535.541 -0.68
536.315 -0.681
537.092 -0.682
537.872 -0.683
538.656 -0.684
539.443 -0.685
540.234 -0.686
541.028 -0.687
541.826 -0.688
542.629 -0.689
543.435 -0.69
544.245 -0.691
545.058 -0.692
545.876 -0.693
546.698 -0.694
547.524 -0.695
548.354 -0.696
549.188 -0.697
550.025 -0.698
550.862 -0.699
551.697 -0.7
552.526 -0.701
553.31 -0.702
553.575 -0.703
554.5 -0.704
555.406 -0.705
556.315 -0.706
557.186 -0.707
558.034 -0.708
558.882 -0.709
559.724 -0.71
560.537 -0.711
560.914 -0.712
561.759 -0.713
562.668 -0.714
563.589 -0.715
564.511 -0.716
565.405 -0.717
566.289 -0.718
567.179 -0.719
568.096 -0.72
569.014 -0.721
569.937 -0.722
570.863 -0.723
571.793 -0.724
572.728 -0.725
573.661 -0.726
574.598 -0.727
575.553 -0.728
576.517 -0.729
577.482 -0.73
578.451 -0.731
579.416 -0.732
580.378 -0.733
581.343 -0.734
582.298 -0.735
583.249 -0.736
584.201 -0.737
585.152 -0.738
586.103 -0.739
587.051 -0.74
588.003 -0.741
588.944 -0.742
589.885 -0.743
590.824 -0.744
591.756 -0.745
592.69 -0.746
593.623 -0.747
594.55 -0.748
595.475 -0.749
596.396 -0.75
597.317 -0.751
598.235 -0.752
599.156 -0.753
600.08 -0.754
601.001 -0.755
601.926 -0.756
602.852 -0.757
603.783 -0.758
604.717 -0.759
605.659 -0.76
606.625 -0.761
607.596 -0.762
608.57 -0.763
609.548 -0.764
610.529 -0.765
611.519 -0.766
612.509 -0.767
613.483 -0.768
614.441 -0.769
615.408 -0.77
616.375 -0.771
617.314 -0.772
618.242 -0.773
619.175 -0.774
620.112 -0.775
621.053 -0.776
621.997 -0.777
622.945 -0.778
623.898 -0.779
624.858 -0.78
625.821 -0.781
626.788 -0.782
627.761 -0.783
628.738 -0.784
629.719 -0.785
630.705 -0.786
631.695 -0.787
632.69 -0.788
633.688 -0.789
634.689 -0.79
635.693 -0.791
636.702 -0.792
637.715 -0.793
638.732 -0.794
639.752 -0.795
640.775 -0.796
641.802 -0.797
642.835 -0.798
643.871 -0.799
644.912 -0.8
645.954 -0.801
647.001 -0.802
648.052 -0.803
649.108 -0.804
650.169 -0.805
651.232 -0.806
652.299 -0.807
653.37 -0.808
654.445 -0.809
655.526 -0.81
656.601 -0.811
657.678 -0.812
658.76 -0.813
659.841 -0.814
660.919 -0.815
662 -0.816
663.085 -0.817
664.172 -0.818
665.265 -0.819
666.359 -0.82
667.457 -0.821
668.559 -0.822
669.666 -0.823
670.777 -0.824
671.891 -0.825
673.009 -0.826
674.133 -0.827
675.26 -0.828
676.392 -0.829
677.527 -0.83
678.666 -0.831
679.811 -0.832
680.96 -0.833
682.112 -0.834
683.268 -0.835
684.429 -0.836
685.595 -0.837
686.764 -0.838
687.936 -0.839
689.114 -0.84
690.295 -0.841
691.481 -0.842
692.671 -0.843
693.867 -0.844
695.066 -0.845
696.267 -0.846
697.469 -0.847
698.674 -0.848
699.882 -0.849
701.092 -0.85
702.303 -0.851
703.517 -0.852
704.736 -0.853
705.959 -0.854
707.185 -0.855
708.414 -0.856
709.649 -0.857
710.888 -0.858
712.133 -0.859
713.38 -0.86
714.631 -0.861
715.887 -0.862
717.148 -0.863
718.413 -0.864
719.682 -0.865
720.957 -0.866
722.236 -0.867
723.52 -0.868
724.808 -0.869
726.101 -0.87
727.399 -0.871
728.702 -0.872
730.009 -0.873
731.321 -0.874
732.638 -0.875
733.959 -0.876
735.285 -0.877
736.616 -0.878
737.951 -0.879
739.291 -0.88
740.635 -0.881
741.984 -0.882
743.338 -0.883
744.697 -0.884
746.061 -0.885
747.43 -0.886
748.804 -0.887
750.183 -0.888
751.566 -0.889
752.943 -0.89
754.305 -0.891
755.626 -0.892
756.904 -0.893
758.07 -0.894
759.151 -0.895
760.191 -0.896
761.208 -0.897
762.224 -0.898
763.243 -0.899
764.221 -0.9
765.179 -0.901
766.108 -0.902
767.038 -0.903
767.97 -0.904
768.905 -0.905
769.841 -0.906
770.779 -0.907
771.718 -0.908
772.659 -0.909
773.601 -0.91
774.544 -0.911
775.488 -0.912
776.41 -0.913
777.255 -0.914
778.097 -0.915
778.806 -0.916
779.493 -0.917
780.179 -0.918
780.856 -0.919
781.531 -0.92
782.205 -0.921
782.879 -0.922
783.554 -0.923
784.228 -0.924
784.903 -0.925
785.576 -0.926
786.247 -0.927
786.918 -0.928
787.589 -0.929
788.259 -0.93
788.93 -0.931
789.602 -0.932
790.273 -0.933
790.944 -0.934
791.616 -0.935
792.287 -0.936
792.959 -0.937
793.631 -0.938
794.303 -0.939
794.975 -0.94
795.647 -0.941
796.319 -0.942
796.991 -0.943
797.664 -0.944
798.337 -0.945
799.009 -0.946
799.682 -0.947
800.355 -0.948
801.028 -0.949
801.702 -0.95
802.375 -0.951
803.049 -0.952
803.722 -0.953
804.396 -0.954
805.07 -0.955
805.741 -0.956
806.413 -0.957
807.084 -0.958
807.756 -0.959
808.426 -0.96
809.096 -0.961
809.766 -0.962
810.436 -0.963
811.106 -0.964
811.777 -0.965
812.447 -0.966
813.117 -0.967
813.788 -0.968
814.458 -0.969
815.129 -0.97
815.8 -0.971
816.471 -0.972
817.142 -0.973
817.813 -0.974
818.484 -0.975
819.155 -0.976
819.826 -0.977
820.497 -0.978
821.168 -0.979
821.839 -0.98
822.51 -0.981
823.182 -0.982
823.853 -0.983
824.524 -0.984
825.196 -0.985
825.868 -0.986
826.54 -0.987
827.212 -0.988
827.885 -0.989
828.557 -0.99
829.23 -0.991
829.903 -0.992
830.576 -0.993
831.249 -0.994
831.922 -0.995
832.595 -0.996
833.268 -0.997
833.942 -0.998
834.615 -0.999
835.288 -1
