8.12915 -0.001
16.2488 -0.002
24.3588 -0.003
32.4591 -0.004
40.5496 -0.005
48.6303 -0.006
56.701 -0.007
64.7618 -0.008
72.8124 -0.009
80.8528 -0.01
88.8829 -0.011
96.9027 -0.012
104.912 -0.013
112.911 -0.014
120.899 -0.015
128.876 -0.016
136.842 -0.017
144.798 -0.018
152.742 -0.019
160.675 -0.02
168.597 -0.021
176.508 -0.022
184.406 -0.023
192.294 -0.024
200.169 -0.025
208.033 -0.026
215.884 -0.027
223.723 -0.028
231.55 -0.029
239.365 -0.03
247.167 -0.031
254.956 -0.032
262.732 -0.033
270.495 -0.034
278.245 -0.035
285.978 -0.036
293.562 -0.037
300.635 -0.038
306.608 -0.039
311.821 -0.04
316.802 -0.041
321.141 -0.042
324.309 -0.043
327.212 -0.044
329.967 -0.045
332.502 -0.046
334.674 -0.047
336.482 -0.048
338.271 -0.049
340.043 -0.05
341.802 -0.051
343.55 -0.052
345.292 -0.053
347.02 -0.054
348.74 -0.055
350.448 -0.056
352.142 -0.057
353.819 -0.058
355.486 -0.059
357.143 -0.06
358.789 -0.061
360.417 -0.062
362.016 -0.063
363.556 -0.064
365.028 -0.065
366.4 -0.066
367.65 -0.067
368.771 -0.068
369.762 -0.069
370.588 -0.07
371.156 -0.071
371.501 -0.072
371.82 -0.073
372.13 -0.074
372.432 -0.075
372.729 -0.076
373.019 -0.077
373.304 -0.078
373.584 -0.079
373.854 -0.08
374.121 -0.081
374.378 -0.082
374.633 -0.083
374.878 -0.084
375.117 -0.085
375.352 -0.086
375.577 -0.087
375.798 -0.088
376.016 -0.089
376.222 -0.09
376.425 -0.091
376.625 -0.092
376.815 -0.093
376.999 -0.094
377.18 -0.095
377.359 -0.096
377.528 -0.097
377.693 -0.098
377.855 -0.099
378.015 -0.1
378.165 -0.101
378.313 -0.102
378.458 -0.103
378.602 -0.104
378.743 -0.105
378.879 -0.106
379.014 -0.107
379.147 -0.108
379.277 -0.109
379.405 -0.11
379.529 -0.111
379.649 -0.112
379.767 -0.113
379.884 -0.114
379.998 -0.115
380.112 -0.116
380.225 -0.117
380.336 -0.118
380.445 -0.119
380.553 -0.12
380.66 -0.121
380.766 -0.122
380.871 -0.123
380.975 -0.124
381.077 -0.125
381.179 -0.126
381.279 -0.127
381.378 -0.128
381.477 -0.129
381.575 -0.13
381.673 -0.131
381.769 -0.132
381.866 -0.133
381.961 -0.134
382.055 -0.135
382.148 -0.136
382.24 -0.137
382.331 -0.138
382.422 -0.139
382.511 -0.14
382.601 -0.141
382.688 -0.142
382.776 -0.143
382.863 -0.144
382.949 -0.145
383.034 -0.146
383.119 -0.147
383.204 -0.148
383.289 -0.149
383.372 -0.15
383.455 -0.151
383.537 -0.152
383.618 -0.153
383.698 -0.154
383.779 -0.155
383.859 -0.156
383.939 -0.157
384.019 -0.158
384.098 -0.159
384.176 -0.16
384.254 -0.161
384.331 -0.162
384.408 -0.163
384.484 -0.164
384.559 -0.165
384.633 -0.166
384.708 -0.167
384.782 -0.168
384.857 -0.169
384.931 -0.17
385.005 -0.171
385.078 -0.172
385.15 -0.173
385.222 -0.174
385.293 -0.175
385.364 -0.176
385.436 -0.177
385.507 -0.178
385.578 -0.179
385.649 -0.18
385.719 -0.181
385.79 -0.182
385.86 -0.183
385.928 -0.184
385.996 -0.185
386.064 -0.186
386.131 -0.187
386.199 -0.188
386.266 -0.189
386.334 -0.19
386.401 -0.191
386.468 -0.192
386.535 -0.193
386.603 -0.194
386.67 -0.195
386.737 -0.196
386.803 -0.197
386.867 -0.198
386.931 -0.199
386.995 -0.2
387.059 -0.201
387.122 -0.202
387.186 -0.203
387.25 -0.204
387.313 -0.205
387.377 -0.206
387.44 -0.207
387.503 -0.208
387.566 -0.209
387.629 -0.21
387.692 -0.211
387.755 -0.212
387.818 -0.213
387.88 -0.214
387.943 -0.215
388.005 -0.216
388.066 -0.217
388.127 -0.218
388.188 -0.219
388.25 -0.22
388.311 -0.221
388.372 -0.222
388.433 -0.223
388.494 -0.224
388.555 -0.225
388.616 -0.226
388.677 -0.227
388.737 -0.228
388.798 -0.229
388.859 -0.23
388.92 -0.231
388.981 -0.232
389.041 -0.233
389.102 -0.234
389.162 -0.235
389.223 -0.236
389.284 -0.237
389.344 -0.238
389.403 -0.239
389.463 -0.24
389.522 -0.241
389.581 -0.242
389.64 -0.243
389.7 -0.244
389.759 -0.245
389.818 -0.246
389.877 -0.247
389.936 -0.248
389.995 -0.249
390.054 -0.25
390.113 -0.251
390.172 -0.252
390.231 -0.253
390.29 -0.254
390.349 -0.255
390.408 -0.256
390.467 -0.257
390.525 -0.258
390.584 -0.259
390.643 -0.26
390.701 -0.261
390.76 -0.262
390.817 -0.263
390.875 -0.264
390.932 -0.265
390.989 -0.266
391.046 -0.267
391.104 -0.268
391.161 -0.269
391.218 -0.27
391.275 -0.271
391.332 -0.272
391.389 -0.273
391.446 -0.274
391.503 -0.275
391.56 -0.276
391.617 -0.277
391.673 -0.278
391.73 -0.279
391.787 -0.28
391.844 -0.281
391.9 -0.282
391.957 -0.283
392.014 -0.284
392.07 -0.285
392.127 -0.286
392.183 -0.287
392.24 -0.288
392.296 -0.289
392.353 -0.29
392.409 -0.291
392.465 -0.292
392.521 -0.293
392.577 -0.294
392.634 -0.295
392.69 -0.296
392.746 -0.297
392.802 -0.298
392.858 -0.299
392.914 -0.3
392.97 -0.301
393.026 -0.302
393.082 -0.303
393.138 -0.304
393.193 -0.305
393.249 -0.306
393.305 -0.307
393.361 -0.308
393.416 -0.309
393.472 -0.31
393.527 -0.311
393.583 -0.312
393.638 -0.313
393.694 -0.314
393.749 -0.315
393.804 -0.316
393.859 -0.317
393.914 -0.318
393.969 -0.319
394.024 -0.32
394.079 -0.321
394.134 -0.322
394.189 -0.323
394.244 -0.324
394.299 -0.325
394.354 -0.326
394.408 -0.327
394.463 -0.328
394.518 -0.329
394.572 -0.33
394.627 -0.331
394.681 -0.332
394.735 -0.333
394.79 -0.334
394.844 -0.335
394.898 -0.336
394.953 -0.337
395.007 -0.338
395.061 -0.339
395.115 -0.34
395.169 -0.341
395.223 -0.342
395.277 -0.343
395.331 -0.344
395.385 -0.345
395.439 -0.346
395.493 -0.347
395.547 -0.348
395.6 -0.349
395.654 -0.35
395.708 -0.351
395.761 -0.352
395.815 -0.353
395.868 -0.354
395.922 -0.355
395.975 -0.356
396.029 -0.357
396.082 -0.358
396.135 -0.359
396.189 -0.36
396.242 -0.361
396.295 -0.362
396.349 -0.363
396.402 -0.364
396.455 -0.365
396.508 -0.366
396.561 -0.367
396.614 -0.368
396.667 -0.369
396.719 -0.37
396.772 -0.371
396.824 -0.372
396.877 -0.373
396.929 -0.374
396.981 -0.375
397.033 -0.376
397.085 -0.377
397.138 -0.378
397.19 -0.379
397.242 -0.38
397.293 -0.381
397.345 -0.382
397.397 -0.383
397.449 -0.384
397.5 -0.385
397.552 -0.386
397.604 -0.387
397.655 -0.388
397.707 -0.389
397.758 -0.39
397.81 -0.391
397.861 -0.392
397.912 -0.393
397.964 -0.394
398.015 -0.395
398.066 -0.396
398.117 -0.397
398.168 -0.398
398.219 -0.399
398.27 -0.4
398.321 -0.401
398.372 -0.402
398.423 -0.403
398.473 -0.404
398.524 -0.405
398.575 -0.406
398.625 -0.407
398.675 -0.408
398.726 -0.409
398.776 -0.41
398.826 -0.411
398.875 -0.412
398.925 -0.413
398.974 -0.414
399.023 -0.415
399.072 -0.416
399.121 -0.417
399.17 -0.418
399.219 -0.419
399.267 -0.42
399.316 -0.421
399.364 -0.422
399.412 -0.423
399.461 -0.424
399.509 -0.425
399.557 -0.426
399.605 -0.427
399.652 -0.428
399.7 -0.429
399.748 -0.43
399.795 -0.431
399.843 -0.432
399.89 -0.433
399.937 -0.434
399.985 -0.435
400.032 -0.436
400.079 -0.437
400.126 -0.438
400.172 -0.439
400.218 -0.44
400.264 -0.441
400.31 -0.442
400.355 -0.443
400.4 -0.444
400.445 -0.445
400.489 -0.446
400.532 -0.447
400.576 -0.448
400.619 -0.449
400.661 -0.45
400.704 -0.451
400.746 -0.452
400.787 -0.453
400.828 -0.454
400.869 -0.455
400.909 -0.456
400.949 -0.457
400.988 -0.458
401.027 -0.459
401.066 -0.46
401.106 -0.461
401.145 -0.462
401.186 -0.463
401.226 -0.464
401.265 -0.465
401.304 -0.466
401.343 -0.467
401.381 -0.468
401.419 -0.469
401.455 -0.47
401.491 -0.471
401.526 -0.472
401.56 -0.473
401.592 -0.474
401.623 -0.475
401.655 -0.476
401.687 -0.477
401.722 -0.478
401.757 -0.479
401.791 -0.48
401.823 -0.481
401.855 -0.482
401.885 -0.483
401.914 -0.484
401.939 -0.485
401.968 -0.486
401.993 -0.487
402.027 -0.488
402.062 -0.489
402.099 -0.49
402.136 -0.491
402.173 -0.492
402.209 -0.493
402.245 -0.494
402.281 -0.495
402.317 -0.496
402.353 -0.497
402.388 -0.498
402.422 -0.499
402.455 -0.5
402.487 -0.501
402.519 -0.502
402.551 -0.503
402.581 -0.504
402.61 -0.505
402.637 -0.506
402.661 -0.507
402.686 -0.508
402.714 -0.509
402.742 -0.51
402.77 -0.511
402.795 -0.512
402.819 -0.513
402.842 -0.514
402.864 -0.515
402.882 -0.516
402.898 -0.517
402.91 -0.518
402.916 -0.519
402.919 -0.52
402.928 -0.521
402.945 -0.522
402.966 -0.523
402.984 -0.524
402.998 -0.525
403.01 -0.526
403.016 -0.527
403.017 -0.528
403.025 -0.529
403.038 -0.53
403.056 -0.531
403.068 -0.532
403.074 -0.533
403.076 -0.534
403.087 -0.535
403.114 -0.536
403.151 -0.537
403.197 -0.538
403.24 -0.539
403.283 -0.54
403.326 -0.541
403.366 -0.542
403.403 -0.543
403.437 -0.544
403.472 -0.545
403.511 -0.546
403.552 -0.547
403.594 -0.548
403.634 -0.549
403.675 -0.55
403.718 -0.551
403.76 -0.552
403.803 -0.553
403.845 -0.554
403.887 -0.555
403.929 -0.556
403.971 -0.557
404.014 -0.558
404.057 -0.559
404.1 -0.56
404.143 -0.561
404.185 -0.562
404.227 -0.563
404.27 -0.564
404.313 -0.565
404.356 -0.566
404.399 -0.567
404.442 -0.568
404.485 -0.569
404.527 -0.57
404.57 -0.571
404.612 -0.572
404.654 -0.573
404.696 -0.574
404.737 -0.575
404.779 -0.576
404.82 -0.577
404.861 -0.578
404.903 -0.579
404.946 -0.58
404.99 -0.581
405.033 -0.582
405.075 -0.583
405.118 -0.584
405.161 -0.585
405.203 -0.586
405.245 -0.587
405.287 -0.588
405.329 -0.589
405.371 -0.59
405.412 -0.591
405.453 -0.592
405.494 -0.593
405.535 -0.594
405.576 -0.595
405.616 -0.596
405.657 -0.597
405.698 -0.598
405.738 -0.599
405.778 -0.6
405.816 -0.601
405.855 -0.602
405.898 -0.603
405.941 -0.604
405.984 -0.605
406.027 -0.606
406.07 -0.607
406.113 -0.608
406.155 -0.609
406.198 -0.61
406.24 -0.611
406.283 -0.612
406.326 -0.613
406.369 -0.614
406.411 -0.615
406.453 -0.616
406.496 -0.617
406.538 -0.618
406.58 -0.619
406.623 -0.62
406.665 -0.621
406.706 -0.622
406.746 -0.623
406.791 -0.624
406.836 -0.625
406.882 -0.626
406.927 -0.627
406.972 -0.628
407.018 -0.629
407.063 -0.63
407.108 -0.631
407.154 -0.632
407.199 -0.633
407.245 -0.634
407.291 -0.635
407.336 -0.636
407.382 -0.637
407.427 -0.638
407.472 -0.639
407.518 -0.64
407.563 -0.641
407.608 -0.642
407.653 -0.643
407.698 -0.644
407.743 -0.645
407.788 -0.646
407.832 -0.647
407.876 -0.648
407.92 -0.649
407.964 -0.65
408.007 -0.651
408.053 -0.652
408.099 -0.653
408.144 -0.654
408.19 -0.655
408.235 -0.656
408.281 -0.657
408.326 -0.658
408.371 -0.659
408.416 -0.66
408.461 -0.661
408.506 -0.662
408.551 -0.663
408.596 -0.664
408.64 -0.665
408.684 -0.666
408.728 -0.667
408.772 -0.668
408.817 -0.669
408.861 -0.67
408.905 -0.671
408.948 -0.672
408.991 -0.673
409.033 -0.674
409.076 -0.675
409.119 -0.676
409.161 -0.677
409.205 -0.678
409.248 -0.679
409.291 -0.68
409.333 -0.681
409.375 -0.682
409.417 -0.683
409.459 -0.684
409.5 -0.685
409.541 -0.686
409.581 -0.687
409.621 -0.688
409.661 -0.689
409.701 -0.69
409.741 -0.691
409.779 -0.692
409.816 -0.693
409.851 -0.694
409.885 -0.695
409.918 -0.696
409.952 -0.697
409.986 -0.698
410.02 -0.699
410.054 -0.7
410.087 -0.701
410.12 -0.702
410.154 -0.703
410.188 -0.704
410.221 -0.705
410.255 -0.706
410.291 -0.707
410.329 -0.708
410.365 -0.709
410.401 -0.71
410.439 -0.711
410.476 -0.712
410.513 -0.713
410.549 -0.714
410.584 -0.715
410.617 -0.716
410.651 -0.717
410.685 -0.718
410.718 -0.719
410.752 -0.72
410.786 -0.721
410.82 -0.722
410.853 -0.723
410.886 -0.724
410.919 -0.725
410.951 -0.726
410.983 -0.727
411.015 -0.728
411.046 -0.729
411.077 -0.73
411.107 -0.731
411.137 -0.732
411.166 -0.733
411.195 -0.734
411.223 -0.735
411.252 -0.736
411.281 -0.737
411.31 -0.738
411.347 -0.739
411.388 -0.74
411.431 -0.741
411.474 -0.742
411.518 -0.743
411.563 -0.744
411.607 -0.745
411.651 -0.746
411.694 -0.747
411.738 -0.748
411.784 -0.749
411.833 -0.75
411.887 -0.751
411.942 -0.752
411.997 -0.753
412.05 -0.754
412.104 -0.755
412.157 -0.756
412.21 -0.757
412.263 -0.758
412.317 -0.759
412.37 -0.76
412.425 -0.761
412.483 -0.762
412.544 -0.763
412.605 -0.764
412.666 -0.765
412.727 -0.766
412.788 -0.767
412.85 -0.768
412.911 -0.769
412.971 -0.77
413.032 -0.771
413.091 -0.772
413.149 -0.773
413.208 -0.774
413.267 -0.775
413.326 -0.776
413.383 -0.777
413.436 -0.778
413.49 -0.779
413.544 -0.78
413.597 -0.781
413.651 -0.782
413.704 -0.783
413.758 -0.784
413.812 -0.785
413.865 -0.786
413.919 -0.787
413.973 -0.788
414.027 -0.789
414.08 -0.79
414.134 -0.791
414.188 -0.792
414.242 -0.793
414.296 -0.794
414.349 -0.795
414.403 -0.796
414.457 -0.797
414.511 -0.798
414.565 -0.799
414.619 -0.8
414.673 -0.801
414.727 -0.802
414.781 -0.803
414.836 -0.804
414.891 -0.805
414.945 -0.806
415 -0.807
415.055 -0.808
415.11 -0.809
415.166 -0.81
415.221 -0.811
415.276 -0.812
415.331 -0.813
415.387 -0.814
415.442 -0.815
415.497 -0.816
415.553 -0.817
415.608 -0.818
415.663 -0.819
415.719 -0.82
415.774 -0.821
415.83 -0.822
415.885 -0.823
415.941 -0.824
415.997 -0.825
416.052 -0.826
416.108 -0.827
416.163 -0.828
416.219 -0.829
416.275 -0.83
416.331 -0.831
416.386 -0.832
416.442 -0.833
416.498 -0.834
416.554 -0.835
416.611 -0.836
416.667 -0.837
416.723 -0.838
416.78 -0.839
416.837 -0.84
416.894 -0.841
416.951 -0.842
417.008 -0.843
417.065 -0.844
417.122 -0.845
417.179 -0.846
417.236 -0.847
417.293 -0.848
417.35 -0.849
417.407 -0.85
417.464 -0.851
417.522 -0.852
417.579 -0.853
417.636 -0.854
417.693 -0.855
417.751 -0.856
417.808 -0.857
417.866 -0.858
417.924 -0.859
417.982 -0.86
418.04 -0.861
418.097 -0.862
418.155 -0.863
418.214 -0.864
418.272 -0.865
418.33 -0.866
418.389 -0.867
418.447 -0.868
418.506 -0.869
418.564 -0.87
418.623 -0.871
418.682 -0.872
418.741 -0.873
418.801 -0.874
418.86 -0.875
418.919 -0.876
418.979 -0.877
419.038 -0.878
419.098 -0.879
419.158 -0.88
419.218 -0.881
419.278 -0.882
419.338 -0.883
419.399 -0.884
419.459 -0.885
419.52 -0.886
419.581 -0.887
419.642 -0.888
419.702 -0.889
419.763 -0.89
419.824 -0.891
419.886 -0.892
419.947 -0.893
420.009 -0.894
420.071 -0.895
420.132 -0.896
420.194 -0.897
420.256 -0.898
420.318 -0.899
420.38 -0.9
420.442 -0.901
420.504 -0.902
420.566 -0.903
420.628 -0.904
420.691 -0.905
420.753 -0.906
420.815 -0.907
420.878 -0.908
420.94 -0.909
421.003 -0.91
421.065 -0.911
421.128 -0.912
421.191 -0.913
421.254 -0.914
421.317 -0.915
421.38 -0.916
421.443 -0.917
421.506 -0.918
421.569 -0.919
421.633 -0.92
421.696 -0.921
421.76 -0.922
421.823 -0.923
421.887 -0.924
421.951 -0.925
422.015 -0.926
422.079 -0.927
422.142 -0.928
422.206 -0.929
422.27 -0.93
422.334 -0.931
422.398 -0.932
422.462 -0.933
422.526 -0.934
422.59 -0.935
422.654 -0.936
422.719 -0.937
422.783 -0.938
422.847 -0.939
422.911 -0.94
422.976 -0.941
423.04 -0.942
423.104 -0.943
423.169 -0.944
423.233 -0.945
423.298 -0.946
423.362 -0.947
423.427 -0.948
423.492 -0.949
423.556 -0.95
423.621 -0.951
423.686 -0.952
423.751 -0.953
423.816 -0.954
423.88 -0.955
423.945 -0.956
424.01 -0.957
424.075 -0.958
424.14 -0.959
424.205 -0.96
424.271 -0.961
424.336 -0.962
424.401 -0.963
424.466 -0.964
424.531 -0.965
424.597 -0.966
424.662 -0.967
424.727 -0.968
424.793 -0.969
424.858 -0.97
424.924 -0.971
424.989 -0.972
425.055 -0.973
425.121 -0.974
425.186 -0.975
425.252 -0.976
425.318 -0.977
425.383 -0.978
425.449 -0.979
425.515 -0.98
425.581 -0.981
425.647 -0.982
425.713 -0.983
425.778 -0.984
425.844 -0.985
425.91 -0.986
425.976 -0.987
426.043 -0.988
426.109 -0.989
426.175 -0.99
426.241 -0.991
426.307 -0.992
426.373 -0.993
426.44 -0.994
426.506 -0.995
426.572 -0.996
426.638 -0.997
426.705 -0.998
426.771 -0.999
426.837 -1
426.904 -1.001
426.97 -1.002
427.037 -1.003
427.103 -1.004
427.169 -1.005
427.236 -1.006
427.302 -1.007
427.368 -1.008
427.435 -1.009
427.501 -1.01
427.567 -1.011
427.633 -1.012
427.699 -1.013
427.765 -1.014
427.831 -1.015
427.896 -1.016
427.961 -1.017
428.025 -1.018
428.088 -1.019
428.15 -1.02
428.21 -1.021
428.27 -1.022
428.328 -1.023
428.385 -1.024
428.44 -1.025
428.495 -1.026
428.549 -1.027
428.602 -1.028
428.655 -1.029
428.708 -1.03
428.761 -1.031
428.814 -1.032
428.867 -1.033
428.92 -1.034
428.973 -1.035
429.026 -1.036
429.079 -1.037
429.132 -1.038
429.185 -1.039
429.238 -1.04
429.29 -1.041
429.343 -1.042
429.395 -1.043
429.447 -1.044
429.498 -1.045
429.548 -1.046
429.596 -1.047
429.643 -1.048
429.692 -1.049
429.742 -1.05
429.792 -1.051
429.844 -1.052
429.898 -1.053
429.955 -1.054
430.016 -1.055
430.08 -1.056
430.145 -1.057
430.209 -1.058
430.274 -1.059
430.338 -1.06
430.403 -1.061
430.467 -1.062
430.532 -1.063
430.596 -1.064
430.661 -1.065
430.725 -1.066
430.789 -1.067
430.853 -1.068
430.918 -1.069
430.982 -1.07
431.046 -1.071
431.11 -1.072
431.175 -1.073
431.239 -1.074
431.303 -1.075
431.368 -1.076
431.433 -1.077
431.498 -1.078
431.56 -1.079
431.618 -1.08
431.689 -1.081
431.769 -1.082
431.85 -1.083
431.93 -1.084
432.011 -1.085
432.092 -1.086
432.173 -1.087
432.254 -1.088
432.334 -1.089
432.415 -1.09
432.496 -1.091
432.576 -1.092
432.657 -1.093
432.737 -1.094
432.818 -1.095
432.898 -1.096
432.978 -1.097
433.058 -1.098
433.138 -1.099
433.218 -1.1
433.298 -1.101
433.378 -1.102
433.458 -1.103
433.537 -1.104
433.617 -1.105
433.696 -1.106
433.776 -1.107
433.855 -1.108
433.931 -1.109
434.003 -1.11
434.075 -1.111
434.147 -1.112
434.219 -1.113
434.291 -1.114
434.363 -1.115
434.436 -1.116
434.508 -1.117
434.58 -1.118
434.652 -1.119
434.725 -1.12
434.797 -1.121
434.87 -1.122
434.942 -1.123
435.015 -1.124
435.087 -1.125
435.16 -1.126
435.232 -1.127
435.305 -1.128
435.378 -1.129
435.45 -1.13
435.523 -1.131
435.596 -1.132
435.669 -1.133
435.742 -1.134
435.815 -1.135
435.888 -1.136
435.961 -1.137
436.034 -1.138
436.107 -1.139
436.181 -1.14
436.254 -1.141
436.328 -1.142
436.401 -1.143
436.475 -1.144
436.548 -1.145
436.622 -1.146
436.696 -1.147
436.77 -1.148
436.844 -1.149
436.918 -1.15
436.992 -1.151
437.066 -1.152
437.14 -1.153
437.214 -1.154
437.288 -1.155
437.362 -1.156
437.436 -1.157
437.51 -1.158
437.584 -1.159
437.658 -1.16
437.732 -1.161
437.806 -1.162
437.88 -1.163
437.953 -1.164
438.027 -1.165
438.1 -1.166
438.173 -1.167
438.246 -1.168
438.319 -1.169
438.391 -1.17
438.462 -1.171
438.533 -1.172
438.604 -1.173
438.674 -1.174
438.744 -1.175
438.814 -1.176
438.883 -1.177
438.952 -1.178
439.02 -1.179
439.089 -1.18
439.156 -1.181
439.224 -1.182
439.291 -1.183
439.359 -1.184
439.425 -1.185
439.492 -1.186
439.558 -1.187
439.624 -1.188
439.69 -1.189
439.756 -1.19
439.821 -1.191
439.887 -1.192
439.952 -1.193
440.016 -1.194
440.081 -1.195
440.146 -1.196
440.21 -1.197
440.275 -1.198
440.339 -1.199
440.403 -1.2
