9.28015 -0.001
18.4583 -0.002
27.5349 -0.003
36.5102 -0.004
45.3847 -0.005
54.1586 -0.006
62.8324 -0.007
71.4062 -0.008
79.8805 -0.009
88.2554 -0.01
96.5313 -0.011
104.708 -0.012
112.787 -0.013
120.767 -0.014
128.649 -0.015
136.432 -0.016
144.117 -0.017
151.705 -0.018
159.194 -0.019
166.585 -0.02
173.795 -0.021
180.46 -0.022
186.38 -0.023
192.106 -0.024
197.733 -0.025
203.263 -0.026
208.695 -0.027
214.024 -0.028
219.252 -0.029
224.382 -0.03
229.414 -0.031
234.343 -0.032
239.169 -0.033
243.892 -0.034
248.512 -0.035
253.033 -0.036
257.427 -0.037
261.688 -0.038
265.705 -0.039
269.536 -0.04
273.181 -0.041
276.332 -0.042
279.304 -0.043
282.124 -0.044
284.588 -0.045
286.547 -0.046
287.886 -0.047
289.016 -0.048
290.038 -0.049
290.981 -0.05
291.85 -0.051
292.662 -0.052
293.421 -0.053
294.122 -0.054
294.793 -0.055
295.442 -0.056
296.062 -0.057
296.635 -0.058
297.166 -0.059
297.662 -0.06
298.129 -0.061
298.567 -0.062
298.977 -0.063
299.365 -0.064
299.732 -0.065
300.081 -0.066
300.412 -0.067
300.724 -0.068
301.022 -0.069
301.303 -0.07
301.573 -0.071
301.831 -0.072
302.079 -0.073
302.313 -0.074
302.537 -0.075
302.733 -0.076
302.906 -0.077
303.04 -0.078
303.111 -0.079
303.173 -0.08
303.165 -0.081
303.066 -0.082
302.958 -0.083
302.798 -0.084
302.502 -0.085
302.149 -0.086
301.674 -0.087
301.177 -0.088
300.668 -0.089
300.149 -0.09
299.625 -0.091
299.099 -0.092
298.567 -0.093
298.03 -0.094
297.49 -0.095
296.945 -0.096
296.395 -0.097
295.843 -0.098
295.289 -0.099
294.732 -0.1
294.172 -0.101
293.61 -0.102
293.042 -0.103
292.474 -0.104
291.92 -0.105
291.381 -0.106
290.848 -0.107
290.311 -0.108
289.772 -0.109
289.232 -0.11
288.691 -0.111
288.147 -0.112
287.603 -0.113
287.05 -0.114
286.492 -0.115
285.934 -0.116
285.376 -0.117
284.819 -0.118
284.261 -0.119
283.705 -0.12
283.15 -0.121
282.595 -0.122
282.054 -0.123
281.533 -0.124
281.028 -0.125
280.534 -0.126
280.041 -0.127
279.549 -0.128
279.057 -0.129
278.565 -0.13
278.073 -0.131
277.582 -0.132
277.091 -0.133
276.6 -0.134
276.11 -0.135
275.62 -0.136
275.131 -0.137
274.643 -0.138
274.155 -0.139
273.668 -0.14
273.183 -0.141
272.699 -0.142
272.215 -0.143
271.733 -0.144
271.256 -0.145
270.785 -0.146
270.32 -0.147
269.865 -0.148
269.417 -0.149
268.977 -0.15
268.541 -0.151
268.11 -0.152
267.682 -0.153
267.257 -0.154
266.835 -0.155
266.414 -0.156
265.996 -0.157
265.579 -0.158
265.165 -0.159
264.753 -0.16
264.342 -0.161
263.93 -0.162
263.519 -0.163
263.111 -0.164
262.704 -0.165
262.299 -0.166
261.895 -0.167
261.494 -0.168
261.095 -0.169
260.7 -0.17
260.306 -0.171
259.914 -0.172
259.524 -0.173
259.138 -0.174
258.754 -0.175
258.371 -0.176
257.991 -0.177
257.614 -0.178
257.241 -0.179
256.869 -0.18
256.5 -0.181
256.136 -0.182
255.778 -0.183
255.423 -0.184
255.072 -0.185
254.728 -0.186
254.393 -0.187
254.064 -0.188
253.739 -0.189
253.416 -0.19
253.097 -0.191
252.782 -0.192
252.471 -0.193
252.163 -0.194
251.859 -0.195
251.559 -0.196
251.263 -0.197
250.969 -0.198
250.679 -0.199
250.391 -0.2
250.107 -0.201
249.825 -0.202
249.547 -0.203
249.272 -0.204
249 -0.205
248.731 -0.206
248.466 -0.207
248.202 -0.208
247.939 -0.209
247.68 -0.21
247.425 -0.211
247.172 -0.212
246.922 -0.213
246.678 -0.214
246.437 -0.215
246.198 -0.216
245.963 -0.217
245.731 -0.218
245.501 -0.219
245.269 -0.22
245.042 -0.221
244.82 -0.222
244.6 -0.223
244.384 -0.224
244.172 -0.225
243.963 -0.226
243.759 -0.227
243.558 -0.228
243.363 -0.229
243.17 -0.23
242.982 -0.231
242.798 -0.232
242.618 -0.233
242.443 -0.234
242.273 -0.235
242.11 -0.236
241.95 -0.237
241.795 -0.238
241.645 -0.239
241.5 -0.24
241.359 -0.241
241.223 -0.242
241.091 -0.243
240.964 -0.244
240.842 -0.245
240.725 -0.246
240.613 -0.247
240.507 -0.248
240.406 -0.249
240.311 -0.25
240.222 -0.251
240.137 -0.252
240.057 -0.253
239.982 -0.254
239.912 -0.255
239.847 -0.256
239.786 -0.257
239.731 -0.258
239.668 -0.259
239.573 -0.26
239.477 -0.261
239.379 -0.262
239.28 -0.263
239.181 -0.264
239.081 -0.265
238.982 -0.266
238.881 -0.267
238.784 -0.268
238.692 -0.269
238.603 -0.27
238.519 -0.271
238.439 -0.272
238.363 -0.273
238.293 -0.274
238.227 -0.275
238.166 -0.276
238.11 -0.277
238.059 -0.278
238.012 -0.279
237.97 -0.28
237.934 -0.281
237.903 -0.282
237.877 -0.283
237.856 -0.284
237.839 -0.285
237.828 -0.286
237.822 -0.287
237.821 -0.288
237.826 -0.289
237.836 -0.29
237.851 -0.291
237.872 -0.292
237.896 -0.293
237.92 -0.294
237.948 -0.295
237.973 -0.296
238.003 -0.297
238.031 -0.298
238.061 -0.299
238.089 -0.3
238.117 -0.301
238.145 -0.302
238.171 -0.303
238.199 -0.304
238.232 -0.305
238.269 -0.306
238.311 -0.307
238.358 -0.308
238.409 -0.309
238.467 -0.31
238.529 -0.311
238.597 -0.312
238.67 -0.313
238.749 -0.314
238.833 -0.315
238.923 -0.316
239.014 -0.317
239.107 -0.318
239.198 -0.319
239.291 -0.32
239.383 -0.321
239.473 -0.322
239.555 -0.323
239.625 -0.324
239.679 -0.325
239.727 -0.326
239.776 -0.327
239.824 -0.328
239.872 -0.329
239.919 -0.33
239.965 -0.331
240.011 -0.332
240.056 -0.333
240.1 -0.334
240.147 -0.335
240.199 -0.336
240.255 -0.337
240.315 -0.338
240.379 -0.339
240.448 -0.34
240.521 -0.341
240.598 -0.342
240.679 -0.343
240.765 -0.344
240.855 -0.345
240.95 -0.346
241.048 -0.347
241.151 -0.348
241.259 -0.349
241.372 -0.35
241.489 -0.351
241.609 -0.352
241.733 -0.353
241.86 -0.354
241.991 -0.355
242.128 -0.356
242.268 -0.357
242.413 -0.358
242.562 -0.359
242.716 -0.36
242.874 -0.361
243.036 -0.362
243.203 -0.363
243.374 -0.364
243.544 -0.365
243.703 -0.366
243.85 -0.367
243.988 -0.368
244.129 -0.369
244.273 -0.37
244.423 -0.371
244.577 -0.372
244.735 -0.373
244.898 -0.374
245.064 -0.375
245.235 -0.376
245.404 -0.377
245.565 -0.378
245.72 -0.379
245.876 -0.38
246.037 -0.381
246.201 -0.382
246.37 -0.383
246.542 -0.384
246.718 -0.385
246.896 -0.386
247.079 -0.387
247.265 -0.388
247.456 -0.389
247.65 -0.39
247.849 -0.391
248.052 -0.392
248.251 -0.393
248.439 -0.394
248.615 -0.395
248.791 -0.396
248.971 -0.397
249.156 -0.398
249.344 -0.399
249.537 -0.4
249.733 -0.401
249.934 -0.402
250.139 -0.403
250.348 -0.404
250.56 -0.405
250.778 -0.406
250.997 -0.407
251.214 -0.408
251.427 -0.409
251.641 -0.41
251.858 -0.411
252.079 -0.412
252.305 -0.413
252.534 -0.414
252.768 -0.415
253.006 -0.416
253.248 -0.417
253.494 -0.418
253.744 -0.419
253.999 -0.42
254.258 -0.421
254.521 -0.422
254.788 -0.423
255.06 -0.424
255.335 -0.425
255.615 -0.426
255.899 -0.427
256.188 -0.428
256.469 -0.429
256.732 -0.43
256.998 -0.431
257.267 -0.432
257.542 -0.433
257.821 -0.434
258.104 -0.435
258.392 -0.436
258.683 -0.437
258.978 -0.438
259.277 -0.439
259.58 -0.44
259.887 -0.441
260.198 -0.442
260.514 -0.443
260.835 -0.444
261.16 -0.445
261.49 -0.446
261.824 -0.447
262.163 -0.448
262.505 -0.449
262.85 -0.45
263.199 -0.451
263.552 -0.452
263.91 -0.453
264.273 -0.454
264.63 -0.455
264.982 -0.456
265.338 -0.457
265.692 -0.458
266.038 -0.459
266.384 -0.46
266.733 -0.461
267.081 -0.462
267.435 -0.463
267.792 -0.464
268.154 -0.465
268.52 -0.466
268.891 -0.467
269.266 -0.468
269.644 -0.469
270.024 -0.47
270.408 -0.471
270.796 -0.472
271.189 -0.473
271.587 -0.474
271.989 -0.475
272.396 -0.476
272.806 -0.477
273.219 -0.478
273.637 -0.479
274.058 -0.48
274.484 -0.481
274.915 -0.482
275.35 -0.483
275.79 -0.484
276.236 -0.485
276.685 -0.486
277.14 -0.487
277.599 -0.488
278.064 -0.489
278.534 -0.49
279.007 -0.491
279.484 -0.492
279.965 -0.493
280.451 -0.494
280.943 -0.495
281.439 -0.496
281.94 -0.497
282.447 -0.498
282.949 -0.499
283.446 -0.5
283.944 -0.501
284.447 -0.502
284.955 -0.503
285.468 -0.504
285.985 -0.505
286.504 -0.506
287.026 -0.507
287.551 -0.508
288.079 -0.509
288.61 -0.51
289.144 -0.511
289.681 -0.512
290.223 -0.513
290.769 -0.514
291.32 -0.515
291.876 -0.516
292.436 -0.517
293.001 -0.518
293.561 -0.519
294.126 -0.52
294.695 -0.521
295.267 -0.522
295.843 -0.523
296.423 -0.524
297.008 -0.525
297.598 -0.526
298.194 -0.527
298.794 -0.528
299.399 -0.529
300.006 -0.53
300.615 -0.531
301.229 -0.532
301.848 -0.533
302.47 -0.534
303.09 -0.535
303.71 -0.536
304.332 -0.537
304.936 -0.538
305.501 -0.539
306.062 -0.54
306.62 -0.541
307.177 -0.542
307.732 -0.543
308.288 -0.544
308.837 -0.545
309.384 -0.546
309.928 -0.547
310.477 -0.548
311.028 -0.549
311.579 -0.55
312.13 -0.551
312.686 -0.552
313.245 -0.553
313.806 -0.554
314.369 -0.555
314.931 -0.556
315.498 -0.557
316.068 -0.558
316.637 -0.559
317.206 -0.56
317.779 -0.561
318.355 -0.562
318.927 -0.563
319.5 -0.564
320.069 -0.565
320.64 -0.566
321.211 -0.567
321.785 -0.568
322.363 -0.569
322.944 -0.57
323.529 -0.571
324.117 -0.572
324.71 -0.573
325.305 -0.574
325.903 -0.575
326.504 -0.576
327.107 -0.577
327.712 -0.578
328.321 -0.579
328.93 -0.58
329.539 -0.581
330.148 -0.582
330.76 -0.583
331.373 -0.584
331.99 -0.585
332.612 -0.586
333.236 -0.587
333.864 -0.588
334.495 -0.589
335.128 -0.59
335.756 -0.591
336.379 -0.592
337.005 -0.593
337.633 -0.594
338.264 -0.595
338.898 -0.596
339.535 -0.597
340.171 -0.598
340.792 -0.599
341.401 -0.6
342.012 -0.601
342.624 -0.602
343.238 -0.603
343.852 -0.604
344.469 -0.605
345.086 -0.606
345.706 -0.607
346.329 -0.608
346.956 -0.609
347.586 -0.61
348.219 -0.611
348.855 -0.612
349.495 -0.613
350.138 -0.614
350.785 -0.615
351.435 -0.616
352.088 -0.617
352.745 -0.618
353.405 -0.619
354.069 -0.62
354.736 -0.621
355.406 -0.622
356.08 -0.623
356.757 -0.624
357.438 -0.625
358.123 -0.626
358.811 -0.627
359.502 -0.628
360.192 -0.629
360.879 -0.63
361.568 -0.631
362.26 -0.632
362.956 -0.633
363.655 -0.634
364.352 -0.635
365.033 -0.636
365.714 -0.637
366.399 -0.638
367.087 -0.639
367.778 -0.64
368.47 -0.641
369.164 -0.642
369.858 -0.643
370.555 -0.644
371.255 -0.645
371.959 -0.646
372.665 -0.647
373.375 -0.648
374.088 -0.649
374.804 -0.65
375.524 -0.651
376.247 -0.652
376.972 -0.653
377.699 -0.654
378.429 -0.655
379.163 -0.656
379.9 -0.657
380.631 -0.658
381.343 -0.659
382.059 -0.66
382.779 -0.661
383.502 -0.662
384.228 -0.663
384.957 -0.664
385.69 -0.665
386.426 -0.666
387.166 -0.667
387.909 -0.668
388.655 -0.669
389.4 -0.67
390.144 -0.671
390.882 -0.672
391.612 -0.673
392.337 -0.674
393.055 -0.675
393.77 -0.676
394.478 -0.677
395.189 -0.678
395.902 -0.679
396.617 -0.68
397.336 -0.681
398.058 -0.682
398.783 -0.683
399.511 -0.684
400.24 -0.685
400.972 -0.686
401.707 -0.687
402.445 -0.688
403.186 -0.689
403.93 -0.69
404.677 -0.691
405.426 -0.692
406.176 -0.693
406.929 -0.694
407.685 -0.695
408.439 -0.696
409.182 -0.697
409.908 -0.698
410.607 -0.699
411.287 -0.7
411.969 -0.701
412.653 -0.702
413.338 -0.703
414.027 -0.704
414.716 -0.705
415.4 -0.706
416.051 -0.707
416.637 -0.708
417.216 -0.709
417.796 -0.71
418.378 -0.711
418.961 -0.712
419.517 -0.713
420.065 -0.714
420.612 -0.715
421.159 -0.716
421.707 -0.717
422.256 -0.718
422.805 -0.719
423.356 -0.72
423.907 -0.721
424.459 -0.722
425.011 -0.723
425.565 -0.724
426.119 -0.725
426.675 -0.726
427.231 -0.727
427.788 -0.728
428.346 -0.729
428.906 -0.73
429.466 -0.731
430.027 -0.732
430.588 -0.733
431.149 -0.734
431.711 -0.735
432.271 -0.736
432.832 -0.737
433.393 -0.738
433.953 -0.739
434.514 -0.74
435.077 -0.741
435.64 -0.742
436.204 -0.743
436.769 -0.744
437.336 -0.745
437.903 -0.746
438.471 -0.747
439.04 -0.748
439.61 -0.749
440.18 -0.75
440.752 -0.751
441.325 -0.752
441.899 -0.753
442.473 -0.754
443.048 -0.755
443.625 -0.756
444.202 -0.757
444.78 -0.758
445.359 -0.759
445.939 -0.76
446.52 -0.761
447.102 -0.762
447.685 -0.763
448.269 -0.764
448.854 -0.765
449.439 -0.766
450.026 -0.767
450.614 -0.768
451.202 -0.769
451.792 -0.77
452.382 -0.771
452.974 -0.772
453.566 -0.773
454.159 -0.774
454.754 -0.775
455.349 -0.776
455.945 -0.777
456.543 -0.778
457.141 -0.779
457.74 -0.78
458.34 -0.781
458.942 -0.782
459.544 -0.783
460.147 -0.784
460.751 -0.785
461.357 -0.786
461.963 -0.787
462.57 -0.788
463.178 -0.789
463.787 -0.79
464.397 -0.791
465.008 -0.792
465.619 -0.793
466.232 -0.794
466.846 -0.795
467.461 -0.796
468.076 -0.797
468.693 -0.798
469.312 -0.799
469.931 -0.8
