4.72908 -0.001
9.45313 -0.002
14.1722 -0.003
18.8861 -0.004
23.595 -0.005
28.2988 -0.006
32.9975 -0.007
37.6911 -0.008
42.3795 -0.009
47.0627 -0.01
51.7408 -0.011
56.4136 -0.012
61.0812 -0.013
65.7436 -0.014
70.4007 -0.015
75.0525 -0.016
79.699 -0.017
84.3401 -0.018
88.9759 -0.019
93.6063 -0.02
98.2312 -0.021
102.851 -0.022
107.465 -0.023
112.073 -0.024
116.677 -0.025
121.274 -0.026
125.866 -0.027
130.453 -0.028
135.033 -0.029
139.609 -0.03
144.178 -0.031
148.712 -0.032
152.884 -0.033
156.426 -0.034
159.933 -0.035
163.423 -0.036
166.898 -0.037
170.36 -0.038
173.813 -0.039
177.258 -0.04
180.7 -0.041
184.145 -0.042
187.595 -0.043
191.042 -0.044
194.487 -0.045
197.933 -0.046
201.372 -0.047
204.773 -0.048
208.096 -0.049
211.281 -0.05
214.188 -0.051
217.014 -0.052
219.834 -0.053
222.65 -0.054
225.462 -0.055
228.27 -0.056
231.074 -0.057
233.874 -0.058
236.67 -0.059
239.462 -0.06
242.25 -0.061
245.034 -0.062
247.813 -0.063
250.588 -0.064
253.359 -0.065
256.124 -0.066
258.883 -0.067
261.637 -0.068
264.385 -0.069
267.126 -0.07
269.821 -0.071
272.421 -0.072
274.852 -0.073
277.145 -0.074
279.169 -0.075
280.927 -0.076
282.24 -0.077
283.349 -0.078
284.445 -0.079
285.526 -0.08
286.587 -0.081
287.626 -0.082
288.64 -0.083
289.626 -0.084
290.562 -0.085
291.452 -0.086
292.327 -0.087
293.162 -0.088
293.904 -0.089
294.603 -0.09
295.292 -0.091
295.861 -0.092
296.324 -0.093
296.63 -0.094
296.871 -0.095
297.109 -0.096
297.346 -0.097
297.579 -0.098
297.811 -0.099
298.04 -0.1
298.264 -0.101
298.484 -0.102
298.701 -0.103
298.913 -0.104
299.122 -0.105
299.328 -0.106
299.528 -0.107
299.724 -0.108
299.914 -0.109
300.101 -0.11
300.284 -0.111
300.463 -0.112
300.637 -0.113
300.807 -0.114
300.971 -0.115
301.13 -0.116
301.285 -0.117
301.437 -0.118
301.584 -0.119
301.729 -0.12
301.869 -0.121
302.007 -0.122
302.139 -0.123
302.27 -0.124
302.399 -0.125
302.524 -0.126
302.648 -0.127
302.769 -0.128
302.889 -0.129
303.006 -0.13
303.122 -0.131
303.237 -0.132
303.351 -0.133
303.462 -0.134
303.572 -0.135
303.68 -0.136
303.787 -0.137
303.892 -0.138
303.995 -0.139
304.097 -0.14
304.197 -0.141
304.295 -0.142
304.391 -0.143
304.485 -0.144
304.578 -0.145
304.67 -0.146
304.76 -0.147
304.848 -0.148
304.935 -0.149
305.02 -0.15
305.103 -0.151
305.185 -0.152
305.266 -0.153
305.344 -0.154
305.421 -0.155
305.497 -0.156
305.571 -0.157
305.644 -0.158
305.715 -0.159
305.784 -0.16
305.852 -0.161
305.919 -0.162
305.984 -0.163
306.048 -0.164
306.111 -0.165
306.173 -0.166
306.232 -0.167
306.29 -0.168
306.346 -0.169
306.402 -0.17
306.456 -0.171
306.509 -0.172
306.56 -0.173
306.611 -0.174
306.66 -0.175
306.708 -0.176
306.755 -0.177
306.8 -0.178
306.845 -0.179
306.889 -0.18
306.932 -0.181
306.973 -0.182
307.014 -0.183
307.054 -0.184
307.093 -0.185
307.132 -0.186
307.169 -0.187
307.205 -0.188
307.24 -0.189
307.275 -0.19
307.309 -0.191
307.342 -0.192
307.375 -0.193
307.407 -0.194
307.437 -0.195
307.467 -0.196
307.497 -0.197
307.526 -0.198
307.554 -0.199
307.582 -0.2
307.61 -0.201
307.636 -0.202
307.662 -0.203
307.688 -0.204
307.713 -0.205
307.737 -0.206
307.761 -0.207
307.785 -0.208
307.808 -0.209
307.83 -0.21
307.852 -0.211
307.874 -0.212
307.895 -0.213
307.916 -0.214
307.936 -0.215
307.956 -0.216
307.975 -0.217
307.994 -0.218
308.012 -0.219
308.03 -0.22
308.047 -0.221
308.064 -0.222
308.081 -0.223
308.097 -0.224
308.113 -0.225
308.128 -0.226
308.142 -0.227
308.157 -0.228
308.171 -0.229
308.184 -0.23
308.197 -0.231
308.21 -0.232
308.223 -0.233
308.235 -0.234
308.247 -0.235
308.259 -0.236
308.27 -0.237
308.281 -0.238
308.291 -0.239
308.302 -0.24
308.312 -0.241
308.322 -0.242
308.331 -0.243
308.341 -0.244
308.349 -0.245
308.358 -0.246
308.366 -0.247
308.374 -0.248
308.381 -0.249
308.388 -0.25
308.396 -0.251
308.403 -0.252
308.409 -0.253
308.416 -0.254
308.421 -0.255
308.427 -0.256
308.432 -0.257
308.438 -0.258
308.443 -0.259
308.448 -0.26
308.452 -0.261
308.457 -0.262
308.461 -0.263
308.465 -0.264
308.469 -0.265
308.473 -0.266
308.476 -0.267
308.479 -0.268
308.482 -0.269
308.485 -0.27
308.488 -0.271
308.491 -0.272
308.494 -0.273
308.496 -0.274
308.498 -0.275
308.501 -0.276
308.503 -0.277
308.505 -0.278
308.507 -0.279
308.509 -0.28
308.51 -0.281
308.512 -0.282
308.514 -0.283
308.516 -0.284
308.517 -0.285
308.519 -0.286
308.52 -0.287
308.521 -0.288
308.522 -0.289
308.524 -0.29
308.525 -0.291
308.526 -0.292
308.527 -0.293
308.528 -0.294
308.529 -0.295
308.53 -0.296
308.531 -0.297
308.532 -0.298
308.533 -0.299
308.534 -0.3
308.534 -0.301
308.535 -0.302
308.536 -0.303
308.536 -0.304
308.537 -0.305
308.538 -0.306
308.538 -0.307
308.539 -0.308
308.54 -0.309
308.54 -0.31
308.541 -0.311
308.542 -0.312
308.542 -0.313
308.543 -0.314
308.544 -0.315
308.544 -0.316
308.545 -0.317
308.546 -0.318
308.547 -0.319
308.547 -0.32
308.548 -0.321
308.549 -0.322
308.55 -0.323
308.551 -0.324
308.552 -0.325
308.552 -0.326
308.553 -0.327
308.554 -0.328
308.556 -0.329
308.557 -0.33
308.558 -0.331
308.559 -0.332
308.56 -0.333
308.561 -0.334
308.563 -0.335
308.564 -0.336
308.566 -0.337
308.567 -0.338
308.569 -0.339
308.57 -0.34
308.572 -0.341
308.574 -0.342
308.576 -0.343
308.578 -0.344
308.579 -0.345
308.582 -0.346
308.584 -0.347
308.586 -0.348
308.588 -0.349
308.59 -0.35
308.593 -0.351
308.595 -0.352
308.598 -0.353
308.601 -0.354
308.603 -0.355
308.606 -0.356
308.609 -0.357
308.612 -0.358
308.616 -0.359
308.619 -0.36
308.622 -0.361
308.626 -0.362
308.629 -0.363
308.633 -0.364
308.637 -0.365
308.641 -0.366
308.645 -0.367
308.649 -0.368
308.653 -0.369
308.658 -0.37
308.662 -0.371
308.667 -0.372
308.672 -0.373
308.676 -0.374
308.681 -0.375
308.687 -0.376
308.692 -0.377
308.697 -0.378
308.703 -0.379
308.709 -0.38
308.715 -0.381
308.721 -0.382
308.727 -0.383
308.733 -0.384
308.739 -0.385
308.746 -0.386
308.753 -0.387
308.76 -0.388
308.767 -0.389
308.774 -0.39
308.781 -0.391
308.789 -0.392
308.797 -0.393
308.805 -0.394
308.813 -0.395
308.821 -0.396
308.829 -0.397
308.838 -0.398
308.847 -0.399
308.855 -0.4
308.865 -0.401
308.874 -0.402
308.883 -0.403
308.893 -0.404
308.903 -0.405
308.913 -0.406
308.923 -0.407
308.934 -0.408
308.944 -0.409
308.955 -0.41
308.966 -0.411
308.977 -0.412
308.989 -0.413
309.001 -0.414
309.012 -0.415
309.025 -0.416
309.037 -0.417
309.049 -0.418
309.062 -0.419
309.075 -0.42
309.088 -0.421
309.102 -0.422
309.115 -0.423
309.129 -0.424
309.143 -0.425
309.157 -0.426
309.172 -0.427
309.187 -0.428
309.202 -0.429
309.217 -0.43
309.233 -0.431
309.248 -0.432
309.264 -0.433
309.28 -0.434
309.297 -0.435
309.314 -0.436
309.331 -0.437
309.348 -0.438
309.365 -0.439
309.383 -0.44
309.401 -0.441
309.419 -0.442
309.438 -0.443
309.457 -0.444
309.476 -0.445
309.495 -0.446
309.515 -0.447
309.534 -0.448
309.555 -0.449
309.575 -0.45
309.596 -0.451
309.617 -0.452
309.638 -0.453
309.66 -0.454
309.681 -0.455
309.704 -0.456
309.726 -0.457
309.749 -0.458
309.772 -0.459
309.795 -0.46
309.819 -0.461
309.843 -0.462
309.867 -0.463
309.891 -0.464
309.916 -0.465
309.941 -0.466
309.967 -0.467
309.992 -0.468
310.019 -0.469
310.045 -0.47
310.072 -0.471
310.099 -0.472
310.126 -0.473
310.154 -0.474
310.182 -0.475
310.21 -0.476
310.239 -0.477
310.268 -0.478
310.297 -0.479
310.327 -0.48
310.357 -0.481
310.387 -0.482
310.418 -0.483
310.449 -0.484
310.48 -0.485
310.512 -0.486
310.544 -0.487
310.576 -0.488
310.609 -0.489
310.642 -0.49
310.676 -0.491
310.709 -0.492
310.744 -0.493
310.778 -0.494
310.813 -0.495
310.848 -0.496
310.884 -0.497
310.92 -0.498
310.957 -0.499
310.993 -0.5
311.031 -0.501
311.068 -0.502
311.106 -0.503
311.144 -0.504
311.183 -0.505
311.222 -0.506
311.261 -0.507
311.301 -0.508
311.342 -0.509
311.382 -0.51
311.423 -0.511
311.465 -0.512
311.506 -0.513
311.549 -0.514
311.591 -0.515
311.634 -0.516
311.678 -0.517
311.722 -0.518
311.766 -0.519
311.811 -0.52
311.856 -0.521
311.901 -0.522
311.947 -0.523
311.993 -0.524
312.04 -0.525
312.087 -0.526
312.135 -0.527
312.183 -0.528
312.231 -0.529
312.28 -0.53
312.33 -0.531
312.379 -0.532
312.43 -0.533
312.48 -0.534
312.531 -0.535
312.583 -0.536
312.635 -0.537
312.687 -0.538
312.74 -0.539
312.793 -0.54
312.847 -0.541
312.901 -0.542
312.956 -0.543
313.011 -0.544
313.067 -0.545
313.123 -0.546
313.179 -0.547
313.236 -0.548
313.294 -0.549
313.352 -0.55
313.41 -0.551
313.469 -0.552
313.528 -0.553
313.588 -0.554
313.648 -0.555
313.709 -0.556
313.77 -0.557
313.832 -0.558
313.894 -0.559
313.957 -0.56
314.02 -0.561
314.084 -0.562
314.148 -0.563
314.213 -0.564
314.278 -0.565
314.343 -0.566
314.409 -0.567
314.476 -0.568
314.543 -0.569
314.611 -0.57
314.679 -0.571
314.748 -0.572
314.817 -0.573
314.887 -0.574
314.957 -0.575
315.028 -0.576
315.099 -0.577
315.171 -0.578
315.243 -0.579
315.316 -0.58
315.389 -0.581
315.463 -0.582
315.537 -0.583
315.612 -0.584
315.688 -0.585
315.764 -0.586
315.84 -0.587
315.917 -0.588
315.995 -0.589
316.073 -0.59
316.152 -0.591
316.231 -0.592
316.311 -0.593
316.392 -0.594
316.473 -0.595
316.554 -0.596
316.636 -0.597
316.719 -0.598
316.802 -0.599
316.886 -0.6
316.97 -0.601
317.055 -0.602
317.141 -0.603
317.227 -0.604
317.313 -0.605
317.401 -0.606
317.488 -0.607
317.577 -0.608
317.666 -0.609
317.755 -0.61
317.846 -0.611
317.936 -0.612
318.028 -0.613
318.119 -0.614
318.212 -0.615
318.305 -0.616
318.399 -0.617
318.493 -0.618
318.588 -0.619
318.684 -0.62
318.78 -0.621
318.876 -0.622
318.974 -0.623
319.072 -0.624
319.17 -0.625
319.269 -0.626
319.369 -0.627
319.47 -0.628
319.571 -0.629
319.672 -0.63
319.775 -0.631
319.877 -0.632
319.981 -0.633
320.085 -0.634
320.19 -0.635
320.295 -0.636
320.402 -0.637
320.508 -0.638
320.616 -0.639
320.724 -0.64
320.832 -0.641
320.942 -0.642
321.052 -0.643
321.162 -0.644
321.273 -0.645
321.385 -0.646
321.498 -0.647
321.611 -0.648
321.725 -0.649
321.84 -0.65
321.955 -0.651
322.071 -0.652
322.187 -0.653
322.304 -0.654
322.422 -0.655
322.541 -0.656
322.66 -0.657
322.78 -0.658
322.901 -0.659
323.022 -0.66
323.144 -0.661
323.267 -0.662
323.39 -0.663
323.514 -0.664
323.639 -0.665
323.764 -0.666
323.89 -0.667
324.017 -0.668
324.145 -0.669
324.273 -0.67
324.402 -0.671
324.532 -0.672
324.662 -0.673
324.793 -0.674
324.925 -0.675
325.057 -0.676
325.191 -0.677
325.325 -0.678
325.459 -0.679
325.595 -0.68
325.731 -0.681
325.867 -0.682
326.005 -0.683
326.143 -0.684
326.282 -0.685
326.422 -0.686
326.562 -0.687
326.703 -0.688
326.845 -0.689
326.988 -0.69
327.131 -0.691
327.275 -0.692
327.42 -0.693
327.566 -0.694
327.712 -0.695
327.859 -0.696
328.007 -0.697
328.155 -0.698
328.305 -0.699
328.455 -0.7
328.606 -0.701
328.757 -0.702
328.91 -0.703
329.063 -0.704
329.217 -0.705
329.372 -0.706
329.527 -0.707
329.683 -0.708
329.841 -0.709
329.998 -0.71
330.157 -0.711
330.316 -0.712
330.477 -0.713
330.638 -0.714
330.799 -0.715
330.962 -0.716
331.125 -0.717
331.29 -0.718
331.455 -0.719
331.621 -0.72
331.787 -0.721
331.955 -0.722
332.123 -0.723
332.292 -0.724
332.462 -0.725
332.632 -0.726
332.804 -0.727
332.976 -0.728
333.149 -0.729
333.323 -0.73
333.498 -0.731
333.674 -0.732
333.85 -0.733
334.027 -0.734
334.205 -0.735
334.384 -0.736
334.564 -0.737
334.744 -0.738
334.925 -0.739
335.108 -0.74
335.291 -0.741
335.474 -0.742
335.659 -0.743
335.844 -0.744
336.031 -0.745
336.218 -0.746
336.406 -0.747
336.595 -0.748
336.785 -0.749
336.975 -0.75
337.167 -0.751
337.359 -0.752
337.552 -0.753
337.746 -0.754
337.941 -0.755
338.137 -0.756
338.333 -0.757
338.531 -0.758
338.729 -0.759
338.928 -0.76
339.128 -0.761
339.329 -0.762
339.531 -0.763
339.734 -0.764
339.937 -0.765
340.142 -0.766
340.347 -0.767
340.553 -0.768
340.76 -0.769
340.968 -0.77
341.177 -0.771
341.387 -0.772
341.597 -0.773
341.809 -0.774
342.021 -0.775
342.235 -0.776
342.449 -0.777
342.664 -0.778
342.88 -0.779
343.097 -0.78
343.315 -0.781
343.534 -0.782
343.754 -0.783
343.974 -0.784
344.196 -0.785
344.418 -0.786
344.642 -0.787
344.866 -0.788
345.092 -0.789
345.318 -0.79
345.545 -0.791
345.773 -0.792
346.002 -0.793
346.232 -0.794
346.463 -0.795
346.694 -0.796
346.927 -0.797
347.161 -0.798
347.395 -0.799
347.631 -0.8
347.867 -0.801
348.104 -0.802
348.343 -0.803
348.582 -0.804
348.822 -0.805
349.063 -0.806
349.306 -0.807
349.549 -0.808
349.793 -0.809
350.038 -0.81
350.284 -0.811
350.531 -0.812
350.778 -0.813
351.027 -0.814
351.277 -0.815
351.528 -0.816
351.78 -0.817
352.033 -0.818
352.286 -0.819
352.541 -0.82
352.797 -0.821
353.054 -0.822
353.311 -0.823
353.57 -0.824
353.83 -0.825
354.091 -0.826
354.352 -0.827
354.615 -0.828
354.879 -0.829
355.143 -0.83
355.409 -0.831
355.675 -0.832
355.943 -0.833
356.212 -0.834
356.481 -0.835
356.752 -0.836
357.024 -0.837
357.296 -0.838
357.57 -0.839
357.844 -0.84
358.12 -0.841
358.396 -0.842
358.674 -0.843
358.952 -0.844
359.232 -0.845
359.512 -0.846
359.794 -0.847
360.076 -0.848
360.36 -0.849
360.644 -0.85
360.93 -0.851
361.217 -0.852
361.504 -0.853
361.793 -0.854
362.082 -0.855
362.373 -0.856
362.665 -0.857
362.957 -0.858
363.251 -0.859
363.545 -0.86
363.841 -0.861
364.137 -0.862
364.434 -0.863
364.733 -0.864
365.032 -0.865
365.333 -0.866
365.634 -0.867
365.937 -0.868
366.24 -0.869
366.544 -0.87
366.85 -0.871
367.156 -0.872
367.464 -0.873
367.772 -0.874
368.081 -0.875
368.392 -0.876
368.703 -0.877
369.016 -0.878
369.329 -0.879
369.644 -0.88
369.959 -0.881
370.276 -0.882
370.593 -0.883
370.912 -0.884
371.231 -0.885
371.552 -0.886
371.874 -0.887
372.197 -0.888
372.52 -0.889
372.845 -0.89
373.171 -0.891
373.497 -0.892
373.825 -0.893
374.154 -0.894
374.483 -0.895
374.813 -0.896
375.144 -0.897
375.475 -0.898
375.807 -0.899
376.14 -0.9
376.472 -0.901
376.806 -0.902
377.141 -0.903
377.477 -0.904
377.814 -0.905
378.152 -0.906
378.49 -0.907
378.829 -0.908
379.17 -0.909
379.511 -0.91
379.854 -0.911
380.197 -0.912
380.541 -0.913
380.886 -0.914
381.232 -0.915
381.579 -0.916
381.928 -0.917
382.277 -0.918
382.627 -0.919
382.979 -0.92
383.331 -0.921
383.684 -0.922
384.038 -0.923
384.393 -0.924
384.749 -0.925
385.106 -0.926
385.465 -0.927
385.824 -0.928
386.184 -0.929
386.546 -0.93
386.909 -0.931
387.273 -0.932
387.637 -0.933
388.003 -0.934
388.37 -0.935
388.737 -0.936
389.106 -0.937
389.475 -0.938
389.846 -0.939
390.217 -0.94
390.59 -0.941
390.964 -0.942
391.339 -0.943
391.715 -0.944
392.092 -0.945
392.47 -0.946
392.848 -0.947
393.228 -0.948
393.61 -0.949
393.992 -0.95
394.375 -0.951
394.76 -0.952
395.145 -0.953
395.532 -0.954
395.919 -0.955
396.308 -0.956
396.698 -0.957
397.088 -0.958
397.48 -0.959
397.873 -0.96
398.267 -0.961
398.662 -0.962
399.058 -0.963
399.456 -0.964
399.854 -0.965
400.254 -0.966
400.655 -0.967
401.056 -0.968
401.459 -0.969
401.863 -0.97
402.268 -0.971
402.674 -0.972
403.082 -0.973
403.49 -0.974
403.899 -0.975
404.309 -0.976
404.72 -0.977
405.132 -0.978
405.546 -0.979
405.96 -0.98
406.376 -0.981
406.793 -0.982
407.211 -0.983
407.63 -0.984
408.05 -0.985
408.47 -0.986
408.89 -0.987
409.312 -0.988
409.735 -0.989
410.159 -0.99
410.584 -0.991
411.011 -0.992
411.438 -0.993
411.866 -0.994
412.296 -0.995
412.726 -0.996
413.156 -0.997
413.588 -0.998
414.02 -0.999
414.453 -1
