13.2288 -0.001
26.4437 -0.002
39.6445 -0.003
52.8312 -0.004
66.0039 -0.005
79.1623 -0.006
92.3067 -0.007
105.437 -0.008
118.553 -0.009
131.654 -0.01
144.741 -0.011
157.814 -0.012
170.873 -0.013
183.917 -0.014
196.947 -0.015
209.962 -0.016
222.962 -0.017
235.948 -0.018
248.919 -0.019
261.876 -0.02
274.818 -0.021
287.745 -0.022
300.657 -0.023
313.555 -0.024
326.437 -0.025
339.305 -0.026
352.157 -0.027
364.995 -0.028
377.817 -0.029
390.624 -0.03
403.416 -0.031
416.193 -0.032
428.955 -0.033
441.701 -0.034
454.431 -0.035
467.142 -0.036
479.75 -0.037
492.018 -0.038
503.667 -0.039
514.267 -0.04
524.473 -0.041
534.528 -0.042
544.391 -0.043
553.957 -0.044
563.087 -0.045
571.668 -0.046
579.402 -0.047
585.829 -0.048
590.06 -0.049
593.463 -0.05
596.57 -0.051
599.314 -0.052
601.538 -0.053
602.969 -0.054
604.146 -0.055
605.293 -0.056
606.417 -0.057
607.522 -0.058
608.602 -0.059
609.665 -0.06
610.709 -0.061
611.732 -0.062
612.729 -0.063
613.703 -0.064
614.654 -0.065
615.576 -0.066
616.471 -0.067
617.343 -0.068
618.196 -0.069
619.025 -0.07
619.836 -0.071
620.632 -0.072
621.411 -0.073
622.178 -0.074
622.929 -0.075
623.662 -0.076
624.379 -0.077
625.083 -0.078
625.774 -0.079
626.451 -0.08
627.113 -0.081
627.765 -0.082
628.408 -0.083
629.046 -0.084
629.675 -0.085
630.298 -0.086
630.916 -0.087
631.532 -0.088
632.143 -0.089
632.75 -0.09
633.351 -0.091
633.948 -0.092
634.542 -0.093
635.131 -0.094
635.716 -0.095
636.298 -0.096
636.875 -0.097
637.448 -0.098
638.016 -0.099
638.578 -0.1
639.137 -0.101
639.691 -0.102
640.24 -0.103
640.785 -0.104
641.326 -0.105
641.861 -0.106
642.393 -0.107
642.92 -0.108
643.443 -0.109
643.961 -0.11
644.475 -0.111
644.983 -0.112
645.485 -0.113
645.983 -0.114
646.475 -0.115
646.963 -0.116
647.446 -0.117
647.923 -0.118
648.395 -0.119
648.863 -0.12
649.326 -0.121
649.784 -0.122
650.236 -0.123
650.684 -0.124
651.127 -0.125
651.563 -0.126
651.992 -0.127
652.417 -0.128
652.836 -0.129
653.25 -0.13
653.659 -0.131
654.063 -0.132
654.461 -0.133
654.853 -0.134
655.24 -0.135
655.62 -0.136
655.994 -0.137
656.36 -0.138
656.72 -0.139
657.076 -0.14
657.427 -0.141
657.774 -0.142
658.114 -0.143
658.449 -0.144
658.78 -0.145
659.105 -0.146
659.426 -0.147
659.737 -0.148
660.044 -0.149
660.347 -0.15
660.645 -0.151
660.938 -0.152
661.226 -0.153
661.506 -0.154
661.782 -0.155
662.052 -0.156
662.32 -0.157
662.581 -0.158
662.836 -0.159
663.087 -0.16
663.332 -0.161
663.572 -0.162
663.806 -0.163
664.038 -0.164
664.266 -0.165
664.488 -0.166
664.705 -0.167
664.917 -0.168
665.126 -0.169
665.332 -0.17
665.533 -0.171
665.727 -0.172
665.919 -0.173
666.106 -0.174
666.289 -0.175
666.469 -0.176
666.643 -0.177
666.814 -0.178
666.981 -0.179
667.143 -0.18
667.298 -0.181
667.448 -0.182
667.595 -0.183
667.74 -0.184
667.882 -0.185
668.022 -0.186
668.156 -0.187
668.287 -0.188
668.415 -0.189
668.539 -0.19
668.661 -0.191
668.78 -0.192
668.893 -0.193
669.002 -0.194
669.109 -0.195
669.213 -0.196
669.313 -0.197
669.409 -0.198
669.503 -0.199
669.595 -0.2
669.684 -0.201
669.77 -0.202
669.853 -0.203
669.935 -0.204
670.013 -0.205
670.088 -0.206
670.159 -0.207
670.229 -0.208
670.296 -0.209
670.361 -0.21
670.423 -0.211
670.481 -0.212
670.535 -0.213
670.588 -0.214
670.637 -0.215
670.685 -0.216
670.73 -0.217
670.773 -0.218
670.815 -0.219
670.854 -0.22
670.892 -0.221
670.928 -0.222
670.962 -0.223
670.995 -0.224
671.026 -0.225
671.054 -0.226
671.081 -0.227
671.106 -0.228
671.129 -0.229
671.149 -0.23
671.167 -0.231
671.183 -0.232
671.197 -0.233
671.207 -0.234
671.215 -0.235
671.22 -0.236
671.224 -0.237
671.226 -0.238
671.226 -0.239
671.224 -0.24
671.221 -0.241
671.216 -0.242
671.209 -0.243
671.201 -0.244
671.191 -0.245
671.179 -0.246
671.166 -0.247
671.152 -0.248
671.136 -0.249
671.119 -0.25
671.1 -0.251
671.079 -0.252
671.058 -0.253
671.035 -0.254
671.011 -0.255
670.985 -0.256
670.958 -0.257
670.929 -0.258
670.899 -0.259
670.867 -0.26
670.833 -0.261
670.799 -0.262
670.762 -0.263
670.724 -0.264
670.683 -0.265
670.642 -0.266
670.599 -0.267
670.556 -0.268
670.511 -0.269
670.465 -0.27
670.417 -0.271
670.369 -0.272
670.319 -0.273
670.269 -0.274
670.217 -0.275
670.163 -0.276
670.109 -0.277
670.053 -0.278
669.996 -0.279
669.938 -0.28
669.879 -0.281
669.818 -0.282
669.757 -0.283
669.694 -0.284
669.631 -0.285
669.566 -0.286
669.5 -0.287
669.433 -0.288
669.365 -0.289
669.295 -0.29
669.224 -0.291
669.152 -0.292
669.079 -0.293
669.005 -0.294
668.93 -0.295
668.853 -0.296
668.776 -0.297
668.698 -0.298
668.618 -0.299
668.538 -0.3
668.457 -0.301
668.374 -0.302
668.291 -0.303
668.207 -0.304
668.122 -0.305
668.036 -0.306
667.951 -0.307
667.865 -0.308
667.778 -0.309
667.69 -0.31
667.601 -0.311
667.512 -0.312
667.422 -0.313
667.333 -0.314
667.242 -0.315
667.151 -0.316
667.06 -0.317
666.968 -0.318
666.876 -0.319
666.783 -0.32
666.69 -0.321
666.596 -0.322
666.501 -0.323
666.406 -0.324
666.311 -0.325
666.215 -0.326
666.118 -0.327
666.021 -0.328
665.924 -0.329
665.826 -0.33
665.728 -0.331
665.63 -0.332
665.532 -0.333
665.432 -0.334
665.333 -0.335
665.233 -0.336
665.133 -0.337
665.032 -0.338
664.931 -0.339
664.83 -0.34
664.728 -0.341
664.626 -0.342
664.523 -0.343
664.42 -0.344
664.317 -0.345
664.213 -0.346
664.109 -0.347
664.005 -0.348
663.9 -0.349
663.795 -0.35
663.69 -0.351
663.584 -0.352
663.478 -0.353
663.372 -0.354
663.265 -0.355
663.158 -0.356
663.051 -0.357
662.944 -0.358
662.837 -0.359
662.729 -0.36
662.621 -0.361
662.513 -0.362
662.405 -0.363
662.296 -0.364
662.188 -0.365
662.079 -0.366
661.97 -0.367
661.86 -0.368
661.751 -0.369
661.641 -0.37
661.532 -0.371
661.422 -0.372
661.312 -0.373
661.202 -0.374
661.092 -0.375
660.982 -0.376
660.871 -0.377
660.761 -0.378
660.65 -0.379
660.539 -0.38
660.429 -0.381
660.318 -0.382
660.206 -0.383
660.095 -0.384
659.984 -0.385
659.873 -0.386
659.761 -0.387
659.65 -0.388
659.539 -0.389
659.427 -0.39
659.315 -0.391
659.204 -0.392
659.092 -0.393
658.981 -0.394
658.869 -0.395
658.757 -0.396
658.646 -0.397
658.534 -0.398
658.423 -0.399
658.311 -0.4
658.199 -0.401
658.088 -0.402
657.976 -0.403
657.865 -0.404
657.753 -0.405
657.642 -0.406
657.531 -0.407
657.42 -0.408
657.309 -0.409
657.198 -0.41
657.087 -0.411
656.976 -0.412
656.865 -0.413
656.755 -0.414
656.644 -0.415
656.534 -0.416
656.424 -0.417
656.313 -0.418
656.203 -0.419
656.094 -0.42
655.984 -0.421
655.874 -0.422
655.765 -0.423
655.656 -0.424
655.547 -0.425
655.438 -0.426
655.329 -0.427
655.221 -0.428
655.113 -0.429
655.005 -0.43
654.897 -0.431
654.789 -0.432
654.682 -0.433
654.575 -0.434
654.468 -0.435
654.361 -0.436
654.255 -0.437
654.149 -0.438
654.043 -0.439
653.938 -0.44
653.832 -0.441
653.728 -0.442
653.623 -0.443
653.519 -0.444
653.415 -0.445
653.311 -0.446
653.208 -0.447
653.105 -0.448
653.002 -0.449
652.899 -0.45
652.797 -0.451
652.696 -0.452
652.594 -0.453
652.493 -0.454
652.392 -0.455
652.292 -0.456
652.192 -0.457
652.093 -0.458
651.993 -0.459
651.894 -0.46
651.796 -0.461
651.698 -0.462
651.6 -0.463
651.503 -0.464
651.406 -0.465
651.31 -0.466
651.214 -0.467
651.119 -0.468
651.024 -0.469
650.93 -0.47
650.836 -0.471
650.742 -0.472
650.649 -0.473
650.557 -0.474
650.465 -0.475
650.373 -0.476
650.282 -0.477
650.192 -0.478
650.102 -0.479
650.013 -0.48
649.924 -0.481
649.836 -0.482
649.748 -0.483
649.661 -0.484
649.574 -0.485
649.488 -0.486
649.403 -0.487
649.318 -0.488
649.234 -0.489
649.15 -0.49
649.067 -0.491
648.985 -0.492
648.903 -0.493
648.822 -0.494
648.742 -0.495
648.662 -0.496
648.583 -0.497
648.504 -0.498
648.426 -0.499
648.349 -0.5
648.273 -0.501
648.197 -0.502
648.121 -0.503
648.047 -0.504
647.972 -0.505
647.899 -0.506
647.826 -0.507
647.754 -0.508
647.682 -0.509
647.611 -0.51
647.54 -0.511
647.47 -0.512
647.401 -0.513
647.332 -0.514
647.264 -0.515
647.197 -0.516
647.131 -0.517
647.065 -0.518
647 -0.519
646.935 -0.52
646.871 -0.521
646.808 -0.522
646.745 -0.523
646.683 -0.524
646.622 -0.525
646.561 -0.526
646.501 -0.527
646.442 -0.528
646.383 -0.529
646.325 -0.53
646.268 -0.531
646.212 -0.532
646.157 -0.533
646.102 -0.534
646.049 -0.535
645.996 -0.536
645.944 -0.537
645.893 -0.538
645.843 -0.539
645.793 -0.54
645.745 -0.541
645.698 -0.542
645.651 -0.543
645.605 -0.544
645.561 -0.545
645.517 -0.546
645.474 -0.547
645.432 -0.548
645.391 -0.549
645.35 -0.55
645.311 -0.551
645.272 -0.552
645.235 -0.553
645.198 -0.554
645.162 -0.555
645.126 -0.556
645.091 -0.557
645.058 -0.558
645.025 -0.559
644.992 -0.56
644.96 -0.561
644.928 -0.562
644.896 -0.563
644.865 -0.564
644.833 -0.565
644.802 -0.566
644.772 -0.567
644.744 -0.568
644.716 -0.569
644.689 -0.57
644.663 -0.571
644.639 -0.572
644.615 -0.573
644.592 -0.574
644.571 -0.575
644.55 -0.576
644.531 -0.577
644.512 -0.578
644.495 -0.579
644.478 -0.58
644.462 -0.581
644.447 -0.582
644.433 -0.583
644.419 -0.584
644.406 -0.585
644.395 -0.586
644.384 -0.587
644.373 -0.588
644.364 -0.589
644.356 -0.59
644.349 -0.591
644.343 -0.592
644.338 -0.593
644.334 -0.594
644.332 -0.595
644.33 -0.596
644.329 -0.597
644.329 -0.598
644.33 -0.599
644.332 -0.6
644.335 -0.601
644.339 -0.602
644.345 -0.603
644.351 -0.604
644.359 -0.605
644.368 -0.606
644.377 -0.607
644.388 -0.608
644.399 -0.609
644.411 -0.61
644.424 -0.611
644.437 -0.612
644.451 -0.613
644.467 -0.614
644.483 -0.615
644.501 -0.616
644.52 -0.617
644.54 -0.618
644.561 -0.619
644.584 -0.62
644.608 -0.621
644.633 -0.622
644.66 -0.623
644.687 -0.624
644.716 -0.625
644.745 -0.626
644.776 -0.627
644.808 -0.628
644.84 -0.629
644.872 -0.63
644.905 -0.631
644.939 -0.632
644.973 -0.633
645.007 -0.634
645.043 -0.635
645.079 -0.636
645.117 -0.637
645.156 -0.638
645.196 -0.639
645.238 -0.64
645.281 -0.641
645.325 -0.642
645.37 -0.643
645.416 -0.644
645.463 -0.645
645.511 -0.646
645.561 -0.647
645.612 -0.648
645.664 -0.649
645.718 -0.65
645.772 -0.651
645.828 -0.652
645.885 -0.653
645.942 -0.654
646 -0.655
646.061 -0.656
646.122 -0.657
646.185 -0.658
646.249 -0.659
646.314 -0.66
646.38 -0.661
646.447 -0.662
646.515 -0.663
646.585 -0.664
646.656 -0.665
646.729 -0.666
646.804 -0.667
646.88 -0.668
646.957 -0.669
647.036 -0.67
647.116 -0.671
647.198 -0.672
647.282 -0.673
647.367 -0.674
647.454 -0.675
647.541 -0.676
647.63 -0.677
647.72 -0.678
647.811 -0.679
647.904 -0.68
647.998 -0.681
648.094 -0.682
648.191 -0.683
648.291 -0.684
648.391 -0.685
648.494 -0.686
648.597 -0.687
648.703 -0.688
648.81 -0.689
648.919 -0.69
649.029 -0.691
649.142 -0.692
649.255 -0.693
649.369 -0.694
649.485 -0.695
649.602 -0.696
649.72 -0.697
649.84 -0.698
649.962 -0.699
650.086 -0.7
650.211 -0.701
650.337 -0.702
650.464 -0.703
650.593 -0.704
650.723 -0.705
650.856 -0.706
650.99 -0.707
651.126 -0.708
651.263 -0.709
651.402 -0.71
651.542 -0.711
651.682 -0.712
651.824 -0.713
651.967 -0.714
652.112 -0.715
652.258 -0.716
652.405 -0.717
652.554 -0.718
652.705 -0.719
652.857 -0.72
653.01 -0.721
653.165 -0.722
653.321 -0.723
653.479 -0.724
653.637 -0.725
653.798 -0.726
653.96 -0.727
654.124 -0.728
654.29 -0.729
654.458 -0.73
654.628 -0.731
654.8 -0.732
654.973 -0.733
655.148 -0.734
655.324 -0.735
655.501 -0.736
655.679 -0.737
655.859 -0.738
656.04 -0.739
656.223 -0.74
656.407 -0.741
656.594 -0.742
656.783 -0.743
656.973 -0.744
657.166 -0.745
657.36 -0.746
657.555 -0.747
657.752 -0.748
657.95 -0.749
658.151 -0.75
658.354 -0.751
658.557 -0.752
658.763 -0.753
658.969 -0.754
659.178 -0.755
659.387 -0.756
659.598 -0.757
659.81 -0.758
660.025 -0.759
660.241 -0.76
660.46 -0.761
660.681 -0.762
660.903 -0.763
661.128 -0.764
661.355 -0.765
661.582 -0.766
661.812 -0.767
662.043 -0.768
662.275 -0.769
662.51 -0.77
662.746 -0.771
662.985 -0.772
663.226 -0.773
663.469 -0.774
663.714 -0.775
663.961 -0.776
664.21 -0.777
664.461 -0.778
664.714 -0.779
664.968 -0.78
665.223 -0.781
665.481 -0.782
665.74 -0.783
666.001 -0.784
666.265 -0.785
666.53 -0.786
666.798 -0.787
667.068 -0.788
667.339 -0.789
667.613 -0.79
667.887 -0.791
668.164 -0.792
668.441 -0.793
668.721 -0.794
669.003 -0.795
669.287 -0.796
669.574 -0.797
669.862 -0.798
670.153 -0.799
670.446 -0.8
670.74 -0.801
671.037 -0.802
671.336 -0.803
671.637 -0.804
671.94 -0.805
672.245 -0.806
672.552 -0.807
672.862 -0.808
673.173 -0.809
673.486 -0.81
673.801 -0.811
674.119 -0.812
674.439 -0.813
674.761 -0.814
675.085 -0.815
675.411 -0.816
675.738 -0.817
676.067 -0.818
676.398 -0.819
676.731 -0.82
677.066 -0.821
677.404 -0.822
677.743 -0.823
678.086 -0.824
678.43 -0.825
678.775 -0.826
679.122 -0.827
679.47 -0.828
679.821 -0.829
680.173 -0.83
680.528 -0.831
680.885 -0.832
681.245 -0.833
681.606 -0.834
681.969 -0.835
682.334 -0.836
682.701 -0.837
683.069 -0.838
683.439 -0.839
683.811 -0.84
684.186 -0.841
684.564 -0.842
684.943 -0.843
685.325 -0.844
685.71 -0.845
686.095 -0.846
686.482 -0.847
686.871 -0.848
687.263 -0.849
687.656 -0.85
688.052 -0.851
688.45 -0.852
688.849 -0.853
689.251 -0.854
689.656 -0.855
690.062 -0.856
690.469 -0.857
690.878 -0.858
691.29 -0.859
691.704 -0.86
692.119 -0.861
692.537 -0.862
692.956 -0.863
693.378 -0.864
693.801 -0.865
694.226 -0.866
694.653 -0.867
695.081 -0.868
695.512 -0.869
695.945 -0.87
696.379 -0.871
696.816 -0.872
697.255 -0.873
697.696 -0.874
698.139 -0.875
698.585 -0.876
699.034 -0.877
699.484 -0.878
699.938 -0.879
700.393 -0.88
700.85 -0.881
701.308 -0.882
701.769 -0.883
702.232 -0.884
702.697 -0.885
703.164 -0.886
703.634 -0.887
704.106 -0.888
704.58 -0.889
705.057 -0.89
705.536 -0.891
706.016 -0.892
706.497 -0.893
706.982 -0.894
707.469 -0.895
707.957 -0.896
708.449 -0.897
708.943 -0.898
709.439 -0.899
709.937 -0.9
710.437 -0.901
710.939 -0.902
711.442 -0.903
711.949 -0.904
712.457 -0.905
712.968 -0.906
713.482 -0.907
713.997 -0.908
714.515 -0.909
715.035 -0.91
715.557 -0.911
716.082 -0.912
716.609 -0.913
717.138 -0.914
717.67 -0.915
718.203 -0.916
718.74 -0.917
719.278 -0.918
719.819 -0.919
720.362 -0.92
720.908 -0.921
721.456 -0.922
722.006 -0.923
722.558 -0.924
723.113 -0.925
723.67 -0.926
724.229 -0.927
724.791 -0.928
725.355 -0.929
725.921 -0.93
726.489 -0.931
727.06 -0.932
727.632 -0.933
728.205 -0.934
728.781 -0.935
729.359 -0.936
729.939 -0.937
730.521 -0.938
731.106 -0.939
731.693 -0.94
732.282 -0.941
732.874 -0.942
733.468 -0.943
734.065 -0.944
734.664 -0.945
735.266 -0.946
735.87 -0.947
736.476 -0.948
737.085 -0.949
737.695 -0.95
738.306 -0.951
738.919 -0.952
739.534 -0.953
740.152 -0.954
740.772 -0.955
741.395 -0.956
742.02 -0.957
742.648 -0.958
743.278 -0.959
743.91 -0.96
744.544 -0.961
745.179 -0.962
745.815 -0.963
746.452 -0.964
747.092 -0.965
747.733 -0.966
748.377 -0.967
749.023 -0.968
749.671 -0.969
750.32 -0.97
750.97 -0.971
751.62 -0.972
752.273 -0.973
752.928 -0.974
753.585 -0.975
754.245 -0.976
754.907 -0.977
755.571 -0.978
756.238 -0.979
756.906 -0.98
757.575 -0.981
758.244 -0.982
758.915 -0.983
759.589 -0.984
760.265 -0.985
760.943 -0.986
761.623 -0.987
762.306 -0.988
762.991 -0.989
763.678 -0.99
764.366 -0.991
765.054 -0.992
765.744 -0.993
766.436 -0.994
767.129 -0.995
767.825 -0.996
768.522 -0.997
769.221 -0.998
769.92 -0.999
770.621 -1
771.325 -1.001
772.03 -1.002
772.735 -1.003
773.441 -1.004
774.151 -1.005
774.863 -1.006
775.577 -1.007
776.294 -1.008
777.013 -1.009
777.735 -1.01
778.459 -1.011
779.183 -1.012
779.908 -1.013
780.634 -1.014
781.364 -1.015
782.096 -1.016
782.831 -1.017
783.569 -1.018
784.31 -1.019
785.054 -1.02
785.8 -1.021
786.549 -1.022
787.302 -1.023
788.056 -1.024
788.812 -1.025
789.57 -1.026
790.33 -1.027
791.091 -1.028
791.855 -1.029
792.621 -1.03
793.39 -1.031
794.162 -1.032
794.936 -1.033
795.713 -1.034
796.491 -1.035
797.272 -1.036
798.056 -1.037
798.842 -1.038
799.631 -1.039
800.422 -1.04
801.215 -1.041
802.01 -1.042
802.808 -1.043
803.609 -1.044
804.412 -1.045
805.214 -1.046
805.997 -1.047
806.774 -1.048
807.553 -1.049
808.336 -1.05
809.121 -1.051
809.91 -1.052
810.702 -1.053
811.497 -1.054
812.294 -1.055
813.095 -1.056
813.899 -1.057
814.705 -1.058
815.514 -1.059
816.326 -1.06
817.141 -1.061
817.958 -1.062
818.779 -1.063
819.602 -1.064
820.428 -1.065
821.257 -1.066
822.089 -1.067
822.923 -1.068
823.76 -1.069
824.599 -1.07
825.441 -1.071
826.284 -1.072
827.129 -1.073
827.977 -1.074
828.828 -1.075
829.682 -1.076
830.538 -1.077
831.397 -1.078
832.258 -1.079
833.122 -1.08
833.988 -1.081
834.856 -1.082
835.727 -1.083
836.601 -1.084
837.476 -1.085
838.352 -1.086
839.229 -1.087
840.095 -1.088
840.95 -1.089
841.805 -1.09
842.662 -1.091
843.523 -1.092
844.387 -1.093
845.253 -1.094
846.122 -1.095
846.993 -1.096
847.867 -1.097
848.744 -1.098
849.624 -1.099
850.508 -1.1
851.394 -1.101
852.282 -1.102
853.173 -1.103
854.066 -1.104
854.962 -1.105
855.861 -1.106
856.763 -1.107
857.667 -1.108
858.574 -1.109
859.484 -1.11
860.397 -1.111
861.312 -1.112
862.231 -1.113
863.151 -1.114
864.075 -1.115
865.001 -1.116
865.93 -1.117
866.863 -1.118
867.797 -1.119
868.735 -1.12
869.676 -1.121
870.618 -1.122
871.559 -1.123
872.499 -1.124
873.439 -1.125
874.379 -1.126
875.32 -1.127
876.261 -1.128
877.202 -1.129
878.145 -1.13
879.088 -1.131
880.031 -1.132
880.977 -1.133
881.924 -1.134
882.874 -1.135
883.824 -1.136
884.777 -1.137
885.732 -1.138
886.689 -1.139
887.647 -1.14
888.607 -1.141
889.567 -1.142
890.529 -1.143
891.493 -1.144
892.457 -1.145
893.42 -1.146
894.383 -1.147
895.348 -1.148
896.313 -1.149
897.278 -1.15
898.245 -1.151
899.214 -1.152
900.186 -1.153
901.161 -1.154
902.139 -1.155
903.121 -1.156
904.105 -1.157
905.092 -1.158
906.082 -1.159
907.075 -1.16
908.071 -1.161
909.069 -1.162
910.07 -1.163
911.073 -1.164
912.079 -1.165
913.088 -1.166
914.1 -1.167
915.115 -1.168
916.134 -1.169
917.156 -1.17
918.181 -1.171
919.209 -1.172
920.238 -1.173
921.27 -1.174
922.305 -1.175
923.343 -1.176
924.385 -1.177
925.429 -1.178
926.477 -1.179
927.527 -1.18
928.581 -1.181
929.637 -1.182
930.695 -1.183
931.755 -1.184
932.818 -1.185
933.884 -1.186
934.946 -1.187
936.012 -1.188
937.075 -1.189
938.14 -1.19
939.208 -1.191
940.279 -1.192
941.353 -1.193
942.422 -1.194
943.489 -1.195
944.548 -1.196
945.597 -1.197
946.645 -1.198
947.678 -1.199
948.673 -1.2
