6.06225 -0.001
12.0896 -0.002
18.0823 -0.003
24.0405 -0.004
29.9643 -0.005
35.8539 -0.006
41.7094 -0.007
47.5311 -0.008
53.319 -0.009
59.0733 -0.01
64.7942 -0.011
70.4818 -0.012
76.1363 -0.013
81.7579 -0.014
87.3466 -0.015
92.9026 -0.016
98.4261 -0.017
103.917 -0.018
109.376 -0.019
114.803 -0.02
120.198 -0.021
125.561 -0.022
130.892 -0.023
136.192 -0.024
141.461 -0.025
146.698 -0.026
151.904 -0.027
157.079 -0.028
162.224 -0.029
167.337 -0.03
172.42 -0.031
177.473 -0.032
182.495 -0.033
187.487 -0.034
192.448 -0.035
197.38 -0.036
202.282 -0.037
207.154 -0.038
211.997 -0.039
216.81 -0.04
221.594 -0.041
226.348 -0.042
231.073 -0.043
235.769 -0.044
240.436 -0.045
245.075 -0.046
249.684 -0.047
254.265 -0.048
258.817 -0.049
263.341 -0.05
267.825 -0.051
272.181 -0.052
276.283 -0.053
280.163 -0.054
283.977 -0.055
287.707 -0.056
291.307 -0.057
294.811 -0.058
298.284 -0.059
301.723 -0.06
305.135 -0.061
308.518 -0.062
311.873 -0.063
315.195 -0.064
318.483 -0.065
321.688 -0.066
324.818 -0.067
327.763 -0.068
330.618 -0.069
333.374 -0.07
335.86 -0.071
338.285 -0.072
340.613 -0.073
342.664 -0.074
344.621 -0.075
346.357 -0.076
348.045 -0.077
349.704 -0.078
351.337 -0.079
352.943 -0.08
354.519 -0.081
356.056 -0.082
357.556 -0.083
359.029 -0.084
360.48 -0.085
361.875 -0.086
363.202 -0.087
364.464 -0.088
365.71 -0.089
366.94 -0.09
368.154 -0.091
369.347 -0.092
370.475 -0.093
371.479 -0.094
372.36 -0.095
373.199 -0.096
374.022 -0.097
374.765 -0.098
375.345 -0.099
375.835 -0.1
376.305 -0.101
376.757 -0.102
377.191 -0.103
377.603 -0.104
377.985 -0.105
378.337 -0.106
378.625 -0.107
378.821 -0.108
378.939 -0.109
379.03 -0.11
379.109 -0.111
379.174 -0.112
379.222 -0.113
379.256 -0.114
379.272 -0.115
379.275 -0.116
379.262 -0.117
379.238 -0.118
379.199 -0.119
379.15 -0.12
379.093 -0.121
379.027 -0.122
378.952 -0.123
378.871 -0.124
378.781 -0.125
378.676 -0.126
378.562 -0.127
378.433 -0.128
378.296 -0.129
378.145 -0.13
377.983 -0.131
377.808 -0.132
377.628 -0.133
377.445 -0.134
377.256 -0.135
377.064 -0.136
376.867 -0.137
376.665 -0.138
376.459 -0.139
376.249 -0.14
376.035 -0.141
375.817 -0.142
375.594 -0.143
375.367 -0.144
375.135 -0.145
374.895 -0.146
374.65 -0.147
374.395 -0.148
374.13 -0.149
373.855 -0.15
373.57 -0.151
373.279 -0.152
372.98 -0.153
372.68 -0.154
372.375 -0.155
372.062 -0.156
371.748 -0.157
371.429 -0.158
371.103 -0.159
370.774 -0.16
370.444 -0.161
370.112 -0.162
369.779 -0.163
369.444 -0.164
369.107 -0.165
368.769 -0.166
368.43 -0.167
368.089 -0.168
367.747 -0.169
367.404 -0.17
367.06 -0.171
366.715 -0.172
366.369 -0.173
366.022 -0.174
365.675 -0.175
365.326 -0.176
364.978 -0.177
364.628 -0.178
364.278 -0.179
363.927 -0.18
363.576 -0.181
363.224 -0.182
362.873 -0.183
362.52 -0.184
362.168 -0.185
361.815 -0.186
361.462 -0.187
361.108 -0.188
360.754 -0.189
360.4 -0.19
360.046 -0.191
359.692 -0.192
359.338 -0.193
358.984 -0.194
358.629 -0.195
358.274 -0.196
357.919 -0.197
357.564 -0.198
357.209 -0.199
356.854 -0.2
356.499 -0.201
356.143 -0.202
355.788 -0.203
355.432 -0.204
355.077 -0.205
354.721 -0.206
354.365 -0.207
354.009 -0.208
353.654 -0.209
353.298 -0.21
352.943 -0.211
352.587 -0.212
352.232 -0.213
351.877 -0.214
351.523 -0.215
351.168 -0.216
350.813 -0.217
350.459 -0.218
350.105 -0.219
349.752 -0.22
349.399 -0.221
349.047 -0.222
348.696 -0.223
348.345 -0.224
347.994 -0.225
347.644 -0.226
347.294 -0.227
346.945 -0.228
346.596 -0.229
346.248 -0.23
345.901 -0.231
345.553 -0.232
345.207 -0.233
344.861 -0.234
344.514 -0.235
344.168 -0.236
343.823 -0.237
343.479 -0.238
343.135 -0.239
342.791 -0.24
342.448 -0.241
342.106 -0.242
341.764 -0.243
341.424 -0.244
341.084 -0.245
340.746 -0.246
340.408 -0.247
340.07 -0.248
339.733 -0.249
339.397 -0.25
339.062 -0.251
338.727 -0.252
338.394 -0.253
338.062 -0.254
337.73 -0.255
337.4 -0.256
337.07 -0.257
336.74 -0.258
336.41 -0.259
336.081 -0.26
335.754 -0.261
335.426 -0.262
335.099 -0.263
334.773 -0.264
334.448 -0.265
334.122 -0.266
333.796 -0.267
333.472 -0.268
333.146 -0.269
332.822 -0.27
332.499 -0.271
332.176 -0.272
331.854 -0.273
331.531 -0.274
331.207 -0.275
330.884 -0.276
330.561 -0.277
330.239 -0.278
329.919 -0.279
329.598 -0.28
329.279 -0.281
328.959 -0.282
328.641 -0.283
328.323 -0.284
328.006 -0.285
327.69 -0.286
327.376 -0.287
327.062 -0.288
326.75 -0.289
326.439 -0.29
326.128 -0.291
325.82 -0.292
325.512 -0.293
325.205 -0.294
324.9 -0.295
324.595 -0.296
324.292 -0.297
323.99 -0.298
323.69 -0.299
323.39 -0.3
323.092 -0.301
322.796 -0.302
322.502 -0.303
322.212 -0.304
321.924 -0.305
321.639 -0.306
321.356 -0.307
321.076 -0.308
320.799 -0.309
320.522 -0.31
320.247 -0.311
319.973 -0.312
319.7 -0.313
319.429 -0.314
319.159 -0.315
318.891 -0.316
318.624 -0.317
318.358 -0.318
318.094 -0.319
317.831 -0.32
317.57 -0.321
317.31 -0.322
317.051 -0.323
316.794 -0.324
316.539 -0.325
316.285 -0.326
316.032 -0.327
315.781 -0.328
315.532 -0.329
315.283 -0.33
315.036 -0.331
314.79 -0.332
314.546 -0.333
314.304 -0.334
314.063 -0.335
313.824 -0.336
313.586 -0.337
313.35 -0.338
313.115 -0.339
312.878 -0.34
312.644 -0.341
312.411 -0.342
312.18 -0.343
311.95 -0.344
311.72 -0.345
311.491 -0.346
311.263 -0.347
311.036 -0.348
310.811 -0.349
310.585 -0.35
310.36 -0.351
310.137 -0.352
309.916 -0.353
309.696 -0.354
309.474 -0.355
309.253 -0.356
309.035 -0.357
308.818 -0.358
308.601 -0.359
308.385 -0.36
308.169 -0.361
307.955 -0.362
307.742 -0.363
307.528 -0.364
307.315 -0.365
307.104 -0.366
306.894 -0.367
306.685 -0.368
306.477 -0.369
306.272 -0.37
306.067 -0.371
305.865 -0.372
305.664 -0.373
305.465 -0.374
305.269 -0.375
305.074 -0.376
304.883 -0.377
304.695 -0.378
304.51 -0.379
304.328 -0.38
304.149 -0.381
303.973 -0.382
303.8 -0.383
303.63 -0.384
303.463 -0.385
303.297 -0.386
303.133 -0.387
302.971 -0.388
302.811 -0.389
302.653 -0.39
302.497 -0.391
302.342 -0.392
302.19 -0.393
302.039 -0.394
301.89 -0.395
301.744 -0.396
301.599 -0.397
301.456 -0.398
301.316 -0.399
301.177 -0.4
301.039 -0.401
300.902 -0.402
300.767 -0.403
300.632 -0.404
300.498 -0.405
300.365 -0.406
300.233 -0.407
300.103 -0.408
299.973 -0.409
299.844 -0.41
299.714 -0.411
299.587 -0.412
299.461 -0.413
299.335 -0.414
299.21 -0.415
299.084 -0.416
298.959 -0.417
298.835 -0.418
298.71 -0.419
298.584 -0.42
298.459 -0.421
298.335 -0.422
298.208 -0.423
298.082 -0.424
297.954 -0.425
297.826 -0.426
297.695 -0.427
297.564 -0.428
297.433 -0.429
297.304 -0.43
297.174 -0.431
297.045 -0.432
296.917 -0.433
296.79 -0.434
296.665 -0.435
296.538 -0.436
296.413 -0.437
296.29 -0.438
296.167 -0.439
296.043 -0.44
295.92 -0.441
295.799 -0.442
295.678 -0.443
295.557 -0.444
295.436 -0.445
295.318 -0.446
295.198 -0.447
295.08 -0.448
294.962 -0.449
294.846 -0.45
294.73 -0.451
294.614 -0.452
294.5 -0.453
294.387 -0.454
294.272 -0.455
294.159 -0.456
294.047 -0.457
293.936 -0.458
293.827 -0.459
293.719 -0.46
293.613 -0.461
293.508 -0.462
293.405 -0.463
293.304 -0.464
293.205 -0.465
293.108 -0.466
293.012 -0.467
292.918 -0.468
292.826 -0.469
292.736 -0.47
292.648 -0.471
292.561 -0.472
292.476 -0.473
292.394 -0.474
292.313 -0.475
292.234 -0.476
292.157 -0.477
292.081 -0.478
292.008 -0.479
291.937 -0.48
291.868 -0.481
291.8 -0.482
291.735 -0.483
291.672 -0.484
291.61 -0.485
291.551 -0.486
291.494 -0.487
291.438 -0.488
291.385 -0.489
291.334 -0.49
291.285 -0.491
291.238 -0.492
291.193 -0.493
291.15 -0.494
291.109 -0.495
291.071 -0.496
291.035 -0.497
291 -0.498
290.969 -0.499
290.939 -0.5
290.911 -0.501
290.885 -0.502
290.862 -0.503
290.841 -0.504
290.823 -0.505
290.807 -0.506
290.793 -0.507
290.781 -0.508
290.771 -0.509
290.764 -0.51
290.759 -0.511
290.756 -0.512
290.756 -0.513
290.759 -0.514
290.763 -0.515
290.77 -0.516
290.78 -0.517
290.792 -0.518
290.807 -0.519
290.824 -0.52
290.843 -0.521
290.866 -0.522
290.89 -0.523
290.918 -0.524
290.947 -0.525
290.98 -0.526
291.014 -0.527
291.052 -0.528
291.092 -0.529
291.135 -0.53
291.18 -0.531
291.228 -0.532
291.279 -0.533
291.332 -0.534
291.381 -0.535
291.426 -0.536
291.464 -0.537
291.497 -0.538
291.529 -0.539
291.563 -0.54
291.6 -0.541
291.638 -0.542
291.679 -0.543
291.722 -0.544
291.767 -0.545
291.814 -0.546
291.863 -0.547
291.915 -0.548
291.964 -0.549
292 -0.55
292.036 -0.551
292.074 -0.552
292.114 -0.553
292.156 -0.554
292.201 -0.555
292.248 -0.556
292.298 -0.557
292.35 -0.558
292.404 -0.559
292.46 -0.56
292.519 -0.561
292.58 -0.562
292.644 -0.563
292.71 -0.564
292.779 -0.565
292.849 -0.566
292.923 -0.567
292.999 -0.568
293.077 -0.569
293.157 -0.57
293.24 -0.571
293.325 -0.572
293.413 -0.573
293.504 -0.574
293.597 -0.575
293.692 -0.576
293.79 -0.577
293.891 -0.578
293.995 -0.579
294.101 -0.58
294.209 -0.581
294.321 -0.582
294.435 -0.583
294.552 -0.584
294.664 -0.585
294.754 -0.586
294.842 -0.587
294.934 -0.588
295.028 -0.589
295.124 -0.59
295.223 -0.591
295.325 -0.592
295.429 -0.593
295.535 -0.594
295.644 -0.595
295.756 -0.596
295.871 -0.597
295.988 -0.598
296.107 -0.599
296.23 -0.6
296.355 -0.601
296.482 -0.602
296.612 -0.603
296.745 -0.604
296.881 -0.605
297.019 -0.606
297.16 -0.607
297.304 -0.608
297.443 -0.609
297.574 -0.61
297.708 -0.611
297.844 -0.612
297.983 -0.613
298.125 -0.614
298.269 -0.615
298.416 -0.616
298.565 -0.617
298.717 -0.618
298.872 -0.619
299.029 -0.62
299.188 -0.621
299.35 -0.622
299.514 -0.623
299.681 -0.624
299.85 -0.625
300.022 -0.626
300.196 -0.627
300.373 -0.628
300.553 -0.629
300.736 -0.63
300.921 -0.631
301.109 -0.632
301.3 -0.633
301.493 -0.634
301.689 -0.635
301.888 -0.636
302.089 -0.637
302.293 -0.638
302.499 -0.639
302.708 -0.64
302.92 -0.641
303.134 -0.642
303.35 -0.643
303.565 -0.644
303.776 -0.645
303.984 -0.646
304.189 -0.647
304.391 -0.648
304.592 -0.649
304.796 -0.65
305.002 -0.651
305.211 -0.652
305.422 -0.653
305.637 -0.654
305.854 -0.655
306.074 -0.656
306.296 -0.657
306.522 -0.658
306.75 -0.659
306.981 -0.66
307.215 -0.661
307.451 -0.662
307.69 -0.663
307.932 -0.664
308.177 -0.665
308.424 -0.666
308.675 -0.667
308.928 -0.668
309.183 -0.669
309.442 -0.67
309.703 -0.671
309.967 -0.672
310.234 -0.673
310.504 -0.674
310.777 -0.675
311.054 -0.676
311.332 -0.677
311.611 -0.678
311.891 -0.679
312.173 -0.68
312.455 -0.681
312.738 -0.682
313.023 -0.683
313.31 -0.684
313.599 -0.685
313.889 -0.686
314.182 -0.687
314.475 -0.688
314.771 -0.689
315.07 -0.69
315.372 -0.691
315.678 -0.692
315.986 -0.693
316.298 -0.694
316.612 -0.695
316.929 -0.696
317.249 -0.697
317.57 -0.698
317.89 -0.699
318.21 -0.7
318.529 -0.701
318.848 -0.702
319.167 -0.703
319.486 -0.704
319.805 -0.705
320.125 -0.706
320.448 -0.707
320.774 -0.708
321.101 -0.709
321.431 -0.71
321.764 -0.711
322.099 -0.712
322.438 -0.713
322.779 -0.714
323.123 -0.715
323.47 -0.716
323.82 -0.717
324.172 -0.718
324.527 -0.719
324.885 -0.72
325.246 -0.721
325.61 -0.722
325.976 -0.723
326.346 -0.724
326.719 -0.725
327.094 -0.726
327.47 -0.727
327.848 -0.728
328.228 -0.729
328.609 -0.73
328.992 -0.731
329.378 -0.732
329.765 -0.733
330.153 -0.734
330.543 -0.735
330.935 -0.736
331.329 -0.737
331.726 -0.738
332.126 -0.739
332.529 -0.74
332.935 -0.741
333.343 -0.742
333.755 -0.743
334.168 -0.744
334.585 -0.745
335.004 -0.746
335.426 -0.747
335.851 -0.748
336.278 -0.749
336.707 -0.75
337.139 -0.751
337.574 -0.752
338.012 -0.753
338.452 -0.754
338.895 -0.755
339.34 -0.756
339.787 -0.757
340.237 -0.758
340.69 -0.759
341.147 -0.76
341.606 -0.761
342.069 -0.762
342.534 -0.763
343.002 -0.764
343.473 -0.765
343.944 -0.766
344.416 -0.767
344.89 -0.768
345.364 -0.769
345.84 -0.77
346.317 -0.771
346.797 -0.772
347.278 -0.773
347.76 -0.774
348.246 -0.775
348.731 -0.776
349.219 -0.777
349.71 -0.778
350.201 -0.779
350.695 -0.78
351.192 -0.781
351.692 -0.782
352.196 -0.783
352.702 -0.784
353.211 -0.785
353.724 -0.786
354.239 -0.787
354.756 -0.788
355.276 -0.789
355.799 -0.79
356.325 -0.791
356.852 -0.792
357.381 -0.793
357.913 -0.794
358.447 -0.795
358.985 -0.796
359.525 -0.797
360.069 -0.798
360.616 -0.799
361.166 -0.8
361.719 -0.801
362.276 -0.802
362.836 -0.803
363.399 -0.804
363.966 -0.805
364.535 -0.806
365.107 -0.807
365.683 -0.808
366.261 -0.809
366.841 -0.81
367.423 -0.811
368.009 -0.812
368.597 -0.813
369.188 -0.814
369.782 -0.815
370.378 -0.816
370.977 -0.817
371.578 -0.818
372.181 -0.819
372.785 -0.82
373.392 -0.821
373.999 -0.822
374.61 -0.823
375.223 -0.824
375.837 -0.825
376.453 -0.826
377.073 -0.827
377.694 -0.828
378.317 -0.829
378.942 -0.83
379.57 -0.831
380.199 -0.832
380.829 -0.833
381.462 -0.834
382.097 -0.835
382.734 -0.836
383.372 -0.837
384.014 -0.838
384.659 -0.839
385.306 -0.84
385.957 -0.841
386.61 -0.842
387.265 -0.843
387.923 -0.844
388.583 -0.845
389.246 -0.846
389.91 -0.847
390.576 -0.848
391.244 -0.849
391.914 -0.85
392.587 -0.851
393.261 -0.852
393.938 -0.853
394.618 -0.854
395.301 -0.855
395.987 -0.856
396.674 -0.857
397.366 -0.858
398.06 -0.859
398.757 -0.86
399.455 -0.861
400.156 -0.862
400.859 -0.863
401.562 -0.864
402.268 -0.865
402.975 -0.866
403.684 -0.867
404.395 -0.868
405.109 -0.869
405.825 -0.87
406.545 -0.871
407.266 -0.872
407.991 -0.873
408.718 -0.874
409.448 -0.875
410.179 -0.876
410.912 -0.877
411.649 -0.878
412.389 -0.879
413.132 -0.88
413.876 -0.881
414.624 -0.882
415.376 -0.883
416.13 -0.884
416.886 -0.885
417.646 -0.886
418.41 -0.887
419.176 -0.888
419.945 -0.889
420.717 -0.89
421.491 -0.891
422.268 -0.892
423.048 -0.893
423.831 -0.894
424.617 -0.895
425.407 -0.896
426.199 -0.897
426.993 -0.898
427.79 -0.899
428.59 -0.9
429.392 -0.901
430.197 -0.902
431.004 -0.903
431.815 -0.904
432.628 -0.905
433.443 -0.906
434.261 -0.907
435.081 -0.908
435.903 -0.909
436.726 -0.91
437.552 -0.911
438.38 -0.912
439.211 -0.913
440.044 -0.914
440.881 -0.915
441.72 -0.916
442.563 -0.917
443.408 -0.918
444.256 -0.919
445.108 -0.92
445.962 -0.921
446.82 -0.922
447.68 -0.923
448.543 -0.924
449.408 -0.925
450.274 -0.926
451.143 -0.927
452.011 -0.928
452.882 -0.929
453.753 -0.93
454.626 -0.931
455.5 -0.932
456.376 -0.933
457.253 -0.934
458.133 -0.935
459.016 -0.936
459.901 -0.937
460.79 -0.938
461.68 -0.939
462.573 -0.94
463.468 -0.941
464.367 -0.942
465.269 -0.943
466.175 -0.944
467.083 -0.945
467.995 -0.946
468.91 -0.947
469.828 -0.948
470.751 -0.949
471.676 -0.95
472.603 -0.951
473.531 -0.952
474.459 -0.953
475.39 -0.954
476.322 -0.955
477.255 -0.956
478.188 -0.957
479.121 -0.958
480.058 -0.959
480.997 -0.96
481.94 -0.961
482.886 -0.962
483.834 -0.963
484.785 -0.964
485.739 -0.965
486.696 -0.966
487.657 -0.967
488.621 -0.968
489.589 -0.969
490.561 -0.97
491.535 -0.971
492.513 -0.972
493.494 -0.973
494.479 -0.974
495.468 -0.975
496.46 -0.976
497.455 -0.977
498.45 -0.978
499.443 -0.979
500.438 -0.98
501.432 -0.981
502.429 -0.982
503.43 -0.983
504.428 -0.984
505.425 -0.985
506.424 -0.986
507.42 -0.987
508.419 -0.988
509.416 -0.989
510.416 -0.99
511.419 -0.991
512.42 -0.992
513.416 -0.993
514.408 -0.994
515.403 -0.995
516.4 -0.996
517.401 -0.997
518.405 -0.998
519.4 -0.999
520.392 -1
521.387 -1.001
522.385 -1.002
523.386 -1.003
524.391 -1.004
525.398 -1.005
526.407 -1.006
527.42 -1.007
528.436 -1.008
529.455 -1.009
530.477 -1.01
531.503 -1.011
532.532 -1.012
533.564 -1.013
534.599 -1.014
535.637 -1.015
536.677 -1.016
537.721 -1.017
538.768 -1.018
539.818 -1.019
540.872 -1.02
541.929 -1.021
542.989 -1.022
544.053 -1.023
545.119 -1.024
546.189 -1.025
547.26 -1.026
548.335 -1.027
549.413 -1.028
550.495 -1.029
551.58 -1.03
552.668 -1.031
553.76 -1.032
554.855 -1.033
555.953 -1.034
557.053 -1.035
558.157 -1.036
559.264 -1.037
560.373 -1.038
561.485 -1.039
562.599 -1.04
563.716 -1.041
564.835 -1.042
565.958 -1.043
567.084 -1.044
568.214 -1.045
569.347 -1.046
570.482 -1.047
571.62 -1.048
572.761 -1.049
573.905 -1.05
575.052 -1.051
576.203 -1.052
577.356 -1.053
578.508 -1.054
579.659 -1.055
580.813 -1.056
581.971 -1.057
583.132 -1.058
584.294 -1.059
585.457 -1.06
586.624 -1.061
587.793 -1.062
588.956 -1.063
590.123 -1.064
591.29 -1.065
592.459 -1.066
593.631 -1.067
594.807 -1.068
595.986 -1.069
597.169 -1.07
598.349 -1.071
599.525 -1.072
600.705 -1.073
601.889 -1.074
603.075 -1.075
604.264 -1.076
605.454 -1.077
606.648 -1.078
607.846 -1.079
609.041 -1.08
610.23 -1.081
611.42 -1.082
612.613 -1.083
613.809 -1.084
615.009 -1.085
616.212 -1.086
617.418 -1.087
618.628 -1.088
619.84 -1.089
621.057 -1.09
622.277 -1.091
623.5 -1.092
624.727 -1.093
625.957 -1.094
627.19 -1.095
628.427 -1.096
629.667 -1.097
630.911 -1.098
632.158 -1.099
633.409 -1.1
634.66 -1.101
635.907 -1.102
637.149 -1.103
638.393 -1.104
639.641 -1.105
640.892 -1.106
642.147 -1.107
643.4 -1.108
644.656 -1.109
645.911 -1.11
647.157 -1.111
648.406 -1.112
649.659 -1.113
650.916 -1.114
652.174 -1.115
653.435 -1.116
654.7 -1.117
655.961 -1.118
657.213 -1.119
658.468 -1.12
659.723 -1.121
660.982 -1.122
662.242 -1.123
663.504 -1.124
664.769 -1.125
666.023 -1.126
667.27 -1.127
668.52 -1.128
669.763 -1.129
670.991 -1.13
672.22 -1.131
673.453 -1.132
674.689 -1.133
675.928 -1.134
677.17 -1.135
678.416 -1.136
679.665 -1.137
680.916 -1.138
682.169 -1.139
683.426 -1.14
684.686 -1.141
685.939 -1.142
687.195 -1.143
688.449 -1.144
689.699 -1.145
690.953 -1.146
692.197 -1.147
693.443 -1.148
694.682 -1.149
695.914 -1.15
697.148 -1.151
698.377 -1.152
699.609 -1.153
700.842 -1.154
702.074 -1.155
703.305 -1.156
704.535 -1.157
705.767 -1.158
707.001 -1.159
708.229 -1.16
709.459 -1.161
710.692 -1.162
711.924 -1.163
713.153 -1.164
714.383 -1.165
715.617 -1.166
716.848 -1.167
718.077 -1.168
719.305 -1.169
720.535 -1.17
721.757 -1.171
722.978 -1.172
724.193 -1.173
725.411 -1.174
726.599 -1.175
727.703 -1.176
728.751 -1.177
729.8 -1.178
730.847 -1.179
731.893 -1.18
732.932 -1.181
733.972 -1.182
735.015 -1.183
736.059 -1.184
737.105 -1.185
738.148 -1.186
739.187 -1.187
740.228 -1.188
741.27 -1.189
742.314 -1.19
743.357 -1.191
744.301 -1.192
745.154 -1.193
746.006 -1.194
746.859 -1.195
747.713 -1.196
748.568 -1.197
749.424 -1.198
750.28 -1.199
751.135 -1.2
751.991 -1.201
752.847 -1.202
753.704 -1.203
754.562 -1.204
755.421 -1.205
756.282 -1.206
757.141 -1.207
758 -1.208
758.859 -1.209
759.718 -1.21
760.578 -1.211
761.439 -1.212
762.302 -1.213
763.165 -1.214
764.028 -1.215
764.892 -1.216
765.755 -1.217
766.619 -1.218
767.484 -1.219
768.35 -1.22
769.216 -1.221
770.083 -1.222
770.951 -1.223
771.818 -1.224
772.683 -1.225
773.548 -1.226
774.413 -1.227
775.279 -1.228
776.133 -1.229
776.943 -1.23
777.74 -1.231
778.54 -1.232
779.34 -1.233
780.141 -1.234
780.941 -1.235
781.743 -1.236
782.544 -1.237
783.347 -1.238
784.149 -1.239
784.952 -1.24
785.756 -1.241
786.56 -1.242
787.365 -1.243
788.171 -1.244
788.977 -1.245
789.784 -1.246
790.592 -1.247
791.4 -1.248
792.209 -1.249
793.019 -1.25
793.829 -1.251
794.64 -1.252
795.451 -1.253
796.264 -1.254
797.077 -1.255
797.889 -1.256
798.7 -1.257
799.512 -1.258
800.324 -1.259
801.137 -1.26
801.95 -1.261
802.763 -1.262
803.575 -1.263
804.386 -1.264
805.197 -1.265
806.007 -1.266
806.819 -1.267
807.631 -1.268
808.444 -1.269
809.257 -1.27
810.072 -1.271
810.886 -1.272
811.702 -1.273
812.518 -1.274
813.335 -1.275
814.152 -1.276
814.97 -1.277
815.789 -1.278
816.608 -1.279
817.428 -1.28
818.249 -1.281
819.07 -1.282
819.892 -1.283
820.714 -1.284
821.537 -1.285
822.361 -1.286
823.186 -1.287
824.011 -1.288
824.835 -1.289
825.66 -1.29
826.486 -1.291
827.311 -1.292
828.137 -1.293
828.963 -1.294
829.79 -1.295
830.618 -1.296
831.446 -1.297
832.275 -1.298
833.104 -1.299
833.934 -1.3
