9.19502 -0.001
18.3788 -0.002
27.5511 -0.003
36.712 -0.004
45.8612 -0.005
54.9988 -0.006
64.1244 -0.007
73.2381 -0.008
82.3397 -0.009
91.4291 -0.01
100.506 -0.011
109.571 -0.012
118.622 -0.013
127.661 -0.014
136.687 -0.015
145.7 -0.016
154.7 -0.017
163.686 -0.018
172.659 -0.019
181.618 -0.02
190.563 -0.021
199.494 -0.022
208.41 -0.023
217.128 -0.024
224.576 -0.025
230.837 -0.026
237.046 -0.027
243.228 -0.028
249.396 -0.029
255.546 -0.03
261.697 -0.031
267.856 -0.032
274.011 -0.033
280.158 -0.034
286.299 -0.035
292.431 -0.036
298.554 -0.037
304.645 -0.038
310.308 -0.039
314.589 -0.04
317.669 -0.041
320.311 -0.042
322.347 -0.043
324.299 -0.044
326.169 -0.045
327.873 -0.046
329.439 -0.047
330.713 -0.048
331.784 -0.049
332.414 -0.05
332.805 -0.051
333.177 -0.052
333.547 -0.053
333.913 -0.054
334.278 -0.055
334.64 -0.056
334.999 -0.057
335.344 -0.058
335.687 -0.059
336.01 -0.06
336.322 -0.061
336.632 -0.062
336.931 -0.063
337.206 -0.064
337.478 -0.065
337.746 -0.066
337.993 -0.067
338.232 -0.068
338.464 -0.069
338.685 -0.07
338.905 -0.071
339.123 -0.072
339.338 -0.073
339.552 -0.074
339.764 -0.075
339.974 -0.076
340.184 -0.077
340.393 -0.078
340.599 -0.079
340.801 -0.08
341 -0.081
341.195 -0.082
341.388 -0.083
341.581 -0.084
341.772 -0.085
341.962 -0.086
342.152 -0.087
342.338 -0.088
342.516 -0.089
342.689 -0.09
342.856 -0.091
343.02 -0.092
343.183 -0.093
343.346 -0.094
343.508 -0.095
343.668 -0.096
343.824 -0.097
343.972 -0.098
344.118 -0.099
344.261 -0.1
344.399 -0.101
344.533 -0.102
344.664 -0.103
344.794 -0.104
344.923 -0.105
345.048 -0.106
345.166 -0.107
345.284 -0.108
345.399 -0.109
345.513 -0.11
345.625 -0.111
345.734 -0.112
345.837 -0.113
345.936 -0.114
346.034 -0.115
346.131 -0.116
346.227 -0.117
346.322 -0.118
346.417 -0.119
346.512 -0.12
346.605 -0.121
346.698 -0.122
346.789 -0.123
346.879 -0.124
346.968 -0.125
347.057 -0.126
347.145 -0.127
347.232 -0.128
347.319 -0.129
347.404 -0.13
347.484 -0.131
347.564 -0.132
347.643 -0.133
347.722 -0.134
347.8 -0.135
347.879 -0.136
347.957 -0.137
348.035 -0.138
348.112 -0.139
348.19 -0.14
348.268 -0.141
348.345 -0.142
348.422 -0.143
348.499 -0.144
348.576 -0.145
348.653 -0.146
348.73 -0.147
348.806 -0.148
348.883 -0.149
348.959 -0.15
349.035 -0.151
349.111 -0.152
349.186 -0.153
349.262 -0.154
349.338 -0.155
349.413 -0.156
349.488 -0.157
349.564 -0.158
349.639 -0.159
349.714 -0.16
349.789 -0.161
349.863 -0.162
349.938 -0.163
350.013 -0.164
350.087 -0.165
350.162 -0.166
350.236 -0.167
350.31 -0.168
350.384 -0.169
350.458 -0.17
350.532 -0.171
350.606 -0.172
350.679 -0.173
350.753 -0.174
350.826 -0.175
350.9 -0.176
350.973 -0.177
351.046 -0.178
351.119 -0.179
351.192 -0.18
351.265 -0.181
351.338 -0.182
351.411 -0.183
351.483 -0.184
351.556 -0.185
351.628 -0.186
351.7 -0.187
351.773 -0.188
351.845 -0.189
351.917 -0.19
351.989 -0.191
352.061 -0.192
352.133 -0.193
352.206 -0.194
352.278 -0.195
352.35 -0.196
352.422 -0.197
352.494 -0.198
352.566 -0.199
352.638 -0.2
352.71 -0.201
352.782 -0.202
352.854 -0.203
352.926 -0.204
352.998 -0.205
353.07 -0.206
353.142 -0.207
353.213 -0.208
353.284 -0.209
353.354 -0.21
353.424 -0.211
353.495 -0.212
353.565 -0.213
353.634 -0.214
353.704 -0.215
353.774 -0.216
353.844 -0.217
353.914 -0.218
353.984 -0.219
354.054 -0.22
354.124 -0.221
354.194 -0.222
354.264 -0.223
354.334 -0.224
354.403 -0.225
354.473 -0.226
354.543 -0.227
354.613 -0.228
354.682 -0.229
354.752 -0.23
354.822 -0.231
354.892 -0.232
354.961 -0.233
355.031 -0.234
355.101 -0.235
355.17 -0.236
355.24 -0.237
355.309 -0.238
355.379 -0.239
355.449 -0.24
355.518 -0.241
355.588 -0.242
355.657 -0.243
355.727 -0.244
355.796 -0.245
355.866 -0.246
355.935 -0.247
356.005 -0.248
356.074 -0.249
356.143 -0.25
356.213 -0.251
356.282 -0.252
356.352 -0.253
356.421 -0.254
356.49 -0.255
356.559 -0.256
356.629 -0.257
356.698 -0.258
356.767 -0.259
356.836 -0.26
356.906 -0.261
356.975 -0.262
357.044 -0.263
357.113 -0.264
357.182 -0.265
357.251 -0.266
357.32 -0.267
357.389 -0.268
357.458 -0.269
357.527 -0.27
357.596 -0.271
357.665 -0.272
357.734 -0.273
357.803 -0.274
357.872 -0.275
357.941 -0.276
358.01 -0.277
358.079 -0.278
358.148 -0.279
358.216 -0.28
358.285 -0.281
358.354 -0.282
358.423 -0.283
358.491 -0.284
358.56 -0.285
358.628 -0.286
358.697 -0.287
358.765 -0.288
358.833 -0.289
358.901 -0.29
358.969 -0.291
359.037 -0.292
359.105 -0.293
359.172 -0.294
359.239 -0.295
359.307 -0.296
359.374 -0.297
359.441 -0.298
359.508 -0.299
359.575 -0.3
359.641 -0.301
359.708 -0.302
359.775 -0.303
359.841 -0.304
359.907 -0.305
359.973 -0.306
360.039 -0.307
360.105 -0.308
360.171 -0.309
360.236 -0.31
360.301 -0.311
360.366 -0.312
360.43 -0.313
360.495 -0.314
360.559 -0.315
360.623 -0.316
360.687 -0.317
360.751 -0.318
360.814 -0.319
360.878 -0.32
360.941 -0.321
361.003 -0.322
361.066 -0.323
361.128 -0.324
361.189 -0.325
361.251 -0.326
361.311 -0.327
361.371 -0.328
361.43 -0.329
361.487 -0.33
361.543 -0.331
361.596 -0.332
361.643 -0.333
361.675 -0.334
361.678 -0.335
361.635 -0.336
361.524 -0.337
361.399 -0.338
361.371 -0.339
361.468 -0.34
361.569 -0.341
361.651 -0.342
361.73 -0.343
361.809 -0.344
361.889 -0.345
361.968 -0.346
362.047 -0.347
362.115 -0.348
362.175 -0.349
362.228 -0.35
362.281 -0.351
362.335 -0.352
362.388 -0.353
362.442 -0.354
362.495 -0.355
362.548 -0.356
362.602 -0.357
362.655 -0.358
362.707 -0.359
362.758 -0.36
362.806 -0.361
362.851 -0.362
362.892 -0.363
362.931 -0.364
362.969 -0.365
363.004 -0.366
363.037 -0.367
363.067 -0.368
363.098 -0.369
363.138 -0.37
363.181 -0.371
363.221 -0.372
363.259 -0.373
363.293 -0.374
363.321 -0.375
363.344 -0.376
363.361 -0.377
363.37 -0.378
363.37 -0.379
363.372 -0.38
363.394 -0.381
363.462 -0.382
363.556 -0.383
363.637 -0.384
363.7 -0.385
363.756 -0.386
363.812 -0.387
363.868 -0.388
363.924 -0.389
363.98 -0.39
364.035 -0.391
364.091 -0.392
364.146 -0.393
364.202 -0.394
364.257 -0.395
364.312 -0.396
364.366 -0.397
364.42 -0.398
364.473 -0.399
364.531 -0.4
364.591 -0.401
364.651 -0.402
364.711 -0.403
364.771 -0.404
364.83 -0.405
364.889 -0.406
364.947 -0.407
365.005 -0.408
365.063 -0.409
365.12 -0.41
365.177 -0.411
365.234 -0.412
365.291 -0.413
365.347 -0.414
365.403 -0.415
365.458 -0.416
365.513 -0.417
365.566 -0.418
365.62 -0.419
365.672 -0.42
365.723 -0.421
365.772 -0.422
365.818 -0.423
365.861 -0.424
365.895 -0.425
365.92 -0.426
365.932 -0.427
365.926 -0.428
365.896 -0.429
365.835 -0.43
365.747 -0.431
365.689 -0.432
365.746 -0.433
365.895 -0.434
366.007 -0.435
366.113 -0.436
366.218 -0.437
366.323 -0.438
366.411 -0.439
366.474 -0.44
366.535 -0.441
366.595 -0.442
366.655 -0.443
366.715 -0.444
366.775 -0.445
366.835 -0.446
366.894 -0.447
366.954 -0.448
367.014 -0.449
367.073 -0.45
367.133 -0.451
367.192 -0.452
367.252 -0.453
367.311 -0.454
367.37 -0.455
367.429 -0.456
367.488 -0.457
367.547 -0.458
367.606 -0.459
367.665 -0.46
367.724 -0.461
367.783 -0.462
367.841 -0.463
367.9 -0.464
367.958 -0.465
368.017 -0.466
368.076 -0.467
368.134 -0.468
368.193 -0.469
368.251 -0.47
368.31 -0.471
368.368 -0.472
368.427 -0.473
368.485 -0.474
368.543 -0.475
368.602 -0.476
368.66 -0.477
368.718 -0.478
368.776 -0.479
368.834 -0.48
368.893 -0.481
368.951 -0.482
369.009 -0.483
369.067 -0.484
369.124 -0.485
369.182 -0.486
369.24 -0.487
369.298 -0.488
369.356 -0.489
369.414 -0.49
369.471 -0.491
369.529 -0.492
369.587 -0.493
369.644 -0.494
369.702 -0.495
369.759 -0.496
369.816 -0.497
369.874 -0.498
369.931 -0.499
369.991 -0.5
370.053 -0.501
370.115 -0.502
370.177 -0.503
370.238 -0.504
370.3 -0.505
370.362 -0.506
370.423 -0.507
370.485 -0.508
370.546 -0.509
370.609 -0.51
370.674 -0.511
370.739 -0.512
370.804 -0.513
370.87 -0.514
370.935 -0.515
371.001 -0.516
371.066 -0.517
371.131 -0.518
371.197 -0.519
371.262 -0.52
371.327 -0.521
371.393 -0.522
371.458 -0.523
371.523 -0.524
371.588 -0.525
371.654 -0.526
371.719 -0.527
371.784 -0.528
371.849 -0.529
371.914 -0.53
371.979 -0.531
372.044 -0.532
372.11 -0.533
372.175 -0.534
372.239 -0.535
372.304 -0.536
372.369 -0.537
372.434 -0.538
372.499 -0.539
372.564 -0.54
372.628 -0.541
372.693 -0.542
372.757 -0.543
372.822 -0.544
372.886 -0.545
372.95 -0.546
373.014 -0.547
373.078 -0.548
373.142 -0.549
373.206 -0.55
373.269 -0.551
373.332 -0.552
373.395 -0.553
373.457 -0.554
373.519 -0.555
373.58 -0.556
373.64 -0.557
373.697 -0.558
373.749 -0.559
373.791 -0.56
373.819 -0.561
373.824 -0.562
373.813 -0.563
373.794 -0.564
373.774 -0.565
373.754 -0.566
373.734 -0.567
373.715 -0.568
373.695 -0.569
373.675 -0.57
373.655 -0.571
373.635 -0.572
373.616 -0.573
373.596 -0.574
373.576 -0.575
373.556 -0.576
373.537 -0.577
373.526 -0.578
373.56 -0.579
373.612 -0.58
373.665 -0.581
373.719 -0.582
373.772 -0.583
373.825 -0.584
373.879 -0.585
373.932 -0.586
373.985 -0.587
374.039 -0.588
374.092 -0.589
374.146 -0.59
374.199 -0.591
374.252 -0.592
374.306 -0.593
374.359 -0.594
374.409 -0.595
374.457 -0.596
374.505 -0.597
374.553 -0.598
374.6 -0.599
374.644 -0.6
374.685 -0.601
374.727 -0.602
374.768 -0.603
374.808 -0.604
374.849 -0.605
374.888 -0.606
374.928 -0.607
374.967 -0.608
375.006 -0.609
375.052 -0.61
375.112 -0.611
375.183 -0.612
375.263 -0.613
375.348 -0.614
375.436 -0.615
375.523 -0.616
375.61 -0.617
375.698 -0.618
375.784 -0.619
375.87 -0.62
375.955 -0.621
376.04 -0.622
376.124 -0.623
376.209 -0.624
376.293 -0.625
376.377 -0.626
376.461 -0.627
376.544 -0.628
376.629 -0.629
376.715 -0.63
376.802 -0.631
376.888 -0.632
376.973 -0.633
377.059 -0.634
377.145 -0.635
377.23 -0.636
377.316 -0.637
377.402 -0.638
377.491 -0.639
377.581 -0.64
377.671 -0.641
377.762 -0.642
377.852 -0.643
377.943 -0.644
378.033 -0.645
378.123 -0.646
378.213 -0.647
378.303 -0.648
378.393 -0.649
378.483 -0.65
378.572 -0.651
378.662 -0.652
378.747 -0.653
378.817 -0.654
378.886 -0.655
378.955 -0.656
379.025 -0.657
379.094 -0.658
379.164 -0.659
379.233 -0.66
379.302 -0.661
379.372 -0.662
379.441 -0.663
379.511 -0.664
379.581 -0.665
379.65 -0.666
379.72 -0.667
379.79 -0.668
379.859 -0.669
379.929 -0.67
379.999 -0.671
380.069 -0.672
380.139 -0.673
380.209 -0.674
380.278 -0.675
380.348 -0.676
380.418 -0.677
380.488 -0.678
380.559 -0.679
380.629 -0.68
380.699 -0.681
380.769 -0.682
380.839 -0.683
380.909 -0.684
380.98 -0.685
381.05 -0.686
381.12 -0.687
381.191 -0.688
381.261 -0.689
381.332 -0.69
381.402 -0.691
381.473 -0.692
381.543 -0.693
381.614 -0.694
381.684 -0.695
381.755 -0.696
381.826 -0.697
381.897 -0.698
381.967 -0.699
382.038 -0.7
382.109 -0.701
382.18 -0.702
382.251 -0.703
382.322 -0.704
382.393 -0.705
382.464 -0.706
382.535 -0.707
382.606 -0.708
382.677 -0.709
382.748 -0.71
382.819 -0.711
382.891 -0.712
382.962 -0.713
383.033 -0.714
383.104 -0.715
383.176 -0.716
383.247 -0.717
383.319 -0.718
383.39 -0.719
383.462 -0.72
383.533 -0.721
383.605 -0.722
383.676 -0.723
383.748 -0.724
383.82 -0.725
383.891 -0.726
383.963 -0.727
384.035 -0.728
384.107 -0.729
384.179 -0.73
384.251 -0.731
384.323 -0.732
384.394 -0.733
384.466 -0.734
384.538 -0.735
384.611 -0.736
384.683 -0.737
384.755 -0.738
384.827 -0.739
384.899 -0.74
384.971 -0.741
385.044 -0.742
385.116 -0.743
385.188 -0.744
385.261 -0.745
385.333 -0.746
385.406 -0.747
385.478 -0.748
385.551 -0.749
385.623 -0.75
385.696 -0.751
385.768 -0.752
385.841 -0.753
385.914 -0.754
385.986 -0.755
386.059 -0.756
386.132 -0.757
386.205 -0.758
386.278 -0.759
386.35 -0.76
386.423 -0.761
386.496 -0.762
386.569 -0.763
386.642 -0.764
386.715 -0.765
386.788 -0.766
386.861 -0.767
386.935 -0.768
387.008 -0.769
387.081 -0.77
387.154 -0.771
387.227 -0.772
387.301 -0.773
387.374 -0.774
387.447 -0.775
387.521 -0.776
387.594 -0.777
387.667 -0.778
387.741 -0.779
387.814 -0.78
387.888 -0.781
387.961 -0.782
388.035 -0.783
388.108 -0.784
388.182 -0.785
388.255 -0.786
388.329 -0.787
388.403 -0.788
388.476 -0.789
388.55 -0.79
388.623 -0.791
388.697 -0.792
388.771 -0.793
388.844 -0.794
388.918 -0.795
388.992 -0.796
389.065 -0.797
389.139 -0.798
389.213 -0.799
389.286 -0.8
389.36 -0.801
389.433 -0.802
389.507 -0.803
389.58 -0.804
389.654 -0.805
389.727 -0.806
389.8 -0.807
389.873 -0.808
389.946 -0.809
390.019 -0.81
390.091 -0.811
390.163 -0.812
390.234 -0.813
390.303 -0.814
390.371 -0.815
390.437 -0.816
390.501 -0.817
390.565 -0.818
390.628 -0.819
390.688 -0.82
390.747 -0.821
390.804 -0.822
390.858 -0.823
390.911 -0.824
390.962 -0.825
391.013 -0.826
391.062 -0.827
391.109 -0.828
391.162 -0.829
391.219 -0.83
391.283 -0.831
391.352 -0.832
391.421 -0.833
391.489 -0.834
391.561 -0.835
391.64 -0.836
391.726 -0.837
391.821 -0.838
391.916 -0.839
392.012 -0.84
392.107 -0.841
392.2 -0.842
392.288 -0.843
392.375 -0.844
392.461 -0.845
392.548 -0.846
392.634 -0.847
392.718 -0.848
392.797 -0.849
392.875 -0.85
392.953 -0.851
393.031 -0.852
393.108 -0.853
393.186 -0.854
393.264 -0.855
393.342 -0.856
393.42 -0.857
393.498 -0.858
393.576 -0.859
393.654 -0.86
393.732 -0.861
393.81 -0.862
393.889 -0.863
393.967 -0.864
394.045 -0.865
394.123 -0.866
394.201 -0.867
394.279 -0.868
394.358 -0.869
394.436 -0.87
394.514 -0.871
394.592 -0.872
394.67 -0.873
394.749 -0.874
394.827 -0.875
394.905 -0.876
394.984 -0.877
395.062 -0.878
395.141 -0.879
395.219 -0.88
395.298 -0.881
395.376 -0.882
395.455 -0.883
395.534 -0.884
395.612 -0.885
395.691 -0.886
395.77 -0.887
395.849 -0.888
395.928 -0.889
396.007 -0.89
396.086 -0.891
396.165 -0.892
396.244 -0.893
396.323 -0.894
396.403 -0.895
396.482 -0.896
396.561 -0.897
396.64 -0.898
396.72 -0.899
396.799 -0.9
