17.8234 -0.001
35.6319 -0.002
53.4252 -0.003
71.2035 -0.004
88.9665 -0.005
106.714 -0.006
124.447 -0.007
142.164 -0.008
159.866 -0.009
177.552 -0.01
195.223 -0.011
212.878 -0.012
230.518 -0.013
248.142 -0.014
265.75 -0.015
283.342 -0.016
300.919 -0.017
318.479 -0.018
336.024 -0.019
353.552 -0.02
371.064 -0.021
388.561 -0.022
406.04 -0.023
423.504 -0.024
440.951 -0.025
458.381 -0.026
475.795 -0.027
493.193 -0.028
510.573 -0.029
527.937 -0.03
545.284 -0.031
562.614 -0.032
579.927 -0.033
597.223 -0.034
614.502 -0.035
631.763 -0.036
649.007 -0.037
666.234 -0.038
683.443 -0.039
700.635 -0.04
717.795 -0.041
734.728 -0.042
751.143 -0.043
766.792 -0.044
781.262 -0.045
794.826 -0.046
808.244 -0.047
821.415 -0.048
834.025 -0.049
845.564 -0.05
855.743 -0.051
864.297 -0.052
870.186 -0.053
875.076 -0.054
879.9 -0.055
884.682 -0.056
889.435 -0.057
894.139 -0.058
898.802 -0.059
903.374 -0.06
907.856 -0.061
912.175 -0.062
916.298 -0.063
920.227 -0.064
923.954 -0.065
927.342 -0.066
930.419 -0.067
933.332 -0.068
935.701 -0.069
937.593 -0.07
938.82 -0.071
939.965 -0.072
941.088 -0.073
942.194 -0.074
943.283 -0.075
944.346 -0.076
945.383 -0.077
946.398 -0.078
947.396 -0.079
948.365 -0.08
949.307 -0.081
950.231 -0.082
951.132 -0.083
952.002 -0.084
952.843 -0.085
953.658 -0.086
954.45 -0.087
955.219 -0.088
955.97 -0.089
956.708 -0.09
957.435 -0.091
958.151 -0.092
958.861 -0.093
959.567 -0.094
960.265 -0.095
960.96 -0.096
961.649 -0.097
962.334 -0.098
963.013 -0.099
963.685 -0.1
964.35 -0.101
965.009 -0.102
965.663 -0.103
966.305 -0.104
966.94 -0.105
967.564 -0.106
968.183 -0.107
968.792 -0.108
969.398 -0.109
969.994 -0.11
970.584 -0.111
971.161 -0.112
971.729 -0.113
972.287 -0.114
972.837 -0.115
973.378 -0.116
973.913 -0.117
974.44 -0.118
974.957 -0.119
975.465 -0.12
975.963 -0.121
976.455 -0.122
976.934 -0.123
977.404 -0.124
977.869 -0.125
978.323 -0.126
978.771 -0.127
979.211 -0.128
979.642 -0.129
980.071 -0.13
980.487 -0.131
980.897 -0.132
981.305 -0.133
981.707 -0.134
982.106 -0.135
982.5 -0.136
982.889 -0.137
983.274 -0.138
983.657 -0.139
984.037 -0.14
984.414 -0.141
984.788 -0.142
985.159 -0.143
985.526 -0.144
985.891 -0.145
986.253 -0.146
986.613 -0.147
986.97 -0.148
987.325 -0.149
987.676 -0.15
988.026 -0.151
988.374 -0.152
988.72 -0.153
989.064 -0.154
989.405 -0.155
989.744 -0.156
990.081 -0.157
990.415 -0.158
990.746 -0.159
991.076 -0.16
991.404 -0.161
991.729 -0.162
992.053 -0.163
992.376 -0.164
992.697 -0.165
993.015 -0.166
993.331 -0.167
993.642 -0.168
993.952 -0.169
994.26 -0.17
994.566 -0.171
994.87 -0.172
995.172 -0.173
995.473 -0.174
995.771 -0.175
996.068 -0.176
996.362 -0.177
996.655 -0.178
996.946 -0.179
997.235 -0.18
997.523 -0.181
997.805 -0.182
998.085 -0.183
998.363 -0.184
998.639 -0.185
998.912 -0.186
999.182 -0.187
999.45 -0.188
999.716 -0.189
999.98 -0.19
1000.24 -0.191
1000.5 -0.192
1000.76 -0.193
1001.01 -0.194
1001.26 -0.195
1001.51 -0.196
1001.76 -0.197
1002 -0.198
1002.24 -0.199
1002.48 -0.2
1002.72 -0.201
1002.95 -0.202
1003.17 -0.203
1003.4 -0.204
1003.62 -0.205
1003.85 -0.206
1004.06 -0.207
1004.28 -0.208
1004.49 -0.209
1004.7 -0.21
1004.91 -0.211
1005.11 -0.212
1005.32 -0.213
1005.52 -0.214
1005.72 -0.215
1005.91 -0.216
1006.11 -0.217
1006.31 -0.218
1006.5 -0.219
1006.68 -0.22
1006.86 -0.221
1007.04 -0.222
1007.22 -0.223
1007.39 -0.224
1007.56 -0.225
1007.73 -0.226
1007.9 -0.227
1008.06 -0.228
1008.23 -0.229
1008.39 -0.23
1008.55 -0.231
1008.71 -0.232
1008.87 -0.233
1009.02 -0.234
1009.18 -0.235
1009.33 -0.236
1009.48 -0.237
1009.63 -0.238
1009.78 -0.239
1009.93 -0.24
1010.07 -0.241
1010.21 -0.242
1010.35 -0.243
1010.49 -0.244
1010.63 -0.245
1010.76 -0.246
1010.9 -0.247
1011.03 -0.248
1011.16 -0.249
1011.28 -0.25
1011.41 -0.251
1011.53 -0.252
1011.65 -0.253
1011.78 -0.254
1011.9 -0.255
1012.02 -0.256
1012.13 -0.257
1012.25 -0.258
1012.36 -0.259
1012.48 -0.26
1012.59 -0.261
1012.7 -0.262
1012.81 -0.263
1012.92 -0.264
1013.02 -0.265
1013.13 -0.266
1013.24 -0.267
1013.34 -0.268
1013.44 -0.269
1013.55 -0.27
1013.65 -0.271
1013.75 -0.272
1013.85 -0.273
1013.94 -0.274
1014.04 -0.275
1014.13 -0.276
1014.23 -0.277
1014.32 -0.278
1014.4 -0.279
1014.49 -0.28
1014.58 -0.281
1014.67 -0.282
1014.75 -0.283
1014.83 -0.284
1014.91 -0.285
1014.99 -0.286
1015.07 -0.287
1015.15 -0.288
1015.23 -0.289
1015.3 -0.29
1015.38 -0.291
1015.45 -0.292
1015.53 -0.293
1015.6 -0.294
1015.67 -0.295
1015.74 -0.296
1015.81 -0.297
1015.88 -0.298
1015.95 -0.299
1016.02 -0.3
1016.09 -0.301
1016.15 -0.302
1016.22 -0.303
1016.28 -0.304
1016.35 -0.305
1016.41 -0.306
1016.47 -0.307
1016.54 -0.308
1016.6 -0.309
1016.66 -0.31
1016.72 -0.311
1016.78 -0.312
1016.83 -0.313
1016.89 -0.314
1016.94 -0.315
1017 -0.316
1017.05 -0.317
1017.1 -0.318
1017.16 -0.319
1017.21 -0.32
1017.26 -0.321
1017.31 -0.322
1017.36 -0.323
1017.41 -0.324
1017.45 -0.325
1017.5 -0.326
1017.55 -0.327
1017.59 -0.328
1017.64 -0.329
1017.68 -0.33
1017.73 -0.331
1017.77 -0.332
1017.81 -0.333
1017.85 -0.334
1017.9 -0.335
1017.94 -0.336
1017.98 -0.337
1018.02 -0.338
1018.05 -0.339
1018.09 -0.34
1018.13 -0.341
1018.17 -0.342
1018.2 -0.343
1018.24 -0.344
1018.28 -0.345
1018.31 -0.346
1018.34 -0.347
1018.38 -0.348
1018.41 -0.349
1018.44 -0.35
1018.47 -0.351
1018.5 -0.352
1018.53 -0.353
1018.56 -0.354
1018.59 -0.355
1018.62 -0.356
1018.65 -0.357
1018.68 -0.358
1018.71 -0.359
1018.73 -0.36
1018.76 -0.361
1018.78 -0.362
1018.81 -0.363
1018.83 -0.364
1018.86 -0.365
1018.88 -0.366
1018.9 -0.367
1018.93 -0.368
1018.95 -0.369
1018.97 -0.37
1018.99 -0.371
1019.01 -0.372
1019.04 -0.373
1019.06 -0.374
1019.08 -0.375
1019.09 -0.376
1019.11 -0.377
1019.13 -0.378
1019.15 -0.379
1019.17 -0.38
1019.18 -0.381
1019.2 -0.382
1019.22 -0.383
1019.23 -0.384
1019.25 -0.385
1019.26 -0.386
1019.28 -0.387
1019.29 -0.388
1019.3 -0.389
1019.32 -0.39
1019.33 -0.391
1019.34 -0.392
1019.35 -0.393
1019.36 -0.394
1019.38 -0.395
1019.39 -0.396
1019.4 -0.397
1019.41 -0.398
1019.42 -0.399
1019.43 -0.4
1019.44 -0.401
1019.45 -0.402
1019.45 -0.403
1019.46 -0.404
1019.47 -0.405
1019.48 -0.406
1019.49 -0.407
1019.5 -0.408
1019.5 -0.409
1019.51 -0.41
1019.52 -0.411
1019.53 -0.412
1019.53 -0.413
1019.54 -0.414
1019.54 -0.415
1019.55 -0.416
1019.56 -0.417
1019.56 -0.418
1019.57 -0.419
1019.57 -0.42
1019.58 -0.421
1019.58 -0.422
1019.59 -0.423
1019.59 -0.424
1019.6 -0.425
1019.6 -0.426
1019.6 -0.427
1019.61 -0.428
1019.61 -0.429
1019.62 -0.43
1019.62 -0.431
1019.62 -0.432
1019.63 -0.433
1019.63 -0.434
1019.63 -0.435
1019.63 -0.436
1019.64 -0.437
1019.64 -0.438
1019.64 -0.439
1019.64 -0.44
1019.65 -0.441
1019.65 -0.442
1019.65 -0.443
1019.65 -0.444
1019.65 -0.445
1019.65 -0.446
1019.66 -0.447
1019.66 -0.448
1019.66 -0.449
1019.66 -0.45
1019.66 -0.451
1019.67 -0.452
1019.67 -0.453
1019.67 -0.454
1019.67 -0.455
1019.67 -0.456
1019.67 -0.457
1019.68 -0.458
1019.68 -0.459
1019.68 -0.46
1019.68 -0.461
1019.68 -0.462
1019.68 -0.463
1019.69 -0.464
1019.69 -0.465
1019.69 -0.466
1019.69 -0.467
1019.69 -0.468
1019.69 -0.469
1019.7 -0.47
1019.7 -0.471
1019.7 -0.472
1019.7 -0.473
1019.71 -0.474
1019.71 -0.475
1019.71 -0.476
1019.71 -0.477
1019.71 -0.478
1019.72 -0.479
1019.72 -0.48
1019.72 -0.481
1019.72 -0.482
1019.73 -0.483
1019.73 -0.484
1019.73 -0.485
1019.74 -0.486
1019.74 -0.487
1019.74 -0.488
1019.74 -0.489
1019.75 -0.49
1019.75 -0.491
1019.75 -0.492
1019.75 -0.493
1019.76 -0.494
1019.76 -0.495
1019.77 -0.496
1019.77 -0.497
1019.77 -0.498
1019.78 -0.499
1019.78 -0.5
1019.79 -0.501
1019.79 -0.502
1019.8 -0.503
1019.8 -0.504
1019.81 -0.505
1019.81 -0.506
1019.82 -0.507
1019.82 -0.508
1019.83 -0.509
1019.83 -0.51
1019.84 -0.511
1019.85 -0.512
1019.85 -0.513
1019.86 -0.514
1019.87 -0.515
1019.88 -0.516
1019.88 -0.517
1019.89 -0.518
1019.9 -0.519
1019.91 -0.52
1019.92 -0.521
1019.93 -0.522
1019.94 -0.523
1019.94 -0.524
1019.95 -0.525
1019.96 -0.526
1019.97 -0.527
1019.99 -0.528
1020 -0.529
1020.01 -0.53
1020.02 -0.531
1020.03 -0.532
1020.04 -0.533
1020.05 -0.534
1020.07 -0.535
1020.08 -0.536
1020.09 -0.537
1020.11 -0.538
1020.12 -0.539
1020.14 -0.54
1020.15 -0.541
1020.16 -0.542
1020.18 -0.543
1020.2 -0.544
1020.21 -0.545
1020.23 -0.546
1020.24 -0.547
1020.26 -0.548
1020.28 -0.549
1020.29 -0.55
1020.31 -0.551
1020.33 -0.552
1020.35 -0.553
1020.37 -0.554
1020.39 -0.555
1020.41 -0.556
1020.43 -0.557
1020.45 -0.558
1020.47 -0.559
1020.49 -0.56
1020.51 -0.561
1020.53 -0.562
1020.55 -0.563
1020.58 -0.564
1020.6 -0.565
1020.62 -0.566
1020.65 -0.567
1020.67 -0.568
1020.69 -0.569
1020.72 -0.57
1020.74 -0.571
1020.77 -0.572
1020.8 -0.573
1020.82 -0.574
1020.85 -0.575
1020.88 -0.576
1020.9 -0.577
1020.93 -0.578
1020.96 -0.579
1020.99 -0.58
1021.02 -0.581
1021.05 -0.582
1021.08 -0.583
1021.11 -0.584
1021.14 -0.585
1021.17 -0.586
1021.2 -0.587
1021.24 -0.588
1021.27 -0.589
1021.3 -0.59
1021.34 -0.591
1021.37 -0.592
1021.41 -0.593
1021.44 -0.594
1021.48 -0.595
1021.52 -0.596
1021.55 -0.597
1021.59 -0.598
1021.63 -0.599
1021.67 -0.6
1021.71 -0.601
1021.74 -0.602
1021.78 -0.603
1021.82 -0.604
1021.87 -0.605
1021.91 -0.606
1021.95 -0.607
1021.99 -0.608
1022.04 -0.609
1022.08 -0.61
1022.12 -0.611
1022.17 -0.612
1022.21 -0.613
1022.26 -0.614
1022.31 -0.615
1022.35 -0.616
1022.4 -0.617
1022.45 -0.618
1022.5 -0.619
1022.55 -0.62
1022.6 -0.621
1022.65 -0.622
1022.7 -0.623
1022.75 -0.624
1022.8 -0.625
1022.85 -0.626
1022.9 -0.627
1022.96 -0.628
1023.01 -0.629
1023.06 -0.63
1023.12 -0.631
1023.18 -0.632
1023.23 -0.633
1023.29 -0.634
1023.35 -0.635
1023.4 -0.636
1023.46 -0.637
1023.52 -0.638
1023.58 -0.639
1023.64 -0.64
1023.7 -0.641
1023.76 -0.642
1023.83 -0.643
1023.89 -0.644
1023.95 -0.645
1024.02 -0.646
1024.08 -0.647
1024.15 -0.648
1024.21 -0.649
1024.28 -0.65
1024.35 -0.651
1024.42 -0.652
1024.48 -0.653
1024.55 -0.654
1024.62 -0.655
1024.7 -0.656
1024.77 -0.657
1024.84 -0.658
1024.91 -0.659
1024.99 -0.66
1025.06 -0.661
1025.14 -0.662
1025.21 -0.663
1025.29 -0.664
1025.37 -0.665
1025.45 -0.666
1025.52 -0.667
1025.6 -0.668
1025.68 -0.669
1025.77 -0.67
1025.85 -0.671
1025.93 -0.672
1026.01 -0.673
1026.1 -0.674
1026.18 -0.675
1026.27 -0.676
1026.35 -0.677
1026.44 -0.678
1026.53 -0.679
1026.62 -0.68
1026.71 -0.681
1026.8 -0.682
1026.89 -0.683
1026.98 -0.684
1027.07 -0.685
1027.16 -0.686
1027.26 -0.687
1027.35 -0.688
1027.45 -0.689
1027.55 -0.69
1027.64 -0.691
1027.74 -0.692
1027.84 -0.693
1027.94 -0.694
1028.04 -0.695
1028.14 -0.696
1028.24 -0.697
1028.35 -0.698
1028.45 -0.699
1028.55 -0.7
1028.66 -0.701
1028.77 -0.702
1028.87 -0.703
1028.98 -0.704
1029.09 -0.705
1029.2 -0.706
1029.31 -0.707
1029.42 -0.708
1029.53 -0.709
1029.65 -0.71
1029.76 -0.711
1029.88 -0.712
1029.99 -0.713
1030.11 -0.714
1030.23 -0.715
1030.35 -0.716
1030.47 -0.717
1030.59 -0.718
1030.71 -0.719
1030.83 -0.72
1030.95 -0.721
1031.08 -0.722
1031.2 -0.723
1031.33 -0.724
1031.45 -0.725
1031.58 -0.726
1031.71 -0.727
1031.84 -0.728
1031.97 -0.729
1032.1 -0.73
1032.23 -0.731
1032.37 -0.732
1032.5 -0.733
1032.64 -0.734
1032.77 -0.735
1032.91 -0.736
1033.05 -0.737
1033.19 -0.738
1033.33 -0.739
1033.47 -0.74
1033.61 -0.741
1033.75 -0.742
1033.89 -0.743
1034.04 -0.744
1034.18 -0.745
1034.33 -0.746
1034.48 -0.747
1034.62 -0.748
1034.77 -0.749
1034.92 -0.75
1035.07 -0.751
1035.23 -0.752
1035.38 -0.753
1035.53 -0.754
1035.69 -0.755
1035.85 -0.756
1036 -0.757
1036.16 -0.758
1036.32 -0.759
1036.48 -0.76
1036.64 -0.761
1036.81 -0.762
1036.97 -0.763
1037.14 -0.764
1037.3 -0.765
1037.47 -0.766
1037.64 -0.767
1037.81 -0.768
1037.98 -0.769
1038.15 -0.77
1038.32 -0.771
1038.49 -0.772
1038.66 -0.773
1038.84 -0.774
1039.02 -0.775
1039.19 -0.776
1039.37 -0.777
1039.55 -0.778
1039.73 -0.779
1039.91 -0.78
1040.09 -0.781
1040.28 -0.782
1040.46 -0.783
1040.65 -0.784
1040.84 -0.785
1041.03 -0.786
1041.21 -0.787
1041.4 -0.788
1041.6 -0.789
1041.79 -0.79
1041.98 -0.791
1042.18 -0.792
1042.37 -0.793
1042.57 -0.794
1042.76 -0.795
1042.96 -0.796
1043.16 -0.797
1043.36 -0.798
1043.57 -0.799
1043.77 -0.8
1043.97 -0.801
1044.18 -0.802
1044.39 -0.803
1044.6 -0.804
1044.81 -0.805
1045.02 -0.806
1045.23 -0.807
1045.44 -0.808
1045.66 -0.809
1045.87 -0.81
1046.09 -0.811
1046.31 -0.812
1046.53 -0.813
1046.75 -0.814
1046.97 -0.815
1047.2 -0.816
1047.42 -0.817
1047.65 -0.818
1047.87 -0.819
1048.1 -0.82
1048.33 -0.821
1048.56 -0.822
1048.8 -0.823
1049.03 -0.824
1049.27 -0.825
1049.5 -0.826
1049.74 -0.827
1049.98 -0.828
1050.22 -0.829
1050.46 -0.83
1050.71 -0.831
1050.95 -0.832
1051.2 -0.833
1051.44 -0.834
1051.69 -0.835
1051.94 -0.836
1052.19 -0.837
1052.45 -0.838
1052.7 -0.839
1052.96 -0.84
1053.21 -0.841
1053.47 -0.842
1053.73 -0.843
1053.99 -0.844
1054.26 -0.845
1054.52 -0.846
1054.78 -0.847
1055.05 -0.848
1055.32 -0.849
1055.59 -0.85
1055.86 -0.851
1056.13 -0.852
1056.4 -0.853
1056.68 -0.854
1056.96 -0.855
1057.23 -0.856
1057.51 -0.857
1057.79 -0.858
1058.07 -0.859
1058.36 -0.86
1058.64 -0.861
1058.93 -0.862
1059.21 -0.863
1059.5 -0.864
1059.79 -0.865
1060.09 -0.866
1060.38 -0.867
1060.67 -0.868
1060.97 -0.869
1061.27 -0.87
1061.57 -0.871
1061.87 -0.872
1062.17 -0.873
1062.47 -0.874
1062.78 -0.875
1063.08 -0.876
1063.39 -0.877
1063.7 -0.878
1064.01 -0.879
1064.32 -0.88
1064.64 -0.881
1064.95 -0.882
1065.27 -0.883
1065.59 -0.884
1065.91 -0.885
1066.23 -0.886
1066.55 -0.887
1066.87 -0.888
1067.2 -0.889
1067.53 -0.89
1067.85 -0.891
1068.18 -0.892
1068.51 -0.893
1068.85 -0.894
1069.18 -0.895
1069.51 -0.896
1069.85 -0.897
1070.19 -0.898
1070.53 -0.899
1070.87 -0.9
1071.21 -0.901
1071.55 -0.902
1071.9 -0.903
1072.24 -0.904
1072.59 -0.905
1072.94 -0.906
1073.29 -0.907
1073.64 -0.908
1073.99 -0.909
1074.34 -0.91
1074.69 -0.911
1075.05 -0.912
1075.4 -0.913
1075.75 -0.914
1076.08 -0.915
1076.39 -0.916
1076.66 -0.917
1076.86 -0.918
1076.95 -0.919
1077.02 -0.92
1077.09 -0.921
1077.17 -0.922
1077.24 -0.923
1077.32 -0.924
1077.4 -0.925
1077.48 -0.926
1077.57 -0.927
1077.75 -0.928
1078.35 -0.929
1078.96 -0.93
1079.57 -0.931
1080.18 -0.932
1080.78 -0.933
1081.27 -0.934
1081.77 -0.935
1082.26 -0.936
1082.76 -0.937
1083.26 -0.938
1083.76 -0.939
1084.26 -0.94
1084.76 -0.941
1085.27 -0.942
1085.78 -0.943
1086.29 -0.944
1086.72 -0.945
1087.14 -0.946
1087.55 -0.947
1087.96 -0.948
1088.38 -0.949
1088.8 -0.95
1089.22 -0.951
1089.64 -0.952
1090.07 -0.953
1090.49 -0.954
1090.92 -0.955
1091.35 -0.956
1091.78 -0.957
1092.21 -0.958
1092.64 -0.959
1093.07 -0.96
1093.51 -0.961
1093.95 -0.962
1094.39 -0.963
1094.83 -0.964
1095.27 -0.965
1095.72 -0.966
1096.16 -0.967
1096.61 -0.968
1097.06 -0.969
1097.51 -0.97
1097.96 -0.971
1098.42 -0.972
1098.88 -0.973
1099.33 -0.974
1099.79 -0.975
1100.26 -0.976
1100.72 -0.977
1101.19 -0.978
1101.65 -0.979
1102.12 -0.98
1102.6 -0.981
1103.07 -0.982
1103.54 -0.983
1104.02 -0.984
1104.5 -0.985
1104.98 -0.986
1105.47 -0.987
1105.95 -0.988
1106.44 -0.989
1106.93 -0.99
1107.42 -0.991
1107.91 -0.992
1108.4 -0.993
1108.9 -0.994
1109.4 -0.995
1109.9 -0.996
1110.4 -0.997
1110.9 -0.998
1111.41 -0.999
1111.92 -1
1112.43 -1.001
1112.94 -1.002
1113.45 -1.003
1113.97 -1.004
1114.49 -1.005
1115 -1.006
1115.53 -1.007
1116.05 -1.008
1116.57 -1.009
1117.1 -1.01
1117.63 -1.011
1118.16 -1.012
1118.69 -1.013
1119.22 -1.014
1119.76 -1.015
1120.29 -1.016
1120.83 -1.017
1121.37 -1.018
1121.92 -1.019
1122.46 -1.02
1123.01 -1.021
1123.55 -1.022
1124.1 -1.023
1124.65 -1.024
1125.21 -1.025
1125.76 -1.026
1126.32 -1.027
1126.88 -1.028
1127.44 -1.029
1128 -1.03
1128.56 -1.031
1129.12 -1.032
1129.69 -1.033
1130.26 -1.034
1130.83 -1.035
1131.4 -1.036
1131.98 -1.037
1132.55 -1.038
1133.13 -1.039
1133.71 -1.04
1134.29 -1.041
1134.88 -1.042
1135.46 -1.043
1136.05 -1.044
1136.64 -1.045
1137.24 -1.046
1137.83 -1.047
1138.43 -1.048
1139.03 -1.049
1139.63 -1.05
1140.23 -1.051
1140.83 -1.052
1141.44 -1.053
1142.05 -1.054
1142.66 -1.055
1143.27 -1.056
1143.89 -1.057
1144.5 -1.058
1145.12 -1.059
1145.74 -1.06
1146.36 -1.061
1146.99 -1.062
1147.62 -1.063
1148.25 -1.064
1148.88 -1.065
1149.51 -1.066
1150.15 -1.067
1150.78 -1.068
1151.42 -1.069
1152.06 -1.07
1152.71 -1.071
1153.35 -1.072
1154 -1.073
1154.65 -1.074
1155.3 -1.075
1155.95 -1.076
1156.61 -1.077
1157.27 -1.078
1157.93 -1.079
1158.59 -1.08
1159.25 -1.081
1159.92 -1.082
1160.59 -1.083
1161.26 -1.084
1161.94 -1.085
1162.62 -1.086
1163.3 -1.087
1163.98 -1.088
1164.66 -1.089
1165.35 -1.09
1166.04 -1.091
1166.73 -1.092
1167.42 -1.093
1168.12 -1.094
1168.81 -1.095
1169.51 -1.096
1170.22 -1.097
1170.92 -1.098
1171.63 -1.099
1172.34 -1.1
1173.05 -1.101
1173.76 -1.102
1174.48 -1.103
1175.2 -1.104
1175.92 -1.105
1176.65 -1.106
1177.37 -1.107
1178.1 -1.108
1178.83 -1.109
1179.56 -1.11
1180.3 -1.111
1181.03 -1.112
1181.77 -1.113
1182.52 -1.114
1183.26 -1.115
1184.01 -1.116
1184.75 -1.117
1185.5 -1.118
1186.26 -1.119
1187.01 -1.12
1187.77 -1.121
1188.53 -1.122
1189.29 -1.123
1190.05 -1.124
1190.82 -1.125
1191.59 -1.126
1192.36 -1.127
1193.13 -1.128
1193.9 -1.129
1194.68 -1.13
1195.46 -1.131
1196.24 -1.132
1197.02 -1.133
1197.81 -1.134
1198.59 -1.135
1199.38 -1.136
1200.17 -1.137
1200.96 -1.138
1201.76 -1.139
1202.55 -1.14
1203.35 -1.141
1204.15 -1.142
1204.95 -1.143
1205.75 -1.144
1206.55 -1.145
1207.35 -1.146
1208.15 -1.147
1208.96 -1.148
1209.78 -1.149
1210.59 -1.15
1211.41 -1.151
1212.24 -1.152
1213.07 -1.153
1213.91 -1.154
1214.74 -1.155
1215.58 -1.156
1216.42 -1.157
1217.26 -1.158
1218.1 -1.159
1218.95 -1.16
1219.79 -1.161
1220.65 -1.162
1221.5 -1.163
1222.36 -1.164
1223.21 -1.165
1224.08 -1.166
1224.94 -1.167
1225.81 -1.168
1226.68 -1.169
1227.56 -1.17
1228.43 -1.171
1229.31 -1.172
1230.19 -1.173
1231.07 -1.174
1231.96 -1.175
1232.85 -1.176
1233.74 -1.177
1234.63 -1.178
1235.52 -1.179
1236.42 -1.18
1237.32 -1.181
1238.22 -1.182
1239.12 -1.183
1240.03 -1.184
1240.94 -1.185
1241.85 -1.186
1242.76 -1.187
1243.68 -1.188
1244.6 -1.189
1245.52 -1.19
1246.45 -1.191
1247.37 -1.192
1248.3 -1.193
1249.24 -1.194
1250.17 -1.195
1251.11 -1.196
1252.05 -1.197
1252.99 -1.198
1253.94 -1.199
1254.88 -1.2
1255.83 -1.201
1256.79 -1.202
1257.74 -1.203
1258.7 -1.204
1259.66 -1.205
1260.62 -1.206
1261.59 -1.207
1262.55 -1.208
1263.52 -1.209
1264.49 -1.21
1265.47 -1.211
1266.44 -1.212
1267.42 -1.213
1268.4 -1.214
1269.39 -1.215
1270.37 -1.216
1271.36 -1.217
1272.35 -1.218
1273.35 -1.219
1274.34 -1.22
1275.34 -1.221
1276.34 -1.222
1277.34 -1.223
1278.35 -1.224
1279.36 -1.225
1280.37 -1.226
1281.38 -1.227
1282.4 -1.228
1283.42 -1.229
1284.44 -1.23
1285.46 -1.231
1286.49 -1.232
1287.51 -1.233
1288.54 -1.234
1289.58 -1.235
1290.61 -1.236
1291.65 -1.237
1292.68 -1.238
1293.72 -1.239
1294.77 -1.24
1295.81 -1.241
1296.86 -1.242
1297.9 -1.243
1298.94 -1.244
1299.98 -1.245
1301.02 -1.246
1302.06 -1.247
1303.1 -1.248
1304.14 -1.249
1305.19 -1.25
1306.24 -1.251
1307.29 -1.252
1308.34 -1.253
1309.39 -1.254
1310.44 -1.255
1311.5 -1.256
1312.56 -1.257
1313.62 -1.258
1314.68 -1.259
1315.74 -1.26
1316.81 -1.261
1317.88 -1.262
1318.95 -1.263
1320.02 -1.264
1321.1 -1.265
1322.17 -1.266
1323.25 -1.267
1324.33 -1.268
1325.42 -1.269
1326.5 -1.27
1327.59 -1.271
1328.68 -1.272
1329.78 -1.273
1330.87 -1.274
1331.97 -1.275
1333.08 -1.276
1334.18 -1.277
1335.29 -1.278
1336.4 -1.279
1337.51 -1.28
1338.63 -1.281
1339.75 -1.282
1340.87 -1.283
1341.99 -1.284
1343.12 -1.285
1344.25 -1.286
1345.38 -1.287
1346.52 -1.288
1347.66 -1.289
1348.8 -1.29
1349.94 -1.291
1351.09 -1.292
1352.24 -1.293
1353.39 -1.294
1354.55 -1.295
1355.71 -1.296
1356.87 -1.297
1358.04 -1.298
1359.2 -1.299
1360.37 -1.3
