4.94587 -0.001
9.88444 -0.002
14.8156 -0.003
19.7395 -0.004
24.6559 -0.005
29.5649 -0.006
34.4665 -0.007
39.3607 -0.008
44.2474 -0.009
49.1267 -0.01
53.9985 -0.011
58.8627 -0.012
63.7195 -0.013
68.5687 -0.014
73.4103 -0.015
78.2444 -0.016
83.0709 -0.017
87.8897 -0.018
92.7009 -0.019
97.5044 -0.02
102.3 -0.021
107.088 -0.022
111.869 -0.023
116.642 -0.024
121.406 -0.025
126.163 -0.026
130.913 -0.027
135.654 -0.028
140.388 -0.029
145.113 -0.03
149.831 -0.031
154.461 -0.032
158.573 -0.033
161.814 -0.034
165.004 -0.035
168.19 -0.036
171.391 -0.037
174.588 -0.038
177.783 -0.039
180.982 -0.04
184.178 -0.041
187.353 -0.042
190.321 -0.043
192.776 -0.044
194.933 -0.045
197.081 -0.046
199.22 -0.047
201.349 -0.048
203.469 -0.049
205.578 -0.05
207.678 -0.051
209.771 -0.052
211.855 -0.053
213.928 -0.054
215.99 -0.055
218.044 -0.056
220.077 -0.057
222.056 -0.058
223.955 -0.059
225.693 -0.06
227.269 -0.061
228.534 -0.062
229.746 -0.063
230.936 -0.064
232.11 -0.065
233.27 -0.066
234.409 -0.067
235.531 -0.068
236.644 -0.069
237.753 -0.07
238.857 -0.071
239.957 -0.072
241.052 -0.073
242.143 -0.074
243.225 -0.075
244.292 -0.076
245.318 -0.077
246.3 -0.078
247.218 -0.079
248.047 -0.08
248.783 -0.081
249.334 -0.082
249.737 -0.083
250.135 -0.084
250.525 -0.085
250.908 -0.086
251.284 -0.087
251.654 -0.088
252.014 -0.089
252.363 -0.09
252.702 -0.091
253.035 -0.092
253.361 -0.093
253.678 -0.094
253.987 -0.095
254.282 -0.096
254.567 -0.097
254.845 -0.098
255.115 -0.099
255.381 -0.1
255.641 -0.101
255.89 -0.102
256.131 -0.103
256.366 -0.104
256.595 -0.105
256.82 -0.106
257.04 -0.107
257.253 -0.108
257.46 -0.109
257.665 -0.11
257.866 -0.111
258.064 -0.112
258.259 -0.113
258.451 -0.114
258.639 -0.115
258.825 -0.116
259.008 -0.117
259.187 -0.118
259.364 -0.119
259.538 -0.12
259.708 -0.121
259.876 -0.122
260.041 -0.123
260.202 -0.124
260.361 -0.125
260.516 -0.126
260.669 -0.127
260.818 -0.128
260.964 -0.129
261.107 -0.13
261.247 -0.131
261.384 -0.132
261.518 -0.133
261.648 -0.134
261.776 -0.135
261.9 -0.136
262.022 -0.137
262.14 -0.138
262.255 -0.139
262.368 -0.14
262.477 -0.141
262.583 -0.142
262.686 -0.143
262.787 -0.144
262.884 -0.145
262.979 -0.146
263.071 -0.147
263.161 -0.148
263.247 -0.149
263.332 -0.15
263.413 -0.151
263.493 -0.152
263.569 -0.153
263.644 -0.154
263.715 -0.155
263.784 -0.156
263.851 -0.157
263.916 -0.158
263.978 -0.159
264.037 -0.16
264.095 -0.161
264.151 -0.162
264.204 -0.163
264.256 -0.164
264.305 -0.165
264.353 -0.166
264.399 -0.167
264.442 -0.168
264.484 -0.169
264.523 -0.17
264.561 -0.171
264.597 -0.172
264.631 -0.173
264.664 -0.174
264.695 -0.175
264.724 -0.176
264.752 -0.177
264.778 -0.178
264.802 -0.179
264.826 -0.18
264.847 -0.181
264.867 -0.182
264.886 -0.183
264.903 -0.184
264.919 -0.185
264.934 -0.186
264.947 -0.187
264.959 -0.188
264.969 -0.189
264.978 -0.19
264.986 -0.191
264.992 -0.192
264.997 -0.193
265.001 -0.194
265.004 -0.195
265.005 -0.196
265.005 -0.197
265.004 -0.198
265.002 -0.199
264.999 -0.2
264.994 -0.201
264.989 -0.202
264.982 -0.203
264.974 -0.204
264.965 -0.205
264.955 -0.206
264.944 -0.207
264.931 -0.208
264.918 -0.209
264.903 -0.21
264.888 -0.211
264.871 -0.212
264.853 -0.213
264.835 -0.214
264.815 -0.215
264.794 -0.216
264.772 -0.217
264.75 -0.218
264.726 -0.219
264.701 -0.22
264.676 -0.221
264.649 -0.222
264.621 -0.223
264.593 -0.224
264.564 -0.225
264.533 -0.226
264.502 -0.227
264.47 -0.228
264.437 -0.229
264.403 -0.23
264.369 -0.231
264.333 -0.232
264.297 -0.233
264.26 -0.234
264.222 -0.235
264.183 -0.236
264.143 -0.237
264.103 -0.238
264.062 -0.239
264.02 -0.24
263.977 -0.241
263.933 -0.242
263.889 -0.243
263.844 -0.244
263.798 -0.245
263.752 -0.246
263.705 -0.247
263.657 -0.248
263.608 -0.249
263.559 -0.25
263.509 -0.251
263.458 -0.252
263.407 -0.253
263.354 -0.254
263.302 -0.255
263.248 -0.256
263.194 -0.257
263.14 -0.258
263.084 -0.259
263.028 -0.26
262.972 -0.261
262.915 -0.262
262.857 -0.263
262.798 -0.264
262.739 -0.265
262.68 -0.266
262.62 -0.267
262.559 -0.268
262.498 -0.269
262.436 -0.27
262.373 -0.271
262.31 -0.272
262.247 -0.273
262.183 -0.274
262.118 -0.275
262.053 -0.276
261.988 -0.277
261.921 -0.278
261.855 -0.279
261.788 -0.28
261.72 -0.281
261.652 -0.282
261.583 -0.283
261.514 -0.284
261.445 -0.285
261.375 -0.286
261.304 -0.287
261.234 -0.288
261.163 -0.289
261.091 -0.29
261.019 -0.291
260.947 -0.292
260.874 -0.293
260.801 -0.294
260.727 -0.295
260.653 -0.296
260.579 -0.297
260.505 -0.298
260.43 -0.299
260.354 -0.3
260.279 -0.301
260.203 -0.302
260.127 -0.303
260.05 -0.304
259.973 -0.305
259.896 -0.306
259.818 -0.307
259.741 -0.308
259.662 -0.309
259.584 -0.31
259.505 -0.311
259.427 -0.312
259.347 -0.313
259.268 -0.314
259.188 -0.315
259.108 -0.316
259.028 -0.317
258.948 -0.318
258.867 -0.319
258.787 -0.32
258.706 -0.321
258.624 -0.322
258.543 -0.323
258.461 -0.324
258.38 -0.325
258.298 -0.326
258.215 -0.327
258.133 -0.328
258.05 -0.329
257.968 -0.33
257.885 -0.331
257.802 -0.332
257.718 -0.333
257.635 -0.334
257.551 -0.335
257.468 -0.336
257.384 -0.337
257.3 -0.338
257.216 -0.339
257.132 -0.34
257.047 -0.341
256.963 -0.342
256.879 -0.343
256.794 -0.344
256.709 -0.345
256.625 -0.346
256.54 -0.347
256.456 -0.348
256.371 -0.349
256.286 -0.35
256.201 -0.351
256.117 -0.352
256.032 -0.353
255.947 -0.354
255.863 -0.355
255.778 -0.356
255.693 -0.357
255.608 -0.358
255.524 -0.359
255.439 -0.36
255.355 -0.361
255.27 -0.362
255.186 -0.363
255.101 -0.364
255.017 -0.365
254.932 -0.366
254.848 -0.367
254.764 -0.368
254.679 -0.369
254.595 -0.37
254.511 -0.371
254.427 -0.372
254.343 -0.373
254.259 -0.374
254.176 -0.375
254.092 -0.376
254.009 -0.377
253.926 -0.378
253.842 -0.379
253.759 -0.38
253.676 -0.381
253.594 -0.382
253.511 -0.383
253.429 -0.384
253.347 -0.385
253.265 -0.386
253.183 -0.387
253.101 -0.388
253.019 -0.389
252.938 -0.39
252.857 -0.391
252.776 -0.392
252.695 -0.393
252.615 -0.394
252.534 -0.395
252.454 -0.396
252.373 -0.397
252.293 -0.398
252.214 -0.399
252.134 -0.4
252.055 -0.401
251.976 -0.402
251.897 -0.403
251.819 -0.404
251.741 -0.405
251.663 -0.406
251.585 -0.407
251.508 -0.408
251.431 -0.409
251.355 -0.41
251.279 -0.411
251.203 -0.412
251.127 -0.413
251.052 -0.414
250.977 -0.415
250.903 -0.416
250.829 -0.417
250.755 -0.418
250.682 -0.419
250.609 -0.42
250.536 -0.421
250.464 -0.422
250.392 -0.423
250.321 -0.424
250.25 -0.425
250.179 -0.426
250.109 -0.427
250.039 -0.428
249.97 -0.429
249.901 -0.43
249.833 -0.431
249.764 -0.432
249.697 -0.433
249.63 -0.434
249.563 -0.435
249.497 -0.436
249.431 -0.437
249.366 -0.438
249.301 -0.439
249.236 -0.44
249.173 -0.441
249.109 -0.442
249.046 -0.443
248.984 -0.444
248.922 -0.445
248.861 -0.446
248.8 -0.447
248.739 -0.448
248.68 -0.449
248.62 -0.45
248.561 -0.451
248.503 -0.452
248.444 -0.453
248.386 -0.454
248.329 -0.455
248.272 -0.456
248.216 -0.457
248.16 -0.458
248.105 -0.459
248.05 -0.46
247.996 -0.461
247.943 -0.462
247.89 -0.463
247.838 -0.464
247.786 -0.465
247.735 -0.466
247.684 -0.467
247.635 -0.468
247.586 -0.469
247.537 -0.47
247.489 -0.471
247.442 -0.472
247.395 -0.473
247.348 -0.474
247.303 -0.475
247.258 -0.476
247.213 -0.477
247.17 -0.478
247.126 -0.479
247.084 -0.48
247.042 -0.481
247.001 -0.482
246.961 -0.483
246.921 -0.484
246.882 -0.485
246.844 -0.486
246.806 -0.487
246.769 -0.488
246.733 -0.489
246.698 -0.49
246.663 -0.491
246.629 -0.492
246.596 -0.493
246.563 -0.494
246.531 -0.495
246.5 -0.496
246.47 -0.497
246.44 -0.498
246.412 -0.499
246.384 -0.5
246.356 -0.501
246.33 -0.502
246.304 -0.503
246.279 -0.504
246.254 -0.505
246.23 -0.506
246.207 -0.507
246.185 -0.508
246.163 -0.509
246.143 -0.51
246.123 -0.511
246.104 -0.512
246.085 -0.513
246.068 -0.514
246.051 -0.515
246.036 -0.516
246.021 -0.517
246.007 -0.518
245.993 -0.519
245.981 -0.52
245.969 -0.521
245.959 -0.522
245.949 -0.523
245.94 -0.524
245.932 -0.525
245.925 -0.526
245.918 -0.527
245.913 -0.528
245.908 -0.529
245.904 -0.53
245.901 -0.531
245.899 -0.532
245.898 -0.533
245.898 -0.534
245.899 -0.535
245.9 -0.536
245.903 -0.537
245.906 -0.538
245.911 -0.539
245.916 -0.54
245.923 -0.541
245.93 -0.542
245.938 -0.543
245.948 -0.544
245.958 -0.545
245.969 -0.546
245.981 -0.547
245.995 -0.548
246.009 -0.549
246.024 -0.55
246.041 -0.551
246.058 -0.552
246.076 -0.553
246.096 -0.554
246.116 -0.555
246.137 -0.556
246.16 -0.557
246.183 -0.558
246.208 -0.559
246.234 -0.56
246.26 -0.561
246.288 -0.562
246.317 -0.563
246.347 -0.564
246.378 -0.565
246.41 -0.566
246.443 -0.567
246.477 -0.568
246.513 -0.569
246.549 -0.57
246.586 -0.571
246.625 -0.572
246.664 -0.573
246.705 -0.574
246.747 -0.575
246.789 -0.576
246.833 -0.577
246.878 -0.578
246.923 -0.579
246.97 -0.58
247.018 -0.581
247.067 -0.582
247.117 -0.583
247.168 -0.584
247.22 -0.585
247.273 -0.586
247.327 -0.587
247.382 -0.588
247.438 -0.589
247.495 -0.59
247.553 -0.591
247.612 -0.592
247.672 -0.593
247.732 -0.594
247.794 -0.595
247.856 -0.596
247.92 -0.597
247.985 -0.598
248.052 -0.599
248.119 -0.6
248.188 -0.601
248.258 -0.602
248.329 -0.603
248.401 -0.604
248.475 -0.605
248.55 -0.606
248.626 -0.607
248.703 -0.608
248.782 -0.609
248.862 -0.61
248.943 -0.611
249.025 -0.612
249.109 -0.613
249.194 -0.614
249.28 -0.615
249.367 -0.616
249.456 -0.617
249.546 -0.618
249.637 -0.619
249.73 -0.62
249.824 -0.621
249.919 -0.622
250.016 -0.623
250.114 -0.624
250.213 -0.625
250.314 -0.626
250.416 -0.627
250.519 -0.628
250.624 -0.629
250.729 -0.63
250.837 -0.631
250.945 -0.632
251.055 -0.633
251.167 -0.634
251.28 -0.635
251.394 -0.636
251.509 -0.637
251.626 -0.638
251.744 -0.639
251.864 -0.64
251.985 -0.641
252.108 -0.642
252.232 -0.643
252.357 -0.644
252.482 -0.645
252.61 -0.646
252.738 -0.647
252.868 -0.648
252.999 -0.649
253.132 -0.65
253.265 -0.651
253.399 -0.652
253.535 -0.653
253.672 -0.654
253.81 -0.655
253.949 -0.656
254.089 -0.657
254.231 -0.658
254.374 -0.659
254.518 -0.66
254.663 -0.661
254.809 -0.662
254.957 -0.663
255.106 -0.664
255.257 -0.665
255.409 -0.666
255.562 -0.667
255.716 -0.668
255.872 -0.669
256.029 -0.67
256.187 -0.671
256.347 -0.672
256.508 -0.673
256.67 -0.674
256.833 -0.675
256.998 -0.676
257.164 -0.677
257.332 -0.678
257.501 -0.679
257.672 -0.68
257.844 -0.681
258.018 -0.682
258.193 -0.683
258.37 -0.684
258.548 -0.685
258.728 -0.686
258.91 -0.687
259.093 -0.688
259.277 -0.689
259.464 -0.69
259.651 -0.691
259.84 -0.692
260.031 -0.693
260.224 -0.694
260.418 -0.695
260.613 -0.696
260.81 -0.697
261.009 -0.698
261.209 -0.699
261.411 -0.7
261.615 -0.701
261.82 -0.702
262.027 -0.703
262.235 -0.704
262.445 -0.705
262.656 -0.706
262.869 -0.707
263.084 -0.708
263.301 -0.709
263.519 -0.71
263.739 -0.711
263.96 -0.712
264.183 -0.713
264.408 -0.714
264.634 -0.715
264.862 -0.716
265.092 -0.717
265.324 -0.718
265.557 -0.719
265.792 -0.72
266.028 -0.721
266.267 -0.722
266.507 -0.723
266.748 -0.724
266.992 -0.725
267.237 -0.726
267.484 -0.727
267.732 -0.728
267.982 -0.729
268.234 -0.73
268.488 -0.731
268.744 -0.732
269.001 -0.733
269.26 -0.734
269.52 -0.735
269.783 -0.736
270.047 -0.737
270.313 -0.738
270.581 -0.739
270.85 -0.74
271.122 -0.741
271.395 -0.742
271.67 -0.743
271.947 -0.744
272.225 -0.745
272.505 -0.746
272.787 -0.747
273.071 -0.748
273.356 -0.749
273.643 -0.75
273.932 -0.751
274.223 -0.752
274.515 -0.753
274.809 -0.754
275.106 -0.755
275.403 -0.756
275.703 -0.757
276.004 -0.758
276.308 -0.759
276.613 -0.76
276.92 -0.761
277.228 -0.762
277.539 -0.763
277.851 -0.764
278.166 -0.765
278.482 -0.766
278.8 -0.767
279.12 -0.768
279.442 -0.769
279.766 -0.77
280.092 -0.771
280.419 -0.772
280.749 -0.773
281.08 -0.774
281.414 -0.775
281.749 -0.776
282.087 -0.777
282.426 -0.778
282.767 -0.779
283.111 -0.78
283.456 -0.781
283.803 -0.782
284.153 -0.783
284.504 -0.784
284.857 -0.785
285.212 -0.786
285.569 -0.787
285.928 -0.788
286.289 -0.789
286.652 -0.79
287.015 -0.791
287.38 -0.792
287.746 -0.793
288.113 -0.794
288.483 -0.795
288.854 -0.796
289.227 -0.797
289.603 -0.798
289.98 -0.799
290.359 -0.8
290.741 -0.801
291.124 -0.802
291.51 -0.803
291.897 -0.804
292.287 -0.805
292.678 -0.806
293.072 -0.807
293.468 -0.808
293.866 -0.809
294.266 -0.81
294.668 -0.811
295.072 -0.812
295.478 -0.813
295.887 -0.814
296.297 -0.815
296.71 -0.816
297.125 -0.817
297.542 -0.818
297.961 -0.819
298.379 -0.82
298.794 -0.821
299.212 -0.822
299.631 -0.823
300.052 -0.824
300.475 -0.825
300.9 -0.826
301.327 -0.827
301.757 -0.828
302.188 -0.829
302.622 -0.83
303.057 -0.831
303.495 -0.832
303.935 -0.833
304.376 -0.834
304.819 -0.835
305.265 -0.836
305.712 -0.837
306.161 -0.838
306.611 -0.839
307.064 -0.84
307.519 -0.841
307.977 -0.842
308.436 -0.843
308.897 -0.844
309.361 -0.845
309.826 -0.846
310.293 -0.847
310.763 -0.848
311.235 -0.849
311.708 -0.85
312.184 -0.851
312.662 -0.852
313.142 -0.853
313.624 -0.854
314.108 -0.855
314.595 -0.856
315.083 -0.857
315.572 -0.858
316.061 -0.859
316.551 -0.86
317.041 -0.861
317.531 -0.862
318.023 -0.863
318.513 -0.864
319.005 -0.865
319.499 -0.866
319.994 -0.867
320.492 -0.868
320.992 -0.869
321.493 -0.87
321.997 -0.871
322.503 -0.872
323.012 -0.873
323.521 -0.874
324.033 -0.875
324.547 -0.876
325.063 -0.877
325.58 -0.878
326.099 -0.879
326.621 -0.88
327.144 -0.881
327.669 -0.882
328.197 -0.883
328.727 -0.884
329.259 -0.885
329.793 -0.886
330.329 -0.887
330.867 -0.888
331.408 -0.889
331.95 -0.89
332.495 -0.891
333.042 -0.892
333.592 -0.893
334.143 -0.894
334.697 -0.895
335.252 -0.896
335.809 -0.897
336.369 -0.898
336.931 -0.899
337.495 -0.9
338.061 -0.901
338.629 -0.902
339.199 -0.903
339.772 -0.904
340.347 -0.905
340.924 -0.906
341.503 -0.907
342.084 -0.908
342.666 -0.909
343.249 -0.91
343.833 -0.911
344.42 -0.912
345.009 -0.913
345.598 -0.914
346.188 -0.915
346.779 -0.916
347.373 -0.917
347.969 -0.918
348.563 -0.919
349.159 -0.92
349.758 -0.921
350.358 -0.922
350.959 -0.923
351.558 -0.924
352.16 -0.925
352.764 -0.926
353.368 -0.927
353.974 -0.928
354.582 -0.929
355.192 -0.93
355.804 -0.931
356.419 -0.932
357.035 -0.933
357.655 -0.934
358.276 -0.935
358.899 -0.936
359.524 -0.937
360.152 -0.938
360.783 -0.939
361.415 -0.94
362.05 -0.941
362.687 -0.942
363.326 -0.943
363.968 -0.944
364.611 -0.945
365.257 -0.946
365.904 -0.947
366.552 -0.948
367.202 -0.949
367.854 -0.95
368.509 -0.951
369.165 -0.952
369.822 -0.953
370.481 -0.954
371.142 -0.955
371.805 -0.956
372.471 -0.957
373.137 -0.958
373.804 -0.959
374.473 -0.96
375.144 -0.961
375.817 -0.962
376.492 -0.963
377.166 -0.964
377.843 -0.965
378.521 -0.966
379.201 -0.967
379.884 -0.968
380.568 -0.969
381.255 -0.97
381.943 -0.971
382.632 -0.972
383.323 -0.973
384.012 -0.974
384.694 -0.975
385.375 -0.976
386.057 -0.977
386.739 -0.978
387.423 -0.979
388.108 -0.98
388.795 -0.981
389.484 -0.982
390.175 -0.983
390.869 -0.984
391.564 -0.985
392.261 -0.986
392.96 -0.987
393.661 -0.988
394.363 -0.989
395.068 -0.99
395.773 -0.991
396.481 -0.992
397.191 -0.993
397.903 -0.994
398.616 -0.995
399.33 -0.996
400.044 -0.997
400.758 -0.998
401.474 -0.999
402.19 -1
402.906 -1.001
403.618 -1.002
404.333 -1.003
405.05 -1.004
405.764 -1.005
406.476 -1.006
407.189 -1.007
407.903 -1.008
408.615 -1.009
409.327 -1.01
410.039 -1.011
410.752 -1.012
411.465 -1.013
412.177 -1.014
412.891 -1.015
413.607 -1.016
414.323 -1.017
415.041 -1.018
415.758 -1.019
416.476 -1.02
417.194 -1.021
417.913 -1.022
418.633 -1.023
419.356 -1.024
420.08 -1.025
420.805 -1.026
421.533 -1.027
422.261 -1.028
422.989 -1.029
423.713 -1.03
424.439 -1.031
425.167 -1.032
425.896 -1.033
426.627 -1.034
427.36 -1.035
428.093 -1.036
428.824 -1.037
429.553 -1.038
430.284 -1.039
431.016 -1.04
431.75 -1.041
432.486 -1.042
433.219 -1.043
433.951 -1.044
434.685 -1.045
435.42 -1.046
436.155 -1.047
436.892 -1.048
437.628 -1.049
438.365 -1.05
439.099 -1.051
439.836 -1.052
440.575 -1.053
441.316 -1.054
442.058 -1.055
442.803 -1.056
443.549 -1.057
444.29 -1.058
445.03 -1.059
445.773 -1.06
446.517 -1.061
447.264 -1.062
448.013 -1.063
448.764 -1.064
449.517 -1.065
450.271 -1.066
451.022 -1.067
451.775 -1.068
452.529 -1.069
453.281 -1.07
454.034 -1.071
454.79 -1.072
455.548 -1.073
456.308 -1.074
457.07 -1.075
457.835 -1.076
458.601 -1.077
459.37 -1.078
460.141 -1.079
460.913 -1.08
461.685 -1.081
462.46 -1.082
463.233 -1.083
464.007 -1.084
464.783 -1.085
465.561 -1.086
466.341 -1.087
467.123 -1.088
467.908 -1.089
468.695 -1.09
469.483 -1.091
470.269 -1.092
471.056 -1.093
471.846 -1.094
472.637 -1.095
473.43 -1.096
474.223 -1.097
475.018 -1.098
475.816 -1.099
476.615 -1.1
477.413 -1.101
478.21 -1.102
479.01 -1.103
479.811 -1.104
480.615 -1.105
481.42 -1.106
482.228 -1.107
483.039 -1.108
483.851 -1.109
484.666 -1.11
485.479 -1.111
486.287 -1.112
487.096 -1.113
487.907 -1.114
488.72 -1.115
489.536 -1.116
490.353 -1.117
491.173 -1.118
491.995 -1.119
492.819 -1.12
493.645 -1.121
494.469 -1.122
495.292 -1.123
496.118 -1.124
496.945 -1.125
497.774 -1.126
498.602 -1.127
499.43 -1.128
500.26 -1.129
501.092 -1.13
501.927 -1.131
502.759 -1.132
503.593 -1.133
504.429 -1.134
505.268 -1.135
506.106 -1.136
506.945 -1.137
507.785 -1.138
508.627 -1.139
509.47 -1.14
510.316 -1.141
511.16 -1.142
512.004 -1.143
512.849 -1.144
513.695 -1.145
514.542 -1.146
515.388 -1.147
516.235 -1.148
517.083 -1.149
517.934 -1.15
518.785 -1.151
519.634 -1.152
520.486 -1.153
521.339 -1.154
522.189 -1.155
523.04 -1.156
523.893 -1.157
524.746 -1.158
525.594 -1.159
526.443 -1.16
527.293 -1.161
528.145 -1.162
528.997 -1.163
529.851 -1.164
530.706 -1.165
531.563 -1.166
532.419 -1.167
533.278 -1.168
534.137 -1.169
534.996 -1.17
535.851 -1.171
536.706 -1.172
537.561 -1.173
538.407 -1.174
539.251 -1.175
540.096 -1.176
540.935 -1.177
541.769 -1.178
542.603 -1.179
543.427 -1.18
544.243 -1.181
545.059 -1.182
545.874 -1.183
546.676 -1.184
547.475 -1.185
548.274 -1.186
549.045 -1.187
549.778 -1.188
550.457 -1.189
551.043 -1.19
551.607 -1.191
552.171 -1.192
552.737 -1.193
553.303 -1.194
553.87 -1.195
554.437 -1.196
555.005 -1.197
555.573 -1.198
556.141 -1.199
556.711 -1.2
