18.6514 -0.001
37.2735 -0.002
55.8661 -0.003
74.4287 -0.004
92.9608 -0.005
111.462 -0.006
129.932 -0.007
148.37 -0.008
166.776 -0.009
185.149 -0.01
203.488 -0.011
221.794 -0.012
240.065 -0.013
258.301 -0.014
275.128 -0.015
287.858 -0.016
300.342 -0.017
312.692 -0.018
325 -0.019
337.29 -0.02
349.594 -0.021
361.799 -0.022
373.415 -0.023
383.902 -0.024
393.449 -0.025
402.915 -0.026
412.287 -0.027
421.563 -0.028
430.805 -0.029
440.036 -0.03
449.243 -0.031
458.437 -0.032
467.621 -0.033
476.783 -0.034
485.93 -0.035
495.031 -0.036
504.108 -0.037
513.167 -0.038
522.18 -0.039
531.178 -0.04
540.148 -0.041
549.084 -0.042
557.999 -0.043
566.892 -0.044
575.775 -0.045
584.648 -0.046
593.51 -0.047
602.335 -0.048
610.707 -0.049
618.314 -0.05
624.628 -0.051
628.701 -0.052
632.104 -0.053
635.496 -0.054
638.871 -0.055
642.219 -0.056
645.543 -0.057
648.765 -0.058
651.826 -0.059
654.633 -0.06
657.313 -0.061
659.539 -0.062
661.538 -0.063
662.832 -0.064
663.504 -0.065
664.127 -0.066
664.748 -0.067
665.345 -0.068
665.861 -0.069
666.346 -0.07
666.798 -0.071
667.243 -0.072
667.674 -0.073
668.095 -0.074
668.514 -0.075
668.933 -0.076
669.35 -0.077
669.765 -0.078
670.177 -0.079
670.589 -0.08
670.999 -0.081
671.408 -0.082
671.814 -0.083
672.218 -0.084
672.619 -0.085
673.013 -0.086
673.401 -0.087
673.787 -0.088
674.168 -0.089
674.544 -0.09
674.906 -0.091
675.246 -0.092
675.582 -0.093
675.918 -0.094
676.252 -0.095
676.586 -0.096
676.919 -0.097
677.24 -0.098
677.546 -0.099
677.839 -0.1
678.131 -0.101
678.422 -0.102
678.712 -0.103
679.002 -0.104
679.29 -0.105
679.569 -0.106
679.835 -0.107
680.092 -0.108
680.345 -0.109
680.597 -0.11
680.839 -0.111
681.074 -0.112
681.303 -0.113
681.527 -0.114
681.75 -0.115
681.973 -0.116
682.195 -0.117
682.417 -0.118
682.639 -0.119
682.86 -0.12
683.08 -0.121
683.3 -0.122
683.52 -0.123
683.739 -0.124
683.958 -0.125
684.176 -0.126
684.394 -0.127
684.612 -0.128
684.829 -0.129
685.045 -0.13
685.261 -0.131
685.476 -0.132
685.691 -0.133
685.905 -0.134
686.118 -0.135
686.33 -0.136
686.542 -0.137
686.753 -0.138
686.964 -0.139
687.174 -0.14
687.383 -0.141
687.592 -0.142
687.8 -0.143
688.008 -0.144
688.215 -0.145
688.422 -0.146
688.628 -0.147
688.834 -0.148
689.039 -0.149
689.244 -0.15
689.447 -0.151
689.65 -0.152
689.852 -0.153
690.052 -0.154
690.252 -0.155
690.452 -0.156
690.65 -0.157
690.848 -0.158
691.044 -0.159
691.241 -0.16
691.436 -0.161
691.63 -0.162
691.824 -0.163
692.018 -0.164
692.211 -0.165
692.403 -0.166
692.595 -0.167
692.786 -0.168
692.977 -0.169
693.168 -0.17
693.358 -0.171
693.547 -0.172
693.736 -0.173
693.925 -0.174
694.112 -0.175
694.3 -0.176
694.487 -0.177
694.673 -0.178
694.858 -0.179
695.044 -0.18
695.228 -0.181
695.412 -0.182
695.594 -0.183
695.777 -0.184
695.958 -0.185
696.138 -0.186
696.317 -0.187
696.495 -0.188
696.672 -0.189
696.849 -0.19
697.024 -0.191
697.199 -0.192
697.373 -0.193
697.546 -0.194
697.719 -0.195
697.891 -0.196
698.063 -0.197
698.233 -0.198
698.403 -0.199
698.573 -0.2
698.743 -0.201
698.912 -0.202
699.08 -0.203
699.249 -0.204
699.416 -0.205
699.584 -0.206
699.751 -0.207
699.917 -0.208
700.084 -0.209
700.249 -0.21
700.415 -0.211
700.58 -0.212
700.744 -0.213
700.908 -0.214
701.072 -0.215
701.235 -0.216
701.398 -0.217
701.561 -0.218
701.723 -0.219
701.885 -0.22
702.046 -0.221
702.207 -0.222
702.368 -0.223
702.528 -0.224
702.688 -0.225
702.848 -0.226
703.007 -0.227
703.166 -0.228
703.325 -0.229
703.483 -0.23
703.641 -0.231
703.799 -0.232
703.957 -0.233
704.115 -0.234
704.272 -0.235
704.429 -0.236
704.586 -0.237
704.742 -0.238
704.898 -0.239
705.053 -0.24
705.208 -0.241
705.363 -0.242
705.517 -0.243
705.671 -0.244
705.825 -0.245
705.978 -0.246
706.131 -0.247
706.284 -0.248
706.437 -0.249
706.589 -0.25
706.742 -0.251
706.894 -0.252
707.045 -0.253
707.197 -0.254
707.348 -0.255
707.499 -0.256
707.65 -0.257
707.801 -0.258
707.951 -0.259
708.101 -0.26
708.251 -0.261
708.4 -0.262
708.55 -0.263
708.699 -0.264
708.848 -0.265
708.997 -0.266
709.145 -0.267
709.293 -0.268
709.441 -0.269
709.589 -0.27
709.737 -0.271
709.885 -0.272
710.032 -0.273
710.18 -0.274
710.327 -0.275
710.474 -0.276
710.621 -0.277
710.768 -0.278
710.915 -0.279
711.062 -0.28
711.209 -0.281
711.355 -0.282
711.502 -0.283
711.648 -0.284
711.794 -0.285
711.94 -0.286
712.086 -0.287
712.232 -0.288
712.377 -0.289
712.523 -0.29
712.668 -0.291
712.813 -0.292
712.958 -0.293
713.102 -0.294
713.247 -0.295
713.391 -0.296
713.534 -0.297
713.677 -0.298
713.819 -0.299
713.961 -0.3
713.972 -0.301
714.193 -0.302
714.349 -0.303
714.377 -0.304
714.599 -0.305
714.748 -0.306
714.894 -0.307
715.039 -0.308
715.183 -0.309
715.328 -0.31
715.471 -0.311
715.615 -0.312
715.758 -0.313
715.902 -0.314
716.045 -0.315
716.189 -0.316
716.332 -0.317
716.475 -0.318
716.618 -0.319
716.761 -0.32
716.904 -0.321
717.047 -0.322
717.19 -0.323
717.333 -0.324
717.476 -0.325
717.619 -0.326
717.761 -0.327
717.904 -0.328
718.046 -0.329
718.189 -0.33
718.332 -0.331
718.474 -0.332
718.617 -0.333
718.76 -0.334
718.902 -0.335
719.044 -0.336
719.187 -0.337
719.329 -0.338
719.471 -0.339
719.613 -0.34
719.755 -0.341
719.898 -0.342
720.04 -0.343
720.182 -0.344
720.324 -0.345
720.466 -0.346
720.608 -0.347
720.75 -0.348
720.892 -0.349
721.034 -0.35
721.176 -0.351
721.318 -0.352
721.461 -0.353
721.603 -0.354
721.745 -0.355
721.887 -0.356
722.029 -0.357
722.171 -0.358
722.313 -0.359
722.456 -0.36
722.598 -0.361
722.74 -0.362
722.882 -0.363
723.025 -0.364
723.167 -0.365
723.309 -0.366
723.452 -0.367
723.594 -0.368
723.737 -0.369
723.879 -0.37
724.022 -0.371
724.164 -0.372
724.307 -0.373
724.45 -0.374
724.592 -0.375
724.735 -0.376
724.878 -0.377
725.02 -0.378
725.163 -0.379
725.306 -0.38
725.449 -0.381
725.592 -0.382
725.734 -0.383
725.877 -0.384
726.02 -0.385
726.162 -0.386
726.304 -0.387
726.446 -0.388
726.588 -0.389
726.73 -0.39
726.872 -0.391
727.014 -0.392
727.156 -0.393
727.298 -0.394
727.44 -0.395
727.582 -0.396
727.724 -0.397
727.865 -0.398
728.007 -0.399
728.149 -0.4
728.291 -0.401
728.433 -0.402
728.574 -0.403
728.716 -0.404
728.857 -0.405
728.999 -0.406
729.14 -0.407
729.282 -0.408
729.423 -0.409
729.564 -0.41
729.705 -0.411
729.846 -0.412
729.987 -0.413
730.129 -0.414
730.271 -0.415
730.414 -0.416
730.556 -0.417
730.698 -0.418
730.84 -0.419
730.983 -0.42
731.127 -0.421
731.27 -0.422
731.414 -0.423
731.557 -0.424
731.701 -0.425
731.845 -0.426
731.988 -0.427
732.132 -0.428
732.275 -0.429
732.419 -0.43
732.562 -0.431
732.706 -0.432
732.849 -0.433
732.993 -0.434
733.137 -0.435
733.28 -0.436
733.424 -0.437
733.567 -0.438
733.704 -0.439
733.834 -0.44
733.955 -0.441
734.071 -0.442
734.178 -0.443
734.268 -0.444
734.331 -0.445
734.354 -0.446
734.317 -0.447
734.188 -0.448
733.982 -0.449
733.767 -0.45
733.551 -0.451
733.336 -0.452
733.205 -0.453
733.125 -0.454
733.044 -0.455
732.964 -0.456
732.879 -0.457
732.782 -0.458
732.758 -0.459
732.781 -0.46
732.804 -0.461
732.825 -0.462
732.844 -0.463
732.862 -0.464
732.878 -0.465
732.892 -0.466
732.905 -0.467
732.915 -0.468
732.923 -0.469
732.928 -0.47
732.931 -0.471
732.93 -0.472
732.982 -0.473
733.287 -0.474
733.71 -0.475
734.133 -0.476
734.556 -0.477
734.98 -0.478
735.362 -0.479
735.635 -0.48
735.874 -0.481
736.111 -0.482
736.347 -0.483
736.58 -0.484
736.811 -0.485
737.039 -0.486
737.263 -0.487
737.484 -0.488
737.701 -0.489
737.912 -0.49
738.123 -0.491
738.33 -0.492
738.527 -0.493
738.711 -0.494
738.871 -0.495
738.974 -0.496
738.982 -0.497
738.942 -0.498
738.889 -0.499
738.827 -0.5
739.003 -0.501
739.363 -0.502
739.636 -0.503
739.887 -0.504
740.137 -0.505
740.387 -0.506
740.637 -0.507
740.888 -0.508
741.127 -0.509
741.308 -0.51
741.453 -0.511
741.598 -0.512
741.743 -0.513
741.888 -0.514
742.033 -0.515
742.178 -0.516
742.324 -0.517
742.47 -0.518
742.616 -0.519
742.762 -0.52
742.908 -0.521
743.055 -0.522
743.201 -0.523
743.347 -0.524
743.494 -0.525
743.64 -0.526
743.787 -0.527
743.933 -0.528
744.08 -0.529
744.227 -0.53
744.374 -0.531
744.521 -0.532
744.668 -0.533
744.815 -0.534
744.962 -0.535
745.109 -0.536
745.256 -0.537
745.403 -0.538
745.55 -0.539
745.697 -0.54
745.844 -0.541
745.991 -0.542
746.139 -0.543
746.286 -0.544
746.433 -0.545
746.58 -0.546
746.728 -0.547
746.875 -0.548
747.023 -0.549
747.17 -0.55
747.318 -0.551
747.465 -0.552
747.613 -0.553
747.761 -0.554
747.908 -0.555
748.055 -0.556
748.202 -0.557
748.348 -0.558
748.495 -0.559
748.642 -0.56
748.789 -0.561
748.935 -0.562
749.082 -0.563
749.229 -0.564
749.376 -0.565
749.523 -0.566
749.67 -0.567
749.818 -0.568
749.965 -0.569
750.112 -0.57
750.26 -0.571
750.407 -0.572
750.555 -0.573
750.703 -0.574
750.85 -0.575
750.998 -0.576
751.145 -0.577
751.293 -0.578
751.44 -0.579
751.588 -0.58
751.736 -0.581
751.884 -0.582
752.032 -0.583
752.18 -0.584
752.328 -0.585
752.476 -0.586
752.624 -0.587
752.772 -0.588
752.921 -0.589
753.069 -0.59
753.218 -0.591
753.367 -0.592
753.515 -0.593
753.663 -0.594
753.812 -0.595
753.96 -0.596
754.108 -0.597
754.257 -0.598
754.406 -0.599
754.554 -0.6
754.703 -0.601
754.852 -0.602
755 -0.603
755.149 -0.604
755.297 -0.605
755.446 -0.606
755.595 -0.607
755.744 -0.608
755.893 -0.609
756.042 -0.61
756.191 -0.611
756.34 -0.612
756.489 -0.613
756.639 -0.614
756.788 -0.615
756.938 -0.616
757.087 -0.617
757.237 -0.618
757.387 -0.619
757.536 -0.62
757.685 -0.621
757.834 -0.622
757.983 -0.623
758.132 -0.624
758.28 -0.625
758.429 -0.626
758.578 -0.627
758.727 -0.628
758.876 -0.629
759.026 -0.63
759.175 -0.631
759.324 -0.632
759.474 -0.633
759.623 -0.634
759.773 -0.635
759.922 -0.636
760.072 -0.637
760.222 -0.638
760.372 -0.639
760.521 -0.64
760.671 -0.641
760.821 -0.642
760.971 -0.643
761.122 -0.644
761.272 -0.645
761.422 -0.646
761.573 -0.647
761.725 -0.648
761.877 -0.649
762.029 -0.65
762.182 -0.651
762.334 -0.652
762.486 -0.653
762.638 -0.654
762.79 -0.655
762.942 -0.656
763.094 -0.657
763.246 -0.658
763.399 -0.659
763.551 -0.66
763.704 -0.661
763.856 -0.662
764.009 -0.663
764.162 -0.664
764.315 -0.665
764.468 -0.666
764.621 -0.667
764.774 -0.668
764.927 -0.669
765.081 -0.67
765.234 -0.671
765.388 -0.672
765.541 -0.673
765.695 -0.674
765.848 -0.675
766.001 -0.676
766.154 -0.677
766.307 -0.678
766.46 -0.679
766.613 -0.68
766.766 -0.681
766.919 -0.682
767.073 -0.683
767.226 -0.684
767.38 -0.685
767.534 -0.686
767.688 -0.687
767.842 -0.688
767.996 -0.689
768.15 -0.69
768.304 -0.691
768.458 -0.692
768.611 -0.693
768.764 -0.694
768.917 -0.695
769.07 -0.696
769.223 -0.697
769.377 -0.698
769.53 -0.699
769.684 -0.7
