20.9637 -0.001
41.6544 -0.002
62.0695 -0.003
82.2062 -0.004
102.062 -0.005
121.632 -0.006
140.914 -0.007
159.904 -0.008
178.596 -0.009
196.987 -0.01
215.069 -0.011
232.699 -0.012
248.373 -0.013
262.893 -0.014
277.097 -0.015
290.972 -0.016
304.485 -0.017
317.336 -0.018
329.317 -0.019
340.583 -0.02
351.172 -0.021
361.331 -0.022
371.241 -0.023
380.848 -0.024
390.002 -0.025
398.931 -0.026
407.624 -0.027
415.962 -0.028
424.097 -0.029
432.002 -0.03
439.696 -0.031
447.22 -0.032
454.575 -0.033
461.781 -0.034
468.887 -0.035
475.893 -0.036
482.77 -0.037
489.506 -0.038
496.129 -0.039
502.659 -0.04
509.122 -0.041
515.54 -0.042
521.927 -0.043
528.278 -0.044
534.611 -0.045
540.915 -0.046
547.194 -0.047
553.444 -0.048
559.67 -0.049
565.867 -0.05
572.041 -0.051
578.187 -0.052
584.262 -0.053
590.057 -0.054
595.276 -0.055
599.772 -0.056
603.566 -0.057
605.857 -0.058
607.495 -0.059
609.113 -0.06
610.742 -0.061
612.402 -0.062
614.075 -0.063
615.72 -0.064
617.351 -0.065
618.975 -0.066
620.563 -0.067
622.124 -0.068
623.601 -0.069
625.076 -0.07
626.454 -0.071
627.682 -0.072
628.939 -0.073
630.056 -0.074
630.864 -0.075
631.665 -0.076
632.36 -0.077
632.544 -0.078
632.576 -0.079
632.19 -0.08
631.795 -0.081
631.388 -0.082
630.988 -0.083
630.584 -0.084
630.199 -0.085
629.831 -0.086
629.46 -0.087
629.078 -0.088
628.7 -0.089
628.326 -0.09
627.958 -0.091
627.572 -0.092
627.154 -0.093
626.738 -0.094
626.324 -0.095
625.911 -0.096
625.485 -0.097
625.029 -0.098
624.575 -0.099
624.12 -0.1
623.645 -0.101
623.172 -0.102
622.708 -0.103
622.253 -0.104
621.814 -0.105
621.39 -0.106
620.978 -0.107
620.58 -0.108
620.194 -0.109
619.815 -0.11
619.444 -0.111
619.076 -0.112
618.714 -0.113
618.357 -0.114
618.004 -0.115
617.659 -0.116
617.316 -0.117
616.979 -0.118
616.638 -0.119
616.3 -0.12
615.968 -0.121
615.637 -0.122
615.308 -0.123
614.985 -0.124
614.664 -0.125
614.35 -0.126
614.027 -0.127
613.706 -0.128
613.393 -0.129
613.084 -0.13
612.781 -0.131
612.485 -0.132
612.193 -0.133
611.906 -0.134
611.622 -0.135
611.341 -0.136
611.064 -0.137
610.779 -0.138
610.48 -0.139
610.184 -0.14
609.896 -0.141
609.612 -0.142
609.332 -0.143
609.057 -0.144
608.789 -0.145
608.525 -0.146
608.265 -0.147
608.012 -0.148
607.764 -0.149
607.517 -0.15
607.258 -0.151
607.004 -0.152
606.755 -0.153
606.51 -0.154
606.269 -0.155
606.033 -0.156
605.802 -0.157
605.575 -0.158
605.342 -0.159
605.113 -0.16
604.883 -0.161
604.654 -0.162
604.429 -0.163
604.206 -0.164
603.989 -0.165
603.777 -0.166
603.569 -0.167
603.365 -0.168
603.167 -0.169
602.974 -0.17
602.786 -0.171
602.604 -0.172
602.422 -0.173
602.243 -0.174
602.066 -0.175
601.895 -0.176
601.729 -0.177
601.568 -0.178
601.412 -0.179
601.253 -0.18
601.089 -0.181
600.923 -0.182
600.747 -0.183
600.569 -0.184
600.396 -0.185
600.226 -0.186
600.056 -0.187
599.886 -0.188
599.715 -0.189
599.546 -0.19
599.379 -0.191
599.212 -0.192
599.049 -0.193
598.89 -0.194
598.731 -0.195
598.565 -0.196
598.403 -0.197
598.245 -0.198
598.09 -0.199
597.94 -0.2
597.792 -0.201
597.643 -0.202
597.493 -0.203
597.347 -0.204
597.205 -0.205
597.067 -0.206
596.929 -0.207
596.794 -0.208
596.662 -0.209
596.532 -0.21
596.406 -0.211
596.283 -0.212
596.161 -0.213
596.041 -0.214
595.922 -0.215
595.808 -0.216
595.697 -0.217
595.59 -0.218
595.484 -0.219
595.382 -0.22
595.285 -0.221
595.192 -0.222
595.102 -0.223
595.011 -0.224
594.92 -0.225
594.834 -0.226
594.752 -0.227
594.674 -0.228
594.601 -0.229
594.533 -0.23
594.469 -0.231
594.404 -0.232
594.343 -0.233
594.286 -0.234
594.235 -0.235
594.188 -0.236
594.146 -0.237
594.107 -0.238
594.067 -0.239
594.029 -0.24
593.995 -0.241
593.967 -0.242
593.943 -0.243
593.924 -0.244
593.907 -0.245
593.887 -0.246
593.866 -0.247
593.85 -0.248
593.838 -0.249
593.832 -0.25
593.828 -0.251
593.821 -0.252
593.817 -0.253
593.816 -0.254
593.815 -0.255
593.819 -0.256
593.826 -0.257
593.835 -0.258
593.846 -0.259
593.858 -0.26
593.864 -0.261
593.873 -0.262
593.884 -0.263
593.894 -0.264
593.906 -0.265
593.916 -0.266
593.919 -0.267
593.92 -0.268
593.926 -0.269
593.936 -0.27
593.941 -0.271
593.938 -0.272
593.935 -0.273
593.931 -0.274
593.927 -0.275
593.928 -0.276
593.921 -0.277
593.911 -0.278
593.899 -0.279
593.888 -0.28
593.88 -0.281
593.875 -0.282
593.874 -0.283
593.875 -0.284
593.876 -0.285
593.881 -0.286
593.889 -0.287
593.901 -0.288
593.914 -0.289
593.929 -0.29
593.945 -0.291
593.962 -0.292
593.984 -0.293
594.009 -0.294
594.037 -0.295
594.07 -0.296
594.106 -0.297
594.144 -0.298
594.184 -0.299
594.228 -0.3
594.276 -0.301
594.327 -0.302
594.383 -0.303
594.443 -0.304
594.507 -0.305
594.575 -0.306
594.647 -0.307
594.72 -0.308
594.797 -0.309
594.879 -0.31
594.965 -0.311
595.052 -0.312
595.139 -0.313
595.23 -0.314
595.325 -0.315
595.418 -0.316
595.513 -0.317
595.606 -0.318
595.7 -0.319
595.792 -0.32
595.889 -0.321
595.989 -0.322
596.086 -0.323
596.187 -0.324
596.291 -0.325
596.393 -0.326
596.491 -0.327
596.593 -0.328
596.688 -0.329
596.78 -0.33
596.87 -0.331
596.962 -0.332
597.052 -0.333
597.143 -0.334
597.237 -0.335
597.33 -0.336
597.426 -0.337
597.522 -0.338
597.62 -0.339
597.721 -0.34
597.825 -0.341
597.925 -0.342
598.028 -0.343
598.135 -0.344
598.243 -0.345
598.35 -0.346
598.46 -0.347
598.574 -0.348
598.685 -0.349
598.799 -0.35
598.916 -0.351
599.036 -0.352
599.154 -0.353
599.276 -0.354
599.401 -0.355
599.523 -0.356
599.645 -0.357
599.771 -0.358
599.9 -0.359
600.024 -0.36
600.152 -0.361
600.282 -0.362
600.417 -0.363
600.555 -0.364
600.694 -0.365
600.837 -0.366
600.983 -0.367
601.134 -0.368
601.288 -0.369
601.447 -0.37
601.609 -0.371
601.775 -0.372
601.945 -0.373
602.117 -0.374
602.292 -0.375
602.473 -0.376
602.657 -0.377
602.846 -0.378
603.039 -0.379
603.231 -0.38
603.427 -0.381
603.626 -0.382
603.822 -0.383
604.022 -0.384
604.226 -0.385
604.429 -0.386
604.635 -0.387
604.846 -0.388
605.056 -0.389
605.27 -0.39
605.486 -0.391
605.7 -0.392
605.918 -0.393
606.14 -0.394
606.361 -0.395
606.587 -0.396
606.818 -0.397
607.053 -0.398
607.292 -0.399
607.536 -0.4
607.784 -0.401
608.037 -0.402
608.295 -0.403
608.557 -0.404
608.824 -0.405
609.094 -0.406
609.366 -0.407
609.641 -0.408
609.917 -0.409
610.197 -0.41
610.478 -0.411
610.762 -0.412
611.05 -0.413
611.339 -0.414
611.633 -0.415
611.927 -0.416
612.225 -0.417
612.526 -0.418
612.829 -0.419
613.136 -0.42
613.448 -0.421
613.764 -0.422
614.084 -0.423
614.408 -0.424
614.737 -0.425
615.07 -0.426
615.408 -0.427
615.751 -0.428
616.099 -0.429
616.451 -0.43
616.808 -0.431
617.169 -0.432
617.536 -0.433
617.906 -0.434
618.282 -0.435
618.663 -0.436
619.049 -0.437
619.44 -0.438
619.835 -0.439
620.235 -0.44
620.638 -0.441
621.045 -0.442
621.457 -0.443
621.874 -0.444
622.295 -0.445
622.722 -0.446
623.154 -0.447
623.588 -0.448
624.026 -0.449
624.468 -0.45
624.914 -0.451
625.364 -0.452
625.817 -0.453
626.276 -0.454
626.737 -0.455
627.201 -0.456
627.671 -0.457
628.144 -0.458
628.622 -0.459
629.104 -0.46
629.589 -0.461
630.074 -0.462
630.563 -0.463
631.057 -0.464
631.555 -0.465
632.056 -0.466
632.562 -0.467
633.072 -0.468
633.581 -0.469
634.091 -0.47
634.607 -0.471
635.127 -0.472
635.651 -0.473
636.178 -0.474
636.707 -0.475
637.239 -0.476
637.754 -0.477
638.262 -0.478
638.769 -0.479
639.275 -0.48
639.778 -0.481
640.274 -0.482
640.768 -0.483
641.263 -0.484
641.763 -0.485
642.265 -0.486
642.772 -0.487
643.284 -0.488
643.801 -0.489
644.317 -0.49
644.836 -0.491
645.357 -0.492
645.878 -0.493
646.4 -0.494
646.926 -0.495
647.446 -0.496
647.965 -0.497
648.486 -0.498
649.001 -0.499
649.518 -0.5
650.034 -0.501
650.547 -0.502
651.06 -0.503
651.567 -0.504
652.074 -0.505
652.575 -0.506
653.065 -0.507
653.542 -0.508
654.02 -0.509
654.5 -0.51
654.983 -0.511
655.465 -0.512
655.95 -0.513
656.436 -0.514
656.924 -0.515
657.414 -0.516
657.908 -0.517
658.405 -0.518
658.903 -0.519
659.405 -0.52
659.91 -0.521
660.417 -0.522
660.929 -0.523
661.443 -0.524
661.96 -0.525
662.478 -0.526
662.999 -0.527
663.522 -0.528
664.048 -0.529
664.577 -0.53
665.11 -0.531
665.643 -0.532
666.18 -0.533
666.721 -0.534
667.265 -0.535
667.813 -0.536
668.364 -0.537
668.916 -0.538
669.47 -0.539
670.028 -0.54
670.59 -0.541
671.155 -0.542
671.724 -0.543
672.297 -0.544
672.874 -0.545
673.455 -0.546
674.039 -0.547
674.625 -0.548
675.214 -0.549
675.808 -0.55
676.405 -0.551
677.006 -0.552
677.61 -0.553
678.218 -0.554
678.828 -0.555
679.442 -0.556
680.06 -0.557
680.682 -0.558
681.308 -0.559
681.937 -0.56
682.567 -0.561
683.198 -0.562
683.827 -0.563
684.457 -0.564
685.086 -0.565
685.715 -0.566
686.345 -0.567
686.975 -0.568
687.607 -0.569
688.241 -0.57
688.879 -0.571
689.516 -0.572
690.149 -0.573
690.784 -0.574
691.413 -0.575
692.041 -0.576
692.671 -0.577
693.304 -0.578
693.927 -0.579
694.523 -0.58
695.105 -0.581
695.691 -0.582
696.278 -0.583
696.864 -0.584
697.448 -0.585
698.035 -0.586
698.621 -0.587
699.206 -0.588
699.794 -0.589
700.385 -0.59
700.978 -0.591
701.575 -0.592
702.176 -0.593
702.778 -0.594
703.382 -0.595
703.986 -0.596
704.592 -0.597
705.197 -0.598
705.804 -0.599
706.413 -0.6
