8.30159 -0.001
16.5934 -0.002
24.8755 -0.003
33.1476 -0.004
41.4098 -0.005
49.6619 -0.006
57.9038 -0.007
66.1355 -0.008
74.3568 -0.009
82.5676 -0.01
90.768 -0.011
98.9576 -0.012
107.137 -0.013
115.305 -0.014
123.462 -0.015
131.608 -0.016
139.743 -0.017
147.866 -0.018
155.978 -0.019
164.079 -0.02
172.167 -0.021
180.245 -0.022
188.297 -0.023
195.776 -0.024
201.612 -0.025
206.924 -0.026
212.195 -0.027
217.405 -0.028
222.578 -0.029
227.744 -0.03
232.905 -0.031
238.058 -0.032
243.207 -0.033
248.362 -0.034
253.492 -0.035
258.496 -0.036
263.321 -0.037
267.88 -0.038
271.913 -0.039
275.708 -0.04
279.47 -0.041
283.002 -0.042
286.093 -0.043
288.453 -0.044
289.955 -0.045
291.432 -0.046
292.897 -0.047
294.348 -0.048
295.784 -0.049
297.173 -0.05
298.432 -0.051
299.65 -0.052
300.653 -0.053
301.494 -0.054
301.992 -0.055
302.343 -0.056
302.685 -0.057
302.99 -0.058
303.269 -0.059
303.528 -0.06
303.778 -0.061
304.007 -0.062
304.231 -0.063
304.454 -0.064
304.676 -0.065
304.878 -0.066
305.08 -0.067
305.28 -0.068
305.469 -0.069
305.657 -0.07
305.844 -0.071
306.031 -0.072
306.215 -0.073
306.395 -0.074
306.575 -0.075
306.755 -0.076
306.93 -0.077
307.097 -0.078
307.263 -0.079
307.428 -0.08
307.592 -0.081
307.756 -0.082
307.917 -0.083
308.07 -0.084
308.217 -0.085
308.364 -0.086
308.51 -0.087
308.655 -0.088
308.801 -0.089
308.942 -0.09
309.078 -0.091
309.209 -0.092
309.339 -0.093
309.469 -0.094
309.595 -0.095
309.718 -0.096
309.839 -0.097
309.96 -0.098
310.08 -0.099
310.2 -0.1
310.319 -0.101
310.439 -0.102
310.557 -0.103
310.676 -0.104
310.794 -0.105
310.911 -0.106
311.029 -0.107
311.146 -0.108
311.262 -0.109
311.378 -0.11
311.494 -0.111
311.61 -0.112
311.725 -0.113
311.84 -0.114
311.954 -0.115
312.067 -0.116
312.179 -0.117
312.291 -0.118
312.402 -0.119
312.511 -0.12
312.619 -0.121
312.726 -0.122
312.833 -0.123
312.94 -0.124
313.046 -0.125
313.153 -0.126
313.258 -0.127
313.359 -0.128
313.46 -0.129
313.561 -0.13
313.658 -0.131
313.752 -0.132
313.845 -0.133
313.939 -0.134
314.032 -0.135
314.124 -0.136
314.216 -0.137
314.308 -0.138
314.399 -0.139
314.489 -0.14
314.579 -0.141
314.669 -0.142
314.759 -0.143
314.848 -0.144
314.937 -0.145
315.025 -0.146
315.113 -0.147
315.201 -0.148
315.288 -0.149
315.375 -0.15
315.462 -0.151
315.549 -0.152
315.635 -0.153
315.72 -0.154
315.803 -0.155
315.886 -0.156
315.968 -0.157
316.048 -0.158
316.127 -0.159
316.207 -0.16
316.286 -0.161
316.365 -0.162
316.443 -0.163
316.521 -0.164
316.599 -0.165
316.677 -0.166
316.754 -0.167
316.831 -0.168
316.908 -0.169
316.984 -0.17
317.06 -0.171
317.136 -0.172
317.212 -0.173
317.287 -0.174
317.362 -0.175
317.436 -0.176
317.511 -0.177
317.585 -0.178
317.658 -0.179
317.732 -0.18
317.805 -0.181
317.878 -0.182
317.951 -0.183
318.023 -0.184
318.096 -0.185
318.167 -0.186
318.239 -0.187
318.311 -0.188
318.382 -0.189
318.453 -0.19
318.524 -0.191
318.595 -0.192
318.666 -0.193
318.736 -0.194
318.807 -0.195
318.877 -0.196
318.948 -0.197
319.018 -0.198
319.088 -0.199
319.158 -0.2
319.227 -0.201
319.297 -0.202
319.366 -0.203
319.435 -0.204
319.504 -0.205
319.573 -0.206
319.642 -0.207
319.711 -0.208
319.78 -0.209
319.848 -0.21
319.917 -0.211
319.985 -0.212
320.053 -0.213
320.121 -0.214
320.189 -0.215
320.257 -0.216
320.324 -0.217
320.392 -0.218
320.459 -0.219
320.527 -0.22
320.594 -0.221
320.661 -0.222
320.729 -0.223
320.796 -0.224
320.863 -0.225
320.93 -0.226
320.997 -0.227
321.065 -0.228
321.132 -0.229
321.199 -0.23
321.266 -0.231
321.333 -0.232
321.399 -0.233
321.466 -0.234
321.533 -0.235
321.6 -0.236
321.667 -0.237
321.733 -0.238
321.8 -0.239
321.866 -0.24
321.933 -0.241
321.999 -0.242
322.066 -0.243
322.132 -0.244
322.198 -0.245
322.264 -0.246
322.331 -0.247
322.397 -0.248
322.463 -0.249
322.529 -0.25
322.595 -0.251
322.661 -0.252
322.727 -0.253
322.792 -0.254
322.858 -0.255
322.924 -0.256
322.99 -0.257
323.055 -0.258
323.121 -0.259
323.187 -0.26
323.253 -0.261
323.318 -0.262
323.384 -0.263
323.449 -0.264
323.515 -0.265
323.58 -0.266
323.646 -0.267
323.711 -0.268
323.777 -0.269
323.842 -0.27
323.908 -0.271
323.973 -0.272
324.038 -0.273
324.104 -0.274
324.169 -0.275
324.234 -0.276
324.299 -0.277
324.365 -0.278
324.43 -0.279
324.495 -0.28
324.56 -0.281
324.624 -0.282
324.689 -0.283
324.753 -0.284
324.818 -0.285
324.882 -0.286
324.947 -0.287
325.011 -0.288
325.076 -0.289
325.14 -0.29
325.205 -0.291
325.27 -0.292
325.334 -0.293
325.399 -0.294
325.463 -0.295
325.528 -0.296
325.592 -0.297
325.657 -0.298
325.721 -0.299
325.786 -0.3
325.85 -0.301
325.915 -0.302
325.979 -0.303
326.043 -0.304
326.108 -0.305
326.172 -0.306
326.237 -0.307
326.301 -0.308
326.366 -0.309
326.43 -0.31
326.495 -0.311
326.559 -0.312
326.623 -0.313
326.688 -0.314
326.752 -0.315
326.816 -0.316
326.881 -0.317
326.945 -0.318
327.009 -0.319
327.074 -0.32
327.138 -0.321
327.202 -0.322
327.266 -0.323
327.331 -0.324
327.395 -0.325
327.459 -0.326
327.523 -0.327
327.587 -0.328
327.652 -0.329
327.716 -0.33
327.78 -0.331
327.844 -0.332
327.908 -0.333
327.972 -0.334
328.037 -0.335
328.101 -0.336
328.165 -0.337
328.229 -0.338
328.293 -0.339
328.357 -0.34
328.422 -0.341
328.486 -0.342
328.55 -0.343
328.614 -0.344
328.678 -0.345
328.742 -0.346
328.806 -0.347
328.871 -0.348
328.935 -0.349
328.999 -0.35
329.063 -0.351
329.127 -0.352
329.191 -0.353
329.255 -0.354
329.319 -0.355
329.383 -0.356
329.447 -0.357
329.512 -0.358
329.576 -0.359
329.64 -0.36
329.704 -0.361
329.768 -0.362
329.832 -0.363
329.896 -0.364
329.961 -0.365
330.025 -0.366
330.089 -0.367
330.153 -0.368
330.217 -0.369
330.281 -0.37
330.346 -0.371
330.41 -0.372
330.474 -0.373
330.538 -0.374
330.602 -0.375
330.667 -0.376
330.731 -0.377
330.795 -0.378
330.859 -0.379
330.924 -0.38
330.988 -0.381
331.052 -0.382
331.117 -0.383
331.181 -0.384
331.245 -0.385
331.31 -0.386
331.374 -0.387
331.438 -0.388
331.503 -0.389
331.567 -0.39
331.632 -0.391
331.696 -0.392
331.761 -0.393
331.825 -0.394
331.889 -0.395
331.954 -0.396
332.018 -0.397
332.082 -0.398
332.147 -0.399
332.211 -0.4
332.275 -0.401
332.34 -0.402
332.404 -0.403
332.468 -0.404
332.533 -0.405
332.597 -0.406
332.661 -0.407
332.726 -0.408
332.79 -0.409
332.854 -0.41
332.919 -0.411
332.983 -0.412
333.047 -0.413
333.111 -0.414
333.176 -0.415
333.24 -0.416
333.304 -0.417
333.369 -0.418
333.433 -0.419
333.498 -0.42
333.562 -0.421
333.626 -0.422
333.69 -0.423
333.755 -0.424
333.819 -0.425
333.883 -0.426
333.948 -0.427
334.012 -0.428
334.076 -0.429
334.14 -0.43
334.205 -0.431
334.269 -0.432
334.333 -0.433
334.398 -0.434
334.462 -0.435
334.526 -0.436
334.591 -0.437
334.655 -0.438
334.719 -0.439
334.784 -0.44
334.848 -0.441
334.912 -0.442
334.977 -0.443
335.041 -0.444
335.106 -0.445
335.17 -0.446
335.234 -0.447
335.299 -0.448
335.363 -0.449
335.428 -0.45
335.492 -0.451
335.557 -0.452
335.621 -0.453
335.685 -0.454
335.75 -0.455
335.814 -0.456
335.879 -0.457
335.943 -0.458
336.008 -0.459
336.072 -0.46
336.137 -0.461
336.202 -0.462
336.266 -0.463
336.331 -0.464
336.395 -0.465
336.46 -0.466
336.525 -0.467
336.589 -0.468
336.654 -0.469
336.719 -0.47
336.783 -0.471
336.848 -0.472
336.913 -0.473
336.977 -0.474
337.042 -0.475
337.107 -0.476
337.171 -0.477
337.236 -0.478
337.301 -0.479
337.365 -0.48
337.43 -0.481
337.495 -0.482
337.559 -0.483
337.624 -0.484
337.689 -0.485
337.753 -0.486
337.818 -0.487
337.883 -0.488
337.947 -0.489
338.012 -0.49
338.076 -0.491
338.141 -0.492
338.205 -0.493
338.27 -0.494
338.334 -0.495
338.398 -0.496
338.462 -0.497
338.526 -0.498
338.59 -0.499
338.653 -0.5
338.717 -0.501
338.779 -0.502
338.842 -0.503
338.903 -0.504
338.96 -0.505
338.986 -0.506
338.888 -0.507
338.732 -0.508
338.58 -0.509
338.678 -0.51
338.856 -0.511
339.023 -0.512
339.142 -0.513
339.254 -0.514
339.366 -0.515
339.46 -0.516
339.523 -0.517
339.586 -0.518
339.649 -0.519
339.712 -0.52
339.775 -0.521
339.838 -0.522
339.901 -0.523
339.965 -0.524
340.028 -0.525
340.091 -0.526
340.155 -0.527
340.218 -0.528
340.281 -0.529
340.345 -0.53
340.408 -0.531
340.472 -0.532
340.535 -0.533
340.599 -0.534
340.663 -0.535
340.726 -0.536
340.79 -0.537
340.854 -0.538
340.918 -0.539
340.981 -0.54
341.045 -0.541
341.109 -0.542
341.173 -0.543
341.237 -0.544
341.301 -0.545
341.365 -0.546
341.429 -0.547
341.494 -0.548
341.558 -0.549
341.622 -0.55
341.686 -0.551
341.751 -0.552
341.815 -0.553
341.879 -0.554
341.944 -0.555
342.008 -0.556
342.073 -0.557
342.137 -0.558
342.202 -0.559
342.267 -0.56
342.331 -0.561
342.396 -0.562
342.461 -0.563
342.526 -0.564
342.591 -0.565
342.656 -0.566
342.72 -0.567
342.786 -0.568
342.851 -0.569
342.916 -0.57
342.981 -0.571
343.046 -0.572
343.111 -0.573
343.176 -0.574
343.242 -0.575
343.307 -0.576
343.373 -0.577
343.438 -0.578
343.503 -0.579
343.567 -0.58
343.631 -0.581
343.696 -0.582
343.76 -0.583
343.824 -0.584
343.889 -0.585
343.953 -0.586
344.017 -0.587
344.082 -0.588
344.146 -0.589
344.21 -0.59
344.275 -0.591
344.339 -0.592
344.403 -0.593
344.467 -0.594
344.532 -0.595
344.596 -0.596
344.66 -0.597
344.724 -0.598
344.788 -0.599
344.852 -0.6
344.916 -0.601
344.98 -0.602
345.043 -0.603
345.107 -0.604
345.17 -0.605
345.234 -0.606
345.297 -0.607
345.36 -0.608
345.423 -0.609
345.487 -0.61
345.55 -0.611
345.613 -0.612
345.675 -0.613
345.738 -0.614
345.8 -0.615
345.863 -0.616
345.925 -0.617
345.986 -0.618
346.047 -0.619
346.108 -0.62
346.168 -0.621
346.231 -0.622
346.296 -0.623
346.361 -0.624
346.425 -0.625
346.489 -0.626
346.553 -0.627
346.616 -0.628
346.679 -0.629
346.74 -0.63
346.799 -0.631
346.853 -0.632
346.895 -0.633
346.917 -0.634
346.91 -0.635
346.86 -0.636
346.743 -0.637
346.624 -0.638
346.505 -0.639
346.386 -0.64
346.267 -0.641
346.148 -0.642
346.03 -0.643
345.948 -0.644
346.16 -0.645
346.372 -0.646
346.585 -0.647
346.798 -0.648
347.011 -0.649
347.223 -0.65
347.353 -0.651
347.481 -0.652
347.609 -0.653
347.734 -0.654
347.856 -0.655
347.977 -0.656
348.098 -0.657
348.201 -0.658
348.272 -0.659
348.342 -0.66
348.412 -0.661
348.483 -0.662
348.553 -0.663
348.624 -0.664
348.694 -0.665
348.765 -0.666
348.836 -0.667
348.906 -0.668
348.977 -0.669
349.048 -0.67
349.119 -0.671
349.19 -0.672
349.261 -0.673
349.332 -0.674
349.403 -0.675
349.474 -0.676
349.545 -0.677
349.617 -0.678
349.688 -0.679
349.759 -0.68
349.831 -0.681
349.902 -0.682
349.974 -0.683
350.045 -0.684
350.117 -0.685
350.189 -0.686
350.261 -0.687
350.332 -0.688
350.404 -0.689
350.476 -0.69
350.548 -0.691
350.62 -0.692
350.692 -0.693
350.764 -0.694
350.836 -0.695
350.909 -0.696
350.981 -0.697
351.053 -0.698
351.126 -0.699
351.198 -0.7
351.271 -0.701
351.343 -0.702
351.416 -0.703
351.488 -0.704
351.561 -0.705
351.634 -0.706
351.706 -0.707
351.779 -0.708
351.852 -0.709
351.925 -0.71
351.997 -0.711
352.07 -0.712
352.143 -0.713
352.216 -0.714
352.289 -0.715
352.362 -0.716
352.435 -0.717
352.509 -0.718
352.582 -0.719
352.655 -0.72
352.728 -0.721
352.801 -0.722
352.874 -0.723
352.947 -0.724
353.021 -0.725
353.094 -0.726
353.167 -0.727
353.24 -0.728
353.313 -0.729
353.386 -0.73
353.458 -0.731
353.531 -0.732
353.603 -0.733
353.675 -0.734
353.747 -0.735
353.817 -0.736
353.884 -0.737
353.945 -0.738
353.958 -0.739
353.927 -0.74
353.867 -0.741
353.807 -0.742
353.748 -0.743
353.688 -0.744
353.629 -0.745
353.568 -0.746
353.505 -0.747
353.441 -0.748
353.512 -0.749
353.716 -0.75
353.935 -0.751
354.153 -0.752
354.363 -0.753
354.531 -0.754
354.66 -0.755
354.789 -0.756
354.918 -0.757
355.048 -0.758
355.177 -0.759
355.283 -0.76
355.369 -0.761
355.445 -0.762
355.522 -0.763
355.598 -0.764
355.674 -0.765
355.751 -0.766
355.828 -0.767
355.904 -0.768
355.981 -0.769
356.058 -0.77
356.135 -0.771
356.212 -0.772
356.289 -0.773
356.366 -0.774
356.443 -0.775
356.521 -0.776
356.598 -0.777
356.676 -0.778
356.753 -0.779
356.831 -0.78
356.909 -0.781
356.987 -0.782
357.066 -0.783
357.144 -0.784
357.223 -0.785
357.302 -0.786
357.38 -0.787
357.459 -0.788
357.538 -0.789
357.617 -0.79
357.696 -0.791
357.775 -0.792
357.854 -0.793
357.933 -0.794
358.012 -0.795
358.091 -0.796
358.17 -0.797
358.25 -0.798
358.329 -0.799
358.408 -0.8
358.488 -0.801
358.567 -0.802
358.647 -0.803
358.727 -0.804
358.806 -0.805
358.886 -0.806
358.966 -0.807
359.046 -0.808
359.125 -0.809
359.205 -0.81
359.286 -0.811
359.366 -0.812
359.446 -0.813
359.528 -0.814
359.61 -0.815
359.692 -0.816
359.774 -0.817
359.856 -0.818
359.938 -0.819
360.02 -0.82
360.102 -0.821
360.185 -0.822
360.267 -0.823
360.35 -0.824
360.432 -0.825
360.515 -0.826
360.598 -0.827
360.681 -0.828
360.763 -0.829
360.846 -0.83
360.929 -0.831
361.012 -0.832
361.096 -0.833
361.179 -0.834
361.262 -0.835
361.346 -0.836
361.429 -0.837
361.513 -0.838
361.597 -0.839
361.68 -0.84
361.764 -0.841
361.848 -0.842
361.932 -0.843
362.017 -0.844
362.101 -0.845
362.185 -0.846
362.27 -0.847
362.354 -0.848
362.439 -0.849
362.523 -0.85
362.608 -0.851
362.693 -0.852
362.778 -0.853
362.863 -0.854
362.948 -0.855
363.034 -0.856
363.119 -0.857
363.204 -0.858
363.289 -0.859
363.374 -0.86
363.459 -0.861
363.545 -0.862
363.63 -0.863
363.715 -0.864
363.801 -0.865
363.887 -0.866
363.972 -0.867
364.058 -0.868
364.144 -0.869
364.23 -0.87
364.316 -0.871
364.402 -0.872
364.488 -0.873
364.575 -0.874
364.661 -0.875
364.748 -0.876
364.834 -0.877
364.921 -0.878
365.008 -0.879
365.095 -0.88
365.182 -0.881
365.269 -0.882
365.356 -0.883
365.443 -0.884
365.53 -0.885
365.618 -0.886
365.705 -0.887
365.793 -0.888
365.88 -0.889
365.968 -0.89
366.056 -0.891
366.143 -0.892
366.231 -0.893
366.319 -0.894
366.408 -0.895
366.496 -0.896
366.584 -0.897
366.673 -0.898
366.761 -0.899
366.85 -0.9
