6.78869 -0.001
13.5513 -0.002
20.2881 -0.003
26.9992 -0.004
33.6845 -0.005
40.3442 -0.006
46.9785 -0.007
53.5873 -0.008
60.1708 -0.009
66.7291 -0.01
73.2623 -0.011
79.7704 -0.012
86.2536 -0.013
92.712 -0.014
99.1456 -0.015
105.554 -0.016
111.939 -0.017
118.299 -0.018
124.634 -0.019
130.945 -0.02
137.232 -0.021
143.494 -0.022
149.733 -0.023
155.947 -0.024
162.138 -0.025
168.305 -0.026
174.448 -0.027
180.567 -0.028
186.663 -0.029
192.735 -0.03
198.783 -0.031
204.809 -0.032
210.811 -0.033
216.789 -0.034
222.745 -0.035
228.677 -0.036
234.586 -0.037
240.473 -0.038
246.336 -0.039
252.176 -0.04
257.994 -0.041
263.789 -0.042
269.561 -0.043
275.311 -0.044
281.038 -0.045
286.743 -0.046
292.425 -0.047
298.079 -0.048
303.665 -0.049
309.142 -0.05
314.484 -0.051
319.696 -0.052
324.732 -0.053
329.712 -0.054
334.669 -0.055
339.602 -0.056
344.512 -0.057
349.377 -0.058
354.051 -0.059
358.456 -0.06
362.358 -0.061
365.423 -0.062
368.089 -0.063
370.736 -0.064
373.365 -0.065
375.971 -0.066
378.554 -0.067
381.117 -0.068
383.658 -0.069
386.174 -0.07
388.67 -0.071
391.147 -0.072
393.603 -0.073
396.037 -0.074
398.461 -0.075
400.868 -0.076
403.261 -0.077
405.635 -0.078
407.992 -0.079
410.329 -0.08
412.641 -0.081
414.937 -0.082
417.217 -0.083
419.481 -0.084
421.726 -0.085
423.953 -0.086
426.156 -0.087
428.324 -0.088
430.464 -0.089
432.578 -0.09
434.656 -0.091
436.663 -0.092
438.643 -0.093
440.603 -0.094
442.521 -0.095
444.411 -0.096
446.248 -0.097
447.953 -0.098
449.592 -0.099
451.213 -0.1
452.772 -0.101
454.302 -0.102
455.815 -0.103
457.172 -0.104
458.492 -0.105
459.762 -0.106
460.968 -0.107
461.924 -0.108
462.846 -0.109
463.727 -0.11
464.53 -0.111
465.062 -0.112
465.578 -0.113
465.847 -0.114
466.009 -0.115
466.158 -0.116
466.287 -0.117
466.396 -0.118
466.495 -0.119
466.585 -0.12
466.664 -0.121
466.734 -0.122
466.793 -0.123
466.842 -0.124
466.88 -0.125
466.91 -0.126
466.93 -0.127
466.94 -0.128
466.943 -0.129
466.936 -0.13
466.922 -0.131
466.9 -0.132
466.87 -0.133
466.833 -0.134
466.788 -0.135
466.734 -0.136
466.668 -0.137
466.592 -0.138
466.511 -0.139
466.426 -0.14
466.336 -0.141
466.241 -0.142
466.142 -0.143
466.034 -0.144
465.911 -0.145
465.783 -0.146
465.651 -0.147
465.514 -0.148
465.373 -0.149
465.229 -0.15
465.08 -0.151
464.926 -0.152
464.768 -0.153
464.606 -0.154
464.44 -0.155
464.269 -0.156
464.083 -0.157
463.89 -0.158
463.694 -0.159
463.495 -0.16
463.293 -0.161
463.087 -0.162
462.878 -0.163
462.667 -0.164
462.454 -0.165
462.239 -0.166
462.021 -0.167
461.801 -0.168
461.58 -0.169
461.357 -0.17
461.126 -0.171
460.887 -0.172
460.644 -0.173
460.4 -0.174
460.153 -0.175
459.905 -0.176
459.656 -0.177
459.405 -0.178
459.153 -0.179
458.899 -0.18
458.641 -0.181
458.378 -0.182
458.113 -0.183
457.847 -0.184
457.579 -0.185
457.311 -0.186
457.042 -0.187
456.773 -0.188
456.502 -0.189
456.23 -0.19
455.957 -0.191
455.684 -0.192
455.411 -0.193
455.137 -0.194
454.862 -0.195
454.586 -0.196
454.31 -0.197
454.033 -0.198
453.756 -0.199
453.478 -0.2
453.199 -0.201
452.919 -0.202
452.639 -0.203
452.359 -0.204
452.078 -0.205
451.799 -0.206
451.519 -0.207
451.238 -0.208
450.958 -0.209
450.677 -0.21
450.397 -0.211
450.117 -0.212
449.837 -0.213
449.556 -0.214
449.276 -0.215
448.995 -0.216
448.715 -0.217
448.435 -0.218
448.154 -0.219
447.874 -0.22
447.595 -0.221
447.316 -0.222
447.036 -0.223
446.757 -0.224
446.477 -0.225
446.198 -0.226
445.919 -0.227
445.641 -0.228
445.362 -0.229
445.084 -0.23
444.806 -0.231
444.528 -0.232
444.251 -0.233
443.974 -0.234
443.697 -0.235
443.42 -0.236
443.145 -0.237
442.868 -0.238
442.593 -0.239
442.317 -0.24
442.041 -0.241
441.766 -0.242
441.49 -0.243
441.215 -0.244
440.94 -0.245
440.666 -0.246
440.391 -0.247
440.116 -0.248
439.842 -0.249
439.569 -0.25
439.296 -0.251
439.024 -0.252
438.752 -0.253
438.482 -0.254
438.212 -0.255
437.943 -0.256
437.674 -0.257
437.406 -0.258
437.139 -0.259
436.873 -0.26
436.608 -0.261
436.343 -0.262
436.079 -0.263
435.816 -0.264
435.554 -0.265
435.293 -0.266
435.033 -0.267
434.774 -0.268
434.516 -0.269
434.259 -0.27
434.004 -0.271
433.749 -0.272
433.496 -0.273
433.244 -0.274
432.992 -0.275
432.743 -0.276
432.494 -0.277
432.246 -0.278
432 -0.279
431.756 -0.28
431.512 -0.281
431.271 -0.282
431.032 -0.283
430.794 -0.284
430.559 -0.285
430.324 -0.286
430.091 -0.287
429.86 -0.288
429.629 -0.289
429.4 -0.29
429.171 -0.291
428.944 -0.292
428.718 -0.293
428.494 -0.294
428.27 -0.295
428.048 -0.296
427.828 -0.297
427.608 -0.298
427.39 -0.299
427.173 -0.3
426.958 -0.301
426.743 -0.302
426.531 -0.303
426.319 -0.304
426.109 -0.305
425.901 -0.306
425.694 -0.307
425.488 -0.308
425.283 -0.309
425.08 -0.31
424.879 -0.311
424.678 -0.312
424.48 -0.313
424.282 -0.314
424.086 -0.315
423.891 -0.316
423.698 -0.317
423.507 -0.318
423.317 -0.319
423.129 -0.32
422.942 -0.321
422.757 -0.322
422.574 -0.323
422.392 -0.324
422.212 -0.325
422.034 -0.326
421.857 -0.327
421.682 -0.328
421.507 -0.329
421.331 -0.33
421.157 -0.331
420.984 -0.332
420.812 -0.333
420.643 -0.334
420.475 -0.335
420.308 -0.336
420.142 -0.337
419.979 -0.338
419.817 -0.339
419.657 -0.34
419.497 -0.341
419.339 -0.342
419.183 -0.343
419.029 -0.344
418.875 -0.345
418.723 -0.346
418.572 -0.347
418.424 -0.348
418.278 -0.349
418.132 -0.35
417.989 -0.351
417.848 -0.352
417.71 -0.353
417.573 -0.354
417.438 -0.355
417.306 -0.356
417.176 -0.357
417.049 -0.358
416.924 -0.359
416.801 -0.36
416.68 -0.361
416.561 -0.362
416.443 -0.363
416.328 -0.364
416.214 -0.365
416.103 -0.366
415.993 -0.367
415.885 -0.368
415.78 -0.369
415.676 -0.37
415.574 -0.371
415.475 -0.372
415.377 -0.373
415.282 -0.374
415.188 -0.375
415.097 -0.376
415.007 -0.377
414.92 -0.378
414.835 -0.379
414.75 -0.38
414.667 -0.381
414.585 -0.382
414.505 -0.383
414.426 -0.384
414.347 -0.385
414.27 -0.386
414.195 -0.387
414.118 -0.388
414.043 -0.389
413.968 -0.39
413.894 -0.391
413.819 -0.392
413.742 -0.393
413.666 -0.394
413.591 -0.395
413.513 -0.396
413.437 -0.397
413.36 -0.398
413.282 -0.399
413.202 -0.4
413.123 -0.401
413.045 -0.402
412.969 -0.403
412.892 -0.404
412.817 -0.405
412.744 -0.406
412.67 -0.407
412.597 -0.408
412.527 -0.409
412.457 -0.41
412.386 -0.411
412.316 -0.412
412.247 -0.413
412.178 -0.414
412.109 -0.415
412.043 -0.416
411.979 -0.417
411.915 -0.418
411.851 -0.419
411.79 -0.42
411.73 -0.421
411.672 -0.422
411.613 -0.423
411.557 -0.424
411.502 -0.425
411.449 -0.426
411.399 -0.427
411.35 -0.428
411.303 -0.429
411.259 -0.43
411.216 -0.431
411.176 -0.432
411.137 -0.433
411.101 -0.434
411.067 -0.435
411.034 -0.436
411.004 -0.437
410.976 -0.438
410.949 -0.439
410.925 -0.44
410.903 -0.441
410.883 -0.442
410.865 -0.443
410.849 -0.444
410.836 -0.445
410.824 -0.446
410.815 -0.447
410.808 -0.448
410.803 -0.449
410.801 -0.45
410.801 -0.451
410.803 -0.452
410.808 -0.453
410.815 -0.454
410.824 -0.455
410.836 -0.456
410.85 -0.457
410.866 -0.458
410.885 -0.459
410.906 -0.46
410.929 -0.461
410.955 -0.462
410.983 -0.463
411.013 -0.464
411.045 -0.465
411.08 -0.466
411.117 -0.467
411.156 -0.468
411.198 -0.469
411.242 -0.47
411.289 -0.471
411.338 -0.472
411.39 -0.473
411.445 -0.474
411.502 -0.475
411.561 -0.476
411.623 -0.477
411.687 -0.478
411.753 -0.479
411.822 -0.48
411.892 -0.481
411.96 -0.482
412.029 -0.483
412.097 -0.484
412.164 -0.485
412.231 -0.486
412.295 -0.487
412.36 -0.488
412.424 -0.489
412.485 -0.49
412.547 -0.491
412.612 -0.492
412.679 -0.493
412.746 -0.494
412.81 -0.495
412.873 -0.496
412.935 -0.497
412.995 -0.498
413.053 -0.499
413.114 -0.5
413.177 -0.501
413.241 -0.502
413.307 -0.503
413.375 -0.504
413.445 -0.505
413.518 -0.506
413.592 -0.507
413.668 -0.508
413.746 -0.509
413.826 -0.51
413.909 -0.511
413.993 -0.512
414.079 -0.513
414.168 -0.514
414.259 -0.515
414.352 -0.516
414.448 -0.517
414.545 -0.518
414.646 -0.519
414.748 -0.52
414.852 -0.521
414.959 -0.522
415.068 -0.523
415.179 -0.524
415.292 -0.525
415.408 -0.526
415.527 -0.527
415.647 -0.528
415.765 -0.529
415.881 -0.53
415.996 -0.531
416.108 -0.532
416.218 -0.533
416.326 -0.534
416.432 -0.535
416.54 -0.536
416.65 -0.537
416.762 -0.538
416.877 -0.539
416.993 -0.54
417.111 -0.541
417.231 -0.542
417.354 -0.543
417.478 -0.544
417.605 -0.545
417.734 -0.546
417.866 -0.547
417.999 -0.548
418.134 -0.549
418.268 -0.55
418.404 -0.551
418.539 -0.552
418.674 -0.553
418.81 -0.554
418.947 -0.555
419.083 -0.556
419.222 -0.557
419.362 -0.558
419.505 -0.559
419.65 -0.56
419.797 -0.561
419.946 -0.562
420.098 -0.563
420.251 -0.564
420.406 -0.565
420.563 -0.566
420.722 -0.567
420.882 -0.568
421.043 -0.569
421.206 -0.57
421.372 -0.571
421.539 -0.572
421.709 -0.573
421.88 -0.574
422.054 -0.575
422.229 -0.576
422.406 -0.577
422.585 -0.578
422.766 -0.579
422.949 -0.58
423.134 -0.581
423.322 -0.582
423.513 -0.583
423.704 -0.584
423.887 -0.585
424.063 -0.586
424.238 -0.587
424.415 -0.588
424.594 -0.589
424.775 -0.59
424.958 -0.591
425.143 -0.592
425.329 -0.593
425.518 -0.594
425.709 -0.595
425.902 -0.596
426.098 -0.597
426.296 -0.598
426.496 -0.599
426.698 -0.6
426.903 -0.601
427.11 -0.602
427.319 -0.603
427.53 -0.604
427.743 -0.605
427.958 -0.606
428.176 -0.607
428.396 -0.608
428.617 -0.609
428.841 -0.61
429.066 -0.611
429.281 -0.612
429.495 -0.613
429.711 -0.614
429.93 -0.615
430.15 -0.616
430.373 -0.617
430.598 -0.618
430.826 -0.619
431.056 -0.62
431.288 -0.621
431.522 -0.622
431.758 -0.623
431.996 -0.624
432.236 -0.625
432.479 -0.626
432.724 -0.627
432.972 -0.628
433.223 -0.629
433.476 -0.63
433.731 -0.631
433.988 -0.632
434.245 -0.633
434.496 -0.634
434.739 -0.635
434.983 -0.636
435.228 -0.637
435.475 -0.638
435.725 -0.639
435.976 -0.64
436.23 -0.641
436.487 -0.642
436.746 -0.643
437.007 -0.644
437.271 -0.645
437.535 -0.646
437.801 -0.647
438.068 -0.648
438.337 -0.649
438.607 -0.65
438.879 -0.651
439.154 -0.652
439.431 -0.653
439.711 -0.654
439.994 -0.655
440.279 -0.656
440.566 -0.657
440.856 -0.658
441.149 -0.659
441.438 -0.66
441.721 -0.661
442.007 -0.662
442.295 -0.663
442.586 -0.664
442.878 -0.665
443.174 -0.666
443.472 -0.667
443.772 -0.668
444.074 -0.669
444.379 -0.67
444.686 -0.671
444.995 -0.672
445.307 -0.673
445.62 -0.674
445.934 -0.675
446.249 -0.676
446.568 -0.677
446.888 -0.678
447.212 -0.679
447.537 -0.68
447.866 -0.681
448.196 -0.682
448.529 -0.683
448.863 -0.684
449.199 -0.685
449.537 -0.686
449.877 -0.687
450.22 -0.688
450.566 -0.689
450.914 -0.69
451.264 -0.691
451.618 -0.692
451.971 -0.693
452.321 -0.694
452.666 -0.695
453.008 -0.696
453.352 -0.697
453.698 -0.698
454.046 -0.699
454.398 -0.7
454.751 -0.701
455.108 -0.702
455.466 -0.703
455.828 -0.704
456.192 -0.705
456.558 -0.706
456.927 -0.707
457.299 -0.708
457.672 -0.709
458.046 -0.71
458.423 -0.711
458.802 -0.712
459.184 -0.713
459.568 -0.714
459.955 -0.715
460.344 -0.716
460.736 -0.717
461.13 -0.718
461.527 -0.719
461.926 -0.72
462.328 -0.721
462.733 -0.722
463.141 -0.723
463.551 -0.724
463.964 -0.725
464.379 -0.726
464.797 -0.727
465.217 -0.728
465.64 -0.729
466.065 -0.73
466.493 -0.731
466.924 -0.732
467.357 -0.733
467.793 -0.734
468.232 -0.735
468.673 -0.736
469.115 -0.737
469.56 -0.738
470.006 -0.739
470.455 -0.74
470.903 -0.741
471.351 -0.742
471.798 -0.743
472.244 -0.744
472.69 -0.745
473.138 -0.746
473.589 -0.747
474.041 -0.748
474.494 -0.749
474.949 -0.75
475.407 -0.751
475.867 -0.752
476.33 -0.753
476.795 -0.754
477.262 -0.755
477.732 -0.756
478.203 -0.757
478.675 -0.758
479.145 -0.759
479.613 -0.76
480.082 -0.761
480.55 -0.762
481.019 -0.763
481.49 -0.764
481.96 -0.765
482.429 -0.766
482.899 -0.767
483.369 -0.768
483.842 -0.769
484.317 -0.77
484.794 -0.771
485.274 -0.772
485.757 -0.773
486.242 -0.774
486.729 -0.775
487.219 -0.776
487.711 -0.777
488.206 -0.778
488.703 -0.779
489.2 -0.78
489.696 -0.781
490.195 -0.782
490.696 -0.783
491.198 -0.784
491.701 -0.785
492.207 -0.786
492.715 -0.787
493.224 -0.788
493.733 -0.789
494.243 -0.79
494.755 -0.791
495.27 -0.792
495.786 -0.793
496.303 -0.794
496.819 -0.795
497.337 -0.796
497.856 -0.797
498.371 -0.798
498.885 -0.799
499.401 -0.8
499.919 -0.801
500.439 -0.802
500.962 -0.803
501.487 -0.804
502.015 -0.805
502.544 -0.806
503.076 -0.807
503.61 -0.808
504.145 -0.809
504.682 -0.81
505.22 -0.811
505.759 -0.812
506.299 -0.813
506.84 -0.814
507.374 -0.815
507.895 -0.816
508.415 -0.817
508.934 -0.818
509.451 -0.819
509.965 -0.82
510.479 -0.821
510.992 -0.822
511.506 -0.823
512.022 -0.824
512.539 -0.825
513.059 -0.826
513.582 -0.827
514.106 -0.828
514.632 -0.829
515.16 -0.83
515.689 -0.831
516.218 -0.832
516.748 -0.833
517.277 -0.834
517.807 -0.835
518.337 -0.836
518.867 -0.837
519.398 -0.838
519.927 -0.839
520.44 -0.84
520.948 -0.841
521.458 -0.842
521.968 -0.843
522.479 -0.844
522.991 -0.845
523.504 -0.846
524.02 -0.847
524.537 -0.848
525.056 -0.849
525.578 -0.85
526.101 -0.851
526.626 -0.852
527.154 -0.853
527.683 -0.854
528.215 -0.855
528.746 -0.856
529.279 -0.857
529.811 -0.858
530.344 -0.859
530.876 -0.86
531.408 -0.861
531.938 -0.862
532.469 -0.863
533 -0.864
533.531 -0.865
534.062 -0.866
534.594 -0.867
535.128 -0.868
535.664 -0.869
536.201 -0.87
536.741 -0.871
537.283 -0.872
537.827 -0.873
538.373 -0.874
538.921 -0.875
539.471 -0.876
540.023 -0.877
540.577 -0.878
541.133 -0.879
541.689 -0.88
542.246 -0.881
542.802 -0.882
543.359 -0.883
543.915 -0.884
544.471 -0.885
545.027 -0.886
545.586 -0.887
546.146 -0.888
546.709 -0.889
547.274 -0.89
547.84 -0.891
548.409 -0.892
548.979 -0.893
549.552 -0.894
550.127 -0.895
550.703 -0.896
551.281 -0.897
551.86 -0.898
552.442 -0.899
553.025 -0.9
553.61 -0.901
554.197 -0.902
554.785 -0.903
555.376 -0.904
555.969 -0.905
556.563 -0.906
557.16 -0.907
557.759 -0.908
558.36 -0.909
558.964 -0.91
559.569 -0.911
560.171 -0.912
560.766 -0.913
561.361 -0.914
561.958 -0.915
562.555 -0.916
563.153 -0.917
563.753 -0.918
564.351 -0.919
564.949 -0.92
565.548 -0.921
566.144 -0.922
566.743 -0.923
567.343 -0.924
567.944 -0.925
568.547 -0.926
569.151 -0.927
569.757 -0.928
570.366 -0.929
570.976 -0.93
571.589 -0.931
572.203 -0.932
572.82 -0.933
573.439 -0.934
574.059 -0.935
574.682 -0.936
575.307 -0.937
575.935 -0.938
576.564 -0.939
577.195 -0.94
577.829 -0.941
578.464 -0.942
579.102 -0.943
579.742 -0.944
580.384 -0.945
581.028 -0.946
581.675 -0.947
582.323 -0.948
582.974 -0.949
583.627 -0.95
584.282 -0.951
584.939 -0.952
585.598 -0.953
586.26 -0.954
586.923 -0.955
587.589 -0.956
588.257 -0.957
588.926 -0.958
589.598 -0.959
590.271 -0.96
590.943 -0.961
591.615 -0.962
592.288 -0.963
592.964 -0.964
593.643 -0.965
594.323 -0.966
595.006 -0.967
595.69 -0.968
596.377 -0.969
597.067 -0.97
597.758 -0.971
598.452 -0.972
599.147 -0.973
599.845 -0.974
600.546 -0.975
601.246 -0.976
601.946 -0.977
602.646 -0.978
603.345 -0.979
604.04 -0.98
604.729 -0.981
605.412 -0.982
606.089 -0.983
606.762 -0.984
607.419 -0.985
608.074 -0.986
608.726 -0.987
609.38 -0.988
610.036 -0.989
610.693 -0.99
611.35 -0.991
612.005 -0.992
612.644 -0.993
613.148 -0.994
613.652 -0.995
614.156 -0.996
614.661 -0.997
615.167 -0.998
615.674 -0.999
616.183 -1
616.692 -1.001
617.202 -1.002
617.713 -1.003
618.225 -1.004
618.738 -1.005
619.252 -1.006
619.767 -1.007
620.282 -1.008
620.799 -1.009
621.317 -1.01
621.836 -1.011
622.356 -1.012
622.876 -1.013
623.398 -1.014
623.92 -1.015
624.444 -1.016
624.969 -1.017
625.494 -1.018
626.021 -1.019
626.548 -1.02
627.077 -1.021
627.606 -1.022
628.136 -1.023
628.668 -1.024
629.2 -1.025
629.733 -1.026
630.267 -1.027
630.802 -1.028
631.339 -1.029
631.876 -1.03
632.414 -1.031
632.953 -1.032
633.493 -1.033
634.034 -1.034
634.576 -1.035
635.119 -1.036
635.664 -1.037
636.209 -1.038
636.755 -1.039
637.302 -1.04
637.851 -1.041
638.399 -1.042
638.949 -1.043
639.5 -1.044
640.052 -1.045
640.605 -1.046
641.159 -1.047
641.714 -1.048
642.27 -1.049
642.827 -1.05
643.385 -1.051
643.944 -1.052
644.504 -1.053
645.065 -1.054
645.626 -1.055
646.189 -1.056
646.752 -1.057
647.315 -1.058
647.88 -1.059
648.445 -1.06
649.011 -1.061
649.579 -1.062
650.147 -1.063
650.716 -1.064
651.285 -1.065
651.855 -1.066
652.426 -1.067
652.998 -1.068
653.571 -1.069
654.145 -1.07
654.72 -1.071
655.296 -1.072
655.872 -1.073
656.449 -1.074
657.028 -1.075
657.607 -1.076
658.188 -1.077
658.77 -1.078
659.352 -1.079
659.936 -1.08
660.521 -1.081
661.107 -1.082
661.693 -1.083
662.281 -1.084
662.87 -1.085
663.46 -1.086
664.049 -1.087
664.641 -1.088
665.233 -1.089
665.826 -1.09
666.42 -1.091
667.015 -1.092
667.611 -1.093
668.208 -1.094
668.807 -1.095
669.406 -1.096
670.005 -1.097
670.604 -1.098
671.204 -1.099
671.804 -1.1
672.406 -1.101
673.009 -1.102
673.612 -1.103
674.217 -1.104
674.822 -1.105
675.428 -1.106
676.035 -1.107
676.642 -1.108
677.243 -1.109
677.827 -1.11
678.411 -1.111
678.995 -1.112
679.58 -1.113
680.166 -1.114
680.752 -1.115
681.34 -1.116
681.928 -1.117
682.518 -1.118
683.108 -1.119
683.699 -1.12
684.291 -1.121
684.884 -1.122
685.478 -1.123
686.072 -1.124
686.667 -1.125
687.264 -1.126
687.86 -1.127
688.458 -1.128
689.057 -1.129
689.657 -1.13
690.257 -1.131
690.859 -1.132
691.461 -1.133
692.065 -1.134
692.669 -1.135
693.275 -1.136
693.881 -1.137
694.488 -1.138
695.096 -1.139
695.705 -1.14
696.316 -1.141
696.927 -1.142
697.539 -1.143
698.152 -1.144
698.766 -1.145
699.381 -1.146
699.997 -1.147
700.614 -1.148
701.232 -1.149
701.851 -1.15
702.471 -1.151
703.092 -1.152
703.714 -1.153
704.337 -1.154
704.96 -1.155
705.585 -1.156
706.211 -1.157
706.837 -1.158
707.465 -1.159
708.094 -1.16
708.723 -1.161
709.354 -1.162
709.986 -1.163
710.618 -1.164
711.252 -1.165
711.887 -1.166
712.522 -1.167
713.159 -1.168
713.797 -1.169
714.436 -1.17
715.076 -1.171
715.717 -1.172
716.358 -1.173
717.001 -1.174
717.645 -1.175
718.29 -1.176
718.936 -1.177
719.583 -1.178
720.231 -1.179
720.88 -1.18
721.53 -1.181
722.181 -1.182
722.833 -1.183
723.487 -1.184
724.141 -1.185
724.796 -1.186
725.452 -1.187
726.11 -1.188
726.768 -1.189
727.427 -1.19
728.088 -1.191
728.749 -1.192
729.411 -1.193
730.075 -1.194
730.739 -1.195
731.405 -1.196
732.071 -1.197
732.739 -1.198
733.407 -1.199
734.077 -1.2
734.748 -1.201
735.42 -1.202
736.092 -1.203
736.766 -1.204
737.441 -1.205
738.118 -1.206
738.795 -1.207
739.474 -1.208
740.154 -1.209
740.835 -1.21
741.517 -1.211
742.2 -1.212
742.885 -1.213
743.57 -1.214
744.257 -1.215
744.944 -1.216
745.633 -1.217
746.323 -1.218
747.013 -1.219
747.705 -1.22
748.398 -1.221
749.092 -1.222
749.787 -1.223
750.483 -1.224
751.181 -1.225
751.879 -1.226
752.579 -1.227
753.279 -1.228
753.981 -1.229
754.683 -1.23
755.387 -1.231
756.092 -1.232
756.798 -1.233
757.505 -1.234
758.213 -1.235
758.922 -1.236
759.633 -1.237
760.344 -1.238
761.057 -1.239
761.77 -1.24
762.485 -1.241
763.201 -1.242
763.918 -1.243
764.636 -1.244
765.355 -1.245
766.075 -1.246
766.797 -1.247
767.519 -1.248
768.243 -1.249
768.967 -1.25
769.693 -1.251
770.42 -1.252
771.148 -1.253
771.877 -1.254
772.608 -1.255
773.339 -1.256
774.072 -1.257
774.805 -1.258
775.54 -1.259
776.276 -1.26
777.013 -1.261
777.751 -1.262
778.49 -1.263
779.231 -1.264
779.972 -1.265
780.715 -1.266
781.458 -1.267
782.203 -1.268
782.949 -1.269
783.696 -1.27
784.444 -1.271
785.194 -1.272
785.944 -1.273
786.696 -1.274
787.449 -1.275
788.203 -1.276
788.958 -1.277
789.714 -1.278
790.472 -1.279
791.23 -1.28
791.99 -1.281
792.751 -1.282
793.513 -1.283
794.276 -1.284
795.039 -1.285
795.802 -1.286
796.566 -1.287
797.331 -1.288
798.097 -1.289
798.864 -1.29
799.632 -1.291
800.402 -1.292
801.172 -1.293
801.941 -1.294
802.711 -1.295
803.482 -1.296
804.255 -1.297
805.028 -1.298
805.803 -1.299
806.579 -1.3
807.356 -1.301
808.134 -1.302
808.914 -1.303
809.694 -1.304
810.476 -1.305
811.259 -1.306
812.043 -1.307
812.828 -1.308
813.615 -1.309
814.402 -1.31
815.191 -1.311
815.981 -1.312
816.772 -1.313
817.564 -1.314
818.357 -1.315
819.152 -1.316
819.947 -1.317
820.744 -1.318
821.542 -1.319
822.342 -1.32
823.142 -1.321
823.944 -1.322
824.747 -1.323
825.551 -1.324
826.356 -1.325
827.163 -1.326
827.971 -1.327
828.78 -1.328
829.59 -1.329
830.401 -1.33
831.214 -1.331
832.027 -1.332
832.842 -1.333
833.659 -1.334
834.476 -1.335
835.294 -1.336
836.114 -1.337
836.935 -1.338
837.757 -1.339
838.581 -1.34
839.405 -1.341
840.231 -1.342
841.058 -1.343
841.886 -1.344
842.716 -1.345
843.546 -1.346
844.378 -1.347
845.211 -1.348
846.046 -1.349
846.881 -1.35
847.718 -1.351
848.556 -1.352
849.395 -1.353
850.236 -1.354
851.078 -1.355
851.921 -1.356
852.765 -1.357
853.61 -1.358
854.457 -1.359
855.305 -1.36
856.154 -1.361
857.005 -1.362
857.856 -1.363
858.709 -1.364
859.564 -1.365
860.419 -1.366
861.276 -1.367
862.134 -1.368
862.993 -1.369
863.854 -1.37
864.716 -1.371
865.579 -1.372
866.443 -1.373
867.309 -1.374
868.176 -1.375
869.044 -1.376
869.914 -1.377
870.784 -1.378
871.656 -1.379
872.53 -1.38
873.404 -1.381
874.28 -1.382
875.157 -1.383
876.035 -1.384
876.914 -1.385
877.795 -1.386
878.677 -1.387
879.56 -1.388
880.445 -1.389
881.331 -1.39
882.218 -1.391
883.107 -1.392
883.996 -1.393
884.887 -1.394
885.78 -1.395
886.673 -1.396
887.568 -1.397
888.464 -1.398
889.361 -1.399
890.259 -1.4
