18.4623 -0.001
36.9008 -0.002
55.3132 -0.003
73.7001 -0.004
92.0611 -0.005
110.396 -0.006
128.705 -0.007
146.987 -0.008
165.242 -0.009
183.47 -0.01
201.671 -0.011
219.844 -0.012
237.99 -0.013
256.107 -0.014
274.196 -0.015
292.256 -0.016
310.287 -0.017
328.288 -0.018
346.26 -0.019
364.202 -0.02
382.114 -0.021
399.995 -0.022
417.845 -0.023
435.664 -0.024
453.451 -0.025
471.207 -0.026
488.929 -0.027
506.619 -0.028
524.276 -0.029
541.899 -0.03
559.488 -0.031
577.042 -0.032
594.562 -0.033
612.046 -0.034
629.494 -0.035
646.906 -0.036
664.282 -0.037
681.62 -0.038
698.92 -0.039
716.181 -0.04
733.404 -0.041
750.484 -0.042
766.681 -0.043
781.033 -0.044
792.91 -0.045
801.202 -0.046
806.585 -0.047
811.579 -0.048
816.532 -0.049
821.46 -0.05
826.363 -0.051
831.236 -0.052
836.07 -0.053
840.866 -0.054
845.632 -0.055
850.354 -0.056
855.023 -0.057
859.657 -0.058
864.238 -0.059
868.735 -0.06
873.103 -0.061
877.248 -0.062
881.135 -0.063
884.844 -0.064
888.197 -0.065
891.118 -0.066
893.929 -0.067
896.296 -0.068
898.086 -0.069
899.236 -0.07
900.003 -0.071
900.75 -0.072
901.477 -0.073
902.189 -0.074
902.885 -0.075
903.563 -0.076
904.23 -0.077
904.875 -0.078
905.504 -0.079
906.118 -0.08
906.715 -0.081
907.303 -0.082
907.871 -0.083
908.424 -0.084
908.962 -0.085
909.485 -0.086
909.996 -0.087
910.498 -0.088
910.979 -0.089
911.455 -0.09
911.909 -0.091
912.355 -0.092
912.777 -0.093
913.191 -0.094
913.591 -0.095
913.986 -0.096
914.372 -0.097
914.748 -0.098
915.12 -0.099
915.485 -0.1
915.841 -0.101
916.193 -0.102
916.541 -0.103
916.887 -0.104
917.23 -0.105
917.568 -0.106
917.904 -0.107
918.238 -0.108
918.572 -0.109
918.903 -0.11
919.234 -0.111
919.561 -0.112
919.888 -0.113
920.212 -0.114
920.535 -0.115
920.856 -0.116
921.175 -0.117
921.494 -0.118
921.81 -0.119
922.125 -0.12
922.437 -0.121
922.746 -0.122
923.052 -0.123
923.357 -0.124
923.66 -0.125
923.959 -0.126
924.256 -0.127
924.551 -0.128
924.846 -0.129
925.139 -0.13
925.428 -0.131
925.716 -0.132
926.002 -0.133
926.287 -0.134
926.571 -0.135
926.85 -0.136
927.125 -0.137
927.396 -0.138
927.665 -0.139
927.933 -0.14
928.199 -0.141
928.461 -0.142
928.722 -0.143
928.98 -0.144
929.235 -0.145
929.486 -0.146
929.738 -0.147
929.986 -0.148
930.232 -0.149
930.478 -0.15
930.722 -0.151
930.963 -0.152
931.2 -0.153
931.434 -0.154
931.665 -0.155
931.894 -0.156
932.119 -0.157
932.338 -0.158
932.557 -0.159
932.775 -0.16
932.991 -0.161
933.206 -0.162
933.418 -0.163
933.629 -0.164
933.839 -0.165
934.044 -0.166
934.243 -0.167
934.441 -0.168
934.639 -0.169
934.836 -0.17
935.033 -0.171
935.229 -0.172
935.423 -0.173
935.616 -0.174
935.809 -0.175
936.002 -0.176
936.192 -0.177
936.381 -0.178
936.566 -0.179
936.749 -0.18
936.933 -0.181
937.115 -0.182
937.298 -0.183
937.48 -0.184
937.662 -0.185
937.843 -0.186
938.024 -0.187
938.205 -0.188
938.385 -0.189
938.564 -0.19
938.743 -0.191
938.921 -0.192
939.099 -0.193
939.276 -0.194
939.454 -0.195
939.63 -0.196
939.806 -0.197
939.982 -0.198
940.157 -0.199
940.332 -0.2
940.506 -0.201
940.678 -0.202
940.85 -0.203
941.021 -0.204
941.189 -0.205
941.355 -0.206
941.522 -0.207
941.689 -0.208
941.855 -0.209
942.021 -0.21
942.187 -0.211
942.352 -0.212
942.517 -0.213
942.681 -0.214
942.846 -0.215
943.01 -0.216
943.174 -0.217
943.338 -0.218
943.502 -0.219
943.665 -0.22
943.829 -0.221
943.991 -0.222
944.15 -0.223
944.308 -0.224
944.466 -0.225
944.624 -0.226
944.781 -0.227
944.938 -0.228
945.095 -0.229
945.251 -0.23
945.407 -0.231
945.562 -0.232
945.717 -0.233
945.872 -0.234
946.027 -0.235
946.182 -0.236
946.337 -0.237
946.491 -0.238
946.645 -0.239
946.799 -0.24
946.953 -0.241
947.102 -0.242
947.25 -0.243
947.398 -0.244
947.546 -0.245
947.693 -0.246
947.841 -0.247
947.988 -0.248
948.135 -0.249
948.282 -0.25
948.429 -0.251
948.576 -0.252
948.722 -0.253
948.869 -0.254
949.015 -0.255
949.161 -0.256
949.306 -0.257
949.452 -0.258
949.594 -0.259
949.732 -0.26
949.869 -0.261
950.006 -0.262
950.143 -0.263
950.28 -0.264
950.417 -0.265
950.553 -0.266
950.69 -0.267
950.826 -0.268
950.962 -0.269
951.098 -0.27
951.234 -0.271
951.37 -0.272
951.506 -0.273
951.642 -0.274
951.777 -0.275
951.913 -0.276
952.048 -0.277
952.183 -0.278
952.318 -0.279
952.453 -0.28
952.588 -0.281
952.722 -0.282
952.856 -0.283
952.991 -0.284
953.124 -0.285
953.258 -0.286
953.392 -0.287
953.525 -0.288
953.659 -0.289
953.792 -0.29
953.925 -0.291
954.058 -0.292
954.191 -0.293
954.324 -0.294
954.456 -0.295
954.589 -0.296
954.722 -0.297
954.854 -0.298
954.986 -0.299
955.118 -0.3
955.25 -0.301
955.382 -0.302
955.514 -0.303
955.646 -0.304
955.778 -0.305
955.91 -0.306
956.042 -0.307
956.174 -0.308
956.306 -0.309
956.437 -0.31
956.569 -0.311
956.701 -0.312
956.832 -0.313
956.964 -0.314
957.095 -0.315
957.227 -0.316
957.358 -0.317
957.489 -0.318
957.619 -0.319
957.75 -0.32
957.881 -0.321
958.011 -0.322
958.141 -0.323
958.272 -0.324
958.402 -0.325
958.532 -0.326
958.662 -0.327
958.792 -0.328
958.922 -0.329
959.051 -0.33
959.181 -0.331
959.31 -0.332
959.439 -0.333
959.568 -0.334
959.697 -0.335
959.826 -0.336
959.955 -0.337
960.084 -0.338
960.213 -0.339
960.341 -0.34
960.468 -0.341
960.595 -0.342
960.722 -0.343
960.85 -0.344
960.977 -0.345
961.104 -0.346
961.232 -0.347
961.359 -0.348
961.486 -0.349
961.613 -0.35
961.74 -0.351
961.866 -0.352
961.993 -0.353
962.12 -0.354
962.247 -0.355
962.373 -0.356
962.5 -0.357
962.626 -0.358
962.752 -0.359
962.878 -0.36
963.005 -0.361
963.13 -0.362
963.256 -0.363
963.382 -0.364
963.508 -0.365
963.634 -0.366
963.759 -0.367
963.884 -0.368
964.008 -0.369
964.132 -0.37
964.255 -0.371
964.379 -0.372
964.503 -0.373
964.626 -0.374
964.75 -0.375
964.873 -0.376
964.996 -0.377
965.119 -0.378
965.241 -0.379
965.364 -0.38
965.486 -0.381
965.609 -0.382
965.731 -0.383
965.854 -0.384
965.976 -0.385
966.098 -0.386
966.22 -0.387
966.342 -0.388
966.464 -0.389
966.586 -0.39
966.708 -0.391
966.83 -0.392
966.952 -0.393
967.073 -0.394
967.195 -0.395
967.317 -0.396
967.438 -0.397
967.559 -0.398
967.681 -0.399
967.802 -0.4
967.923 -0.401
968.043 -0.402
968.163 -0.403
968.282 -0.404
968.402 -0.405
968.521 -0.406
968.639 -0.407
968.758 -0.408
968.877 -0.409
968.996 -0.41
969.114 -0.411
969.233 -0.412
969.352 -0.413
969.471 -0.414
969.59 -0.415
969.708 -0.416
969.827 -0.417
969.946 -0.418
970.064 -0.419
970.183 -0.42
970.302 -0.421
970.42 -0.422
970.538 -0.423
970.657 -0.424
970.775 -0.425
970.893 -0.426
971.011 -0.427
971.128 -0.428
971.246 -0.429
971.363 -0.43
971.48 -0.431
971.597 -0.432
971.714 -0.433
971.831 -0.434
971.947 -0.435
972.064 -0.436
972.18 -0.437
972.297 -0.438
972.413 -0.439
972.529 -0.44
972.644 -0.441
972.758 -0.442
972.872 -0.443
972.986 -0.444
973.1 -0.445
973.213 -0.446
973.327 -0.447
973.441 -0.448
973.554 -0.449
973.668 -0.45
973.781 -0.451
973.895 -0.452
974.009 -0.453
974.123 -0.454
974.237 -0.455
974.352 -0.456
974.466 -0.457
974.58 -0.458
974.694 -0.459
974.808 -0.46
974.922 -0.461
975.036 -0.462
975.15 -0.463
975.263 -0.464
975.377 -0.465
975.491 -0.466
975.604 -0.467
975.718 -0.468
975.831 -0.469
975.945 -0.47
976.058 -0.471
976.171 -0.472
976.284 -0.473
976.397 -0.474
976.509 -0.475
976.622 -0.476
976.734 -0.477
976.846 -0.478
976.959 -0.479
977.071 -0.48
977.183 -0.481
977.295 -0.482
977.407 -0.483
977.519 -0.484
977.631 -0.485
977.743 -0.486
977.855 -0.487
977.968 -0.488
978.08 -0.489
978.193 -0.49
978.306 -0.491
978.418 -0.492
978.531 -0.493
978.644 -0.494
978.756 -0.495
978.869 -0.496
978.981 -0.497
979.093 -0.498
979.206 -0.499
979.318 -0.5
979.43 -0.501
979.542 -0.502
979.654 -0.503
979.765 -0.504
979.877 -0.505
979.989 -0.506
980.1 -0.507
980.211 -0.508
980.323 -0.509
980.434 -0.51
980.545 -0.511
980.657 -0.512
980.768 -0.513
980.879 -0.514
980.99 -0.515
981.101 -0.516
981.212 -0.517
981.323 -0.518
981.434 -0.519
981.545 -0.52
981.656 -0.521
981.767 -0.522
981.878 -0.523
981.989 -0.524
982.099 -0.525
982.21 -0.526
982.321 -0.527
982.431 -0.528
982.541 -0.529
982.65 -0.53
982.76 -0.531
982.869 -0.532
982.978 -0.533
983.088 -0.534
983.197 -0.535
983.305 -0.536
983.414 -0.537
983.523 -0.538
983.631 -0.539
983.739 -0.54
983.847 -0.541
983.955 -0.542
984.063 -0.543
984.171 -0.544
984.279 -0.545
984.386 -0.546
984.493 -0.547
984.6 -0.548
984.707 -0.549
984.813 -0.55
984.919 -0.551
985.023 -0.552
985.127 -0.553
985.23 -0.554
985.332 -0.555
985.434 -0.556
985.535 -0.557
985.635 -0.558
985.734 -0.559
985.831 -0.56
985.922 -0.561
986.003 -0.562
986.075 -0.563
986.134 -0.564
986.162 -0.565
986.172 -0.566
986.157 -0.567
986.114 -0.568
986.115 -0.569
986.182 -0.57
986.24 -0.571
986.287 -0.572
986.32 -0.573
986.373 -0.574
986.438 -0.575
986.47 -0.576
986.463 -0.577
986.406 -0.578
986.328 -0.579
986.254 -0.58
986.152 -0.581
986.034 -0.582
985.896 -0.583
985.757 -0.584
985.823 -0.585
985.881 -0.586
985.926 -0.587
985.957 -0.588
986.033 -0.589
986.121 -0.59
986.197 -0.591
986.261 -0.592
986.302 -0.593
986.369 -0.594
986.465 -0.595
986.561 -0.596
986.651 -0.597
986.73 -0.598
986.82 -0.599
986.938 -0.6
987.053 -0.601
987.166 -0.602
987.281 -0.603
987.395 -0.604
987.513 -0.605
987.641 -0.606
987.769 -0.607
987.891 -0.608
988.007 -0.609
988.123 -0.61
988.24 -0.611
988.365 -0.612
988.488 -0.613
988.611 -0.614
988.734 -0.615
988.853 -0.616
988.971 -0.617
989.089 -0.618
989.208 -0.619
989.32 -0.62
989.43 -0.621
989.539 -0.622
989.645 -0.623
989.741 -0.624
989.838 -0.625
989.933 -0.626
990.029 -0.627
990.125 -0.628
990.221 -0.629
990.317 -0.63
990.412 -0.631
990.508 -0.632
990.603 -0.633
990.698 -0.634
990.792 -0.635
990.886 -0.636
990.978 -0.637
991.07 -0.638
991.161 -0.639
991.252 -0.64
991.342 -0.641
991.432 -0.642
991.522 -0.643
991.611 -0.644
991.7 -0.645
991.785 -0.646
991.867 -0.647
991.948 -0.648
992.029 -0.649
992.107 -0.65
992.183 -0.651
992.262 -0.652
992.344 -0.653
992.431 -0.654
992.517 -0.655
992.602 -0.656
992.686 -0.657
992.77 -0.658
992.854 -0.659
992.935 -0.66
993.016 -0.661
993.095 -0.662
993.172 -0.663
993.248 -0.664
993.321 -0.665
993.397 -0.666
993.482 -0.667
993.561 -0.668
993.649 -0.669
993.737 -0.67
993.822 -0.671
993.903 -0.672
993.979 -0.673
994.061 -0.674
994.15 -0.675
994.235 -0.676
994.316 -0.677
994.394 -0.678
994.488 -0.679
994.578 -0.68
994.672 -0.681
994.767 -0.682
994.862 -0.683
994.954 -0.684
995.046 -0.685
995.147 -0.686
995.249 -0.687
995.35 -0.688
995.451 -0.689
995.552 -0.69
995.655 -0.691
995.758 -0.692
995.861 -0.693
995.965 -0.694
996.071 -0.695
996.178 -0.696
996.284 -0.697
996.391 -0.698
996.497 -0.699
996.604 -0.7
996.71 -0.701
996.816 -0.702
996.923 -0.703
997.031 -0.704
997.139 -0.705
997.248 -0.706
997.357 -0.707
997.466 -0.708
997.575 -0.709
997.685 -0.71
997.794 -0.711
997.903 -0.712
998.013 -0.713
998.122 -0.714
998.231 -0.715
998.34 -0.716
998.449 -0.717
998.559 -0.718
998.668 -0.719
998.777 -0.72
998.885 -0.721
998.994 -0.722
999.102 -0.723
999.211 -0.724
999.319 -0.725
999.428 -0.726
999.536 -0.727
999.644 -0.728
999.751 -0.729
999.859 -0.73
999.967 -0.731
1000.07 -0.732
1000.18 -0.733
1000.29 -0.734
1000.4 -0.735
1000.51 -0.736
1000.61 -0.737
1000.72 -0.738
1000.83 -0.739
1000.94 -0.74
1001.04 -0.741
1001.15 -0.742
1001.26 -0.743
1001.37 -0.744
1001.47 -0.745
1001.58 -0.746
1001.69 -0.747
1001.79 -0.748
1001.9 -0.749
1002 -0.75
1002.1 -0.751
1002.19 -0.752
1002.28 -0.753
1002.35 -0.754
1002.42 -0.755
1002.48 -0.756
1002.52 -0.757
1002.56 -0.758
1002.59 -0.759
1002.61 -0.76
1002.67 -0.761
1002.75 -0.762
1002.79 -0.763
1002.82 -0.764
1002.84 -0.765
1002.83 -0.766
1002.81 -0.767
1002.79 -0.768
1002.77 -0.769
1002.75 -0.77
1002.78 -0.771
1002.88 -0.772
1002.98 -0.773
1003.09 -0.774
1003.19 -0.775
1003.29 -0.776
1003.4 -0.777
1003.53 -0.778
1003.66 -0.779
1003.78 -0.78
1003.91 -0.781
1004.05 -0.782
1004.21 -0.783
1004.37 -0.784
1004.52 -0.785
1004.66 -0.786
1004.81 -0.787
1004.96 -0.788
1005.1 -0.789
1005.24 -0.79
1005.39 -0.791
1005.53 -0.792
1005.67 -0.793
1005.81 -0.794
1005.94 -0.795
1006.06 -0.796
1006.18 -0.797
1006.3 -0.798
1006.43 -0.799
1006.55 -0.8
1006.67 -0.801
1006.79 -0.802
1006.92 -0.803
1007.04 -0.804
1007.16 -0.805
1007.29 -0.806
1007.41 -0.807
1007.54 -0.808
1007.66 -0.809
1007.79 -0.81
1007.91 -0.811
1008.04 -0.812
1008.17 -0.813
1008.3 -0.814
1008.42 -0.815
1008.55 -0.816
1008.68 -0.817
1008.81 -0.818
1008.94 -0.819
1009.07 -0.82
1009.2 -0.821
1009.33 -0.822
1009.46 -0.823
1009.59 -0.824
1009.72 -0.825
1009.85 -0.826
1009.98 -0.827
1010.12 -0.828
1010.25 -0.829
1010.38 -0.83
1010.52 -0.831
1010.65 -0.832
1010.79 -0.833
1010.92 -0.834
1011.05 -0.835
1011.19 -0.836
1011.32 -0.837
1011.46 -0.838
1011.59 -0.839
1011.73 -0.84
1011.86 -0.841
1012 -0.842
1012.14 -0.843
1012.27 -0.844
1012.41 -0.845
1012.54 -0.846
1012.68 -0.847
1012.81 -0.848
1012.95 -0.849
1013.09 -0.85
1013.22 -0.851
1013.36 -0.852
1013.49 -0.853
1013.63 -0.854
1013.77 -0.855
1013.9 -0.856
1014.04 -0.857
1014.18 -0.858
1014.32 -0.859
1014.45 -0.86
1014.59 -0.861
1014.73 -0.862
1014.87 -0.863
1015 -0.864
1015.14 -0.865
1015.28 -0.866
1015.42 -0.867
1015.56 -0.868
1015.69 -0.869
1015.83 -0.87
1015.97 -0.871
1016.11 -0.872
1016.25 -0.873
1016.39 -0.874
1016.53 -0.875
1016.67 -0.876
1016.81 -0.877
1016.94 -0.878
1017.08 -0.879
1017.22 -0.88
1017.36 -0.881
1017.5 -0.882
1017.64 -0.883
1017.78 -0.884
1017.92 -0.885
1018.07 -0.886
1018.21 -0.887
1018.35 -0.888
1018.49 -0.889
1018.63 -0.89
1018.77 -0.891
1018.91 -0.892
1019.05 -0.893
1019.19 -0.894
1019.34 -0.895
1019.48 -0.896
1019.62 -0.897
1019.76 -0.898
1019.9 -0.899
1020.05 -0.9
1020.19 -0.901
1020.33 -0.902
1020.47 -0.903
1020.62 -0.904
1020.76 -0.905
1020.9 -0.906
1021.05 -0.907
1021.19 -0.908
1021.33 -0.909
1021.48 -0.91
1021.62 -0.911
1021.77 -0.912
1021.91 -0.913
1022.05 -0.914
1022.2 -0.915
1022.34 -0.916
1022.49 -0.917
1022.63 -0.918
1022.78 -0.919
1022.92 -0.92
1023.07 -0.921
1023.21 -0.922
1023.36 -0.923
1023.51 -0.924
1023.65 -0.925
1023.8 -0.926
1023.94 -0.927
1024.09 -0.928
1024.24 -0.929
1024.38 -0.93
1024.53 -0.931
1024.68 -0.932
1024.82 -0.933
1024.97 -0.934
1025.12 -0.935
1025.26 -0.936
1025.41 -0.937
1025.56 -0.938
1025.71 -0.939
1025.85 -0.94
1026 -0.941
1026.15 -0.942
1026.3 -0.943
1026.45 -0.944
1026.6 -0.945
1026.75 -0.946
1026.89 -0.947
1027.04 -0.948
1027.19 -0.949
1027.34 -0.95
1027.49 -0.951
1027.64 -0.952
1027.79 -0.953
1027.94 -0.954
1028.09 -0.955
1028.24 -0.956
1028.39 -0.957
1028.54 -0.958
1028.69 -0.959
1028.84 -0.96
1028.99 -0.961
1029.15 -0.962
1029.3 -0.963
1029.45 -0.964
1029.6 -0.965
1029.75 -0.966
1029.9 -0.967
1030.06 -0.968
1030.21 -0.969
1030.36 -0.97
1030.51 -0.971
1030.67 -0.972
1030.82 -0.973
1030.97 -0.974
1031.13 -0.975
1031.28 -0.976
1031.43 -0.977
1031.59 -0.978
1031.74 -0.979
1031.89 -0.98
1032.05 -0.981
1032.2 -0.982
1032.36 -0.983
1032.51 -0.984
1032.67 -0.985
1032.82 -0.986
1032.98 -0.987
1033.13 -0.988
1033.29 -0.989
1033.44 -0.99
1033.6 -0.991
1033.76 -0.992
1033.91 -0.993
1034.07 -0.994
1034.23 -0.995
1034.38 -0.996
1034.54 -0.997
1034.7 -0.998
1034.85 -0.999
1035.01 -1
1035.17 -1.001
1035.33 -1.002
1035.48 -1.003
1035.64 -1.004
1035.8 -1.005
1035.96 -1.006
1036.12 -1.007
1036.27 -1.008
1036.43 -1.009
1036.59 -1.01
1036.75 -1.011
1036.91 -1.012
1037.07 -1.013
1037.23 -1.014
1037.39 -1.015
1037.55 -1.016
1037.71 -1.017
1037.87 -1.018
1038.03 -1.019
1038.19 -1.02
1038.35 -1.021
1038.51 -1.022
1038.68 -1.023
1038.84 -1.024
1039 -1.025
1039.16 -1.026
1039.32 -1.027
1039.48 -1.028
1039.65 -1.029
1039.81 -1.03
1039.97 -1.031
1040.13 -1.032
1040.3 -1.033
1040.46 -1.034
1040.62 -1.035
1040.79 -1.036
1040.95 -1.037
1041.11 -1.038
1041.28 -1.039
1041.44 -1.04
1041.61 -1.041
1041.77 -1.042
1041.94 -1.043
1042.1 -1.044
1042.27 -1.045
1042.43 -1.046
1042.6 -1.047
1042.76 -1.048
1042.93 -1.049
1043.09 -1.05
1043.26 -1.051
1043.43 -1.052
1043.59 -1.053
1043.76 -1.054
1043.93 -1.055
1044.09 -1.056
1044.26 -1.057
1044.43 -1.058
1044.6 -1.059
1044.76 -1.06
1044.93 -1.061
1045.1 -1.062
1045.27 -1.063
1045.44 -1.064
1045.6 -1.065
1045.77 -1.066
1045.94 -1.067
1046.11 -1.068
1046.28 -1.069
1046.45 -1.07
1046.62 -1.071
1046.79 -1.072
1046.96 -1.073
1047.13 -1.074
1047.3 -1.075
1047.47 -1.076
1047.64 -1.077
1047.81 -1.078
1047.98 -1.079
1048.15 -1.08
1048.32 -1.081
1048.49 -1.082
1048.66 -1.083
1048.84 -1.084
1049.01 -1.085
1049.18 -1.086
1049.35 -1.087
1049.53 -1.088
1049.7 -1.089
1049.87 -1.09
1050.05 -1.091
1050.22 -1.092
1050.36 -1.093
1050.52 -1.094
1050.68 -1.095
1050.84 -1.096
1051 -1.097
1051.16 -1.098
1051.32 -1.099
1051.48 -1.1
1051.64 -1.101
1051.8 -1.102
1051.97 -1.103
1052.13 -1.104
1052.29 -1.105
1052.44 -1.106
1052.57 -1.107
1052.72 -1.108
1052.87 -1.109
1053.02 -1.11
1053.17 -1.111
1053.32 -1.112
1053.47 -1.113
1053.62 -1.114
1053.77 -1.115
1053.91 -1.116
1054.06 -1.117
1054.21 -1.118
1054.35 -1.119
1054.5 -1.12
1054.63 -1.121
1054.77 -1.122
1054.91 -1.123
1055.04 -1.124
1055.18 -1.125
1055.31 -1.126
1055.44 -1.127
1055.57 -1.128
1055.7 -1.129
1055.84 -1.13
1056 -1.131
1056.17 -1.132
1056.34 -1.133
1056.51 -1.134
1056.67 -1.135
1056.84 -1.136
1057.01 -1.137
1057.18 -1.138
1057.34 -1.139
1057.5 -1.14
1057.68 -1.141
1057.84 -1.142
1058.01 -1.143
1058.18 -1.144
1058.34 -1.145
1058.5 -1.146
1058.67 -1.147
1058.84 -1.148
1059.01 -1.149
1059.18 -1.15
1059.35 -1.151
1059.51 -1.152
1059.66 -1.153
1059.82 -1.154
1059.97 -1.155
1060.12 -1.156
1060.28 -1.157
1060.43 -1.158
1060.59 -1.159
1060.75 -1.16
1060.91 -1.161
1061.07 -1.162
1061.23 -1.163
1061.38 -1.164
1061.54 -1.165
1061.7 -1.166
1061.86 -1.167
1062.02 -1.168
1062.18 -1.169
1062.34 -1.17
1062.49 -1.171
1062.65 -1.172
1062.81 -1.173
1062.96 -1.174
1063.12 -1.175
1063.27 -1.176
1063.43 -1.177
1063.58 -1.178
1063.74 -1.179
1063.89 -1.18
1064.04 -1.181
1064.2 -1.182
1064.35 -1.183
1064.51 -1.184
1064.67 -1.185
1064.82 -1.186
1064.98 -1.187
1065.14 -1.188
1065.3 -1.189
1065.46 -1.19
1065.61 -1.191
1065.77 -1.192
1065.93 -1.193
1066.09 -1.194
1066.26 -1.195
1066.42 -1.196
1066.59 -1.197
1066.76 -1.198
1066.93 -1.199
1067.1 -1.2
1067.27 -1.201
1067.45 -1.202
1067.62 -1.203
1067.8 -1.204
1067.98 -1.205
1068.16 -1.206
1068.34 -1.207
1068.52 -1.208
1068.71 -1.209
1068.9 -1.21
1069.08 -1.211
1069.27 -1.212
1069.46 -1.213
1069.65 -1.214
1069.85 -1.215
1070.04 -1.216
1070.24 -1.217
1070.44 -1.218
1070.63 -1.219
1070.83 -1.22
1071.03 -1.221
1071.23 -1.222
1071.43 -1.223
1071.64 -1.224
1071.84 -1.225
1072.05 -1.226
1072.25 -1.227
1072.46 -1.228
1072.67 -1.229
1072.87 -1.23
1073.08 -1.231
1073.29 -1.232
1073.5 -1.233
1073.71 -1.234
1073.92 -1.235
1074.13 -1.236
1074.34 -1.237
1074.56 -1.238
1074.77 -1.239
1074.99 -1.24
1075.2 -1.241
1075.42 -1.242
1075.63 -1.243
1075.85 -1.244
1076.07 -1.245
1076.29 -1.246
1076.51 -1.247
1076.74 -1.248
1076.97 -1.249
1077.19 -1.25
1077.42 -1.251
1077.65 -1.252
1077.88 -1.253
1078.11 -1.254
1078.34 -1.255
1078.57 -1.256
1078.81 -1.257
1079.04 -1.258
1079.27 -1.259
1079.51 -1.26
1079.75 -1.261
1079.99 -1.262
1080.24 -1.263
1080.48 -1.264
1080.73 -1.265
1080.98 -1.266
1081.23 -1.267
1081.48 -1.268
1081.73 -1.269
1081.98 -1.27
1082.23 -1.271
1082.48 -1.272
1082.73 -1.273
1082.98 -1.274
1083.23 -1.275
1083.48 -1.276
1083.74 -1.277
1083.99 -1.278
1084.24 -1.279
1084.49 -1.28
1084.74 -1.281
1084.99 -1.282
1085.24 -1.283
1085.5 -1.284
1085.75 -1.285
1086 -1.286
1086.25 -1.287
1086.5 -1.288
1086.75 -1.289
1087.01 -1.29
1087.27 -1.291
1087.52 -1.292
1087.77 -1.293
1088.02 -1.294
1088.27 -1.295
1088.52 -1.296
1088.77 -1.297
1089.02 -1.298
1089.27 -1.299
1089.52 -1.3
