11.1509 -0.001
22.229 -0.002
33.2341 -0.003
44.1661 -0.004
55.0251 -0.005
65.8111 -0.006
76.524 -0.007
87.1638 -0.008
97.7305 -0.009
108.224 -0.01
118.644 -0.011
128.991 -0.012
139.264 -0.013
149.464 -0.014
159.589 -0.015
169.641 -0.016
179.619 -0.017
189.522 -0.018
199.351 -0.019
209.105 -0.02
218.784 -0.021
228.384 -0.022
237.724 -0.023
246.373 -0.024
253.969 -0.025
260.617 -0.026
266.935 -0.027
272.836 -0.028
278.443 -0.029
283.987 -0.03
289.466 -0.031
294.883 -0.032
300.237 -0.033
305.529 -0.034
310.758 -0.035
315.926 -0.036
321.035 -0.037
326.089 -0.038
331.073 -0.039
335.98 -0.04
340.769 -0.041
345.409 -0.042
349.893 -0.043
354.254 -0.044
358.49 -0.045
362.608 -0.046
366.612 -0.047
370.501 -0.048
374.304 -0.049
378.02 -0.05
381.67 -0.051
385.271 -0.052
388.828 -0.053
392.339 -0.054
395.808 -0.055
399.235 -0.056
402.616 -0.057
405.953 -0.058
409.248 -0.059
412.505 -0.06
415.728 -0.061
418.917 -0.062
422.08 -0.063
425.126 -0.064
427.942 -0.065
430.605 -0.066
432.792 -0.067
434.654 -0.068
435.881 -0.069
436.841 -0.07
437.73 -0.071
438.57 -0.072
439.285 -0.073
439.984 -0.074
440.609 -0.075
441.072 -0.076
441.52 -0.077
441.785 -0.078
441.898 -0.079
441.761 -0.08
441.602 -0.081
441.432 -0.082
441.254 -0.083
441.066 -0.084
440.86 -0.085
440.634 -0.086
440.395 -0.087
440.15 -0.088
439.897 -0.089
439.63 -0.09
439.346 -0.091
439.054 -0.092
438.751 -0.093
438.437 -0.094
438.113 -0.095
437.782 -0.096
437.448 -0.097
437.11 -0.098
436.768 -0.099
436.424 -0.1
436.076 -0.101
435.727 -0.102
435.375 -0.103
435.019 -0.104
434.658 -0.105
434.292 -0.106
433.922 -0.107
433.55 -0.108
433.177 -0.109
432.802 -0.11
432.427 -0.111
432.051 -0.112
431.675 -0.113
431.298 -0.114
430.921 -0.115
430.542 -0.116
430.16 -0.117
429.774 -0.118
429.386 -0.119
428.994 -0.12
428.603 -0.121
428.212 -0.122
427.821 -0.123
427.431 -0.124
427.039 -0.125
426.648 -0.126
426.253 -0.127
425.856 -0.128
425.457 -0.129
425.056 -0.13
424.656 -0.131
424.257 -0.132
423.858 -0.133
423.459 -0.134
423.062 -0.135
422.665 -0.136
422.271 -0.137
421.88 -0.138
421.494 -0.139
421.112 -0.14
420.732 -0.141
420.355 -0.142
419.979 -0.143
419.604 -0.144
419.23 -0.145
418.857 -0.146
418.485 -0.147
418.115 -0.148
417.746 -0.149
417.378 -0.15
417.012 -0.151
416.647 -0.152
416.284 -0.153
415.922 -0.154
415.561 -0.155
415.202 -0.156
414.845 -0.157
414.489 -0.158
414.135 -0.159
413.783 -0.16
413.431 -0.161
413.08 -0.162
412.731 -0.163
412.385 -0.164
412.042 -0.165
411.703 -0.166
411.37 -0.167
411.039 -0.168
410.715 -0.169
410.394 -0.17
410.078 -0.171
409.767 -0.172
409.46 -0.173
409.156 -0.174
408.856 -0.175
408.557 -0.176
408.26 -0.177
407.965 -0.178
407.672 -0.179
407.381 -0.18
407.092 -0.181
406.805 -0.182
406.521 -0.183
406.238 -0.184
405.957 -0.185
405.678 -0.186
405.401 -0.187
405.125 -0.188
404.851 -0.189
404.579 -0.19
404.309 -0.191
404.042 -0.192
403.776 -0.193
403.511 -0.194
403.248 -0.195
402.986 -0.196
402.726 -0.197
402.469 -0.198
402.213 -0.199
401.959 -0.2
401.707 -0.201
401.457 -0.202
401.208 -0.203
400.962 -0.204
400.717 -0.205
400.472 -0.206
400.228 -0.207
399.986 -0.208
399.745 -0.209
399.507 -0.21
399.271 -0.211
399.038 -0.212
398.808 -0.213
398.576 -0.214
398.346 -0.215
398.118 -0.216
397.893 -0.217
397.67 -0.218
397.449 -0.219
397.229 -0.22
397.009 -0.221
396.791 -0.222
396.576 -0.223
396.362 -0.224
396.151 -0.225
395.942 -0.226
395.735 -0.227
395.53 -0.228
395.327 -0.229
395.128 -0.23
394.931 -0.231
394.737 -0.232
394.545 -0.233
394.355 -0.234
394.166 -0.235
393.979 -0.236
393.792 -0.237
393.608 -0.238
393.426 -0.239
393.247 -0.24
393.07 -0.241
392.895 -0.242
392.722 -0.243
392.548 -0.244
392.377 -0.245
392.209 -0.246
392.043 -0.247
391.879 -0.248
391.718 -0.249
391.559 -0.25
391.402 -0.251
391.245 -0.252
391.089 -0.253
390.937 -0.254
390.787 -0.255
390.639 -0.256
390.495 -0.257
390.352 -0.258
390.207 -0.259
390.063 -0.26
389.92 -0.261
389.778 -0.262
389.638 -0.263
389.499 -0.264
389.361 -0.265
389.219 -0.266
389.079 -0.267
388.941 -0.268
388.804 -0.269
388.669 -0.27
388.535 -0.271
388.401 -0.272
388.268 -0.273
388.138 -0.274
388.01 -0.275
387.886 -0.276
387.763 -0.277
387.643 -0.278
387.523 -0.279
387.405 -0.28
387.289 -0.281
387.176 -0.282
387.065 -0.283
386.958 -0.284
386.853 -0.285
386.746 -0.286
386.642 -0.287
386.54 -0.288
386.442 -0.289
386.346 -0.29
386.252 -0.291
386.158 -0.292
386.066 -0.293
385.976 -0.294
385.889 -0.295
385.805 -0.296
385.723 -0.297
385.64 -0.298
385.559 -0.299
385.481 -0.3
385.405 -0.301
385.332 -0.302
385.259 -0.303
385.187 -0.304
385.117 -0.305
385.05 -0.306
384.985 -0.307
384.924 -0.308
384.865 -0.309
384.809 -0.31
384.753 -0.311
384.697 -0.312
384.642 -0.313
384.591 -0.314
384.542 -0.315
384.493 -0.316
384.447 -0.317
384.4 -0.318
384.355 -0.319
384.311 -0.32
384.269 -0.321
384.229 -0.322
384.187 -0.323
384.149 -0.324
384.111 -0.325
384.075 -0.326
384.038 -0.327
384.003 -0.328
383.972 -0.329
383.94 -0.33
383.908 -0.331
383.877 -0.332
383.85 -0.333
383.823 -0.334
383.794 -0.335
383.767 -0.336
383.743 -0.337
383.722 -0.338
383.703 -0.339
383.687 -0.34
383.674 -0.341
383.663 -0.342
383.652 -0.343
383.641 -0.344
383.632 -0.345
383.624 -0.346
383.617 -0.347
383.609 -0.348
383.604 -0.349
383.599 -0.35
383.593 -0.351
383.589 -0.352
383.587 -0.353
383.581 -0.354
383.576 -0.355
383.572 -0.356
383.566 -0.357
383.558 -0.358
383.551 -0.359
383.542 -0.36
383.533 -0.361
383.523 -0.362
383.514 -0.363
383.507 -0.364
383.502 -0.365
383.497 -0.366
383.495 -0.367
383.495 -0.368
383.495 -0.369
383.497 -0.37
383.502 -0.371
383.507 -0.372
383.513 -0.373
383.522 -0.374
383.533 -0.375
383.543 -0.376
383.556 -0.377
383.571 -0.378
383.586 -0.379
383.603 -0.38
383.622 -0.381
383.642 -0.382
383.663 -0.383
383.686 -0.384
383.711 -0.385
383.735 -0.386
383.762 -0.387
383.792 -0.388
383.82 -0.389
383.851 -0.39
383.885 -0.391
383.922 -0.392
383.961 -0.393
384.003 -0.394
384.048 -0.395
384.096 -0.396
384.147 -0.397
384.198 -0.398
384.25 -0.399
384.305 -0.4
384.361 -0.401
384.417 -0.402
384.475 -0.403
384.535 -0.404
384.594 -0.405
384.656 -0.406
384.719 -0.407
384.782 -0.408
384.848 -0.409
384.915 -0.41
384.981 -0.411
385.051 -0.412
385.121 -0.413
385.192 -0.414
385.265 -0.415
385.342 -0.416
385.421 -0.417
385.504 -0.418
385.589 -0.419
385.678 -0.42
385.77 -0.421
385.862 -0.422
385.958 -0.423
386.057 -0.424
386.157 -0.425
386.259 -0.426
386.363 -0.427
386.467 -0.428
386.574 -0.429
386.684 -0.43
386.792 -0.431
386.903 -0.432
387.017 -0.433
387.129 -0.434
387.243 -0.435
387.36 -0.436
387.478 -0.437
387.595 -0.438
387.715 -0.439
387.838 -0.44
387.96 -0.441
388.085 -0.442
388.213 -0.443
388.341 -0.444
388.471 -0.445
388.604 -0.446
388.74 -0.447
388.875 -0.448
389.013 -0.449
389.151 -0.45
389.29 -0.451
389.431 -0.452
389.571 -0.453
389.713 -0.454
389.855 -0.455
390 -0.456
390.144 -0.457
390.289 -0.458
390.435 -0.459
390.582 -0.46
390.732 -0.461
390.886 -0.462
391.042 -0.463
391.201 -0.464
391.362 -0.465
391.527 -0.466
391.694 -0.467
391.865 -0.468
392.039 -0.469
392.216 -0.47
392.395 -0.471
392.578 -0.472
392.765 -0.473
392.954 -0.474
393.147 -0.475
393.344 -0.476
393.544 -0.477
393.747 -0.478
393.954 -0.479
394.164 -0.48
394.379 -0.481
394.596 -0.482
394.818 -0.483
395.043 -0.484
395.272 -0.485
395.504 -0.486
395.739 -0.487
395.978 -0.488
396.22 -0.489
396.465 -0.49
396.714 -0.491
396.966 -0.492
397.221 -0.493
397.478 -0.494
397.738 -0.495
397.999 -0.496
398.262 -0.497
398.527 -0.498
398.794 -0.499
399.061 -0.5
399.33 -0.501
399.599 -0.502
399.87 -0.503
400.14 -0.504
400.414 -0.505
400.688 -0.506
400.967 -0.507
401.246 -0.508
401.529 -0.509
401.812 -0.51
402.1 -0.511
402.391 -0.512
402.686 -0.513
402.984 -0.514
403.285 -0.515
403.59 -0.516
403.897 -0.517
404.208 -0.518
404.519 -0.519
404.834 -0.52
405.151 -0.521
405.47 -0.522
405.793 -0.523
406.118 -0.524
406.445 -0.525
406.774 -0.526
407.104 -0.527
407.439 -0.528
407.777 -0.529
408.119 -0.53
408.464 -0.531
408.811 -0.532
409.163 -0.533
409.518 -0.534
409.877 -0.535
410.24 -0.536
410.607 -0.537
410.975 -0.538
411.347 -0.539
411.722 -0.54
412.099 -0.541
412.481 -0.542
412.866 -0.543
413.254 -0.544
413.644 -0.545
414.039 -0.546
414.438 -0.547
414.841 -0.548
415.247 -0.549
415.656 -0.55
416.068 -0.551
416.485 -0.552
416.904 -0.553
417.325 -0.554
417.749 -0.555
418.175 -0.556
418.605 -0.557
419.037 -0.558
419.474 -0.559
419.913 -0.56
420.356 -0.561
420.8 -0.562
421.242 -0.563
421.685 -0.564
422.129 -0.565
422.575 -0.566
423.021 -0.567
423.47 -0.568
423.922 -0.569
424.375 -0.57
424.831 -0.571
425.291 -0.572
425.755 -0.573
426.223 -0.574
426.692 -0.575
427.162 -0.576
427.637 -0.577
428.115 -0.578
428.597 -0.579
429.084 -0.58
429.574 -0.581
430.066 -0.582
430.561 -0.583
431.058 -0.584
431.557 -0.585
432.058 -0.586
432.563 -0.587
433.069 -0.588
433.578 -0.589
434.089 -0.59
434.604 -0.591
435.121 -0.592
435.64 -0.593
436.163 -0.594
436.687 -0.595
437.214 -0.596
437.744 -0.597
438.277 -0.598
438.812 -0.599
439.351 -0.6
439.893 -0.601
440.439 -0.602
440.985 -0.603
441.534 -0.604
442.085 -0.605
442.638 -0.606
443.192 -0.607
443.748 -0.608
444.304 -0.609
444.863 -0.61
445.425 -0.611
445.991 -0.612
446.56 -0.613
447.132 -0.614
447.707 -0.615
448.281 -0.616
448.859 -0.617
449.441 -0.618
450.025 -0.619
450.611 -0.62
451.201 -0.621
451.796 -0.622
452.394 -0.623
452.995 -0.624
453.59 -0.625
454.134 -0.626
454.681 -0.627
455.232 -0.628
455.784 -0.629
456.339 -0.63
456.892 -0.631
457.439 -0.632
457.974 -0.633
458.504 -0.634
459.033 -0.635
459.567 -0.636
460.104 -0.637
460.64 -0.638
461.17 -0.639
461.661 -0.64
462.153 -0.641
462.648 -0.642
463.146 -0.643
463.647 -0.644
464.152 -0.645
464.656 -0.646
465.155 -0.647
465.655 -0.648
466.158 -0.649
466.664 -0.65
467.174 -0.651
467.686 -0.652
468.199 -0.653
468.716 -0.654
469.236 -0.655
469.759 -0.656
470.284 -0.657
470.812 -0.658
471.343 -0.659
471.877 -0.66
472.414 -0.661
472.953 -0.662
473.495 -0.663
474.041 -0.664
474.59 -0.665
475.14 -0.666
475.694 -0.667
476.251 -0.668
476.812 -0.669
477.374 -0.67
477.939 -0.671
478.508 -0.672
479.08 -0.673
479.653 -0.674
480.23 -0.675
480.81 -0.676
481.394 -0.677
481.981 -0.678
482.572 -0.679
483.166 -0.68
483.763 -0.681
484.364 -0.682
484.968 -0.683
485.576 -0.684
486.188 -0.685
486.803 -0.686
487.422 -0.687
488.044 -0.688
488.67 -0.689
489.299 -0.69
489.932 -0.691
490.569 -0.692
491.21 -0.693
491.854 -0.694
492.501 -0.695
493.153 -0.696
493.808 -0.697
494.467 -0.698
495.129 -0.699
495.796 -0.7
496.466 -0.701
497.14 -0.702
497.817 -0.703
498.499 -0.704
499.184 -0.705
499.873 -0.706
500.564 -0.707
501.26 -0.708
501.959 -0.709
502.661 -0.71
503.367 -0.711
504.076 -0.712
504.788 -0.713
505.504 -0.714
506.224 -0.715
506.94 -0.716
507.657 -0.717
508.378 -0.718
509.102 -0.719
509.829 -0.72
510.56 -0.721
511.293 -0.722
512.031 -0.723
512.773 -0.724
513.518 -0.725
514.267 -0.726
515.021 -0.727
515.777 -0.728
516.532 -0.729
517.288 -0.73
518.047 -0.731
518.811 -0.732
519.578 -0.733
520.349 -0.734
521.124 -0.735
521.903 -0.736
522.687 -0.737
523.473 -0.738
524.261 -0.739
525.051 -0.74
525.84 -0.741
526.633 -0.742
527.429 -0.743
528.228 -0.744
529.03 -0.745
529.834 -0.746
530.642 -0.747
531.452 -0.748
532.265 -0.749
533.08 -0.75
533.899 -0.751
534.719 -0.752
535.543 -0.753
536.37 -0.754
537.202 -0.755
538.038 -0.756
538.877 -0.757
539.72 -0.758
540.568 -0.759
541.418 -0.76
542.27 -0.761
543.122 -0.762
543.974 -0.763
544.828 -0.764
545.682 -0.765
546.54 -0.766
547.397 -0.767
548.184 -0.768
548.969 -0.769
549.759 -0.77
550.55 -0.771
551.345 -0.772
552.142 -0.773
552.932 -0.774
553.657 -0.775
554.384 -0.776
555.114 -0.777
555.848 -0.778
556.584 -0.779
557.322 -0.78
558.063 -0.781
558.807 -0.782
559.55 -0.783
560.291 -0.784
561.015 -0.785
561.698 -0.786
562.356 -0.787
563.014 -0.788
563.624 -0.789
564.233 -0.79
564.801 -0.791
565.358 -0.792
565.893 -0.793
566.356 -0.794
566.794 -0.795
567.228 -0.796
567.659 -0.797
568.088 -0.798
568.515 -0.799
568.942 -0.8
