7.1281 -0.001
14.2198 -0.002
21.2752 -0.003
28.2942 -0.004
35.2769 -0.005
42.2234 -0.006
49.1337 -0.007
56.0077 -0.008
62.8456 -0.009
69.6474 -0.01
76.4131 -0.011
83.1427 -0.012
89.8362 -0.013
96.4936 -0.014
103.115 -0.015
109.7 -0.016
116.25 -0.017
122.763 -0.018
129.241 -0.019
135.682 -0.02
142.087 -0.021
148.457 -0.022
154.79 -0.023
161.087 -0.024
167.348 -0.025
173.573 -0.026
179.762 -0.027
185.915 -0.028
192.032 -0.029
198.112 -0.03
204.156 -0.031
210.164 -0.032
216.136 -0.033
222.071 -0.034
227.969 -0.035
233.831 -0.036
239.656 -0.037
245.413 -0.038
250.916 -0.039
255.887 -0.04
260.177 -0.041
264.358 -0.042
268.505 -0.043
272.596 -0.044
276.646 -0.045
280.662 -0.046
284.625 -0.047
288.55 -0.048
292.43 -0.049
296.273 -0.05
300.082 -0.051
303.86 -0.052
307.56 -0.053
311.098 -0.054
314.478 -0.055
317.659 -0.056
320.576 -0.057
323.332 -0.058
326.057 -0.059
328.728 -0.06
331.352 -0.061
333.855 -0.062
336.304 -0.063
338.63 -0.064
340.837 -0.065
343.002 -0.066
344.935 -0.067
346.727 -0.068
348.394 -0.069
350.03 -0.07
351.634 -0.071
353.202 -0.072
354.738 -0.073
356.245 -0.074
357.718 -0.075
359.154 -0.076
360.563 -0.077
361.945 -0.078
363.3 -0.079
364.627 -0.08
365.912 -0.081
367.171 -0.082
368.406 -0.083
369.619 -0.084
370.81 -0.085
371.972 -0.086
373.103 -0.087
374.213 -0.088
375.303 -0.089
376.367 -0.09
377.409 -0.091
378.432 -0.092
379.436 -0.093
380.421 -0.094
381.387 -0.095
382.335 -0.096
383.266 -0.097
384.18 -0.098
385.078 -0.099
385.96 -0.1
386.824 -0.101
387.673 -0.102
388.507 -0.103
389.325 -0.104
390.12 -0.105
390.891 -0.106
391.635 -0.107
392.354 -0.108
393.038 -0.109
393.66 -0.11
394.241 -0.111
394.807 -0.112
395.333 -0.113
395.779 -0.114
396.114 -0.115
396.39 -0.116
396.617 -0.117
396.795 -0.118
396.954 -0.119
397.102 -0.12
397.235 -0.121
397.356 -0.122
397.435 -0.123
397.438 -0.124
397.352 -0.125
397.216 -0.126
397.073 -0.127
396.922 -0.128
396.763 -0.129
396.595 -0.13
396.42 -0.131
396.237 -0.132
396.048 -0.133
395.851 -0.134
395.645 -0.135
395.433 -0.136
395.213 -0.137
394.981 -0.138
394.741 -0.139
394.493 -0.14
394.239 -0.141
393.977 -0.142
393.712 -0.143
393.444 -0.144
393.172 -0.145
392.897 -0.146
392.618 -0.147
392.338 -0.148
392.053 -0.149
391.76 -0.15
391.465 -0.151
391.167 -0.152
390.866 -0.153
390.563 -0.154
390.257 -0.155
389.949 -0.156
389.639 -0.157
389.326 -0.158
389.011 -0.159
388.694 -0.16
388.375 -0.161
388.054 -0.162
387.732 -0.163
387.408 -0.164
387.082 -0.165
386.755 -0.166
386.427 -0.167
386.097 -0.168
385.766 -0.169
385.434 -0.17
385.101 -0.171
384.767 -0.172
384.432 -0.173
384.095 -0.174
383.758 -0.175
383.42 -0.176
383.081 -0.177
382.74 -0.178
382.399 -0.179
382.057 -0.18
381.713 -0.181
381.365 -0.182
381.012 -0.183
380.657 -0.184
380.299 -0.185
379.94 -0.186
379.576 -0.187
379.212 -0.188
378.841 -0.189
378.47 -0.19
378.098 -0.191
377.726 -0.192
377.354 -0.193
376.98 -0.194
376.606 -0.195
376.232 -0.196
375.857 -0.197
375.482 -0.198
375.107 -0.199
374.731 -0.2
374.355 -0.201
373.979 -0.202
373.603 -0.203
373.226 -0.204
372.849 -0.205
372.473 -0.206
372.096 -0.207
371.719 -0.208
371.342 -0.209
370.964 -0.21
370.586 -0.211
370.208 -0.212
369.831 -0.213
369.453 -0.214
369.076 -0.215
368.698 -0.216
368.321 -0.217
367.944 -0.218
367.566 -0.219
367.188 -0.22
366.811 -0.221
366.433 -0.222
366.055 -0.223
365.678 -0.224
365.3 -0.225
364.923 -0.226
364.547 -0.227
364.17 -0.228
363.793 -0.229
363.417 -0.23
363.041 -0.231
362.665 -0.232
362.29 -0.233
361.915 -0.234
361.541 -0.235
361.167 -0.236
360.793 -0.237
360.419 -0.238
360.045 -0.239
359.671 -0.24
359.299 -0.241
358.926 -0.242
358.555 -0.243
358.184 -0.244
357.813 -0.245
357.443 -0.246
357.073 -0.247
356.703 -0.248
356.335 -0.249
355.966 -0.25
355.597 -0.251
355.23 -0.252
354.863 -0.253
354.496 -0.254
354.128 -0.255
353.761 -0.256
353.395 -0.257
353.028 -0.258
352.662 -0.259
352.297 -0.26
351.933 -0.261
351.568 -0.262
351.205 -0.263
350.842 -0.264
350.48 -0.265
350.118 -0.266
349.757 -0.267
349.396 -0.268
349.037 -0.269
348.678 -0.27
348.319 -0.271
347.96 -0.272
347.601 -0.273
347.243 -0.274
346.884 -0.275
346.527 -0.276
346.171 -0.277
345.814 -0.278
345.457 -0.279
345.102 -0.28
344.747 -0.281
344.392 -0.282
344.039 -0.283
343.687 -0.284
343.335 -0.285
342.984 -0.286
342.634 -0.287
342.286 -0.288
341.938 -0.289
341.592 -0.29
341.247 -0.291
340.904 -0.292
340.561 -0.293
340.22 -0.294
339.88 -0.295
339.542 -0.296
339.206 -0.297
338.873 -0.298
338.543 -0.299
338.216 -0.3
337.892 -0.301
337.57 -0.302
337.252 -0.303
336.936 -0.304
336.623 -0.305
336.313 -0.306
336.005 -0.307
335.698 -0.308
335.393 -0.309
335.089 -0.31
334.787 -0.311
334.487 -0.312
334.187 -0.313
333.89 -0.314
333.594 -0.315
333.299 -0.316
333.006 -0.317
332.714 -0.318
332.424 -0.319
332.136 -0.32
331.849 -0.321
331.563 -0.322
331.28 -0.323
330.998 -0.324
330.717 -0.325
330.438 -0.326
330.161 -0.327
329.885 -0.328
329.611 -0.329
329.339 -0.33
329.069 -0.331
328.8 -0.332
328.533 -0.333
328.268 -0.334
328.005 -0.335
327.743 -0.336
327.484 -0.337
327.226 -0.338
326.97 -0.339
326.716 -0.34
326.464 -0.341
326.214 -0.342
325.965 -0.343
325.719 -0.344
325.474 -0.345
325.232 -0.346
324.991 -0.347
324.752 -0.348
324.516 -0.349
324.281 -0.35
324.05 -0.351
323.821 -0.352
323.595 -0.353
323.372 -0.354
323.151 -0.355
322.932 -0.356
322.716 -0.357
322.504 -0.358
322.295 -0.359
322.091 -0.36
321.89 -0.361
321.693 -0.362
321.5 -0.363
321.311 -0.364
321.124 -0.365
320.942 -0.366
320.761 -0.367
320.585 -0.368
320.411 -0.369
320.24 -0.37
320.07 -0.371
319.902 -0.372
319.737 -0.373
319.573 -0.374
319.412 -0.375
319.254 -0.376
319.097 -0.377
318.943 -0.378
318.791 -0.379
318.641 -0.38
318.493 -0.381
318.348 -0.382
318.206 -0.383
318.065 -0.384
317.927 -0.385
317.791 -0.386
317.658 -0.387
317.527 -0.388
317.397 -0.389
317.267 -0.39
317.14 -0.391
317.014 -0.392
316.891 -0.393
316.77 -0.394
316.652 -0.395
316.536 -0.396
316.422 -0.397
316.311 -0.398
316.202 -0.399
316.096 -0.4
315.993 -0.401
315.891 -0.402
315.793 -0.403
315.696 -0.404
315.603 -0.405
315.512 -0.406
315.423 -0.407
315.338 -0.408
315.255 -0.409
315.174 -0.41
315.096 -0.411
315.021 -0.412
314.949 -0.413
314.879 -0.414
314.81 -0.415
314.741 -0.416
314.674 -0.417
314.611 -0.418
314.55 -0.419
314.492 -0.42
314.436 -0.421
314.383 -0.422
314.333 -0.423
314.286 -0.424
314.241 -0.425
314.199 -0.426
314.159 -0.427
314.122 -0.428
314.088 -0.429
314.057 -0.43
314.028 -0.431
314.002 -0.432
313.978 -0.433
313.958 -0.434
313.939 -0.435
313.924 -0.436
313.911 -0.437
313.902 -0.438
313.894 -0.439
313.891 -0.44
313.891 -0.441
313.892 -0.442
313.895 -0.443
313.9 -0.444
313.908 -0.445
313.92 -0.446
313.935 -0.447
313.953 -0.448
313.974 -0.449
313.998 -0.45
314.025 -0.451
314.056 -0.452
314.09 -0.453
314.127 -0.454
314.168 -0.455
314.212 -0.456
314.259 -0.457
314.309 -0.458
314.362 -0.459
314.418 -0.46
314.477 -0.461
314.539 -0.462
314.604 -0.463
314.671 -0.464
314.742 -0.465
314.815 -0.466
314.89 -0.467
314.968 -0.468
315.048 -0.469
315.132 -0.47
315.217 -0.471
315.304 -0.472
315.394 -0.473
315.486 -0.474
315.58 -0.475
315.678 -0.476
315.779 -0.477
315.883 -0.478
315.989 -0.479
316.096 -0.48
316.204 -0.481
316.314 -0.482
316.424 -0.483
316.536 -0.484
316.649 -0.485
316.764 -0.486
316.879 -0.487
316.996 -0.488
317.116 -0.489
317.238 -0.49
317.361 -0.491
317.486 -0.492
317.612 -0.493
317.74 -0.494
317.871 -0.495
318.003 -0.496
318.137 -0.497
318.238 -0.498
318.317 -0.499
318.398 -0.5
318.481 -0.501
318.567 -0.502
318.656 -0.503
318.747 -0.504
318.841 -0.505
318.938 -0.506
319.037 -0.507
319.139 -0.508
319.243 -0.509
319.35 -0.51
319.459 -0.511
319.571 -0.512
319.686 -0.513
319.804 -0.514
319.925 -0.515
320.048 -0.516
320.174 -0.517
320.303 -0.518
320.434 -0.519
320.568 -0.52
320.705 -0.521
320.845 -0.522
320.987 -0.523
321.132 -0.524
321.28 -0.525
321.43 -0.526
321.583 -0.527
321.739 -0.528
321.897 -0.529
322.058 -0.53
322.221 -0.531
322.388 -0.532
322.557 -0.533
322.728 -0.534
322.903 -0.535
323.08 -0.536
323.259 -0.537
323.441 -0.538
323.62 -0.539
323.797 -0.54
323.973 -0.541
324.146 -0.542
324.315 -0.543
324.479 -0.544
324.637 -0.545
324.798 -0.546
324.961 -0.547
325.126 -0.548
325.294 -0.549
325.465 -0.55
325.638 -0.551
325.813 -0.552
325.99 -0.553
326.17 -0.554
326.352 -0.555
326.536 -0.556
326.722 -0.557
326.91 -0.558
327.1 -0.559
327.292 -0.56
327.486 -0.561
327.683 -0.562
327.881 -0.563
328.082 -0.564
328.285 -0.565
328.49 -0.566
328.698 -0.567
328.908 -0.568
329.121 -0.569
329.337 -0.57
329.555 -0.571
329.775 -0.572
329.996 -0.573
330.213 -0.574
330.418 -0.575
330.615 -0.576
330.813 -0.577
331.012 -0.578
331.208 -0.579
331.383 -0.58
331.52 -0.581
331.658 -0.582
331.798 -0.583
331.933 -0.584
332.05 -0.585
332.161 -0.586
332.274 -0.587
332.39 -0.588
332.507 -0.589
332.628 -0.59
332.75 -0.591
332.875 -0.592
333.002 -0.593
333.178 -0.594
333.364 -0.595
333.548 -0.596
333.732 -0.597
333.914 -0.598
334.096 -0.599
334.341 -0.6
334.585 -0.601
334.819 -0.602
335.051 -0.603
335.284 -0.604
335.519 -0.605
335.756 -0.606
335.994 -0.607
336.22 -0.608
336.444 -0.609
336.671 -0.61
336.9 -0.611
337.131 -0.612
337.365 -0.613
337.601 -0.614
337.839 -0.615
338.08 -0.616
338.322 -0.617
338.567 -0.618
338.814 -0.619
339.062 -0.62
339.313 -0.621
339.566 -0.622
339.815 -0.623
340.061 -0.624
340.31 -0.625
340.561 -0.626
340.814 -0.627
341.07 -0.628
341.322 -0.629
341.57 -0.63
341.821 -0.631
342.074 -0.632
342.329 -0.633
342.587 -0.634
342.846 -0.635
343.109 -0.636
343.373 -0.637
343.639 -0.638
343.908 -0.639
344.179 -0.64
344.453 -0.641
344.728 -0.642
345.006 -0.643
345.287 -0.644
345.57 -0.645
345.855 -0.646
346.142 -0.647
346.432 -0.648
346.724 -0.649
347.018 -0.65
347.314 -0.651
347.613 -0.652
347.914 -0.653
348.216 -0.654
348.515 -0.655
348.815 -0.656
349.112 -0.657
349.409 -0.658
349.705 -0.659
349.999 -0.66
350.293 -0.661
350.585 -0.662
350.878 -0.663
351.167 -0.664
351.458 -0.665
351.751 -0.666
352.048 -0.667
352.347 -0.668
352.648 -0.669
352.952 -0.67
353.257 -0.671
353.563 -0.672
353.869 -0.673
354.173 -0.674
354.478 -0.675
354.781 -0.676
355.086 -0.677
355.389 -0.678
355.694 -0.679
355.998 -0.68
356.304 -0.681
356.609 -0.682
356.915 -0.683
357.223 -0.684
357.533 -0.685
357.846 -0.686
358.161 -0.687
358.478 -0.688
358.797 -0.689
359.118 -0.69
359.442 -0.691
359.767 -0.692
360.095 -0.693
360.425 -0.694
360.757 -0.695
361.092 -0.696
361.429 -0.697
361.767 -0.698
362.102 -0.699
362.44 -0.7
362.777 -0.701
363.114 -0.702
363.453 -0.703
363.79 -0.704
364.128 -0.705
364.468 -0.706
364.806 -0.707
365.146 -0.708
365.488 -0.709
365.829 -0.71
366.17 -0.711
366.514 -0.712
366.859 -0.713
367.202 -0.714
367.547 -0.715
367.893 -0.716
368.242 -0.717
368.594 -0.718
368.948 -0.719
369.304 -0.72
369.662 -0.721
370.022 -0.722
370.382 -0.723
370.744 -0.724
371.108 -0.725
371.474 -0.726
371.84 -0.727
372.209 -0.728
372.58 -0.729
372.952 -0.73
373.325 -0.731
373.7 -0.732
374.078 -0.733
374.457 -0.734
374.836 -0.735
375.217 -0.736
375.601 -0.737
375.988 -0.738
376.375 -0.739
376.764 -0.74
377.155 -0.741
377.548 -0.742
377.944 -0.743
378.34 -0.744
378.738 -0.745
379.139 -0.746
379.541 -0.747
379.946 -0.748
380.354 -0.749
380.765 -0.75
381.177 -0.751
381.593 -0.752
382.011 -0.753
382.431 -0.754
382.853 -0.755
383.278 -0.756
383.706 -0.757
384.131 -0.758
384.559 -0.759
384.989 -0.76
385.419 -0.761
385.849 -0.762
386.281 -0.763
386.715 -0.764
387.146 -0.765
387.581 -0.766
388.018 -0.767
388.454 -0.768
388.891 -0.769
389.33 -0.77
389.772 -0.771
390.211 -0.772
390.653 -0.773
391.097 -0.774
391.542 -0.775
391.986 -0.776
392.433 -0.777
392.882 -0.778
393.333 -0.779
393.787 -0.78
394.243 -0.781
394.702 -0.782
395.163 -0.783
395.626 -0.784
396.088 -0.785
396.553 -0.786
397.021 -0.787
397.487 -0.788
397.956 -0.789
398.427 -0.79
398.899 -0.791
399.371 -0.792
399.847 -0.793
400.325 -0.794
400.803 -0.795
401.282 -0.796
401.764 -0.797
402.249 -0.798
402.735 -0.799
403.222 -0.8
403.711 -0.801
404.202 -0.802
404.697 -0.803
405.191 -0.804
405.688 -0.805
406.186 -0.806
406.687 -0.807
407.19 -0.808
407.696 -0.809
408.204 -0.81
408.71 -0.811
409.217 -0.812
409.727 -0.813
410.239 -0.814
410.752 -0.815
411.265 -0.816
411.78 -0.817
412.297 -0.818
412.817 -0.819
413.336 -0.82
413.857 -0.821
414.38 -0.822
414.906 -0.823
415.434 -0.824
415.961 -0.825
416.49 -0.826
417.021 -0.827
417.556 -0.828
418.091 -0.829
418.626 -0.83
419.164 -0.831
419.704 -0.832
420.246 -0.833
420.79 -0.834
421.333 -0.835
421.878 -0.836
422.423 -0.837
422.969 -0.838
423.517 -0.839
424.068 -0.84
424.621 -0.841
425.176 -0.842
425.732 -0.843
426.29 -0.844
426.852 -0.845
427.416 -0.846
427.982 -0.847
428.548 -0.848
429.118 -0.849
429.69 -0.85
430.261 -0.851
430.834 -0.852
431.409 -0.853
431.985 -0.854
432.564 -0.855
433.145 -0.856
433.729 -0.857
434.316 -0.858
434.904 -0.859
435.493 -0.86
436.086 -0.861
436.68 -0.862
437.278 -0.863
437.878 -0.864
438.481 -0.865
439.084 -0.866
439.69 -0.867
440.298 -0.868
440.907 -0.869
441.516 -0.87
442.128 -0.871
442.742 -0.872
443.359 -0.873
443.976 -0.874
444.593 -0.875
445.214 -0.876
445.836 -0.877
446.461 -0.878
447.087 -0.879
447.713 -0.88
448.341 -0.881
448.973 -0.882
449.607 -0.883
450.242 -0.884
450.877 -0.885
451.515 -0.886
452.155 -0.887
452.797 -0.888
453.441 -0.889
454.083 -0.89
454.727 -0.891
455.373 -0.892
456.022 -0.893
456.674 -0.894
457.326 -0.895
457.979 -0.896
458.635 -0.897
459.293 -0.898
459.953 -0.899
460.616 -0.9
461.278 -0.901
461.942 -0.902
462.608 -0.903
463.276 -0.904
463.947 -0.905
464.621 -0.906
465.297 -0.907
465.975 -0.908
466.656 -0.909
467.339 -0.91
468.025 -0.911
468.711 -0.912
469.398 -0.913
470.084 -0.914
470.772 -0.915
471.462 -0.916
472.152 -0.917
472.841 -0.918
473.528 -0.919
474.216 -0.92
474.903 -0.921
475.593 -0.922
476.285 -0.923
476.976 -0.924
477.67 -0.925
478.366 -0.926
479.065 -0.927
479.765 -0.928
480.469 -0.929
481.174 -0.93
481.88 -0.931
482.587 -0.932
483.297 -0.933
484.009 -0.934
484.724 -0.935
485.442 -0.936
486.161 -0.937
486.878 -0.938
487.596 -0.939
488.317 -0.94
489.039 -0.941
489.762 -0.942
490.485 -0.943
491.209 -0.944
491.934 -0.945
492.659 -0.946
493.384 -0.947
494.109 -0.948
494.835 -0.949
495.562 -0.95
496.289 -0.951
497.015 -0.952
497.743 -0.953
498.469 -0.954
499.195 -0.955
499.92 -0.956
500.643 -0.957
501.365 -0.958
502.086 -0.959
502.807 -0.96
503.529 -0.961
504.251 -0.962
504.973 -0.963
505.699 -0.964
506.426 -0.965
507.156 -0.966
507.888 -0.967
508.623 -0.968
509.359 -0.969
510.096 -0.97
510.835 -0.971
511.577 -0.972
512.32 -0.973
513.066 -0.974
513.814 -0.975
514.562 -0.976
515.308 -0.977
516.055 -0.978
516.803 -0.979
517.552 -0.98
518.3 -0.981
519.047 -0.982
519.793 -0.983
520.536 -0.984
521.275 -0.985
522.012 -0.986
522.748 -0.987
523.48 -0.988
524.212 -0.989
524.947 -0.99
525.684 -0.991
526.422 -0.992
527.162 -0.993
527.903 -0.994
528.644 -0.995
529.383 -0.996
530.121 -0.997
530.859 -0.998
531.597 -0.999
532.334 -1
533.065 -1.001
533.791 -1.002
534.513 -1.003
535.235 -1.004
535.957 -1.005
536.68 -1.006
537.403 -1.007
538.126 -1.008
538.85 -1.009
539.575 -1.01
540.302 -1.011
541.027 -1.012
541.752 -1.013
542.474 -1.014
543.189 -1.015
543.9 -1.016
544.608 -1.017
545.317 -1.018
546.027 -1.019
546.736 -1.02
547.447 -1.021
548.157 -1.022
548.867 -1.023
549.578 -1.024
550.291 -1.025
551.004 -1.026
551.72 -1.027
552.434 -1.028
553.147 -1.029
553.854 -1.03
554.561 -1.031
555.269 -1.032
555.979 -1.033
556.69 -1.034
557.401 -1.035
558.113 -1.036
558.824 -1.037
559.537 -1.038
560.251 -1.039
560.966 -1.04
561.682 -1.041
562.399 -1.042
563.11 -1.043
563.817 -1.044
564.525 -1.045
565.235 -1.046
565.947 -1.047
566.659 -1.048
567.356 -1.049
568.054 -1.05
568.753 -1.051
569.454 -1.052
570.153 -1.053
570.853 -1.054
571.555 -1.055
572.258 -1.056
572.964 -1.057
573.671 -1.058
574.379 -1.059
575.089 -1.06
575.802 -1.061
576.515 -1.062
577.231 -1.063
577.948 -1.064
578.667 -1.065
579.388 -1.066
580.11 -1.067
580.834 -1.068
581.56 -1.069
582.284 -1.07
583.008 -1.071
583.734 -1.072
584.461 -1.073
585.191 -1.074
585.922 -1.075
586.654 -1.076
587.389 -1.077
588.125 -1.078
588.862 -1.079
589.601 -1.08
590.34 -1.081
591.081 -1.082
591.824 -1.083
592.569 -1.084
593.315 -1.085
594.064 -1.086
594.814 -1.087
595.565 -1.088
596.314 -1.089
597.064 -1.09
597.815 -1.091
598.568 -1.092
599.322 -1.093
600.079 -1.094
600.837 -1.095
601.597 -1.096
602.359 -1.097
603.122 -1.098
603.888 -1.099
604.655 -1.1
605.424 -1.101
606.194 -1.102
606.967 -1.103
607.741 -1.104
608.517 -1.105
609.295 -1.106
610.075 -1.107
610.856 -1.108
611.64 -1.109
612.42 -1.11
613.194 -1.111
613.97 -1.112
614.748 -1.113
615.528 -1.114
616.31 -1.115
617.093 -1.116
617.878 -1.117
618.665 -1.118
619.454 -1.119
620.243 -1.12
621.033 -1.121
621.825 -1.122
622.619 -1.123
623.415 -1.124
624.213 -1.125
625.012 -1.126
625.813 -1.127
626.616 -1.128
627.414 -1.129
628.214 -1.13
629.015 -1.131
629.817 -1.132
630.62 -1.133
631.425 -1.134
632.231 -1.135
633.039 -1.136
633.848 -1.137
634.659 -1.138
635.471 -1.139
636.286 -1.14
637.101 -1.141
637.917 -1.142
638.735 -1.143
639.554 -1.144
640.372 -1.145
641.19 -1.146
642.009 -1.147
642.826 -1.148
643.643 -1.149
644.455 -1.15
645.262 -1.151
646.072 -1.152
646.883 -1.153
647.696 -1.154
648.51 -1.155
649.326 -1.156
650.144 -1.157
650.964 -1.158
651.786 -1.159
652.607 -1.16
653.431 -1.161
654.256 -1.162
655.083 -1.163
655.911 -1.164
656.742 -1.165
657.574 -1.166
658.408 -1.167
659.244 -1.168
660.081 -1.169
660.92 -1.17
661.761 -1.171
662.594 -1.172
663.429 -1.173
664.266 -1.174
665.098 -1.175
665.925 -1.176
666.753 -1.177
667.572 -1.178
668.391 -1.179
669.2 -1.18
669.999 -1.181
670.792 -1.182
671.579 -1.183
672.347 -1.184
673.115 -1.185
673.882 -1.186
674.65 -1.187
675.418 -1.188
676.188 -1.189
676.959 -1.19
677.73 -1.191
678.503 -1.192
679.278 -1.193
680.053 -1.194
680.83 -1.195
681.608 -1.196
682.387 -1.197
683.166 -1.198
683.937 -1.199
684.68 -1.2
