14.659 -0.001
29.2797 -0.002
43.8616 -0.003
58.404 -0.004
72.9063 -0.005
87.3678 -0.006
101.788 -0.007
116.165 -0.008
130.5 -0.009
144.791 -0.01
156.303 -0.011
163.938 -0.012
171.495 -0.013
179.124 -0.014
186.782 -0.015
194.421 -0.016
201.909 -0.017
208.085 -0.018
212.206 -0.019
216.14 -0.02
219.997 -0.021
223.835 -0.022
227.659 -0.023
231.466 -0.024
235.245 -0.025
238.991 -0.026
242.701 -0.027
246.374 -0.028
250.004 -0.029
253.598 -0.03
257.16 -0.031
260.702 -0.032
264.223 -0.033
267.733 -0.034
271.231 -0.035
274.72 -0.036
278.201 -0.037
281.673 -0.038
285.137 -0.039
288.592 -0.04
292.03 -0.041
295.388 -0.042
298.544 -0.043
301.32 -0.044
303.481 -0.045
305.116 -0.046
306.714 -0.047
308.293 -0.048
309.85 -0.049
311.366 -0.05
312.831 -0.051
314.212 -0.052
315.483 -0.053
316.635 -0.054
317.616 -0.055
318.374 -0.056
318.995 -0.057
319.596 -0.058
320.177 -0.059
320.74 -0.06
321.29 -0.061
321.824 -0.062
322.347 -0.063
322.86 -0.064
323.363 -0.065
323.858 -0.066
324.346 -0.067
324.826 -0.068
325.302 -0.069
325.772 -0.07
326.237 -0.071
326.697 -0.072
327.152 -0.073
327.602 -0.074
328.046 -0.075
328.484 -0.076
328.917 -0.077
329.346 -0.078
329.769 -0.079
330.185 -0.08
330.598 -0.081
331.005 -0.082
331.405 -0.083
331.8 -0.084
332.19 -0.085
332.573 -0.086
332.95 -0.087
333.323 -0.088
333.692 -0.089
334.053 -0.09
334.407 -0.091
334.757 -0.092
335.101 -0.093
335.439 -0.094
335.771 -0.095
336.099 -0.096
336.422 -0.097
336.739 -0.098
337.052 -0.099
337.361 -0.1
337.665 -0.101
337.964 -0.102
338.258 -0.103
338.548 -0.104
338.835 -0.105
339.117 -0.106
339.395 -0.107
339.669 -0.108
339.94 -0.109
340.208 -0.11
340.471 -0.111
340.729 -0.112
340.984 -0.113
341.235 -0.114
341.482 -0.115
341.727 -0.116
341.969 -0.117
342.208 -0.118
342.444 -0.119
342.677 -0.12
342.907 -0.121
343.133 -0.122
343.356 -0.123
343.576 -0.124
343.794 -0.125
344.009 -0.126
344.22 -0.127
344.428 -0.128
344.633 -0.129
344.836 -0.13
345.035 -0.131
345.232 -0.132
345.426 -0.133
345.617 -0.134
345.805 -0.135
345.99 -0.136
346.173 -0.137
346.354 -0.138
346.532 -0.139
346.706 -0.14
346.879 -0.141
347.048 -0.142
347.215 -0.143
347.38 -0.144
347.542 -0.145
347.701 -0.146
347.857 -0.147
348.01 -0.148
348.16 -0.149
348.308 -0.15
348.453 -0.151
348.596 -0.152
348.736 -0.153
348.873 -0.154
349.007 -0.155
349.139 -0.156
349.269 -0.157
349.396 -0.158
349.52 -0.159
349.641 -0.16
349.76 -0.161
349.876 -0.162
349.991 -0.163
350.102 -0.164
350.211 -0.165
350.318 -0.166
350.423 -0.167
350.525 -0.168
350.625 -0.169
350.723 -0.17
350.818 -0.171
350.91 -0.172
350.999 -0.173
351.086 -0.174
351.171 -0.175
351.253 -0.176
351.333 -0.177
351.411 -0.178
351.486 -0.179
351.56 -0.18
351.631 -0.181
351.7 -0.182
351.766 -0.183
351.83 -0.184
351.891 -0.185
351.949 -0.186
352.004 -0.187
352.056 -0.188
352.104 -0.189
352.149 -0.19
352.191 -0.191
352.231 -0.192
352.267 -0.193
352.302 -0.194
352.333 -0.195
352.361 -0.196
352.385 -0.197
352.406 -0.198
352.42 -0.199
352.43 -0.2
352.435 -0.201
352.433 -0.202
352.422 -0.203
352.401 -0.204
352.352 -0.205
352.238 -0.206
352.101 -0.207
351.944 -0.208
351.696 -0.209
351.443 -0.21
351.246 -0.211
350.948 -0.212
350.661 -0.213
350.495 -0.214
350.313 -0.215
350.185 -0.216
350.153 -0.217
350.115 -0.218
350.087 -0.219
350.082 -0.22
350.082 -0.221
350.08 -0.222
350.107 -0.223
350.112 -0.224
350.11 -0.225
350.095 -0.226
350.063 -0.227
350.032 -0.228
349.995 -0.229
349.951 -0.23
349.907 -0.231
349.864 -0.232
349.821 -0.233
349.777 -0.234
349.73 -0.235
349.681 -0.236
349.632 -0.237
349.582 -0.238
349.53 -0.239
349.478 -0.24
349.426 -0.241
349.373 -0.242
349.318 -0.243
349.261 -0.244
349.205 -0.245
349.147 -0.246
349.088 -0.247
349.027 -0.248
348.966 -0.249
348.906 -0.25
348.848 -0.251
348.787 -0.252
348.725 -0.253
348.663 -0.254
348.601 -0.255
348.537 -0.256
348.471 -0.257
348.405 -0.258
348.34 -0.259
348.273 -0.26
348.205 -0.261
348.136 -0.262
348.066 -0.263
347.996 -0.264
347.925 -0.265
347.853 -0.266
347.779 -0.267
347.706 -0.268
347.633 -0.269
347.561 -0.27
347.487 -0.271
347.413 -0.272
347.338 -0.273
347.262 -0.274
347.185 -0.275
347.107 -0.276
347.028 -0.277
346.947 -0.278
346.866 -0.279
346.783 -0.28
346.699 -0.281
346.613 -0.282
346.526 -0.283
346.438 -0.284
346.349 -0.285
346.258 -0.286
346.168 -0.287
346.08 -0.288
345.99 -0.289
345.899 -0.29
345.807 -0.291
345.714 -0.292
345.619 -0.293
345.524 -0.294
345.427 -0.295
345.328 -0.296
345.228 -0.297
345.126 -0.298
345.022 -0.299
344.918 -0.3
344.811 -0.301
344.701 -0.302
344.591 -0.303
344.474 -0.304
344.328 -0.305
344.162 -0.306
343.981 -0.307
343.773 -0.308
343.59 -0.309
343.436 -0.31
343.263 -0.311
343.065 -0.312
342.933 -0.313
342.842 -0.314
342.735 -0.315
342.619 -0.316
342.538 -0.317
342.448 -0.318
342.37 -0.319
342.291 -0.32
342.209 -0.321
342.136 -0.322
342.068 -0.323
341.988 -0.324
341.906 -0.325
341.825 -0.326
341.743 -0.327
341.654 -0.328
341.564 -0.329
341.474 -0.33
341.384 -0.331
341.294 -0.332
341.204 -0.333
341.115 -0.334
341.027 -0.335
340.941 -0.336
340.855 -0.337
340.769 -0.338
340.684 -0.339
340.598 -0.34
340.512 -0.341
340.427 -0.342
340.342 -0.343
340.257 -0.344
340.172 -0.345
340.088 -0.346
340.005 -0.347
339.922 -0.348
339.839 -0.349
339.756 -0.35
339.674 -0.351
339.591 -0.352
339.509 -0.353
339.427 -0.354
339.345 -0.355
339.264 -0.356
339.183 -0.357
339.103 -0.358
339.023 -0.359
338.944 -0.36
338.865 -0.361
338.786 -0.362
338.707 -0.363
338.628 -0.364
338.55 -0.365
338.472 -0.366
338.395 -0.367
338.318 -0.368
338.241 -0.369
338.165 -0.37
338.089 -0.371
338.013 -0.372
337.938 -0.373
337.863 -0.374
337.789 -0.375
337.715 -0.376
337.642 -0.377
337.569 -0.378
337.496 -0.379
337.424 -0.38
337.352 -0.381
337.281 -0.382
337.211 -0.383
337.141 -0.384
337.071 -0.385
337.002 -0.386
336.933 -0.387
336.865 -0.388
336.797 -0.389
336.73 -0.39
336.664 -0.391
336.598 -0.392
336.532 -0.393
336.468 -0.394
336.404 -0.395
336.34 -0.396
336.277 -0.397
336.215 -0.398
336.153 -0.399
336.092 -0.4
336.032 -0.401
335.972 -0.402
335.913 -0.403
335.854 -0.404
335.795 -0.405
335.737 -0.406
335.68 -0.407
335.623 -0.408
335.567 -0.409
335.511 -0.41
335.457 -0.411
335.403 -0.412
335.349 -0.413
335.297 -0.414
335.245 -0.415
335.194 -0.416
335.144 -0.417
335.094 -0.418
335.044 -0.419
334.995 -0.42
334.946 -0.421
334.897 -0.422
334.849 -0.423
334.803 -0.424
334.757 -0.425
334.714 -0.426
334.671 -0.427
334.63 -0.428
334.59 -0.429
334.553 -0.43
334.516 -0.431
334.48 -0.432
334.445 -0.433
334.411 -0.434
334.378 -0.435
334.345 -0.436
334.314 -0.437
334.284 -0.438
334.255 -0.439
334.227 -0.44
334.2 -0.441
334.174 -0.442
334.149 -0.443
334.126 -0.444
334.103 -0.445
334.082 -0.446
334.062 -0.447
334.043 -0.448
334.025 -0.449
334.008 -0.45
333.992 -0.451
333.977 -0.452
333.964 -0.453
333.951 -0.454
333.94 -0.455
333.93 -0.456
333.921 -0.457
333.913 -0.458
333.907 -0.459
333.902 -0.46
333.898 -0.461
333.894 -0.462
333.893 -0.463
333.892 -0.464
333.893 -0.465
333.896 -0.466
333.899 -0.467
333.904 -0.468
333.91 -0.469
333.917 -0.47
333.926 -0.471
333.935 -0.472
333.946 -0.473
333.959 -0.474
333.973 -0.475
333.988 -0.476
334.005 -0.477
334.023 -0.478
334.042 -0.479
334.062 -0.48
334.083 -0.481
334.106 -0.482
334.13 -0.483
334.156 -0.484
334.183 -0.485
334.211 -0.486
334.241 -0.487
334.272 -0.488
334.304 -0.489
334.337 -0.49
334.371 -0.491
334.406 -0.492
334.443 -0.493
334.481 -0.494
334.52 -0.495
334.561 -0.496
334.603 -0.497
334.646 -0.498
334.69 -0.499
334.736 -0.5
334.783 -0.501
334.832 -0.502
334.882 -0.503
334.934 -0.504
334.987 -0.505
335.041 -0.506
335.097 -0.507
335.153 -0.508
335.212 -0.509
335.272 -0.51
335.333 -0.511
335.396 -0.512
335.46 -0.513
335.524 -0.514
335.59 -0.515
335.657 -0.516
335.725 -0.517
335.794 -0.518
335.865 -0.519
335.937 -0.52
336.011 -0.521
336.085 -0.522
336.16 -0.523
336.237 -0.524
336.316 -0.525
336.396 -0.526
336.479 -0.527
336.562 -0.528
336.648 -0.529
336.735 -0.53
336.824 -0.531
336.915 -0.532
337.008 -0.533
337.102 -0.534
337.198 -0.535
337.295 -0.536
337.395 -0.537
337.496 -0.538
337.598 -0.539
337.701 -0.54
337.803 -0.541
337.908 -0.542
338.014 -0.543
338.121 -0.544
338.231 -0.545
338.341 -0.546
338.454 -0.547
338.563 -0.548
338.654 -0.549
338.704 -0.55
338.688 -0.551
338.593 -0.552
338.431 -0.553
338.237 -0.554
338.038 -0.555
337.837 -0.556
337.635 -0.557
337.43 -0.558
337.22 -0.559
337.007 -0.56
336.791 -0.561
336.576 -0.562
336.363 -0.563
336.151 -0.564
335.94 -0.565
335.731 -0.566
335.523 -0.567
335.317 -0.568
335.113 -0.569
334.909 -0.57
334.708 -0.571
334.508 -0.572
334.31 -0.573
334.113 -0.574
333.917 -0.575
333.723 -0.576
333.531 -0.577
333.34 -0.578
333.151 -0.579
332.964 -0.58
332.778 -0.581
332.593 -0.582
332.41 -0.583
332.229 -0.584
332.049 -0.585
331.87 -0.586
331.693 -0.587
331.517 -0.588
331.343 -0.589
331.17 -0.59
330.999 -0.591
330.828 -0.592
330.658 -0.593
330.489 -0.594
330.322 -0.595
330.155 -0.596
329.99 -0.597
329.826 -0.598
329.662 -0.599
329.499 -0.6
