14.8597 -0.001
29.6917 -0.002
44.4959 -0.003
59.272 -0.004
74.02 -0.005
88.7396 -0.006
103.431 -0.007
118.093 -0.008
132.727 -0.009
147.331 -0.01
161.906 -0.011
176.452 -0.012
190.968 -0.013
205.454 -0.014
219.91 -0.015
234.336 -0.016
248.731 -0.017
263.096 -0.018
277.429 -0.019
291.732 -0.02
306.003 -0.021
320.242 -0.022
334.082 -0.023
345.945 -0.024
357.305 -0.025
368.635 -0.026
379.933 -0.027
391.193 -0.028
402.425 -0.029
413.63 -0.03
424.802 -0.031
435.941 -0.032
447.049 -0.033
458.127 -0.034
469.173 -0.035
480.186 -0.036
491.141 -0.037
501.712 -0.038
511.289 -0.039
519.56 -0.04
526.501 -0.041
531.865 -0.042
535.884 -0.043
539.579 -0.044
543.241 -0.045
546.868 -0.046
550.454 -0.047
553.996 -0.048
557.493 -0.049
560.941 -0.05
564.342 -0.051
567.7 -0.052
571.023 -0.053
574.315 -0.054
577.584 -0.055
580.829 -0.056
584.056 -0.057
587.266 -0.058
590.438 -0.059
593.544 -0.06
596.523 -0.061
599.329 -0.062
601.899 -0.063
604.242 -0.064
606.367 -0.065
608.183 -0.066
609.654 -0.067
610.934 -0.068
612.173 -0.069
613.369 -0.07
614.53 -0.071
615.656 -0.072
616.747 -0.073
617.818 -0.074
618.867 -0.075
619.89 -0.076
620.903 -0.077
621.898 -0.078
622.878 -0.079
623.845 -0.08
624.797 -0.081
625.731 -0.082
626.651 -0.083
627.556 -0.084
628.439 -0.085
629.299 -0.086
630.146 -0.087
630.968 -0.088
631.773 -0.089
632.559 -0.09
633.331 -0.091
634.086 -0.092
634.822 -0.093
635.547 -0.094
636.255 -0.095
636.946 -0.096
637.624 -0.097
638.292 -0.098
638.948 -0.099
639.591 -0.1
640.224 -0.101
640.845 -0.102
641.456 -0.103
642.059 -0.104
642.64 -0.105
643.214 -0.106
643.779 -0.107
644.329 -0.108
644.873 -0.109
645.411 -0.11
645.931 -0.111
646.443 -0.112
646.95 -0.113
647.452 -0.114
647.94 -0.115
648.421 -0.116
648.894 -0.117
649.356 -0.118
649.806 -0.119
650.25 -0.12
650.69 -0.121
651.12 -0.122
651.537 -0.123
651.94 -0.124
652.333 -0.125
652.716 -0.126
653.084 -0.127
653.444 -0.128
653.791 -0.129
654.126 -0.13
654.448 -0.131
654.754 -0.132
655.053 -0.133
655.346 -0.134
655.629 -0.135
655.893 -0.136
656.141 -0.137
656.384 -0.138
656.622 -0.139
656.855 -0.14
657.083 -0.141
657.286 -0.142
657.468 -0.143
657.646 -0.144
657.819 -0.145
657.987 -0.146
658.15 -0.147
658.304 -0.148
658.44 -0.149
658.57 -0.15
658.694 -0.151
658.813 -0.152
658.927 -0.153
659.036 -0.154
659.139 -0.155
659.239 -0.156
659.332 -0.157
659.42 -0.158
659.502 -0.159
659.581 -0.16
659.658 -0.161
659.732 -0.162
659.8 -0.163
659.865 -0.164
659.924 -0.165
659.98 -0.166
660.028 -0.167
660.073 -0.168
660.113 -0.169
660.151 -0.17
660.185 -0.171
660.216 -0.172
660.241 -0.173
660.258 -0.174
660.267 -0.175
660.275 -0.176
660.28 -0.177
660.284 -0.178
660.285 -0.179
660.282 -0.18
660.272 -0.181
660.259 -0.182
660.242 -0.183
660.22 -0.184
660.196 -0.185
660.17 -0.186
660.14 -0.187
660.108 -0.188
660.074 -0.189
660.035 -0.19
659.992 -0.191
659.946 -0.192
659.897 -0.193
659.845 -0.194
659.787 -0.195
659.728 -0.196
659.665 -0.197
659.599 -0.198
659.531 -0.199
659.459 -0.2
659.384 -0.201
659.306 -0.202
659.223 -0.203
659.138 -0.204
659.051 -0.205
658.961 -0.206
658.869 -0.207
658.775 -0.208
658.678 -0.209
658.578 -0.21
658.476 -0.211
658.372 -0.212
658.265 -0.213
658.155 -0.214
658.042 -0.215
657.927 -0.216
657.809 -0.217
657.689 -0.218
657.566 -0.219
657.441 -0.22
657.314 -0.221
657.186 -0.222
657.054 -0.223
656.92 -0.224
656.784 -0.225
656.646 -0.226
656.506 -0.227
656.363 -0.228
656.218 -0.229
656.071 -0.23
655.921 -0.231
655.769 -0.232
655.615 -0.233
655.458 -0.234
655.299 -0.235
655.137 -0.236
654.975 -0.237
654.809 -0.238
654.643 -0.239
654.474 -0.24
654.303 -0.241
654.13 -0.242
653.955 -0.243
653.778 -0.244
653.599 -0.245
653.417 -0.246
653.233 -0.247
653.047 -0.248
652.859 -0.249
652.669 -0.25
652.477 -0.251
652.283 -0.252
652.087 -0.253
651.889 -0.254
651.69 -0.255
651.488 -0.256
651.283 -0.257
651.077 -0.258
650.868 -0.259
650.657 -0.26
650.444 -0.261
650.229 -0.262
650.012 -0.263
649.792 -0.264
649.571 -0.265
649.348 -0.266
649.123 -0.267
648.894 -0.268
648.663 -0.269
648.428 -0.27
648.19 -0.271
647.948 -0.272
647.702 -0.273
647.451 -0.274
647.193 -0.275
646.928 -0.276
646.654 -0.277
646.378 -0.278
646.094 -0.279
645.809 -0.28
645.519 -0.281
645.231 -0.282
644.937 -0.283
644.645 -0.284
644.349 -0.285
644.056 -0.286
643.759 -0.287
643.465 -0.288
643.168 -0.289
642.874 -0.29
642.575 -0.291
642.279 -0.292
641.979 -0.293
641.682 -0.294
641.382 -0.295
641.086 -0.296
640.789 -0.297
640.494 -0.298
640.201 -0.299
639.913 -0.3
639.632 -0.301
639.355 -0.302
639.08 -0.303
638.81 -0.304
638.541 -0.305
638.273 -0.306
638.007 -0.307
637.742 -0.308
637.478 -0.309
637.216 -0.31
636.954 -0.311
636.691 -0.312
636.43 -0.313
636.168 -0.314
635.904 -0.315
635.639 -0.316
635.372 -0.317
635.106 -0.318
634.84 -0.319
634.575 -0.32
634.311 -0.321
634.045 -0.322
633.778 -0.323
633.509 -0.324
633.243 -0.325
632.977 -0.326
632.713 -0.327
632.45 -0.328
632.186 -0.329
631.92 -0.33
631.657 -0.331
631.397 -0.332
631.142 -0.333
630.89 -0.334
630.64 -0.335
630.393 -0.336
630.149 -0.337
629.908 -0.338
629.671 -0.339
629.437 -0.34
629.205 -0.341
628.974 -0.342
628.742 -0.343
628.511 -0.344
628.279 -0.345
628.047 -0.346
627.816 -0.347
627.586 -0.348
627.357 -0.349
627.129 -0.35
626.901 -0.351
626.675 -0.352
626.448 -0.353
626.223 -0.354
625.998 -0.355
625.774 -0.356
625.549 -0.357
625.325 -0.358
625.101 -0.359
624.878 -0.36
624.654 -0.361
624.433 -0.362
624.212 -0.363
623.99 -0.364
623.768 -0.365
623.544 -0.366
623.322 -0.367
623.1 -0.368
622.878 -0.369
622.658 -0.37
622.437 -0.371
622.216 -0.372
621.993 -0.373
621.772 -0.374
621.551 -0.375
621.332 -0.376
621.115 -0.377
620.896 -0.378
620.677 -0.379
620.46 -0.38
620.244 -0.381
620.032 -0.382
619.821 -0.383
619.609 -0.384
619.397 -0.385
619.188 -0.386
618.979 -0.387
618.774 -0.388
618.57 -0.389
618.366 -0.39
618.162 -0.391
617.958 -0.392
617.757 -0.393
617.557 -0.394
617.36 -0.395
617.165 -0.396
616.973 -0.397
616.782 -0.398
616.593 -0.399
616.406 -0.4
616.221 -0.401
616.038 -0.402
615.857 -0.403
615.678 -0.404
615.501 -0.405
615.325 -0.406
615.149 -0.407
614.974 -0.408
614.8 -0.409
614.626 -0.41
614.453 -0.411
614.281 -0.412
614.109 -0.413
613.938 -0.414
613.768 -0.415
613.599 -0.416
613.431 -0.417
613.264 -0.418
613.097 -0.419
612.932 -0.42
612.767 -0.421
612.603 -0.422
612.44 -0.423
612.277 -0.424
612.116 -0.425
611.955 -0.426
611.795 -0.427
611.635 -0.428
611.476 -0.429
611.318 -0.43
611.161 -0.431
611.006 -0.432
610.852 -0.433
610.699 -0.434
610.55 -0.435
610.403 -0.436
610.259 -0.437
610.117 -0.438
609.978 -0.439
609.841 -0.44
609.707 -0.441
609.576 -0.442
609.446 -0.443
609.318 -0.444
609.191 -0.445
609.064 -0.446
608.937 -0.447
608.809 -0.448
608.681 -0.449
608.551 -0.45
608.421 -0.451
608.289 -0.452
608.155 -0.453
608.019 -0.454
607.881 -0.455
607.741 -0.456
607.597 -0.457
607.452 -0.458
607.304 -0.459
607.154 -0.46
607 -0.461
606.844 -0.462
606.685 -0.463
606.523 -0.464
606.359 -0.465
606.192 -0.466
606.022 -0.467
605.851 -0.468
605.678 -0.469
605.504 -0.47
605.33 -0.471
605.155 -0.472
604.981 -0.473
604.809 -0.474
604.637 -0.475
604.467 -0.476
604.298 -0.477
604.129 -0.478
603.962 -0.479
603.798 -0.48
603.639 -0.481
603.489 -0.482
603.347 -0.483
603.225 -0.484
603.111 -0.485
603.003 -0.486
602.91 -0.487
602.822 -0.488
602.737 -0.489
602.651 -0.49
602.573 -0.491
602.494 -0.492
602.417 -0.493
602.343 -0.494
602.272 -0.495
602.203 -0.496
602.137 -0.497
602.072 -0.498
602.009 -0.499
601.947 -0.5
601.888 -0.501
601.83 -0.502
601.774 -0.503
601.72 -0.504
601.668 -0.505
601.617 -0.506
601.567 -0.507
601.52 -0.508
601.474 -0.509
601.429 -0.51
601.388 -0.511
601.347 -0.512
601.308 -0.513
601.271 -0.514
601.235 -0.515
601.202 -0.516
601.172 -0.517
601.143 -0.518
601.118 -0.519
601.096 -0.52
601.075 -0.521
601.057 -0.522
601.04 -0.523
601.026 -0.524
601.014 -0.525
601.004 -0.526
600.995 -0.527
600.987 -0.528
600.981 -0.529
600.977 -0.53
600.974 -0.531
600.972 -0.532
600.971 -0.533
600.972 -0.534
600.975 -0.535
600.978 -0.536
600.984 -0.537
600.991 -0.538
600.999 -0.539
601.009 -0.54
601.021 -0.541
601.034 -0.542
601.049 -0.543
601.065 -0.544
601.083 -0.545
601.102 -0.546
601.118 -0.547
601.131 -0.548
601.141 -0.549
601.151 -0.55
601.16 -0.551
601.171 -0.552
601.183 -0.553
601.197 -0.554
601.213 -0.555
601.23 -0.556
601.248 -0.557
601.267 -0.558
601.288 -0.559
601.311 -0.56
601.335 -0.561
601.359 -0.562
601.385 -0.563
601.413 -0.564
601.442 -0.565
601.472 -0.566
601.503 -0.567
601.535 -0.568
601.568 -0.569
601.602 -0.57
601.636 -0.571
601.671 -0.572
601.707 -0.573
601.744 -0.574
601.782 -0.575
601.821 -0.576
601.862 -0.577
601.904 -0.578
601.948 -0.579
601.994 -0.58
602.041 -0.581
602.09 -0.582
602.141 -0.583
602.193 -0.584
602.247 -0.585
602.303 -0.586
602.361 -0.587
602.42 -0.588
602.481 -0.589
602.544 -0.59
602.608 -0.591
602.675 -0.592
602.743 -0.593
602.813 -0.594
602.884 -0.595
602.957 -0.596
603.033 -0.597
603.11 -0.598
603.189 -0.599
603.269 -0.6
603.352 -0.601
603.436 -0.602
603.522 -0.603
603.61 -0.604
603.7 -0.605
603.792 -0.606
603.886 -0.607
603.981 -0.608
604.079 -0.609
604.178 -0.61
604.28 -0.611
604.383 -0.612
604.488 -0.613
604.595 -0.614
604.704 -0.615
604.816 -0.616
604.929 -0.617
605.044 -0.618
605.161 -0.619
605.28 -0.62
605.401 -0.621
605.524 -0.622
605.649 -0.623
605.776 -0.624
605.905 -0.625
606.036 -0.626
606.169 -0.627
606.304 -0.628
606.44 -0.629
606.578 -0.63
606.718 -0.631
606.859 -0.632
607.002 -0.633
607.147 -0.634
607.294 -0.635
607.443 -0.636
607.593 -0.637
607.746 -0.638
607.899 -0.639
608.055 -0.64
608.213 -0.641
608.373 -0.642
608.535 -0.643
608.699 -0.644
608.862 -0.645
609.026 -0.646
609.192 -0.647
609.361 -0.648
609.532 -0.649
609.703 -0.65
609.874 -0.651
610.046 -0.652
610.221 -0.653
610.397 -0.654
610.576 -0.655
610.754 -0.656
610.933 -0.657
611.112 -0.658
611.294 -0.659
611.478 -0.66
611.663 -0.661
611.85 -0.662
612.037 -0.663
612.225 -0.664
612.414 -0.665
612.606 -0.666
612.8 -0.667
612.995 -0.668
613.19 -0.669
613.386 -0.67
613.583 -0.671
613.782 -0.672
613.984 -0.673
614.188 -0.674
614.392 -0.675
614.596 -0.676
614.801 -0.677
615.009 -0.678
615.217 -0.679
615.426 -0.68
615.636 -0.681
615.849 -0.682
616.063 -0.683
616.279 -0.684
616.497 -0.685
616.717 -0.686
616.937 -0.687
617.157 -0.688
617.378 -0.689
617.601 -0.69
617.825 -0.691
618.052 -0.692
618.279 -0.693
618.507 -0.694
618.737 -0.695
618.968 -0.696
619.201 -0.697
619.436 -0.698
619.672 -0.699
619.909 -0.7
620.147 -0.701
620.387 -0.702
620.629 -0.703
620.873 -0.704
621.119 -0.705
621.366 -0.706
621.613 -0.707
621.862 -0.708
622.114 -0.709
622.368 -0.71
622.624 -0.711
622.881 -0.712
623.141 -0.713
623.401 -0.714
623.663 -0.715
623.928 -0.716
624.196 -0.717
624.467 -0.718
624.74 -0.719
625.016 -0.72
625.292 -0.721
625.569 -0.722
625.848 -0.723
626.129 -0.724
626.414 -0.725
626.7 -0.726
626.989 -0.727
627.28 -0.728
627.572 -0.729
627.867 -0.73
628.163 -0.731
628.461 -0.732
628.762 -0.733
629.065 -0.734
629.37 -0.735
629.676 -0.736
629.985 -0.737
630.296 -0.738
630.61 -0.739
630.926 -0.74
631.245 -0.741
631.567 -0.742
631.89 -0.743
632.216 -0.744
632.543 -0.745
632.873 -0.746
633.206 -0.747
633.541 -0.748
633.879 -0.749
634.219 -0.75
634.562 -0.751
634.908 -0.752
635.254 -0.753
635.604 -0.754
635.956 -0.755
636.31 -0.756
636.667 -0.757
637.027 -0.758
637.39 -0.759
637.755 -0.76
638.123 -0.761
638.494 -0.762
638.867 -0.763
639.241 -0.764
639.619 -0.765
640 -0.766
640.383 -0.767
640.77 -0.768
641.159 -0.769
641.551 -0.77
641.945 -0.771
642.343 -0.772
642.744 -0.773
643.147 -0.774
643.554 -0.775
643.963 -0.776
644.376 -0.777
644.791 -0.778
645.209 -0.779
645.63 -0.78
646.055 -0.781
646.482 -0.782
646.912 -0.783
647.345 -0.784
647.78 -0.785
648.219 -0.786
648.661 -0.787
649.106 -0.788
649.554 -0.789
650.005 -0.79
650.459 -0.791
650.916 -0.792
651.377 -0.793
651.84 -0.794
652.306 -0.795
652.776 -0.796
653.248 -0.797
653.723 -0.798
654.199 -0.799
654.678 -0.8
655.161 -0.801
655.646 -0.802
656.135 -0.803
656.627 -0.804
657.122 -0.805
657.62 -0.806
658.122 -0.807
658.626 -0.808
659.134 -0.809
659.643 -0.81
660.155 -0.811
660.67 -0.812
661.188 -0.813
661.709 -0.814
662.233 -0.815
662.76 -0.816
663.291 -0.817
663.825 -0.818
664.361 -0.819
664.899 -0.82
665.44 -0.821
665.984 -0.822
666.53 -0.823
667.079 -0.824
667.631 -0.825
668.187 -0.826
668.746 -0.827
669.308 -0.828
669.873 -0.829
670.443 -0.83
671.014 -0.831
671.588 -0.832
672.165 -0.833
672.746 -0.834
673.33 -0.835
673.917 -0.836
674.506 -0.837
675.098 -0.838
675.693 -0.839
676.292 -0.84
676.894 -0.841
677.5 -0.842
678.107 -0.843
678.718 -0.844
679.331 -0.845
679.948 -0.846
680.569 -0.847
681.193 -0.848
681.82 -0.849
682.45 -0.85
683.083 -0.851
683.719 -0.852
684.357 -0.853
684.999 -0.854
685.645 -0.855
686.294 -0.856
686.944 -0.857
687.598 -0.858
688.255 -0.859
688.916 -0.86
689.58 -0.861
690.248 -0.862
690.919 -0.863
691.594 -0.864
692.272 -0.865
692.953 -0.866
693.637 -0.867
694.324 -0.868
695.014 -0.869
695.708 -0.87
696.405 -0.871
697.104 -0.872
697.806 -0.873
698.51 -0.874
699.218 -0.875
699.929 -0.876
700.644 -0.877
701.363 -0.878
702.085 -0.879
702.811 -0.88
703.541 -0.881
704.274 -0.882
705.011 -0.883
705.751 -0.884
706.495 -0.885
707.243 -0.886
707.994 -0.887
708.746 -0.888
709.5 -0.889
710.256 -0.89
711.016 -0.891
711.779 -0.892
712.546 -0.893
713.317 -0.894
714.091 -0.895
714.869 -0.896
715.651 -0.897
716.436 -0.898
717.226 -0.899
718.019 -0.9
718.816 -0.901
719.616 -0.902
720.421 -0.903
721.228 -0.904
722.037 -0.905
722.849 -0.906
723.663 -0.907
724.482 -0.908
725.304 -0.909
726.13 -0.91
726.959 -0.911
727.793 -0.912
728.63 -0.913
729.471 -0.914
730.315 -0.915
731.164 -0.916
732.016 -0.917
732.872 -0.918
733.731 -0.919
734.595 -0.92
735.461 -0.921
736.328 -0.922
737.197 -0.923
738.069 -0.924
738.945 -0.925
739.825 -0.926
740.709 -0.927
741.596 -0.928
742.487 -0.929
743.382 -0.93
744.281 -0.931
745.183 -0.932
746.09 -0.933
747 -0.934
747.914 -0.935
748.833 -0.936
749.755 -0.937
750.68 -0.938
751.61 -0.939
752.54 -0.94
753.472 -0.941
754.407 -0.942
755.347 -0.943
756.29 -0.944
757.237 -0.945
758.188 -0.946
759.143 -0.947
760.101 -0.948
761.063 -0.949
762.029 -0.95
762.999 -0.951
763.972 -0.952
764.949 -0.953
765.931 -0.954
766.915 -0.955
767.904 -0.956
768.896 -0.957
769.892 -0.958
770.89 -0.959
771.892 -0.96
772.896 -0.961
773.903 -0.962
774.913 -0.963
775.928 -0.964
776.946 -0.965
777.968 -0.966
778.993 -0.967
780.023 -0.968
781.056 -0.969
782.093 -0.97
783.134 -0.971
784.179 -0.972
785.228 -0.973
786.28 -0.974
787.337 -0.975
788.397 -0.976
789.461 -0.977
790.529 -0.978
791.601 -0.979
792.676 -0.98
793.754 -0.981
794.835 -0.982
795.92 -0.983
797.008 -0.984
798.099 -0.985
799.195 -0.986
800.294 -0.987
801.397 -0.988
802.504 -0.989
803.614 -0.99
804.729 -0.991
805.847 -0.992
806.969 -0.993
808.094 -0.994
809.223 -0.995
810.356 -0.996
811.492 -0.997
812.632 -0.998
813.776 -0.999
814.924 -1
816.075 -1.001
817.23 -1.002
818.389 -1.003
819.55 -1.004
820.715 -1.005
821.882 -1.006
823.053 -1.007
824.229 -1.008
825.407 -1.009
826.59 -1.01
827.776 -1.011
828.967 -1.012
830.16 -1.013
831.357 -1.014
832.558 -1.015
833.763 -1.016
834.971 -1.017
836.183 -1.018
837.399 -1.019
838.619 -1.02
839.842 -1.021
841.069 -1.022
842.299 -1.023
843.532 -1.024
844.769 -1.025
846.01 -1.026
847.255 -1.027
848.504 -1.028
849.758 -1.029
851.014 -1.03
852.275 -1.031
853.539 -1.032
854.807 -1.033
856.079 -1.034
857.354 -1.035
858.633 -1.036
859.916 -1.037
861.203 -1.038
862.495 -1.039
863.791 -1.04
865.091 -1.041
866.395 -1.042
867.704 -1.043
869.017 -1.044
870.335 -1.045
871.656 -1.046
872.981 -1.047
874.311 -1.048
875.645 -1.049
876.984 -1.05
878.327 -1.051
879.674 -1.052
881.025 -1.053
882.379 -1.054
883.737 -1.055
885.099 -1.056
886.464 -1.057
887.834 -1.058
889.208 -1.059
890.586 -1.06
891.969 -1.061
893.357 -1.062
894.749 -1.063
896.146 -1.064
897.546 -1.065
898.949 -1.066
900.354 -1.067
901.755 -1.068
903.157 -1.069
904.564 -1.07
905.972 -1.071
907.346 -1.072
908.702 -1.073
910.061 -1.074
911.42 -1.075
912.754 -1.076
914.065 -1.077
915.377 -1.078
916.694 -1.079
918.015 -1.08
919.339 -1.081
920.667 -1.082
921.998 -1.083
923.334 -1.084
924.676 -1.085
926.022 -1.086
927.373 -1.087
928.729 -1.088
930.09 -1.089
931.456 -1.09
932.826 -1.091
934.202 -1.092
935.583 -1.093
936.968 -1.094
938.359 -1.095
939.755 -1.096
941.156 -1.097
942.562 -1.098
943.973 -1.099
945.39 -1.1
