21.2769 -0.001
42.5176 -0.002
63.7217 -0.003
84.8886 -0.004
106.018 -0.005
127.11 -0.006
148.163 -0.007
169.177 -0.008
190.151 -0.009
211.086 -0.01
231.98 -0.011
252.834 -0.012
273.645 -0.013
294.415 -0.014
315.142 -0.015
335.826 -0.016
356.466 -0.017
377.061 -0.018
397.611 -0.019
418.116 -0.02
438.574 -0.021
458.984 -0.022
479.347 -0.023
499.66 -0.024
519.924 -0.025
540.138 -0.026
560.301 -0.027
580.411 -0.028
600.468 -0.029
620.472 -0.03
640.42 -0.031
660.312 -0.032
680.148 -0.033
699.849 -0.034
718.853 -0.035
736.485 -0.036
752.08 -0.037
767.26 -0.038
781.895 -0.039
795.473 -0.04
807.535 -0.041
818.158 -0.042
826.236 -0.043
833.111 -0.044
839.327 -0.045
844.843 -0.046
849.52 -0.047
853.416 -0.048
856.767 -0.049
860.033 -0.05
862.804 -0.051
865.068 -0.052
866.703 -0.053
867.97 -0.054
869.21 -0.055
870.426 -0.056
871.622 -0.057
872.797 -0.058
873.948 -0.059
875.07 -0.06
876.157 -0.061
877.215 -0.062
878.243 -0.063
879.237 -0.064
880.205 -0.065
881.143 -0.066
882.047 -0.067
882.909 -0.068
883.737 -0.069
884.533 -0.07
885.296 -0.071
886.027 -0.072
886.732 -0.073
887.411 -0.074
888.075 -0.075
888.727 -0.076
889.364 -0.077
889.993 -0.078
890.611 -0.079
891.22 -0.08
891.82 -0.081
892.416 -0.082
893.006 -0.083
893.591 -0.084
894.165 -0.085
894.732 -0.086
895.293 -0.087
895.85 -0.088
896.396 -0.089
896.939 -0.09
897.476 -0.091
898.008 -0.092
898.534 -0.093
899.047 -0.094
899.557 -0.095
900.056 -0.096
900.547 -0.097
901.027 -0.098
901.501 -0.099
901.969 -0.1
902.433 -0.101
902.878 -0.102
903.316 -0.103
903.752 -0.104
904.186 -0.105
904.614 -0.106
905.036 -0.107
905.446 -0.108
905.853 -0.109
906.259 -0.11
906.661 -0.111
907.059 -0.112
907.454 -0.113
907.847 -0.114
908.237 -0.115
908.625 -0.116
909.007 -0.117
909.386 -0.118
909.762 -0.119
910.138 -0.12
910.502 -0.121
910.864 -0.122
911.225 -0.123
911.584 -0.124
911.94 -0.125
912.296 -0.126
912.65 -0.127
912.999 -0.128
913.341 -0.129
913.681 -0.13
914.02 -0.131
914.358 -0.132
914.693 -0.133
915.027 -0.134
915.358 -0.135
915.688 -0.136
916.006 -0.137
916.323 -0.138
916.639 -0.139
916.953 -0.14
917.265 -0.141
917.575 -0.142
917.884 -0.143
918.192 -0.144
918.494 -0.145
918.785 -0.146
919.075 -0.147
919.363 -0.148
919.648 -0.149
919.932 -0.15
920.214 -0.151
920.494 -0.152
920.773 -0.153
921.051 -0.154
921.328 -0.155
921.604 -0.156
921.875 -0.157
922.144 -0.158
922.409 -0.159
922.674 -0.16
922.937 -0.161
923.199 -0.162
923.459 -0.163
923.719 -0.164
923.975 -0.165
924.23 -0.166
924.482 -0.167
924.733 -0.168
924.983 -0.169
925.231 -0.17
925.477 -0.171
925.722 -0.172
925.965 -0.173
926.204 -0.174
926.441 -0.175
926.677 -0.176
926.911 -0.177
927.144 -0.178
927.376 -0.179
927.608 -0.18
927.839 -0.181
928.066 -0.182
928.292 -0.183
928.517 -0.184
928.74 -0.185
928.962 -0.186
929.181 -0.187
929.399 -0.188
929.615 -0.189
929.83 -0.19
930.044 -0.191
930.258 -0.192
930.469 -0.193
930.679 -0.194
930.889 -0.195
931.097 -0.196
931.305 -0.197
931.511 -0.198
931.714 -0.199
931.916 -0.2
932.117 -0.201
932.317 -0.202
932.516 -0.203
932.713 -0.204
932.908 -0.205
933.103 -0.206
933.296 -0.207
933.488 -0.208
933.679 -0.209
933.869 -0.21
934.058 -0.211
934.245 -0.212
934.429 -0.213
934.612 -0.214
934.794 -0.215
934.975 -0.216
935.156 -0.217
935.336 -0.218
935.515 -0.219
935.694 -0.22
935.872 -0.221
936.049 -0.222
936.226 -0.223
936.402 -0.224
936.578 -0.225
936.752 -0.226
936.923 -0.227
937.091 -0.228
937.258 -0.229
937.424 -0.23
937.59 -0.231
937.755 -0.232
937.919 -0.233
938.083 -0.234
938.246 -0.235
938.407 -0.236
938.567 -0.237
938.726 -0.238
938.885 -0.239
939.042 -0.24
939.198 -0.241
939.353 -0.242
939.505 -0.243
939.657 -0.244
939.809 -0.245
939.96 -0.246
940.111 -0.247
940.261 -0.248
940.41 -0.249
940.559 -0.25
940.706 -0.251
940.853 -0.252
940.999 -0.253
941.144 -0.254
941.288 -0.255
941.43 -0.256
941.572 -0.257
941.711 -0.258
941.849 -0.259
941.986 -0.26
942.122 -0.261
942.256 -0.262
942.389 -0.263
942.522 -0.264
942.653 -0.265
942.784 -0.266
942.914 -0.267
943.043 -0.268
943.171 -0.269
943.296 -0.27
943.419 -0.271
943.538 -0.272
943.656 -0.273
943.773 -0.274
943.891 -0.275
944.008 -0.276
944.127 -0.277
944.246 -0.278
944.365 -0.279
944.482 -0.28
944.599 -0.281
944.715 -0.282
944.826 -0.283
944.935 -0.284
945.039 -0.285
945.142 -0.286
945.247 -0.287
945.349 -0.288
945.455 -0.289
945.559 -0.29
945.661 -0.291
945.761 -0.292
945.86 -0.293
945.956 -0.294
946.05 -0.295
946.143 -0.296
946.241 -0.297
946.338 -0.298
946.44 -0.299
946.543 -0.3
946.644 -0.301
946.745 -0.302
946.845 -0.303
946.943 -0.304
947.041 -0.305
947.138 -0.306
947.234 -0.307
947.328 -0.308
947.422 -0.309
947.518 -0.31
947.614 -0.311
947.712 -0.312
947.81 -0.313
947.908 -0.314
948.005 -0.315
948.101 -0.316
948.197 -0.317
948.293 -0.318
948.388 -0.319
948.483 -0.32
948.577 -0.321
948.671 -0.322
948.766 -0.323
948.861 -0.324
948.957 -0.325
949.054 -0.326
949.15 -0.327
949.246 -0.328
949.342 -0.329
949.437 -0.33
949.532 -0.331
949.627 -0.332
949.721 -0.333
949.815 -0.334
949.908 -0.335
950 -0.336
950.091 -0.337
950.182 -0.338
950.272 -0.339
950.363 -0.34
950.454 -0.341
950.545 -0.342
950.637 -0.343
950.73 -0.344
950.822 -0.345
950.915 -0.346
951.007 -0.347
951.1 -0.348
951.192 -0.349
951.284 -0.35
951.374 -0.351
951.465 -0.352
951.554 -0.353
951.643 -0.354
951.732 -0.355
951.82 -0.356
951.908 -0.357
951.996 -0.358
952.083 -0.359
952.17 -0.36
952.256 -0.361
952.342 -0.362
952.427 -0.363
952.512 -0.364
952.597 -0.365
952.681 -0.366
952.764 -0.367
952.847 -0.368
952.93 -0.369
953.013 -0.37
953.096 -0.371
953.178 -0.372
953.26 -0.373
953.341 -0.374
953.422 -0.375
953.502 -0.376
953.581 -0.377
953.66 -0.378
953.738 -0.379
953.815 -0.38
953.891 -0.381
953.964 -0.382
954.037 -0.383
954.107 -0.384
954.178 -0.385
954.249 -0.386
954.318 -0.387
954.388 -0.388
954.457 -0.389
954.523 -0.39
954.588 -0.391
954.651 -0.392
954.711 -0.393
954.768 -0.394
954.829 -0.395
954.891 -0.396
954.949 -0.397
955.016 -0.398
955.084 -0.399
955.152 -0.4
955.224 -0.401
955.295 -0.402
955.365 -0.403
955.435 -0.404
955.506 -0.405
955.576 -0.406
955.646 -0.407
955.715 -0.408
955.784 -0.409
955.854 -0.41
955.923 -0.411
955.992 -0.412
956.062 -0.413
956.133 -0.414
956.203 -0.415
956.275 -0.416
956.346 -0.417
956.417 -0.418
956.487 -0.419
956.558 -0.42
956.627 -0.421
956.696 -0.422
956.765 -0.423
956.834 -0.424
956.902 -0.425
956.97 -0.426
957.037 -0.427
957.103 -0.428
957.169 -0.429
957.235 -0.43
957.303 -0.431
957.37 -0.432
957.437 -0.433
957.507 -0.434
957.575 -0.435
957.644 -0.436
957.711 -0.437
957.778 -0.438
957.845 -0.439
957.911 -0.44
957.976 -0.441
958.041 -0.442
958.105 -0.443
958.168 -0.444
958.23 -0.445
958.296 -0.446
958.361 -0.447
958.426 -0.448
958.494 -0.449
958.563 -0.45
958.631 -0.451
958.699 -0.452
958.767 -0.453
958.835 -0.454
958.902 -0.455
958.969 -0.456
959.037 -0.457
959.106 -0.458
959.175 -0.459
959.243 -0.46
959.311 -0.461
959.381 -0.462
959.454 -0.463
959.526 -0.464
959.597 -0.465
959.672 -0.466
959.748 -0.467
959.824 -0.468
959.899 -0.469
959.974 -0.47
960.05 -0.471
960.127 -0.472
960.203 -0.473
960.28 -0.474
960.356 -0.475
960.433 -0.476
960.511 -0.477
960.588 -0.478
960.666 -0.479
960.743 -0.48
960.822 -0.481
960.901 -0.482
960.979 -0.483
961.057 -0.484
961.135 -0.485
961.214 -0.486
961.293 -0.487
961.371 -0.488
961.45 -0.489
961.529 -0.49
961.609 -0.491
961.688 -0.492
961.767 -0.493
961.847 -0.494
961.926 -0.495
962.005 -0.496
962.084 -0.497
962.164 -0.498
962.244 -0.499
962.323 -0.5
962.403 -0.501
962.483 -0.502
962.562 -0.503
962.643 -0.504
962.723 -0.505
962.803 -0.506
962.882 -0.507
962.962 -0.508
963.041 -0.509
963.121 -0.51
963.2 -0.511
963.279 -0.512
963.358 -0.513
963.436 -0.514
963.514 -0.515
963.592 -0.516
963.67 -0.517
963.748 -0.518
963.824 -0.519
963.9 -0.52
963.976 -0.521
964.05 -0.522
964.122 -0.523
964.193 -0.524
964.263 -0.525
964.331 -0.526
964.397 -0.527
964.461 -0.528
964.522 -0.529
964.58 -0.53
964.638 -0.531
964.694 -0.532
964.748 -0.533
964.8 -0.534
964.85 -0.535
964.897 -0.536
964.942 -0.537
964.986 -0.538
965.028 -0.539
965.069 -0.54
965.107 -0.541
965.144 -0.542
965.181 -0.543
965.216 -0.544
965.25 -0.545
965.283 -0.546
965.314 -0.547
965.344 -0.548
965.373 -0.549
965.402 -0.55
965.433 -0.551
965.466 -0.552
965.499 -0.553
965.532 -0.554
965.567 -0.555
965.603 -0.556
965.64 -0.557
965.678 -0.558
965.717 -0.559
965.76 -0.56
965.803 -0.561
965.848 -0.562
965.892 -0.563
965.942 -0.564
965.992 -0.565
966.052 -0.566
966.119 -0.567
966.19 -0.568
966.262 -0.569
966.335 -0.57
966.408 -0.571
966.483 -0.572
966.56 -0.573
966.639 -0.574
966.719 -0.575
966.808 -0.576
966.898 -0.577
966.988 -0.578
967.078 -0.579
967.169 -0.58
967.279 -0.581
967.389 -0.582
967.499 -0.583
967.61 -0.584
967.722 -0.585
967.836 -0.586
967.956 -0.587
968.076 -0.588
968.197 -0.589
968.325 -0.59
968.455 -0.591
968.585 -0.592
968.716 -0.593
968.847 -0.594
968.979 -0.595
969.111 -0.596
969.245 -0.597
969.379 -0.598
969.518 -0.599
969.658 -0.6
969.801 -0.601
969.948 -0.602
970.092 -0.603
970.234 -0.604
970.371 -0.605
970.504 -0.606
970.632 -0.607
970.76 -0.608
970.888 -0.609
971.016 -0.61
971.145 -0.611
971.274 -0.612
971.406 -0.613
971.54 -0.614
971.675 -0.615
971.809 -0.616
971.94 -0.617
972.066 -0.618
972.185 -0.619
972.302 -0.62
972.418 -0.621
972.535 -0.622
972.652 -0.623
972.769 -0.624
972.887 -0.625
973.005 -0.626
973.123 -0.627
973.241 -0.628
973.36 -0.629
973.479 -0.63
973.598 -0.631
973.718 -0.632
973.838 -0.633
973.958 -0.634
974.079 -0.635
974.2 -0.636
974.321 -0.637
974.442 -0.638
974.564 -0.639
974.686 -0.64
974.809 -0.641
974.931 -0.642
975.054 -0.643
975.177 -0.644
975.301 -0.645
975.425 -0.646
975.55 -0.647
975.674 -0.648
975.799 -0.649
975.925 -0.65
976.05 -0.651
976.176 -0.652
976.303 -0.653
976.429 -0.654
976.556 -0.655
976.683 -0.656
976.811 -0.657
976.938 -0.658
977.067 -0.659
977.195 -0.66
977.324 -0.661
977.454 -0.662
977.583 -0.663
977.713 -0.664
977.844 -0.665
977.974 -0.666
978.105 -0.667
978.236 -0.668
978.368 -0.669
978.5 -0.67
978.632 -0.671
978.765 -0.672
978.898 -0.673
979.031 -0.674
979.165 -0.675
979.299 -0.676
979.433 -0.677
979.568 -0.678
979.703 -0.679
979.838 -0.68
979.974 -0.681
980.11 -0.682
980.246 -0.683
980.383 -0.684
980.52 -0.685
980.657 -0.686
980.795 -0.687
980.933 -0.688
981.072 -0.689
981.211 -0.69
981.35 -0.691
981.489 -0.692
981.629 -0.693
981.769 -0.694
981.91 -0.695
982.051 -0.696
982.192 -0.697
982.334 -0.698
982.476 -0.699
982.619 -0.7
982.761 -0.701
982.905 -0.702
983.048 -0.703
983.192 -0.704
983.336 -0.705
983.481 -0.706
983.626 -0.707
983.772 -0.708
983.918 -0.709
984.064 -0.71
984.211 -0.711
984.358 -0.712
984.505 -0.713
984.653 -0.714
984.801 -0.715
984.95 -0.716
985.099 -0.717
985.248 -0.718
985.398 -0.719
985.548 -0.72
985.699 -0.721
985.85 -0.722
986.001 -0.723
986.153 -0.724
986.306 -0.725
986.458 -0.726
986.611 -0.727
986.765 -0.728
986.919 -0.729
987.073 -0.73
987.228 -0.731
987.383 -0.732
987.539 -0.733
987.695 -0.734
987.851 -0.735
988.008 -0.736
988.165 -0.737
988.323 -0.738
988.481 -0.739
988.64 -0.74
988.799 -0.741
988.958 -0.742
989.118 -0.743
989.279 -0.744
989.439 -0.745
989.601 -0.746
989.762 -0.747
989.924 -0.748
990.087 -0.749
990.25 -0.75
990.413 -0.751
990.577 -0.752
990.742 -0.753
990.906 -0.754
991.072 -0.755
991.237 -0.756
991.403 -0.757
991.57 -0.758
991.737 -0.759
991.904 -0.76
992.072 -0.761
992.241 -0.762
992.41 -0.763
992.579 -0.764
992.749 -0.765
992.919 -0.766
993.09 -0.767
993.261 -0.768
993.433 -0.769
993.605 -0.77
993.778 -0.771
993.951 -0.772
994.124 -0.773
994.298 -0.774
994.473 -0.775
994.648 -0.776
994.823 -0.777
994.999 -0.778
995.175 -0.779
995.352 -0.78
995.529 -0.781
995.707 -0.782
995.885 -0.783
996.064 -0.784
996.243 -0.785
996.423 -0.786
996.603 -0.787
996.784 -0.788
996.965 -0.789
997.146 -0.79
997.328 -0.791
997.511 -0.792
997.694 -0.793
997.878 -0.794
998.062 -0.795
998.246 -0.796
998.431 -0.797
998.617 -0.798
998.803 -0.799
998.989 -0.8
999.177 -0.801
999.364 -0.802
999.552 -0.803
999.741 -0.804
999.93 -0.805
1000.12 -0.806
1000.31 -0.807
1000.5 -0.808
1000.69 -0.809
1000.88 -0.81
1001.07 -0.811
1001.27 -0.812
1001.46 -0.813
1001.65 -0.814
1001.85 -0.815
1002.04 -0.816
1002.24 -0.817
1002.43 -0.818
1002.63 -0.819
1002.83 -0.82
1003.03 -0.821
1003.22 -0.822
1003.42 -0.823
1003.62 -0.824
1003.82 -0.825
1004.02 -0.826
1004.22 -0.827
1004.42 -0.828
1004.62 -0.829
1004.82 -0.83
1005.02 -0.831
1005.22 -0.832
1005.42 -0.833
1005.63 -0.834
1005.83 -0.835
1006.03 -0.836
1006.24 -0.837
1006.44 -0.838
1006.65 -0.839
1006.86 -0.84
1007.06 -0.841
1007.27 -0.842
1007.47 -0.843
1007.68 -0.844
1007.88 -0.845
1008.09 -0.846
1008.3 -0.847
1008.5 -0.848
1008.71 -0.849
1008.92 -0.85
1009.12 -0.851
1009.33 -0.852
1009.53 -0.853
1008.62 -0.854
1009.09 -0.855
1009.49 -0.856
1009.83 -0.857
1010.04 -0.858
1010.12 -0.859
1010.2 -0.86
1010.25 -0.861
1010.26 -0.862
1010.26 -0.863
1010.26 -0.864
1010.26 -0.865
1010.26 -0.866
1010.27 -0.867
1010.27 -0.868
1010.27 -0.869
1010.3 -0.87
1010.39 -0.871
1010.5 -0.872
1010.63 -0.873
1010.76 -0.874
1010.9 -0.875
1011.05 -0.876
1011.3 -0.877
1011.64 -0.878
1012.02 -0.879
1012.41 -0.88
1012.81 -0.881
1013.21 -0.882
1013.56 -0.883
1013.91 -0.884
1014.26 -0.885
1014.61 -0.886
1014.95 -0.887
1015.25 -0.888
1015.55 -0.889
1015.85 -0.89
1016.15 -0.891
1016.45 -0.892
1016.75 -0.893
1017.05 -0.894
1017.35 -0.895
1017.61 -0.896
1017.88 -0.897
1018.14 -0.898
1018.41 -0.899
1018.67 -0.9
1018.91 -0.901
1019.14 -0.902
1019.37 -0.903
1019.61 -0.904
1019.84 -0.905
1020.07 -0.906
1020.31 -0.907
1020.54 -0.908
1020.78 -0.909
1021.01 -0.91
1021.25 -0.911
1021.48 -0.912
1021.72 -0.913
1021.96 -0.914
1022.2 -0.915
1022.44 -0.916
1022.68 -0.917
1022.92 -0.918
1023.17 -0.919
1023.41 -0.92
1023.65 -0.921
1023.9 -0.922
1024.14 -0.923
1024.39 -0.924
1024.63 -0.925
1024.88 -0.926
1025.12 -0.927
1025.37 -0.928
1025.62 -0.929
1025.87 -0.93
1026.12 -0.931
1026.37 -0.932
1026.62 -0.933
1026.87 -0.934
1027.12 -0.935
1027.38 -0.936
1027.63 -0.937
1027.88 -0.938
1028.14 -0.939
1028.39 -0.94
1028.65 -0.941
1028.9 -0.942
1029.16 -0.943
1029.42 -0.944
1029.67 -0.945
1029.93 -0.946
1030.19 -0.947
1030.45 -0.948
1030.71 -0.949
1030.97 -0.95
1031.23 -0.951
1031.5 -0.952
1031.76 -0.953
1032.02 -0.954
1032.29 -0.955
1032.55 -0.956
1032.82 -0.957
1033.08 -0.958
1033.35 -0.959
1033.62 -0.96
1033.89 -0.961
1034.16 -0.962
1034.43 -0.963
1034.7 -0.964
1034.97 -0.965
1035.24 -0.966
1035.51 -0.967
1035.78 -0.968
1036.06 -0.969
1036.33 -0.97
1036.61 -0.971
1036.88 -0.972
1037.16 -0.973
1037.43 -0.974
1037.71 -0.975
1037.99 -0.976
1038.27 -0.977
1038.55 -0.978
1038.83 -0.979
1039.11 -0.98
1039.39 -0.981
1039.67 -0.982
1039.96 -0.983
1040.24 -0.984
1040.53 -0.985
1040.81 -0.986
1041.1 -0.987
1041.38 -0.988
1041.67 -0.989
1041.96 -0.99
1042.24 -0.991
1042.53 -0.992
1042.82 -0.993
1043.11 -0.994
1043.4 -0.995
1043.7 -0.996
1043.99 -0.997
1044.28 -0.998
1044.57 -0.999
1044.87 -1
1045.16 -1.001
1045.46 -1.002
1045.75 -1.003
1046.05 -1.004
1046.35 -1.005
1046.64 -1.006
1046.94 -1.007
1047.24 -1.008
1047.54 -1.009
1047.84 -1.01
1048.13 -1.011
1048.42 -1.012
1048.7 -1.013
1048.93 -1.014
1049.14 -1.015
1049.36 -1.016
1049.61 -1.017
1049.85 -1.018
1050.09 -1.019
1050.3 -1.02
1050.48 -1.021
1050.66 -1.022
1050.87 -1.023
1051.08 -1.024
1051.29 -1.025
1051.5 -1.026
1051.71 -1.027
1051.92 -1.028
1052.13 -1.029
1052.35 -1.03
1052.56 -1.031
1052.77 -1.032
1052.99 -1.033
1053.21 -1.034
1053.42 -1.035
1053.64 -1.036
1053.86 -1.037
1054.08 -1.038
1054.3 -1.039
1054.55 -1.04
1054.84 -1.041
1055.14 -1.042
1055.47 -1.043
1055.8 -1.044
1056.16 -1.045
1056.59 -1.046
1057.06 -1.047
1057.53 -1.048
1057.99 -1.049
1058.46 -1.05
1058.93 -1.051
1059.4 -1.052
1059.84 -1.053
1060.26 -1.054
1060.68 -1.055
1061.1 -1.056
1061.52 -1.057
1061.94 -1.058
1062.36 -1.059
1062.78 -1.06
1063.2 -1.061
1063.6 -1.062
1063.99 -1.063
1064.37 -1.064
1064.75 -1.065
1065.13 -1.066
1065.5 -1.067
1065.85 -1.068
1066.2 -1.069
1066.56 -1.07
1066.91 -1.071
1067.26 -1.072
1067.61 -1.073
1067.97 -1.074
1068.32 -1.075
1068.68 -1.076
1069.03 -1.077
1069.39 -1.078
1069.75 -1.079
1070.11 -1.08
1070.47 -1.081
1070.82 -1.082
1071.18 -1.083
1071.54 -1.084
1071.91 -1.085
1072.27 -1.086
1072.63 -1.087
1073 -1.088
1073.36 -1.089
1073.72 -1.09
1074.09 -1.091
1074.45 -1.092
1074.82 -1.093
1075.18 -1.094
1075.55 -1.095
1075.92 -1.096
1076.29 -1.097
1076.66 -1.098
1077.03 -1.099
1077.4 -1.1
1077.77 -1.101
1078.14 -1.102
1078.51 -1.103
1078.89 -1.104
1079.26 -1.105
1079.64 -1.106
1080.01 -1.107
1080.39 -1.108
1080.76 -1.109
1081.14 -1.11
1081.52 -1.111
1081.9 -1.112
1082.28 -1.113
1082.66 -1.114
1083.04 -1.115
1083.42 -1.116
1083.8 -1.117
1084.18 -1.118
1084.56 -1.119
1084.95 -1.12
1085.33 -1.121
1085.71 -1.122
1086.1 -1.123
1086.49 -1.124
1086.87 -1.125
1087.26 -1.126
1087.65 -1.127
1088.04 -1.128
1088.43 -1.129
1088.82 -1.13
1089.21 -1.131
1089.6 -1.132
1090 -1.133
1090.39 -1.134
1090.78 -1.135
1091.18 -1.136
1091.57 -1.137
1091.97 -1.138
1092.37 -1.139
1092.76 -1.14
1093.16 -1.141
1093.55 -1.142
1093.93 -1.143
1094.3 -1.144
1094.66 -1.145
1095 -1.146
1095.34 -1.147
1095.67 -1.148
1096 -1.149
1096.34 -1.15
1096.67 -1.151
1097 -1.152
1097.33 -1.153
1097.66 -1.154
1097.98 -1.155
1098.29 -1.156
1098.59 -1.157
1098.89 -1.158
1099.19 -1.159
1099.49 -1.16
1099.8 -1.161
1100.11 -1.162
1100.42 -1.163
1100.76 -1.164
1101.13 -1.165
1101.51 -1.166
1101.89 -1.167
1102.29 -1.168
1102.7 -1.169
1103.11 -1.17
1103.54 -1.171
1103.97 -1.172
1104.42 -1.173
1104.93 -1.174
1105.44 -1.175
1105.93 -1.176
1106.43 -1.177
1106.95 -1.178
1107.48 -1.179
1108.01 -1.18
1108.53 -1.181
1109.04 -1.182
1109.56 -1.183
1110.06 -1.184
1110.57 -1.185
1111.06 -1.186
1111.56 -1.187
1112.05 -1.188
1112.53 -1.189
1113.01 -1.19
1113.49 -1.191
1113.97 -1.192
1114.45 -1.193
1114.92 -1.194
1115.39 -1.195
1115.86 -1.196
1116.33 -1.197
1116.79 -1.198
1117.24 -1.199
1117.7 -1.2
1118.15 -1.201
1118.61 -1.202
1119.07 -1.203
1119.53 -1.204
1119.99 -1.205
1120.45 -1.206
1120.91 -1.207
1121.38 -1.208
1121.84 -1.209
1122.31 -1.21
1122.77 -1.211
1123.24 -1.212
1123.71 -1.213
1124.18 -1.214
1124.65 -1.215
1125.12 -1.216
1125.59 -1.217
1126.06 -1.218
1126.54 -1.219
1127.01 -1.22
1127.48 -1.221
1127.96 -1.222
1128.43 -1.223
1128.91 -1.224
1129.39 -1.225
1129.86 -1.226
1130.34 -1.227
1130.82 -1.228
1131.3 -1.229
1131.78 -1.23
1132.27 -1.231
1132.75 -1.232
1133.23 -1.233
1133.72 -1.234
1134.2 -1.235
1134.69 -1.236
1135.17 -1.237
1135.66 -1.238
1136.15 -1.239
1136.64 -1.24
1137.13 -1.241
1137.62 -1.242
1138.11 -1.243
1138.6 -1.244
1139.09 -1.245
1139.58 -1.246
1140.07 -1.247
1140.57 -1.248
1141.06 -1.249
1141.56 -1.25
1142.06 -1.251
1142.56 -1.252
1143.05 -1.253
1143.55 -1.254
1144.05 -1.255
1144.55 -1.256
1145.06 -1.257
1145.56 -1.258
1146.06 -1.259
1146.56 -1.26
1147.07 -1.261
1147.58 -1.262
1148.08 -1.263
1148.59 -1.264
1149.1 -1.265
1149.61 -1.266
1150.12 -1.267
1150.63 -1.268
1151.14 -1.269
1151.66 -1.27
1152.17 -1.271
1152.68 -1.272
1153.2 -1.273
1153.72 -1.274
1154.23 -1.275
1154.75 -1.276
1155.27 -1.277
1155.79 -1.278
1156.32 -1.279
1156.84 -1.28
1157.36 -1.281
1157.88 -1.282
1158.41 -1.283
1158.93 -1.284
1159.46 -1.285
1159.99 -1.286
1160.52 -1.287
1161.05 -1.288
1161.58 -1.289
1162.11 -1.29
1162.64 -1.291
1163.18 -1.292
1163.71 -1.293
1164.25 -1.294
1164.78 -1.295
1165.32 -1.296
1165.86 -1.297
1166.4 -1.298
1166.95 -1.299
1167.49 -1.3
1168.03 -1.301
1168.58 -1.302
1169.13 -1.303
1169.67 -1.304
1170.22 -1.305
1170.77 -1.306
1171.32 -1.307
1171.87 -1.308
1172.43 -1.309
1172.98 -1.31
1173.54 -1.311
1174.09 -1.312
1174.65 -1.313
1175.21 -1.314
1175.77 -1.315
1176.33 -1.316
1176.89 -1.317
1177.46 -1.318
1178.02 -1.319
1178.59 -1.32
1179.16 -1.321
1179.72 -1.322
1180.29 -1.323
1180.86 -1.324
1181.43 -1.325
1182.01 -1.326
1182.58 -1.327
1183.15 -1.328
1183.73 -1.329
1184.31 -1.33
1184.88 -1.331
1185.46 -1.332
1186.04 -1.333
1186.62 -1.334
1187.21 -1.335
1187.79 -1.336
1188.37 -1.337
1188.96 -1.338
1189.54 -1.339
1190.13 -1.34
1190.72 -1.341
1191.31 -1.342
1191.9 -1.343
1192.49 -1.344
1193.08 -1.345
1193.68 -1.346
1194.27 -1.347
1194.87 -1.348
1195.47 -1.349
1196.06 -1.35
1196.66 -1.351
1197.26 -1.352
1197.87 -1.353
1198.47 -1.354
1199.07 -1.355
1199.68 -1.356
1200.28 -1.357
1200.89 -1.358
1201.5 -1.359
1202.11 -1.36
1202.72 -1.361
1203.33 -1.362
1203.94 -1.363
1204.55 -1.364
1205.17 -1.365
1205.79 -1.366
1206.4 -1.367
1207.02 -1.368
1207.64 -1.369
1208.26 -1.37
1208.88 -1.371
1209.5 -1.372
1210.13 -1.373
1210.75 -1.374
1211.38 -1.375
1212 -1.376
1212.63 -1.377
1213.26 -1.378
1213.89 -1.379
1214.52 -1.38
1215.15 -1.381
1215.79 -1.382
1216.42 -1.383
1217.06 -1.384
1217.69 -1.385
1218.33 -1.386
1218.97 -1.387
1219.61 -1.388
1220.25 -1.389
1220.89 -1.39
1221.54 -1.391
1222.18 -1.392
1222.83 -1.393
1223.48 -1.394
1224.13 -1.395
1224.78 -1.396
1225.43 -1.397
1226.08 -1.398
1226.73 -1.399
1227.39 -1.4
