6.62104 -0.001
13.2335 -0.002
19.8374 -0.003
26.4327 -0.004
33.0193 -0.005
39.5971 -0.006
46.1661 -0.007
52.7261 -0.008
59.277 -0.009
65.8189 -0.01
72.3516 -0.011
78.8749 -0.012
85.389 -0.013
91.8936 -0.014
98.3886 -0.015
104.874 -0.016
111.35 -0.017
117.816 -0.018
124.272 -0.019
130.717 -0.02
137.153 -0.021
143.579 -0.022
149.994 -0.023
156.399 -0.024
162.793 -0.025
169.177 -0.026
175.549 -0.027
181.911 -0.028
188.262 -0.029
194.602 -0.03
200.93 -0.031
207.247 -0.032
213.553 -0.033
219.847 -0.034
226.129 -0.035
232.399 -0.036
238.657 -0.037
244.902 -0.038
251.136 -0.039
257.356 -0.04
263.564 -0.041
269.759 -0.042
275.941 -0.043
282.01 -0.044
287.729 -0.045
292.795 -0.046
297.102 -0.047
301.372 -0.048
305.621 -0.049
309.773 -0.05
313.696 -0.051
317.332 -0.052
320.641 -0.053
323.341 -0.054
325.631 -0.055
327.871 -0.056
329.953 -0.057
331.974 -0.058
333.859 -0.059
335.575 -0.06
337.09 -0.061
338.583 -0.062
340.066 -0.063
341.537 -0.064
342.999 -0.065
344.452 -0.066
345.894 -0.067
347.323 -0.068
348.738 -0.069
350.141 -0.07
351.534 -0.071
352.917 -0.072
354.29 -0.073
355.655 -0.074
357.013 -0.075
358.366 -0.076
359.713 -0.077
361.053 -0.078
362.387 -0.079
363.716 -0.08
365.038 -0.081
366.355 -0.082
367.666 -0.083
368.971 -0.084
370.272 -0.085
371.567 -0.086
372.856 -0.087
374.14 -0.088
375.419 -0.089
376.693 -0.09
377.96 -0.091
379.222 -0.092
380.466 -0.093
381.692 -0.094
382.901 -0.095
384.056 -0.096
385.159 -0.097
386.206 -0.098
387.217 -0.099
388.156 -0.1
389.012 -0.101
389.765 -0.102
390.501 -0.103
391.229 -0.104
391.89 -0.105
392.455 -0.106
392.933 -0.107
393.402 -0.108
393.797 -0.109
394.073 -0.11
394.319 -0.111
394.56 -0.112
394.792 -0.113
395.02 -0.114
395.238 -0.115
395.452 -0.116
395.655 -0.117
395.854 -0.118
396.047 -0.119
396.237 -0.12
396.42 -0.121
396.602 -0.122
396.777 -0.123
396.948 -0.124
397.116 -0.125
397.281 -0.126
397.443 -0.127
397.604 -0.128
397.76 -0.129
397.914 -0.13
398.066 -0.131
398.215 -0.132
398.361 -0.133
398.501 -0.134
398.637 -0.135
398.772 -0.136
398.899 -0.137
399.023 -0.138
399.142 -0.139
399.254 -0.14
399.366 -0.141
399.469 -0.142
399.57 -0.143
399.67 -0.144
399.767 -0.145
399.864 -0.146
399.96 -0.147
400.055 -0.148
400.149 -0.149
400.242 -0.15
400.334 -0.151
400.424 -0.152
400.508 -0.153
400.592 -0.154
400.674 -0.155
400.75 -0.156
400.825 -0.157
400.9 -0.158
400.969 -0.159
401.038 -0.16
401.106 -0.161
401.168 -0.162
401.229 -0.163
401.289 -0.164
401.349 -0.165
401.409 -0.166
401.468 -0.167
401.527 -0.168
401.586 -0.169
401.644 -0.17
401.702 -0.171
401.759 -0.172
401.817 -0.173
401.873 -0.174
401.93 -0.175
401.986 -0.176
402.042 -0.177
402.098 -0.178
402.154 -0.179
402.209 -0.18
402.264 -0.181
402.319 -0.182
402.373 -0.183
402.427 -0.184
402.481 -0.185
402.535 -0.186
402.589 -0.187
402.642 -0.188
402.695 -0.189
402.748 -0.19
402.801 -0.191
402.853 -0.192
402.905 -0.193
402.957 -0.194
403.008 -0.195
403.059 -0.196
403.109 -0.197
403.159 -0.198
403.207 -0.199
403.255 -0.2
403.303 -0.201
403.35 -0.202
403.397 -0.203
403.443 -0.204
403.488 -0.205
403.533 -0.206
403.578 -0.207
403.623 -0.208
403.667 -0.209
403.711 -0.21
403.754 -0.211
403.797 -0.212
403.839 -0.213
403.881 -0.214
403.923 -0.215
403.965 -0.216
404.007 -0.217
404.048 -0.218
404.088 -0.219
404.128 -0.22
404.167 -0.221
404.207 -0.222
404.246 -0.223
404.286 -0.224
404.325 -0.225
404.364 -0.226
404.403 -0.227
404.442 -0.228
404.481 -0.229
404.52 -0.23
404.559 -0.231
404.597 -0.232
404.635 -0.233
404.674 -0.234
404.712 -0.235
404.75 -0.236
404.788 -0.237
404.826 -0.238
404.864 -0.239
404.901 -0.24
404.939 -0.241
404.976 -0.242
405.014 -0.243
405.051 -0.244
405.088 -0.245
405.125 -0.246
405.162 -0.247
405.198 -0.248
405.235 -0.249
405.271 -0.25
405.308 -0.251
405.344 -0.252
405.38 -0.253
405.416 -0.254
405.452 -0.255
405.488 -0.256
405.524 -0.257
405.559 -0.258
405.594 -0.259
405.63 -0.26
405.665 -0.261
405.7 -0.262
405.735 -0.263
405.769 -0.264
405.804 -0.265
405.838 -0.266
405.873 -0.267
405.907 -0.268
405.941 -0.269
405.975 -0.27
406.009 -0.271
406.042 -0.272
406.076 -0.273
406.109 -0.274
406.142 -0.275
406.175 -0.276
406.208 -0.277
406.24 -0.278
406.273 -0.279
406.305 -0.28
406.337 -0.281
406.369 -0.282
406.401 -0.283
406.433 -0.284
406.464 -0.285
406.495 -0.286
406.526 -0.287
406.557 -0.288
406.588 -0.289
406.618 -0.29
406.649 -0.291
406.679 -0.292
406.708 -0.293
406.738 -0.294
406.767 -0.295
406.796 -0.296
406.825 -0.297
406.854 -0.298
406.882 -0.299
406.911 -0.3
406.939 -0.301
406.967 -0.302
406.995 -0.303
407.023 -0.304
407.05 -0.305
407.078 -0.306
407.104 -0.307
407.131 -0.308
407.157 -0.309
407.184 -0.31
407.209 -0.311
407.235 -0.312
407.26 -0.313
407.285 -0.314
407.31 -0.315
407.334 -0.316
407.359 -0.317
407.383 -0.318
407.407 -0.319
407.431 -0.32
407.454 -0.321
407.477 -0.322
407.499 -0.323
407.521 -0.324
407.543 -0.325
407.563 -0.326
407.585 -0.327
407.605 -0.328
407.626 -0.329
407.647 -0.33
407.668 -0.331
407.688 -0.332
407.708 -0.333
407.727 -0.334
407.746 -0.335
407.765 -0.336
407.783 -0.337
407.802 -0.338
407.82 -0.339
407.839 -0.34
407.858 -0.341
407.876 -0.342
407.894 -0.343
407.912 -0.344
407.929 -0.345
407.947 -0.346
407.964 -0.347
407.981 -0.348
407.998 -0.349
408.015 -0.35
408.033 -0.351
408.05 -0.352
408.067 -0.353
408.085 -0.354
408.102 -0.355
408.119 -0.356
408.135 -0.357
408.151 -0.358
408.167 -0.359
408.183 -0.36
408.2 -0.361
408.216 -0.362
408.233 -0.363
408.25 -0.364
408.267 -0.365
408.283 -0.366
408.299 -0.367
408.315 -0.368
408.331 -0.369
408.346 -0.37
408.362 -0.371
408.377 -0.372
408.392 -0.373
408.408 -0.374
408.423 -0.375
408.439 -0.376
408.454 -0.377
408.469 -0.378
408.485 -0.379
408.5 -0.38
408.515 -0.381
408.53 -0.382
408.545 -0.383
408.56 -0.384
408.574 -0.385
408.588 -0.386
408.602 -0.387
408.617 -0.388
408.631 -0.389
408.645 -0.39
408.658 -0.391
408.672 -0.392
408.685 -0.393
408.698 -0.394
408.711 -0.395
408.724 -0.396
408.738 -0.397
408.752 -0.398
408.765 -0.399
408.778 -0.4
408.79 -0.401
408.802 -0.402
408.815 -0.403
408.827 -0.404
408.839 -0.405
408.85 -0.406
408.862 -0.407
408.873 -0.408
408.884 -0.409
408.896 -0.41
408.908 -0.411
408.92 -0.412
408.932 -0.413
408.944 -0.414
408.956 -0.415
408.968 -0.416
408.979 -0.417
408.991 -0.418
409.002 -0.419
409.013 -0.42
409.023 -0.421
409.035 -0.422
409.046 -0.423
409.059 -0.424
409.071 -0.425
409.083 -0.426
409.095 -0.427
409.106 -0.428
409.118 -0.429
409.129 -0.43
409.14 -0.431
409.151 -0.432
409.163 -0.433
409.175 -0.434
409.188 -0.435
409.2 -0.436
409.212 -0.437
409.224 -0.438
409.235 -0.439
409.247 -0.44
409.258 -0.441
409.269 -0.442
409.28 -0.443
409.293 -0.444
409.305 -0.445
409.317 -0.446
409.328 -0.447
409.339 -0.448
409.35 -0.449
409.361 -0.45
409.371 -0.451
409.381 -0.452
409.39 -0.453
409.399 -0.454
409.407 -0.455
409.415 -0.456
409.421 -0.457
409.427 -0.458
409.432 -0.459
409.436 -0.46
409.438 -0.461
409.438 -0.462
409.437 -0.463
409.433 -0.464
409.433 -0.465
409.433 -0.466
409.438 -0.467
409.443 -0.468
409.447 -0.469
409.452 -0.47
409.456 -0.471
409.462 -0.472
409.47 -0.473
409.481 -0.474
409.491 -0.475
409.501 -0.476
409.509 -0.477
409.517 -0.478
409.524 -0.479
409.532 -0.48
409.541 -0.481
409.551 -0.482
409.561 -0.483
409.57 -0.484
409.579 -0.485
409.586 -0.486
409.595 -0.487
409.604 -0.488
409.616 -0.489
409.627 -0.49
409.638 -0.491
409.649 -0.492
409.659 -0.493
409.669 -0.494
409.68 -0.495
409.693 -0.496
409.706 -0.497
409.719 -0.498
409.732 -0.499
409.744 -0.5
409.756 -0.501
409.768 -0.502
409.781 -0.503
409.795 -0.504
409.81 -0.505
409.824 -0.506
409.838 -0.507
409.852 -0.508
409.866 -0.509
409.88 -0.51
409.893 -0.511
409.907 -0.512
409.92 -0.513
409.933 -0.514
409.946 -0.515
409.959 -0.516
409.971 -0.517
409.984 -0.518
409.996 -0.519
410.008 -0.52
410.02 -0.521
410.032 -0.522
410.043 -0.523
410.054 -0.524
410.065 -0.525
410.076 -0.526
410.087 -0.527
410.098 -0.528
410.111 -0.529
410.125 -0.53
410.14 -0.531
410.156 -0.532
410.173 -0.533
410.191 -0.534
410.21 -0.535
410.231 -0.536
410.251 -0.537
410.271 -0.538
410.291 -0.539
410.311 -0.54
410.331 -0.541
410.35 -0.542
410.369 -0.543
410.388 -0.544
410.408 -0.545
410.427 -0.546
410.447 -0.547
410.468 -0.548
410.488 -0.549
410.509 -0.55
410.53 -0.551
410.552 -0.552
410.573 -0.553
410.595 -0.554
410.616 -0.555
410.636 -0.556
410.655 -0.557
410.674 -0.558
410.691 -0.559
410.708 -0.56
410.723 -0.561
410.737 -0.562
410.75 -0.563
410.761 -0.564
410.771 -0.565
410.779 -0.566
410.785 -0.567
410.789 -0.568
410.79 -0.569
410.79 -0.57
410.788 -0.571
410.783 -0.572
410.775 -0.573
410.766 -0.574
410.755 -0.575
410.743 -0.576
410.728 -0.577
410.713 -0.578
410.695 -0.579
410.675 -0.58
410.654 -0.581
410.632 -0.582
410.608 -0.583
410.584 -0.584
410.558 -0.585
410.532 -0.586
410.505 -0.587
410.478 -0.588
410.451 -0.589
410.424 -0.59
410.398 -0.591
410.371 -0.592
410.345 -0.593
410.318 -0.594
410.292 -0.595
410.265 -0.596
410.239 -0.597
410.213 -0.598
410.187 -0.599
410.161 -0.6
410.14 -0.601
410.128 -0.602
410.122 -0.603
410.128 -0.604
410.138 -0.605
410.155 -0.606
410.177 -0.607
410.201 -0.608
410.225 -0.609
410.248 -0.61
410.273 -0.611
410.299 -0.612
410.328 -0.613
410.357 -0.614
410.387 -0.615
410.416 -0.616
410.446 -0.617
410.477 -0.618
410.509 -0.619
410.541 -0.62
410.574 -0.621
410.606 -0.622
410.638 -0.623
410.672 -0.624
410.706 -0.625
410.741 -0.626
410.776 -0.627
410.811 -0.628
410.846 -0.629
410.881 -0.63
410.917 -0.631
410.954 -0.632
410.991 -0.633
411.028 -0.634
411.066 -0.635
411.103 -0.636
411.141 -0.637
411.178 -0.638
411.216 -0.639
411.253 -0.64
411.291 -0.641
411.329 -0.642
411.367 -0.643
411.406 -0.644
411.445 -0.645
411.484 -0.646
411.524 -0.647
411.564 -0.648
411.604 -0.649
411.644 -0.65
411.685 -0.651
411.726 -0.652
411.767 -0.653
411.808 -0.654
411.85 -0.655
411.891 -0.656
411.933 -0.657
411.974 -0.658
412.015 -0.659
412.057 -0.66
412.098 -0.661
412.14 -0.662
412.181 -0.663
412.222 -0.664
412.264 -0.665
412.305 -0.666
412.346 -0.667
412.387 -0.668
412.429 -0.669
412.47 -0.67
412.511 -0.671
412.553 -0.672
412.594 -0.673
412.635 -0.674
412.676 -0.675
412.717 -0.676
412.758 -0.677
412.799 -0.678
412.84 -0.679
412.881 -0.68
412.922 -0.681
412.964 -0.682
413.005 -0.683
413.046 -0.684
413.087 -0.685
413.13 -0.686
413.173 -0.687
413.217 -0.688
413.263 -0.689
413.309 -0.69
413.356 -0.691
413.403 -0.692
413.451 -0.693
413.498 -0.694
413.545 -0.695
413.593 -0.696
413.64 -0.697
413.687 -0.698
413.735 -0.699
413.782 -0.7
413.829 -0.701
413.877 -0.702
413.924 -0.703
413.972 -0.704
414.019 -0.705
414.066 -0.706
414.114 -0.707
414.161 -0.708
414.209 -0.709
414.256 -0.71
414.304 -0.711
414.351 -0.712
414.399 -0.713
414.447 -0.714
414.494 -0.715
414.542 -0.716
414.589 -0.717
414.637 -0.718
414.684 -0.719
414.732 -0.72
414.779 -0.721
414.827 -0.722
414.875 -0.723
414.922 -0.724
414.97 -0.725
415.017 -0.726
415.065 -0.727
415.112 -0.728
415.16 -0.729
415.207 -0.73
415.255 -0.731
415.302 -0.732
415.35 -0.733
415.397 -0.734
415.444 -0.735
415.492 -0.736
415.539 -0.737
415.586 -0.738
415.633 -0.739
415.681 -0.74
415.728 -0.741
415.775 -0.742
415.822 -0.743
415.869 -0.744
415.915 -0.745
415.962 -0.746
416.009 -0.747
416.055 -0.748
416.102 -0.749
416.148 -0.75
416.195 -0.751
416.241 -0.752
416.287 -0.753
416.335 -0.754
416.385 -0.755
416.436 -0.756
416.488 -0.757
416.539 -0.758
416.591 -0.759
416.643 -0.76
416.694 -0.761
416.745 -0.762
416.796 -0.763
416.847 -0.764
416.898 -0.765
416.949 -0.766
416.999 -0.767
417.049 -0.768
417.099 -0.769
417.149 -0.77
417.199 -0.771
417.248 -0.772
417.297 -0.773
417.345 -0.774
417.394 -0.775
417.442 -0.776
417.489 -0.777
417.536 -0.778
417.583 -0.779
417.629 -0.78
417.675 -0.781
417.722 -0.782
417.768 -0.783
417.815 -0.784
417.861 -0.785
417.907 -0.786
417.953 -0.787
417.999 -0.788
418.046 -0.789
418.092 -0.79
418.138 -0.791
418.184 -0.792
418.23 -0.793
418.276 -0.794
418.322 -0.795
418.367 -0.796
418.413 -0.797
418.459 -0.798
418.504 -0.799
418.55 -0.8
418.595 -0.801
418.64 -0.802
418.685 -0.803
418.73 -0.804
418.775 -0.805
418.819 -0.806
418.864 -0.807
418.908 -0.808
418.952 -0.809
418.996 -0.81
419.039 -0.811
419.083 -0.812
419.126 -0.813
419.169 -0.814
419.211 -0.815
419.253 -0.816
419.295 -0.817
419.337 -0.818
419.378 -0.819
419.418 -0.82
419.458 -0.821
419.497 -0.822
419.539 -0.823
419.584 -0.824
419.632 -0.825
419.68 -0.826
419.729 -0.827
419.777 -0.828
419.826 -0.829
419.875 -0.83
419.924 -0.831
419.973 -0.832
420.022 -0.833
420.073 -0.834
420.124 -0.835
420.176 -0.836
420.228 -0.837
420.281 -0.838
420.335 -0.839
420.389 -0.84
420.443 -0.841
420.497 -0.842
420.552 -0.843
420.606 -0.844
420.661 -0.845
420.716 -0.846
420.771 -0.847
420.826 -0.848
420.882 -0.849
420.937 -0.85
420.993 -0.851
421.049 -0.852
421.105 -0.853
421.161 -0.854
421.218 -0.855
421.275 -0.856
421.332 -0.857
421.39 -0.858
421.448 -0.859
421.506 -0.86
421.565 -0.861
421.623 -0.862
421.682 -0.863
421.742 -0.864
421.801 -0.865
421.86 -0.866
421.92 -0.867
421.98 -0.868
422.04 -0.869
422.1 -0.87
422.16 -0.871
422.22 -0.872
422.281 -0.873
422.342 -0.874
422.403 -0.875
422.464 -0.876
422.525 -0.877
422.586 -0.878
422.648 -0.879
422.709 -0.88
422.771 -0.881
422.834 -0.882
422.898 -0.883
422.964 -0.884
423.029 -0.885
423.095 -0.886
423.161 -0.887
423.227 -0.888
423.293 -0.889
423.36 -0.89
423.427 -0.891
423.496 -0.892
423.565 -0.893
423.634 -0.894
423.703 -0.895
423.772 -0.896
423.842 -0.897
423.911 -0.898
423.981 -0.899
424.051 -0.9
424.122 -0.901
424.194 -0.902
424.266 -0.903
424.338 -0.904
424.411 -0.905
424.483 -0.906
424.556 -0.907
424.628 -0.908
424.701 -0.909
424.774 -0.91
424.848 -0.911
424.923 -0.912
424.998 -0.913
425.073 -0.914
425.148 -0.915
425.224 -0.916
425.299 -0.917
425.375 -0.918
425.45 -0.919
425.526 -0.92
425.602 -0.921
425.679 -0.922
425.756 -0.923
425.834 -0.924
425.911 -0.925
425.989 -0.926
426.067 -0.927
426.145 -0.928
426.223 -0.929
426.301 -0.93
426.38 -0.931
426.459 -0.932
426.537 -0.933
426.616 -0.934
426.695 -0.935
426.774 -0.936
426.854 -0.937
426.934 -0.938
427.014 -0.939
427.094 -0.94
427.175 -0.941
427.255 -0.942
427.336 -0.943
427.417 -0.944
427.498 -0.945
427.579 -0.946
427.66 -0.947
427.741 -0.948
427.823 -0.949
427.904 -0.95
427.986 -0.951
428.068 -0.952
428.15 -0.953
428.232 -0.954
428.315 -0.955
428.397 -0.956
428.479 -0.957
428.562 -0.958
428.645 -0.959
428.728 -0.96
428.812 -0.961
428.896 -0.962
428.98 -0.963
429.065 -0.964
429.15 -0.965
429.235 -0.966
429.32 -0.967
429.406 -0.968
429.492 -0.969
429.578 -0.97
429.665 -0.971
429.752 -0.972
429.839 -0.973
429.926 -0.974
430.013 -0.975
430.101 -0.976
430.189 -0.977
430.278 -0.978
430.366 -0.979
430.455 -0.98
430.544 -0.981
430.633 -0.982
430.722 -0.983
430.812 -0.984
430.902 -0.985
430.991 -0.986
431.081 -0.987
431.171 -0.988
431.262 -0.989
431.352 -0.99
431.442 -0.991
431.533 -0.992
431.623 -0.993
431.714 -0.994
431.805 -0.995
431.896 -0.996
431.987 -0.997
432.081 -0.998
432.175 -0.999
432.27 -1
432.365 -1.001
432.46 -1.002
432.555 -1.003
432.651 -1.004
432.746 -1.005
432.842 -1.006
432.938 -1.007
433.034 -1.008
433.131 -1.009
433.228 -1.01
433.325 -1.011
433.423 -1.012
433.521 -1.013
433.619 -1.014
433.717 -1.015
433.816 -1.016
433.915 -1.017
434.015 -1.018
434.116 -1.019
434.217 -1.02
434.319 -1.021
434.421 -1.022
434.524 -1.023
434.626 -1.024
434.729 -1.025
434.832 -1.026
434.936 -1.027
435.04 -1.028
435.144 -1.029
435.248 -1.03
435.352 -1.031
435.457 -1.032
435.562 -1.033
435.667 -1.034
435.773 -1.035
435.879 -1.036
435.984 -1.037
436.09 -1.038
436.197 -1.039
436.303 -1.04
436.41 -1.041
436.517 -1.042
436.624 -1.043
436.731 -1.044
436.838 -1.045
436.946 -1.046
437.053 -1.047
437.161 -1.048
437.271 -1.049
437.381 -1.05
437.491 -1.051
437.601 -1.052
437.712 -1.053
437.823 -1.054
437.934 -1.055
438.045 -1.056
438.157 -1.057
438.269 -1.058
438.381 -1.059
438.493 -1.06
438.605 -1.061
438.718 -1.062
438.83 -1.063
438.943 -1.064
439.057 -1.065
439.17 -1.066
439.284 -1.067
439.397 -1.068
439.511 -1.069
439.626 -1.07
439.74 -1.071
439.855 -1.072
439.97 -1.073
440.086 -1.074
440.201 -1.075
440.317 -1.076
440.433 -1.077
440.55 -1.078
440.666 -1.079
440.783 -1.08
440.9 -1.081
441.017 -1.082
441.134 -1.083
441.252 -1.084
441.37 -1.085
441.488 -1.086
441.606 -1.087
441.724 -1.088
441.843 -1.089
441.962 -1.09
442.081 -1.091
442.2 -1.092
442.32 -1.093
442.44 -1.094
442.559 -1.095
442.68 -1.096
442.8 -1.097
442.922 -1.098
443.043 -1.099
443.165 -1.1
443.287 -1.101
443.41 -1.102
443.532 -1.103
443.655 -1.104
443.778 -1.105
443.901 -1.106
444.025 -1.107
444.148 -1.108
444.272 -1.109
444.396 -1.11
444.521 -1.111
444.645 -1.112
444.77 -1.113
444.895 -1.114
445.02 -1.115
445.146 -1.116
445.271 -1.117
445.397 -1.118
445.523 -1.119
445.65 -1.12
445.776 -1.121
445.903 -1.122
446.03 -1.123
446.157 -1.124
446.285 -1.125
446.413 -1.126
446.541 -1.127
446.669 -1.128
446.797 -1.129
446.926 -1.13
447.055 -1.131
447.184 -1.132
447.314 -1.133
447.444 -1.134
447.574 -1.135
447.704 -1.136
447.835 -1.137
447.965 -1.138
448.096 -1.139
448.227 -1.14
448.359 -1.141
448.49 -1.142
448.622 -1.143
448.754 -1.144
448.887 -1.145
449.019 -1.146
449.152 -1.147
449.285 -1.148
449.418 -1.149
449.552 -1.15
449.685 -1.151
449.819 -1.152
449.953 -1.153
450.088 -1.154
450.222 -1.155
450.357 -1.156
450.492 -1.157
450.628 -1.158
450.763 -1.159
450.899 -1.16
451.035 -1.161
451.171 -1.162
451.308 -1.163
451.444 -1.164
451.581 -1.165
451.719 -1.166
451.856 -1.167
451.994 -1.168
452.133 -1.169
452.271 -1.17
452.409 -1.171
452.548 -1.172
452.687 -1.173
452.827 -1.174
452.966 -1.175
453.106 -1.176
453.246 -1.177
453.387 -1.178
453.527 -1.179
453.668 -1.18
453.809 -1.181
453.951 -1.182
454.092 -1.183
454.234 -1.184
454.376 -1.185
454.518 -1.186
454.661 -1.187
454.804 -1.188
454.947 -1.189
455.09 -1.19
455.234 -1.191
455.378 -1.192
455.522 -1.193
455.666 -1.194
455.811 -1.195
455.956 -1.196
456.101 -1.197
456.247 -1.198
456.393 -1.199
456.539 -1.2
456.685 -1.201
456.832 -1.202
456.979 -1.203
457.126 -1.204
457.274 -1.205
457.422 -1.206
457.57 -1.207
457.719 -1.208
457.867 -1.209
458.017 -1.21
458.166 -1.211
458.316 -1.212
458.466 -1.213
458.616 -1.214
458.766 -1.215
458.917 -1.216
459.068 -1.217
459.219 -1.218
459.371 -1.219
459.522 -1.22
459.675 -1.221
459.827 -1.222
459.979 -1.223
460.132 -1.224
460.285 -1.225
460.439 -1.226
460.592 -1.227
460.746 -1.228
460.901 -1.229
461.055 -1.23
461.21 -1.231
461.365 -1.232
461.521 -1.233
461.677 -1.234
461.833 -1.235
461.989 -1.236
462.146 -1.237
462.303 -1.238
462.46 -1.239
462.617 -1.24
462.775 -1.241
462.933 -1.242
463.091 -1.243
463.25 -1.244
463.409 -1.245
463.568 -1.246
463.728 -1.247
463.887 -1.248
464.047 -1.249
464.208 -1.25
464.368 -1.251
464.529 -1.252
464.69 -1.253
464.852 -1.254
465.013 -1.255
465.175 -1.256
465.338 -1.257
465.501 -1.258
465.664 -1.259
465.827 -1.26
465.991 -1.261
466.155 -1.262
466.319 -1.263
466.483 -1.264
466.648 -1.265
466.813 -1.266
466.978 -1.267
467.144 -1.268
467.31 -1.269
467.476 -1.27
467.643 -1.271
467.809 -1.272
467.977 -1.273
468.144 -1.274
468.312 -1.275
468.48 -1.276
468.648 -1.277
468.817 -1.278
468.986 -1.279
469.155 -1.28
469.325 -1.281
469.495 -1.282
469.665 -1.283
469.836 -1.284
470.006 -1.285
470.178 -1.286
470.349 -1.287
470.521 -1.288
470.694 -1.289
470.866 -1.29
471.039 -1.291
471.212 -1.292
471.386 -1.293
471.56 -1.294
471.734 -1.295
471.909 -1.296
472.083 -1.297
472.258 -1.298
472.434 -1.299
472.61 -1.3
