4.98668 -0.001
9.96688 -0.002
14.9408 -0.003
19.9084 -0.004
24.8695 -0.005
29.8241 -0.006
34.7723 -0.007
39.7139 -0.008
44.6489 -0.009
49.5772 -0.01
54.4989 -0.011
59.4139 -0.012
64.3221 -0.013
69.2234 -0.014
74.1179 -0.015
79.0055 -0.016
83.8861 -0.017
88.7598 -0.018
93.6263 -0.019
98.4858 -0.02
103.338 -0.021
108.183 -0.022
113.021 -0.023
117.851 -0.024
122.674 -0.025
127.49 -0.026
132.298 -0.027
137.099 -0.028
141.892 -0.029
146.677 -0.03
151.455 -0.031
156.224 -0.032
160.986 -0.033
165.74 -0.034
170.486 -0.035
175.224 -0.036
179.953 -0.037
184.675 -0.038
189.388 -0.039
194.093 -0.04
198.789 -0.041
203.477 -0.042
208.156 -0.043
212.822 -0.044
217.386 -0.045
221.739 -0.046
225.762 -0.047
229.265 -0.048
232.436 -0.049
235.583 -0.05
238.715 -0.051
241.837 -0.052
244.933 -0.053
247.982 -0.054
250.872 -0.055
253.552 -0.056
255.841 -0.057
257.764 -0.058
259.162 -0.059
260.066 -0.06
260.801 -0.061
261.359 -0.062
261.767 -0.063
262.079 -0.064
262.376 -0.065
262.663 -0.066
262.941 -0.067
263.205 -0.068
263.456 -0.069
263.694 -0.07
263.922 -0.071
264.141 -0.072
264.353 -0.073
264.558 -0.074
264.757 -0.075
264.949 -0.076
265.137 -0.077
265.322 -0.078
265.502 -0.079
265.678 -0.08
265.85 -0.081
266.019 -0.082
266.185 -0.083
266.347 -0.084
266.508 -0.085
266.664 -0.086
266.817 -0.087
266.965 -0.088
267.109 -0.089
267.248 -0.09
267.383 -0.091
267.515 -0.092
267.645 -0.093
267.773 -0.094
267.897 -0.095
268.018 -0.096
268.136 -0.097
268.251 -0.098
268.361 -0.099
268.467 -0.1
268.57 -0.101
268.669 -0.102
268.765 -0.103
268.859 -0.104
268.952 -0.105
269.043 -0.106
269.131 -0.107
269.217 -0.108
269.301 -0.109
269.383 -0.11
269.463 -0.111
269.542 -0.112
269.618 -0.113
269.693 -0.114
269.766 -0.115
269.838 -0.116
269.908 -0.117
269.977 -0.118
270.045 -0.119
270.111 -0.12
270.176 -0.121
270.241 -0.122
270.305 -0.123
270.368 -0.124
270.43 -0.125
270.492 -0.126
270.553 -0.127
270.614 -0.128
270.673 -0.129
270.732 -0.13
270.791 -0.131
270.849 -0.132
270.906 -0.133
270.963 -0.134
271.018 -0.135
271.073 -0.136
271.128 -0.137
271.182 -0.138
271.235 -0.139
271.287 -0.14
271.338 -0.141
271.39 -0.142
271.44 -0.143
271.49 -0.144
271.54 -0.145
271.588 -0.146
271.637 -0.147
271.685 -0.148
271.732 -0.149
271.779 -0.15
271.824 -0.151
271.87 -0.152
271.915 -0.153
271.959 -0.154
272.003 -0.155
272.047 -0.156
272.09 -0.157
272.132 -0.158
272.174 -0.159
272.216 -0.16
272.257 -0.161
272.298 -0.162
272.338 -0.163
272.378 -0.164
272.418 -0.165
272.458 -0.166
272.496 -0.167
272.535 -0.168
272.573 -0.169
272.61 -0.17
272.648 -0.171
272.685 -0.172
272.722 -0.173
272.759 -0.174
272.795 -0.175
272.831 -0.176
272.866 -0.177
272.902 -0.178
272.937 -0.179
272.971 -0.18
273.006 -0.181
273.04 -0.182
273.074 -0.183
273.108 -0.184
273.141 -0.185
273.174 -0.186
273.207 -0.187
273.239 -0.188
273.272 -0.189
273.303 -0.19
273.335 -0.191
273.367 -0.192
273.398 -0.193
273.429 -0.194
273.46 -0.195
273.49 -0.196
273.521 -0.197
273.551 -0.198
273.581 -0.199
273.61 -0.2
273.64 -0.201
273.669 -0.202
273.698 -0.203
273.727 -0.204
273.756 -0.205
273.785 -0.206
273.813 -0.207
273.841 -0.208
273.869 -0.209
273.897 -0.21
273.924 -0.211
273.951 -0.212
273.979 -0.213
274.006 -0.214
274.032 -0.215
274.059 -0.216
274.086 -0.217
274.112 -0.218
274.138 -0.219
274.164 -0.22
274.19 -0.221
274.216 -0.222
274.241 -0.223
274.267 -0.224
274.292 -0.225
274.317 -0.226
274.342 -0.227
274.367 -0.228
274.392 -0.229
274.416 -0.23
274.441 -0.231
274.465 -0.232
274.489 -0.233
274.514 -0.234
274.538 -0.235
274.561 -0.236
274.585 -0.237
274.609 -0.238
274.633 -0.239
274.656 -0.24
274.68 -0.241
274.703 -0.242
274.726 -0.243
274.749 -0.244
274.772 -0.245
274.795 -0.246
274.818 -0.247
274.841 -0.248
274.864 -0.249
274.886 -0.25
274.909 -0.251
274.931 -0.252
274.954 -0.253
274.976 -0.254
274.998 -0.255
275.02 -0.256
275.042 -0.257
275.064 -0.258
275.086 -0.259
275.108 -0.26
275.13 -0.261
275.152 -0.262
275.173 -0.263
275.195 -0.264
275.216 -0.265
275.238 -0.266
275.259 -0.267
275.281 -0.268
275.302 -0.269
275.323 -0.27
275.344 -0.271
275.365 -0.272
275.386 -0.273
275.407 -0.274
275.428 -0.275
275.449 -0.276
275.47 -0.277
275.491 -0.278
275.512 -0.279
275.532 -0.28
275.553 -0.281
275.574 -0.282
275.594 -0.283
275.615 -0.284
275.635 -0.285
275.656 -0.286
275.676 -0.287
275.697 -0.288
275.717 -0.289
275.737 -0.29
275.758 -0.291
275.778 -0.292
275.798 -0.293
275.818 -0.294
275.839 -0.295
275.859 -0.296
275.879 -0.297
275.899 -0.298
275.919 -0.299
275.94 -0.3
275.96 -0.301
275.98 -0.302
276 -0.303
276.02 -0.304
276.04 -0.305
276.06 -0.306
276.08 -0.307
276.1 -0.308
276.12 -0.309
276.141 -0.31
276.161 -0.311
276.181 -0.312
276.201 -0.313
276.221 -0.314
276.241 -0.315
276.261 -0.316
276.281 -0.317
276.301 -0.318
276.322 -0.319
276.342 -0.32
276.362 -0.321
276.382 -0.322
276.402 -0.323
276.423 -0.324
276.443 -0.325
276.463 -0.326
276.483 -0.327
276.504 -0.328
276.524 -0.329
276.545 -0.33
276.565 -0.331
276.585 -0.332
276.606 -0.333
276.626 -0.334
276.647 -0.335
276.667 -0.336
276.688 -0.337
276.709 -0.338
276.729 -0.339
276.75 -0.34
276.771 -0.341
276.791 -0.342
276.812 -0.343
276.833 -0.344
276.854 -0.345
276.875 -0.346
276.896 -0.347
276.917 -0.348
276.938 -0.349
276.959 -0.35
276.98 -0.351
277.002 -0.352
277.023 -0.353
277.044 -0.354
277.066 -0.355
277.087 -0.356
277.109 -0.357
277.131 -0.358
277.152 -0.359
277.174 -0.36
277.196 -0.361
277.218 -0.362
277.24 -0.363
277.262 -0.364
277.284 -0.365
277.306 -0.366
277.329 -0.367
277.351 -0.368
277.373 -0.369
277.396 -0.37
277.419 -0.371
277.441 -0.372
277.464 -0.373
277.487 -0.374
277.51 -0.375
277.533 -0.376
277.556 -0.377
277.579 -0.378
277.603 -0.379
277.626 -0.38
277.649 -0.381
277.673 -0.382
277.697 -0.383
277.721 -0.384
277.745 -0.385
277.769 -0.386
277.793 -0.387
277.817 -0.388
277.841 -0.389
277.866 -0.39
277.89 -0.391
277.915 -0.392
277.94 -0.393
277.965 -0.394
277.99 -0.395
278.015 -0.396
278.04 -0.397
278.065 -0.398
278.091 -0.399
278.116 -0.4
278.142 -0.401
278.168 -0.402
278.194 -0.403
278.22 -0.404
278.246 -0.405
278.273 -0.406
278.299 -0.407
278.326 -0.408
278.352 -0.409
278.379 -0.41
278.406 -0.411
278.433 -0.412
278.461 -0.413
278.488 -0.414
278.516 -0.415
278.543 -0.416
278.571 -0.417
278.599 -0.418
278.628 -0.419
278.656 -0.42
278.684 -0.421
278.713 -0.422
278.742 -0.423
278.771 -0.424
278.8 -0.425
278.829 -0.426
278.859 -0.427
278.889 -0.428
278.919 -0.429
278.949 -0.43
278.979 -0.431
279.009 -0.432
279.04 -0.433
279.07 -0.434
279.101 -0.435
279.132 -0.436
279.164 -0.437
279.195 -0.438
279.227 -0.439
279.258 -0.44
279.29 -0.441
279.322 -0.442
279.355 -0.443
279.387 -0.444
279.42 -0.445
279.453 -0.446
279.486 -0.447
279.519 -0.448
279.553 -0.449
279.587 -0.45
279.62 -0.451
279.655 -0.452
279.689 -0.453
279.723 -0.454
279.758 -0.455
279.793 -0.456
279.828 -0.457
279.863 -0.458
279.899 -0.459
279.935 -0.46
279.971 -0.461
280.007 -0.462
280.043 -0.463
280.08 -0.464
280.116 -0.465
280.153 -0.466
280.191 -0.467
280.228 -0.468
280.266 -0.469
280.304 -0.47
280.342 -0.471
280.38 -0.472
280.419 -0.473
280.457 -0.474
280.496 -0.475
280.535 -0.476
280.575 -0.477
280.615 -0.478
280.654 -0.479
280.694 -0.48
280.735 -0.481
280.775 -0.482
280.816 -0.483
280.857 -0.484
280.898 -0.485
280.94 -0.486
280.982 -0.487
281.024 -0.488
281.066 -0.489
281.108 -0.49
281.151 -0.491
281.194 -0.492
281.237 -0.493
281.281 -0.494
281.325 -0.495
281.369 -0.496
281.413 -0.497
281.458 -0.498
281.502 -0.499
281.548 -0.5
281.593 -0.501
281.639 -0.502
281.684 -0.503
281.731 -0.504
281.777 -0.505
281.824 -0.506
281.871 -0.507
281.918 -0.508
281.965 -0.509
282.013 -0.51
282.061 -0.511
282.11 -0.512
282.158 -0.513
282.207 -0.514
282.257 -0.515
282.306 -0.516
282.356 -0.517
282.406 -0.518
282.457 -0.519
282.507 -0.52
282.558 -0.521
282.61 -0.522
282.661 -0.523
282.713 -0.524
282.766 -0.525
282.818 -0.526
282.871 -0.527
282.924 -0.528
282.978 -0.529
283.032 -0.53
283.086 -0.531
283.14 -0.532
283.195 -0.533
283.25 -0.534
283.305 -0.535
283.361 -0.536
283.417 -0.537
283.474 -0.538
283.53 -0.539
283.587 -0.54
283.645 -0.541
283.702 -0.542
283.76 -0.543
283.819 -0.544
283.878 -0.545
283.937 -0.546
283.996 -0.547
284.056 -0.548
284.116 -0.549
284.176 -0.55
284.237 -0.551
284.298 -0.552
284.359 -0.553
284.421 -0.554
284.483 -0.555
284.546 -0.556
284.609 -0.557
284.672 -0.558
284.735 -0.559
284.799 -0.56
284.864 -0.561
284.928 -0.562
284.993 -0.563
285.059 -0.564
285.124 -0.565
285.19 -0.566
285.257 -0.567
285.324 -0.568
285.391 -0.569
285.458 -0.57
285.526 -0.571
285.594 -0.572
285.663 -0.573
285.732 -0.574
285.801 -0.575
285.871 -0.576
285.941 -0.577
286.011 -0.578
286.082 -0.579
286.153 -0.58
286.225 -0.581
286.296 -0.582
286.369 -0.583
286.441 -0.584
286.514 -0.585
286.587 -0.586
286.661 -0.587
286.735 -0.588
286.809 -0.589
286.884 -0.59
286.959 -0.591
287.035 -0.592
287.111 -0.593
287.188 -0.594
287.265 -0.595
287.342 -0.596
287.419 -0.597
287.498 -0.598
287.576 -0.599
287.655 -0.6
287.734 -0.601
287.814 -0.602
287.894 -0.603
287.975 -0.604
288.056 -0.605
288.137 -0.606
288.219 -0.607
288.301 -0.608
288.383 -0.609
288.467 -0.61
288.55 -0.611
288.634 -0.612
288.718 -0.613
288.803 -0.614
288.888 -0.615
288.974 -0.616
289.06 -0.617
289.147 -0.618
289.234 -0.619
289.321 -0.62
289.409 -0.621
289.497 -0.622
289.586 -0.623
289.675 -0.624
289.765 -0.625
289.855 -0.626
289.946 -0.627
290.037 -0.628
290.128 -0.629
290.22 -0.63
290.313 -0.631
290.405 -0.632
290.499 -0.633
290.593 -0.634
290.687 -0.635
290.781 -0.636
290.877 -0.637
290.972 -0.638
291.068 -0.639
291.165 -0.64
291.262 -0.641
291.36 -0.642
291.458 -0.643
291.556 -0.644
291.655 -0.645
291.755 -0.646
291.855 -0.647
291.955 -0.648
292.056 -0.649
292.157 -0.65
292.259 -0.651
292.362 -0.652
292.465 -0.653
292.568 -0.654
292.672 -0.655
292.776 -0.656
292.881 -0.657
292.986 -0.658
293.092 -0.659
293.199 -0.66
293.305 -0.661
293.413 -0.662
293.521 -0.663
293.629 -0.664
293.738 -0.665
293.847 -0.666
293.957 -0.667
294.068 -0.668
294.178 -0.669
294.29 -0.67
294.402 -0.671
294.514 -0.672
294.627 -0.673
294.741 -0.674
294.855 -0.675
294.969 -0.676
295.084 -0.677
295.2 -0.678
295.316 -0.679
295.433 -0.68
295.55 -0.681
295.667 -0.682
295.786 -0.683
295.904 -0.684
296.024 -0.685
296.143 -0.686
296.264 -0.687
296.385 -0.688
296.506 -0.689
296.628 -0.69
296.75 -0.691
296.874 -0.692
296.997 -0.693
297.121 -0.694
297.246 -0.695
297.371 -0.696
297.497 -0.697
297.623 -0.698
297.75 -0.699
297.878 -0.7
298.006 -0.701
298.134 -0.702
298.263 -0.703
298.393 -0.704
298.523 -0.705
298.654 -0.706
298.786 -0.707
298.917 -0.708
299.05 -0.709
299.183 -0.71
299.317 -0.711
299.451 -0.712
299.586 -0.713
299.721 -0.714
299.857 -0.715
299.994 -0.716
300.131 -0.717
300.269 -0.718
300.407 -0.719
300.546 -0.72
300.686 -0.721
300.826 -0.722
300.966 -0.723
301.108 -0.724
301.25 -0.725
301.392 -0.726
301.535 -0.727
301.679 -0.728
301.823 -0.729
301.968 -0.73
302.113 -0.731
302.259 -0.732
302.406 -0.733
302.553 -0.734
302.701 -0.735
302.85 -0.736
302.999 -0.737
303.148 -0.738
303.299 -0.739
303.45 -0.74
303.601 -0.741
303.754 -0.742
303.906 -0.743
304.06 -0.744
304.214 -0.745
304.368 -0.746
304.524 -0.747
304.68 -0.748
304.836 -0.749
304.994 -0.75
305.151 -0.751
305.31 -0.752
305.469 -0.753
305.629 -0.754
305.789 -0.755
305.95 -0.756
306.111 -0.757
306.274 -0.758
306.437 -0.759
306.6 -0.76
306.764 -0.761
306.929 -0.762
307.094 -0.763
307.261 -0.764
307.427 -0.765
307.595 -0.766
307.763 -0.767
307.932 -0.768
308.101 -0.769
308.271 -0.77
308.442 -0.771
308.613 -0.772
308.785 -0.773
308.958 -0.774
309.131 -0.775
309.305 -0.776
309.48 -0.777
309.655 -0.778
309.831 -0.779
310.008 -0.78
310.186 -0.781
310.364 -0.782
310.542 -0.783
310.722 -0.784
310.902 -0.785
311.083 -0.786
311.264 -0.787
311.447 -0.788
311.63 -0.789
311.813 -0.79
311.997 -0.791
312.182 -0.792
312.368 -0.793
312.554 -0.794
312.742 -0.795
312.929 -0.796
313.118 -0.797
313.307 -0.798
313.497 -0.799
313.687 -0.8
313.879 -0.801
314.071 -0.802
314.263 -0.803
314.457 -0.804
314.651 -0.805
314.846 -0.806
315.041 -0.807
315.238 -0.808
315.435 -0.809
315.632 -0.81
315.831 -0.811
316.03 -0.812
316.23 -0.813
316.43 -0.814
316.631 -0.815
316.833 -0.816
317.036 -0.817
317.24 -0.818
317.444 -0.819
317.649 -0.82
317.855 -0.821
318.061 -0.822
318.268 -0.823
318.476 -0.824
318.685 -0.825
318.894 -0.826
319.104 -0.827
319.315 -0.828
319.526 -0.829
319.739 -0.83
319.952 -0.831
320.166 -0.832
320.38 -0.833
320.596 -0.834
320.812 -0.835
321.029 -0.836
321.246 -0.837
321.465 -0.838
321.684 -0.839
321.904 -0.84
322.124 -0.841
322.346 -0.842
322.568 -0.843
322.791 -0.844
323.015 -0.845
323.239 -0.846
323.464 -0.847
323.691 -0.848
323.917 -0.849
324.145 -0.85
324.373 -0.851
324.603 -0.852
324.833 -0.853
325.063 -0.854
325.295 -0.855
325.527 -0.856
325.76 -0.857
325.994 -0.858
326.229 -0.859
326.465 -0.86
326.701 -0.861
326.938 -0.862
327.176 -0.863
327.415 -0.864
327.654 -0.865
327.894 -0.866
328.135 -0.867
328.377 -0.868
328.62 -0.869
328.864 -0.87
329.108 -0.871
329.353 -0.872
329.599 -0.873
329.846 -0.874
330.094 -0.875
330.342 -0.876
330.591 -0.877
330.841 -0.878
331.092 -0.879
331.344 -0.88
331.596 -0.881
331.85 -0.882
332.104 -0.883
332.359 -0.884
332.615 -0.885
332.871 -0.886
333.129 -0.887
333.387 -0.888
333.646 -0.889
333.906 -0.89
334.167 -0.891
334.429 -0.892
334.691 -0.893
334.955 -0.894
335.219 -0.895
335.484 -0.896
335.75 -0.897
336.017 -0.898
336.284 -0.899
336.553 -0.9
336.822 -0.901
337.092 -0.902
337.363 -0.903
337.635 -0.904
337.908 -0.905
338.182 -0.906
338.456 -0.907
338.731 -0.908
339.008 -0.909
339.285 -0.91
339.562 -0.911
339.841 -0.912
340.121 -0.913
340.401 -0.914
340.683 -0.915
340.965 -0.916
341.248 -0.917
341.532 -0.918
341.817 -0.919
342.103 -0.92
342.39 -0.921
342.677 -0.922
342.966 -0.923
343.255 -0.924
343.546 -0.925
343.837 -0.926
344.129 -0.927
344.422 -0.928
344.716 -0.929
345.01 -0.93
345.306 -0.931
345.603 -0.932
345.9 -0.933
346.198 -0.934
346.498 -0.935
346.798 -0.936
347.099 -0.937
347.401 -0.938
347.704 -0.939
348.007 -0.94
348.312 -0.941
348.618 -0.942
348.924 -0.943
349.232 -0.944
349.54 -0.945
349.849 -0.946
350.159 -0.947
350.47 -0.948
350.782 -0.949
351.095 -0.95
351.409 -0.951
351.724 -0.952
352.039 -0.953
352.356 -0.954
352.673 -0.955
352.992 -0.956
353.311 -0.957
353.631 -0.958
353.953 -0.959
354.275 -0.96
354.598 -0.961
354.922 -0.962
355.247 -0.963
355.573 -0.964
355.9 -0.965
356.227 -0.966
356.556 -0.967
356.886 -0.968
357.216 -0.969
357.548 -0.97
357.88 -0.971
358.214 -0.972
358.548 -0.973
358.884 -0.974
359.22 -0.975
359.557 -0.976
359.896 -0.977
360.235 -0.978
360.575 -0.979
360.916 -0.98
361.258 -0.981
361.602 -0.982
361.946 -0.983
362.291 -0.984
362.637 -0.985
362.984 -0.986
363.332 -0.987
363.681 -0.988
364.031 -0.989
364.382 -0.99
364.734 -0.991
365.086 -0.992
365.44 -0.993
365.795 -0.994
366.151 -0.995
366.508 -0.996
366.866 -0.997
367.225 -0.998
367.584 -0.999
367.945 -1
368.307 -1.001
368.67 -1.002
369.034 -1.003
369.399 -1.004
369.764 -1.005
370.131 -1.006
370.499 -1.007
370.868 -1.008
371.237 -1.009
371.608 -1.01
371.98 -1.011
372.352 -1.012
372.726 -1.013
373.101 -1.014
373.477 -1.015
373.854 -1.016
374.232 -1.017
374.61 -1.018
374.99 -1.019
375.371 -1.02
375.753 -1.021
376.136 -1.022
376.52 -1.023
376.905 -1.024
377.292 -1.025
377.679 -1.026
378.067 -1.027
378.456 -1.028
378.846 -1.029
379.238 -1.03
379.63 -1.031
380.023 -1.032
380.418 -1.033
380.813 -1.034
381.21 -1.035
381.607 -1.036
382.006 -1.037
382.405 -1.038
382.806 -1.039
383.208 -1.04
383.61 -1.041
384.014 -1.042
384.419 -1.043
384.825 -1.044
385.232 -1.045
385.64 -1.046
386.049 -1.047
386.459 -1.048
386.87 -1.049
387.283 -1.05
387.696 -1.051
388.11 -1.052
388.526 -1.053
388.942 -1.054
389.36 -1.055
389.778 -1.056
390.198 -1.057
390.619 -1.058
391.041 -1.059
391.464 -1.06
391.888 -1.061
392.313 -1.062
392.739 -1.063
393.166 -1.064
393.595 -1.065
394.024 -1.066
394.455 -1.067
394.887 -1.068
395.32 -1.069
395.753 -1.07
396.188 -1.071
396.624 -1.072
397.061 -1.073
397.499 -1.074
397.939 -1.075
398.379 -1.076
398.821 -1.077
399.263 -1.078
399.707 -1.079
400.151 -1.08
400.597 -1.081
401.044 -1.082
401.492 -1.083
401.941 -1.084
402.391 -1.085
402.843 -1.086
403.295 -1.087
403.749 -1.088
404.204 -1.089
404.66 -1.09
405.117 -1.091
405.575 -1.092
406.034 -1.093
406.494 -1.094
406.955 -1.095
407.418 -1.096
407.881 -1.097
408.346 -1.098
408.811 -1.099
409.278 -1.1
