11.1746 -0.001
22.3345 -0.002
33.4794 -0.003
44.6093 -0.004
55.7241 -0.005
66.8237 -0.006
77.9079 -0.007
88.9766 -0.008
100.03 -0.009
111.067 -0.01
122.089 -0.011
133.094 -0.012
144.084 -0.013
155.057 -0.014
166.014 -0.015
176.954 -0.016
187.878 -0.017
198.785 -0.018
209.675 -0.019
220.548 -0.02
231.403 -0.021
242.241 -0.022
253.062 -0.023
263.864 -0.024
274.649 -0.025
285.403 -0.026
295.678 -0.027
304.468 -0.028
312.398 -0.029
320.28 -0.03
328.109 -0.031
335.91 -0.032
343.722 -0.033
351.529 -0.034
359.335 -0.035
367.143 -0.036
374.941 -0.037
382.726 -0.038
390.495 -0.039
398.247 -0.04
405.984 -0.041
413.712 -0.042
421.425 -0.043
429.121 -0.044
436.783 -0.045
444.366 -0.046
451.789 -0.047
459.056 -0.048
466.062 -0.049
472.839 -0.05
479.214 -0.051
485.349 -0.052
491.471 -0.053
497.581 -0.054
503.675 -0.055
509.753 -0.056
515.809 -0.057
521.843 -0.058
527.846 -0.059
533.67 -0.06
539.052 -0.061
544.109 -0.062
548.517 -0.063
552.127 -0.064
554.666 -0.065
557.043 -0.066
559.376 -0.067
561.676 -0.068
563.96 -0.069
566.229 -0.07
568.492 -0.071
570.741 -0.072
572.936 -0.073
575.113 -0.074
577.181 -0.075
579.13 -0.076
581.073 -0.077
582.897 -0.078
584.454 -0.079
586.005 -0.08
587.463 -0.081
588.521 -0.082
589.389 -0.083
589.959 -0.084
590.52 -0.085
591.071 -0.086
591.609 -0.087
592.137 -0.088
592.65 -0.089
593.145 -0.09
593.618 -0.091
594.074 -0.092
594.516 -0.093
594.948 -0.094
595.362 -0.095
595.761 -0.096
596.148 -0.097
596.522 -0.098
596.888 -0.099
597.248 -0.1
597.595 -0.101
597.927 -0.102
598.242 -0.103
598.546 -0.104
598.832 -0.105
599.108 -0.106
599.375 -0.107
599.63 -0.108
599.878 -0.109
600.121 -0.11
600.36 -0.111
600.596 -0.112
600.828 -0.113
601.058 -0.114
601.284 -0.115
601.508 -0.116
601.728 -0.117
601.946 -0.118
602.162 -0.119
602.375 -0.12
602.587 -0.121
602.796 -0.122
603.002 -0.123
603.207 -0.124
603.409 -0.125
603.61 -0.126
603.807 -0.127
604.002 -0.128
604.195 -0.129
604.386 -0.13
604.573 -0.131
604.758 -0.132
604.94 -0.133
605.12 -0.134
605.297 -0.135
605.47 -0.136
605.642 -0.137
605.811 -0.138
605.978 -0.139
606.143 -0.14
606.306 -0.141
606.465 -0.142
606.622 -0.143
606.776 -0.144
606.928 -0.145
607.078 -0.146
607.225 -0.147
607.37 -0.148
607.513 -0.149
607.654 -0.15
607.792 -0.151
607.929 -0.152
608.064 -0.153
608.197 -0.154
608.328 -0.155
608.458 -0.156
608.587 -0.157
608.715 -0.158
608.841 -0.159
608.966 -0.16
609.089 -0.161
609.21 -0.162
609.329 -0.163
609.446 -0.164
609.561 -0.165
609.674 -0.166
609.785 -0.167
609.894 -0.168
610.002 -0.169
610.107 -0.17
610.211 -0.171
610.313 -0.172
610.413 -0.173
610.512 -0.174
610.608 -0.175
610.703 -0.176
610.797 -0.177
610.889 -0.178
610.981 -0.179
611.071 -0.18
611.161 -0.181
611.249 -0.182
611.336 -0.183
611.423 -0.184
611.508 -0.185
611.591 -0.186
611.673 -0.187
611.753 -0.188
611.831 -0.189
611.908 -0.19
611.983 -0.191
612.056 -0.192
612.128 -0.193
612.197 -0.194
612.266 -0.195
612.333 -0.196
612.399 -0.197
612.462 -0.198
612.525 -0.199
612.587 -0.2
612.646 -0.201
612.703 -0.202
612.759 -0.203
612.814 -0.204
612.867 -0.205
612.919 -0.206
612.969 -0.207
613.018 -0.208
613.066 -0.209
613.113 -0.21
613.159 -0.211
613.204 -0.212
613.248 -0.213
613.291 -0.214
613.332 -0.215
613.372 -0.216
613.411 -0.217
613.449 -0.218
613.485 -0.219
613.52 -0.22
613.555 -0.221
613.588 -0.222
613.621 -0.223
613.652 -0.224
613.683 -0.225
613.713 -0.226
613.743 -0.227
613.771 -0.228
613.797 -0.229
613.823 -0.23
613.848 -0.231
613.872 -0.232
613.894 -0.233
613.915 -0.234
613.935 -0.235
613.953 -0.236
613.971 -0.237
613.99 -0.238
614.01 -0.239
614.029 -0.24
614.046 -0.241
614.061 -0.242
614.077 -0.243
614.091 -0.244
614.104 -0.245
614.117 -0.246
614.127 -0.247
614.138 -0.248
614.15 -0.249
614.162 -0.25
614.173 -0.251
614.182 -0.252
614.19 -0.253
614.195 -0.254
614.2 -0.255
614.204 -0.256
614.208 -0.257
614.213 -0.258
614.219 -0.259
614.225 -0.26
614.23 -0.261
614.234 -0.262
614.238 -0.263
614.24 -0.264
614.243 -0.265
614.247 -0.266
614.252 -0.267
614.256 -0.268
614.26 -0.269
614.262 -0.27
614.265 -0.271
614.268 -0.272
614.272 -0.273
614.277 -0.274
614.281 -0.275
614.285 -0.276
614.288 -0.277
614.29 -0.278
614.293 -0.279
614.296 -0.28
614.299 -0.281
614.302 -0.282
614.304 -0.283
614.305 -0.284
614.306 -0.285
614.306 -0.286
614.306 -0.287
614.305 -0.288
614.303 -0.289
614.301 -0.29
614.298 -0.291
614.294 -0.292
614.289 -0.293
614.283 -0.294
614.276 -0.295
614.268 -0.296
614.258 -0.297
614.25 -0.298
614.243 -0.299
614.236 -0.3
614.229 -0.301
614.221 -0.302
614.212 -0.303
614.202 -0.304
614.191 -0.305
614.18 -0.306
614.17 -0.307
614.161 -0.308
614.151 -0.309
614.141 -0.31
614.13 -0.311
614.118 -0.312
614.105 -0.313
614.09 -0.314
614.076 -0.315
614.062 -0.316
614.049 -0.317
614.034 -0.318
614.019 -0.319
614.002 -0.32
613.984 -0.321
613.968 -0.322
613.951 -0.323
613.936 -0.324
613.922 -0.325
613.907 -0.326
613.891 -0.327
613.877 -0.328
613.864 -0.329
613.852 -0.33
613.839 -0.331
613.825 -0.332
613.812 -0.333
613.798 -0.334
613.785 -0.335
613.772 -0.336
613.76 -0.337
613.747 -0.338
613.734 -0.339
613.721 -0.34
613.708 -0.341
613.695 -0.342
613.681 -0.343
613.667 -0.344
613.653 -0.345
613.639 -0.346
613.626 -0.347
613.614 -0.348
613.603 -0.349
613.593 -0.35
613.583 -0.351
613.575 -0.352
613.566 -0.353
613.558 -0.354
613.549 -0.355
613.541 -0.356
613.532 -0.357
613.523 -0.358
613.514 -0.359
613.505 -0.36
613.496 -0.361
613.487 -0.362
613.477 -0.363
613.468 -0.364
613.458 -0.365
613.449 -0.366
613.439 -0.367
613.429 -0.368
613.419 -0.369
613.409 -0.37
613.399 -0.371
613.388 -0.372
613.378 -0.373
613.367 -0.374
613.357 -0.375
613.346 -0.376
613.334 -0.377
613.323 -0.378
613.311 -0.379
613.3 -0.38
613.288 -0.381
613.275 -0.382
613.262 -0.383
613.249 -0.384
613.235 -0.385
613.221 -0.386
613.206 -0.387
613.189 -0.388
613.172 -0.389
613.153 -0.39
613.132 -0.391
613.111 -0.392
613.088 -0.393
613.063 -0.394
613.036 -0.395
613.008 -0.396
612.976 -0.397
612.942 -0.398
612.903 -0.399
612.86 -0.4
612.812 -0.401
612.758 -0.402
612.696 -0.403
612.595 -0.404
612.514 -0.405
612.473 -0.406
612.479 -0.407
612.462 -0.408
612.446 -0.409
612.415 -0.41
612.387 -0.411
612.362 -0.412
612.334 -0.413
612.303 -0.414
612.271 -0.415
612.234 -0.416
612.201 -0.417
612.169 -0.418
612.138 -0.419
612.098 -0.42
612.036 -0.421
612.001 -0.422
611.989 -0.423
611.991 -0.424
611.992 -0.425
611.999 -0.426
612.013 -0.427
612.027 -0.428
612.041 -0.429
612.056 -0.43
612.071 -0.431
612.089 -0.432
612.108 -0.433
612.129 -0.434
612.149 -0.435
612.166 -0.436
612.184 -0.437
612.203 -0.438
612.223 -0.439
612.243 -0.44
612.264 -0.441
612.284 -0.442
612.305 -0.443
612.327 -0.444
612.35 -0.445
612.373 -0.446
612.399 -0.447
612.423 -0.448
612.447 -0.449
612.471 -0.45
612.495 -0.451
612.52 -0.452
612.545 -0.453
612.571 -0.454
612.597 -0.455
612.622 -0.456
612.648 -0.457
612.673 -0.458
612.699 -0.459
612.725 -0.46
612.751 -0.461
612.778 -0.462
612.806 -0.463
612.834 -0.464
612.861 -0.465
612.888 -0.466
612.915 -0.467
612.944 -0.468
612.973 -0.469
613.002 -0.47
613.029 -0.471
613.055 -0.472
613.082 -0.473
613.109 -0.474
613.137 -0.475
613.165 -0.476
613.194 -0.477
613.223 -0.478
613.253 -0.479
613.283 -0.48
613.314 -0.481
613.346 -0.482
613.377 -0.483
613.409 -0.484
613.442 -0.485
613.475 -0.486
613.508 -0.487
613.542 -0.488
613.576 -0.489
613.61 -0.49
613.645 -0.491
613.68 -0.492
613.716 -0.493
613.752 -0.494
613.789 -0.495
613.826 -0.496
613.864 -0.497
613.903 -0.498
613.942 -0.499
613.982 -0.5
614.023 -0.501
614.063 -0.502
614.105 -0.503
614.148 -0.504
614.19 -0.505
614.234 -0.506
614.278 -0.507
614.323 -0.508
614.368 -0.509
614.414 -0.51
614.461 -0.511
614.508 -0.512
614.556 -0.513
614.604 -0.514
614.653 -0.515
614.703 -0.516
614.753 -0.517
614.804 -0.518
614.855 -0.519
614.907 -0.52
614.959 -0.521
615.012 -0.522
615.065 -0.523
615.118 -0.524
615.172 -0.525
615.227 -0.526
615.282 -0.527
615.338 -0.528
615.394 -0.529
615.451 -0.53
615.508 -0.531
615.566 -0.532
615.624 -0.533
615.683 -0.534
615.742 -0.535
615.802 -0.536
615.863 -0.537
615.924 -0.538
615.985 -0.539
616.047 -0.54
616.11 -0.541
616.173 -0.542
616.237 -0.543
616.301 -0.544
616.366 -0.545
616.431 -0.546
616.497 -0.547
616.564 -0.548
616.631 -0.549
616.699 -0.55
616.767 -0.551
616.836 -0.552
616.905 -0.553
616.975 -0.554
617.045 -0.555
617.116 -0.556
617.188 -0.557
617.26 -0.558
617.333 -0.559
617.406 -0.56
617.48 -0.561
617.555 -0.562
617.63 -0.563
617.706 -0.564
617.783 -0.565
617.86 -0.566
617.937 -0.567
618.016 -0.568
618.094 -0.569
618.174 -0.57
618.254 -0.571
618.334 -0.572
618.416 -0.573
618.498 -0.574
618.581 -0.575
618.664 -0.576
618.748 -0.577
618.832 -0.578
618.917 -0.579
619.003 -0.58
619.089 -0.581
619.176 -0.582
619.264 -0.583
619.352 -0.584
619.441 -0.585
619.531 -0.586
619.621 -0.587
619.713 -0.588
619.804 -0.589
619.897 -0.59
619.99 -0.591
620.083 -0.592
620.177 -0.593
620.272 -0.594
620.368 -0.595
620.464 -0.596
620.561 -0.597
620.659 -0.598
620.757 -0.599
620.856 -0.6
620.956 -0.601
621.056 -0.602
621.158 -0.603
621.259 -0.604
621.362 -0.605
621.465 -0.606
621.568 -0.607
621.672 -0.608
621.777 -0.609
621.883 -0.61
621.989 -0.611
622.096 -0.612
622.204 -0.613
622.312 -0.614
622.421 -0.615
622.53 -0.616
622.64 -0.617
622.749 -0.618
622.86 -0.619
622.971 -0.62
623.082 -0.621
623.195 -0.622
623.308 -0.623
623.421 -0.624
623.536 -0.625
623.65 -0.626
623.765 -0.627
623.88 -0.628
623.996 -0.629
624.112 -0.63
624.23 -0.631
624.348 -0.632
624.467 -0.633
624.586 -0.634
624.706 -0.635
624.827 -0.636
624.949 -0.637
625.07 -0.638
625.191 -0.639
625.312 -0.64
625.435 -0.641
625.558 -0.642
625.682 -0.643
625.806 -0.644
625.931 -0.645
626.057 -0.646
626.181 -0.647
626.305 -0.648
626.43 -0.649
626.556 -0.65
626.683 -0.651
626.81 -0.652
626.938 -0.653
627.066 -0.654
627.192 -0.655
627.317 -0.656
627.444 -0.657
627.571 -0.658
627.699 -0.659
627.827 -0.66
627.957 -0.661
628.087 -0.662
628.217 -0.663
628.349 -0.664
628.481 -0.665
628.614 -0.666
628.748 -0.667
628.882 -0.668
629.017 -0.669
629.153 -0.67
629.29 -0.671
629.427 -0.672
629.565 -0.673
629.704 -0.674
629.844 -0.675
629.985 -0.676
630.126 -0.677
630.268 -0.678
630.41 -0.679
630.554 -0.68
630.698 -0.681
630.843 -0.682
630.989 -0.683
631.136 -0.684
631.283 -0.685
631.431 -0.686
631.58 -0.687
631.73 -0.688
631.881 -0.689
632.032 -0.69
632.184 -0.691
632.337 -0.692
632.491 -0.693
632.645 -0.694
632.801 -0.695
632.957 -0.696
633.114 -0.697
633.272 -0.698
633.43 -0.699
633.59 -0.7
633.75 -0.701
633.911 -0.702
634.073 -0.703
634.236 -0.704
634.4 -0.705
634.564 -0.706
634.73 -0.707
634.896 -0.708
635.063 -0.709
635.231 -0.71
635.399 -0.711
635.569 -0.712
635.739 -0.713
635.91 -0.714
636.083 -0.715
636.256 -0.716
636.429 -0.717
636.604 -0.718
636.78 -0.719
636.956 -0.72
637.134 -0.721
637.312 -0.722
637.491 -0.723
637.671 -0.724
637.852 -0.725
638.033 -0.726
638.216 -0.727
638.4 -0.728
638.584 -0.729
638.769 -0.73
638.956 -0.731
639.143 -0.732
639.331 -0.733
639.52 -0.734
639.71 -0.735
639.901 -0.736
640.092 -0.737
640.285 -0.738
640.478 -0.739
640.673 -0.74
640.868 -0.741
641.065 -0.742
641.262 -0.743
641.46 -0.744
641.659 -0.745
641.86 -0.746
642.061 -0.747
642.263 -0.748
642.466 -0.749
642.669 -0.75
642.874 -0.751
643.08 -0.752
643.287 -0.753
643.495 -0.754
643.703 -0.755
643.913 -0.756
644.124 -0.757
644.335 -0.758
644.548 -0.759
644.762 -0.76
644.976 -0.761
645.192 -0.762
645.408 -0.763
645.626 -0.764
645.844 -0.765
646.064 -0.766
646.284 -0.767
646.506 -0.768
646.728 -0.769
646.952 -0.77
647.176 -0.771
647.402 -0.772
647.628 -0.773
647.856 -0.774
648.085 -0.775
648.314 -0.776
648.545 -0.777
648.776 -0.778
649.009 -0.779
649.243 -0.78
649.478 -0.781
649.713 -0.782
649.95 -0.783
650.188 -0.784
650.427 -0.785
650.667 -0.786
650.908 -0.787
651.15 -0.788
651.393 -0.789
651.637 -0.79
651.882 -0.791
652.128 -0.792
652.376 -0.793
652.624 -0.794
652.873 -0.795
653.124 -0.796
653.375 -0.797
653.628 -0.798
653.881 -0.799
654.136 -0.8
654.392 -0.801
654.649 -0.802
654.907 -0.803
655.166 -0.804
655.426 -0.805
655.687 -0.806
655.95 -0.807
656.213 -0.808
656.478 -0.809
656.743 -0.81
657.01 -0.811
657.278 -0.812
657.547 -0.813
657.817 -0.814
658.088 -0.815
658.361 -0.816
658.634 -0.817
658.909 -0.818
659.184 -0.819
659.46 -0.82
659.736 -0.821
660.011 -0.822
660.286 -0.823
660.559 -0.824
660.831 -0.825
661.102 -0.826
661.375 -0.827
661.648 -0.828
661.923 -0.829
662.198 -0.83
662.475 -0.831
662.753 -0.832
663.032 -0.833
663.312 -0.834
663.593 -0.835
663.876 -0.836
664.159 -0.837
664.444 -0.838
664.729 -0.839
665.016 -0.84
665.304 -0.841
665.593 -0.842
665.883 -0.843
666.174 -0.844
666.467 -0.845
666.76 -0.846
667.055 -0.847
667.351 -0.848
667.648 -0.849
667.946 -0.85
668.245 -0.851
668.546 -0.852
668.847 -0.853
669.15 -0.854
669.454 -0.855
669.759 -0.856
670.065 -0.857
670.372 -0.858
670.681 -0.859
670.991 -0.86
671.302 -0.861
671.614 -0.862
671.927 -0.863
672.241 -0.864
672.557 -0.865
672.874 -0.866
673.192 -0.867
673.511 -0.868
673.831 -0.869
674.152 -0.87
674.475 -0.871
674.798 -0.872
675.123 -0.873
675.45 -0.874
675.777 -0.875
676.105 -0.876
676.435 -0.877
676.766 -0.878
677.098 -0.879
677.432 -0.88
677.766 -0.881
678.102 -0.882
678.439 -0.883
678.778 -0.884
679.117 -0.885
679.458 -0.886
679.8 -0.887
680.143 -0.888
680.487 -0.889
680.832 -0.89
681.176 -0.891
681.52 -0.892
681.863 -0.893
682.206 -0.894
682.551 -0.895
682.896 -0.896
683.243 -0.897
683.59 -0.898
683.94 -0.899
684.29 -0.9
684.641 -0.901
684.994 -0.902
685.348 -0.903
685.703 -0.904
686.06 -0.905
686.417 -0.906
686.776 -0.907
687.137 -0.908
687.498 -0.909
687.861 -0.91
688.225 -0.911
688.59 -0.912
688.957 -0.913
689.324 -0.914
689.693 -0.915
690.063 -0.916
690.434 -0.917
690.806 -0.918
691.179 -0.919
691.553 -0.92
691.929 -0.921
692.305 -0.922
692.68 -0.923
693.053 -0.924
693.426 -0.925
693.797 -0.926
694.166 -0.927
694.535 -0.928
694.906 -0.929
695.277 -0.93
695.65 -0.931
696.023 -0.932
696.395 -0.933
696.769 -0.934
697.144 -0.935
697.52 -0.936
697.897 -0.937
698.276 -0.938
698.656 -0.939
699.036 -0.94
699.418 -0.941
699.8 -0.942
700.183 -0.943
700.568 -0.944
700.954 -0.945
701.341 -0.946
701.728 -0.947
702.117 -0.948
702.507 -0.949
702.898 -0.95
703.291 -0.951
703.685 -0.952
704.08 -0.953
704.477 -0.954
704.874 -0.955
705.274 -0.956
705.674 -0.957
706.076 -0.958
706.479 -0.959
706.884 -0.96
707.29 -0.961
707.697 -0.962
708.105 -0.963
708.515 -0.964
708.926 -0.965
709.338 -0.966
709.751 -0.967
710.166 -0.968
710.583 -0.969
711 -0.97
711.419 -0.971
711.839 -0.972
712.259 -0.973
712.681 -0.974
713.104 -0.975
713.528 -0.976
713.954 -0.977
714.381 -0.978
714.809 -0.979
715.239 -0.98
715.67 -0.981
716.103 -0.982
716.535 -0.983
716.969 -0.984
717.402 -0.985
717.835 -0.986
718.269 -0.987
718.704 -0.988
719.139 -0.989
719.576 -0.99
720.012 -0.991
720.448 -0.992
720.884 -0.993
721.32 -0.994
721.757 -0.995
722.195 -0.996
722.633 -0.997
723.071 -0.998
723.511 -0.999
723.951 -1
724.393 -1.001
724.836 -1.002
725.281 -1.003
725.727 -1.004
726.175 -1.005
726.624 -1.006
727.074 -1.007
727.526 -1.008
727.98 -1.009
728.434 -1.01
728.891 -1.011
729.348 -1.012
729.807 -1.013
730.268 -1.014
730.73 -1.015
731.194 -1.016
731.659 -1.017
732.125 -1.018
732.594 -1.019
733.063 -1.02
733.534 -1.021
734.007 -1.022
734.48 -1.023
734.956 -1.024
735.432 -1.025
735.91 -1.026
736.389 -1.027
736.869 -1.028
737.351 -1.029
737.835 -1.03
738.319 -1.031
738.806 -1.032
739.293 -1.033
739.782 -1.034
740.271 -1.035
740.761 -1.036
741.252 -1.037
741.745 -1.038
742.238 -1.039
742.733 -1.04
743.23 -1.041
743.729 -1.042
744.228 -1.043
744.73 -1.044
745.233 -1.045
745.736 -1.046
746.24 -1.047
746.744 -1.048
747.248 -1.049
747.753 -1.05
748.258 -1.051
748.765 -1.052
749.274 -1.053
749.783 -1.054
750.294 -1.055
750.806 -1.056
751.32 -1.057
751.834 -1.058
752.348 -1.059
752.862 -1.06
753.377 -1.061
753.892 -1.062
754.407 -1.063
754.924 -1.064
755.442 -1.065
755.962 -1.066
756.481 -1.067
757.001 -1.068
757.522 -1.069
758.044 -1.07
758.566 -1.071
759.09 -1.072
759.616 -1.073
760.143 -1.074
760.672 -1.075
761.202 -1.076
761.734 -1.077
762.267 -1.078
762.803 -1.079
763.339 -1.08
763.878 -1.081
764.417 -1.082
764.959 -1.083
765.502 -1.084
766.047 -1.085
766.594 -1.086
767.142 -1.087
767.692 -1.088
768.243 -1.089
768.795 -1.09
769.349 -1.091
769.905 -1.092
770.463 -1.093
771.022 -1.094
771.583 -1.095
772.146 -1.096
772.71 -1.097
773.276 -1.098
773.843 -1.099
774.413 -1.1
