5.71129 -0.001
11.4163 -0.002
17.1149 -0.003
22.8072 -0.004
28.493 -0.005
34.1723 -0.006
39.8451 -0.007
45.5113 -0.008
51.1708 -0.009
56.8237 -0.01
62.4698 -0.011
68.1091 -0.012
73.7415 -0.013
79.367 -0.014
84.9856 -0.015
90.5971 -0.016
96.2015 -0.017
101.799 -0.018
107.389 -0.019
112.972 -0.02
118.547 -0.021
124.115 -0.022
129.675 -0.023
135.228 -0.024
140.774 -0.025
146.312 -0.026
151.841 -0.027
157.364 -0.028
162.878 -0.029
168.384 -0.03
173.882 -0.031
179.372 -0.032
184.854 -0.033
190.327 -0.034
195.792 -0.035
201.249 -0.036
206.697 -0.037
212.136 -0.038
217.567 -0.039
222.988 -0.04
228.401 -0.041
233.805 -0.042
239.199 -0.043
244.584 -0.044
249.96 -0.045
255.326 -0.046
260.683 -0.047
266.03 -0.048
271.367 -0.049
276.694 -0.05
282.009 -0.051
287.245 -0.052
292.301 -0.053
297.076 -0.054
301.381 -0.055
305.493 -0.056
309.523 -0.057
313.371 -0.058
316.853 -0.059
320.072 -0.06
322.876 -0.061
325.337 -0.062
327.542 -0.063
329.327 -0.064
330.665 -0.065
331.765 -0.066
332.78 -0.067
333.788 -0.068
334.787 -0.069
335.775 -0.07
336.754 -0.071
337.721 -0.072
338.677 -0.073
339.625 -0.074
340.563 -0.075
341.49 -0.076
342.404 -0.077
343.305 -0.078
344.196 -0.079
345.077 -0.08
345.949 -0.081
346.811 -0.082
347.669 -0.083
348.522 -0.084
349.372 -0.085
350.217 -0.086
351.05 -0.087
351.869 -0.088
352.665 -0.089
353.423 -0.09
354.144 -0.091
354.857 -0.092
355.515 -0.093
356.094 -0.094
356.654 -0.095
357.205 -0.096
357.668 -0.097
358.054 -0.098
358.389 -0.099
358.621 -0.1
358.842 -0.101
359.06 -0.102
359.274 -0.103
359.485 -0.104
359.691 -0.105
359.895 -0.106
360.093 -0.107
360.288 -0.108
360.477 -0.109
360.662 -0.11
360.842 -0.111
361.02 -0.112
361.19 -0.113
361.359 -0.114
361.522 -0.115
361.682 -0.116
361.835 -0.117
361.986 -0.118
362.132 -0.119
362.275 -0.12
362.414 -0.121
362.548 -0.122
362.679 -0.123
362.804 -0.124
362.927 -0.125
363.046 -0.126
363.161 -0.127
363.275 -0.128
363.384 -0.129
363.49 -0.13
363.594 -0.131
363.696 -0.132
363.795 -0.133
363.894 -0.134
363.991 -0.135
364.087 -0.136
364.183 -0.137
364.277 -0.138
364.371 -0.139
364.464 -0.14
364.557 -0.141
364.65 -0.142
364.743 -0.143
364.836 -0.144
364.928 -0.145
365.021 -0.146
365.113 -0.147
365.206 -0.148
365.298 -0.149
365.39 -0.15
365.482 -0.151
365.574 -0.152
365.665 -0.153
365.757 -0.154
365.848 -0.155
365.939 -0.156
366.029 -0.157
366.12 -0.158
366.211 -0.159
366.301 -0.16
366.391 -0.161
366.482 -0.162
366.571 -0.163
366.66 -0.164
366.749 -0.165
366.837 -0.166
366.925 -0.167
367.011 -0.168
367.098 -0.169
367.184 -0.17
367.269 -0.171
367.354 -0.172
367.439 -0.173
367.523 -0.174
367.607 -0.175
367.689 -0.176
367.772 -0.177
367.854 -0.178
367.936 -0.179
368.016 -0.18
368.095 -0.181
368.174 -0.182
368.253 -0.183
368.329 -0.184
368.405 -0.185
368.48 -0.186
368.555 -0.187
368.629 -0.188
368.702 -0.189
368.775 -0.19
368.846 -0.191
368.917 -0.192
368.987 -0.193
369.057 -0.194
369.127 -0.195
369.197 -0.196
369.266 -0.197
369.336 -0.198
369.405 -0.199
369.474 -0.2
369.543 -0.201
369.612 -0.202
369.681 -0.203
369.75 -0.204
369.818 -0.205
369.887 -0.206
369.956 -0.207
370.024 -0.208
370.091 -0.209
370.158 -0.21
370.224 -0.211
370.291 -0.212
370.357 -0.213
370.423 -0.214
370.489 -0.215
370.554 -0.216
370.618 -0.217
370.683 -0.218
370.747 -0.219
370.811 -0.22
370.874 -0.221
370.937 -0.222
370.999 -0.223
371.062 -0.224
371.124 -0.225
371.187 -0.226
371.248 -0.227
371.309 -0.228
371.37 -0.229
371.43 -0.23
371.49 -0.231
371.55 -0.232
371.61 -0.233
371.67 -0.234
371.731 -0.235
371.791 -0.236
371.85 -0.237
371.91 -0.238
371.969 -0.239
372.029 -0.24
372.088 -0.241
372.148 -0.242
372.207 -0.243
372.267 -0.244
372.326 -0.245
372.386 -0.246
372.445 -0.247
372.504 -0.248
372.564 -0.249
372.622 -0.25
372.681 -0.251
372.74 -0.252
372.798 -0.253
372.857 -0.254
372.915 -0.255
372.973 -0.256
373.032 -0.257
373.09 -0.258
373.149 -0.259
373.207 -0.26
373.265 -0.261
373.323 -0.262
373.381 -0.263
373.438 -0.264
373.495 -0.265
373.552 -0.266
373.61 -0.267
373.667 -0.268
373.724 -0.269
373.781 -0.27
373.838 -0.271
373.895 -0.272
373.952 -0.273
374.009 -0.274
374.066 -0.275
374.122 -0.276
374.178 -0.277
374.234 -0.278
374.29 -0.279
374.345 -0.28
374.401 -0.281
374.457 -0.282
374.512 -0.283
374.568 -0.284
374.624 -0.285
374.679 -0.286
374.735 -0.287
374.791 -0.288
374.846 -0.289
374.901 -0.29
374.956 -0.291
375.011 -0.292
375.065 -0.293
375.119 -0.294
375.174 -0.295
375.228 -0.296
375.282 -0.297
375.336 -0.298
375.39 -0.299
375.444 -0.3
375.497 -0.301
375.551 -0.302
375.605 -0.303
375.658 -0.304
375.712 -0.305
375.764 -0.306
375.817 -0.307
375.869 -0.308
375.922 -0.309
375.974 -0.31
376.026 -0.311
376.078 -0.312
376.13 -0.313
376.182 -0.314
376.234 -0.315
376.286 -0.316
376.338 -0.317
376.389 -0.318
376.44 -0.319
376.491 -0.32
376.542 -0.321
376.593 -0.322
376.644 -0.323
376.695 -0.324
376.745 -0.325
376.796 -0.326
376.846 -0.327
376.897 -0.328
376.947 -0.329
376.997 -0.33
377.046 -0.331
377.096 -0.332
377.145 -0.333
377.194 -0.334
377.243 -0.335
377.292 -0.336
377.341 -0.337
377.39 -0.338
377.439 -0.339
377.487 -0.34
377.536 -0.341
377.585 -0.342
377.634 -0.343
377.682 -0.344
377.731 -0.345
377.779 -0.346
377.828 -0.347
377.876 -0.348
377.925 -0.349
377.973 -0.35
378.021 -0.351
378.07 -0.352
378.118 -0.353
378.167 -0.354
378.215 -0.355
378.263 -0.356
378.312 -0.357
378.36 -0.358
378.409 -0.359
378.457 -0.36
378.505 -0.361
378.554 -0.362
378.602 -0.363
378.65 -0.364
378.698 -0.365
378.747 -0.366
378.795 -0.367
378.843 -0.368
378.891 -0.369
378.938 -0.37
378.986 -0.371
379.034 -0.372
379.082 -0.373
379.129 -0.374
379.177 -0.375
379.225 -0.376
379.272 -0.377
379.32 -0.378
379.368 -0.379
379.415 -0.38
379.463 -0.381
379.511 -0.382
379.559 -0.383
379.606 -0.384
379.654 -0.385
379.702 -0.386
379.749 -0.387
379.797 -0.388
379.845 -0.389
379.893 -0.39
379.94 -0.391
379.988 -0.392
380.036 -0.393
380.084 -0.394
380.131 -0.395
380.179 -0.396
380.226 -0.397
380.274 -0.398
380.321 -0.399
380.369 -0.4
380.417 -0.401
380.464 -0.402
380.512 -0.403
380.56 -0.404
380.607 -0.405
380.655 -0.406
380.702 -0.407
380.75 -0.408
380.797 -0.409
380.845 -0.41
380.893 -0.411
380.94 -0.412
380.988 -0.413
381.035 -0.414
381.083 -0.415
381.13 -0.416
381.178 -0.417
381.225 -0.418
381.273 -0.419
381.32 -0.42
381.368 -0.421
381.415 -0.422
381.463 -0.423
381.51 -0.424
381.558 -0.425
381.605 -0.426
381.653 -0.427
381.701 -0.428
381.748 -0.429
381.796 -0.43
381.843 -0.431
381.891 -0.432
381.938 -0.433
381.986 -0.434
382.033 -0.435
382.081 -0.436
382.128 -0.437
382.175 -0.438
382.223 -0.439
382.27 -0.44
382.317 -0.441
382.365 -0.442
382.412 -0.443
382.46 -0.444
382.507 -0.445
382.554 -0.446
382.602 -0.447
382.649 -0.448
382.697 -0.449
382.744 -0.45
382.792 -0.451
382.839 -0.452
382.886 -0.453
382.934 -0.454
382.981 -0.455
383.029 -0.456
383.076 -0.457
383.123 -0.458
383.171 -0.459
383.218 -0.46
383.265 -0.461
383.313 -0.462
383.36 -0.463
383.407 -0.464
383.455 -0.465
383.502 -0.466
383.549 -0.467
383.596 -0.468
383.643 -0.469
383.691 -0.47
383.738 -0.471
383.785 -0.472
383.832 -0.473
383.88 -0.474
383.927 -0.475
383.974 -0.476
384.021 -0.477
384.069 -0.478
384.116 -0.479
384.163 -0.48
384.21 -0.481
384.257 -0.482
384.305 -0.483
384.352 -0.484
384.399 -0.485
384.446 -0.486
384.493 -0.487
384.541 -0.488
384.588 -0.489
384.635 -0.49
384.682 -0.491
384.73 -0.492
384.777 -0.493
384.824 -0.494
384.871 -0.495
384.918 -0.496
384.966 -0.497
385.013 -0.498
385.06 -0.499
385.108 -0.5
385.155 -0.501
385.202 -0.502
385.249 -0.503
385.297 -0.504
385.344 -0.505
385.391 -0.506
385.439 -0.507
385.486 -0.508
385.533 -0.509
385.58 -0.51
385.628 -0.511
385.675 -0.512
385.722 -0.513
385.77 -0.514
385.817 -0.515
385.864 -0.516
385.912 -0.517
385.959 -0.518
386.006 -0.519
386.053 -0.52
386.1 -0.521
386.147 -0.522
386.194 -0.523
386.242 -0.524
386.289 -0.525
386.336 -0.526
386.383 -0.527
386.43 -0.528
386.478 -0.529
386.525 -0.53
386.572 -0.531
386.619 -0.532
386.666 -0.533
386.713 -0.534
386.761 -0.535
386.808 -0.536
386.855 -0.537
386.902 -0.538
386.949 -0.539
386.997 -0.54
387.044 -0.541
387.091 -0.542
387.138 -0.543
387.185 -0.544
387.233 -0.545
387.28 -0.546
387.327 -0.547
387.375 -0.548
387.422 -0.549
387.469 -0.55
387.516 -0.551
387.563 -0.552
387.611 -0.553
387.658 -0.554
387.705 -0.555
387.752 -0.556
387.799 -0.557
387.846 -0.558
387.893 -0.559
387.94 -0.56
387.986 -0.561
388.033 -0.562
388.08 -0.563
388.127 -0.564
388.174 -0.565
388.221 -0.566
388.268 -0.567
388.315 -0.568
388.361 -0.569
388.408 -0.57
388.454 -0.571
388.501 -0.572
388.548 -0.573
388.594 -0.574
388.641 -0.575
388.687 -0.576
388.734 -0.577
388.78 -0.578
388.827 -0.579
388.874 -0.58
388.92 -0.581
388.966 -0.582
389.012 -0.583
389.057 -0.584
389.103 -0.585
389.149 -0.586
389.194 -0.587
389.24 -0.588
389.285 -0.589
389.331 -0.59
389.377 -0.591
389.422 -0.592
389.468 -0.593
389.513 -0.594
389.558 -0.595
389.604 -0.596
389.649 -0.597
389.695 -0.598
389.74 -0.599
389.785 -0.6
389.83 -0.601
389.876 -0.602
389.921 -0.603
389.966 -0.604
390.011 -0.605
390.056 -0.606
390.101 -0.607
390.146 -0.608
390.191 -0.609
390.236 -0.61
390.281 -0.611
390.325 -0.612
390.369 -0.613
390.413 -0.614
390.456 -0.615
390.499 -0.616
390.541 -0.617
390.581 -0.618
390.618 -0.619
390.651 -0.62
390.68 -0.621
390.703 -0.622
390.72 -0.623
390.731 -0.624
390.735 -0.625
390.734 -0.626
390.729 -0.627
390.722 -0.628
390.713 -0.629
390.704 -0.63
390.693 -0.631
390.682 -0.632
390.67 -0.633
390.658 -0.634
390.65 -0.635
390.647 -0.636
390.665 -0.637
390.692 -0.638
390.735 -0.639
390.781 -0.64
390.838 -0.641
390.897 -0.642
390.956 -0.643
391.011 -0.644
391.065 -0.645
391.12 -0.646
391.176 -0.647
391.232 -0.648
391.291 -0.649
391.349 -0.65
391.408 -0.651
391.466 -0.652
391.525 -0.653
391.583 -0.654
391.642 -0.655
391.7 -0.656
391.759 -0.657
391.817 -0.658
391.876 -0.659
391.934 -0.66
391.993 -0.661
392.051 -0.662
392.11 -0.663
392.168 -0.664
392.224 -0.665
392.275 -0.666
392.32 -0.667
392.364 -0.668
392.408 -0.669
392.452 -0.67
392.495 -0.671
392.539 -0.672
392.583 -0.673
392.626 -0.674
392.67 -0.675
392.714 -0.676
392.757 -0.677
392.801 -0.678
392.845 -0.679
392.889 -0.68
392.932 -0.681
392.976 -0.682
393.02 -0.683
393.063 -0.684
393.107 -0.685
393.15 -0.686
393.194 -0.687
393.238 -0.688
393.281 -0.689
393.325 -0.69
393.368 -0.691
393.412 -0.692
393.455 -0.693
393.499 -0.694
393.542 -0.695
393.585 -0.696
393.629 -0.697
393.672 -0.698
393.715 -0.699
393.758 -0.7
393.801 -0.701
393.844 -0.702
393.886 -0.703
393.929 -0.704
393.971 -0.705
394.013 -0.706
394.056 -0.707
394.098 -0.708
394.14 -0.709
394.182 -0.71
394.224 -0.711
394.266 -0.712
394.308 -0.713
394.349 -0.714
394.391 -0.715
394.433 -0.716
394.474 -0.717
394.516 -0.718
394.557 -0.719
394.598 -0.72
394.64 -0.721
394.681 -0.722
394.721 -0.723
394.762 -0.724
394.803 -0.725
394.843 -0.726
394.883 -0.727
394.924 -0.728
394.966 -0.729
395.007 -0.73
395.048 -0.731
395.089 -0.732
395.13 -0.733
395.171 -0.734
395.212 -0.735
395.254 -0.736
395.296 -0.737
395.337 -0.738
395.379 -0.739
395.421 -0.74
395.46 -0.741
395.498 -0.742
395.537 -0.743
395.576 -0.744
395.615 -0.745
395.654 -0.746
395.694 -0.747
395.733 -0.748
395.773 -0.749
395.813 -0.75
395.853 -0.751
395.893 -0.752
395.933 -0.753
395.974 -0.754
396.014 -0.755
396.054 -0.756
396.095 -0.757
396.136 -0.758
396.177 -0.759
396.218 -0.76
396.26 -0.761
396.302 -0.762
396.343 -0.763
396.386 -0.764
396.43 -0.765
396.474 -0.766
396.518 -0.767
396.562 -0.768
396.607 -0.769
396.652 -0.77
396.697 -0.771
396.741 -0.772
396.786 -0.773
396.832 -0.774
396.877 -0.775
396.922 -0.776
396.967 -0.777
397.012 -0.778
397.058 -0.779
397.103 -0.78
397.148 -0.781
397.194 -0.782
397.239 -0.783
397.285 -0.784
397.331 -0.785
397.376 -0.786
397.422 -0.787
397.468 -0.788
397.514 -0.789
397.559 -0.79
397.605 -0.791
397.651 -0.792
397.697 -0.793
397.743 -0.794
397.789 -0.795
397.835 -0.796
397.88 -0.797
397.926 -0.798
397.972 -0.799
398.018 -0.8
398.064 -0.801
398.11 -0.802
398.156 -0.803
398.201 -0.804
398.247 -0.805
398.293 -0.806
398.339 -0.807
398.384 -0.808
398.43 -0.809
398.476 -0.81
398.521 -0.811
398.567 -0.812
398.613 -0.813
398.659 -0.814
398.704 -0.815
398.75 -0.816
398.796 -0.817
398.841 -0.818
398.887 -0.819
398.932 -0.82
398.978 -0.821
399.024 -0.822
399.069 -0.823
399.115 -0.824
399.161 -0.825
399.206 -0.826
399.252 -0.827
399.297 -0.828
399.343 -0.829
399.388 -0.83
399.434 -0.831
399.479 -0.832
399.524 -0.833
399.57 -0.834
399.615 -0.835
399.66 -0.836
399.706 -0.837
399.751 -0.838
399.796 -0.839
399.841 -0.84
399.886 -0.841
399.931 -0.842
399.976 -0.843
400.02 -0.844
400.065 -0.845
400.109 -0.846
400.154 -0.847
400.198 -0.848
400.242 -0.849
400.286 -0.85
400.33 -0.851
400.374 -0.852
400.418 -0.853
400.462 -0.854
400.505 -0.855
400.548 -0.856
400.592 -0.857
400.635 -0.858
400.677 -0.859
400.72 -0.86
400.762 -0.861
400.803 -0.862
400.844 -0.863
400.884 -0.864
400.922 -0.865
400.958 -0.866
400.991 -0.867
401.021 -0.868
401.054 -0.869
401.087 -0.87
401.117 -0.871
401.141 -0.872
401.159 -0.873
401.171 -0.874
401.178 -0.875
401.181 -0.876
401.183 -0.877
401.185 -0.878
401.186 -0.879
401.187 -0.88
401.189 -0.881
401.19 -0.882
401.192 -0.883
401.193 -0.884
401.195 -0.885
401.196 -0.886
401.198 -0.887
401.213 -0.888
401.249 -0.889
401.304 -0.89
401.367 -0.891
401.44 -0.892
401.524 -0.893
401.612 -0.894
401.691 -0.895
401.762 -0.896
401.829 -0.897
401.896 -0.898
401.963 -0.899
402.029 -0.9
402.096 -0.901
402.163 -0.902
402.23 -0.903
402.296 -0.904
402.363 -0.905
402.429 -0.906
402.495 -0.907
402.562 -0.908
402.628 -0.909
402.692 -0.91
402.752 -0.911
402.808 -0.912
402.859 -0.913
402.907 -0.914
402.955 -0.915
403.002 -0.916
403.05 -0.917
403.098 -0.918
403.146 -0.919
403.194 -0.92
403.242 -0.921
403.29 -0.922
403.337 -0.923
403.385 -0.924
403.433 -0.925
403.481 -0.926
403.529 -0.927
403.577 -0.928
403.626 -0.929
403.674 -0.93
403.723 -0.931
403.771 -0.932
403.82 -0.933
403.869 -0.934
403.917 -0.935
403.966 -0.936
404.015 -0.937
404.064 -0.938
404.113 -0.939
404.162 -0.94
404.211 -0.941
404.26 -0.942
404.309 -0.943
404.358 -0.944
404.407 -0.945
404.456 -0.946
404.506 -0.947
404.555 -0.948
404.604 -0.949
404.653 -0.95
404.702 -0.951
404.751 -0.952
404.801 -0.953
404.85 -0.954
404.899 -0.955
404.948 -0.956
404.998 -0.957
405.047 -0.958
405.096 -0.959
405.145 -0.96
405.195 -0.961
405.244 -0.962
405.293 -0.963
405.343 -0.964
405.392 -0.965
405.442 -0.966
405.491 -0.967
405.54 -0.968
405.59 -0.969
405.639 -0.97
405.689 -0.971
405.738 -0.972
405.787 -0.973
405.837 -0.974
405.886 -0.975
405.936 -0.976
405.985 -0.977
406.035 -0.978
406.084 -0.979
406.134 -0.98
406.183 -0.981
406.233 -0.982
406.282 -0.983
406.332 -0.984
406.381 -0.985
406.431 -0.986
406.481 -0.987
406.53 -0.988
406.58 -0.989
406.629 -0.99
406.679 -0.991
406.729 -0.992
406.778 -0.993
406.828 -0.994
406.878 -0.995
406.927 -0.996
406.977 -0.997
407.027 -0.998
407.077 -0.999
407.126 -1
407.176 -1.001
407.225 -1.002
407.275 -1.003
407.324 -1.004
407.374 -1.005
407.423 -1.006
407.473 -1.007
407.522 -1.008
407.572 -1.009
407.622 -1.01
407.671 -1.011
407.721 -1.012
407.77 -1.013
407.82 -1.014
407.87 -1.015
407.919 -1.016
407.969 -1.017
408.018 -1.018
408.068 -1.019
408.118 -1.02
408.167 -1.021
408.217 -1.022
408.267 -1.023
408.316 -1.024
408.366 -1.025
408.416 -1.026
408.465 -1.027
408.515 -1.028
408.565 -1.029
408.614 -1.03
408.664 -1.031
408.714 -1.032
408.763 -1.033
408.813 -1.034
408.862 -1.035
408.912 -1.036
408.962 -1.037
409.011 -1.038
409.061 -1.039
409.111 -1.04
409.16 -1.041
409.21 -1.042
409.26 -1.043
409.31 -1.044
409.359 -1.045
409.409 -1.046
409.459 -1.047
409.509 -1.048
409.558 -1.049
409.608 -1.05
409.658 -1.051
409.708 -1.052
409.757 -1.053
409.807 -1.054
409.857 -1.055
409.906 -1.056
409.956 -1.057
410.006 -1.058
410.055 -1.059
410.105 -1.06
410.154 -1.061
410.204 -1.062
410.254 -1.063
410.303 -1.064
410.352 -1.065
410.402 -1.066
410.451 -1.067
410.501 -1.068
410.55 -1.069
410.599 -1.07
410.648 -1.071
410.697 -1.072
410.746 -1.073
410.795 -1.074
410.844 -1.075
410.893 -1.076
410.941 -1.077
410.989 -1.078
411.037 -1.079
411.085 -1.08
411.132 -1.081
411.179 -1.082
411.225 -1.083
411.272 -1.084
411.317 -1.085
411.361 -1.086
411.404 -1.087
411.446 -1.088
411.488 -1.089
411.528 -1.09
411.568 -1.091
411.606 -1.092
411.643 -1.093
411.679 -1.094
411.713 -1.095
411.746 -1.096
411.776 -1.097
411.806 -1.098
411.834 -1.099
411.862 -1.1
411.888 -1.101
411.913 -1.102
411.936 -1.103
411.959 -1.104
411.982 -1.105
412.006 -1.106
412.028 -1.107
412.051 -1.108
412.075 -1.109
412.098 -1.11
412.122 -1.111
412.147 -1.112
412.172 -1.113
412.198 -1.114
412.224 -1.115
412.251 -1.116
412.278 -1.117
412.306 -1.118
412.334 -1.119
412.362 -1.12
412.39 -1.121
412.418 -1.122
412.446 -1.123
412.475 -1.124
412.503 -1.125
412.531 -1.126
412.559 -1.127
412.587 -1.128
412.615 -1.129
412.643 -1.13
412.672 -1.131
412.7 -1.132
412.728 -1.133
412.756 -1.134
412.785 -1.135
412.813 -1.136
412.841 -1.137
412.869 -1.138
412.898 -1.139
412.926 -1.14
412.955 -1.141
412.983 -1.142
413.012 -1.143
413.04 -1.144
413.068 -1.145
413.097 -1.146
413.126 -1.147
413.154 -1.148
413.182 -1.149
413.209 -1.15
413.236 -1.151
413.263 -1.152
413.286 -1.153
413.306 -1.154
413.314 -1.155
413.317 -1.156
413.292 -1.157
413.257 -1.158
413.222 -1.159
413.172 -1.16
413.132 -1.161
413.12 -1.162
413.116 -1.163
413.295 -1.164
413.466 -1.165
413.592 -1.166
413.674 -1.167
413.737 -1.168
413.799 -1.169
413.861 -1.17
413.924 -1.171
413.986 -1.172
414.048 -1.173
414.111 -1.174
414.174 -1.175
414.239 -1.176
414.307 -1.177
414.374 -1.178
414.441 -1.179
414.507 -1.18
414.573 -1.181
414.638 -1.182
414.703 -1.183
414.767 -1.184
414.83 -1.185
414.893 -1.186
414.955 -1.187
415.016 -1.188
415.075 -1.189
415.135 -1.19
415.194 -1.191
415.254 -1.192
415.313 -1.193
415.373 -1.194
415.432 -1.195
415.492 -1.196
415.551 -1.197
415.611 -1.198
415.671 -1.199
415.73 -1.2
415.79 -1.201
415.849 -1.202
415.909 -1.203
415.968 -1.204
416.027 -1.205
416.087 -1.206
416.146 -1.207
416.205 -1.208
416.264 -1.209
416.323 -1.21
416.382 -1.211
416.441 -1.212
416.501 -1.213
416.56 -1.214
416.621 -1.215
416.681 -1.216
416.741 -1.217
416.802 -1.218
416.862 -1.219
416.922 -1.22
416.982 -1.221
417.042 -1.222
417.102 -1.223
417.162 -1.224
417.221 -1.225
417.281 -1.226
417.341 -1.227
417.401 -1.228
417.46 -1.229
417.52 -1.23
417.58 -1.231
417.639 -1.232
417.699 -1.233
417.758 -1.234
417.818 -1.235
417.877 -1.236
417.936 -1.237
417.996 -1.238
418.055 -1.239
418.114 -1.24
418.173 -1.241
418.233 -1.242
418.293 -1.243
418.353 -1.244
418.413 -1.245
418.473 -1.246
418.533 -1.247
418.593 -1.248
418.653 -1.249
418.713 -1.25
418.773 -1.251
418.833 -1.252
418.893 -1.253
418.953 -1.254
419.013 -1.255
419.072 -1.256
419.132 -1.257
419.192 -1.258
419.251 -1.259
419.311 -1.26
419.37 -1.261
419.43 -1.262
419.489 -1.263
419.548 -1.264
419.608 -1.265
419.667 -1.266
419.726 -1.267
419.785 -1.268
419.844 -1.269
419.902 -1.27
419.96 -1.271
420.019 -1.272
420.078 -1.273
420.137 -1.274
420.196 -1.275
420.255 -1.276
420.314 -1.277
420.373 -1.278
420.432 -1.279
420.491 -1.28
420.549 -1.281
420.608 -1.282
420.666 -1.283
420.725 -1.284
420.783 -1.285
420.841 -1.286
420.899 -1.287
420.957 -1.288
421.015 -1.289
421.072 -1.29
421.13 -1.291
421.187 -1.292
421.244 -1.293
421.3 -1.294
421.356 -1.295
421.412 -1.296
421.468 -1.297
421.524 -1.298
421.58 -1.299
421.636 -1.3
421.69 -1.301
421.745 -1.302
421.8 -1.303
421.853 -1.304
421.907 -1.305
421.96 -1.306
422.013 -1.307
422.067 -1.308
422.12 -1.309
422.173 -1.31
422.226 -1.311
422.28 -1.312
422.333 -1.313
422.386 -1.314
422.438 -1.315
422.491 -1.316
422.544 -1.317
422.596 -1.318
422.649 -1.319
422.701 -1.32
422.754 -1.321
422.806 -1.322
422.859 -1.323
422.911 -1.324
422.963 -1.325
423.016 -1.326
423.069 -1.327
423.123 -1.328
423.176 -1.329
423.229 -1.33
423.282 -1.331
423.335 -1.332
423.388 -1.333
423.441 -1.334
423.493 -1.335
423.546 -1.336
423.599 -1.337
423.652 -1.338
423.704 -1.339
423.757 -1.34
423.809 -1.341
423.862 -1.342
423.914 -1.343
423.966 -1.344
424.018 -1.345
424.073 -1.346
424.127 -1.347
424.182 -1.348
424.237 -1.349
424.291 -1.35
424.346 -1.351
424.401 -1.352
424.455 -1.353
424.51 -1.354
424.565 -1.355
424.62 -1.356
424.675 -1.357
424.73 -1.358
424.784 -1.359
424.839 -1.36
424.894 -1.361
424.949 -1.362
425.004 -1.363
425.058 -1.364
425.112 -1.365
425.167 -1.366
425.221 -1.367
425.275 -1.368
425.329 -1.369
425.383 -1.37
425.437 -1.371
425.492 -1.372
425.548 -1.373
425.603 -1.374
425.658 -1.375
425.713 -1.376
425.767 -1.377
425.822 -1.378
425.877 -1.379
425.931 -1.38
425.986 -1.381
426.04 -1.382
426.095 -1.383
426.151 -1.384
426.206 -1.385
426.262 -1.386
426.317 -1.387
426.373 -1.388
426.429 -1.389
426.484 -1.39
426.54 -1.391
426.595 -1.392
426.65 -1.393
426.705 -1.394
426.76 -1.395
426.815 -1.396
426.87 -1.397
426.924 -1.398
426.979 -1.399
427.034 -1.4
