13.6658 -0.001
27.3137 -0.002
40.9437 -0.003
54.5556 -0.004
68.1492 -0.005
81.7244 -0.006
95.2809 -0.007
108.819 -0.008
122.337 -0.009
135.837 -0.01
149.317 -0.011
162.777 -0.012
176.217 -0.013
189.638 -0.014
203.038 -0.015
216.418 -0.016
229.777 -0.017
243.114 -0.018
256.431 -0.019
269.726 -0.02
283 -0.021
296.251 -0.022
309.481 -0.023
322.687 -0.024
335.871 -0.025
349.032 -0.026
362.169 -0.027
375.283 -0.028
388.372 -0.029
401.438 -0.03
414.478 -0.031
427.494 -0.032
440.484 -0.033
453.448 -0.034
466.375 -0.035
479 -0.036
490.821 -0.037
501.236 -0.038
511.45 -0.039
521.638 -0.04
531.808 -0.041
541.979 -0.042
552.134 -0.043
562.269 -0.044
572.39 -0.045
582.494 -0.046
592.471 -0.047
602.081 -0.048
611.066 -0.049
619.253 -0.05
626.818 -0.051
633.063 -0.052
637.89 -0.053
642.381 -0.054
646.758 -0.055
650.669 -0.056
654.424 -0.057
658.114 -0.058
661.288 -0.059
664.242 -0.06
666.659 -0.061
668.934 -0.062
671.192 -0.063
673.433 -0.064
675.655 -0.065
677.833 -0.066
679.961 -0.067
681.992 -0.068
683.927 -0.069
685.743 -0.07
687.383 -0.071
688.843 -0.072
690.217 -0.073
691.349 -0.074
692.295 -0.075
692.956 -0.076
693.573 -0.077
694.163 -0.078
694.734 -0.079
695.287 -0.08
695.829 -0.081
696.359 -0.082
696.877 -0.083
697.382 -0.084
697.876 -0.085
698.356 -0.086
698.819 -0.087
699.266 -0.088
699.705 -0.089
700.135 -0.09
700.558 -0.091
700.969 -0.092
701.369 -0.093
701.76 -0.094
702.142 -0.095
702.513 -0.096
702.879 -0.097
703.237 -0.098
703.592 -0.099
703.939 -0.1
704.278 -0.101
704.612 -0.102
704.936 -0.103
705.256 -0.104
705.57 -0.105
705.88 -0.106
706.185 -0.107
706.489 -0.108
706.787 -0.109
707.082 -0.11
707.372 -0.111
707.658 -0.112
707.94 -0.113
708.219 -0.114
708.492 -0.115
708.757 -0.116
709.018 -0.117
709.276 -0.118
709.531 -0.119
709.785 -0.12
710.035 -0.121
710.278 -0.122
710.517 -0.123
710.754 -0.124
710.99 -0.125
711.219 -0.126
711.444 -0.127
711.669 -0.128
711.891 -0.129
712.111 -0.13
712.325 -0.131
712.537 -0.132
712.749 -0.133
712.96 -0.134
713.164 -0.135
713.366 -0.136
713.567 -0.137
713.768 -0.138
713.964 -0.139
714.157 -0.14
714.349 -0.141
714.54 -0.142
714.731 -0.143
714.918 -0.144
715.103 -0.145
715.286 -0.146
715.468 -0.147
715.65 -0.148
715.829 -0.149
716.005 -0.15
716.18 -0.151
716.354 -0.152
716.527 -0.153
716.7 -0.154
716.873 -0.155
717.043 -0.156
717.208 -0.157
717.373 -0.158
717.538 -0.159
717.702 -0.16
717.865 -0.161
718.028 -0.162
718.191 -0.163
718.352 -0.164
718.513 -0.165
718.673 -0.166
718.832 -0.167
718.989 -0.168
719.144 -0.169
719.299 -0.17
719.452 -0.171
719.605 -0.172
719.758 -0.173
719.91 -0.174
720.061 -0.175
720.211 -0.176
720.361 -0.177
720.51 -0.178
720.656 -0.179
720.801 -0.18
720.945 -0.181
721.089 -0.182
721.231 -0.183
721.373 -0.184
721.514 -0.185
721.654 -0.186
721.793 -0.187
721.932 -0.188
722.068 -0.189
722.203 -0.19
722.338 -0.191
722.471 -0.192
722.601 -0.193
722.729 -0.194
722.858 -0.195
722.985 -0.196
723.112 -0.197
723.239 -0.198
723.365 -0.199
723.491 -0.2
723.615 -0.201
723.739 -0.202
723.862 -0.203
723.986 -0.204
724.109 -0.205
724.231 -0.206
724.352 -0.207
724.473 -0.208
724.593 -0.209
724.713 -0.21
724.833 -0.211
724.953 -0.212
725.072 -0.213
725.191 -0.214
725.308 -0.215
725.426 -0.216
725.544 -0.217
725.662 -0.218
725.779 -0.219
725.895 -0.22
726.01 -0.221
726.125 -0.222
726.24 -0.223
726.355 -0.224
726.47 -0.225
726.584 -0.226
726.699 -0.227
726.814 -0.228
726.928 -0.229
727.043 -0.23
727.157 -0.231
727.272 -0.232
727.386 -0.233
727.501 -0.234
727.614 -0.235
727.726 -0.236
727.838 -0.237
727.95 -0.238
728.062 -0.239
728.174 -0.24
728.286 -0.241
728.398 -0.242
728.51 -0.243
728.622 -0.244
728.734 -0.245
728.845 -0.246
728.957 -0.247
729.069 -0.248
729.181 -0.249
729.293 -0.25
729.404 -0.251
729.516 -0.252
729.626 -0.253
729.735 -0.254
729.844 -0.255
729.953 -0.256
730.063 -0.257
730.172 -0.258
730.281 -0.259
730.39 -0.26
730.498 -0.261
730.607 -0.262
730.716 -0.263
730.825 -0.264
730.934 -0.265
731.042 -0.266
731.151 -0.267
731.26 -0.268
731.368 -0.269
731.477 -0.27
731.586 -0.271
731.694 -0.272
731.803 -0.273
731.911 -0.274
732.019 -0.275
732.127 -0.276
732.235 -0.277
732.343 -0.278
732.451 -0.279
732.559 -0.28
732.667 -0.281
732.775 -0.282
732.883 -0.283
732.99 -0.284
733.098 -0.285
733.205 -0.286
733.313 -0.287
733.42 -0.288
733.528 -0.289
733.635 -0.29
733.742 -0.291
733.849 -0.292
733.956 -0.293
734.062 -0.294
734.169 -0.295
734.276 -0.296
734.383 -0.297
734.489 -0.298
734.596 -0.299
734.702 -0.3
734.809 -0.301
734.915 -0.302
735.021 -0.303
735.127 -0.304
735.233 -0.305
735.339 -0.306
735.445 -0.307
735.551 -0.308
735.657 -0.309
735.762 -0.31
735.868 -0.311
735.973 -0.312
736.079 -0.313
736.184 -0.314
736.289 -0.315
736.394 -0.316
736.499 -0.317
736.604 -0.318
736.709 -0.319
736.813 -0.32
736.916 -0.321
737.019 -0.322
737.122 -0.323
737.223 -0.324
737.325 -0.325
737.426 -0.326
737.527 -0.327
737.628 -0.328
737.729 -0.329
737.83 -0.33
737.931 -0.331
738.032 -0.332
738.133 -0.333
738.233 -0.334
738.334 -0.335
738.434 -0.336
738.535 -0.337
738.635 -0.338
738.736 -0.339
738.836 -0.34
738.936 -0.341
739.037 -0.342
739.137 -0.343
739.236 -0.344
739.336 -0.345
739.435 -0.346
739.535 -0.347
739.634 -0.348
739.733 -0.349
739.832 -0.35
739.931 -0.351
740.029 -0.352
740.127 -0.353
740.225 -0.354
740.324 -0.355
740.423 -0.356
740.52 -0.357
740.618 -0.358
740.716 -0.359
740.814 -0.36
740.913 -0.361
741.011 -0.362
741.11 -0.363
741.209 -0.364
741.308 -0.365
741.406 -0.366
741.505 -0.367
741.604 -0.368
741.703 -0.369
741.802 -0.37
741.901 -0.371
741.999 -0.372
742.096 -0.373
742.194 -0.374
742.292 -0.375
742.389 -0.376
742.486 -0.377
742.583 -0.378
742.68 -0.379
742.777 -0.38
742.874 -0.381
742.971 -0.382
743.069 -0.383
743.166 -0.384
743.264 -0.385
743.361 -0.386
743.458 -0.387
743.556 -0.388
743.653 -0.389
743.75 -0.39
743.847 -0.391
743.944 -0.392
744.041 -0.393
744.138 -0.394
744.235 -0.395
744.331 -0.396
744.428 -0.397
744.524 -0.398
744.62 -0.399
744.717 -0.4
744.814 -0.401
744.911 -0.402
745.008 -0.403
745.104 -0.404
745.202 -0.405
745.299 -0.406
745.397 -0.407
745.495 -0.408
745.593 -0.409
745.691 -0.41
745.789 -0.411
745.887 -0.412
745.985 -0.413
746.083 -0.414
746.181 -0.415
746.279 -0.416
746.376 -0.417
746.474 -0.418
746.571 -0.419
746.669 -0.42
746.766 -0.421
746.863 -0.422
746.96 -0.423
747.057 -0.424
747.154 -0.425
747.251 -0.426
747.348 -0.427
747.446 -0.428
747.542 -0.429
747.639 -0.43
747.736 -0.431
747.833 -0.432
747.93 -0.433
748.027 -0.434
748.124 -0.435
748.22 -0.436
748.317 -0.437
748.413 -0.438
748.509 -0.439
748.605 -0.44
748.701 -0.441
748.796 -0.442
748.891 -0.443
748.987 -0.444
749.083 -0.445
749.179 -0.446
749.275 -0.447
749.37 -0.448
749.466 -0.449
749.563 -0.45
749.658 -0.451
749.754 -0.452
749.85 -0.453
749.946 -0.454
750.042 -0.455
750.137 -0.456
750.232 -0.457
750.327 -0.458
750.422 -0.459
750.516 -0.46
750.61 -0.461
750.704 -0.462
750.798 -0.463
750.891 -0.464
750.984 -0.465
751.077 -0.466
751.171 -0.467
751.265 -0.468
751.358 -0.469
751.451 -0.47
751.546 -0.471
751.641 -0.472
751.735 -0.473
751.829 -0.474
751.923 -0.475
752.017 -0.476
752.111 -0.477
752.204 -0.478
752.297 -0.479
752.389 -0.48
752.481 -0.481
752.573 -0.482
752.663 -0.483
752.756 -0.484
752.848 -0.485
752.939 -0.486
753.03 -0.487
753.123 -0.488
753.215 -0.489
753.306 -0.49
753.397 -0.491
753.487 -0.492
753.576 -0.493
753.664 -0.494
753.751 -0.495
753.836 -0.496
753.917 -0.497
753.997 -0.498
754.076 -0.499
754.156 -0.5
754.238 -0.501
754.322 -0.502
754.403 -0.503
754.492 -0.504
754.583 -0.505
754.673 -0.506
754.762 -0.507
754.851 -0.508
754.94 -0.509
755.028 -0.51
755.115 -0.511
755.203 -0.512
755.29 -0.513
755.377 -0.514
755.463 -0.515
755.548 -0.516
755.634 -0.517
755.722 -0.518
755.809 -0.519
755.895 -0.52
755.984 -0.521
756.073 -0.522
756.162 -0.523
756.251 -0.524
756.34 -0.525
756.428 -0.526
756.516 -0.527
756.605 -0.528
756.693 -0.529
756.78 -0.53
756.867 -0.531
756.954 -0.532
757.04 -0.533
757.125 -0.534
757.211 -0.535
757.298 -0.536
757.385 -0.537
757.472 -0.538
757.561 -0.539
757.649 -0.54
757.737 -0.541
757.822 -0.542
757.893 -0.543
757.954 -0.544
758.002 -0.545
758.062 -0.546
758.13 -0.547
758.199 -0.548
758.273 -0.549
758.336 -0.55
758.392 -0.551
758.447 -0.552
758.516 -0.553
758.589 -0.554
758.669 -0.555
758.762 -0.556
758.855 -0.557
758.953 -0.558
759.055 -0.559
759.141 -0.56
759.227 -0.561
759.312 -0.562
759.398 -0.563
759.483 -0.564
759.569 -0.565
759.654 -0.566
759.742 -0.567
759.83 -0.568
759.918 -0.569
760.007 -0.57
760.097 -0.571
760.186 -0.572
760.275 -0.573
760.364 -0.574
760.453 -0.575
760.543 -0.576
760.632 -0.577
760.721 -0.578
760.811 -0.579
760.9 -0.58
760.989 -0.581
761.079 -0.582
761.169 -0.583
761.26 -0.584
761.35 -0.585
761.441 -0.586
761.531 -0.587
761.623 -0.588
761.715 -0.589
761.807 -0.59
761.899 -0.591
761.993 -0.592
762.087 -0.593
762.181 -0.594
762.275 -0.595
762.369 -0.596
762.464 -0.597
762.559 -0.598
762.654 -0.599
762.749 -0.6
762.844 -0.601
762.94 -0.602
763.036 -0.603
763.131 -0.604
763.227 -0.605
763.323 -0.606
763.419 -0.607
763.516 -0.608
763.612 -0.609
763.708 -0.61
763.804 -0.611
763.9 -0.612
763.996 -0.613
764.092 -0.614
764.187 -0.615
764.282 -0.616
764.377 -0.617
764.472 -0.618
764.567 -0.619
764.661 -0.62
764.755 -0.621
764.848 -0.622
764.941 -0.623
765.033 -0.624
765.125 -0.625
765.216 -0.626
765.307 -0.627
765.396 -0.628
765.485 -0.629
765.573 -0.63
765.658 -0.631
765.743 -0.632
765.826 -0.633
765.907 -0.634
765.984 -0.635
766.059 -0.636
766.131 -0.637
766.2 -0.638
766.264 -0.639
766.324 -0.64
766.38 -0.641
766.43 -0.642
766.474 -0.643
766.513 -0.644
766.547 -0.645
766.576 -0.646
766.599 -0.647
766.615 -0.648
766.627 -0.649
766.634 -0.65
766.638 -0.651
766.64 -0.652
766.638 -0.653
766.634 -0.654
766.608 -0.655
766.56 -0.656
766.502 -0.657
766.442 -0.658
766.302 -0.659
766.114 -0.66
765.953 -0.661
765.943 -0.662
766.021 -0.663
766.006 -0.664
765.961 -0.665
766.047 -0.666
766.297 -0.667
766.477 -0.668
766.593 -0.669
766.682 -0.67
766.776 -0.671
766.869 -0.672
766.967 -0.673
767.068 -0.674
767.17 -0.675
767.271 -0.676
767.373 -0.677
767.481 -0.678
767.589 -0.679
767.696 -0.68
767.803 -0.681
767.913 -0.682
768.022 -0.683
768.129 -0.684
768.234 -0.685
768.343 -0.686
768.449 -0.687
768.553 -0.688
768.657 -0.689
768.76 -0.69
768.859 -0.691
768.96 -0.692
769.064 -0.693
769.167 -0.694
769.271 -0.695
769.374 -0.696
769.481 -0.697
769.587 -0.698
769.694 -0.699
769.801 -0.7
769.909 -0.701
770.015 -0.702
770.123 -0.703
770.23 -0.704
770.339 -0.705
770.45 -0.706
770.56 -0.707
770.67 -0.708
770.781 -0.709
770.893 -0.71
771.005 -0.711
771.116 -0.712
771.227 -0.713
771.339 -0.714
771.451 -0.715
771.563 -0.716
771.674 -0.717
771.787 -0.718
771.901 -0.719
772.015 -0.72
772.129 -0.721
772.243 -0.722
772.359 -0.723
772.475 -0.724
772.59 -0.725
772.706 -0.726
772.822 -0.727
772.938 -0.728
773.053 -0.729
773.168 -0.73
773.283 -0.731
773.396 -0.732
773.508 -0.733
773.62 -0.734
773.732 -0.735
773.843 -0.736
773.951 -0.737
774.057 -0.738
774.161 -0.739
774.263 -0.74
774.358 -0.741
774.444 -0.742
774.515 -0.743
774.57 -0.744
774.61 -0.745
774.636 -0.746
774.651 -0.747
774.658 -0.748
774.654 -0.749
774.645 -0.75
774.636 -0.751
774.627 -0.752
774.617 -0.753
774.606 -0.754
774.615 -0.755
774.639 -0.756
774.683 -0.757
774.749 -0.758
774.85 -0.759
774.99 -0.76
775.145 -0.761
775.303 -0.762
775.477 -0.763
775.659 -0.764
775.847 -0.765
776.041 -0.766
776.231 -0.767
776.404 -0.768
776.553 -0.769
776.694 -0.77
776.821 -0.771
776.928 -0.772
777.029 -0.773
777.13 -0.774
777.231 -0.775
777.332 -0.776
777.434 -0.777
777.535 -0.778
777.637 -0.779
777.738 -0.78
777.84 -0.781
777.941 -0.782
778.043 -0.783
778.144 -0.784
778.246 -0.785
778.347 -0.786
778.449 -0.787
778.551 -0.788
778.653 -0.789
778.755 -0.79
778.857 -0.791
778.959 -0.792
779.061 -0.793
779.163 -0.794
779.265 -0.795
779.367 -0.796
779.469 -0.797
779.571 -0.798
779.674 -0.799
779.776 -0.8
779.878 -0.801
779.981 -0.802
780.083 -0.803
780.186 -0.804
780.288 -0.805
780.391 -0.806
780.493 -0.807
780.595 -0.808
780.698 -0.809
780.8 -0.81
780.902 -0.811
781.004 -0.812
781.107 -0.813
781.209 -0.814
781.311 -0.815
781.413 -0.816
781.515 -0.817
781.616 -0.818
781.718 -0.819
781.82 -0.82
781.921 -0.821
782.023 -0.822
782.124 -0.823
782.224 -0.824
782.325 -0.825
782.425 -0.826
782.525 -0.827
782.624 -0.828
782.724 -0.829
782.823 -0.83
782.922 -0.831
783.02 -0.832
783.119 -0.833
783.217 -0.834
783.314 -0.835
783.412 -0.836
783.508 -0.837
783.605 -0.838
783.7 -0.839
783.796 -0.84
783.892 -0.841
783.988 -0.842
784.083 -0.843
784.174 -0.844
784.254 -0.845
784.315 -0.846
784.353 -0.847
784.375 -0.848
784.384 -0.849
784.387 -0.85
784.391 -0.851
784.394 -0.852
784.398 -0.853
784.401 -0.854
784.404 -0.855
784.407 -0.856
784.41 -0.857
784.413 -0.858
784.416 -0.859
784.418 -0.86
784.421 -0.861
784.425 -0.862
784.489 -0.863
784.598 -0.864
784.748 -0.865
784.98 -0.866
785.176 -0.867
785.372 -0.868
785.569 -0.869
785.765 -0.87
785.96 -0.871
786.156 -0.872
786.352 -0.873
786.502 -0.874
786.646 -0.875
786.764 -0.876
786.865 -0.877
786.967 -0.878
787.068 -0.879
787.169 -0.88
787.269 -0.881
787.37 -0.882
787.471 -0.883
787.572 -0.884
787.673 -0.885
787.773 -0.886
787.874 -0.887
787.975 -0.888
788.075 -0.889
788.176 -0.89
788.278 -0.891
788.38 -0.892
788.483 -0.893
788.585 -0.894
788.688 -0.895
788.791 -0.896
788.893 -0.897
788.996 -0.898
789.098 -0.899
789.201 -0.9
789.304 -0.901
789.406 -0.902
789.509 -0.903
789.612 -0.904
789.714 -0.905
789.817 -0.906
789.92 -0.907
790.024 -0.908
790.128 -0.909
790.232 -0.91
790.336 -0.911
790.44 -0.912
790.544 -0.913
790.648 -0.914
790.752 -0.915
790.856 -0.916
790.96 -0.917
791.065 -0.918
791.171 -0.919
791.277 -0.92
791.383 -0.921
791.489 -0.922
791.595 -0.923
791.7 -0.924
791.807 -0.925
791.914 -0.926
792.021 -0.927
792.127 -0.928
792.235 -0.929
792.342 -0.93
792.449 -0.931
792.557 -0.932
792.664 -0.933
792.772 -0.934
792.88 -0.935
792.988 -0.936
793.096 -0.937
793.204 -0.938
793.312 -0.939
793.42 -0.94
793.529 -0.941
793.638 -0.942
793.746 -0.943
793.855 -0.944
793.964 -0.945
794.074 -0.946
794.183 -0.947
794.292 -0.948
794.401 -0.949
794.51 -0.95
794.62 -0.951
794.729 -0.952
794.838 -0.953
794.948 -0.954
795.057 -0.955
795.166 -0.956
795.276 -0.957
795.385 -0.958
795.495 -0.959
795.604 -0.96
795.714 -0.961
795.823 -0.962
795.933 -0.963
796.043 -0.964
796.152 -0.965
796.262 -0.966
796.372 -0.967
796.481 -0.968
796.591 -0.969
796.7 -0.97
796.81 -0.971
796.92 -0.972
797.03 -0.973
797.14 -0.974
797.251 -0.975
797.361 -0.976
797.472 -0.977
797.584 -0.978
797.695 -0.979
797.807 -0.98
797.919 -0.981
798.03 -0.982
798.142 -0.983
798.254 -0.984
798.366 -0.985
798.478 -0.986
798.59 -0.987
798.703 -0.988
798.815 -0.989
798.927 -0.99
799.039 -0.991
799.151 -0.992
799.263 -0.993
799.376 -0.994
799.488 -0.995
799.6 -0.996
799.712 -0.997
799.825 -0.998
799.937 -0.999
800.049 -1
800.161 -1.001
800.274 -1.002
800.386 -1.003
800.499 -1.004
800.611 -1.005
800.723 -1.006
800.836 -1.007
800.948 -1.008
801.061 -1.009
801.173 -1.01
801.286 -1.011
801.398 -1.012
801.511 -1.013
801.623 -1.014
801.736 -1.015
801.849 -1.016
801.961 -1.017
802.074 -1.018
802.186 -1.019
802.299 -1.02
802.411 -1.021
802.524 -1.022
802.637 -1.023
802.749 -1.024
802.862 -1.025
802.975 -1.026
803.087 -1.027
803.2 -1.028
803.313 -1.029
803.425 -1.03
803.538 -1.031
803.651 -1.032
803.764 -1.033
803.876 -1.034
803.989 -1.035
804.102 -1.036
804.214 -1.037
804.327 -1.038
804.44 -1.039
804.553 -1.04
804.665 -1.041
804.778 -1.042
804.891 -1.043
805.003 -1.044
805.116 -1.045
805.228 -1.046
805.341 -1.047
805.453 -1.048
805.566 -1.049
805.678 -1.05
805.79 -1.051
805.903 -1.052
806.015 -1.053
806.127 -1.054
806.239 -1.055
806.351 -1.056
806.463 -1.057
806.575 -1.058
806.686 -1.059
806.797 -1.06
806.908 -1.061
807.018 -1.062
807.127 -1.063
807.235 -1.064
807.341 -1.065
807.446 -1.066
807.549 -1.067
807.651 -1.068
807.75 -1.069
807.847 -1.07
807.942 -1.071
808.034 -1.072
808.125 -1.073
808.215 -1.074
808.304 -1.075
808.391 -1.076
808.477 -1.077
808.563 -1.078
808.649 -1.079
808.735 -1.08
808.82 -1.081
808.906 -1.082
808.991 -1.083
809.076 -1.084
809.16 -1.085
809.245 -1.086
809.329 -1.087
809.413 -1.088
809.496 -1.089
809.579 -1.09
809.661 -1.091
809.742 -1.092
809.823 -1.093
809.903 -1.094
809.98 -1.095
810.054 -1.096
810.121 -1.097
810.18 -1.098
810.229 -1.099
810.268 -1.1
810.298 -1.101
810.317 -1.102
810.33 -1.103
810.337 -1.104
810.343 -1.105
810.35 -1.106
810.356 -1.107
810.362 -1.108
810.369 -1.109
810.377 -1.11
810.387 -1.111
810.399 -1.112
810.412 -1.113
810.427 -1.114
810.444 -1.115
810.462 -1.116
810.482 -1.117
810.503 -1.118
810.537 -1.119
810.577 -1.12
810.621 -1.121
810.666 -1.122
810.716 -1.123
810.777 -1.124
810.842 -1.125
810.91 -1.126
810.979 -1.127
811.049 -1.128
811.12 -1.129
811.192 -1.13
811.264 -1.131
811.336 -1.132
811.408 -1.133
811.481 -1.134
811.553 -1.135
811.626 -1.136
811.698 -1.137
811.775 -1.138
811.857 -1.139
811.948 -1.14
812.043 -1.141
812.144 -1.142
812.251 -1.143
812.359 -1.144
812.469 -1.145
812.58 -1.146
812.694 -1.147
812.812 -1.148
812.932 -1.149
813.054 -1.15
813.178 -1.151
813.304 -1.152
813.43 -1.153
813.558 -1.154
813.686 -1.155
813.814 -1.156
813.943 -1.157
814.07 -1.158
814.197 -1.159
814.326 -1.16
814.452 -1.161
814.579 -1.162
814.705 -1.163
814.83 -1.164
814.954 -1.165
815.076 -1.166
815.198 -1.167
815.318 -1.168
815.437 -1.169
815.554 -1.17
815.671 -1.171
815.787 -1.172
815.903 -1.173
816.019 -1.174
816.133 -1.175
816.249 -1.176
816.365 -1.177
816.48 -1.178
816.596 -1.179
816.711 -1.18
816.828 -1.181
816.944 -1.182
817.059 -1.183
817.175 -1.184
817.291 -1.185
817.407 -1.186
817.522 -1.187
817.638 -1.188
817.754 -1.189
817.87 -1.19
817.985 -1.191
818.1 -1.192
818.215 -1.193
818.33 -1.194
818.445 -1.195
818.56 -1.196
818.675 -1.197
818.789 -1.198
818.903 -1.199
819.017 -1.2
819.13 -1.201
819.246 -1.202
819.369 -1.203
819.506 -1.204
819.643 -1.205
819.78 -1.206
819.917 -1.207
820.053 -1.208
820.191 -1.209
820.335 -1.21
820.486 -1.211
820.637 -1.212
820.788 -1.213
820.939 -1.214
821.09 -1.215
821.241 -1.216
821.391 -1.217
821.543 -1.218
821.698 -1.219
821.858 -1.22
822.018 -1.221
822.176 -1.222
822.333 -1.223
822.49 -1.224
822.646 -1.225
822.802 -1.226
822.958 -1.227
823.114 -1.228
823.274 -1.229
823.435 -1.23
823.598 -1.231
823.762 -1.232
823.924 -1.233
824.085 -1.234
824.239 -1.235
824.377 -1.236
824.496 -1.237
824.614 -1.238
824.731 -1.239
824.849 -1.24
824.966 -1.241
825.084 -1.242
825.202 -1.243
825.319 -1.244
825.437 -1.245
825.555 -1.246
825.673 -1.247
825.79 -1.248
825.908 -1.249
826.026 -1.25
826.144 -1.251
826.262 -1.252
826.38 -1.253
826.498 -1.254
826.616 -1.255
826.734 -1.256
826.852 -1.257
826.97 -1.258
827.088 -1.259
827.206 -1.26
827.324 -1.261
827.442 -1.262
827.561 -1.263
827.679 -1.264
827.797 -1.265
827.916 -1.266
828.034 -1.267
828.152 -1.268
828.27 -1.269
828.389 -1.27
828.507 -1.271
828.625 -1.272
828.744 -1.273
828.862 -1.274
828.981 -1.275
829.099 -1.276
829.218 -1.277
829.336 -1.278
829.455 -1.279
829.573 -1.28
829.692 -1.281
829.81 -1.282
829.927 -1.283
830.043 -1.284
830.16 -1.285
830.276 -1.286
830.392 -1.287
830.509 -1.288
830.625 -1.289
830.742 -1.29
830.858 -1.291
830.975 -1.292
831.091 -1.293
831.207 -1.294
831.321 -1.295
831.436 -1.296
831.55 -1.297
831.665 -1.298
831.78 -1.299
831.895 -1.3
832.01 -1.301
832.125 -1.302
832.239 -1.303
832.354 -1.304
832.469 -1.305
832.584 -1.306
832.699 -1.307
832.814 -1.308
832.929 -1.309
833.044 -1.31
833.16 -1.311
833.275 -1.312
833.39 -1.313
833.506 -1.314
833.621 -1.315
833.736 -1.316
833.852 -1.317
833.967 -1.318
834.083 -1.319
834.198 -1.32
834.314 -1.321
834.429 -1.322
834.545 -1.323
834.661 -1.324
834.777 -1.325
834.893 -1.326
835.009 -1.327
835.125 -1.328
835.241 -1.329
835.357 -1.33
835.473 -1.331
835.589 -1.332
835.705 -1.333
835.822 -1.334
835.938 -1.335
836.055 -1.336
836.171 -1.337
836.288 -1.338
836.405 -1.339
836.522 -1.34
836.638 -1.341
836.755 -1.342
836.872 -1.343
836.989 -1.344
837.106 -1.345
837.222 -1.346
837.338 -1.347
837.454 -1.348
837.571 -1.349
837.687 -1.35
837.804 -1.351
837.92 -1.352
838.037 -1.353
838.153 -1.354
838.27 -1.355
838.388 -1.356
838.505 -1.357
838.624 -1.358
838.742 -1.359
838.861 -1.36
838.979 -1.361
839.097 -1.362
839.215 -1.363
839.334 -1.364
839.452 -1.365
839.57 -1.366
839.688 -1.367
839.804 -1.368
839.921 -1.369
840.038 -1.37
840.155 -1.371
840.272 -1.372
840.389 -1.373
840.506 -1.374
840.623 -1.375
840.74 -1.376
840.857 -1.377
840.974 -1.378
841.091 -1.379
841.204 -1.38
841.316 -1.381
841.427 -1.382
841.538 -1.383
841.649 -1.384
841.76 -1.385
841.871 -1.386
841.983 -1.387
842.094 -1.388
842.196 -1.389
842.298 -1.39
842.4 -1.391
842.502 -1.392
842.603 -1.393
842.701 -1.394
842.799 -1.395
842.896 -1.396
842.994 -1.397
843.077 -1.398
843.16 -1.399
843.243 -1.4
843.326 -1.401
843.408 -1.402
843.482 -1.403
843.556 -1.404
843.63 -1.405
843.704 -1.406
843.778 -1.407
843.852 -1.408
843.926 -1.409
844 -1.41
844.084 -1.411
844.188 -1.412
844.29 -1.413
844.391 -1.414
844.492 -1.415
844.593 -1.416
844.694 -1.417
844.794 -1.418
844.896 -1.419
844.997 -1.42
845.094 -1.421
845.195 -1.422
845.306 -1.423
845.32 -1.424
845.398 -1.425
845.517 -1.426
845.63 -1.427
845.74 -1.428
845.78 -1.429
845.86 -1.43
845.939 -1.431
846.016 -1.432
846.1 -1.433
846.184 -1.434
846.269 -1.435
846.365 -1.436
846.463 -1.437
846.595 -1.438
846.734 -1.439
846.875 -1.44
847.015 -1.441
847.167 -1.442
847.32 -1.443
847.483 -1.444
847.648 -1.445
847.803 -1.446
847.959 -1.447
848.115 -1.448
848.267 -1.449
848.408 -1.45
848.542 -1.451
848.676 -1.452
848.81 -1.453
848.944 -1.454
849.068 -1.455
849.192 -1.456
849.315 -1.457
849.435 -1.458
849.557 -1.459
849.68 -1.46
849.801 -1.461
849.922 -1.462
850.042 -1.463
850.163 -1.464
850.283 -1.465
850.403 -1.466
850.523 -1.467
850.642 -1.468
850.762 -1.469
850.881 -1.47
850.999 -1.471
851.117 -1.472
851.235 -1.473
851.353 -1.474
851.47 -1.475
851.587 -1.476
851.705 -1.477
851.822 -1.478
851.927 -1.479
852.056 -1.48
852.167 -1.481
852.286 -1.482
852.404 -1.483
852.521 -1.484
852.638 -1.485
852.755 -1.486
852.872 -1.487
852.989 -1.488
853.107 -1.489
853.224 -1.49
853.341 -1.491
853.458 -1.492
853.575 -1.493
853.687 -1.494
853.802 -1.495
853.919 -1.496
854.036 -1.497
854.153 -1.498
854.27 -1.499
854.387 -1.5
