8.67832 -0.001
17.3352 -0.002
25.9703 -0.003
34.5832 -0.004
43.1735 -0.005
51.7407 -0.006
60.2843 -0.007
68.804 -0.008
77.2992 -0.009
85.7695 -0.01
94.2142 -0.011
102.633 -0.012
111.025 -0.013
119.39 -0.014
127.727 -0.015
136.035 -0.016
144.315 -0.017
152.564 -0.018
160.782 -0.019
168.97 -0.02
177.124 -0.021
185.246 -0.022
193.308 -0.023
200.772 -0.024
206.653 -0.025
210.513 -0.026
213.838 -0.027
216.556 -0.028
218.674 -0.029
220.754 -0.03
222.798 -0.031
224.802 -0.032
226.775 -0.033
228.722 -0.034
230.652 -0.035
232.567 -0.036
234.469 -0.037
236.358 -0.038
238.237 -0.039
240.105 -0.04
241.957 -0.041
243.796 -0.042
245.621 -0.043
247.438 -0.044
249.244 -0.045
251.03 -0.046
252.737 -0.047
254.27 -0.048
255.531 -0.049
256.355 -0.05
257.093 -0.051
257.818 -0.052
258.529 -0.053
259.223 -0.054
259.896 -0.055
260.536 -0.056
261.138 -0.057
261.681 -0.058
262.161 -0.059
262.562 -0.06
262.832 -0.061
262.994 -0.062
263.14 -0.063
263.281 -0.064
263.419 -0.065
263.555 -0.066
263.69 -0.067
263.823 -0.068
263.955 -0.069
264.087 -0.07
264.217 -0.071
264.347 -0.072
264.476 -0.073
264.603 -0.074
264.729 -0.075
264.854 -0.076
264.977 -0.077
265.099 -0.078
265.219 -0.079
265.338 -0.08
265.455 -0.081
265.571 -0.082
265.686 -0.083
265.798 -0.084
265.909 -0.085
266.018 -0.086
266.126 -0.087
266.233 -0.088
266.338 -0.089
266.441 -0.09
266.543 -0.091
266.642 -0.092
266.741 -0.093
266.838 -0.094
266.935 -0.095
267.031 -0.096
267.126 -0.097
267.22 -0.098
267.314 -0.099
267.407 -0.1
267.499 -0.101
267.591 -0.102
267.682 -0.103
267.772 -0.104
267.863 -0.105
267.953 -0.106
268.042 -0.107
268.131 -0.108
268.219 -0.109
268.308 -0.11
268.396 -0.111
268.484 -0.112
268.572 -0.113
268.659 -0.114
268.747 -0.115
268.834 -0.116
268.921 -0.117
269.007 -0.118
269.094 -0.119
269.179 -0.12
269.265 -0.121
269.351 -0.122
269.437 -0.123
269.522 -0.124
269.607 -0.125
269.691 -0.126
269.776 -0.127
269.86 -0.128
269.944 -0.129
270.028 -0.13
270.111 -0.131
270.195 -0.132
270.278 -0.133
270.361 -0.134
270.444 -0.135
270.526 -0.136
270.609 -0.137
270.691 -0.138
270.773 -0.139
270.854 -0.14
270.936 -0.141
271.017 -0.142
271.098 -0.143
271.178 -0.144
271.259 -0.145
271.34 -0.146
271.42 -0.147
271.5 -0.148
271.579 -0.149
271.658 -0.15
271.738 -0.151
271.817 -0.152
271.896 -0.153
271.975 -0.154
272.053 -0.155
272.132 -0.156
272.21 -0.157
272.288 -0.158
272.366 -0.159
272.444 -0.16
272.522 -0.161
272.6 -0.162
272.678 -0.163
272.755 -0.164
272.832 -0.165
272.909 -0.166
272.986 -0.167
273.062 -0.168
273.139 -0.169
273.215 -0.17
273.292 -0.171
273.368 -0.172
273.444 -0.173
273.52 -0.174
273.596 -0.175
273.672 -0.176
273.748 -0.177
273.824 -0.178
273.9 -0.179
273.975 -0.18
274.05 -0.181
274.126 -0.182
274.201 -0.183
274.276 -0.184
274.351 -0.185
274.426 -0.186
274.5 -0.187
274.575 -0.188
274.65 -0.189
274.724 -0.19
274.798 -0.191
274.873 -0.192
274.947 -0.193
275.021 -0.194
275.095 -0.195
275.169 -0.196
275.243 -0.197
275.317 -0.198
275.391 -0.199
275.465 -0.2
275.538 -0.201
275.612 -0.202
275.685 -0.203
275.759 -0.204
275.832 -0.205
275.905 -0.206
275.979 -0.207
276.052 -0.208
276.125 -0.209
276.198 -0.21
276.271 -0.211
276.344 -0.212
276.417 -0.213
276.49 -0.214
276.563 -0.215
276.635 -0.216
276.708 -0.217
276.781 -0.218
276.854 -0.219
276.926 -0.22
276.999 -0.221
277.071 -0.222
277.144 -0.223
277.216 -0.224
277.289 -0.225
277.361 -0.226
277.433 -0.227
277.506 -0.228
277.578 -0.229
277.65 -0.23
277.722 -0.231
277.794 -0.232
277.866 -0.233
277.937 -0.234
278.009 -0.235
278.081 -0.236
278.153 -0.237
278.224 -0.238
278.296 -0.239
278.367 -0.24
278.438 -0.241
278.51 -0.242
278.581 -0.243
278.652 -0.244
278.723 -0.245
278.795 -0.246
278.866 -0.247
278.937 -0.248
279.008 -0.249
279.079 -0.25
279.15 -0.251
279.221 -0.252
279.292 -0.253
279.363 -0.254
279.434 -0.255
279.505 -0.256
279.575 -0.257
279.646 -0.258
279.717 -0.259
279.787 -0.26
279.858 -0.261
279.928 -0.262
279.999 -0.263
280.07 -0.264
280.14 -0.265
280.211 -0.266
280.281 -0.267
280.352 -0.268
280.422 -0.269
280.492 -0.27
280.562 -0.271
280.632 -0.272
280.702 -0.273
280.772 -0.274
280.842 -0.275
280.912 -0.276
280.982 -0.277
281.052 -0.278
281.121 -0.279
281.191 -0.28
281.26 -0.281
281.33 -0.282
281.399 -0.283
281.469 -0.284
281.538 -0.285
281.607 -0.286
281.676 -0.287
281.746 -0.288
281.815 -0.289
281.884 -0.29
281.953 -0.291
282.022 -0.292
282.091 -0.293
282.16 -0.294
282.229 -0.295
282.297 -0.296
282.366 -0.297
282.435 -0.298
282.504 -0.299
282.572 -0.3
282.641 -0.301
282.709 -0.302
282.778 -0.303
282.847 -0.304
282.915 -0.305
282.984 -0.306
283.052 -0.307
283.121 -0.308
283.189 -0.309
283.258 -0.31
283.326 -0.311
283.394 -0.312
283.463 -0.313
283.531 -0.314
283.6 -0.315
283.668 -0.316
283.736 -0.317
283.805 -0.318
283.873 -0.319
283.941 -0.32
284.01 -0.321
284.078 -0.322
284.146 -0.323
284.214 -0.324
284.283 -0.325
284.351 -0.326
284.419 -0.327
284.487 -0.328
284.555 -0.329
284.623 -0.33
284.691 -0.331
284.759 -0.332
284.827 -0.333
284.895 -0.334
284.963 -0.335
285.031 -0.336
285.099 -0.337
285.167 -0.338
285.235 -0.339
285.303 -0.34
285.371 -0.341
285.438 -0.342
285.506 -0.343
285.574 -0.344
285.641 -0.345
285.709 -0.346
285.776 -0.347
285.844 -0.348
285.912 -0.349
285.979 -0.35
286.047 -0.351
286.114 -0.352
286.182 -0.353
286.25 -0.354
286.317 -0.355
286.385 -0.356
286.452 -0.357
286.52 -0.358
286.588 -0.359
286.655 -0.36
286.723 -0.361
286.791 -0.362
286.858 -0.363
286.926 -0.364
286.993 -0.365
287.061 -0.366
287.129 -0.367
287.196 -0.368
287.264 -0.369
287.332 -0.37
287.399 -0.371
287.467 -0.372
287.535 -0.373
287.602 -0.374
287.67 -0.375
287.738 -0.376
287.806 -0.377
287.873 -0.378
287.941 -0.379
288.009 -0.38
288.077 -0.381
288.145 -0.382
288.213 -0.383
288.281 -0.384
288.349 -0.385
288.417 -0.386
288.484 -0.387
288.552 -0.388
288.62 -0.389
288.688 -0.39
288.756 -0.391
288.824 -0.392
288.892 -0.393
288.959 -0.394
289.027 -0.395
289.095 -0.396
289.162 -0.397
289.23 -0.398
289.298 -0.399
289.366 -0.4
289.433 -0.401
289.501 -0.402
289.569 -0.403
289.637 -0.404
289.705 -0.405
289.772 -0.406
289.84 -0.407
289.908 -0.408
289.976 -0.409
290.044 -0.41
290.112 -0.411
290.18 -0.412
290.248 -0.413
290.316 -0.414
290.384 -0.415
290.451 -0.416
290.519 -0.417
290.587 -0.418
290.655 -0.419
290.723 -0.42
290.791 -0.421
290.859 -0.422
290.927 -0.423
290.995 -0.424
291.063 -0.425
291.132 -0.426
291.2 -0.427
291.268 -0.428
291.336 -0.429
291.404 -0.43
291.472 -0.431
291.54 -0.432
291.608 -0.433
291.677 -0.434
291.745 -0.435
291.813 -0.436
291.881 -0.437
291.949 -0.438
292.017 -0.439
292.085 -0.44
292.154 -0.441
292.222 -0.442
292.29 -0.443
292.358 -0.444
292.427 -0.445
292.495 -0.446
292.563 -0.447
292.632 -0.448
292.7 -0.449
292.768 -0.45
292.837 -0.451
292.905 -0.452
292.974 -0.453
293.042 -0.454
293.111 -0.455
293.179 -0.456
293.248 -0.457
293.316 -0.458
293.385 -0.459
293.454 -0.46
293.522 -0.461
293.591 -0.462
293.66 -0.463
293.728 -0.464
293.797 -0.465
293.866 -0.466
293.935 -0.467
294.004 -0.468
294.073 -0.469
294.141 -0.47
294.21 -0.471
294.279 -0.472
294.348 -0.473
294.417 -0.474
294.486 -0.475
294.555 -0.476
294.624 -0.477
294.694 -0.478
294.763 -0.479
294.832 -0.48
294.901 -0.481
294.97 -0.482
295.04 -0.483
295.109 -0.484
295.178 -0.485
295.248 -0.486
295.317 -0.487
295.387 -0.488
295.456 -0.489
295.525 -0.49
295.595 -0.491
295.664 -0.492
295.733 -0.493
295.802 -0.494
295.872 -0.495
295.941 -0.496
296.01 -0.497
296.08 -0.498
296.149 -0.499
296.219 -0.5
296.288 -0.501
296.358 -0.502
296.427 -0.503
296.497 -0.504
296.566 -0.505
296.636 -0.506
296.706 -0.507
296.776 -0.508
296.845 -0.509
296.915 -0.51
296.985 -0.511
297.055 -0.512
297.125 -0.513
297.195 -0.514
297.265 -0.515
297.335 -0.516
297.405 -0.517
297.475 -0.518
297.545 -0.519
297.615 -0.52
297.685 -0.521
297.755 -0.522
297.825 -0.523
297.895 -0.524
297.966 -0.525
298.036 -0.526
298.106 -0.527
298.177 -0.528
298.247 -0.529
298.318 -0.53
298.388 -0.531
298.459 -0.532
298.529 -0.533
298.6 -0.534
298.671 -0.535
298.741 -0.536
298.812 -0.537
298.883 -0.538
298.954 -0.539
299.024 -0.54
299.095 -0.541
299.166 -0.542
299.237 -0.543
299.308 -0.544
299.379 -0.545
299.45 -0.546
299.521 -0.547
299.592 -0.548
299.663 -0.549
299.734 -0.55
299.805 -0.551
299.876 -0.552
299.948 -0.553
300.019 -0.554
300.09 -0.555
300.162 -0.556
300.233 -0.557
300.305 -0.558
300.376 -0.559
300.448 -0.56
300.519 -0.561
300.591 -0.562
300.662 -0.563
300.734 -0.564
300.806 -0.565
300.878 -0.566
300.949 -0.567
301.021 -0.568
301.093 -0.569
301.165 -0.57
301.237 -0.571
301.309 -0.572
301.381 -0.573
301.453 -0.574
301.525 -0.575
301.597 -0.576
301.67 -0.577
301.742 -0.578
301.814 -0.579
301.886 -0.58
301.958 -0.581
302.031 -0.582
302.103 -0.583
302.175 -0.584
302.248 -0.585
302.32 -0.586
302.393 -0.587
302.465 -0.588
302.538 -0.589
302.611 -0.59
302.683 -0.591
302.756 -0.592
302.829 -0.593
302.902 -0.594
302.975 -0.595
303.048 -0.596
303.12 -0.597
303.193 -0.598
303.266 -0.599
303.34 -0.6
303.413 -0.601
303.486 -0.602
303.559 -0.603
303.632 -0.604
303.705 -0.605
303.778 -0.606
303.852 -0.607
303.925 -0.608
303.998 -0.609
304.072 -0.61
304.145 -0.611
304.218 -0.612
304.292 -0.613
304.365 -0.614
304.439 -0.615
304.513 -0.616
304.586 -0.617
304.66 -0.618
304.734 -0.619
304.808 -0.62
304.882 -0.621
304.956 -0.622
305.03 -0.623
305.104 -0.624
305.177 -0.625
305.251 -0.626
305.324 -0.627
305.398 -0.628
305.471 -0.629
305.545 -0.63
305.618 -0.631
305.692 -0.632
305.765 -0.633
305.839 -0.634
305.912 -0.635
305.986 -0.636
306.059 -0.637
306.133 -0.638
306.207 -0.639
306.28 -0.64
306.354 -0.641
306.428 -0.642
306.501 -0.643
306.575 -0.644
306.649 -0.645
306.723 -0.646
306.796 -0.647
306.87 -0.648
306.944 -0.649
307.018 -0.65
307.092 -0.651
307.166 -0.652
307.239 -0.653
307.313 -0.654
307.386 -0.655
307.46 -0.656
307.533 -0.657
307.607 -0.658
307.68 -0.659
307.754 -0.66
307.827 -0.661
307.901 -0.662
307.974 -0.663
308.047 -0.664
308.12 -0.665
308.193 -0.666
308.266 -0.667
308.339 -0.668
308.412 -0.669
308.485 -0.67
308.558 -0.671
308.631 -0.672
308.705 -0.673
308.778 -0.674
308.852 -0.675
308.926 -0.676
309 -0.677
309.073 -0.678
309.147 -0.679
309.221 -0.68
309.295 -0.681
309.368 -0.682
309.442 -0.683
309.515 -0.684
309.587 -0.685
309.66 -0.686
309.733 -0.687
309.807 -0.688
309.88 -0.689
309.953 -0.69
310.026 -0.691
310.1 -0.692
310.174 -0.693
310.248 -0.694
310.322 -0.695
310.396 -0.696
310.471 -0.697
310.545 -0.698
310.619 -0.699
310.693 -0.7
310.767 -0.701
310.841 -0.702
310.916 -0.703
310.991 -0.704
311.065 -0.705
311.14 -0.706
311.215 -0.707
311.29 -0.708
311.365 -0.709
311.44 -0.71
311.516 -0.711
311.591 -0.712
311.666 -0.713
311.742 -0.714
311.817 -0.715
311.892 -0.716
311.95 -0.717
312.022 -0.718
312.094 -0.719
312.166 -0.72
312.235 -0.721
312.303 -0.722
312.377 -0.723
312.456 -0.724
312.534 -0.725
312.613 -0.726
312.687 -0.727
312.765 -0.728
312.849 -0.729
312.933 -0.73
313.013 -0.731
313.09 -0.732
313.168 -0.733
313.245 -0.734
313.323 -0.735
313.4 -0.736
313.478 -0.737
313.556 -0.738
313.634 -0.739
313.712 -0.74
313.79 -0.741
313.868 -0.742
313.947 -0.743
314.025 -0.744
314.104 -0.745
314.182 -0.746
314.261 -0.747
314.34 -0.748
314.418 -0.749
314.497 -0.75
314.576 -0.751
314.654 -0.752
314.732 -0.753
314.81 -0.754
314.888 -0.755
314.966 -0.756
315.044 -0.757
315.122 -0.758
315.2 -0.759
315.278 -0.76
315.356 -0.761
315.434 -0.762
315.512 -0.763
315.59 -0.764
315.667 -0.765
315.745 -0.766
315.822 -0.767
315.899 -0.768
315.976 -0.769
316.052 -0.77
316.128 -0.771
316.202 -0.772
316.275 -0.773
316.346 -0.774
316.416 -0.775
316.442 -0.776
316.466 -0.777
316.48 -0.778
316.468 -0.779
316.452 -0.78
316.437 -0.781
316.421 -0.782
316.406 -0.783
316.391 -0.784
316.375 -0.785
316.36 -0.786
316.345 -0.787
316.33 -0.788
316.315 -0.789
316.3 -0.79
316.285 -0.791
316.281 -0.792
316.292 -0.793
316.32 -0.794
316.361 -0.795
316.416 -0.796
316.489 -0.797
316.563 -0.798
316.637 -0.799
316.711 -0.8
