12.6013 -0.001
25.1814 -0.002
37.7399 -0.003
50.2768 -0.004
62.7919 -0.005
75.285 -0.006
87.756 -0.007
100.205 -0.008
112.631 -0.009
125.035 -0.01
137.415 -0.011
149.773 -0.012
162.108 -0.013
174.419 -0.014
186.706 -0.015
198.97 -0.016
211.21 -0.017
223.426 -0.018
235.617 -0.019
247.783 -0.02
259.925 -0.021
272.041 -0.022
284.132 -0.023
296.198 -0.024
308.237 -0.025
320.251 -0.026
332.238 -0.027
344.198 -0.028
356.131 -0.029
368.037 -0.03
379.916 -0.031
391.766 -0.032
403.573 -0.033
414.862 -0.034
424.355 -0.035
430.86 -0.036
436.077 -0.037
441.192 -0.038
446.257 -0.039
451.288 -0.04
456.274 -0.041
461.221 -0.042
466.146 -0.043
471.05 -0.044
475.944 -0.045
480.832 -0.046
485.725 -0.047
490.615 -0.048
495.495 -0.049
500.362 -0.05
505.22 -0.051
510.068 -0.052
514.879 -0.053
519.591 -0.054
524.168 -0.055
528.531 -0.056
532.623 -0.057
536.253 -0.058
539.746 -0.059
543.178 -0.06
546.534 -0.061
549.74 -0.062
552.78 -0.063
555.583 -0.064
558.12 -0.065
560.403 -0.066
562.418 -0.067
564.005 -0.068
565.126 -0.069
566.094 -0.07
567.048 -0.071
567.984 -0.072
568.908 -0.073
569.819 -0.074
570.716 -0.075
571.596 -0.076
572.461 -0.077
573.308 -0.078
574.137 -0.079
574.95 -0.08
575.747 -0.081
576.526 -0.082
577.293 -0.083
578.037 -0.084
578.769 -0.085
579.487 -0.086
580.189 -0.087
580.882 -0.088
581.56 -0.089
582.225 -0.09
582.879 -0.091
583.517 -0.092
584.148 -0.093
584.768 -0.094
585.377 -0.095
585.976 -0.096
586.565 -0.097
587.142 -0.098
587.709 -0.099
588.267 -0.1
588.811 -0.101
589.345 -0.102
589.872 -0.103
590.387 -0.104
590.897 -0.105
591.401 -0.106
591.897 -0.107
592.386 -0.108
592.859 -0.109
593.325 -0.11
593.784 -0.111
594.231 -0.112
594.664 -0.113
595.094 -0.114
595.519 -0.115
595.932 -0.116
596.336 -0.117
596.735 -0.118
597.13 -0.119
597.514 -0.12
597.887 -0.121
598.255 -0.122
598.619 -0.123
598.978 -0.124
599.321 -0.125
599.66 -0.126
599.996 -0.127
600.32 -0.128
600.634 -0.129
600.945 -0.13
601.25 -0.131
601.538 -0.132
601.821 -0.133
602.101 -0.134
602.37 -0.135
602.626 -0.136
602.878 -0.137
603.125 -0.138
603.367 -0.139
603.605 -0.14
603.839 -0.141
604.07 -0.142
604.295 -0.143
604.517 -0.144
604.735 -0.145
604.948 -0.146
605.157 -0.147
605.361 -0.148
605.561 -0.149
605.757 -0.15
605.95 -0.151
606.138 -0.152
606.321 -0.153
606.501 -0.154
606.678 -0.155
606.851 -0.156
607.021 -0.157
607.185 -0.158
607.342 -0.159
607.496 -0.16
607.645 -0.161
607.79 -0.162
607.927 -0.163
608.062 -0.164
608.194 -0.165
608.322 -0.166
608.446 -0.167
608.566 -0.168
608.681 -0.169
608.793 -0.17
608.905 -0.171
609.016 -0.172
609.125 -0.173
609.23 -0.174
609.328 -0.175
609.424 -0.176
609.516 -0.177
609.605 -0.178
609.692 -0.179
609.777 -0.18
609.861 -0.181
609.943 -0.182
610.023 -0.183
610.1 -0.184
610.174 -0.185
610.247 -0.186
610.317 -0.187
610.385 -0.188
610.451 -0.189
610.514 -0.19
610.574 -0.191
610.634 -0.192
610.694 -0.193
610.751 -0.194
610.805 -0.195
610.858 -0.196
610.908 -0.197
610.957 -0.198
611.002 -0.199
611.045 -0.2
611.085 -0.201
611.123 -0.202
611.159 -0.203
611.195 -0.204
611.229 -0.205
611.261 -0.206
611.29 -0.207
611.317 -0.208
611.341 -0.209
611.363 -0.21
611.382 -0.211
611.399 -0.212
611.413 -0.213
611.425 -0.214
611.435 -0.215
611.441 -0.216
611.445 -0.217
611.445 -0.218
611.443 -0.219
611.438 -0.22
611.429 -0.221
611.417 -0.222
611.402 -0.223
611.384 -0.224
611.362 -0.225
611.337 -0.226
611.308 -0.227
611.275 -0.228
611.238 -0.229
611.197 -0.23
611.152 -0.231
611.106 -0.232
611.059 -0.233
611.009 -0.234
610.956 -0.235
610.899 -0.236
610.838 -0.237
610.773 -0.238
610.704 -0.239
610.63 -0.24
610.554 -0.241
610.477 -0.242
610.399 -0.243
610.316 -0.244
610.229 -0.245
610.137 -0.246
610.038 -0.247
609.934 -0.248
609.827 -0.249
609.721 -0.25
609.614 -0.251
609.499 -0.252
609.379 -0.253
609.254 -0.254
609.123 -0.255
608.988 -0.256
608.856 -0.257
608.723 -0.258
608.586 -0.259
608.445 -0.26
608.299 -0.261
608.147 -0.262
607.996 -0.263
607.85 -0.264
607.708 -0.265
607.57 -0.266
607.428 -0.267
607.282 -0.268
607.131 -0.269
606.98 -0.27
606.832 -0.271
606.685 -0.272
606.536 -0.273
606.384 -0.274
606.227 -0.275
606.068 -0.276
605.906 -0.277
605.745 -0.278
605.586 -0.279
605.425 -0.28
605.261 -0.281
605.094 -0.282
604.925 -0.283
604.754 -0.284
604.58 -0.285
604.404 -0.286
604.225 -0.287
604.043 -0.288
603.864 -0.289
603.688 -0.29
603.511 -0.291
603.333 -0.292
603.151 -0.293
602.966 -0.294
602.778 -0.295
602.587 -0.296
602.393 -0.297
602.202 -0.298
602.016 -0.299
601.829 -0.3
601.639 -0.301
601.445 -0.302
601.247 -0.303
601.044 -0.304
600.841 -0.305
600.641 -0.306
600.445 -0.307
600.25 -0.308
600.057 -0.309
599.866 -0.31
599.671 -0.311
599.473 -0.312
599.277 -0.313
599.085 -0.314
598.892 -0.315
598.695 -0.316
598.495 -0.317
598.298 -0.318
598.106 -0.319
597.917 -0.32
597.728 -0.321
597.538 -0.322
597.349 -0.323
597.159 -0.324
596.969 -0.325
596.778 -0.326
596.587 -0.327
596.4 -0.328
596.219 -0.329
596.042 -0.33
595.862 -0.331
595.679 -0.332
595.493 -0.333
595.304 -0.334
595.112 -0.335
594.917 -0.336
594.722 -0.337
594.529 -0.338
594.341 -0.339
594.151 -0.34
593.959 -0.341
593.765 -0.342
593.567 -0.343
593.368 -0.344
593.164 -0.345
592.963 -0.346
592.764 -0.347
592.571 -0.348
592.375 -0.349
592.178 -0.35
591.979 -0.351
591.778 -0.352
591.574 -0.353
591.369 -0.354
591.163 -0.355
590.959 -0.356
590.759 -0.357
590.559 -0.358
590.358 -0.359
590.162 -0.36
589.965 -0.361
589.772 -0.362
589.579 -0.363
589.389 -0.364
589.199 -0.365
589.011 -0.366
588.824 -0.367
588.638 -0.368
588.454 -0.369
588.272 -0.37
588.095 -0.371
587.917 -0.372
587.74 -0.373
587.561 -0.374
587.383 -0.375
587.203 -0.376
587.022 -0.377
586.84 -0.378
586.657 -0.379
586.472 -0.38
586.287 -0.381
586.099 -0.382
585.91 -0.383
585.72 -0.384
585.528 -0.385
585.333 -0.386
585.135 -0.387
584.934 -0.388
584.73 -0.389
584.523 -0.39
584.314 -0.391
584.103 -0.392
583.888 -0.393
583.67 -0.394
583.45 -0.395
583.228 -0.396
583.002 -0.397
582.774 -0.398
582.544 -0.399
582.311 -0.4
582.076 -0.401
581.843 -0.402
581.617 -0.403
581.392 -0.404
581.167 -0.405
580.948 -0.406
580.741 -0.407
580.534 -0.408
580.327 -0.409
580.118 -0.41
579.912 -0.411
579.715 -0.412
579.519 -0.413
579.326 -0.414
579.143 -0.415
578.963 -0.416
578.786 -0.417
578.613 -0.418
578.439 -0.419
578.267 -0.42
578.099 -0.421
577.935 -0.422
577.775 -0.423
577.616 -0.424
577.462 -0.425
577.313 -0.426
577.165 -0.427
577.02 -0.428
576.878 -0.429
576.737 -0.43
576.597 -0.431
576.459 -0.432
576.323 -0.433
576.189 -0.434
576.054 -0.435
575.92 -0.436
575.79 -0.437
575.661 -0.438
575.532 -0.439
575.405 -0.44
575.28 -0.441
575.155 -0.442
575.032 -0.443
574.91 -0.444
574.788 -0.445
574.665 -0.446
574.544 -0.447
574.423 -0.448
574.303 -0.449
574.183 -0.45
574.064 -0.451
573.944 -0.452
573.826 -0.453
573.71 -0.454
573.595 -0.455
573.48 -0.456
573.366 -0.457
573.253 -0.458
573.141 -0.459
573.028 -0.46
572.916 -0.461
572.804 -0.462
572.693 -0.463
572.58 -0.464
572.468 -0.465
572.358 -0.466
572.246 -0.467
572.135 -0.468
572.023 -0.469
571.913 -0.47
571.802 -0.471
571.692 -0.472
571.582 -0.473
571.471 -0.474
571.362 -0.475
571.253 -0.476
571.145 -0.477
571.038 -0.478
570.932 -0.479
570.828 -0.48
570.723 -0.481
570.622 -0.482
570.521 -0.483
570.42 -0.484
570.321 -0.485
570.223 -0.486
570.126 -0.487
570.029 -0.488
569.935 -0.489
569.841 -0.49
569.748 -0.491
569.655 -0.492
569.562 -0.493
569.47 -0.494
569.378 -0.495
569.287 -0.496
569.196 -0.497
569.105 -0.498
569.015 -0.499
568.925 -0.5
568.836 -0.501
568.747 -0.502
568.659 -0.503
568.571 -0.504
568.483 -0.505
568.396 -0.506
568.31 -0.507
568.224 -0.508
568.138 -0.509
568.053 -0.51
567.968 -0.511
567.884 -0.512
567.8 -0.513
567.717 -0.514
567.634 -0.515
567.551 -0.516
567.47 -0.517
567.388 -0.518
567.307 -0.519
567.227 -0.52
567.147 -0.521
567.068 -0.522
566.989 -0.523
566.911 -0.524
566.833 -0.525
566.756 -0.526
566.679 -0.527
566.603 -0.528
566.527 -0.529
566.452 -0.53
566.378 -0.531
566.305 -0.532
566.233 -0.533
566.161 -0.534
566.09 -0.535
566.019 -0.536
565.95 -0.537
565.88 -0.538
565.811 -0.539
565.744 -0.54
565.678 -0.541
565.612 -0.542
565.547 -0.543
565.483 -0.544
565.418 -0.545
565.355 -0.546
565.292 -0.547
565.231 -0.548
565.171 -0.549
565.111 -0.55
565.052 -0.551
564.993 -0.552
564.936 -0.553
564.878 -0.554
564.822 -0.555
564.767 -0.556
564.712 -0.557
564.659 -0.558
564.606 -0.559
564.554 -0.56
564.502 -0.561
564.451 -0.562
564.401 -0.563
564.352 -0.564
564.304 -0.565
564.257 -0.566
564.211 -0.567
564.165 -0.568
564.12 -0.569
564.075 -0.57
564.032 -0.571
563.989 -0.572
563.948 -0.573
563.908 -0.574
563.868 -0.575
563.829 -0.576
563.79 -0.577
563.753 -0.578
563.715 -0.579
563.679 -0.58
563.644 -0.581
563.609 -0.582
563.574 -0.583
563.541 -0.584
563.508 -0.585
563.476 -0.586
563.445 -0.587
563.415 -0.588
563.385 -0.589
563.356 -0.59
563.328 -0.591
563.3 -0.592
563.274 -0.593
563.248 -0.594
563.222 -0.595
563.198 -0.596
563.174 -0.597
563.152 -0.598
563.13 -0.599
563.108 -0.6
563.088 -0.601
563.068 -0.602
563.049 -0.603
563.031 -0.604
563.014 -0.605
562.998 -0.606
562.982 -0.607
562.967 -0.608
562.953 -0.609
562.94 -0.61
562.928 -0.611
562.917 -0.612
562.906 -0.613
562.896 -0.614
562.887 -0.615
562.88 -0.616
562.874 -0.617
562.868 -0.618
562.864 -0.619
562.86 -0.62
562.858 -0.621
562.857 -0.622
562.857 -0.623
562.858 -0.624
562.86 -0.625
562.863 -0.626
562.867 -0.627
562.873 -0.628
562.879 -0.629
562.886 -0.63
562.895 -0.631
562.905 -0.632
562.916 -0.633
562.928 -0.634
562.94 -0.635
562.954 -0.636
562.97 -0.637
562.987 -0.638
563.004 -0.639
563.022 -0.64
563.042 -0.641
563.063 -0.642
563.085 -0.643
563.108 -0.644
563.132 -0.645
563.156 -0.646
563.182 -0.647
563.209 -0.648
563.236 -0.649
563.265 -0.65
563.294 -0.651
563.325 -0.652
563.356 -0.653
563.389 -0.654
563.422 -0.655
563.457 -0.656
563.492 -0.657
563.529 -0.658
563.566 -0.659
563.605 -0.66
563.644 -0.661
563.684 -0.662
563.726 -0.663
563.768 -0.664
563.812 -0.665
563.856 -0.666
563.902 -0.667
563.948 -0.668
563.996 -0.669
564.044 -0.67
564.094 -0.671
564.145 -0.672
564.197 -0.673
564.249 -0.674
564.303 -0.675
564.358 -0.676
564.414 -0.677
564.47 -0.678
564.528 -0.679
564.586 -0.68
564.645 -0.681
564.705 -0.682
564.767 -0.683
564.829 -0.684
564.893 -0.685
564.957 -0.686
565.023 -0.687
565.089 -0.688
565.157 -0.689
565.226 -0.69
565.296 -0.691
565.367 -0.692
565.439 -0.693
565.512 -0.694
565.587 -0.695
565.662 -0.696
565.738 -0.697
565.814 -0.698
565.891 -0.699
565.969 -0.7
566.048 -0.701
566.128 -0.702
566.209 -0.703
566.292 -0.704
566.375 -0.705
566.46 -0.706
566.546 -0.707
566.633 -0.708
566.721 -0.709
566.807 -0.71
566.89 -0.711
566.971 -0.712
567.052 -0.713
567.134 -0.714
567.217 -0.715
567.302 -0.716
567.387 -0.717
567.47 -0.718
567.552 -0.719
567.634 -0.72
567.716 -0.721
567.8 -0.722
567.885 -0.723
567.969 -0.724
568.05 -0.725
568.129 -0.726
568.209 -0.727
568.289 -0.728
568.371 -0.729
568.454 -0.73
568.537 -0.731
568.622 -0.732
568.708 -0.733
568.795 -0.734
568.883 -0.735
568.972 -0.736
569.062 -0.737
569.153 -0.738
569.245 -0.739
569.338 -0.74
569.432 -0.741
569.527 -0.742
569.623 -0.743
569.721 -0.744
569.819 -0.745
569.919 -0.746
570.019 -0.747
570.121 -0.748
570.224 -0.749
570.327 -0.75
570.432 -0.751
570.538 -0.752
570.645 -0.753
570.754 -0.754
570.863 -0.755
570.973 -0.756
571.085 -0.757
571.198 -0.758
571.311 -0.759
571.426 -0.76
571.542 -0.761
571.659 -0.762
571.778 -0.763
571.897 -0.764
572.018 -0.765
572.139 -0.766
572.262 -0.767
572.386 -0.768
572.511 -0.769
572.638 -0.77
572.765 -0.771
572.894 -0.772
573.024 -0.773
573.155 -0.774
573.287 -0.775
573.42 -0.776
573.555 -0.777
573.691 -0.778
573.828 -0.779
573.966 -0.78
574.105 -0.781
574.245 -0.782
574.387 -0.783
574.53 -0.784
574.674 -0.785
574.82 -0.786
574.966 -0.787
575.114 -0.788
575.263 -0.789
575.414 -0.79
575.565 -0.791
575.718 -0.792
575.872 -0.793
576.027 -0.794
576.184 -0.795
576.342 -0.796
576.501 -0.797
576.661 -0.798
576.823 -0.799
576.986 -0.8
577.15 -0.801
577.316 -0.802
577.482 -0.803
577.65 -0.804
577.82 -0.805
577.991 -0.806
578.162 -0.807
578.336 -0.808
578.51 -0.809
578.686 -0.81
578.863 -0.811
579.042 -0.812
579.222 -0.813
579.403 -0.814
579.585 -0.815
579.769 -0.816
579.954 -0.817
580.141 -0.818
580.329 -0.819
580.518 -0.82
580.708 -0.821
580.9 -0.822
581.093 -0.823
581.288 -0.824
581.484 -0.825
581.681 -0.826
581.879 -0.827
582.079 -0.828
582.28 -0.829
582.483 -0.83
582.687 -0.831
582.892 -0.832
583.099 -0.833
583.307 -0.834
583.517 -0.835
583.727 -0.836
583.94 -0.837
584.153 -0.838
584.368 -0.839
584.584 -0.84
584.802 -0.841
585.021 -0.842
585.242 -0.843
585.464 -0.844
585.688 -0.845
585.912 -0.846
586.139 -0.847
586.366 -0.848
586.595 -0.849
586.826 -0.85
587.058 -0.851
587.291 -0.852
587.526 -0.853
587.762 -0.854
588 -0.855
588.239 -0.856
588.48 -0.857
588.722 -0.858
588.965 -0.859
589.21 -0.86
589.457 -0.861
589.705 -0.862
589.954 -0.863
590.205 -0.864
590.457 -0.865
590.711 -0.866
590.966 -0.867
591.223 -0.868
591.481 -0.869
591.741 -0.87
592.003 -0.871
592.266 -0.872
592.53 -0.873
592.796 -0.874
593.063 -0.875
593.332 -0.876
593.603 -0.877
593.875 -0.878
594.146 -0.879
594.415 -0.88
594.683 -0.881
594.948 -0.882
595.213 -0.883
595.476 -0.884
595.739 -0.885
596.001 -0.886
596.262 -0.887
596.523 -0.888
596.782 -0.889
597.042 -0.89
597.304 -0.891
597.567 -0.892
597.832 -0.893
598.098 -0.894
598.365 -0.895
598.634 -0.896
598.904 -0.897
599.176 -0.898
599.449 -0.899
599.724 -0.9
600 -0.901
600.278 -0.902
600.557 -0.903
600.838 -0.904
601.12 -0.905
601.404 -0.906
601.689 -0.907
601.975 -0.908
602.263 -0.909
602.553 -0.91
602.844 -0.911
603.137 -0.912
603.431 -0.913
603.727 -0.914
604.024 -0.915
604.323 -0.916
604.624 -0.917
604.926 -0.918
605.229 -0.919
605.534 -0.92
605.841 -0.921
606.149 -0.922
606.459 -0.923
606.771 -0.924
607.084 -0.925
607.399 -0.926
607.715 -0.927
608.033 -0.928
608.352 -0.929
608.673 -0.93
608.996 -0.931
609.32 -0.932
609.643 -0.933
609.968 -0.934
610.293 -0.935
610.62 -0.936
610.946 -0.937
611.273 -0.938
611.602 -0.939
611.931 -0.94
612.26 -0.941
612.59 -0.942
612.921 -0.943
613.255 -0.944
613.588 -0.945
613.922 -0.946
614.257 -0.947
614.594 -0.948
614.932 -0.949
615.272 -0.95
615.613 -0.951
615.953 -0.952
616.294 -0.953
616.638 -0.954
616.983 -0.955
617.329 -0.956
617.677 -0.957
618.026 -0.958
618.375 -0.959
618.725 -0.96
619.077 -0.961
619.431 -0.962
619.786 -0.963
620.143 -0.964
620.501 -0.965
620.861 -0.966
621.223 -0.967
621.586 -0.968
621.951 -0.969
622.318 -0.97
622.686 -0.971
623.056 -0.972
623.427 -0.973
623.801 -0.974
624.176 -0.975
624.552 -0.976
624.931 -0.977
625.311 -0.978
625.692 -0.979
626.076 -0.98
626.461 -0.981
626.848 -0.982
627.236 -0.983
627.626 -0.984
628.018 -0.985
628.412 -0.986
628.807 -0.987
629.201 -0.988
629.594 -0.989
629.989 -0.99
630.385 -0.991
630.783 -0.992
631.179 -0.993
631.575 -0.994
631.972 -0.995
632.371 -0.996
632.771 -0.997
633.169 -0.998
633.567 -0.999
633.967 -1
634.368 -1.001
634.77 -1.002
635.172 -1.003
635.572 -1.004
635.973 -1.005
636.376 -1.006
636.781 -1.007
637.186 -1.008
637.588 -1.009
637.991 -1.01
638.396 -1.011
638.802 -1.012
639.21 -1.013
639.616 -1.014
640.021 -1.015
640.428 -1.016
640.836 -1.017
641.246 -1.018
641.657 -1.019
642.071 -1.02
642.485 -1.021
642.898 -1.022
643.312 -1.023
643.728 -1.024
644.144 -1.025
644.559 -1.026
644.975 -1.027
645.393 -1.028
645.81 -1.029
646.228 -1.03
646.647 -1.031
647.067 -1.032
647.489 -1.033
647.909 -1.034
648.331 -1.035
648.755 -1.036
649.18 -1.037
649.607 -1.038
650.032 -1.039
650.459 -1.04
650.887 -1.041
651.317 -1.042
651.749 -1.043
652.181 -1.044
652.612 -1.045
653.045 -1.046
653.48 -1.047
653.916 -1.048
654.354 -1.049
654.793 -1.05
655.235 -1.051
655.678 -1.052
656.122 -1.053
656.568 -1.054
657.016 -1.055
657.466 -1.056
657.917 -1.057
658.37 -1.058
658.825 -1.059
659.282 -1.06
659.74 -1.061
660.2 -1.062
660.661 -1.063
661.125 -1.064
661.59 -1.065
662.057 -1.066
662.525 -1.067
662.995 -1.068
663.467 -1.069
663.94 -1.07
664.416 -1.071
664.893 -1.072
665.371 -1.073
665.852 -1.074
666.334 -1.075
666.818 -1.076
667.304 -1.077
667.791 -1.078
668.28 -1.079
668.771 -1.08
669.263 -1.081
669.758 -1.082
670.254 -1.083
670.752 -1.084
671.252 -1.085
671.753 -1.086
672.256 -1.087
672.761 -1.088
673.268 -1.089
673.773 -1.09
674.278 -1.091
674.785 -1.092
675.295 -1.093
675.806 -1.094
676.318 -1.095
676.833 -1.096
677.348 -1.097
677.861 -1.098
678.377 -1.099
678.893 -1.1
679.412 -1.101
679.932 -1.102
680.454 -1.103
680.978 -1.104
681.503 -1.105
682.025 -1.106
682.55 -1.107
683.077 -1.108
683.605 -1.109
684.135 -1.11
684.666 -1.111
685.2 -1.112
685.735 -1.113
686.269 -1.114
686.804 -1.115
687.34 -1.116
687.878 -1.117
688.418 -1.118
688.96 -1.119
689.504 -1.12
690.049 -1.121
690.597 -1.122
691.143 -1.123
691.69 -1.124
692.238 -1.125
692.788 -1.126
693.341 -1.127
693.895 -1.128
694.451 -1.129
695.008 -1.13
695.568 -1.131
696.13 -1.132
696.689 -1.133
697.25 -1.134
697.813 -1.135
698.377 -1.136
698.943 -1.137
699.511 -1.138
700.081 -1.139
700.652 -1.14
701.226 -1.141
701.801 -1.142
702.379 -1.143
702.958 -1.144
703.539 -1.145
704.122 -1.146
704.707 -1.147
705.294 -1.148
705.882 -1.149
706.472 -1.15
707.065 -1.151
707.659 -1.152
708.255 -1.153
708.853 -1.154
709.452 -1.155
710.053 -1.156
710.654 -1.157
711.258 -1.158
711.863 -1.159
712.471 -1.16
713.08 -1.161
713.69 -1.162
714.301 -1.163
714.914 -1.164
715.529 -1.165
716.146 -1.166
716.765 -1.167
717.386 -1.168
718.007 -1.169
718.63 -1.17
719.255 -1.171
719.882 -1.172
720.511 -1.173
721.141 -1.174
721.774 -1.175
722.408 -1.176
723.043 -1.177
723.679 -1.178
724.318 -1.179
724.959 -1.18
725.602 -1.181
726.247 -1.182
726.894 -1.183
727.542 -1.184
728.192 -1.185
728.842 -1.186
729.491 -1.187
730.142 -1.188
730.794 -1.189
731.448 -1.19
732.104 -1.191
732.76 -1.192
733.416 -1.193
734.066 -1.194
734.702 -1.195
735.329 -1.196
735.95 -1.197
736.561 -1.198
737.166 -1.199
737.762 -1.2
738.353 -1.201
738.942 -1.202
739.53 -1.203
740.115 -1.204
740.697 -1.205
741.289 -1.206
741.885 -1.207
742.486 -1.208
743.094 -1.209
743.706 -1.21
744.324 -1.211
744.946 -1.212
745.573 -1.213
746.196 -1.214
746.818 -1.215
747.444 -1.216
748.076 -1.217
748.707 -1.218
749.336 -1.219
749.967 -1.22
750.601 -1.221
751.239 -1.222
751.877 -1.223
752.512 -1.224
753.141 -1.225
753.763 -1.226
754.373 -1.227
754.977 -1.228
755.573 -1.229
756.162 -1.23
756.744 -1.231
757.318 -1.232
757.887 -1.233
758.454 -1.234
759.021 -1.235
759.593 -1.236
760.172 -1.237
760.755 -1.238
761.349 -1.239
761.947 -1.24
762.554 -1.241
763.168 -1.242
763.793 -1.243
764.423 -1.244
765.065 -1.245
765.71 -1.246
766.348 -1.247
766.983 -1.248
767.623 -1.249
768.265 -1.25
768.913 -1.251
769.563 -1.252
770.217 -1.253
770.871 -1.254
771.525 -1.255
772.177 -1.256
772.827 -1.257
773.474 -1.258
774.118 -1.259
774.759 -1.26
775.397 -1.261
776.036 -1.262
776.675 -1.263
777.316 -1.264
777.96 -1.265
778.605 -1.266
779.281 -1.267
779.987 -1.268
780.698 -1.269
781.412 -1.27
782.132 -1.271
782.857 -1.272
783.603 -1.273
784.353 -1.274
785.106 -1.275
785.862 -1.276
786.622 -1.277
787.398 -1.278
788.176 -1.279
788.956 -1.28
789.737 -1.281
790.52 -1.282
791.316 -1.283
792.118 -1.284
792.92 -1.285
793.722 -1.286
794.526 -1.287
795.335 -1.288
796.152 -1.289
796.971 -1.29
797.789 -1.291
798.607 -1.292
799.425 -1.293
800.243 -1.294
801.064 -1.295
801.888 -1.296
802.712 -1.297
803.535 -1.298
804.354 -1.299
805.173 -1.3
