5.87908 -0.001
11.7383 -0.002
17.5776 -0.003
23.3968 -0.004
29.1958 -0.005
34.9746 -0.006
40.733 -0.007
46.4709 -0.008
52.1882 -0.009
57.8847 -0.01
63.5603 -0.011
69.215 -0.012
74.8484 -0.013
80.4606 -0.014
86.0512 -0.015
91.6201 -0.016
97.1672 -0.017
102.692 -0.018
108.195 -0.019
113.675 -0.02
119.133 -0.021
124.567 -0.022
129.821 -0.023
134.296 -0.024
138.341 -0.025
142.366 -0.026
146.376 -0.027
150.37 -0.028
154.35 -0.029
158.317 -0.03
162.272 -0.031
166.212 -0.032
170.137 -0.033
174.05 -0.034
177.949 -0.035
181.835 -0.036
185.702 -0.037
189.549 -0.038
193.376 -0.039
197.183 -0.04
200.969 -0.041
204.734 -0.042
208.475 -0.043
212.194 -0.044
215.889 -0.045
219.559 -0.046
223.206 -0.047
226.827 -0.048
230.423 -0.049
233.996 -0.05
237.545 -0.051
241.07 -0.052
244.571 -0.053
248.045 -0.054
251.398 -0.055
254.49 -0.056
257.152 -0.057
259.221 -0.058
261.203 -0.059
263.121 -0.06
264.956 -0.061
266.667 -0.062
268.253 -0.063
269.65 -0.064
270.905 -0.065
272.027 -0.066
273.021 -0.067
273.976 -0.068
274.907 -0.069
275.811 -0.07
276.679 -0.071
277.498 -0.072
278.248 -0.073
278.946 -0.074
279.515 -0.075
280.012 -0.076
280.286 -0.077
280.389 -0.078
280.46 -0.079
280.519 -0.08
280.569 -0.081
280.611 -0.082
280.644 -0.083
280.671 -0.084
280.691 -0.085
280.706 -0.086
280.715 -0.087
280.718 -0.088
280.716 -0.089
280.709 -0.09
280.696 -0.091
280.679 -0.092
280.656 -0.093
280.628 -0.094
280.593 -0.095
280.554 -0.096
280.509 -0.097
280.46 -0.098
280.405 -0.099
280.347 -0.1
280.284 -0.101
280.216 -0.102
280.142 -0.103
280.065 -0.104
279.982 -0.105
279.895 -0.106
279.803 -0.107
279.709 -0.108
279.611 -0.109
279.508 -0.11
279.402 -0.111
279.291 -0.112
279.176 -0.113
279.057 -0.114
278.934 -0.115
278.806 -0.116
278.676 -0.117
278.544 -0.118
278.408 -0.119
278.27 -0.12
278.129 -0.121
277.987 -0.122
277.842 -0.123
277.696 -0.124
277.548 -0.125
277.399 -0.126
277.248 -0.127
277.096 -0.128
276.942 -0.129
276.787 -0.13
276.632 -0.131
276.475 -0.132
276.316 -0.133
276.157 -0.134
275.996 -0.135
275.834 -0.136
275.671 -0.137
275.506 -0.138
275.34 -0.139
275.173 -0.14
275.005 -0.141
274.836 -0.142
274.665 -0.143
274.494 -0.144
274.321 -0.145
274.148 -0.146
273.973 -0.147
273.798 -0.148
273.621 -0.149
273.444 -0.15
273.266 -0.151
273.087 -0.152
272.908 -0.153
272.727 -0.154
272.547 -0.155
272.365 -0.156
272.183 -0.157
272.001 -0.158
271.818 -0.159
271.635 -0.16
271.451 -0.161
271.268 -0.162
271.084 -0.163
270.899 -0.164
270.715 -0.165
270.53 -0.166
270.345 -0.167
270.16 -0.168
269.977 -0.169
269.795 -0.17
269.614 -0.171
269.435 -0.172
269.256 -0.173
269.078 -0.174
268.902 -0.175
268.726 -0.176
268.552 -0.177
268.378 -0.178
268.206 -0.179
268.034 -0.18
267.861 -0.181
267.689 -0.182
267.516 -0.183
267.344 -0.184
267.172 -0.185
267 -0.186
266.827 -0.187
266.656 -0.188
266.484 -0.189
266.313 -0.19
266.141 -0.191
265.97 -0.192
265.8 -0.193
265.631 -0.194
265.462 -0.195
265.295 -0.196
265.129 -0.197
264.966 -0.198
264.805 -0.199
264.647 -0.2
264.49 -0.201
264.336 -0.202
264.184 -0.203
264.034 -0.204
263.887 -0.205
263.741 -0.206
263.598 -0.207
263.457 -0.208
263.318 -0.209
263.18 -0.21
263.043 -0.211
262.907 -0.212
262.771 -0.213
262.636 -0.214
262.501 -0.215
262.367 -0.216
262.234 -0.217
262.101 -0.218
261.969 -0.219
261.838 -0.22
261.707 -0.221
261.577 -0.222
261.448 -0.223
261.32 -0.224
261.193 -0.225
261.066 -0.226
260.94 -0.227
260.816 -0.228
260.692 -0.229
260.568 -0.23
260.447 -0.231
260.328 -0.232
260.209 -0.233
260.093 -0.234
259.979 -0.235
259.866 -0.236
259.755 -0.237
259.646 -0.238
259.539 -0.239
259.432 -0.24
259.329 -0.241
259.226 -0.242
259.126 -0.243
259.028 -0.244
258.931 -0.245
258.836 -0.246
258.742 -0.247
258.651 -0.248
258.562 -0.249
258.473 -0.25
258.387 -0.251
258.301 -0.252
258.218 -0.253
258.135 -0.254
258.054 -0.255
257.974 -0.256
257.896 -0.257
257.82 -0.258
257.745 -0.259
257.671 -0.26
257.598 -0.261
257.527 -0.262
257.457 -0.263
257.389 -0.264
257.322 -0.265
257.256 -0.266
257.192 -0.267
257.13 -0.268
257.069 -0.269
257.009 -0.27
256.951 -0.271
256.895 -0.272
256.84 -0.273
256.787 -0.274
256.735 -0.275
256.685 -0.276
256.636 -0.277
256.589 -0.278
256.543 -0.279
256.5 -0.28
256.457 -0.281
256.417 -0.282
256.378 -0.283
256.341 -0.284
256.306 -0.285
256.272 -0.286
256.242 -0.287
256.213 -0.288
256.185 -0.289
256.16 -0.29
256.136 -0.291
256.116 -0.292
256.098 -0.293
256.082 -0.294
256.067 -0.295
256.056 -0.296
256.047 -0.297
256.04 -0.298
256.036 -0.299
256.034 -0.3
256.035 -0.301
256.037 -0.302
256.042 -0.303
256.05 -0.304
256.059 -0.305
256.071 -0.306
256.085 -0.307
256.102 -0.308
256.12 -0.309
256.142 -0.31
256.165 -0.311
256.191 -0.312
256.219 -0.313
256.249 -0.314
256.282 -0.315
256.317 -0.316
256.355 -0.317
256.394 -0.318
256.436 -0.319
256.479 -0.32
256.525 -0.321
256.574 -0.322
256.624 -0.323
256.677 -0.324
256.731 -0.325
256.788 -0.326
256.846 -0.327
256.907 -0.328
256.969 -0.329
257.034 -0.33
257.101 -0.331
257.17 -0.332
257.241 -0.333
257.315 -0.334
257.391 -0.335
257.47 -0.336
257.55 -0.337
257.633 -0.338
257.718 -0.339
257.806 -0.34
257.896 -0.341
257.988 -0.342
258.082 -0.343
258.178 -0.344
258.277 -0.345
258.377 -0.346
258.479 -0.347
258.584 -0.348
258.691 -0.349
258.8 -0.35
258.912 -0.351
259.026 -0.352
259.142 -0.353
259.261 -0.354
259.383 -0.355
259.507 -0.356
259.633 -0.357
259.761 -0.358
259.892 -0.359
260.026 -0.36
260.162 -0.361
260.3 -0.362
260.441 -0.363
260.583 -0.364
260.728 -0.365
260.875 -0.366
261.025 -0.367
261.177 -0.368
261.331 -0.369
261.487 -0.37
261.646 -0.371
261.808 -0.372
261.973 -0.373
262.139 -0.374
262.309 -0.375
262.481 -0.376
262.655 -0.377
262.831 -0.378
263.011 -0.379
263.192 -0.38
263.375 -0.381
263.561 -0.382
263.749 -0.383
263.939 -0.384
264.132 -0.385
264.328 -0.386
264.525 -0.387
264.725 -0.388
264.928 -0.389
265.134 -0.39
265.343 -0.391
265.553 -0.392
265.767 -0.393
265.982 -0.394
266.201 -0.395
266.421 -0.396
266.641 -0.397
266.861 -0.398
267.079 -0.399
267.296 -0.4
267.51 -0.401
267.722 -0.402
267.927 -0.403
268.128 -0.404
268.33 -0.405
268.533 -0.406
268.738 -0.407
268.943 -0.408
269.149 -0.409
269.356 -0.41
269.562 -0.411
269.771 -0.412
269.979 -0.413
270.189 -0.414
270.401 -0.415
270.612 -0.416
270.825 -0.417
271.041 -0.418
271.255 -0.419
271.471 -0.42
271.69 -0.421
271.912 -0.422
272.136 -0.423
272.362 -0.424
272.591 -0.425
272.822 -0.426
273.055 -0.427
273.29 -0.428
273.528 -0.429
273.769 -0.43
274.012 -0.431
274.257 -0.432
274.505 -0.433
274.755 -0.434
275.008 -0.435
275.263 -0.436
275.521 -0.437
275.781 -0.438
276.044 -0.439
276.306 -0.44
276.569 -0.441
276.835 -0.442
277.104 -0.443
277.374 -0.444
277.647 -0.445
277.918 -0.446
278.192 -0.447
278.469 -0.448
278.748 -0.449
279.03 -0.45
279.31 -0.451
279.592 -0.452
279.877 -0.453
280.165 -0.454
280.453 -0.455
280.741 -0.456
281.032 -0.457
281.325 -0.458
281.618 -0.459
281.912 -0.46
282.209 -0.461
282.508 -0.462
282.806 -0.463
283.105 -0.464
283.407 -0.465
283.707 -0.466
284.01 -0.467
284.316 -0.468
284.624 -0.469
284.934 -0.47
285.243 -0.471
285.554 -0.472
285.865 -0.473
286.178 -0.474
286.486 -0.475
286.795 -0.476
287.102 -0.477
287.408 -0.478
287.71 -0.479
288.011 -0.48
288.309 -0.481
288.603 -0.482
288.897 -0.483
289.193 -0.484
289.489 -0.485
289.783 -0.486
290.077 -0.487
290.374 -0.488
290.672 -0.489
290.97 -0.49
291.271 -0.491
291.574 -0.492
291.879 -0.493
292.184 -0.494
292.491 -0.495
292.801 -0.496
293.112 -0.497
293.424 -0.498
293.739 -0.499
294.055 -0.5
294.375 -0.501
294.696 -0.502
295.02 -0.503
295.347 -0.504
295.676 -0.505
296.007 -0.506
296.341 -0.507
296.677 -0.508
297.016 -0.509
297.357 -0.51
297.701 -0.511
298.048 -0.512
298.397 -0.513
298.748 -0.514
299.102 -0.515
299.459 -0.516
299.818 -0.517
300.176 -0.518
300.536 -0.519
300.895 -0.52
301.255 -0.521
301.616 -0.522
301.976 -0.523
302.337 -0.524
302.695 -0.525
303.053 -0.526
303.404 -0.527
303.753 -0.528
304.096 -0.529
304.437 -0.53
304.778 -0.531
305.119 -0.532
305.462 -0.533
305.808 -0.534
306.156 -0.535
306.507 -0.536
306.859 -0.537
307.215 -0.538
307.572 -0.539
307.932 -0.54
308.295 -0.541
308.659 -0.542
309.027 -0.543
309.396 -0.544
309.768 -0.545
310.143 -0.546
310.52 -0.547
310.898 -0.548
311.275 -0.549
311.655 -0.55
312.033 -0.551
312.413 -0.552
312.794 -0.553
313.175 -0.554
313.557 -0.555
313.938 -0.556
314.322 -0.557
314.705 -0.558
315.089 -0.559
315.474 -0.56
315.858 -0.561
316.245 -0.562
316.634 -0.563
317.026 -0.564
317.417 -0.565
317.811 -0.566
318.207 -0.567
318.604 -0.568
319.003 -0.569
319.403 -0.57
319.804 -0.571
320.208 -0.572
320.614 -0.573
321.021 -0.574
321.43 -0.575
321.841 -0.576
322.253 -0.577
322.668 -0.578
323.083 -0.579
323.501 -0.58
323.921 -0.581
324.339 -0.582
324.758 -0.583
325.177 -0.584
325.596 -0.585
326.014 -0.586
326.428 -0.587
326.839 -0.588
327.245 -0.589
327.647 -0.59
328.047 -0.591
328.446 -0.592
328.848 -0.593
329.252 -0.594
329.659 -0.595
330.067 -0.596
330.478 -0.597
330.891 -0.598
331.307 -0.599
331.724 -0.6
332.144 -0.601
332.566 -0.602
332.991 -0.603
333.417 -0.604
333.847 -0.605
334.278 -0.606
334.712 -0.607
335.148 -0.608
335.586 -0.609
336.026 -0.61
336.469 -0.611
336.914 -0.612
337.362 -0.613
337.81 -0.614
338.259 -0.615
338.708 -0.616
339.158 -0.617
339.609 -0.618
340.06 -0.619
340.512 -0.62
340.964 -0.621
341.417 -0.622
341.871 -0.623
342.327 -0.624
342.784 -0.625
343.243 -0.626
343.702 -0.627
344.164 -0.628
344.627 -0.629
345.093 -0.63
345.561 -0.631
346.031 -0.632
346.503 -0.633
346.978 -0.634
347.455 -0.635
347.934 -0.636
348.416 -0.637
348.9 -0.638
349.387 -0.639
349.875 -0.64
350.367 -0.641
350.86 -0.642
351.353 -0.643
351.846 -0.644
352.339 -0.645
352.833 -0.646
353.326 -0.647
353.82 -0.648
354.313 -0.649
354.807 -0.65
355.302 -0.651
355.8 -0.652
356.3 -0.653
356.801 -0.654
357.303 -0.655
357.808 -0.656
358.314 -0.657
358.822 -0.658
359.332 -0.659
359.844 -0.66
360.357 -0.661
360.871 -0.662
361.387 -0.663
361.902 -0.664
362.416 -0.665
362.926 -0.666
363.426 -0.667
363.921 -0.668
364.418 -0.669
364.913 -0.67
365.407 -0.671
365.901 -0.672
366.392 -0.673
366.884 -0.674
367.377 -0.675
367.872 -0.676
368.37 -0.677
368.869 -0.678
369.369 -0.679
369.869 -0.68
370.371 -0.681
370.874 -0.682
371.378 -0.683
371.883 -0.684
372.389 -0.685
372.896 -0.686
373.402 -0.687
373.908 -0.688
374.416 -0.689
374.925 -0.69
375.434 -0.691
375.942 -0.692
376.449 -0.693
376.957 -0.694
377.464 -0.695
377.97 -0.696
378.475 -0.697
378.982 -0.698
379.488 -0.699
379.994 -0.7
380.502 -0.701
381.012 -0.702
381.524 -0.703
382.038 -0.704
382.555 -0.705
383.074 -0.706
383.595 -0.707
384.118 -0.708
384.643 -0.709
385.171 -0.71
385.7 -0.711
386.232 -0.712
386.766 -0.713
387.301 -0.714
387.836 -0.715
388.371 -0.716
388.904 -0.717
389.433 -0.718
389.96 -0.719
390.489 -0.72
391.019 -0.721
391.551 -0.722
392.084 -0.723
392.618 -0.724
393.154 -0.725
393.691 -0.726
394.23 -0.727
394.772 -0.728
395.314 -0.729
395.859 -0.73
396.405 -0.731
396.952 -0.732
397.501 -0.733
398.051 -0.734
398.602 -0.735
399.155 -0.736
399.71 -0.737
400.266 -0.738
400.823 -0.739
401.383 -0.74
401.946 -0.741
402.51 -0.742
403.076 -0.743
403.644 -0.744
404.213 -0.745
404.783 -0.746
405.355 -0.747
405.929 -0.748
406.503 -0.749
407.079 -0.75
407.657 -0.751
408.237 -0.752
408.818 -0.753
409.401 -0.754
409.984 -0.755
410.565 -0.756
411.144 -0.757
411.723 -0.758
412.305 -0.759
412.889 -0.76
413.475 -0.761
414.063 -0.762
414.649 -0.763
415.229 -0.764
415.806 -0.765
416.384 -0.766
416.963 -0.767
417.543 -0.768
418.123 -0.769
418.705 -0.77
419.288 -0.771
419.871 -0.772
420.455 -0.773
421.04 -0.774
421.625 -0.775
422.2 -0.776
422.774 -0.777
423.347 -0.778
423.92 -0.779
424.495 -0.78
425.071 -0.781
425.649 -0.782
426.229 -0.783
426.81 -0.784
427.394 -0.785
427.978 -0.786
428.56 -0.787
429.141 -0.788
429.713 -0.789
430.287 -0.79
430.861 -0.791
431.437 -0.792
432.014 -0.793
432.592 -0.794
433.172 -0.795
433.753 -0.796
434.331 -0.797
434.907 -0.798
435.476 -0.799
436.031 -0.8
436.588 -0.801
437.146 -0.802
437.706 -0.803
438.264 -0.804
438.818 -0.805
439.366 -0.806
439.912 -0.807
440.449 -0.808
440.987 -0.809
441.526 -0.81
442.065 -0.811
442.607 -0.812
443.15 -0.813
443.694 -0.814
444.239 -0.815
444.786 -0.816
445.332 -0.817
445.878 -0.818
446.426 -0.819
446.975 -0.82
447.525 -0.821
448.077 -0.822
448.629 -0.823
449.181 -0.824
449.735 -0.825
450.289 -0.826
450.844 -0.827
451.401 -0.828
451.958 -0.829
452.517 -0.83
453.076 -0.831
453.634 -0.832
454.185 -0.833
454.716 -0.834
455.24 -0.835
455.706 -0.836
456.118 -0.837
456.53 -0.838
456.942 -0.839
457.355 -0.84
457.768 -0.841
458.181 -0.842
458.594 -0.843
459.008 -0.844
459.422 -0.845
459.837 -0.846
460.252 -0.847
460.665 -0.848
461.078 -0.849
461.49 -0.85
461.904 -0.851
462.317 -0.852
462.731 -0.853
463.145 -0.854
463.56 -0.855
463.975 -0.856
464.39 -0.857
464.806 -0.858
465.221 -0.859
465.638 -0.86
466.054 -0.861
466.471 -0.862
466.888 -0.863
467.306 -0.864
467.724 -0.865
468.142 -0.866
468.561 -0.867
468.98 -0.868
469.399 -0.869
469.818 -0.87
470.238 -0.871
470.658 -0.872
471.078 -0.873
471.498 -0.874
471.916 -0.875
472.334 -0.876
472.753 -0.877
473.172 -0.878
473.591 -0.879
474.01 -0.88
474.43 -0.881
474.851 -0.882
475.271 -0.883
475.692 -0.884
476.113 -0.885
476.535 -0.886
476.957 -0.887
477.379 -0.888
477.802 -0.889
478.225 -0.89
478.648 -0.891
479.072 -0.892
479.496 -0.893
479.92 -0.894
480.345 -0.895
480.77 -0.896
481.195 -0.897
481.621 -0.898
482.046 -0.899
482.472 -0.9
482.898 -0.901
483.324 -0.902
483.75 -0.903
484.177 -0.904
484.604 -0.905
485.031 -0.906
485.459 -0.907
485.887 -0.908
486.316 -0.909
486.744 -0.91
487.171 -0.911
487.598 -0.912
488.026 -0.913
488.453 -0.914
488.882 -0.915
489.31 -0.916
489.739 -0.917
490.168 -0.918
490.596 -0.919
491.022 -0.92
491.448 -0.921
491.874 -0.922
492.301 -0.923
492.727 -0.924
493.154 -0.925
493.579 -0.926
493.997 -0.927
494.413 -0.928
494.829 -0.929
495.244 -0.93
495.66 -0.931
496.07 -0.932
496.466 -0.933
496.857 -0.934
497.244 -0.935
497.631 -0.936
498.017 -0.937
498.403 -0.938
498.789 -0.939
499.175 -0.94
499.559 -0.941
499.943 -0.942
500.327 -0.943
500.71 -0.944
501.093 -0.945
501.476 -0.946
501.859 -0.947
502.242 -0.948
502.625 -0.949
503.008 -0.95
503.391 -0.951
503.773 -0.952
504.155 -0.953
504.538 -0.954
504.92 -0.955
505.301 -0.956
505.683 -0.957
506.064 -0.958
506.446 -0.959
506.827 -0.96
507.209 -0.961
507.59 -0.962
507.972 -0.963
508.354 -0.964
508.735 -0.965
509.117 -0.966
509.499 -0.967
509.881 -0.968
510.263 -0.969
510.645 -0.97
511.027 -0.971
511.408 -0.972
511.79 -0.973
512.172 -0.974
512.554 -0.975
512.936 -0.976
513.318 -0.977
513.7 -0.978
514.082 -0.979
514.464 -0.98
514.845 -0.981
515.227 -0.982
515.609 -0.983
515.991 -0.984
516.373 -0.985
516.755 -0.986
517.137 -0.987
517.519 -0.988
517.901 -0.989
518.283 -0.99
518.666 -0.991
519.048 -0.992
519.43 -0.993
519.812 -0.994
520.194 -0.995
520.576 -0.996
520.959 -0.997
521.341 -0.998
521.723 -0.999
522.106 -1
