15.0108 -0.001
30.0079 -0.002
44.9914 -0.003
59.9611 -0.004
74.9169 -0.005
89.8588 -0.006
104.787 -0.007
119.7 -0.008
134.6 -0.009
149.485 -0.01
164.356 -0.011
179.212 -0.012
194.054 -0.013
208.882 -0.014
223.694 -0.015
238.492 -0.016
253.274 -0.017
268.042 -0.018
282.795 -0.019
297.532 -0.02
312.254 -0.021
326.961 -0.022
341.652 -0.023
356.327 -0.024
370.987 -0.025
385.631 -0.026
400.259 -0.027
414.871 -0.028
429.466 -0.029
443.78 -0.03
456.677 -0.031
467.81 -0.032
478.917 -0.033
490.016 -0.034
500.996 -0.035
510.729 -0.036
517.734 -0.037
524.003 -0.038
530.274 -0.039
536.571 -0.04
542.863 -0.041
549.147 -0.042
555.42 -0.043
561.685 -0.044
567.944 -0.045
574.193 -0.046
580.428 -0.047
586.649 -0.048
592.862 -0.049
599.069 -0.05
605.266 -0.051
611.451 -0.052
617.622 -0.053
623.77 -0.054
629.905 -0.055
636.032 -0.056
642.145 -0.057
648.245 -0.058
654.346 -0.059
660.438 -0.06
666.523 -0.061
672.604 -0.062
678.687 -0.063
684.763 -0.064
690.836 -0.065
696.902 -0.066
702.961 -0.067
709.019 -0.068
715.076 -0.069
721.109 -0.07
727.077 -0.071
732.843 -0.072
738.227 -0.073
743.294 -0.074
747.619 -0.075
751.549 -0.076
754.396 -0.077
756.046 -0.078
757.283 -0.079
758.403 -0.08
759.49 -0.081
760.549 -0.082
761.568 -0.083
762.569 -0.084
763.512 -0.085
764.434 -0.086
765.353 -0.087
766.235 -0.088
767.062 -0.089
767.884 -0.09
768.693 -0.091
769.43 -0.092
770.15 -0.093
770.825 -0.094
771.484 -0.095
772.132 -0.096
772.768 -0.097
773.392 -0.098
774.007 -0.099
774.61 -0.1
775.198 -0.101
775.777 -0.102
776.336 -0.103
776.888 -0.104
777.421 -0.105
777.948 -0.106
778.462 -0.107
778.965 -0.108
779.466 -0.109
779.957 -0.11
780.444 -0.111
780.927 -0.112
781.402 -0.113
781.872 -0.114
782.339 -0.115
782.803 -0.116
783.262 -0.117
783.72 -0.118
784.175 -0.119
784.626 -0.12
785.073 -0.121
785.511 -0.122
785.944 -0.123
786.374 -0.124
786.799 -0.125
787.221 -0.126
787.639 -0.127
788.041 -0.128
788.429 -0.129
788.811 -0.13
789.188 -0.131
789.563 -0.132
789.933 -0.133
790.301 -0.134
790.665 -0.135
791.027 -0.136
791.38 -0.137
791.716 -0.138
792.035 -0.139
792.35 -0.14
792.661 -0.141
792.968 -0.142
793.265 -0.143
793.56 -0.144
793.852 -0.145
794.141 -0.146
794.428 -0.147
794.711 -0.148
794.987 -0.149
795.254 -0.15
795.511 -0.151
795.76 -0.152
796.004 -0.153
796.246 -0.154
796.487 -0.155
796.723 -0.156
796.959 -0.157
797.191 -0.158
797.419 -0.159
797.64 -0.16
797.856 -0.161
798.067 -0.162
798.277 -0.163
798.485 -0.164
798.69 -0.165
798.895 -0.166
799.098 -0.167
799.3 -0.168
799.5 -0.169
799.698 -0.17
799.896 -0.171
800.093 -0.172
800.287 -0.173
800.481 -0.174
800.673 -0.175
800.863 -0.176
801.052 -0.177
801.24 -0.178
801.427 -0.179
801.614 -0.18
801.799 -0.181
801.984 -0.182
802.168 -0.183
802.351 -0.184
802.533 -0.185
802.714 -0.186
802.894 -0.187
803.073 -0.188
803.251 -0.189
803.428 -0.19
803.603 -0.191
803.778 -0.192
803.952 -0.193
804.124 -0.194
804.297 -0.195
804.468 -0.196
804.638 -0.197
804.807 -0.198
804.975 -0.199
805.142 -0.2
805.308 -0.201
805.473 -0.202
805.638 -0.203
805.801 -0.204
805.964 -0.205
806.126 -0.206
806.287 -0.207
806.447 -0.208
806.606 -0.209
806.764 -0.21
806.922 -0.211
807.078 -0.212
807.234 -0.213
807.39 -0.214
807.545 -0.215
807.699 -0.216
807.852 -0.217
808.005 -0.218
808.157 -0.219
808.308 -0.22
808.458 -0.221
808.608 -0.222
808.757 -0.223
808.906 -0.224
809.053 -0.225
809.2 -0.226
809.345 -0.227
809.49 -0.228
809.633 -0.229
809.777 -0.23
809.919 -0.231
810.061 -0.232
810.203 -0.233
810.344 -0.234
810.485 -0.235
810.625 -0.236
810.764 -0.237
810.903 -0.238
811.042 -0.239
811.18 -0.24
811.317 -0.241
811.454 -0.242
811.59 -0.243
811.725 -0.244
811.86 -0.245
811.994 -0.246
812.128 -0.247
812.261 -0.248
812.393 -0.249
812.526 -0.25
812.657 -0.251
812.788 -0.252
812.919 -0.253
813.049 -0.254
813.179 -0.255
813.308 -0.256
813.437 -0.257
813.565 -0.258
813.693 -0.259
813.82 -0.26
813.946 -0.261
814.072 -0.262
814.198 -0.263
814.323 -0.264
814.448 -0.265
814.573 -0.266
814.697 -0.267
814.82 -0.268
814.943 -0.269
815.066 -0.27
815.188 -0.271
815.309 -0.272
815.43 -0.273
815.551 -0.274
815.671 -0.275
815.79 -0.276
815.909 -0.277
816.028 -0.278
816.147 -0.279
816.265 -0.28
816.382 -0.281
816.5 -0.282
816.617 -0.283
816.734 -0.284
816.85 -0.285
816.966 -0.286
817.082 -0.287
817.198 -0.288
817.313 -0.289
817.427 -0.29
817.542 -0.291
817.656 -0.292
817.77 -0.293
817.883 -0.294
817.996 -0.295
818.108 -0.296
818.22 -0.297
818.331 -0.298
818.442 -0.299
818.553 -0.3
818.663 -0.301
818.773 -0.302
818.883 -0.303
818.992 -0.304
819.101 -0.305
819.21 -0.306
819.318 -0.307
819.427 -0.308
819.535 -0.309
819.643 -0.31
819.751 -0.311
819.858 -0.312
819.965 -0.313
820.072 -0.314
820.179 -0.315
820.286 -0.316
820.392 -0.317
820.498 -0.318
820.604 -0.319
820.71 -0.32
820.815 -0.321
820.92 -0.322
821.025 -0.323
821.129 -0.324
821.233 -0.325
821.337 -0.326
821.44 -0.327
821.543 -0.328
821.646 -0.329
821.748 -0.33
821.851 -0.331
821.953 -0.332
822.055 -0.333
822.156 -0.334
822.258 -0.335
822.359 -0.336
822.461 -0.337
822.562 -0.338
822.663 -0.339
822.764 -0.34
822.864 -0.341
822.965 -0.342
823.065 -0.343
823.165 -0.344
823.265 -0.345
823.365 -0.346
823.464 -0.347
823.564 -0.348
823.663 -0.349
823.762 -0.35
823.861 -0.351
823.96 -0.352
824.059 -0.353
824.158 -0.354
824.256 -0.355
824.355 -0.356
824.453 -0.357
824.551 -0.358
824.649 -0.359
824.747 -0.36
824.845 -0.361
824.943 -0.362
825.041 -0.363
825.139 -0.364
825.236 -0.365
825.334 -0.366
825.431 -0.367
825.529 -0.368
825.626 -0.369
825.723 -0.37
825.82 -0.371
825.917 -0.372
826.014 -0.373
826.11 -0.374
826.207 -0.375
826.303 -0.376
826.4 -0.377
826.496 -0.378
826.592 -0.379
826.688 -0.38
826.784 -0.381
826.88 -0.382
826.976 -0.383
827.072 -0.384
827.168 -0.385
827.263 -0.386
827.359 -0.387
827.454 -0.388
827.549 -0.389
827.645 -0.39
827.74 -0.391
827.835 -0.392
827.929 -0.393
828.024 -0.394
828.118 -0.395
828.213 -0.396
828.307 -0.397
828.401 -0.398
828.495 -0.399
828.589 -0.4
828.683 -0.401
828.777 -0.402
828.871 -0.403
828.964 -0.404
829.058 -0.405
829.151 -0.406
829.244 -0.407
829.337 -0.408
829.43 -0.409
829.523 -0.41
829.616 -0.411
829.708 -0.412
829.801 -0.413
829.893 -0.414
829.985 -0.415
830.077 -0.416
830.169 -0.417
830.261 -0.418
830.353 -0.419
830.444 -0.42
830.536 -0.421
830.627 -0.422
830.718 -0.423
830.809 -0.424
830.9 -0.425
830.99 -0.426
831.081 -0.427
831.171 -0.428
831.261 -0.429
831.351 -0.43
831.441 -0.431
831.531 -0.432
831.621 -0.433
831.71 -0.434
831.8 -0.435
831.889 -0.436
831.978 -0.437
832.067 -0.438
832.155 -0.439
832.244 -0.44
832.332 -0.441
832.42 -0.442
832.508 -0.443
832.596 -0.444
832.683 -0.445
832.771 -0.446
832.858 -0.447
832.944 -0.448
833.031 -0.449
833.117 -0.45
833.204 -0.451
833.29 -0.452
833.375 -0.453
833.461 -0.454
833.546 -0.455
833.631 -0.456
833.716 -0.457
833.799 -0.458
833.883 -0.459
833.966 -0.46
834.048 -0.461
834.13 -0.462
834.212 -0.463
834.293 -0.464
834.373 -0.465
834.454 -0.466
834.535 -0.467
834.616 -0.468
834.696 -0.469
834.777 -0.47
834.856 -0.471
834.935 -0.472
835.014 -0.473
835.092 -0.474
835.169 -0.475
835.246 -0.476
835.321 -0.477
835.396 -0.478
835.47 -0.479
835.544 -0.48
835.616 -0.481
835.688 -0.482
835.758 -0.483
835.827 -0.484
835.896 -0.485
835.964 -0.486
836.034 -0.487
836.104 -0.488
836.173 -0.489
836.242 -0.49
836.31 -0.491
836.377 -0.492
836.443 -0.493
836.508 -0.494
836.572 -0.495
836.634 -0.496
836.694 -0.497
836.753 -0.498
836.808 -0.499
836.863 -0.5
836.923 -0.501
836.983 -0.502
837.042 -0.503
837.099 -0.504
837.156 -0.505
837.21 -0.506
837.264 -0.507
837.315 -0.508
837.362 -0.509
837.402 -0.51
837.449 -0.511
837.501 -0.512
837.55 -0.513
837.599 -0.514
837.646 -0.515
837.692 -0.516
837.734 -0.517
837.768 -0.518
837.795 -0.519
837.831 -0.52
837.875 -0.521
837.919 -0.522
837.965 -0.523
838.02 -0.524
838.074 -0.525
838.127 -0.526
838.179 -0.527
838.228 -0.528
838.276 -0.529
838.322 -0.53
838.371 -0.531
838.42 -0.532
838.468 -0.533
838.515 -0.534
838.562 -0.535
838.609 -0.536
838.656 -0.537
838.7 -0.538
838.743 -0.539
838.785 -0.54
838.823 -0.541
838.866 -0.542
838.918 -0.543
838.969 -0.544
839.018 -0.545
839.063 -0.546
839.105 -0.547
839.143 -0.548
839.179 -0.549
839.213 -0.55
839.246 -0.551
839.283 -0.552
839.319 -0.553
839.353 -0.554
839.391 -0.555
839.437 -0.556
839.49 -0.557
839.542 -0.558
839.592 -0.559
839.64 -0.56
839.688 -0.561
839.735 -0.562
839.781 -0.563
839.825 -0.564
839.87 -0.565
839.925 -0.566
839.983 -0.567
840.04 -0.568
840.095 -0.569
840.149 -0.57
840.203 -0.571
840.255 -0.572
840.307 -0.573
840.357 -0.574
840.413 -0.575
840.473 -0.576
840.533 -0.577
840.592 -0.578
840.651 -0.579
840.712 -0.58
840.771 -0.581
840.83 -0.582
840.889 -0.583
840.949 -0.584
841.01 -0.585
841.072 -0.586
841.138 -0.587
841.205 -0.588
841.273 -0.589
841.341 -0.59
841.408 -0.591
841.475 -0.592
841.543 -0.593
841.611 -0.594
841.679 -0.595
841.746 -0.596
841.814 -0.597
841.883 -0.598
841.951 -0.599
842.019 -0.6
842.086 -0.601
842.155 -0.602
842.223 -0.603
842.291 -0.604
842.357 -0.605
842.42 -0.606
842.481 -0.607
842.54 -0.608
842.597 -0.609
842.662 -0.61
842.732 -0.611
842.801 -0.612
842.87 -0.613
842.938 -0.614
843.006 -0.615
843.073 -0.616
843.138 -0.617
843.203 -0.618
843.267 -0.619
843.33 -0.62
843.392 -0.621
843.452 -0.622
843.511 -0.623
843.57 -0.624
843.635 -0.625
843.702 -0.626
843.767 -0.627
843.832 -0.628
843.897 -0.629
843.96 -0.63
844.023 -0.631
844.085 -0.632
844.145 -0.633
844.204 -0.634
844.262 -0.635
844.317 -0.636
844.372 -0.637
844.428 -0.638
844.492 -0.639
844.556 -0.64
844.62 -0.641
844.684 -0.642
844.749 -0.643
844.813 -0.644
844.876 -0.645
844.939 -0.646
845.001 -0.647
845.062 -0.648
845.122 -0.649
845.181 -0.65
845.243 -0.651
845.312 -0.652
845.381 -0.653
845.451 -0.654
845.52 -0.655
845.59 -0.656
845.66 -0.657
845.73 -0.658
845.8 -0.659
845.87 -0.66
845.94 -0.661
846.01 -0.662
846.079 -0.663
846.148 -0.664
846.217 -0.665
846.29 -0.666
846.365 -0.667
846.439 -0.668
846.512 -0.669
846.586 -0.67
846.66 -0.671
846.733 -0.672
846.806 -0.673
846.878 -0.674
846.951 -0.675
847.023 -0.676
847.095 -0.677
847.167 -0.678
847.238 -0.679
847.31 -0.68
847.381 -0.681
847.453 -0.682
847.527 -0.683
847.602 -0.684
847.676 -0.685
847.751 -0.686
847.825 -0.687
847.899 -0.688
847.974 -0.689
848.048 -0.69
848.123 -0.691
848.197 -0.692
848.272 -0.693
848.346 -0.694
848.42 -0.695
848.495 -0.696
848.569 -0.697
848.642 -0.698
848.716 -0.699
848.79 -0.7
848.864 -0.701
848.938 -0.702
849.012 -0.703
849.085 -0.704
849.159 -0.705
849.233 -0.706
849.306 -0.707
849.379 -0.708
849.452 -0.709
849.525 -0.71
849.598 -0.711
849.671 -0.712
849.744 -0.713
849.816 -0.714
849.889 -0.715
849.961 -0.716
850.033 -0.717
850.105 -0.718
850.176 -0.719
850.247 -0.72
850.318 -0.721
850.389 -0.722
850.46 -0.723
850.53 -0.724
850.601 -0.725
850.672 -0.726
850.744 -0.727
850.816 -0.728
850.888 -0.729
850.959 -0.73
851.029 -0.731
851.098 -0.732
851.168 -0.733
851.237 -0.734
851.308 -0.735
851.379 -0.736
851.451 -0.737
851.524 -0.738
851.586 -0.739
851.657 -0.74
851.727 -0.741
851.798 -0.742
851.87 -0.743
851.942 -0.744
852.019 -0.745
852.097 -0.746
852.175 -0.747
852.254 -0.748
852.333 -0.749
852.412 -0.75
852.49 -0.751
852.57 -0.752
852.653 -0.753
852.736 -0.754
852.818 -0.755
852.901 -0.756
852.983 -0.757
853.066 -0.758
853.149 -0.759
853.233 -0.76
853.316 -0.761
853.399 -0.762
853.482 -0.763
853.565 -0.764
853.647 -0.765
853.73 -0.766
853.813 -0.767
853.896 -0.768
853.979 -0.769
854.06 -0.77
854.141 -0.771
854.221 -0.772
854.3 -0.773
854.378 -0.774
854.455 -0.775
854.53 -0.776
854.603 -0.777
854.671 -0.778
854.735 -0.779
854.793 -0.78
854.848 -0.781
854.897 -0.782
854.941 -0.783
854.978 -0.784
855.006 -0.785
855.027 -0.786
855.043 -0.787
855.051 -0.788
855.052 -0.789
855.045 -0.79
855.03 -0.791
855.021 -0.792
855.009 -0.793
854.996 -0.794
854.989 -0.795
854.977 -0.796
854.971 -0.797
854.968 -0.798
854.972 -0.799
854.98 -0.8
854.995 -0.801
855.013 -0.802
855.036 -0.803
855.059 -0.804
855.082 -0.805
855.106 -0.806
855.134 -0.807
855.161 -0.808
855.188 -0.809
855.216 -0.81
855.243 -0.811
855.273 -0.812
855.305 -0.813
855.336 -0.814
855.368 -0.815
855.399 -0.816
855.43 -0.817
855.465 -0.818
855.5 -0.819
855.534 -0.82
855.569 -0.821
855.604 -0.822
855.64 -0.823
855.678 -0.824
855.714 -0.825
855.75 -0.826
855.792 -0.827
855.852 -0.828
855.914 -0.829
855.977 -0.83
856.04 -0.831
856.102 -0.832
856.164 -0.833
856.225 -0.834
856.288 -0.835
856.365 -0.836
856.447 -0.837
856.528 -0.838
856.609 -0.839
856.691 -0.84
856.772 -0.841
856.853 -0.842
856.933 -0.843
857.012 -0.844
857.093 -0.845
857.183 -0.846
857.275 -0.847
857.367 -0.848
857.459 -0.849
857.551 -0.85
857.643 -0.851
857.735 -0.852
857.826 -0.853
857.915 -0.854
858.005 -0.855
858.1 -0.856
858.2 -0.857
858.3 -0.858
858.4 -0.859
858.5 -0.86
858.599 -0.861
858.699 -0.862
858.798 -0.863
858.896 -0.864
858.994 -0.865
859.091 -0.866
859.191 -0.867
859.296 -0.868
859.401 -0.869
859.507 -0.87
859.612 -0.871
859.716 -0.872
859.821 -0.873
859.926 -0.874
860.029 -0.875
860.132 -0.876
860.233 -0.877
860.335 -0.878
860.438 -0.879
860.546 -0.88
860.655 -0.881
860.763 -0.882
860.871 -0.883
860.978 -0.884
861.086 -0.885
861.193 -0.886
861.298 -0.887
861.403 -0.888
861.508 -0.889
861.611 -0.89
861.713 -0.891
861.813 -0.892
861.913 -0.893
862.013 -0.894
862.113 -0.895
862.211 -0.896
862.308 -0.897
862.404 -0.898
862.499 -0.899
862.593 -0.9
862.688 -0.901
862.781 -0.902
862.869 -0.903
862.935 -0.904
862.989 -0.905
863.036 -0.906
863.07 -0.907
863.094 -0.908
863.062 -0.909
863.022 -0.91
862.953 -0.911
862.854 -0.912
862.723 -0.913
862.553 -0.914
862.338 -0.915
862.069 -0.916
861.713 -0.917
861.299 -0.918
860.854 -0.919
860.372 -0.92
859.824 -0.921
859.234 -0.922
858.638 -0.923
858.038 -0.924
857.433 -0.925
856.822 -0.926
856.205 -0.927
855.58 -0.928
854.95 -0.929
854.313 -0.93
853.669 -0.931
853.019 -0.932
852.362 -0.933
851.699 -0.934
851.028 -0.935
850.351 -0.936
849.666 -0.937
848.973 -0.938
848.273 -0.939
847.626 -0.94
847.057 -0.941
846.483 -0.942
845.901 -0.943
845.393 -0.944
845.051 -0.945
844.944 -0.946
844.92 -0.947
844.891 -0.948
844.9 -0.949
845.17 -0.95
845.579 -0.951
845.988 -0.952
846.397 -0.953
846.805 -0.954
847.214 -0.955
847.623 -0.956
848.031 -0.957
848.44 -0.958
848.842 -0.959
849.228 -0.96
849.603 -0.961
849.975 -0.962
850.339 -0.963
850.685 -0.964
851.014 -0.965
851.335 -0.966
851.649 -0.967
851.955 -0.968
852.252 -0.969
852.548 -0.97
852.853 -0.971
853.152 -0.972
853.45 -0.973
853.755 -0.974
854.053 -0.975
854.342 -0.976
854.619 -0.977
854.886 -0.978
855.14 -0.979
855.38 -0.98
855.604 -0.981
855.812 -0.982
856.001 -0.983
856.168 -0.984
856.31 -0.985
856.515 -0.986
856.762 -0.987
857.049 -0.988
857.339 -0.989
857.636 -0.99
857.996 -0.991
858.329 -0.992
858.694 -0.993
859.058 -0.994
859.422 -0.995
859.726 -0.996
859.974 -0.997
860.221 -0.998
860.469 -0.999
860.716 -1
860.963 -1.001
861.21 -1.002
861.457 -1.003
861.704 -1.004
861.95 -1.005
862.196 -1.006
862.441 -1.007
862.686 -1.008
862.931 -1.009
863.175 -1.01
863.419 -1.011
863.662 -1.012
863.906 -1.013
864.149 -1.014
864.392 -1.015
864.635 -1.016
864.877 -1.017
865.12 -1.018
865.363 -1.019
865.606 -1.02
865.848 -1.021
866.091 -1.022
866.333 -1.023
866.573 -1.024
866.813 -1.025
867.029 -1.026
867.208 -1.027
867.379 -1.028
867.549 -1.029
867.718 -1.03
867.863 -1.031
867.973 -1.032
868.076 -1.033
868.18 -1.034
868.283 -1.035
868.387 -1.036
868.491 -1.037
868.594 -1.038
868.698 -1.039
868.802 -1.04
868.906 -1.041
869.01 -1.042
869.114 -1.043
869.218 -1.044
869.323 -1.045
869.427 -1.046
869.532 -1.047
869.636 -1.048
869.741 -1.049
869.845 -1.05
869.95 -1.051
870.055 -1.052
870.16 -1.053
870.265 -1.054
870.37 -1.055
870.475 -1.056
870.58 -1.057
870.686 -1.058
870.791 -1.059
870.896 -1.06
871.002 -1.061
871.107 -1.062
871.213 -1.063
871.319 -1.064
871.424 -1.065
871.53 -1.066
871.636 -1.067
871.742 -1.068
871.848 -1.069
871.954 -1.07
872.059 -1.071
872.165 -1.072
872.27 -1.073
872.376 -1.074
872.481 -1.075
872.586 -1.076
872.691 -1.077
872.796 -1.078
872.901 -1.079
873.006 -1.08
873.11 -1.081
873.215 -1.082
873.32 -1.083
873.425 -1.084
873.53 -1.085
873.635 -1.086
873.74 -1.087
873.844 -1.088
873.949 -1.089
874.054 -1.09
874.158 -1.091
874.263 -1.092
874.367 -1.093
874.472 -1.094
874.576 -1.095
874.68 -1.096
874.784 -1.097
874.887 -1.098
874.991 -1.099
875.094 -1.1
875.197 -1.101
875.3 -1.102
875.403 -1.103
875.505 -1.104
875.608 -1.105
875.71 -1.106
875.812 -1.107
875.914 -1.108
876.016 -1.109
876.118 -1.11
876.22 -1.111
876.323 -1.112
876.425 -1.113
876.528 -1.114
876.63 -1.115
876.733 -1.116
876.834 -1.117
876.936 -1.118
877.037 -1.119
877.138 -1.12
877.237 -1.121
877.338 -1.122
877.438 -1.123
877.539 -1.124
877.64 -1.125
877.74 -1.126
877.839 -1.127
877.939 -1.128
878.04 -1.129
878.142 -1.13
878.245 -1.131
878.348 -1.132
878.452 -1.133
878.557 -1.134
878.663 -1.135
878.769 -1.136
878.876 -1.137
878.984 -1.138
879.093 -1.139
879.202 -1.14
879.311 -1.141
879.421 -1.142
879.532 -1.143
879.644 -1.144
879.757 -1.145
879.87 -1.146
879.984 -1.147
880.099 -1.148
880.214 -1.149
880.331 -1.15
880.447 -1.151
880.565 -1.152
880.682 -1.153
880.8 -1.154
880.918 -1.155
881.036 -1.156
881.154 -1.157
881.272 -1.158
881.391 -1.159
881.509 -1.16
881.628 -1.161
881.746 -1.162
881.865 -1.163
881.984 -1.164
882.103 -1.165
882.222 -1.166
882.341 -1.167
882.46 -1.168
882.58 -1.169
882.699 -1.17
882.819 -1.171
882.939 -1.172
883.059 -1.173
883.179 -1.174
883.299 -1.175
883.419 -1.176
883.539 -1.177
883.66 -1.178
883.78 -1.179
883.901 -1.18
884.022 -1.181
884.143 -1.182
884.264 -1.183
884.385 -1.184
884.506 -1.185
884.627 -1.186
884.749 -1.187
884.87 -1.188
884.992 -1.189
885.114 -1.19
885.236 -1.191
885.358 -1.192
885.48 -1.193
885.602 -1.194
885.724 -1.195
885.847 -1.196
885.969 -1.197
886.092 -1.198
886.215 -1.199
886.338 -1.2
886.461 -1.201
886.584 -1.202
886.708 -1.203
886.833 -1.204
886.958 -1.205
887.083 -1.206
887.209 -1.207
887.334 -1.208
887.46 -1.209
887.586 -1.21
887.712 -1.211
887.839 -1.212
887.965 -1.213
888.092 -1.214
888.218 -1.215
888.345 -1.216
888.472 -1.217
888.6 -1.218
888.729 -1.219
888.858 -1.22
888.987 -1.221
889.116 -1.222
889.245 -1.223
889.375 -1.224
889.504 -1.225
889.634 -1.226
889.764 -1.227
889.893 -1.228
890.023 -1.229
890.153 -1.23
890.284 -1.231
890.414 -1.232
890.544 -1.233
890.675 -1.234
890.805 -1.235
890.936 -1.236
891.067 -1.237
891.198 -1.238
891.329 -1.239
891.46 -1.24
891.591 -1.241
891.723 -1.242
891.854 -1.243
891.986 -1.244
892.118 -1.245
892.249 -1.246
892.381 -1.247
892.514 -1.248
892.646 -1.249
892.778 -1.25
892.91 -1.251
893.043 -1.252
893.175 -1.253
893.308 -1.254
893.441 -1.255
893.574 -1.256
893.707 -1.257
893.84 -1.258
893.973 -1.259
894.106 -1.26
894.24 -1.261
894.373 -1.262
894.507 -1.263
894.641 -1.264
894.775 -1.265
894.908 -1.266
895.042 -1.267
895.177 -1.268
895.311 -1.269
895.445 -1.27
895.579 -1.271
895.714 -1.272
895.848 -1.273
895.983 -1.274
896.118 -1.275
896.253 -1.276
896.388 -1.277
896.523 -1.278
896.658 -1.279
896.793 -1.28
896.928 -1.281
897.064 -1.282
897.2 -1.283
897.336 -1.284
897.472 -1.285
897.609 -1.286
897.745 -1.287
897.881 -1.288
898.018 -1.289
898.154 -1.29
898.291 -1.291
898.427 -1.292
898.564 -1.293
898.701 -1.294
898.838 -1.295
898.975 -1.296
899.112 -1.297
899.249 -1.298
899.386 -1.299
899.524 -1.3
899.661 -1.301
899.799 -1.302
899.936 -1.303
900.074 -1.304
900.212 -1.305
900.349 -1.306
900.487 -1.307
900.625 -1.308
900.762 -1.309
900.9 -1.31
901.038 -1.311
901.175 -1.312
901.313 -1.313
901.451 -1.314
901.588 -1.315
901.725 -1.316
901.862 -1.317
901.999 -1.318
902.135 -1.319
902.271 -1.32
902.407 -1.321
902.541 -1.322
902.673 -1.323
902.804 -1.324
902.933 -1.325
903.06 -1.326
903.183 -1.327
903.303 -1.328
903.419 -1.329
903.529 -1.33
903.634 -1.331
903.732 -1.332
903.808 -1.333
903.779 -1.334
903.723 -1.335
903.704 -1.336
903.779 -1.337
903.852 -1.338
903.844 -1.339
903.837 -1.34
903.855 -1.341
903.987 -1.342
904.127 -1.343
904.236 -1.344
904.31 -1.345
904.322 -1.346
904.309 -1.347
904.266 -1.348
904.202 -1.349
904.111 -1.35
903.993 -1.351
903.855 -1.352
903.689 -1.353
903.503 -1.354
903.305 -1.355
903.097 -1.356
902.889 -1.357
902.682 -1.358
902.474 -1.359
902.267 -1.36
902.06 -1.361
901.863 -1.362
901.673 -1.363
901.525 -1.364
901.39 -1.365
901.272 -1.366
901.165 -1.367
901.083 -1.368
901.028 -1.369
900.978 -1.37
900.96 -1.371
900.946 -1.372
900.949 -1.373
900.952 -1.374
900.964 -1.375
900.985 -1.376
901.004 -1.377
901.039 -1.378
901.126 -1.379
901.21 -1.38
901.351 -1.381
901.516 -1.382
901.703 -1.383
901.891 -1.384
902.114 -1.385
902.346 -1.386
902.604 -1.387
902.864 -1.388
903.152 -1.389
903.45 -1.39
903.764 -1.391
904.087 -1.392
904.425 -1.393
904.779 -1.394
905.141 -1.395
905.515 -1.396
905.893 -1.397
906.28 -1.398
906.671 -1.399
907.064 -1.4
