11.5851 -0.001
23.1422 -0.002
34.6708 -0.003
46.1703 -0.004
57.6403 -0.005
69.0802 -0.006
80.4893 -0.007
91.8672 -0.008
103.213 -0.009
114.526 -0.01
125.806 -0.011
137.052 -0.012
148.263 -0.013
159.438 -0.014
170.577 -0.015
181.678 -0.016
192.74 -0.017
203.763 -0.018
214.745 -0.019
225.354 -0.02
234.136 -0.021
240.823 -0.022
247.461 -0.023
254.034 -0.024
260.538 -0.025
266.991 -0.026
273.37 -0.027
279.612 -0.028
285.567 -0.029
291.161 -0.03
296.413 -0.031
301.019 -0.032
305.333 -0.033
309.62 -0.034
313.883 -0.035
318.106 -0.036
322.309 -0.037
326.476 -0.038
330.433 -0.039
333.829 -0.04
336.128 -0.041
338.056 -0.042
339.964 -0.043
341.855 -0.044
343.74 -0.045
345.619 -0.046
347.492 -0.047
349.356 -0.048
351.216 -0.049
353.07 -0.05
354.917 -0.051
356.755 -0.052
358.585 -0.053
360.403 -0.054
362.207 -0.055
363.999 -0.056
365.777 -0.057
367.542 -0.058
369.297 -0.059
371.038 -0.06
372.77 -0.061
374.494 -0.062
376.201 -0.063
377.892 -0.064
379.57 -0.065
381.235 -0.066
382.885 -0.067
384.528 -0.068
386.163 -0.069
387.79 -0.07
389.408 -0.071
391.019 -0.072
392.623 -0.073
394.219 -0.074
395.801 -0.075
397.373 -0.076
398.934 -0.077
400.485 -0.078
402.022 -0.079
403.55 -0.08
405.065 -0.081
406.571 -0.082
408.07 -0.083
409.559 -0.084
411.041 -0.085
412.515 -0.086
413.983 -0.087
415.434 -0.088
416.872 -0.089
418.297 -0.09
419.669 -0.091
420.995 -0.092
422.268 -0.093
423.491 -0.094
424.625 -0.095
425.689 -0.096
426.673 -0.097
427.562 -0.098
428.385 -0.099
429.201 -0.1
430.003 -0.101
430.746 -0.102
431.414 -0.103
431.987 -0.104
432.518 -0.105
433.032 -0.106
433.51 -0.107
433.898 -0.108
434.18 -0.109
434.448 -0.11
434.696 -0.111
434.936 -0.112
435.16 -0.113
435.374 -0.114
435.574 -0.115
435.756 -0.116
435.93 -0.117
436.1 -0.118
436.269 -0.119
436.432 -0.12
436.592 -0.121
436.75 -0.122
436.908 -0.123
437.063 -0.124
437.212 -0.125
437.352 -0.126
437.488 -0.127
437.612 -0.128
437.735 -0.129
437.845 -0.13
437.952 -0.131
438.048 -0.132
438.139 -0.133
438.229 -0.134
438.317 -0.135
438.403 -0.136
438.487 -0.137
438.57 -0.138
438.65 -0.139
438.729 -0.14
438.805 -0.141
438.881 -0.142
438.954 -0.143
439.026 -0.144
439.096 -0.145
439.165 -0.146
439.233 -0.147
439.298 -0.148
439.363 -0.149
439.425 -0.15
439.487 -0.151
439.547 -0.152
439.606 -0.153
439.663 -0.154
439.72 -0.155
439.775 -0.156
439.83 -0.157
439.882 -0.158
439.934 -0.159
439.985 -0.16
440.035 -0.161
440.083 -0.162
440.13 -0.163
440.176 -0.164
440.22 -0.165
440.263 -0.166
440.305 -0.167
440.345 -0.168
440.381 -0.169
440.413 -0.17
440.443 -0.171
440.467 -0.172
440.483 -0.173
440.486 -0.174
440.478 -0.175
440.476 -0.176
440.468 -0.177
440.45 -0.178
440.442 -0.179
440.434 -0.18
440.43 -0.181
440.429 -0.182
440.434 -0.183
440.435 -0.184
440.439 -0.185
440.443 -0.186
440.449 -0.187
440.454 -0.188
440.459 -0.189
440.465 -0.19
440.47 -0.191
440.475 -0.192
440.48 -0.193
440.485 -0.194
440.49 -0.195
440.494 -0.196
440.498 -0.197
440.502 -0.198
440.506 -0.199
440.51 -0.2
440.512 -0.201
440.515 -0.202
440.517 -0.203
440.519 -0.204
440.519 -0.205
440.519 -0.206
440.518 -0.207
440.517 -0.208
440.515 -0.209
440.513 -0.21
440.511 -0.211
440.508 -0.212
440.504 -0.213
440.5 -0.214
440.494 -0.215
440.488 -0.216
440.481 -0.217
440.473 -0.218
440.465 -0.219
440.457 -0.22
440.448 -0.221
440.438 -0.222
440.428 -0.223
440.417 -0.224
440.406 -0.225
440.395 -0.226
440.384 -0.227
440.372 -0.228
440.359 -0.229
440.347 -0.23
440.333 -0.231
440.319 -0.232
440.305 -0.233
440.29 -0.234
440.274 -0.235
440.256 -0.236
440.238 -0.237
440.219 -0.238
440.199 -0.239
440.178 -0.24
440.156 -0.241
440.131 -0.242
440.105 -0.243
440.078 -0.244
440.05 -0.245
440.021 -0.246
439.989 -0.247
439.954 -0.248
439.911 -0.249
439.858 -0.25
439.792 -0.251
439.74 -0.252
439.684 -0.253
439.617 -0.254
439.583 -0.255
439.541 -0.256
439.493 -0.257
439.452 -0.258
439.409 -0.259
439.364 -0.26
439.323 -0.261
439.28 -0.262
439.241 -0.263
439.201 -0.264
439.165 -0.265
439.13 -0.266
439.093 -0.267
439.056 -0.268
439.019 -0.269
438.983 -0.27
438.947 -0.271
438.911 -0.272
438.875 -0.273
438.841 -0.274
438.807 -0.275
438.775 -0.276
438.742 -0.277
438.71 -0.278
438.679 -0.279
438.647 -0.28
438.614 -0.281
438.583 -0.282
438.551 -0.283
438.52 -0.284
438.488 -0.285
438.454 -0.286
438.421 -0.287
438.386 -0.288
438.352 -0.289
438.319 -0.29
438.287 -0.291
438.253 -0.292
438.219 -0.293
438.185 -0.294
438.151 -0.295
438.115 -0.296
438.079 -0.297
438.043 -0.298
438.007 -0.299
437.969 -0.3
437.931 -0.301
437.893 -0.302
437.854 -0.303
437.815 -0.304
437.775 -0.305
437.736 -0.306
437.696 -0.307
437.654 -0.308
437.612 -0.309
437.569 -0.31
437.527 -0.311
437.484 -0.312
437.441 -0.313
437.398 -0.314
437.355 -0.315
437.311 -0.316
437.267 -0.317
437.223 -0.318
437.178 -0.319
437.132 -0.32
437.086 -0.321
437.04 -0.322
436.992 -0.323
436.945 -0.324
436.896 -0.325
436.847 -0.326
436.796 -0.327
436.745 -0.328
436.692 -0.329
436.636 -0.33
436.577 -0.331
436.512 -0.332
436.443 -0.333
436.368 -0.334
436.288 -0.335
436.202 -0.336
436.108 -0.337
436.01 -0.338
435.91 -0.339
435.804 -0.34
435.696 -0.341
435.588 -0.342
435.481 -0.343
435.375 -0.344
435.273 -0.345
435.175 -0.346
435.081 -0.347
434.991 -0.348
434.903 -0.349
434.817 -0.35
434.735 -0.351
434.654 -0.352
434.575 -0.353
434.497 -0.354
434.422 -0.355
434.349 -0.356
434.28 -0.357
434.211 -0.358
434.142 -0.359
434.073 -0.36
434.004 -0.361
433.945 -0.362
433.886 -0.363
433.826 -0.364
433.77 -0.365
433.714 -0.366
433.66 -0.367
433.619 -0.368
433.58 -0.369
433.543 -0.37
433.51 -0.371
433.477 -0.372
433.445 -0.373
433.419 -0.374
433.395 -0.375
433.373 -0.376
433.352 -0.377
433.339 -0.378
433.332 -0.379
433.334 -0.38
433.344 -0.381
433.364 -0.382
433.387 -0.383
433.414 -0.384
433.445 -0.385
433.476 -0.386
433.509 -0.387
433.541 -0.388
433.573 -0.389
433.601 -0.39
433.622 -0.391
433.64 -0.392
433.659 -0.393
433.677 -0.394
433.69 -0.395
433.694 -0.396
433.695 -0.397
433.697 -0.398
433.699 -0.399
433.703 -0.4
433.708 -0.401
433.715 -0.402
433.723 -0.403
433.731 -0.404
433.739 -0.405
433.747 -0.406
433.759 -0.407
433.771 -0.408
433.784 -0.409
433.797 -0.41
433.81 -0.411
433.824 -0.412
433.839 -0.413
433.856 -0.414
433.873 -0.415
433.891 -0.416
433.91 -0.417
433.929 -0.418
433.948 -0.419
433.968 -0.42
433.99 -0.421
434.012 -0.422
434.036 -0.423
434.06 -0.424
434.084 -0.425
434.109 -0.426
434.134 -0.427
434.161 -0.428
434.189 -0.429
434.217 -0.43
434.246 -0.431
434.275 -0.432
434.304 -0.433
434.335 -0.434
434.366 -0.435
434.398 -0.436
434.431 -0.437
434.464 -0.438
434.5 -0.439
434.539 -0.44
434.58 -0.441
434.625 -0.442
434.672 -0.443
434.719 -0.444
434.766 -0.445
434.814 -0.446
434.862 -0.447
434.911 -0.448
434.96 -0.449
435.009 -0.45
435.059 -0.451
435.109 -0.452
435.16 -0.453
435.211 -0.454
435.263 -0.455
435.315 -0.456
435.369 -0.457
435.424 -0.458
435.482 -0.459
435.54 -0.46
435.6 -0.461
435.66 -0.462
435.721 -0.463
435.782 -0.464
435.844 -0.465
435.906 -0.466
435.968 -0.467
436.031 -0.468
436.094 -0.469
436.159 -0.47
436.223 -0.471
436.288 -0.472
436.354 -0.473
436.42 -0.474
436.487 -0.475
436.554 -0.476
436.622 -0.477
436.69 -0.478
436.759 -0.479
436.829 -0.48
436.898 -0.481
436.969 -0.482
437.04 -0.483
437.112 -0.484
437.184 -0.485
437.257 -0.486
437.331 -0.487
437.405 -0.488
437.479 -0.489
437.555 -0.49
437.631 -0.491
437.707 -0.492
437.784 -0.493
437.862 -0.494
437.941 -0.495
438.02 -0.496
438.1 -0.497
438.18 -0.498
438.26 -0.499
438.341 -0.5
438.423 -0.501
438.505 -0.502
438.587 -0.503
438.67 -0.504
438.754 -0.505
438.838 -0.506
438.922 -0.507
439.007 -0.508
439.092 -0.509
439.178 -0.51
439.265 -0.511
439.352 -0.512
439.44 -0.513
439.528 -0.514
439.616 -0.515
439.706 -0.516
439.795 -0.517
439.886 -0.518
439.977 -0.519
440.07 -0.52
440.169 -0.521
440.271 -0.522
440.373 -0.523
440.475 -0.524
440.578 -0.525
440.682 -0.526
440.786 -0.527
440.891 -0.528
440.997 -0.529
441.103 -0.53
441.209 -0.531
441.317 -0.532
441.425 -0.533
441.533 -0.534
441.642 -0.535
441.752 -0.536
441.862 -0.537
441.973 -0.538
442.085 -0.539
442.198 -0.54
442.318 -0.541
442.439 -0.542
442.561 -0.543
442.683 -0.544
442.806 -0.545
442.93 -0.546
443.054 -0.547
443.179 -0.548
443.305 -0.549
443.431 -0.55
443.557 -0.551
443.685 -0.552
443.812 -0.553
443.941 -0.554
444.07 -0.555
444.198 -0.556
444.323 -0.557
444.444 -0.558
444.566 -0.559
444.688 -0.56
444.811 -0.561
444.934 -0.562
445.058 -0.563
445.183 -0.564
445.308 -0.565
445.434 -0.566
445.56 -0.567
445.687 -0.568
445.814 -0.569
445.942 -0.57
446.07 -0.571
446.199 -0.572
446.328 -0.573
446.458 -0.574
446.589 -0.575
446.72 -0.576
446.852 -0.577
446.984 -0.578
447.117 -0.579
447.25 -0.58
447.384 -0.581
447.518 -0.582
447.653 -0.583
447.789 -0.584
447.928 -0.585
448.066 -0.586
448.206 -0.587
448.348 -0.588
448.49 -0.589
448.633 -0.59
448.777 -0.591
448.922 -0.592
449.068 -0.593
449.215 -0.594
449.363 -0.595
449.512 -0.596
449.663 -0.597
449.815 -0.598
449.968 -0.599
450.123 -0.6
450.278 -0.601
450.434 -0.602
450.591 -0.603
450.749 -0.604
450.908 -0.605
451.068 -0.606
451.229 -0.607
451.39 -0.608
451.552 -0.609
451.715 -0.61
451.878 -0.611
452.043 -0.612
452.208 -0.613
452.374 -0.614
452.541 -0.615
452.709 -0.616
452.877 -0.617
453.048 -0.618
453.22 -0.619
453.393 -0.62
453.568 -0.621
453.745 -0.622
453.924 -0.623
454.103 -0.624
454.284 -0.625
454.465 -0.626
454.648 -0.627
454.831 -0.628
455.014 -0.629
455.199 -0.63
455.384 -0.631
455.571 -0.632
455.758 -0.633
455.946 -0.634
456.134 -0.635
456.324 -0.636
456.514 -0.637
456.706 -0.638
456.898 -0.639
457.091 -0.64
457.285 -0.641
457.479 -0.642
457.675 -0.643
457.871 -0.644
458.068 -0.645
458.266 -0.646
458.465 -0.647
458.665 -0.648
458.866 -0.649
459.067 -0.65
459.27 -0.651
459.473 -0.652
459.677 -0.653
459.882 -0.654
460.088 -0.655
460.295 -0.656
460.503 -0.657
460.712 -0.658
460.921 -0.659
461.131 -0.66
461.343 -0.661
461.555 -0.662
461.768 -0.663
461.982 -0.664
462.196 -0.665
462.412 -0.666
462.629 -0.667
462.846 -0.668
463.065 -0.669
463.284 -0.67
463.504 -0.671
463.726 -0.672
463.948 -0.673
464.171 -0.674
464.395 -0.675
464.62 -0.676
464.846 -0.677
465.073 -0.678
465.3 -0.679
465.529 -0.68
465.759 -0.681
465.989 -0.682
466.221 -0.683
466.454 -0.684
466.687 -0.685
466.922 -0.686
467.157 -0.687
467.394 -0.688
467.631 -0.689
467.869 -0.69
468.109 -0.691
468.349 -0.692
468.591 -0.693
468.833 -0.694
469.076 -0.695
469.321 -0.696
469.566 -0.697
469.812 -0.698
470.058 -0.699
470.305 -0.7
470.553 -0.701
470.802 -0.702
471.051 -0.703
471.301 -0.704
471.553 -0.705
471.805 -0.706
472.057 -0.707
472.311 -0.708
472.565 -0.709
472.821 -0.71
473.077 -0.711
473.334 -0.712
473.591 -0.713
473.851 -0.714
474.11 -0.715
474.371 -0.716
474.631 -0.717
474.893 -0.718
475.157 -0.719
475.42 -0.72
475.685 -0.721
475.949 -0.722
476.215 -0.723
476.482 -0.724
476.751 -0.725
477.02 -0.726
477.29 -0.727
477.561 -0.728
477.834 -0.729
478.107 -0.73
478.382 -0.731
478.658 -0.732
478.935 -0.733
479.213 -0.734
479.492 -0.735
479.772 -0.736
480.053 -0.737
480.335 -0.738
480.619 -0.739
480.903 -0.74
481.188 -0.741
481.474 -0.742
481.762 -0.743
482.05 -0.744
482.34 -0.745
482.63 -0.746
482.922 -0.747
483.214 -0.748
483.508 -0.749
483.803 -0.75
484.099 -0.751
484.396 -0.752
484.693 -0.753
484.992 -0.754
485.291 -0.755
485.591 -0.756
485.892 -0.757
486.194 -0.758
486.497 -0.759
486.801 -0.76
487.106 -0.761
487.412 -0.762
487.718 -0.763
488.026 -0.764
488.335 -0.765
488.645 -0.766
488.957 -0.767
489.269 -0.768
489.581 -0.769
489.892 -0.77
490.204 -0.771
490.517 -0.772
490.831 -0.773
491.147 -0.774
491.463 -0.775
491.78 -0.776
492.099 -0.777
492.418 -0.778
492.739 -0.779
493.06 -0.78
493.381 -0.781
493.704 -0.782
494.027 -0.783
494.352 -0.784
494.677 -0.785
495.003 -0.786
495.33 -0.787
495.658 -0.788
495.987 -0.789
496.318 -0.79
496.649 -0.791
496.981 -0.792
497.314 -0.793
497.647 -0.794
497.981 -0.795
498.316 -0.796
498.652 -0.797
498.988 -0.798
499.325 -0.799
499.664 -0.8
