14.4704 -0.001
28.8861 -0.002
43.2474 -0.003
57.5544 -0.004
71.807 -0.005
86.0055 -0.006
100.15 -0.007
114.24 -0.008
128.277 -0.009
142.26 -0.01
156.189 -0.011
170.064 -0.012
183.886 -0.013
197.654 -0.014
211.369 -0.015
225.03 -0.016
238.639 -0.017
252.193 -0.018
265.695 -0.019
279.143 -0.02
292.538 -0.021
305.88 -0.022
319.169 -0.023
332.405 -0.024
345.588 -0.025
358.717 -0.026
371.793 -0.027
384.816 -0.028
397.786 -0.029
410.703 -0.03
423.566 -0.031
436.376 -0.032
449.132 -0.033
461.835 -0.034
474.439 -0.035
486.77 -0.036
498.729 -0.037
510.089 -0.038
521.016 -0.039
531.324 -0.04
541.42 -0.041
551.263 -0.042
560.921 -0.043
570.313 -0.044
579.113 -0.045
587.136 -0.046
594.083 -0.047
599.071 -0.048
603.265 -0.049
607.413 -0.05
611.508 -0.051
615.557 -0.052
619.548 -0.053
623.469 -0.054
627.362 -0.055
631.216 -0.056
634.977 -0.057
638.703 -0.058
642.376 -0.059
645.892 -0.06
649.304 -0.061
652.406 -0.062
655.432 -0.063
658.242 -0.064
660.613 -0.065
662.923 -0.066
664.883 -0.067
666.445 -0.068
667.458 -0.069
668.27 -0.07
669.042 -0.071
669.758 -0.072
670.429 -0.073
671.045 -0.074
671.601 -0.075
672.133 -0.076
672.62 -0.077
673.055 -0.078
673.462 -0.079
673.842 -0.08
674.162 -0.081
674.428 -0.082
674.677 -0.083
674.912 -0.084
675.104 -0.085
675.261 -0.086
675.395 -0.087
675.495 -0.088
675.577 -0.089
675.651 -0.09
675.717 -0.091
675.773 -0.092
675.821 -0.093
675.862 -0.094
675.896 -0.095
675.923 -0.096
675.943 -0.097
675.956 -0.098
675.958 -0.099
675.946 -0.1
675.924 -0.101
675.89 -0.102
675.845 -0.103
675.795 -0.104
675.739 -0.105
675.678 -0.106
675.608 -0.107
675.518 -0.108
675.416 -0.109
675.311 -0.11
675.203 -0.111
675.087 -0.112
674.963 -0.113
674.833 -0.114
674.697 -0.115
674.541 -0.116
674.37 -0.117
674.197 -0.118
674.023 -0.119
673.845 -0.12
673.663 -0.121
673.477 -0.122
673.286 -0.123
673.079 -0.124
672.857 -0.125
672.634 -0.126
672.41 -0.127
672.186 -0.128
671.952 -0.129
671.711 -0.13
671.466 -0.131
671.22 -0.132
670.974 -0.133
670.728 -0.134
670.48 -0.135
670.233 -0.136
669.987 -0.137
669.74 -0.138
669.494 -0.139
669.247 -0.14
669.001 -0.141
668.756 -0.142
668.51 -0.143
668.265 -0.144
668.019 -0.145
667.774 -0.146
667.53 -0.147
667.285 -0.148
667.041 -0.149
666.798 -0.15
666.552 -0.151
666.306 -0.152
666.059 -0.153
665.809 -0.154
665.559 -0.155
665.306 -0.156
665.055 -0.157
664.804 -0.158
664.554 -0.159
664.304 -0.16
664.056 -0.161
663.808 -0.162
663.561 -0.163
663.315 -0.164
663.07 -0.165
662.826 -0.166
662.584 -0.167
662.342 -0.168
662.102 -0.169
661.863 -0.17
661.625 -0.171
661.388 -0.172
661.153 -0.173
660.919 -0.174
660.686 -0.175
660.455 -0.176
660.225 -0.177
659.996 -0.178
659.769 -0.179
659.544 -0.18
659.319 -0.181
659.091 -0.182
658.863 -0.183
658.632 -0.184
658.4 -0.185
658.167 -0.186
657.931 -0.187
657.695 -0.188
657.461 -0.189
657.228 -0.19
656.999 -0.191
656.771 -0.192
656.546 -0.193
656.323 -0.194
656.101 -0.195
655.881 -0.196
655.663 -0.197
655.447 -0.198
655.233 -0.199
655.022 -0.2
654.811 -0.201
654.603 -0.202
654.396 -0.203
654.192 -0.204
653.99 -0.205
653.789 -0.206
653.59 -0.207
653.391 -0.208
653.191 -0.209
652.99 -0.21
652.791 -0.211
652.594 -0.212
652.398 -0.213
652.204 -0.214
652.011 -0.215
651.818 -0.216
651.627 -0.217
651.437 -0.218
651.249 -0.219
651.062 -0.22
650.878 -0.221
650.695 -0.222
650.513 -0.223
650.334 -0.224
650.156 -0.225
649.98 -0.226
649.806 -0.227
649.633 -0.228
649.461 -0.229
649.292 -0.23
649.124 -0.231
648.958 -0.232
648.795 -0.233
648.633 -0.234
648.474 -0.235
648.318 -0.236
648.164 -0.237
648.012 -0.238
647.862 -0.239
647.712 -0.24
647.564 -0.241
647.417 -0.242
647.274 -0.243
647.133 -0.244
646.995 -0.245
646.858 -0.246
646.725 -0.247
646.594 -0.248
646.466 -0.249
646.34 -0.25
646.217 -0.251
646.091 -0.252
645.968 -0.253
645.847 -0.254
645.728 -0.255
645.613 -0.256
645.499 -0.257
645.388 -0.258
645.28 -0.259
645.174 -0.26
645.07 -0.261
644.967 -0.262
644.862 -0.263
644.759 -0.264
644.658 -0.265
644.56 -0.266
644.464 -0.267
644.371 -0.268
644.28 -0.269
644.191 -0.27
644.105 -0.271
644.021 -0.272
643.935 -0.273
643.851 -0.274
643.768 -0.275
643.688 -0.276
643.61 -0.277
643.534 -0.278
643.461 -0.279
643.391 -0.28
643.323 -0.281
643.257 -0.282
643.187 -0.283
643.118 -0.284
643.049 -0.285
642.983 -0.286
642.92 -0.287
642.858 -0.288
642.798 -0.289
642.742 -0.29
642.686 -0.291
642.631 -0.292
642.576 -0.293
642.522 -0.294
642.47 -0.295
642.419 -0.296
642.371 -0.297
642.322 -0.298
642.276 -0.299
642.232 -0.3
642.187 -0.301
642.145 -0.302
642.105 -0.303
642.068 -0.304
642.032 -0.305
641.999 -0.306
641.969 -0.307
641.942 -0.308
641.916 -0.309
641.888 -0.31
641.862 -0.311
641.839 -0.312
641.817 -0.313
641.797 -0.314
641.78 -0.315
641.766 -0.316
641.755 -0.317
641.747 -0.318
641.739 -0.319
641.732 -0.32
641.725 -0.321
641.72 -0.322
641.715 -0.323
641.712 -0.324
641.712 -0.325
641.715 -0.326
641.721 -0.327
641.727 -0.328
641.734 -0.329
641.745 -0.33
641.749 -0.331
641.753 -0.332
641.76 -0.333
641.769 -0.334
641.782 -0.335
641.795 -0.336
641.81 -0.337
641.824 -0.338
641.84 -0.339
641.856 -0.34
641.875 -0.341
641.896 -0.342
641.921 -0.343
641.949 -0.344
641.975 -0.345
642.004 -0.346
642.036 -0.347
642.068 -0.348
642.104 -0.349
642.143 -0.35
642.183 -0.351
642.223 -0.352
642.267 -0.353
642.313 -0.354
642.362 -0.355
642.413 -0.356
642.466 -0.357
642.519 -0.358
642.575 -0.359
642.634 -0.36
642.696 -0.361
642.762 -0.362
642.828 -0.363
642.894 -0.364
642.963 -0.365
643.036 -0.366
643.113 -0.367
643.192 -0.368
643.276 -0.369
643.363 -0.37
643.454 -0.371
643.548 -0.372
643.646 -0.373
643.748 -0.374
643.854 -0.375
643.963 -0.376
644.076 -0.377
644.187 -0.378
644.302 -0.379
644.42 -0.38
644.543 -0.381
644.669 -0.382
644.8 -0.383
644.932 -0.384
645.064 -0.385
645.2 -0.386
645.34 -0.387
645.484 -0.388
645.632 -0.389
645.782 -0.39
645.933 -0.391
646.086 -0.392
646.242 -0.393
646.401 -0.394
646.564 -0.395
646.727 -0.396
646.894 -0.397
647.061 -0.398
647.233 -0.399
647.407 -0.4
647.583 -0.401
647.762 -0.402
647.943 -0.403
648.123 -0.404
648.306 -0.405
648.493 -0.406
648.684 -0.407
648.878 -0.408
649.074 -0.409
649.269 -0.41
649.468 -0.411
649.671 -0.412
649.878 -0.413
650.09 -0.414
650.305 -0.415
650.523 -0.416
650.743 -0.417
650.967 -0.418
651.195 -0.419
651.429 -0.42
651.666 -0.421
651.907 -0.422
652.151 -0.423
652.398 -0.424
652.649 -0.425
652.904 -0.426
653.165 -0.427
653.429 -0.428
653.697 -0.429
653.967 -0.43
654.241 -0.431
654.52 -0.432
654.802 -0.433
655.087 -0.434
655.377 -0.435
655.671 -0.436
655.97 -0.437
656.274 -0.438
656.582 -0.439
656.893 -0.44
657.207 -0.441
657.526 -0.442
657.85 -0.443
658.178 -0.444
658.511 -0.445
658.847 -0.446
659.186 -0.447
659.529 -0.448
659.875 -0.449
660.225 -0.45
660.58 -0.451
660.939 -0.452
661.298 -0.453
661.66 -0.454
662.025 -0.455
662.394 -0.456
662.768 -0.457
663.143 -0.458
663.522 -0.459
663.905 -0.46
664.29 -0.461
664.679 -0.462
665.07 -0.463
665.465 -0.464
665.865 -0.465
666.271 -0.466
666.68 -0.467
667.089 -0.468
667.503 -0.469
667.921 -0.47
668.343 -0.471
668.768 -0.472
669.197 -0.473
669.631 -0.474
670.07 -0.475
670.513 -0.476
670.958 -0.477
671.407 -0.478
671.86 -0.479
672.319 -0.48
672.782 -0.481
673.249 -0.482
673.719 -0.483
674.193 -0.484
674.671 -0.485
675.153 -0.486
675.64 -0.487
676.132 -0.488
676.626 -0.489
677.126 -0.49
677.63 -0.491
678.14 -0.492
678.655 -0.493
679.173 -0.494
679.694 -0.495
680.22 -0.496
680.749 -0.497
681.282 -0.498
681.821 -0.499
682.362 -0.5
682.907 -0.501
683.457 -0.502
684.01 -0.503
684.57 -0.504
685.134 -0.505
685.702 -0.506
686.275 -0.507
686.852 -0.508
687.431 -0.509
688.014 -0.51
688.601 -0.511
689.19 -0.512
689.782 -0.513
690.379 -0.514
690.98 -0.515
691.585 -0.516
692.196 -0.517
692.811 -0.518
693.431 -0.519
694.056 -0.52
694.683 -0.521
695.315 -0.522
695.951 -0.523
696.59 -0.524
697.231 -0.525
697.878 -0.526
698.529 -0.527
699.183 -0.528
699.841 -0.529
700.504 -0.53
701.171 -0.531
701.842 -0.532
702.518 -0.533
703.199 -0.534
703.885 -0.535
704.572 -0.536
705.26 -0.537
705.953 -0.538
706.65 -0.539
707.351 -0.54
708.057 -0.541
708.768 -0.542
709.481 -0.543
710.197 -0.544
710.915 -0.545
711.638 -0.546
712.365 -0.547
713.095 -0.548
713.829 -0.549
714.565 -0.55
715.305 -0.551
716.048 -0.552
716.795 -0.553
717.545 -0.554
718.297 -0.555
719.049 -0.556
719.801 -0.557
720.552 -0.558
721.306 -0.559
722.064 -0.56
722.829 -0.561
723.596 -0.562
724.361 -0.563
725.124 -0.564
725.89 -0.565
726.657 -0.566
727.427 -0.567
728.194 -0.568
728.961 -0.569
729.73 -0.57
730.501 -0.571
731.279 -0.572
732.056 -0.573
732.835 -0.574
733.617 -0.575
734.402 -0.576
735.186 -0.577
735.97 -0.578
736.755 -0.579
737.539 -0.58
738.326 -0.581
739.115 -0.582
739.906 -0.583
740.694 -0.584
741.486 -0.585
742.282 -0.586
743.078 -0.587
743.873 -0.588
744.674 -0.589
745.479 -0.59
746.285 -0.591
747.092 -0.592
747.904 -0.593
748.721 -0.594
749.543 -0.595
750.37 -0.596
751.201 -0.597
752.038 -0.598
752.88 -0.599
753.727 -0.6
754.578 -0.601
755.434 -0.602
756.295 -0.603
757.16 -0.604
758.029 -0.605
758.902 -0.606
759.779 -0.607
760.66 -0.608
761.545 -0.609
762.434 -0.61
763.323 -0.611
764.217 -0.612
765.116 -0.613
766.018 -0.614
766.922 -0.615
767.829 -0.616
768.738 -0.617
769.651 -0.618
770.567 -0.619
771.487 -0.62
772.41 -0.621
773.338 -0.622
774.268 -0.623
775.2 -0.624
776.134 -0.625
777.07 -0.626
778.008 -0.627
778.95 -0.628
779.894 -0.629
780.839 -0.63
781.788 -0.631
782.741 -0.632
783.698 -0.633
784.659 -0.634
785.623 -0.635
786.592 -0.636
787.566 -0.637
788.543 -0.638
789.523 -0.639
790.507 -0.64
791.497 -0.641
792.491 -0.642
793.49 -0.643
794.495 -0.644
795.504 -0.645
796.519 -0.646
797.539 -0.647
798.563 -0.648
799.592 -0.649
800.625 -0.65
801.662 -0.651
802.698 -0.652
803.732 -0.653
804.771 -0.654
805.796 -0.655
806.826 -0.656
807.826 -0.657
808.814 -0.658
809.796 -0.659
810.765 -0.66
811.727 -0.661
812.685 -0.662
813.637 -0.663
814.581 -0.664
815.523 -0.665
816.46 -0.666
817.401 -0.667
818.342 -0.668
819.27 -0.669
820.201 -0.67
821.137 -0.671
822.076 -0.672
823.021 -0.673
823.969 -0.674
824.922 -0.675
825.879 -0.676
826.84 -0.677
827.806 -0.678
828.776 -0.679
829.75 -0.68
830.729 -0.681
831.712 -0.682
832.699 -0.683
833.691 -0.684
834.686 -0.685
835.686 -0.686
836.691 -0.687
837.699 -0.688
838.712 -0.689
839.73 -0.69
840.752 -0.691
841.779 -0.692
842.81 -0.693
843.845 -0.694
844.885 -0.695
845.93 -0.696
846.979 -0.697
848.033 -0.698
849.091 -0.699
850.154 -0.7
851.221 -0.701
852.29 -0.702
853.349 -0.703
854.412 -0.704
855.479 -0.705
856.551 -0.706
857.625 -0.707
858.684 -0.708
859.747 -0.709
860.815 -0.71
861.886 -0.711
862.949 -0.712
864.004 -0.713
865.062 -0.714
866.122 -0.715
867.177 -0.716
868.208 -0.717
869.235 -0.718
870.257 -0.719
871.271 -0.72
872.273 -0.721
873.26 -0.722
874.227 -0.723
875.239 -0.724
876.356 -0.725
877.442 -0.726
878.524 -0.727
879.595 -0.728
880.65 -0.729
881.667 -0.73
882.68 -0.731
883.696 -0.732
884.714 -0.733
885.694 -0.734
886.559 -0.735
887.148 -0.736
887.699 -0.737
888.255 -0.738
888.808 -0.739
889.358 -0.74
889.904 -0.741
890.441 -0.742
890.97 -0.743
891.488 -0.744
891.99 -0.745
892.475 -0.746
892.936 -0.747
893.377 -0.748
893.854 -0.749
894.466 -0.75
895.103 -0.751
895.712 -0.752
896.321 -0.753
896.93 -0.754
897.529 -0.755
898.089 -0.756
898.648 -0.757
899.206 -0.758
899.766 -0.759
900.325 -0.76
900.884 -0.761
901.443 -0.762
902.003 -0.763
902.562 -0.764
903.122 -0.765
903.681 -0.766
904.241 -0.767
904.8 -0.768
905.36 -0.769
905.919 -0.77
906.479 -0.771
907.039 -0.772
907.598 -0.773
908.158 -0.774
908.718 -0.775
909.278 -0.776
909.838 -0.777
910.398 -0.778
910.958 -0.779
911.518 -0.78
912.079 -0.781
912.639 -0.782
913.2 -0.783
913.76 -0.784
914.321 -0.785
914.882 -0.786
915.443 -0.787
916.004 -0.788
916.565 -0.789
917.127 -0.79
917.688 -0.791
918.249 -0.792
918.812 -0.793
919.374 -0.794
919.938 -0.795
920.502 -0.796
921.066 -0.797
921.631 -0.798
922.196 -0.799
922.761 -0.8
923.325 -0.801
923.89 -0.802
924.456 -0.803
925.021 -0.804
925.586 -0.805
926.152 -0.806
926.717 -0.807
927.283 -0.808
927.849 -0.809
928.415 -0.81
928.981 -0.811
929.547 -0.812
930.113 -0.813
930.68 -0.814
931.246 -0.815
931.813 -0.816
932.38 -0.817
932.946 -0.818
933.513 -0.819
934.08 -0.82
934.648 -0.821
935.215 -0.822
935.782 -0.823
936.35 -0.824
936.918 -0.825
937.485 -0.826
938.053 -0.827
938.621 -0.828
939.19 -0.829
939.758 -0.83
940.326 -0.831
940.895 -0.832
941.463 -0.833
942.032 -0.834
942.601 -0.835
943.17 -0.836
943.739 -0.837
944.308 -0.838
944.878 -0.839
945.447 -0.84
946.017 -0.841
946.587 -0.842
947.156 -0.843
947.726 -0.844
948.297 -0.845
948.867 -0.846
949.437 -0.847
950.008 -0.848
950.578 -0.849
951.149 -0.85
951.72 -0.851
952.291 -0.852
952.862 -0.853
953.433 -0.854
954.005 -0.855
954.576 -0.856
955.148 -0.857
955.719 -0.858
956.291 -0.859
956.863 -0.86
957.435 -0.861
958.007 -0.862
958.58 -0.863
959.152 -0.864
959.725 -0.865
960.298 -0.866
960.87 -0.867
961.443 -0.868
962.016 -0.869
962.59 -0.87
963.163 -0.871
963.736 -0.872
964.309 -0.873
964.883 -0.874
965.456 -0.875
966.03 -0.876
966.603 -0.877
967.177 -0.878
967.75 -0.879
968.324 -0.88
968.898 -0.881
969.471 -0.882
970.045 -0.883
970.619 -0.884
971.193 -0.885
971.767 -0.886
972.341 -0.887
972.916 -0.888
973.49 -0.889
974.064 -0.89
974.639 -0.891
975.214 -0.892
975.789 -0.893
976.363 -0.894
976.938 -0.895
977.514 -0.896
978.089 -0.897
978.664 -0.898
979.24 -0.899
979.816 -0.9
