12.5657 -0.001
25.1185 -0.002
37.6592 -0.003
50.1872 -0.004
62.7026 -0.005
75.2053 -0.006
87.6952 -0.007
100.172 -0.008
112.636 -0.009
125.087 -0.01
137.525 -0.011
149.949 -0.012
162.36 -0.013
174.758 -0.014
187.142 -0.015
199.512 -0.016
211.869 -0.017
224.212 -0.018
236.541 -0.019
248.855 -0.02
261.156 -0.021
273.442 -0.022
285.714 -0.023
297.971 -0.024
310.214 -0.025
322.441 -0.026
334.654 -0.027
346.852 -0.028
359.035 -0.029
371.202 -0.03
383.354 -0.031
395.49 -0.032
407.611 -0.033
419.716 -0.034
431.805 -0.035
443.877 -0.036
455.934 -0.037
467.889 -0.038
479.375 -0.039
490.132 -0.04
499.878 -0.041
508.324 -0.042
516.706 -0.043
525.073 -0.044
533.398 -0.045
541.646 -0.046
549.715 -0.047
557.704 -0.048
565.389 -0.049
572.962 -0.05
580.162 -0.051
586.958 -0.052
593.537 -0.053
599.906 -0.054
605.727 -0.055
611.024 -0.056
615.386 -0.057
618.971 -0.058
621.346 -0.059
623.259 -0.06
624.956 -0.061
626.228 -0.062
627.067 -0.063
627.789 -0.064
628.485 -0.065
629.174 -0.066
629.841 -0.067
630.484 -0.068
631.104 -0.069
631.708 -0.07
632.301 -0.071
632.892 -0.072
633.475 -0.073
634.047 -0.074
634.609 -0.075
635.164 -0.076
635.716 -0.077
636.26 -0.078
636.79 -0.079
637.304 -0.08
637.805 -0.081
638.291 -0.082
638.768 -0.083
639.232 -0.084
639.684 -0.085
640.12 -0.086
640.545 -0.087
640.96 -0.088
641.36 -0.089
641.745 -0.09
642.114 -0.091
642.469 -0.092
642.812 -0.093
643.153 -0.094
643.489 -0.095
643.816 -0.096
644.134 -0.097
644.442 -0.098
644.742 -0.099
645.033 -0.1
645.317 -0.101
645.595 -0.102
645.869 -0.103
646.139 -0.104
646.405 -0.105
646.671 -0.106
646.934 -0.107
647.197 -0.108
647.458 -0.109
647.719 -0.11
647.98 -0.111
648.239 -0.112
648.498 -0.113
648.756 -0.114
649.013 -0.115
649.27 -0.116
649.526 -0.117
649.78 -0.118
650.033 -0.119
650.285 -0.12
650.536 -0.121
650.786 -0.122
651.034 -0.123
651.281 -0.124
651.527 -0.125
651.772 -0.126
652.016 -0.127
652.259 -0.128
652.501 -0.129
652.741 -0.13
652.98 -0.131
653.217 -0.132
653.452 -0.133
653.686 -0.134
653.919 -0.135
654.15 -0.136
654.379 -0.137
654.606 -0.138
654.832 -0.139
655.055 -0.14
655.277 -0.141
655.499 -0.142
655.719 -0.143
655.938 -0.144
656.155 -0.145
656.371 -0.146
656.583 -0.147
656.794 -0.148
657.001 -0.149
657.207 -0.15
657.41 -0.151
657.611 -0.152
657.811 -0.153
658.007 -0.154
658.203 -0.155
658.395 -0.156
658.587 -0.157
658.777 -0.158
658.966 -0.159
659.154 -0.16
659.339 -0.161
659.524 -0.162
659.706 -0.163
659.887 -0.164
660.066 -0.165
660.243 -0.166
660.418 -0.167
660.59 -0.168
660.761 -0.169
660.93 -0.17
661.096 -0.171
661.261 -0.172
661.423 -0.173
661.581 -0.174
661.738 -0.175
661.893 -0.176
662.047 -0.177
662.199 -0.178
662.349 -0.179
662.498 -0.18
662.647 -0.181
662.793 -0.182
662.938 -0.183
663.082 -0.184
663.225 -0.185
663.366 -0.186
663.504 -0.187
663.642 -0.188
663.779 -0.189
663.914 -0.19
664.049 -0.191
664.182 -0.192
664.314 -0.193
664.445 -0.194
664.575 -0.195
664.704 -0.196
664.831 -0.197
664.957 -0.198
665.082 -0.199
665.206 -0.2
665.329 -0.201
665.452 -0.202
665.572 -0.203
665.692 -0.204
665.81 -0.205
665.928 -0.206
666.046 -0.207
666.162 -0.208
666.279 -0.209
666.393 -0.21
666.506 -0.211
666.619 -0.212
666.731 -0.213
666.842 -0.214
666.953 -0.215
667.064 -0.216
667.174 -0.217
667.284 -0.218
667.394 -0.219
667.504 -0.22
667.613 -0.221
667.721 -0.222
667.829 -0.223
667.936 -0.224
668.043 -0.225
668.149 -0.226
668.255 -0.227
668.36 -0.228
668.464 -0.229
668.568 -0.23
668.672 -0.231
668.775 -0.232
668.878 -0.233
668.981 -0.234
669.083 -0.235
669.185 -0.236
669.287 -0.237
669.389 -0.238
669.491 -0.239
669.592 -0.24
669.693 -0.241
669.793 -0.242
669.894 -0.243
669.994 -0.244
670.094 -0.245
670.194 -0.246
670.293 -0.247
670.392 -0.248
670.491 -0.249
670.589 -0.25
670.688 -0.251
670.785 -0.252
670.882 -0.253
670.979 -0.254
671.075 -0.255
671.171 -0.256
671.267 -0.257
671.363 -0.258
671.459 -0.259
671.554 -0.26
671.649 -0.261
671.744 -0.262
671.838 -0.263
671.933 -0.264
672.027 -0.265
672.121 -0.266
672.215 -0.267
672.308 -0.268
672.402 -0.269
672.495 -0.27
672.588 -0.271
672.68 -0.272
672.773 -0.273
672.865 -0.274
672.957 -0.275
673.049 -0.276
673.141 -0.277
673.232 -0.278
673.324 -0.279
673.415 -0.28
673.506 -0.281
673.597 -0.282
673.687 -0.283
673.777 -0.284
673.866 -0.285
673.955 -0.286
674.044 -0.287
674.133 -0.288
674.222 -0.289
674.31 -0.29
674.398 -0.291
674.486 -0.292
674.574 -0.293
674.662 -0.294
674.749 -0.295
674.837 -0.296
674.924 -0.297
675.011 -0.298
675.098 -0.299
675.184 -0.3
675.271 -0.301
675.357 -0.302
675.442 -0.303
675.528 -0.304
675.614 -0.305
675.699 -0.306
675.784 -0.307
675.869 -0.308
675.954 -0.309
676.039 -0.31
676.124 -0.311
676.208 -0.312
676.292 -0.313
676.377 -0.314
676.461 -0.315
676.545 -0.316
676.628 -0.317
676.712 -0.318
676.796 -0.319
676.879 -0.32
676.962 -0.321
677.045 -0.322
677.128 -0.323
677.211 -0.324
677.294 -0.325
677.376 -0.326
677.459 -0.327
677.541 -0.328
677.624 -0.329
677.706 -0.33
677.788 -0.331
677.87 -0.332
677.951 -0.333
678.033 -0.334
678.115 -0.335
678.196 -0.336
678.277 -0.337
678.358 -0.338
678.439 -0.339
678.52 -0.34
678.601 -0.341
678.682 -0.342
678.762 -0.343
678.842 -0.344
678.923 -0.345
679.003 -0.346
679.083 -0.347
679.163 -0.348
679.243 -0.349
679.323 -0.35
679.403 -0.351
679.482 -0.352
679.562 -0.353
679.641 -0.354
679.72 -0.355
679.799 -0.356
679.878 -0.357
679.957 -0.358
680.035 -0.359
680.114 -0.36
680.193 -0.361
680.271 -0.362
680.35 -0.363
680.428 -0.364
680.506 -0.365
680.585 -0.366
680.663 -0.367
680.741 -0.368
680.819 -0.369
680.897 -0.37
680.975 -0.371
681.052 -0.372
681.13 -0.373
681.208 -0.374
681.285 -0.375
681.363 -0.376
681.44 -0.377
681.518 -0.378
681.595 -0.379
681.673 -0.38
681.75 -0.381
681.827 -0.382
681.904 -0.383
681.981 -0.384
682.058 -0.385
682.135 -0.386
682.212 -0.387
682.289 -0.388
682.366 -0.389
682.443 -0.39
682.52 -0.391
682.596 -0.392
682.673 -0.393
682.75 -0.394
682.826 -0.395
682.903 -0.396
682.979 -0.397
683.056 -0.398
683.132 -0.399
683.208 -0.4
683.285 -0.401
683.361 -0.402
683.437 -0.403
683.514 -0.404
683.59 -0.405
683.666 -0.406
683.742 -0.407
683.818 -0.408
683.894 -0.409
683.97 -0.41
684.046 -0.411
684.122 -0.412
684.198 -0.413
684.274 -0.414
684.35 -0.415
684.426 -0.416
684.502 -0.417
684.577 -0.418
684.653 -0.419
684.729 -0.42
684.804 -0.421
684.88 -0.422
684.956 -0.423
685.031 -0.424
685.107 -0.425
685.183 -0.426
685.259 -0.427
685.334 -0.428
685.41 -0.429
685.486 -0.43
685.561 -0.431
685.637 -0.432
685.713 -0.433
685.789 -0.434
685.864 -0.435
685.94 -0.436
686.016 -0.437
686.092 -0.438
686.168 -0.439
686.243 -0.44
686.319 -0.441
686.395 -0.442
686.471 -0.443
686.547 -0.444
686.623 -0.445
686.699 -0.446
686.775 -0.447
686.851 -0.448
686.927 -0.449
687.004 -0.45
687.08 -0.451
687.156 -0.452
687.232 -0.453
687.309 -0.454
687.385 -0.455
687.461 -0.456
687.538 -0.457
687.614 -0.458
687.691 -0.459
687.767 -0.46
687.844 -0.461
687.92 -0.462
687.997 -0.463
688.074 -0.464
688.151 -0.465
688.228 -0.466
688.305 -0.467
688.382 -0.468
688.459 -0.469
688.536 -0.47
688.613 -0.471
688.69 -0.472
688.767 -0.473
688.844 -0.474
688.922 -0.475
688.999 -0.476
689.076 -0.477
689.153 -0.478
689.231 -0.479
689.308 -0.48
689.385 -0.481
689.462 -0.482
689.54 -0.483
689.617 -0.484
689.695 -0.485
689.772 -0.486
689.85 -0.487
689.928 -0.488
690.006 -0.489
690.083 -0.49
690.161 -0.491
690.24 -0.492
690.318 -0.493
690.396 -0.494
690.475 -0.495
690.553 -0.496
690.632 -0.497
690.71 -0.498
690.789 -0.499
690.868 -0.5
690.947 -0.501
691.026 -0.502
691.105 -0.503
691.184 -0.504
691.264 -0.505
691.343 -0.506
691.423 -0.507
691.503 -0.508
691.582 -0.509
691.662 -0.51
691.742 -0.511
691.823 -0.512
691.903 -0.513
691.983 -0.514
692.064 -0.515
692.144 -0.516
692.225 -0.517
692.306 -0.518
692.387 -0.519
692.468 -0.52
692.549 -0.521
692.631 -0.522
692.712 -0.523
692.794 -0.524
692.875 -0.525
692.957 -0.526
693.039 -0.527
693.121 -0.528
693.204 -0.529
693.286 -0.53
693.368 -0.531
693.451 -0.532
693.534 -0.533
693.617 -0.534
693.7 -0.535
693.783 -0.536
693.867 -0.537
693.95 -0.538
694.034 -0.539
694.118 -0.54
694.202 -0.541
694.286 -0.542
694.37 -0.543
694.455 -0.544
694.539 -0.545
694.624 -0.546
694.709 -0.547
694.794 -0.548
694.879 -0.549
694.965 -0.55
695.05 -0.551
695.136 -0.552
695.222 -0.553
695.308 -0.554
695.394 -0.555
695.48 -0.556
695.567 -0.557
695.653 -0.558
695.74 -0.559
695.827 -0.56
695.914 -0.561
696.002 -0.562
696.089 -0.563
696.177 -0.564
696.265 -0.565
696.353 -0.566
696.441 -0.567
696.529 -0.568
696.618 -0.569
696.707 -0.57
696.796 -0.571
696.885 -0.572
696.974 -0.573
697.064 -0.574
697.153 -0.575
697.243 -0.576
697.333 -0.577
697.423 -0.578
697.514 -0.579
697.604 -0.58
697.695 -0.581
697.786 -0.582
697.877 -0.583
697.969 -0.584
698.06 -0.585
698.152 -0.586
698.244 -0.587
698.336 -0.588
698.429 -0.589
698.521 -0.59
698.614 -0.591
698.707 -0.592
698.8 -0.593
698.894 -0.594
698.987 -0.595
699.081 -0.596
699.175 -0.597
699.27 -0.598
699.364 -0.599
699.459 -0.6
699.554 -0.601
699.649 -0.602
699.745 -0.603
699.84 -0.604
699.936 -0.605
700.032 -0.606
700.129 -0.607
700.225 -0.608
700.322 -0.609
700.419 -0.61
700.516 -0.611
700.614 -0.612
700.711 -0.613
700.809 -0.614
700.908 -0.615
701.006 -0.616
701.105 -0.617
701.204 -0.618
701.303 -0.619
701.402 -0.62
701.502 -0.621
701.602 -0.622
701.702 -0.623
701.802 -0.624
701.903 -0.625
702.004 -0.626
702.105 -0.627
702.206 -0.628
702.308 -0.629
702.41 -0.63
702.512 -0.631
702.614 -0.632
702.717 -0.633
702.82 -0.634
702.923 -0.635
703.027 -0.636
703.13 -0.637
703.234 -0.638
703.338 -0.639
703.443 -0.64
703.548 -0.641
703.653 -0.642
703.758 -0.643
703.864 -0.644
703.97 -0.645
704.076 -0.646
704.182 -0.647
704.289 -0.648
704.396 -0.649
704.503 -0.65
704.611 -0.651
704.719 -0.652
704.827 -0.653
704.935 -0.654
705.044 -0.655
705.153 -0.656
705.262 -0.657
705.372 -0.658
705.481 -0.659
705.592 -0.66
705.702 -0.661
705.813 -0.662
705.924 -0.663
706.035 -0.664
706.147 -0.665
706.259 -0.666
706.371 -0.667
706.483 -0.668
706.596 -0.669
706.709 -0.67
706.822 -0.671
706.936 -0.672
707.05 -0.673
707.164 -0.674
707.278 -0.675
707.393 -0.676
707.508 -0.677
707.624 -0.678
707.739 -0.679
707.856 -0.68
707.972 -0.681
708.089 -0.682
708.206 -0.683
708.323 -0.684
708.44 -0.685
708.558 -0.686
708.677 -0.687
708.795 -0.688
708.914 -0.689
709.033 -0.69
709.153 -0.691
709.273 -0.692
709.393 -0.693
709.514 -0.694
709.635 -0.695
709.756 -0.696
709.877 -0.697
709.999 -0.698
710.121 -0.699
710.244 -0.7
710.367 -0.701
710.49 -0.702
710.614 -0.703
710.738 -0.704
710.862 -0.705
710.987 -0.706
711.112 -0.707
711.237 -0.708
711.363 -0.709
711.489 -0.71
711.615 -0.711
711.742 -0.712
711.869 -0.713
711.996 -0.714
712.124 -0.715
712.252 -0.716
712.381 -0.717
712.509 -0.718
712.639 -0.719
712.768 -0.72
712.898 -0.721
713.028 -0.722
713.159 -0.723
713.29 -0.724
713.421 -0.725
713.553 -0.726
713.685 -0.727
713.818 -0.728
713.951 -0.729
714.084 -0.73
714.217 -0.731
714.351 -0.732
714.486 -0.733
714.621 -0.734
714.756 -0.735
714.891 -0.736
715.027 -0.737
715.163 -0.738
715.3 -0.739
715.437 -0.74
715.574 -0.741
715.712 -0.742
715.85 -0.743
715.989 -0.744
716.128 -0.745
716.267 -0.746
716.407 -0.747
716.547 -0.748
716.687 -0.749
716.828 -0.75
716.969 -0.751
717.111 -0.752
717.253 -0.753
717.395 -0.754
717.538 -0.755
717.681 -0.756
717.825 -0.757
717.969 -0.758
718.114 -0.759
718.258 -0.76
718.404 -0.761
718.549 -0.762
718.695 -0.763
718.842 -0.764
718.989 -0.765
719.136 -0.766
719.284 -0.767
719.432 -0.768
719.58 -0.769
719.729 -0.77
719.879 -0.771
720.028 -0.772
720.179 -0.773
720.329 -0.774
720.48 -0.775
720.632 -0.776
720.784 -0.777
720.936 -0.778
721.089 -0.779
721.242 -0.78
721.395 -0.781
721.55 -0.782
721.704 -0.783
721.859 -0.784
722.014 -0.785
722.17 -0.786
722.326 -0.787
722.483 -0.788
722.64 -0.789
722.797 -0.79
722.955 -0.791
723.114 -0.792
723.272 -0.793
723.432 -0.794
723.591 -0.795
723.752 -0.796
723.912 -0.797
724.073 -0.798
724.235 -0.799
724.397 -0.8
724.559 -0.801
724.722 -0.802
724.885 -0.803
725.049 -0.804
725.213 -0.805
725.378 -0.806
725.543 -0.807
725.709 -0.808
725.875 -0.809
726.041 -0.81
726.208 -0.811
726.376 -0.812
726.544 -0.813
726.712 -0.814
726.881 -0.815
727.05 -0.816
727.22 -0.817
727.39 -0.818
727.561 -0.819
727.732 -0.82
727.904 -0.821
728.076 -0.822
728.248 -0.823
728.421 -0.824
728.595 -0.825
728.769 -0.826
728.943 -0.827
729.118 -0.828
729.294 -0.829
729.47 -0.83
729.646 -0.831
729.823 -0.832
730 -0.833
730.178 -0.834
730.357 -0.835
730.535 -0.836
730.715 -0.837
730.894 -0.838
731.074 -0.839
731.255 -0.84
731.436 -0.841
731.617 -0.842
731.799 -0.843
731.982 -0.844
732.165 -0.845
732.348 -0.846
732.532 -0.847
732.716 -0.848
732.9 -0.849
733.086 -0.85
733.271 -0.851
733.457 -0.852
733.644 -0.853
733.831 -0.854
734.019 -0.855
734.207 -0.856
734.396 -0.857
734.585 -0.858
734.775 -0.859
734.965 -0.86
735.155 -0.861
735.346 -0.862
735.538 -0.863
735.73 -0.864
735.923 -0.865
736.116 -0.866
736.309 -0.867
736.503 -0.868
736.698 -0.869
736.893 -0.87
737.089 -0.871
737.285 -0.872
737.482 -0.873
737.679 -0.874
737.877 -0.875
738.075 -0.876
738.274 -0.877
738.474 -0.878
738.674 -0.879
738.874 -0.88
739.075 -0.881
739.277 -0.882
739.479 -0.883
739.682 -0.884
739.885 -0.885
740.089 -0.886
740.293 -0.887
740.498 -0.888
740.704 -0.889
740.91 -0.89
741.116 -0.891
741.323 -0.892
741.531 -0.893
741.739 -0.894
741.948 -0.895
742.157 -0.896
742.367 -0.897
742.578 -0.898
742.789 -0.899
743 -0.9
743.212 -0.901
743.425 -0.902
743.638 -0.903
743.852 -0.904
744.067 -0.905
744.281 -0.906
744.496 -0.907
744.712 -0.908
744.928 -0.909
745.144 -0.91
745.362 -0.911
745.58 -0.912
745.798 -0.913
746.017 -0.914
746.237 -0.915
746.457 -0.916
746.677 -0.917
746.899 -0.918
747.121 -0.919
747.343 -0.92
747.566 -0.921
747.79 -0.922
748.014 -0.923
748.239 -0.924
748.464 -0.925
748.69 -0.926
748.917 -0.927
749.144 -0.928
749.372 -0.929
749.6 -0.93
749.829 -0.931
750.059 -0.932
750.289 -0.933
750.519 -0.934
750.751 -0.935
750.983 -0.936
751.215 -0.937
751.449 -0.938
751.682 -0.939
751.916 -0.94
752.151 -0.941
752.385 -0.942
752.621 -0.943
752.857 -0.944
753.093 -0.945
753.33 -0.946
753.568 -0.947
753.807 -0.948
754.045 -0.949
754.285 -0.95
754.525 -0.951
754.766 -0.952
755.008 -0.953
755.25 -0.954
755.492 -0.955
755.736 -0.956
755.98 -0.957
756.224 -0.958
756.469 -0.959
756.715 -0.96
756.962 -0.961
757.209 -0.962
757.456 -0.963
757.705 -0.964
757.954 -0.965
758.203 -0.966
758.454 -0.967
758.705 -0.968
758.956 -0.969
759.208 -0.97
759.461 -0.971
759.715 -0.972
759.969 -0.973
760.223 -0.974
760.479 -0.975
760.735 -0.976
760.992 -0.977
761.249 -0.978
761.507 -0.979
761.766 -0.98
762.025 -0.981
762.285 -0.982
762.546 -0.983
762.807 -0.984
763.069 -0.985
763.331 -0.986
763.594 -0.987
763.858 -0.988
764.123 -0.989
764.388 -0.99
764.654 -0.991
764.92 -0.992
765.188 -0.993
765.456 -0.994
765.724 -0.995
765.993 -0.996
766.263 -0.997
766.534 -0.998
766.805 -0.999
767.077 -1
767.35 -1.001
767.623 -1.002
767.897 -1.003
768.171 -1.004
768.447 -1.005
768.723 -1.006
768.999 -1.007
769.277 -1.008
769.555 -1.009
769.834 -1.01
770.113 -1.011
770.393 -1.012
770.674 -1.013
770.955 -1.014
771.238 -1.015
771.521 -1.016
771.804 -1.017
772.088 -1.018
772.373 -1.019
772.659 -1.02
772.945 -1.021
773.232 -1.022
773.52 -1.023
773.808 -1.024
774.097 -1.025
774.387 -1.026
774.677 -1.027
774.968 -1.028
775.26 -1.029
775.553 -1.03
775.846 -1.031
776.14 -1.032
776.435 -1.033
776.73 -1.034
777.027 -1.035
777.324 -1.036
777.621 -1.037
777.919 -1.038
778.219 -1.039
778.518 -1.04
778.819 -1.041
779.12 -1.042
779.422 -1.043
779.725 -1.044
780.028 -1.045
780.332 -1.046
780.637 -1.047
780.943 -1.048
781.249 -1.049
781.556 -1.05
781.864 -1.051
782.172 -1.052
782.482 -1.053
782.792 -1.054
783.102 -1.055
783.414 -1.056
783.726 -1.057
784.039 -1.058
784.352 -1.059
784.667 -1.06
784.982 -1.061
785.298 -1.062
785.614 -1.063
785.932 -1.064
786.25 -1.065
786.569 -1.066
786.888 -1.067
787.209 -1.068
787.53 -1.069
787.852 -1.07
788.174 -1.071
788.498 -1.072
788.822 -1.073
789.147 -1.074
789.472 -1.075
789.799 -1.076
790.126 -1.077
790.454 -1.078
790.783 -1.079
791.112 -1.08
791.443 -1.081
791.774 -1.082
792.106 -1.083
792.438 -1.084
792.772 -1.085
793.106 -1.086
793.441 -1.087
793.777 -1.088
794.113 -1.089
794.451 -1.09
794.789 -1.091
795.128 -1.092
795.468 -1.093
795.808 -1.094
796.149 -1.095
796.491 -1.096
796.834 -1.097
797.178 -1.098
797.522 -1.099
797.867 -1.1
798.213 -1.101
798.56 -1.102
798.908 -1.103
799.256 -1.104
799.605 -1.105
799.955 -1.106
800.306 -1.107
800.658 -1.108
801.01 -1.109
801.363 -1.11
801.717 -1.111
802.072 -1.112
802.427 -1.113
802.784 -1.114
803.141 -1.115
803.499 -1.116
803.858 -1.117
804.217 -1.118
804.577 -1.119
804.939 -1.12
805.301 -1.121
805.663 -1.122
806.027 -1.123
806.391 -1.124
806.757 -1.125
807.123 -1.126
807.49 -1.127
807.857 -1.128
808.226 -1.129
808.596 -1.13
808.966 -1.131
809.337 -1.132
809.709 -1.133
810.082 -1.134
810.455 -1.135
810.83 -1.136
811.205 -1.137
811.581 -1.138
811.958 -1.139
812.336 -1.14
812.715 -1.141
813.094 -1.142
813.475 -1.143
813.856 -1.144
814.238 -1.145
814.621 -1.146
815.005 -1.147
815.389 -1.148
815.775 -1.149
816.161 -1.15
816.549 -1.151
816.937 -1.152
817.326 -1.153
817.715 -1.154
818.106 -1.155
818.498 -1.156
818.89 -1.157
819.283 -1.158
819.678 -1.159
820.073 -1.16
820.468 -1.161
820.865 -1.162
821.263 -1.163
821.661 -1.164
822.061 -1.165
822.461 -1.166
822.862 -1.167
823.264 -1.168
823.667 -1.169
824.07 -1.17
824.475 -1.171
824.88 -1.172
825.287 -1.173
825.694 -1.174
826.102 -1.175
826.511 -1.176
826.921 -1.177
827.332 -1.178
827.744 -1.179
828.156 -1.18
828.57 -1.181
828.984 -1.182
829.4 -1.183
829.816 -1.184
830.233 -1.185
830.651 -1.186
831.07 -1.187
831.489 -1.188
831.91 -1.189
832.331 -1.19
832.754 -1.191
833.177 -1.192
833.601 -1.193
834.027 -1.194
834.453 -1.195
834.88 -1.196
835.308 -1.197
835.736 -1.198
836.166 -1.199
836.597 -1.2
