19.3129 -0.001
38.5938 -0.002
57.8425 -0.003
77.0587 -0.004
96.242 -0.005
115.392 -0.006
134.509 -0.007
153.592 -0.008
172.64 -0.009
191.655 -0.01
210.634 -0.011
229.578 -0.012
248.486 -0.013
267.359 -0.014
286.195 -0.015
304.994 -0.016
323.757 -0.017
342.481 -0.018
361.168 -0.019
379.816 -0.02
398.425 -0.021
416.995 -0.022
435.525 -0.023
454.014 -0.024
472.463 -0.025
490.87 -0.026
509.236 -0.027
527.559 -0.028
545.839 -0.029
564.076 -0.03
582.269 -0.031
600.417 -0.032
618.519 -0.033
636.576 -0.034
654.586 -0.035
672.548 -0.036
690.463 -0.037
708.329 -0.038
726.145 -0.039
743.911 -0.04
761.626 -0.041
779.289 -0.042
796.899 -0.043
814.455 -0.044
831.957 -0.045
849.403 -0.046
866.793 -0.047
884.125 -0.048
901.398 -0.049
918.611 -0.05
935.685 -0.051
952.414 -0.052
968.4 -0.053
983.916 -0.054
998.243 -0.055
1011.61 -0.056
1023.02 -0.057
1032.58 -0.058
1041.06 -0.059
1048.41 -0.06
1054.25 -0.061
1059.33 -0.062
1064.25 -0.063
1069.05 -0.064
1073.3 -0.065
1077.02 -0.066
1080.37 -0.067
1083.1 -0.068
1085.52 -0.069
1087.73 -0.07
1089.9 -0.071
1091.71 -0.072
1093.2 -0.073
1094.28 -0.074
1095.11 -0.075
1095.93 -0.076
1096.71 -0.077
1097.47 -0.078
1098.2 -0.079
1098.92 -0.08
1099.63 -0.081
1100.31 -0.082
1100.97 -0.083
1101.61 -0.084
1102.23 -0.085
1102.83 -0.086
1103.42 -0.087
1103.98 -0.088
1104.53 -0.089
1105.06 -0.09
1105.56 -0.091
1106.05 -0.092
1106.52 -0.093
1106.98 -0.094
1107.42 -0.095
1107.83 -0.096
1108.24 -0.097
1108.63 -0.098
1109.01 -0.099
1109.39 -0.1
1109.75 -0.101
1110.1 -0.102
1110.45 -0.103
1110.8 -0.104
1111.14 -0.105
1111.47 -0.106
1111.8 -0.107
1112.13 -0.108
1112.45 -0.109
1112.77 -0.11
1113.08 -0.111
1113.4 -0.112
1113.71 -0.113
1114.01 -0.114
1114.32 -0.115
1114.62 -0.116
1114.92 -0.117
1115.22 -0.118
1115.51 -0.119
1115.81 -0.12
1116.1 -0.121
1116.38 -0.122
1116.67 -0.123
1116.95 -0.124
1117.23 -0.125
1117.51 -0.126
1117.79 -0.127
1118.06 -0.128
1118.33 -0.129
1118.6 -0.13
1118.87 -0.131
1119.13 -0.132
1119.39 -0.133
1119.66 -0.134
1119.91 -0.135
1120.17 -0.136
1120.42 -0.137
1120.67 -0.138
1120.91 -0.139
1121.16 -0.14
1121.4 -0.141
1121.64 -0.142
1121.88 -0.143
1122.12 -0.144
1122.35 -0.145
1122.58 -0.146
1122.81 -0.147
1123.04 -0.148
1123.28 -0.149
1123.5 -0.15
1123.73 -0.151
1123.95 -0.152
1124.17 -0.153
1124.39 -0.154
1124.61 -0.155
1124.83 -0.156
1125.04 -0.157
1125.26 -0.158
1125.47 -0.159
1125.68 -0.16
1125.88 -0.161
1126.09 -0.162
1126.3 -0.163
1126.5 -0.164
1126.7 -0.165
1126.9 -0.166
1127.1 -0.167
1127.29 -0.168
1127.49 -0.169
1127.68 -0.17
1127.88 -0.171
1128.07 -0.172
1128.25 -0.173
1128.44 -0.174
1128.63 -0.175
1128.82 -0.176
1129.01 -0.177
1129.19 -0.178
1129.38 -0.179
1129.56 -0.18
1129.74 -0.181
1129.92 -0.182
1130.1 -0.183
1130.28 -0.184
1130.46 -0.185
1130.64 -0.186
1130.82 -0.187
1130.99 -0.188
1131.17 -0.189
1131.34 -0.19
1131.51 -0.191
1131.69 -0.192
1131.86 -0.193
1132.03 -0.194
1132.2 -0.195
1132.37 -0.196
1132.54 -0.197
1132.7 -0.198
1132.87 -0.199
1133.03 -0.2
1133.2 -0.201
1133.36 -0.202
1133.52 -0.203
1133.69 -0.204
1133.85 -0.205
1134.01 -0.206
1134.17 -0.207
1134.33 -0.208
1134.49 -0.209
1134.65 -0.21
1134.81 -0.211
1134.97 -0.212
1135.13 -0.213
1135.29 -0.214
1135.44 -0.215
1135.6 -0.216
1135.76 -0.217
1135.91 -0.218
1136.07 -0.219
1136.23 -0.22
1136.38 -0.221
1136.54 -0.222
1136.7 -0.223
1136.85 -0.224
1137.01 -0.225
1137.16 -0.226
1137.32 -0.227
1137.48 -0.228
1137.63 -0.229
1137.79 -0.23
1137.94 -0.231
1138.1 -0.232
1138.26 -0.233
1138.41 -0.234
1138.57 -0.235
1138.72 -0.236
1138.88 -0.237
1139.03 -0.238
1139.19 -0.239
1139.34 -0.24
1139.5 -0.241
1139.65 -0.242
1139.8 -0.243
1139.96 -0.244
1140.11 -0.245
1140.27 -0.246
1140.42 -0.247
1140.58 -0.248
1140.73 -0.249
1140.88 -0.25
1141.04 -0.251
1141.19 -0.252
1141.34 -0.253
1141.5 -0.254
1141.65 -0.255
1141.8 -0.256
1141.96 -0.257
1142.11 -0.258
1142.26 -0.259
1142.42 -0.26
1142.57 -0.261
1142.72 -0.262
1142.88 -0.263
1143.03 -0.264
1143.18 -0.265
1143.34 -0.266
1143.49 -0.267
1143.64 -0.268
1143.8 -0.269
1143.95 -0.27
1144.1 -0.271
1144.26 -0.272
1144.41 -0.273
1144.56 -0.274
1144.72 -0.275
1144.87 -0.276
1145.02 -0.277
1145.18 -0.278
1145.33 -0.279
1145.48 -0.28
1145.63 -0.281
1145.79 -0.282
1145.94 -0.283
1146.09 -0.284
1146.25 -0.285
1146.4 -0.286
1146.55 -0.287
1146.7 -0.288
1146.86 -0.289
1147.01 -0.29
1147.16 -0.291
1147.32 -0.292
1147.47 -0.293
1147.62 -0.294
1147.77 -0.295
1147.93 -0.296
1148.08 -0.297
1148.23 -0.298
1148.38 -0.299
1148.54 -0.3
1148.69 -0.301
1148.84 -0.302
1148.99 -0.303
1149.15 -0.304
1149.3 -0.305
1149.45 -0.306
1149.6 -0.307
1149.76 -0.308
1149.91 -0.309
1150.06 -0.31
1150.21 -0.311
1150.37 -0.312
1150.52 -0.313
1150.67 -0.314
1150.82 -0.315
1150.98 -0.316
1151.13 -0.317
1151.28 -0.318
1151.43 -0.319
1151.59 -0.32
1151.74 -0.321
1151.89 -0.322
1152.04 -0.323
1152.19 -0.324
1152.35 -0.325
1152.5 -0.326
1152.65 -0.327
1152.8 -0.328
1152.96 -0.329
1153.11 -0.33
1153.26 -0.331
1153.41 -0.332
1153.56 -0.333
1153.72 -0.334
1153.87 -0.335
1154.02 -0.336
1154.17 -0.337
1154.33 -0.338
1154.48 -0.339
1154.63 -0.34
1154.78 -0.341
1154.93 -0.342
1155.09 -0.343
1155.24 -0.344
1155.39 -0.345
1155.54 -0.346
1155.7 -0.347
1155.85 -0.348
1156 -0.349
1156.15 -0.35
1156.3 -0.351
1156.46 -0.352
1156.61 -0.353
1156.76 -0.354
1156.91 -0.355
1157.06 -0.356
1157.22 -0.357
1157.37 -0.358
1157.52 -0.359
1157.67 -0.36
1157.82 -0.361
1157.98 -0.362
1158.13 -0.363
1158.28 -0.364
1158.43 -0.365
1158.58 -0.366
1158.74 -0.367
1158.89 -0.368
1159.04 -0.369
1159.19 -0.37
1159.34 -0.371
1159.5 -0.372
1159.65 -0.373
1159.8 -0.374
1159.95 -0.375
1160.1 -0.376
1160.26 -0.377
1160.41 -0.378
1160.56 -0.379
1160.71 -0.38
1160.86 -0.381
1161.02 -0.382
1161.17 -0.383
1161.32 -0.384
1161.47 -0.385
1161.62 -0.386
1161.78 -0.387
1161.93 -0.388
1162.08 -0.389
1162.23 -0.39
1162.38 -0.391
1162.53 -0.392
1162.69 -0.393
1162.84 -0.394
1162.99 -0.395
1163.14 -0.396
1163.29 -0.397
1163.45 -0.398
1163.6 -0.399
1163.75 -0.4
1163.9 -0.401
1164.05 -0.402
1164.21 -0.403
1164.36 -0.404
1164.51 -0.405
1164.66 -0.406
1164.81 -0.407
1164.96 -0.408
1165.12 -0.409
1165.27 -0.41
1165.42 -0.411
1165.57 -0.412
1165.72 -0.413
1165.88 -0.414
1166.03 -0.415
1166.18 -0.416
1166.33 -0.417
1166.48 -0.418
1166.63 -0.419
1166.79 -0.42
1166.94 -0.421
1167.09 -0.422
1167.24 -0.423
1167.39 -0.424
1167.55 -0.425
1167.7 -0.426
1167.85 -0.427
1168 -0.428
1168.15 -0.429
1168.3 -0.43
1168.46 -0.431
1168.61 -0.432
1168.76 -0.433
1168.91 -0.434
1169.06 -0.435
1169.22 -0.436
1169.37 -0.437
1169.52 -0.438
1169.67 -0.439
1169.82 -0.44
1169.97 -0.441
1170.13 -0.442
1170.28 -0.443
1170.43 -0.444
1170.58 -0.445
1170.73 -0.446
1170.89 -0.447
1171.04 -0.448
1171.19 -0.449
1171.34 -0.45
1171.5 -0.451
1171.65 -0.452
1171.8 -0.453
1171.95 -0.454
1172.1 -0.455
1172.26 -0.456
1172.41 -0.457
1172.56 -0.458
1172.71 -0.459
1172.86 -0.46
1173.02 -0.461
1173.17 -0.462
1173.32 -0.463
1173.47 -0.464
1173.63 -0.465
1173.78 -0.466
1173.93 -0.467
1174.08 -0.468
1174.23 -0.469
1174.39 -0.47
1174.54 -0.471
1174.69 -0.472
1174.84 -0.473
1175 -0.474
1175.15 -0.475
1175.3 -0.476
1175.45 -0.477
1175.6 -0.478
1175.76 -0.479
1175.91 -0.48
1176.06 -0.481
1176.21 -0.482
1176.37 -0.483
1176.52 -0.484
1176.67 -0.485
1176.82 -0.486
1176.98 -0.487
1177.13 -0.488
1177.28 -0.489
1177.43 -0.49
1177.59 -0.491
1177.74 -0.492
1177.89 -0.493
1178.04 -0.494
1178.19 -0.495
1178.35 -0.496
1178.5 -0.497
1178.65 -0.498
1178.8 -0.499
1178.96 -0.5
1179.11 -0.501
1179.26 -0.502
1179.41 -0.503
1179.56 -0.504
1179.72 -0.505
1179.87 -0.506
1180.02 -0.507
1180.17 -0.508
1180.32 -0.509
1180.48 -0.51
1180.63 -0.511
1180.78 -0.512
1180.93 -0.513
1181.09 -0.514
1181.24 -0.515
1181.39 -0.516
1181.54 -0.517
1181.7 -0.518
1181.85 -0.519
1182 -0.52
1182.15 -0.521
1182.31 -0.522
1182.46 -0.523
1182.61 -0.524
1182.76 -0.525
1182.91 -0.526
1183.07 -0.527
1183.22 -0.528
1183.37 -0.529
1183.52 -0.53
1183.68 -0.531
1183.83 -0.532
1183.98 -0.533
1184.13 -0.534
1184.29 -0.535
1184.44 -0.536
1184.59 -0.537
1184.74 -0.538
1184.89 -0.539
1185.05 -0.54
1185.2 -0.541
1185.35 -0.542
1185.5 -0.543
1185.65 -0.544
1185.81 -0.545
1185.96 -0.546
1186.11 -0.547
1186.26 -0.548
1186.41 -0.549
1186.57 -0.55
1186.72 -0.551
1186.87 -0.552
1187.02 -0.553
1187.17 -0.554
1187.33 -0.555
1187.48 -0.556
1187.63 -0.557
1187.78 -0.558
1187.93 -0.559
1188.08 -0.56
1188.24 -0.561
1188.39 -0.562
1188.54 -0.563
1188.69 -0.564
1188.84 -0.565
1189 -0.566
1189.15 -0.567
1189.3 -0.568
1189.45 -0.569
1189.6 -0.57
1189.75 -0.571
1189.9 -0.572
1190.06 -0.573
1190.21 -0.574
1190.36 -0.575
1190.51 -0.576
1190.66 -0.577
1190.82 -0.578
1190.97 -0.579
1191.12 -0.58
1191.27 -0.581
1191.42 -0.582
1191.57 -0.583
1191.72 -0.584
1191.88 -0.585
1192.03 -0.586
1192.18 -0.587
1192.33 -0.588
1192.48 -0.589
1192.63 -0.59
1192.78 -0.591
1192.93 -0.592
1193.08 -0.593
1193.23 -0.594
1193.38 -0.595
1193.53 -0.596
1193.68 -0.597
1193.83 -0.598
1193.98 -0.599
1194.13 -0.6
1194.28 -0.601
1194.43 -0.602
1194.58 -0.603
1194.73 -0.604
1194.87 -0.605
1194.92 -0.606
1195.04 -0.607
1195.16 -0.608
1195.28 -0.609
1195.4 -0.61
1195.51 -0.611
1195.63 -0.612
1195.75 -0.613
1195.87 -0.614
1196.01 -0.615
1196.16 -0.616
1196.3 -0.617
1196.46 -0.618
1196.61 -0.619
1196.76 -0.62
1196.9 -0.621
1196.92 -0.622
1197.04 -0.623
1197.16 -0.624
1197.29 -0.625
1197.42 -0.626
1197.53 -0.627
1197.65 -0.628
1197.76 -0.629
1197.87 -0.63
1197.99 -0.631
1198.11 -0.632
1198.26 -0.633
1198.4 -0.634
1198.55 -0.635
1198.69 -0.636
1198.84 -0.637
1198.98 -0.638
1199.12 -0.639
1199.27 -0.64
1199.42 -0.641
1199.58 -0.642
1199.74 -0.643
1199.9 -0.644
1200.05 -0.645
1200.2 -0.646
1200.34 -0.647
1200.48 -0.648
1200.63 -0.649
1200.77 -0.65
1200.91 -0.651
1201.06 -0.652
1201.2 -0.653
1201.34 -0.654
1201.49 -0.655
1201.63 -0.656
1201.77 -0.657
1201.92 -0.658
1202.06 -0.659
1202.21 -0.66
1202.35 -0.661
1202.49 -0.662
1202.64 -0.663
1202.78 -0.664
1202.93 -0.665
1203.07 -0.666
1203.22 -0.667
1203.36 -0.668
1203.51 -0.669
1203.65 -0.67
1203.8 -0.671
1203.94 -0.672
1204.09 -0.673
1204.24 -0.674
1204.38 -0.675
1204.53 -0.676
1204.67 -0.677
1204.82 -0.678
1204.96 -0.679
1205.11 -0.68
1205.26 -0.681
1205.4 -0.682
1205.55 -0.683
1205.69 -0.684
1205.84 -0.685
1205.99 -0.686
1206.13 -0.687
1206.28 -0.688
1206.43 -0.689
1206.57 -0.69
1206.72 -0.691
1206.87 -0.692
1207.01 -0.693
1207.16 -0.694
1207.31 -0.695
1207.45 -0.696
1207.6 -0.697
1207.75 -0.698
1207.89 -0.699
1208.04 -0.7
1208.19 -0.701
1208.34 -0.702
1208.48 -0.703
1208.63 -0.704
1208.78 -0.705
1208.93 -0.706
1209.08 -0.707
1209.22 -0.708
1209.37 -0.709
1209.52 -0.71
1209.67 -0.711
1209.82 -0.712
1209.96 -0.713
1210.11 -0.714
1210.26 -0.715
1210.41 -0.716
1210.56 -0.717
1210.71 -0.718
1210.86 -0.719
1211 -0.72
1211.15 -0.721
1211.3 -0.722
1211.45 -0.723
1211.6 -0.724
1211.74 -0.725
1211.89 -0.726
1212.04 -0.727
1212.19 -0.728
1212.34 -0.729
1212.49 -0.73
1212.63 -0.731
1212.78 -0.732
1212.93 -0.733
1213.08 -0.734
1213.23 -0.735
1213.37 -0.736
1213.52 -0.737
1213.67 -0.738
1213.82 -0.739
1213.97 -0.74
1214.12 -0.741
1214.27 -0.742
1214.41 -0.743
1214.56 -0.744
1214.71 -0.745
1214.86 -0.746
1215.01 -0.747
1215.16 -0.748
1215.31 -0.749
1215.46 -0.75
1215.61 -0.751
1215.76 -0.752
1215.91 -0.753
1216.06 -0.754
1216.2 -0.755
1216.35 -0.756
1216.5 -0.757
1216.65 -0.758
1216.8 -0.759
1216.94 -0.76
1217.09 -0.761
1217.24 -0.762
1217.39 -0.763
1217.54 -0.764
1217.69 -0.765
1217.84 -0.766
1217.98 -0.767
1218.13 -0.768
1218.28 -0.769
1218.43 -0.77
1218.58 -0.771
1218.73 -0.772
1218.88 -0.773
1219.03 -0.774
1219.18 -0.775
1219.32 -0.776
1219.47 -0.777
1219.62 -0.778
1219.77 -0.779
1219.92 -0.78
1220.07 -0.781
1220.22 -0.782
1220.36 -0.783
1220.51 -0.784
1220.66 -0.785
1220.81 -0.786
1220.96 -0.787
1221.11 -0.788
1221.25 -0.789
1221.4 -0.79
1221.55 -0.791
1221.7 -0.792
1221.85 -0.793
1221.99 -0.794
1222.14 -0.795
1222.29 -0.796
1222.44 -0.797
1222.58 -0.798
1222.73 -0.799
1222.88 -0.8
1223.02 -0.801
1223.17 -0.802
1223.32 -0.803
1223.46 -0.804
1223.61 -0.805
1223.76 -0.806
1223.9 -0.807
1224.05 -0.808
1224.2 -0.809
1224.35 -0.81
1224.49 -0.811
1224.64 -0.812
1224.79 -0.813
1224.93 -0.814
1225.08 -0.815
1225.23 -0.816
1225.38 -0.817
1225.52 -0.818
1225.67 -0.819
1225.82 -0.82
1225.97 -0.821
1226.11 -0.822
1226.26 -0.823
1226.41 -0.824
1226.55 -0.825
1226.7 -0.826
1226.85 -0.827
1227 -0.828
1227.14 -0.829
1227.29 -0.83
1227.44 -0.831
1227.59 -0.832
1227.74 -0.833
1227.88 -0.834
1228.03 -0.835
1228.18 -0.836
1228.33 -0.837
1228.48 -0.838
1228.62 -0.839
1228.77 -0.84
1228.92 -0.841
1229.07 -0.842
1229.22 -0.843
1229.37 -0.844
1229.52 -0.845
1229.67 -0.846
1229.82 -0.847
1229.97 -0.848
1230.12 -0.849
1230.27 -0.85
1230.42 -0.851
1230.57 -0.852
1230.72 -0.853
1230.87 -0.854
1231.02 -0.855
1231.17 -0.856
1231.32 -0.857
1231.47 -0.858
1231.62 -0.859
1231.77 -0.86
1231.92 -0.861
1232.07 -0.862
1232.22 -0.863
1232.38 -0.864
1232.53 -0.865
1232.68 -0.866
1232.83 -0.867
1232.98 -0.868
1233.13 -0.869
1233.29 -0.87
1233.44 -0.871
1233.59 -0.872
1233.74 -0.873
1233.89 -0.874
1234.05 -0.875
1234.2 -0.876
1234.35 -0.877
1234.5 -0.878
1234.65 -0.879
1234.81 -0.88
1234.96 -0.881
1235.11 -0.882
1235.26 -0.883
1235.42 -0.884
1235.57 -0.885
1235.72 -0.886
1235.88 -0.887
1236.03 -0.888
1236.18 -0.889
1236.34 -0.89
1236.49 -0.891
1236.65 -0.892
1236.8 -0.893
1236.96 -0.894
1237.11 -0.895
1237.27 -0.896
1237.42 -0.897
1237.58 -0.898
1237.73 -0.899
1237.89 -0.9
1238.04 -0.901
1238.2 -0.902
1238.36 -0.903
1238.51 -0.904
1238.67 -0.905
1238.82 -0.906
1238.98 -0.907
1239.14 -0.908
1239.29 -0.909
1239.45 -0.91
1239.61 -0.911
1239.77 -0.912
1239.92 -0.913
1240.08 -0.914
1240.24 -0.915
1240.39 -0.916
1240.55 -0.917
1240.71 -0.918
1240.87 -0.919
1241.02 -0.92
1241.18 -0.921
1241.34 -0.922
1241.5 -0.923
1241.65 -0.924
1241.81 -0.925
1241.97 -0.926
1242.13 -0.927
1242.28 -0.928
1242.44 -0.929
1242.6 -0.93
1242.76 -0.931
1242.92 -0.932
1243.07 -0.933
1243.23 -0.934
1243.39 -0.935
1243.55 -0.936
1243.71 -0.937
1243.86 -0.938
1244.02 -0.939
1244.18 -0.94
1244.34 -0.941
1244.5 -0.942
1244.65 -0.943
1244.81 -0.944
1244.97 -0.945
1245.13 -0.946
1245.29 -0.947
1245.44 -0.948
1245.6 -0.949
1245.76 -0.95
1245.92 -0.951
1246.07 -0.952
1246.23 -0.953
1246.39 -0.954
1246.55 -0.955
1246.71 -0.956
1246.86 -0.957
1247.02 -0.958
1247.18 -0.959
1247.34 -0.96
1247.49 -0.961
1247.65 -0.962
1247.81 -0.963
1247.97 -0.964
1248.12 -0.965
1248.28 -0.966
1248.44 -0.967
1248.6 -0.968
1248.76 -0.969
1248.91 -0.97
1249.07 -0.971
1249.23 -0.972
1249.39 -0.973
1249.55 -0.974
1249.7 -0.975
1249.86 -0.976
1250.02 -0.977
1250.18 -0.978
1250.34 -0.979
1250.49 -0.98
1250.65 -0.981
1250.81 -0.982
1250.97 -0.983
1251.13 -0.984
1251.28 -0.985
1251.44 -0.986
1251.6 -0.987
1251.76 -0.988
1251.92 -0.989
1252.07 -0.99
1252.23 -0.991
1252.39 -0.992
1252.55 -0.993
1252.71 -0.994
1252.87 -0.995
1253.02 -0.996
1253.18 -0.997
1253.34 -0.998
1253.5 -0.999
1253.66 -1
1253.82 -1.001
1253.97 -1.002
1254.13 -1.003
1254.29 -1.004
1254.45 -1.005
1254.61 -1.006
1254.77 -1.007
1254.92 -1.008
1255.08 -1.009
1255.24 -1.01
1255.4 -1.011
1255.55 -1.012
1255.71 -1.013
1255.87 -1.014
1256.03 -1.015
1256.18 -1.016
1256.34 -1.017
1256.5 -1.018
1256.65 -1.019
1256.81 -1.02
1256.97 -1.021
1257.13 -1.022
1257.28 -1.023
1257.44 -1.024
1257.59 -1.025
1257.75 -1.026
1257.9 -1.027
1258.05 -1.028
1258.2 -1.029
1258.34 -1.03
1258.49 -1.031
1258.62 -1.032
1258.74 -1.033
1258.85 -1.034
1258.94 -1.035
1259.02 -1.036
1259.08 -1.037
1259.12 -1.038
1259.16 -1.039
1259.19 -1.04
1259.22 -1.041
1259.25 -1.042
1259.28 -1.043
1259.31 -1.044
1259.34 -1.045
1259.37 -1.046
1259.41 -1.047
1259.45 -1.048
1259.5 -1.049
1259.54 -1.05
1259.59 -1.051
1259.65 -1.052
1259.7 -1.053
1259.76 -1.054
1259.81 -1.055
1259.86 -1.056
1259.92 -1.057
1259.97 -1.058
1260.03 -1.059
1260.08 -1.06
1260.13 -1.061
1260.19 -1.062
1260.24 -1.063
1260.3 -1.064
1260.35 -1.065
1260.41 -1.066
1260.47 -1.067
1260.55 -1.068
1260.65 -1.069
1260.77 -1.07
1260.92 -1.071
1261.11 -1.072
1261.33 -1.073
1261.56 -1.074
1261.79 -1.075
1262.02 -1.076
1262.26 -1.077
1262.48 -1.078
1262.7 -1.079
1262.93 -1.08
1263.17 -1.081
1263.4 -1.082
1263.63 -1.083
1263.86 -1.084
1264.09 -1.085
1264.32 -1.086
1264.55 -1.087
1264.77 -1.088
1265 -1.089
1265.22 -1.09
1265.45 -1.091
1265.68 -1.092
1265.89 -1.093
1266.1 -1.094
1266.31 -1.095
1266.51 -1.096
1266.57 -1.097
1266.74 -1.098
1266.88 -1.099
1267 -1.1
1267.1 -1.101
1267.17 -1.102
1267.23 -1.103
1267.29 -1.104
1267.35 -1.105
1267.41 -1.106
1267.48 -1.107
1267.54 -1.108
1267.6 -1.109
1267.66 -1.11
1267.72 -1.111
1267.78 -1.112
1267.85 -1.113
1267.91 -1.114
1267.97 -1.115
1268.03 -1.116
1268.09 -1.117
1268.15 -1.118
1268.22 -1.119
1268.28 -1.12
1268.34 -1.121
1268.4 -1.122
1268.46 -1.123
1268.53 -1.124
1268.59 -1.125
1268.65 -1.126
1268.71 -1.127
1268.78 -1.128
1268.84 -1.129
1268.9 -1.13
1268.96 -1.131
1269.02 -1.132
1269.08 -1.133
1269.13 -1.134
1269.19 -1.135
1269.24 -1.136
1269.28 -1.137
1269.33 -1.138
1269.37 -1.139
1269.41 -1.14
1269.45 -1.141
1269.5 -1.142
1269.54 -1.143
1269.58 -1.144
1269.62 -1.145
1269.66 -1.146
1269.7 -1.147
1269.74 -1.148
1269.78 -1.149
1269.82 -1.15
1269.86 -1.151
1269.89 -1.152
1269.93 -1.153
1269.97 -1.154
1270.01 -1.155
1270.05 -1.156
1270.11 -1.157
1270.23 -1.158
1270.38 -1.159
1270.53 -1.16
1270.68 -1.161
1270.82 -1.162
1270.97 -1.163
1271.13 -1.164
1271.33 -1.165
1271.53 -1.166
1271.72 -1.167
1271.91 -1.168
1272.09 -1.169
1272.29 -1.17
1272.5 -1.171
1272.72 -1.172
1272.95 -1.173
1273.17 -1.174
1273.39 -1.175
1273.62 -1.176
1273.85 -1.177
1274.08 -1.178
1274.32 -1.179
1274.55 -1.18
1274.78 -1.181
1275.01 -1.182
1275.25 -1.183
1275.49 -1.184
1275.74 -1.185
1275.98 -1.186
1276.23 -1.187
1276.47 -1.188
1276.7 -1.189
1276.94 -1.19
1277.17 -1.191
1277.41 -1.192
1277.64 -1.193
1277.87 -1.194
1278.09 -1.195
1278.32 -1.196
1278.53 -1.197
1278.75 -1.198
1278.96 -1.199
1279.17 -1.2
1279.37 -1.201
1279.57 -1.202
1279.77 -1.203
1279.97 -1.204
1280.16 -1.205
1280.35 -1.206
1280.52 -1.207
1280.7 -1.208
1280.87 -1.209
1281.03 -1.21
1281.2 -1.211
1281.36 -1.212
1281.52 -1.213
1281.71 -1.214
1281.95 -1.215
1282.18 -1.216
1282.42 -1.217
1282.65 -1.218
1282.88 -1.219
1283.11 -1.22
1283.33 -1.221
1283.54 -1.222
1283.76 -1.223
1283.97 -1.224
1284.17 -1.225
1284.37 -1.226
1284.57 -1.227
1284.77 -1.228
1284.97 -1.229
1285.16 -1.23
1285.33 -1.231
1285.5 -1.232
1285.66 -1.233
1285.81 -1.234
1285.96 -1.235
1286.11 -1.236
1286.26 -1.237
1286.4 -1.238
1286.55 -1.239
1286.69 -1.24
1286.83 -1.241
1286.96 -1.242
1287.1 -1.243
1287.24 -1.244
1287.37 -1.245
1287.5 -1.246
1287.63 -1.247
1287.76 -1.248
1287.88 -1.249
1288.01 -1.25
1288.13 -1.251
1288.25 -1.252
1288.37 -1.253
1288.48 -1.254
1288.6 -1.255
1288.72 -1.256
1288.84 -1.257
1288.96 -1.258
1289.08 -1.259
1289.2 -1.26
1289.32 -1.261
1289.44 -1.262
1289.56 -1.263
1289.68 -1.264
1289.8 -1.265
1289.92 -1.266
1290.04 -1.267
1290.16 -1.268
1290.28 -1.269
1290.4 -1.27
1290.52 -1.271
1290.64 -1.272
1290.76 -1.273
1290.88 -1.274
1291 -1.275
1291.12 -1.276
1291.24 -1.277
1291.36 -1.278
1291.48 -1.279
1291.6 -1.28
1291.72 -1.281
1291.84 -1.282
1291.96 -1.283
1292.08 -1.284
1292.2 -1.285
1292.32 -1.286
1292.44 -1.287
1292.56 -1.288
1292.68 -1.289
1292.82 -1.29
1292.96 -1.291
1293.11 -1.292
1293.26 -1.293
1293.4 -1.294
1293.55 -1.295
1293.7 -1.296
1293.86 -1.297
1294.02 -1.298
1294.17 -1.299
1294.33 -1.3
1294.48 -1.301
1294.65 -1.302
1294.83 -1.303
1295.02 -1.304
1295.21 -1.305
1295.4 -1.306
1295.59 -1.307
1295.78 -1.308
1295.98 -1.309
1296.19 -1.31
1296.4 -1.311
1296.61 -1.312
1296.82 -1.313
1297.03 -1.314
1297.24 -1.315
1297.45 -1.316
1297.67 -1.317
1297.89 -1.318
1298.11 -1.319
1298.33 -1.32
1298.55 -1.321
1298.77 -1.322
1299 -1.323
1299.22 -1.324
1299.44 -1.325
1299.66 -1.326
1299.88 -1.327
1300.09 -1.328
1300.3 -1.329
1300.5 -1.33
1300.7 -1.331
1300.91 -1.332
1301.11 -1.333
1301.31 -1.334
1301.5 -1.335
1301.7 -1.336
1301.9 -1.337
1302.09 -1.338
1302.28 -1.339
1302.46 -1.34
1302.65 -1.341
1302.82 -1.342
1303 -1.343
1303.17 -1.344
1303.34 -1.345
1303.51 -1.346
1303.69 -1.347
1303.86 -1.348
1304.03 -1.349
1304.2 -1.35
1304.37 -1.351
1304.55 -1.352
1304.72 -1.353
1304.89 -1.354
1305.06 -1.355
1305.23 -1.356
1305.41 -1.357
1305.58 -1.358
1305.75 -1.359
1305.92 -1.36
1306.09 -1.361
1306.26 -1.362
1306.43 -1.363
1306.61 -1.364
1306.78 -1.365
1306.95 -1.366
1307.12 -1.367
1307.29 -1.368
1307.46 -1.369
1307.63 -1.37
1307.8 -1.371
1307.97 -1.372
1308.14 -1.373
1308.31 -1.374
1308.48 -1.375
1308.65 -1.376
1308.82 -1.377
1308.99 -1.378
1309.16 -1.379
1309.33 -1.38
1309.5 -1.381
1309.67 -1.382
1309.83 -1.383
1310 -1.384
1310.17 -1.385
1310.33 -1.386
1310.5 -1.387
1310.67 -1.388
1310.83 -1.389
1310.99 -1.39
1311.16 -1.391
1311.32 -1.392
1311.48 -1.393
1311.65 -1.394
1311.81 -1.395
1311.97 -1.396
1312.13 -1.397
1312.29 -1.398
1312.45 -1.399
1312.62 -1.4
1312.77 -1.401
1312.93 -1.402
1313.09 -1.403
1313.25 -1.404
1313.41 -1.405
1313.57 -1.406
1313.73 -1.407
1313.89 -1.408
1314.05 -1.409
1314.21 -1.41
1314.37 -1.411
1314.53 -1.412
1314.69 -1.413
1314.84 -1.414
1315.01 -1.415
1315.2 -1.416
1315.38 -1.417
1315.56 -1.418
1315.75 -1.419
1315.93 -1.42
1316.11 -1.421
1316.3 -1.422
1316.48 -1.423
1316.66 -1.424
1316.84 -1.425
1317.02 -1.426
1317.19 -1.427
1317.37 -1.428
1317.53 -1.429
1317.7 -1.43
1317.87 -1.431
1318.03 -1.432
1318.2 -1.433
1318.36 -1.434
1318.53 -1.435
1318.69 -1.436
1318.86 -1.437
1319.02 -1.438
1319.2 -1.439
1319.39 -1.44
1319.58 -1.441
1319.77 -1.442
1319.97 -1.443
1320.16 -1.444
1320.35 -1.445
1320.53 -1.446
1320.72 -1.447
1320.91 -1.448
1321.09 -1.449
1321.27 -1.45
1321.45 -1.451
1321.64 -1.452
1321.82 -1.453
1322 -1.454
1322.18 -1.455
1322.36 -1.456
1322.55 -1.457
1322.73 -1.458
1322.91 -1.459
1323.09 -1.46
1323.27 -1.461
1323.45 -1.462
1323.64 -1.463
1323.82 -1.464
1324 -1.465
1324.18 -1.466
1324.37 -1.467
1324.55 -1.468
1324.73 -1.469
1324.91 -1.47
1325.1 -1.471
1325.28 -1.472
1325.46 -1.473
1325.65 -1.474
1325.83 -1.475
1326.01 -1.476
1326.2 -1.477
1326.38 -1.478
1326.57 -1.479
1326.75 -1.48
1326.93 -1.481
1327.12 -1.482
1327.3 -1.483
1327.49 -1.484
1327.67 -1.485
1327.85 -1.486
1328.04 -1.487
1328.22 -1.488
1328.41 -1.489
1328.59 -1.49
1328.78 -1.491
1328.96 -1.492
1329.15 -1.493
1329.33 -1.494
1329.51 -1.495
1329.7 -1.496
1329.88 -1.497
1330.07 -1.498
1330.25 -1.499
1330.43 -1.5
