12.0736 -0.001
24.1245 -0.002
36.1524 -0.003
48.1569 -0.004
60.1377 -0.005
72.0943 -0.006
84.0263 -0.007
95.9333 -0.008
107.815 -0.009
119.67 -0.01
131.5 -0.011
143.03 -0.012
150.903 -0.013
158.452 -0.014
165.775 -0.015
171.522 -0.016
177.03 -0.017
182.474 -0.018
187.858 -0.019
193.206 -0.02
198.535 -0.021
203.854 -0.022
209.162 -0.023
214.46 -0.024
219.748 -0.025
225.025 -0.026
230.291 -0.027
235.548 -0.028
240.793 -0.029
246.029 -0.03
251.254 -0.031
256.468 -0.032
261.673 -0.033
266.866 -0.034
272.049 -0.035
277.221 -0.036
282.316 -0.037
286.875 -0.038
289.951 -0.039
292.194 -0.04
294.411 -0.041
296.602 -0.042
298.771 -0.043
300.924 -0.044
303.057 -0.045
305.197 -0.046
307.345 -0.047
309.488 -0.048
311.627 -0.049
313.765 -0.05
315.906 -0.051
318.044 -0.052
320.178 -0.053
322.306 -0.054
324.425 -0.055
326.537 -0.056
328.64 -0.057
330.733 -0.058
332.816 -0.059
334.888 -0.06
336.941 -0.061
338.962 -0.062
340.913 -0.063
342.76 -0.064
344.429 -0.065
345.861 -0.066
346.917 -0.067
347.487 -0.068
347.892 -0.069
348.281 -0.07
348.66 -0.071
349.012 -0.072
349.356 -0.073
349.685 -0.074
349.994 -0.075
350.3 -0.076
350.597 -0.077
350.878 -0.078
351.156 -0.079
351.43 -0.08
351.695 -0.081
351.956 -0.082
352.213 -0.083
352.466 -0.084
352.715 -0.085
352.961 -0.086
353.205 -0.087
353.447 -0.088
353.684 -0.089
353.917 -0.09
354.149 -0.091
354.378 -0.092
354.604 -0.093
354.825 -0.094
355.04 -0.095
355.254 -0.096
355.466 -0.097
355.676 -0.098
355.882 -0.099
356.084 -0.1
356.281 -0.101
356.475 -0.102
356.668 -0.103
356.859 -0.104
357.047 -0.105
357.232 -0.106
357.412 -0.107
357.588 -0.108
357.761 -0.109
357.933 -0.11
358.103 -0.111
358.272 -0.112
358.438 -0.113
358.599 -0.114
358.757 -0.115
358.911 -0.116
359.062 -0.117
359.211 -0.118
359.359 -0.119
359.506 -0.12
359.65 -0.121
359.792 -0.122
359.931 -0.123
360.067 -0.124
360.2 -0.125
360.332 -0.126
360.461 -0.127
360.589 -0.128
360.716 -0.129
360.842 -0.13
360.967 -0.131
361.091 -0.132
361.214 -0.133
361.335 -0.134
361.454 -0.135
361.571 -0.136
361.687 -0.137
361.802 -0.138
361.915 -0.139
362.027 -0.14
362.138 -0.141
362.248 -0.142
362.356 -0.143
362.463 -0.144
362.57 -0.145
362.675 -0.146
362.78 -0.147
362.883 -0.148
362.986 -0.149
363.088 -0.15
363.189 -0.151
363.29 -0.152
363.389 -0.153
363.487 -0.154
363.584 -0.155
363.681 -0.156
363.776 -0.157
363.871 -0.158
363.964 -0.159
364.056 -0.16
364.147 -0.161
364.237 -0.162
364.326 -0.163
364.414 -0.164
364.501 -0.165
364.588 -0.166
364.673 -0.167
364.758 -0.168
364.842 -0.169
364.926 -0.17
365.009 -0.171
365.091 -0.172
365.172 -0.173
365.252 -0.174
365.332 -0.175
365.412 -0.176
365.49 -0.177
365.569 -0.178
365.646 -0.179
365.723 -0.18
365.8 -0.181
365.875 -0.182
365.95 -0.183
366.024 -0.184
366.098 -0.185
366.172 -0.186
366.245 -0.187
366.317 -0.188
366.389 -0.189
366.46 -0.19
366.531 -0.191
366.602 -0.192
366.672 -0.193
366.742 -0.194
366.812 -0.195
366.881 -0.196
366.95 -0.197
367.019 -0.198
367.088 -0.199
367.156 -0.2
367.224 -0.201
367.292 -0.202
367.359 -0.203
367.426 -0.204
367.493 -0.205
367.56 -0.206
367.627 -0.207
367.693 -0.208
367.76 -0.209
367.826 -0.21
367.892 -0.211
367.958 -0.212
368.023 -0.213
368.089 -0.214
368.154 -0.215
368.219 -0.216
368.285 -0.217
368.35 -0.218
368.414 -0.219
368.479 -0.22
368.544 -0.221
368.609 -0.222
368.673 -0.223
368.738 -0.224
368.802 -0.225
368.866 -0.226
368.93 -0.227
368.994 -0.228
369.059 -0.229
369.123 -0.23
369.187 -0.231
369.251 -0.232
369.315 -0.233
369.379 -0.234
369.443 -0.235
369.506 -0.236
369.57 -0.237
369.634 -0.238
369.698 -0.239
369.761 -0.24
369.825 -0.241
369.889 -0.242
369.952 -0.243
370.016 -0.244
370.08 -0.245
370.143 -0.246
370.207 -0.247
370.271 -0.248
370.334 -0.249
370.398 -0.25
370.461 -0.251
370.525 -0.252
370.588 -0.253
370.652 -0.254
370.715 -0.255
370.778 -0.256
370.842 -0.257
370.905 -0.258
370.969 -0.259
371.032 -0.26
371.095 -0.261
371.158 -0.262
371.222 -0.263
371.285 -0.264
371.348 -0.265
371.411 -0.266
371.475 -0.267
371.538 -0.268
371.601 -0.269
371.664 -0.27
371.727 -0.271
371.79 -0.272
371.854 -0.273
371.917 -0.274
371.98 -0.275
372.043 -0.276
372.106 -0.277
372.169 -0.278
372.232 -0.279
372.295 -0.28
372.358 -0.281
372.421 -0.282
372.484 -0.283
372.547 -0.284
372.61 -0.285
372.673 -0.286
372.736 -0.287
372.799 -0.288
372.862 -0.289
372.925 -0.29
372.988 -0.291
373.051 -0.292
373.114 -0.293
373.176 -0.294
373.239 -0.295
373.302 -0.296
373.365 -0.297
373.428 -0.298
373.491 -0.299
373.554 -0.3
373.617 -0.301
373.68 -0.302
373.743 -0.303
373.806 -0.304
373.868 -0.305
373.931 -0.306
373.994 -0.307
374.057 -0.308
374.12 -0.309
374.183 -0.31
374.246 -0.311
374.31 -0.312
374.373 -0.313
374.436 -0.314
374.499 -0.315
374.562 -0.316
374.625 -0.317
374.688 -0.318
374.751 -0.319
374.814 -0.32
374.877 -0.321
374.94 -0.322
375.003 -0.323
375.066 -0.324
375.13 -0.325
375.193 -0.326
375.256 -0.327
375.319 -0.328
375.382 -0.329
375.445 -0.33
375.508 -0.331
375.572 -0.332
375.635 -0.333
375.698 -0.334
375.761 -0.335
375.824 -0.336
375.888 -0.337
375.951 -0.338
376.014 -0.339
376.077 -0.34
376.141 -0.341
376.204 -0.342
376.267 -0.343
376.331 -0.344
376.394 -0.345
376.458 -0.346
376.521 -0.347
376.585 -0.348
376.648 -0.349
376.712 -0.35
376.775 -0.351
376.839 -0.352
376.903 -0.353
376.966 -0.354
377.03 -0.355
377.094 -0.356
377.157 -0.357
377.221 -0.358
377.285 -0.359
377.349 -0.36
377.413 -0.361
377.477 -0.362
377.541 -0.363
377.605 -0.364
377.669 -0.365
377.733 -0.366
377.797 -0.367
377.861 -0.368
377.925 -0.369
377.989 -0.37
378.054 -0.371
378.118 -0.372
378.182 -0.373
378.246 -0.374
378.31 -0.375
378.375 -0.376
378.439 -0.377
378.503 -0.378
378.568 -0.379
378.632 -0.38
378.696 -0.381
378.761 -0.382
378.825 -0.383
378.89 -0.384
378.954 -0.385
379.019 -0.386
379.083 -0.387
379.148 -0.388
379.212 -0.389
379.277 -0.39
379.342 -0.391
379.406 -0.392
379.471 -0.393
379.536 -0.394
379.6 -0.395
379.665 -0.396
379.73 -0.397
379.795 -0.398
379.86 -0.399
379.925 -0.4
379.99 -0.401
380.055 -0.402
380.12 -0.403
380.185 -0.404
380.25 -0.405
380.315 -0.406
380.38 -0.407
380.446 -0.408
380.511 -0.409
380.576 -0.41
380.642 -0.411
380.707 -0.412
380.772 -0.413
380.838 -0.414
380.903 -0.415
380.969 -0.416
381.034 -0.417
381.1 -0.418
381.165 -0.419
381.231 -0.42
381.296 -0.421
381.362 -0.422
381.428 -0.423
381.494 -0.424
381.56 -0.425
381.626 -0.426
381.692 -0.427
381.758 -0.428
381.824 -0.429
381.89 -0.43
381.957 -0.431
382.023 -0.432
382.089 -0.433
382.155 -0.434
382.222 -0.435
382.288 -0.436
382.355 -0.437
382.422 -0.438
382.489 -0.439
382.556 -0.44
382.623 -0.441
382.69 -0.442
382.757 -0.443
382.825 -0.444
382.892 -0.445
382.96 -0.446
383.027 -0.447
383.095 -0.448
383.162 -0.449
383.23 -0.45
383.298 -0.451
383.366 -0.452
383.434 -0.453
383.502 -0.454
383.571 -0.455
383.64 -0.456
383.708 -0.457
383.777 -0.458
383.847 -0.459
383.916 -0.46
383.985 -0.461
384.055 -0.462
384.124 -0.463
384.194 -0.464
384.264 -0.465
384.334 -0.466
384.404 -0.467
384.475 -0.468
384.545 -0.469
384.616 -0.47
384.687 -0.471
384.758 -0.472
384.83 -0.473
384.901 -0.474
384.973 -0.475
385.045 -0.476
385.116 -0.477
385.188 -0.478
385.26 -0.479
385.333 -0.48
385.406 -0.481
385.479 -0.482
385.552 -0.483
385.626 -0.484
385.7 -0.485
385.774 -0.486
385.848 -0.487
385.922 -0.488
385.996 -0.489
386.071 -0.49
386.147 -0.491
386.222 -0.492
386.298 -0.493
386.374 -0.494
386.45 -0.495
386.525 -0.496
386.601 -0.497
386.677 -0.498
386.753 -0.499
386.83 -0.5
386.907 -0.501
386.984 -0.502
387.061 -0.503
387.139 -0.504
387.216 -0.505
387.294 -0.506
387.372 -0.507
387.451 -0.508
387.529 -0.509
387.608 -0.51
387.688 -0.511
387.767 -0.512
387.847 -0.513
387.927 -0.514
388.007 -0.515
388.087 -0.516
388.167 -0.517
388.248 -0.518
388.329 -0.519
388.41 -0.52
388.491 -0.521
388.572 -0.522
388.653 -0.523
388.735 -0.524
388.817 -0.525
388.9 -0.526
388.983 -0.527
389.066 -0.528
389.15 -0.529
389.233 -0.53
389.317 -0.531
389.4 -0.532
389.484 -0.533
389.568 -0.534
389.651 -0.535
389.735 -0.536
389.819 -0.537
389.903 -0.538
389.987 -0.539
390.07 -0.54
390.154 -0.541
390.238 -0.542
390.322 -0.543
390.406 -0.544
390.489 -0.545
390.573 -0.546
390.657 -0.547
390.741 -0.548
390.825 -0.549
390.909 -0.55
390.993 -0.551
391.077 -0.552
391.161 -0.553
391.244 -0.554
391.328 -0.555
391.412 -0.556
391.496 -0.557
391.58 -0.558
391.664 -0.559
391.748 -0.56
391.832 -0.561
391.916 -0.562
392.001 -0.563
392.085 -0.564
392.169 -0.565
392.253 -0.566
392.337 -0.567
392.422 -0.568
392.506 -0.569
392.591 -0.57
392.675 -0.571
392.76 -0.572
392.844 -0.573
392.929 -0.574
393.013 -0.575
393.098 -0.576
393.183 -0.577
393.268 -0.578
393.352 -0.579
393.437 -0.58
393.522 -0.581
393.607 -0.582
393.692 -0.583
393.777 -0.584
393.862 -0.585
393.947 -0.586
394.033 -0.587
394.118 -0.588
394.203 -0.589
394.288 -0.59
394.373 -0.591
394.459 -0.592
394.544 -0.593
394.63 -0.594
394.715 -0.595
394.801 -0.596
394.886 -0.597
394.972 -0.598
395.057 -0.599
395.143 -0.6
