12.2361 -0.001
24.457 -0.002
36.6624 -0.003
48.8523 -0.004
61.0265 -0.005
73.1849 -0.006
85.3272 -0.007
97.4533 -0.008
109.563 -0.009
121.656 -0.01
133.733 -0.011
145.793 -0.012
157.835 -0.013
169.861 -0.014
181.869 -0.015
193.859 -0.016
205.831 -0.017
217.786 -0.018
229.722 -0.019
241.334 -0.02
250.64 -0.021
258.452 -0.022
266.189 -0.023
273.885 -0.024
281.588 -0.025
289.301 -0.026
297.019 -0.027
304.743 -0.028
312.458 -0.029
320.157 -0.03
327.84 -0.031
335.505 -0.032
343.152 -0.033
350.78 -0.034
358.353 -0.035
365.76 -0.036
372.866 -0.037
379.553 -0.038
385.603 -0.039
391.067 -0.04
396.516 -0.041
401.949 -0.042
407.358 -0.043
412.741 -0.044
418.09 -0.045
423.385 -0.046
428.442 -0.047
433.008 -0.048
436.796 -0.049
439.269 -0.05
441.367 -0.051
443.449 -0.052
445.522 -0.053
447.583 -0.054
449.63 -0.055
451.664 -0.056
453.68 -0.057
455.661 -0.058
457.581 -0.059
459.395 -0.06
461.099 -0.061
462.64 -0.062
463.996 -0.063
465.112 -0.064
465.812 -0.065
466.29 -0.066
466.745 -0.067
467.178 -0.068
467.585 -0.069
467.971 -0.07
468.333 -0.071
468.673 -0.072
468.994 -0.073
469.304 -0.074
469.602 -0.075
469.886 -0.076
470.165 -0.077
470.439 -0.078
470.707 -0.079
470.973 -0.08
471.237 -0.081
471.5 -0.082
471.761 -0.083
472.019 -0.084
472.274 -0.085
472.527 -0.086
472.778 -0.087
473.027 -0.088
473.275 -0.089
473.518 -0.09
473.761 -0.091
474 -0.092
474.237 -0.093
474.471 -0.094
474.7 -0.095
474.924 -0.096
475.146 -0.097
475.364 -0.098
475.579 -0.099
475.792 -0.1
476.002 -0.101
476.21 -0.102
476.413 -0.103
476.613 -0.104
476.81 -0.105
477.004 -0.106
477.193 -0.107
477.379 -0.108
477.562 -0.109
477.742 -0.11
477.918 -0.111
478.092 -0.112
478.264 -0.113
478.434 -0.114
478.599 -0.115
478.762 -0.116
478.923 -0.117
479.083 -0.118
479.242 -0.119
479.4 -0.12
479.555 -0.121
479.71 -0.122
479.864 -0.123
480.018 -0.124
480.169 -0.125
480.32 -0.126
480.467 -0.127
480.612 -0.128
480.756 -0.129
480.899 -0.13
481.042 -0.131
481.184 -0.132
481.326 -0.133
481.466 -0.134
481.606 -0.135
481.744 -0.136
481.882 -0.137
482.019 -0.138
482.155 -0.139
482.291 -0.14
482.427 -0.141
482.562 -0.142
482.697 -0.143
482.831 -0.144
482.965 -0.145
483.098 -0.146
483.231 -0.147
483.363 -0.148
483.494 -0.149
483.625 -0.15
483.755 -0.151
483.884 -0.152
484.013 -0.153
484.142 -0.154
484.27 -0.155
484.398 -0.156
484.526 -0.157
484.653 -0.158
484.779 -0.159
484.906 -0.16
485.032 -0.161
485.157 -0.162
485.282 -0.163
485.406 -0.164
485.53 -0.165
485.653 -0.166
485.775 -0.167
485.896 -0.168
486.017 -0.169
486.138 -0.17
486.258 -0.171
486.378 -0.172
486.498 -0.173
486.617 -0.174
486.736 -0.175
486.855 -0.176
486.973 -0.177
487.091 -0.178
487.208 -0.179
487.325 -0.18
487.441 -0.181
487.558 -0.182
487.673 -0.183
487.789 -0.184
487.904 -0.185
488.019 -0.186
488.133 -0.187
488.247 -0.188
488.36 -0.189
488.473 -0.19
488.586 -0.191
488.698 -0.192
488.809 -0.193
488.92 -0.194
489.031 -0.195
489.141 -0.196
489.251 -0.197
489.361 -0.198
489.47 -0.199
489.578 -0.2
489.686 -0.201
489.793 -0.202
489.9 -0.203
490.006 -0.204
490.112 -0.205
490.217 -0.206
490.323 -0.207
490.428 -0.208
490.532 -0.209
490.636 -0.21
490.74 -0.211
490.844 -0.212
490.947 -0.213
491.05 -0.214
491.153 -0.215
491.255 -0.216
491.357 -0.217
491.458 -0.218
491.559 -0.219
491.66 -0.22
491.761 -0.221
491.861 -0.222
491.961 -0.223
492.061 -0.224
492.16 -0.225
492.26 -0.226
492.359 -0.227
492.458 -0.228
492.556 -0.229
492.655 -0.23
492.753 -0.231
492.851 -0.232
492.948 -0.233
493.046 -0.234
493.143 -0.235
493.24 -0.236
493.336 -0.237
493.433 -0.238
493.529 -0.239
493.624 -0.24
493.72 -0.241
493.815 -0.242
493.91 -0.243
494.005 -0.244
494.099 -0.245
494.194 -0.246
494.288 -0.247
494.382 -0.248
494.475 -0.249
494.569 -0.25
494.663 -0.251
494.756 -0.252
494.85 -0.253
494.943 -0.254
495.036 -0.255
495.129 -0.256
495.222 -0.257
495.314 -0.258
495.406 -0.259
495.499 -0.26
495.592 -0.261
495.684 -0.262
495.776 -0.263
495.868 -0.264
495.96 -0.265
496.052 -0.266
496.143 -0.267
496.234 -0.268
496.325 -0.269
496.416 -0.27
496.507 -0.271
496.598 -0.272
496.688 -0.273
496.778 -0.274
496.868 -0.275
496.958 -0.276
497.048 -0.277
497.137 -0.278
497.227 -0.279
497.316 -0.28
497.405 -0.281
497.493 -0.282
497.581 -0.283
497.669 -0.284
497.757 -0.285
497.844 -0.286
497.931 -0.287
498.017 -0.288
498.102 -0.289
498.186 -0.29
498.269 -0.291
498.35 -0.292
498.432 -0.293
498.515 -0.294
498.597 -0.295
498.677 -0.296
498.756 -0.297
498.834 -0.298
498.909 -0.299
498.987 -0.3
499.064 -0.301
499.14 -0.302
499.215 -0.303
499.289 -0.304
499.361 -0.305
499.432 -0.306
499.496 -0.307
499.559 -0.308
499.632 -0.309
499.705 -0.31
499.777 -0.311
499.846 -0.312
499.909 -0.313
499.978 -0.314
500.054 -0.315
500.13 -0.316
500.206 -0.317
500.281 -0.318
500.356 -0.319
500.431 -0.32
500.505 -0.321
500.579 -0.322
500.652 -0.323
500.724 -0.324
500.796 -0.325
500.868 -0.326
500.942 -0.327
501.016 -0.328
501.089 -0.329
501.16 -0.33
501.233 -0.331
501.309 -0.332
501.384 -0.333
501.459 -0.334
501.536 -0.335
501.612 -0.336
501.688 -0.337
501.763 -0.338
501.839 -0.339
501.916 -0.34
501.992 -0.341
502.069 -0.342
502.145 -0.343
502.22 -0.344
502.295 -0.345
502.373 -0.346
502.45 -0.347
502.526 -0.348
502.603 -0.349
502.679 -0.35
502.757 -0.351
502.835 -0.352
502.913 -0.353
502.99 -0.354
503.068 -0.355
503.146 -0.356
503.223 -0.357
503.3 -0.358
503.378 -0.359
503.455 -0.36
503.531 -0.361
503.608 -0.362
503.685 -0.363
503.761 -0.364
503.839 -0.365
503.916 -0.366
503.993 -0.367
504.069 -0.368
504.146 -0.369
504.224 -0.37
504.302 -0.371
504.38 -0.372
504.458 -0.373
504.535 -0.374
504.614 -0.375
504.692 -0.376
504.771 -0.377
504.849 -0.378
504.927 -0.379
505.006 -0.38
505.084 -0.381
505.162 -0.382
505.24 -0.383
505.318 -0.384
505.395 -0.385
505.473 -0.386
505.551 -0.387
505.628 -0.388
505.705 -0.389
505.783 -0.39
505.86 -0.391
505.937 -0.392
506.015 -0.393
506.093 -0.394
506.171 -0.395
506.248 -0.396
506.325 -0.397
506.402 -0.398
506.48 -0.399
506.558 -0.4
506.635 -0.401
506.713 -0.402
506.791 -0.403
506.87 -0.404
506.948 -0.405
507.027 -0.406
507.105 -0.407
507.183 -0.408
507.262 -0.409
507.341 -0.41
507.419 -0.411
507.498 -0.412
507.576 -0.413
507.655 -0.414
507.733 -0.415
507.811 -0.416
507.889 -0.417
507.967 -0.418
508.045 -0.419
508.124 -0.42
508.202 -0.421
508.28 -0.422
508.358 -0.423
508.435 -0.424
508.513 -0.425
508.59 -0.426
508.667 -0.427
508.743 -0.428
508.82 -0.429
508.899 -0.43
508.976 -0.431
509.053 -0.432
509.129 -0.433
509.208 -0.434
509.286 -0.435
509.365 -0.436
509.444 -0.437
509.522 -0.438
509.601 -0.439
509.679 -0.44
509.758 -0.441
509.837 -0.442
509.916 -0.443
509.995 -0.444
510.074 -0.445
510.153 -0.446
510.232 -0.447
510.31 -0.448
510.389 -0.449
510.468 -0.45
510.547 -0.451
510.626 -0.452
510.703 -0.453
510.78 -0.454
510.857 -0.455
510.935 -0.456
511.014 -0.457
511.093 -0.458
511.172 -0.459
511.25 -0.46
511.33 -0.461
511.411 -0.462
511.492 -0.463
511.572 -0.464
511.653 -0.465
511.734 -0.466
511.815 -0.467
511.897 -0.468
511.977 -0.469
512.058 -0.47
512.138 -0.471
512.218 -0.472
512.298 -0.473
512.379 -0.474
512.459 -0.475
512.54 -0.476
512.621 -0.477
512.7 -0.478
512.779 -0.479
512.858 -0.48
512.936 -0.481
513.014 -0.482
513.09 -0.483
513.166 -0.484
513.24 -0.485
513.311 -0.486
513.38 -0.487
513.444 -0.488
513.503 -0.489
513.556 -0.49
513.6 -0.491
513.636 -0.492
513.661 -0.493
513.677 -0.494
513.681 -0.495
513.675 -0.496
513.663 -0.497
513.674 -0.498
513.676 -0.499
513.672 -0.5
513.665 -0.501
513.667 -0.502
513.711 -0.503
513.753 -0.504
513.793 -0.505
513.833 -0.506
513.885 -0.507
513.955 -0.508
514.031 -0.509
514.11 -0.51
514.189 -0.511
514.266 -0.512
514.353 -0.513
514.447 -0.514
514.545 -0.515
514.642 -0.516
514.736 -0.517
514.836 -0.518
514.939 -0.519
515.041 -0.52
515.141 -0.521
515.241 -0.522
515.345 -0.523
515.447 -0.524
515.547 -0.525
515.643 -0.526
515.736 -0.527
515.828 -0.528
515.917 -0.529
516.005 -0.53
516.091 -0.531
516.175 -0.532
516.257 -0.533
516.34 -0.534
516.424 -0.535
516.509 -0.536
516.594 -0.537
516.679 -0.538
516.763 -0.539
516.848 -0.54
516.933 -0.541
517.018 -0.542
517.104 -0.543
517.191 -0.544
517.277 -0.545
517.363 -0.546
517.449 -0.547
517.535 -0.548
517.622 -0.549
517.708 -0.55
517.796 -0.551
517.883 -0.552
517.97 -0.553
518.057 -0.554
518.145 -0.555
518.233 -0.556
518.321 -0.557
518.41 -0.558
518.499 -0.559
518.588 -0.56
518.677 -0.561
518.766 -0.562
518.855 -0.563
518.944 -0.564
519.035 -0.565
519.125 -0.566
519.216 -0.567
519.307 -0.568
519.399 -0.569
519.491 -0.57
519.582 -0.571
519.674 -0.572
519.766 -0.573
519.858 -0.574
519.95 -0.575
520.042 -0.576
520.134 -0.577
520.225 -0.578
520.317 -0.579
520.41 -0.58
520.502 -0.581
520.595 -0.582
520.688 -0.583
520.78 -0.584
520.873 -0.585
520.966 -0.586
521.059 -0.587
521.152 -0.588
521.245 -0.589
521.338 -0.59
521.431 -0.591
521.524 -0.592
521.618 -0.593
521.712 -0.594
521.806 -0.595
521.9 -0.596
521.994 -0.597
522.088 -0.598
522.182 -0.599
522.277 -0.6
522.371 -0.601
522.465 -0.602
522.56 -0.603
522.654 -0.604
522.749 -0.605
522.844 -0.606
522.94 -0.607
523.035 -0.608
523.131 -0.609
523.226 -0.61
523.322 -0.611
523.417 -0.612
523.513 -0.613
523.608 -0.614
523.704 -0.615
523.8 -0.616
523.896 -0.617
523.992 -0.618
524.087 -0.619
524.183 -0.62
524.279 -0.621
524.375 -0.622
524.471 -0.623
524.567 -0.624
524.663 -0.625
524.76 -0.626
524.856 -0.627
524.952 -0.628
525.049 -0.629
525.146 -0.63
525.242 -0.631
525.339 -0.632
525.436 -0.633
525.533 -0.634
525.63 -0.635
525.727 -0.636
525.824 -0.637
525.922 -0.638
526.019 -0.639
526.116 -0.64
526.214 -0.641
526.311 -0.642
526.409 -0.643
526.506 -0.644
526.604 -0.645
526.702 -0.646
526.799 -0.647
526.897 -0.648
526.995 -0.649
527.093 -0.65
527.191 -0.651
527.289 -0.652
527.387 -0.653
527.485 -0.654
527.583 -0.655
527.681 -0.656
527.779 -0.657
527.877 -0.658
527.975 -0.659
528.073 -0.66
528.172 -0.661
528.27 -0.662
528.369 -0.663
528.467 -0.664
528.566 -0.665
528.664 -0.666
528.763 -0.667
528.862 -0.668
528.961 -0.669
529.059 -0.67
529.158 -0.671
529.257 -0.672
529.356 -0.673
529.456 -0.674
529.555 -0.675
529.654 -0.676
529.753 -0.677
529.852 -0.678
529.951 -0.679
530.051 -0.68
530.15 -0.681
530.249 -0.682
530.349 -0.683
530.448 -0.684
530.547 -0.685
530.647 -0.686
530.746 -0.687
530.845 -0.688
530.945 -0.689
531.044 -0.69
531.143 -0.691
531.243 -0.692
531.343 -0.693
531.443 -0.694
531.543 -0.695
531.644 -0.696
531.744 -0.697
531.845 -0.698
531.945 -0.699
532.046 -0.7
532.146 -0.701
532.247 -0.702
532.348 -0.703
532.449 -0.704
532.55 -0.705
532.651 -0.706
532.752 -0.707
532.853 -0.708
532.954 -0.709
533.055 -0.71
533.156 -0.711
533.257 -0.712
533.359 -0.713
533.46 -0.714
533.561 -0.715
533.663 -0.716
533.764 -0.717
533.865 -0.718
533.967 -0.719
534.068 -0.72
534.17 -0.721
534.271 -0.722
534.373 -0.723
534.474 -0.724
534.576 -0.725
534.677 -0.726
534.779 -0.727
534.88 -0.728
534.982 -0.729
535.085 -0.73
535.188 -0.731
535.291 -0.732
535.394 -0.733
535.497 -0.734
535.601 -0.735
535.704 -0.736
535.808 -0.737
535.911 -0.738
536.015 -0.739
536.118 -0.74
536.222 -0.741
536.326 -0.742
536.43 -0.743
536.533 -0.744
536.637 -0.745
536.741 -0.746
536.845 -0.747
536.948 -0.748
537.052 -0.749
537.156 -0.75
537.26 -0.751
537.364 -0.752
537.467 -0.753
537.571 -0.754
537.674 -0.755
537.777 -0.756
537.881 -0.757
537.985 -0.758
538.089 -0.759
538.194 -0.76
538.299 -0.761
538.404 -0.762
538.509 -0.763
538.614 -0.764
538.719 -0.765
538.824 -0.766
538.929 -0.767
539.034 -0.768
539.138 -0.769
539.243 -0.77
539.347 -0.771
539.45 -0.772
539.553 -0.773
539.655 -0.774
539.756 -0.775
539.856 -0.776
539.955 -0.777
540.051 -0.778
540.144 -0.779
540.235 -0.78
540.325 -0.781
540.412 -0.782
540.495 -0.783
540.574 -0.784
540.647 -0.785
540.713 -0.786
540.772 -0.787
540.828 -0.788
540.888 -0.789
540.979 -0.79
541.064 -0.791
541.14 -0.792
541.207 -0.793
541.269 -0.794
541.33 -0.795
541.389 -0.796
541.465 -0.797
541.578 -0.798
541.687 -0.799
541.798 -0.8
541.906 -0.801
542.011 -0.802
542.117 -0.803
542.22 -0.804
542.332 -0.805
542.451 -0.806
542.575 -0.807
542.704 -0.808
542.831 -0.809
542.957 -0.81
543.079 -0.811
543.201 -0.812
543.321 -0.813
543.441 -0.814
543.57 -0.815
543.7 -0.816
543.823 -0.817
543.945 -0.818
544.064 -0.819
544.183 -0.82
544.299 -0.821
544.415 -0.822
544.531 -0.823
544.648 -0.824
544.761 -0.825
544.874 -0.826
544.987 -0.827
545.1 -0.828
545.214 -0.829
545.328 -0.83
545.441 -0.831
545.554 -0.832
545.664 -0.833
545.773 -0.834
545.888 -0.835
546.002 -0.836
546.117 -0.837
546.232 -0.838
546.346 -0.839
546.461 -0.84
546.574 -0.841
546.685 -0.842
546.798 -0.843
546.913 -0.844
547.028 -0.845
547.144 -0.846
547.26 -0.847
547.377 -0.848
547.493 -0.849
547.61 -0.85
547.726 -0.851
547.843 -0.852
547.96 -0.853
548.077 -0.854
548.194 -0.855
548.312 -0.856
548.43 -0.857
548.548 -0.858
548.667 -0.859
548.785 -0.86
548.904 -0.861
549.023 -0.862
549.141 -0.863
549.26 -0.864
549.38 -0.865
549.499 -0.866
549.618 -0.867
549.736 -0.868
549.855 -0.869
549.974 -0.87
550.094 -0.871
550.213 -0.872
550.332 -0.873
550.451 -0.874
550.567 -0.875
550.685 -0.876
550.803 -0.877
550.921 -0.878
551.04 -0.879
551.16 -0.88
551.279 -0.881
551.398 -0.882
551.518 -0.883
551.637 -0.884
551.76 -0.885
551.88 -0.886
551.999 -0.887
551.985 -0.888
552.041 -0.889
552.104 -0.89
552.17 -0.891
552.245 -0.892
552.32 -0.893
552.396 -0.894
552.473 -0.895
552.585 -0.896
552.73 -0.897
552.874 -0.898
553.011 -0.899
553.163 -0.9
