12.0274 -0.001
24.0298 -0.002
36.0069 -0.003
47.9582 -0.004
59.8835 -0.005
71.7822 -0.006
83.6539 -0.007
95.4983 -0.008
107.315 -0.009
119.103 -0.01
130.862 -0.011
142.592 -0.012
154.292 -0.013
165.962 -0.014
177.601 -0.015
189.208 -0.016
200.783 -0.017
212.325 -0.018
223.834 -0.019
235.308 -0.02
246.748 -0.021
257.986 -0.022
267.789 -0.023
274.923 -0.024
280.033 -0.025
284.296 -0.026
287.704 -0.027
291.059 -0.028
294.36 -0.029
297.6 -0.03
300.781 -0.031
303.927 -0.032
307.055 -0.033
310.166 -0.034
313.249 -0.035
316.307 -0.036
319.337 -0.037
322.337 -0.038
325.305 -0.039
328.248 -0.04
331.168 -0.041
334.069 -0.042
336.953 -0.043
339.806 -0.044
342.531 -0.045
345.004 -0.046
347.11 -0.047
348.615 -0.048
349.77 -0.049
350.912 -0.05
352.045 -0.051
353.174 -0.052
354.299 -0.053
355.415 -0.054
356.514 -0.055
357.58 -0.056
358.595 -0.057
359.563 -0.058
360.455 -0.059
361.254 -0.06
361.986 -0.061
362.571 -0.062
362.974 -0.063
363.285 -0.064
363.586 -0.065
363.882 -0.066
364.169 -0.067
364.448 -0.068
364.719 -0.069
364.98 -0.07
365.233 -0.071
365.477 -0.072
365.714 -0.073
365.943 -0.074
366.165 -0.075
366.378 -0.076
366.587 -0.077
366.792 -0.078
366.991 -0.079
367.187 -0.08
367.378 -0.081
367.565 -0.082
367.749 -0.083
367.931 -0.084
368.11 -0.085
368.287 -0.086
368.461 -0.087
368.633 -0.088
368.802 -0.089
368.97 -0.09
369.135 -0.091
369.299 -0.092
369.461 -0.093
369.621 -0.094
369.778 -0.095
369.933 -0.096
370.086 -0.097
370.236 -0.098
370.386 -0.099
370.532 -0.1
370.677 -0.101
370.821 -0.102
370.963 -0.103
371.104 -0.104
371.243 -0.105
371.381 -0.106
371.518 -0.107
371.654 -0.108
371.788 -0.109
371.92 -0.11
372.05 -0.111
372.179 -0.112
372.308 -0.113
372.436 -0.114
372.564 -0.115
372.69 -0.116
372.815 -0.117
372.94 -0.118
373.064 -0.119
373.187 -0.12
373.31 -0.121
373.432 -0.122
373.552 -0.123
373.672 -0.124
373.791 -0.125
373.909 -0.126
374.027 -0.127
374.144 -0.128
374.261 -0.129
374.377 -0.13
374.492 -0.131
374.606 -0.132
374.72 -0.133
374.834 -0.134
374.947 -0.135
375.06 -0.136
375.173 -0.137
375.284 -0.138
375.395 -0.139
375.506 -0.14
375.616 -0.141
375.725 -0.142
375.834 -0.143
375.943 -0.144
376.052 -0.145
376.161 -0.146
376.27 -0.147
376.378 -0.148
376.486 -0.149
376.593 -0.15
376.701 -0.151
376.808 -0.152
376.914 -0.153
377.021 -0.154
377.128 -0.155
377.234 -0.156
377.341 -0.157
377.447 -0.158
377.554 -0.159
377.659 -0.16
377.765 -0.161
377.87 -0.162
377.975 -0.163
378.08 -0.164
378.184 -0.165
378.289 -0.166
378.393 -0.167
378.497 -0.168
378.601 -0.169
378.706 -0.17
378.81 -0.171
378.914 -0.172
379.018 -0.173
379.122 -0.174
379.225 -0.175
379.329 -0.176
379.432 -0.177
379.536 -0.178
379.639 -0.179
379.741 -0.18
379.844 -0.181
379.947 -0.182
380.05 -0.183
380.152 -0.184
380.255 -0.185
380.358 -0.186
380.46 -0.187
380.563 -0.188
380.665 -0.189
380.767 -0.19
380.87 -0.191
380.972 -0.192
381.074 -0.193
381.177 -0.194
381.279 -0.195
381.381 -0.196
381.483 -0.197
381.585 -0.198
381.688 -0.199
381.79 -0.2
381.892 -0.201
381.994 -0.202
382.096 -0.203
382.198 -0.204
382.3 -0.205
382.402 -0.206
382.503 -0.207
382.605 -0.208
382.707 -0.209
382.809 -0.21
382.911 -0.211
383.012 -0.212
383.114 -0.213
383.216 -0.214
383.317 -0.215
383.419 -0.216
383.52 -0.217
383.621 -0.218
383.723 -0.219
383.824 -0.22
383.925 -0.221
384.027 -0.222
384.128 -0.223
384.229 -0.224
384.33 -0.225
384.431 -0.226
384.532 -0.227
384.633 -0.228
384.734 -0.229
384.835 -0.23
384.936 -0.231
385.037 -0.232
385.138 -0.233
385.239 -0.234
385.34 -0.235
385.44 -0.236
385.541 -0.237
385.641 -0.238
385.742 -0.239
385.842 -0.24
385.942 -0.241
386.042 -0.242
386.142 -0.243
386.242 -0.244
386.342 -0.245
386.442 -0.246
386.543 -0.247
386.643 -0.248
386.743 -0.249
386.842 -0.25
386.941 -0.251
387.04 -0.252
387.14 -0.253
387.239 -0.254
387.338 -0.255
387.437 -0.256
387.536 -0.257
387.634 -0.258
387.732 -0.259
387.831 -0.26
387.929 -0.261
388.027 -0.262
388.125 -0.263
388.224 -0.264
388.322 -0.265
388.421 -0.266
388.519 -0.267
388.617 -0.268
388.716 -0.269
388.814 -0.27
388.911 -0.271
389.007 -0.272
389.103 -0.273
389.198 -0.274
389.294 -0.275
389.39 -0.276
389.485 -0.277
389.579 -0.278
389.674 -0.279
389.769 -0.28
389.864 -0.281
389.958 -0.282
390.053 -0.283
390.149 -0.284
390.244 -0.285
390.34 -0.286
390.435 -0.287
390.53 -0.288
390.626 -0.289
390.721 -0.29
390.817 -0.291
390.913 -0.292
391.009 -0.293
391.105 -0.294
391.201 -0.295
391.297 -0.296
391.393 -0.297
391.489 -0.298
391.585 -0.299
391.681 -0.3
391.777 -0.301
391.873 -0.302
391.969 -0.303
392.065 -0.304
392.161 -0.305
392.257 -0.306
392.354 -0.307
392.45 -0.308
392.546 -0.309
392.642 -0.31
392.739 -0.311
392.835 -0.312
392.931 -0.313
393.027 -0.314
393.123 -0.315
393.22 -0.316
393.316 -0.317
393.413 -0.318
393.509 -0.319
393.606 -0.32
393.702 -0.321
393.798 -0.322
393.895 -0.323
393.991 -0.324
394.088 -0.325
394.184 -0.326
394.281 -0.327
394.377 -0.328
394.474 -0.329
394.57 -0.33
394.667 -0.331
394.764 -0.332
394.86 -0.333
394.957 -0.334
395.054 -0.335
395.151 -0.336
395.247 -0.337
395.344 -0.338
395.441 -0.339
395.538 -0.34
395.635 -0.341
395.731 -0.342
395.829 -0.343
395.926 -0.344
396.023 -0.345
396.12 -0.346
396.217 -0.347
396.314 -0.348
396.411 -0.349
396.508 -0.35
396.605 -0.351
396.702 -0.352
396.799 -0.353
396.896 -0.354
396.994 -0.355
397.091 -0.356
397.188 -0.357
397.285 -0.358
397.382 -0.359
397.479 -0.36
397.576 -0.361
397.673 -0.362
397.77 -0.363
397.868 -0.364
397.965 -0.365
398.062 -0.366
398.159 -0.367
398.256 -0.368
398.354 -0.369
398.451 -0.37
398.549 -0.371
398.646 -0.372
398.744 -0.373
398.841 -0.374
398.939 -0.375
399.036 -0.376
399.134 -0.377
399.232 -0.378
399.329 -0.379
399.427 -0.38
399.524 -0.381
399.622 -0.382
399.719 -0.383
399.817 -0.384
399.914 -0.385
400.012 -0.386
400.109 -0.387
400.207 -0.388
400.304 -0.389
400.402 -0.39
400.5 -0.391
400.598 -0.392
400.695 -0.393
400.793 -0.394
400.891 -0.395
400.989 -0.396
401.088 -0.397
401.186 -0.398
401.284 -0.399
401.382 -0.4
401.48 -0.401
401.579 -0.402
401.677 -0.403
401.775 -0.404
401.874 -0.405
401.972 -0.406
402.07 -0.407
402.168 -0.408
402.266 -0.409
402.364 -0.41
402.463 -0.411
402.561 -0.412
402.659 -0.413
402.757 -0.414
402.855 -0.415
402.954 -0.416
403.052 -0.417
403.15 -0.418
403.249 -0.419
403.347 -0.42
403.445 -0.421
403.544 -0.422
403.642 -0.423
403.741 -0.424
403.84 -0.425
403.938 -0.426
404.037 -0.427
404.135 -0.428
404.234 -0.429
404.332 -0.43
404.431 -0.431
404.529 -0.432
404.627 -0.433
404.725 -0.434
404.823 -0.435
404.921 -0.436
405.019 -0.437
405.118 -0.438
405.216 -0.439
405.314 -0.44
405.413 -0.441
405.511 -0.442
405.61 -0.443
405.708 -0.444
405.807 -0.445
405.906 -0.446
406.004 -0.447
406.103 -0.448
406.201 -0.449
406.3 -0.45
406.399 -0.451
406.497 -0.452
406.596 -0.453
406.694 -0.454
406.792 -0.455
406.891 -0.456
406.989 -0.457
407.088 -0.458
407.186 -0.459
407.285 -0.46
407.383 -0.461
407.482 -0.462
407.581 -0.463
407.679 -0.464
407.778 -0.465
407.877 -0.466
407.976 -0.467
408.075 -0.468
408.174 -0.469
408.273 -0.47
408.373 -0.471
408.472 -0.472
408.571 -0.473
408.671 -0.474
408.77 -0.475
408.869 -0.476
408.968 -0.477
409.068 -0.478
409.167 -0.479
409.267 -0.48
409.366 -0.481
409.466 -0.482
409.566 -0.483
409.666 -0.484
409.765 -0.485
409.865 -0.486
409.966 -0.487
410.066 -0.488
410.167 -0.489
410.267 -0.49
410.368 -0.491
410.468 -0.492
410.569 -0.493
410.67 -0.494
410.77 -0.495
410.871 -0.496
410.972 -0.497
411.073 -0.498
411.175 -0.499
411.276 -0.5
411.377 -0.501
411.479 -0.502
411.58 -0.503
411.682 -0.504
411.784 -0.505
411.886 -0.506
411.989 -0.507
412.091 -0.508
412.193 -0.509
412.295 -0.51
412.398 -0.511
412.5 -0.512
412.602 -0.513
412.705 -0.514
412.808 -0.515
412.91 -0.516
413.013 -0.517
413.116 -0.518
413.219 -0.519
413.322 -0.52
413.425 -0.521
413.528 -0.522
413.632 -0.523
413.735 -0.524
413.839 -0.525
413.942 -0.526
414.046 -0.527
414.15 -0.528
414.254 -0.529
414.358 -0.53
414.462 -0.531
414.566 -0.532
414.67 -0.533
414.774 -0.534
414.879 -0.535
414.983 -0.536
415.087 -0.537
415.192 -0.538
415.297 -0.539
415.401 -0.54
415.506 -0.541
415.611 -0.542
415.716 -0.543
415.821 -0.544
415.926 -0.545
416.031 -0.546
416.136 -0.547
416.241 -0.548
416.346 -0.549
416.452 -0.55
416.557 -0.551
416.663 -0.552
416.768 -0.553
416.874 -0.554
416.98 -0.555
417.086 -0.556
417.191 -0.557
417.297 -0.558
417.404 -0.559
417.51 -0.56
417.616 -0.561
417.722 -0.562
417.829 -0.563
417.935 -0.564
418.041 -0.565
418.148 -0.566
418.255 -0.567
418.361 -0.568
418.468 -0.569
418.575 -0.57
418.682 -0.571
418.789 -0.572
418.896 -0.573
419.003 -0.574
419.111 -0.575
419.218 -0.576
419.326 -0.577
419.433 -0.578
419.541 -0.579
419.649 -0.58
419.756 -0.581
419.864 -0.582
419.972 -0.583
420.08 -0.584
420.188 -0.585
420.297 -0.586
420.405 -0.587
420.513 -0.588
420.622 -0.589
420.73 -0.59
420.839 -0.591
420.948 -0.592
421.057 -0.593
421.165 -0.594
421.274 -0.595
421.383 -0.596
421.492 -0.597
421.602 -0.598
421.711 -0.599
421.82 -0.6
421.93 -0.601
422.039 -0.602
422.149 -0.603
422.258 -0.604
422.368 -0.605
422.478 -0.606
422.587 -0.607
422.697 -0.608
422.806 -0.609
422.916 -0.61
423.026 -0.611
423.136 -0.612
423.245 -0.613
423.355 -0.614
423.465 -0.615
423.575 -0.616
423.684 -0.617
423.794 -0.618
423.904 -0.619
424.014 -0.62
424.124 -0.621
424.234 -0.622
424.344 -0.623
424.454 -0.624
424.564 -0.625
424.674 -0.626
424.784 -0.627
424.895 -0.628
425.005 -0.629
425.115 -0.63
425.226 -0.631
425.336 -0.632
425.446 -0.633
425.556 -0.634
425.666 -0.635
425.776 -0.636
425.886 -0.637
425.995 -0.638
426.103 -0.639
426.21 -0.64
426.308 -0.641
426.346 -0.642
426.306 -0.643
426.233 -0.644
426.165 -0.645
426.121 -0.646
426.089 -0.647
426.059 -0.648
426.028 -0.649
425.998 -0.65
425.968 -0.651
425.938 -0.652
425.909 -0.653
425.879 -0.654
425.849 -0.655
425.82 -0.656
425.797 -0.657
425.838 -0.658
426.018 -0.659
426.278 -0.66
426.573 -0.661
426.884 -0.662
427.183 -0.663
427.424 -0.664
427.621 -0.665
427.819 -0.666
428.016 -0.667
428.214 -0.668
428.411 -0.669
428.609 -0.67
428.807 -0.671
429.004 -0.672
429.177 -0.673
429.324 -0.674
429.44 -0.675
429.556 -0.676
429.672 -0.677
429.788 -0.678
429.904 -0.679
430.021 -0.68
430.137 -0.681
430.254 -0.682
430.37 -0.683
430.487 -0.684
430.604 -0.685
430.72 -0.686
430.837 -0.687
430.954 -0.688
431.071 -0.689
431.188 -0.69
431.305 -0.691
431.422 -0.692
431.533 -0.693
431.642 -0.694
431.747 -0.695
431.85 -0.696
431.954 -0.697
432.057 -0.698
432.16 -0.699
432.264 -0.7
432.367 -0.701
432.471 -0.702
432.575 -0.703
432.679 -0.704
432.783 -0.705
432.887 -0.706
432.991 -0.707
433.095 -0.708
433.199 -0.709
433.303 -0.71
433.408 -0.711
433.512 -0.712
433.617 -0.713
433.722 -0.714
433.826 -0.715
433.931 -0.716
434.037 -0.717
434.142 -0.718
434.247 -0.719
434.353 -0.72
434.458 -0.721
434.564 -0.722
434.67 -0.723
434.776 -0.724
434.882 -0.725
434.988 -0.726
435.095 -0.727
435.199 -0.728
435.313 -0.729
435.424 -0.73
435.533 -0.731
435.63 -0.732
435.505 -0.733
435.514 -0.734
435.524 -0.735
435.533 -0.736
435.542 -0.737
435.552 -0.738
435.561 -0.739
435.57 -0.74
435.58 -0.741
435.59 -0.742
435.599 -0.743
435.645 -0.744
435.779 -0.745
435.961 -0.746
436.242 -0.747
436.509 -0.748
436.776 -0.749
436.995 -0.75
437.213 -0.751
437.426 -0.752
437.602 -0.753
437.771 -0.754
437.917 -0.755
438.037 -0.756
438.157 -0.757
438.277 -0.758
438.397 -0.759
438.517 -0.76
438.637 -0.761
438.758 -0.762
438.878 -0.763
438.998 -0.764
439.118 -0.765
439.239 -0.766
439.359 -0.767
439.479 -0.768
439.599 -0.769
439.718 -0.77
439.837 -0.771
439.955 -0.772
440.07 -0.773
440.173 -0.774
440.257 -0.775
440.326 -0.776
440.392 -0.777
440.457 -0.778
440.523 -0.779
440.586 -0.78
440.643 -0.781
440.687 -0.782
440.718 -0.783
440.742 -0.784
440.767 -0.785
440.792 -0.786
440.816 -0.787
440.841 -0.788
440.868 -0.789
440.9 -0.79
440.937 -0.791
440.976 -0.792
441.015 -0.793
441.054 -0.794
441.11 -0.795
441.191 -0.796
441.293 -0.797
441.408 -0.798
441.539 -0.799
441.684 -0.8
