6.36034 -0.001
12.7142 -0.002
19.0615 -0.003
25.4022 -0.004
31.7362 -0.005
38.0635 -0.006
44.3841 -0.007
50.6979 -0.008
57.0049 -0.009
63.3049 -0.01
69.598 -0.011
75.8841 -0.012
82.1631 -0.013
88.435 -0.014
94.6997 -0.015
100.957 -0.016
107.207 -0.017
113.45 -0.018
119.686 -0.019
125.913 -0.02
132.134 -0.021
138.347 -0.022
144.552 -0.023
150.749 -0.024
156.938 -0.025
163.12 -0.026
169.294 -0.027
175.459 -0.028
181.617 -0.029
187.766 -0.03
193.907 -0.031
200.04 -0.032
206.164 -0.033
212.28 -0.034
218.387 -0.035
224.485 -0.036
230.508 -0.037
236.247 -0.038
241.512 -0.039
246.715 -0.04
251.9 -0.041
257.07 -0.042
262.229 -0.043
267.381 -0.044
272.524 -0.045
277.659 -0.046
282.751 -0.047
287.656 -0.048
292.187 -0.049
296.203 -0.05
299.621 -0.051
302.141 -0.052
303.993 -0.053
305.721 -0.054
307.339 -0.055
308.86 -0.056
310.261 -0.057
311.483 -0.058
312.66 -0.059
313.66 -0.06
314.433 -0.061
314.92 -0.062
315.326 -0.063
315.715 -0.064
316.089 -0.065
316.452 -0.066
316.802 -0.067
317.134 -0.068
317.453 -0.069
317.76 -0.07
318.053 -0.071
318.33 -0.072
318.592 -0.073
318.843 -0.074
319.082 -0.075
319.306 -0.076
319.52 -0.077
319.729 -0.078
319.931 -0.079
320.129 -0.08
320.321 -0.081
320.511 -0.082
320.697 -0.083
320.881 -0.084
321.062 -0.085
321.241 -0.086
321.417 -0.087
321.592 -0.088
321.764 -0.089
321.934 -0.09
322.101 -0.091
322.265 -0.092
322.428 -0.093
322.589 -0.094
322.749 -0.095
322.906 -0.096
323.059 -0.097
323.209 -0.098
323.357 -0.099
323.503 -0.1
323.646 -0.101
323.788 -0.102
323.928 -0.103
324.066 -0.104
324.2 -0.105
324.332 -0.106
324.459 -0.107
324.585 -0.108
324.709 -0.109
324.831 -0.11
324.949 -0.111
325.065 -0.112
325.18 -0.113
325.292 -0.114
325.403 -0.115
325.511 -0.116
325.617 -0.117
325.724 -0.118
325.828 -0.119
325.932 -0.12
326.035 -0.121
326.137 -0.122
326.237 -0.123
326.337 -0.124
326.437 -0.125
326.536 -0.126
326.634 -0.127
326.732 -0.128
326.83 -0.129
326.927 -0.13
327.024 -0.131
327.12 -0.132
327.216 -0.133
327.312 -0.134
327.407 -0.135
327.501 -0.136
327.595 -0.137
327.688 -0.138
327.781 -0.139
327.872 -0.14
327.963 -0.141
328.054 -0.142
328.144 -0.143
328.234 -0.144
328.323 -0.145
328.412 -0.146
328.501 -0.147
328.589 -0.148
328.678 -0.149
328.765 -0.15
328.852 -0.151
328.939 -0.152
329.026 -0.153
329.112 -0.154
329.197 -0.155
329.282 -0.156
329.366 -0.157
329.45 -0.158
329.533 -0.159
329.615 -0.16
329.697 -0.161
329.779 -0.162
329.86 -0.163
329.941 -0.164
330.022 -0.165
330.102 -0.166
330.182 -0.167
330.262 -0.168
330.341 -0.169
330.42 -0.17
330.498 -0.171
330.576 -0.172
330.654 -0.173
330.731 -0.174
330.807 -0.175
330.883 -0.176
330.959 -0.177
331.034 -0.178
331.109 -0.179
331.183 -0.18
331.256 -0.181
331.33 -0.182
331.403 -0.183
331.476 -0.184
331.549 -0.185
331.621 -0.186
331.692 -0.187
331.763 -0.188
331.833 -0.189
331.903 -0.19
331.972 -0.191
332.041 -0.192
332.11 -0.193
332.178 -0.194
332.246 -0.195
332.314 -0.196
332.381 -0.197
332.449 -0.198
332.516 -0.199
332.583 -0.2
332.649 -0.201
332.714 -0.202
332.779 -0.203
332.842 -0.204
332.906 -0.205
332.968 -0.206
333.031 -0.207
333.093 -0.208
333.155 -0.209
333.217 -0.21
333.279 -0.211
333.341 -0.212
333.403 -0.213
333.465 -0.214
333.527 -0.215
333.589 -0.216
333.65 -0.217
333.71 -0.218
333.77 -0.219
333.83 -0.22
333.89 -0.221
333.95 -0.222
334.01 -0.223
334.07 -0.224
334.13 -0.225
334.19 -0.226
334.249 -0.227
334.309 -0.228
334.368 -0.229
334.427 -0.23
334.487 -0.231
334.546 -0.232
334.605 -0.233
334.664 -0.234
334.722 -0.235
334.78 -0.236
334.838 -0.237
334.896 -0.238
334.954 -0.239
335.011 -0.24
335.068 -0.241
335.126 -0.242
335.183 -0.243
335.24 -0.244
335.297 -0.245
335.354 -0.246
335.411 -0.247
335.467 -0.248
335.523 -0.249
335.58 -0.25
335.636 -0.251
335.692 -0.252
335.749 -0.253
335.805 -0.254
335.861 -0.255
335.916 -0.256
335.972 -0.257
336.028 -0.258
336.084 -0.259
336.14 -0.26
336.196 -0.261
336.252 -0.262
336.307 -0.263
336.363 -0.264
336.419 -0.265
336.475 -0.266
336.53 -0.267
336.586 -0.268
336.641 -0.269
336.695 -0.27
336.75 -0.271
336.805 -0.272
336.86 -0.273
336.915 -0.274
336.97 -0.275
337.024 -0.276
337.079 -0.277
337.134 -0.278
337.189 -0.279
337.243 -0.28
337.298 -0.281
337.353 -0.282
337.408 -0.283
337.462 -0.284
337.517 -0.285
337.572 -0.286
337.626 -0.287
337.681 -0.288
337.736 -0.289
337.791 -0.29
337.845 -0.291
337.899 -0.292
337.953 -0.293
338.007 -0.294
338.061 -0.295
338.115 -0.296
338.169 -0.297
338.223 -0.298
338.276 -0.299
338.33 -0.3
338.384 -0.301
338.438 -0.302
338.492 -0.303
338.546 -0.304
338.599 -0.305
338.653 -0.306
338.707 -0.307
338.761 -0.308
338.815 -0.309
338.869 -0.31
338.922 -0.311
338.976 -0.312
339.03 -0.313
339.084 -0.314
339.137 -0.315
339.19 -0.316
339.243 -0.317
339.296 -0.318
339.348 -0.319
339.401 -0.32
339.454 -0.321
339.507 -0.322
339.56 -0.323
339.612 -0.324
339.665 -0.325
339.718 -0.326
339.771 -0.327
339.823 -0.328
339.876 -0.329
339.929 -0.33
339.982 -0.331
340.034 -0.332
340.087 -0.333
340.14 -0.334
340.192 -0.335
340.245 -0.336
340.298 -0.337
340.35 -0.338
340.403 -0.339
340.456 -0.34
340.509 -0.341
340.561 -0.342
340.614 -0.343
340.667 -0.344
340.72 -0.345
340.772 -0.346
340.825 -0.347
340.878 -0.348
340.931 -0.349
340.983 -0.35
341.036 -0.351
341.089 -0.352
341.142 -0.353
341.195 -0.354
341.247 -0.355
341.3 -0.356
341.353 -0.357
341.406 -0.358
341.458 -0.359
341.511 -0.36
341.564 -0.361
341.617 -0.362
341.67 -0.363
341.722 -0.364
341.775 -0.365
341.828 -0.366
341.881 -0.367
341.934 -0.368
341.987 -0.369
342.039 -0.37
342.092 -0.371
342.145 -0.372
342.198 -0.373
342.251 -0.374
342.304 -0.375
342.357 -0.376
342.409 -0.377
342.462 -0.378
342.515 -0.379
342.568 -0.38
342.621 -0.381
342.674 -0.382
342.727 -0.383
342.78 -0.384
342.833 -0.385
342.886 -0.386
342.939 -0.387
342.992 -0.388
343.045 -0.389
343.098 -0.39
343.151 -0.391
343.204 -0.392
343.257 -0.393
343.31 -0.394
343.363 -0.395
343.416 -0.396
343.469 -0.397
343.522 -0.398
343.575 -0.399
343.628 -0.4
343.681 -0.401
343.734 -0.402
343.787 -0.403
343.84 -0.404
343.893 -0.405
343.946 -0.406
343.999 -0.407
344.052 -0.408
344.105 -0.409
344.159 -0.41
344.212 -0.411
344.265 -0.412
344.318 -0.413
344.371 -0.414
344.424 -0.415
344.478 -0.416
344.531 -0.417
344.584 -0.418
344.637 -0.419
344.691 -0.42
344.744 -0.421
344.797 -0.422
344.85 -0.423
344.904 -0.424
344.957 -0.425
345.01 -0.426
345.064 -0.427
345.117 -0.428
345.17 -0.429
345.224 -0.43
345.277 -0.431
345.33 -0.432
345.384 -0.433
345.437 -0.434
345.491 -0.435
345.544 -0.436
345.598 -0.437
345.651 -0.438
345.705 -0.439
345.758 -0.44
345.812 -0.441
345.865 -0.442
345.919 -0.443
345.972 -0.444
346.026 -0.445
346.079 -0.446
346.133 -0.447
346.187 -0.448
346.24 -0.449
346.294 -0.45
346.347 -0.451
346.401 -0.452
346.455 -0.453
346.508 -0.454
346.562 -0.455
346.616 -0.456
346.669 -0.457
346.723 -0.458
346.777 -0.459
346.83 -0.46
346.884 -0.461
346.938 -0.462
346.992 -0.463
347.045 -0.464
347.099 -0.465
347.153 -0.466
347.207 -0.467
347.261 -0.468
347.314 -0.469
347.368 -0.47
347.422 -0.471
347.476 -0.472
347.53 -0.473
347.584 -0.474
347.638 -0.475
347.692 -0.476
347.745 -0.477
347.799 -0.478
347.853 -0.479
347.907 -0.48
347.961 -0.481
348.015 -0.482
348.069 -0.483
348.123 -0.484
348.178 -0.485
348.232 -0.486
348.286 -0.487
348.34 -0.488
348.394 -0.489
348.448 -0.49
348.502 -0.491
348.556 -0.492
348.611 -0.493
348.665 -0.494
348.719 -0.495
348.773 -0.496
348.828 -0.497
348.882 -0.498
348.936 -0.499
348.99 -0.5
349.045 -0.501
349.099 -0.502
349.153 -0.503
349.208 -0.504
349.262 -0.505
349.316 -0.506
349.371 -0.507
349.425 -0.508
349.48 -0.509
349.534 -0.51
349.589 -0.511
349.643 -0.512
349.698 -0.513
349.752 -0.514
349.807 -0.515
349.861 -0.516
349.916 -0.517
349.97 -0.518
350.025 -0.519
350.079 -0.52
350.134 -0.521
350.189 -0.522
350.243 -0.523
350.298 -0.524
350.353 -0.525
350.407 -0.526
350.462 -0.527
350.517 -0.528
350.572 -0.529
350.626 -0.53
350.681 -0.531
350.736 -0.532
350.791 -0.533
350.846 -0.534
350.901 -0.535
350.956 -0.536
351.011 -0.537
351.066 -0.538
351.121 -0.539
351.176 -0.54
351.231 -0.541
351.286 -0.542
351.341 -0.543
351.396 -0.544
351.451 -0.545
351.506 -0.546
351.561 -0.547
351.617 -0.548
351.672 -0.549
351.727 -0.55
351.782 -0.551
351.837 -0.552
351.892 -0.553
351.948 -0.554
352.003 -0.555
352.058 -0.556
352.114 -0.557
352.169 -0.558
352.224 -0.559
352.28 -0.56
352.335 -0.561
352.391 -0.562
352.446 -0.563
352.501 -0.564
352.557 -0.565
352.612 -0.566
352.668 -0.567
352.724 -0.568
352.779 -0.569
352.835 -0.57
352.89 -0.571
352.946 -0.572
353.002 -0.573
353.057 -0.574
353.113 -0.575
353.169 -0.576
353.224 -0.577
353.28 -0.578
353.336 -0.579
353.391 -0.58
353.447 -0.581
353.503 -0.582
353.559 -0.583
353.614 -0.584
353.67 -0.585
353.726 -0.586
353.782 -0.587
353.838 -0.588
353.894 -0.589
353.949 -0.59
354.005 -0.591
354.061 -0.592
354.117 -0.593
354.173 -0.594
354.229 -0.595
354.285 -0.596
354.341 -0.597
354.397 -0.598
354.453 -0.599
354.509 -0.6
354.565 -0.601
354.621 -0.602
354.677 -0.603
354.733 -0.604
354.789 -0.605
354.845 -0.606
354.901 -0.607
354.957 -0.608
355.014 -0.609
355.07 -0.61
355.126 -0.611
355.182 -0.612
355.238 -0.613
355.294 -0.614
355.35 -0.615
355.406 -0.616
355.462 -0.617
355.518 -0.618
355.574 -0.619
355.63 -0.62
355.686 -0.621
355.742 -0.622
355.798 -0.623
355.855 -0.624
355.911 -0.625
355.967 -0.626
356.023 -0.627
356.08 -0.628
356.136 -0.629
356.192 -0.63
356.249 -0.631
356.305 -0.632
356.362 -0.633
356.418 -0.634
356.475 -0.635
356.531 -0.636
356.588 -0.637
356.644 -0.638
356.701 -0.639
356.758 -0.64
356.814 -0.641
356.871 -0.642
356.928 -0.643
356.984 -0.644
357.041 -0.645
357.098 -0.646
357.155 -0.647
357.211 -0.648
357.268 -0.649
357.325 -0.65
357.382 -0.651
357.439 -0.652
357.496 -0.653
357.553 -0.654
357.61 -0.655
357.667 -0.656
357.724 -0.657
357.781 -0.658
357.838 -0.659
357.896 -0.66
357.953 -0.661
358.01 -0.662
358.067 -0.663
358.125 -0.664
358.182 -0.665
358.239 -0.666
358.297 -0.667
358.354 -0.668
358.412 -0.669
358.469 -0.67
358.527 -0.671
358.584 -0.672
358.642 -0.673
358.699 -0.674
358.757 -0.675
358.815 -0.676
358.872 -0.677
358.93 -0.678
358.988 -0.679
359.046 -0.68
359.104 -0.681
359.161 -0.682
359.219 -0.683
359.277 -0.684
359.335 -0.685
359.393 -0.686
359.451 -0.687
359.509 -0.688
359.567 -0.689
359.625 -0.69
359.684 -0.691
359.742 -0.692
359.8 -0.693
359.858 -0.694
359.917 -0.695
359.975 -0.696
360.033 -0.697
360.092 -0.698
360.15 -0.699
360.208 -0.7
360.267 -0.701
360.325 -0.702
360.384 -0.703
360.442 -0.704
360.501 -0.705
360.56 -0.706
360.618 -0.707
360.677 -0.708
360.736 -0.709
360.795 -0.71
360.853 -0.711
360.912 -0.712
360.971 -0.713
361.03 -0.714
361.089 -0.715
361.148 -0.716
361.207 -0.717
361.266 -0.718
361.325 -0.719
361.384 -0.72
361.443 -0.721
361.502 -0.722
361.562 -0.723
361.621 -0.724
361.68 -0.725
361.739 -0.726
361.799 -0.727
361.858 -0.728
361.918 -0.729
361.977 -0.73
362.037 -0.731
362.096 -0.732
362.156 -0.733
362.215 -0.734
362.275 -0.735
362.334 -0.736
362.394 -0.737
362.454 -0.738
362.514 -0.739
362.573 -0.74
362.633 -0.741
362.693 -0.742
362.753 -0.743
362.813 -0.744
362.873 -0.745
362.933 -0.746
362.993 -0.747
363.053 -0.748
363.113 -0.749
363.173 -0.75
363.233 -0.751
363.293 -0.752
363.353 -0.753
363.414 -0.754
363.474 -0.755
363.534 -0.756
363.594 -0.757
363.655 -0.758
363.715 -0.759
363.775 -0.76
363.836 -0.761
363.896 -0.762
363.957 -0.763
364.017 -0.764
364.078 -0.765
364.138 -0.766
364.199 -0.767
364.259 -0.768
364.32 -0.769
364.38 -0.77
364.441 -0.771
364.502 -0.772
364.562 -0.773
364.623 -0.774
364.684 -0.775
364.745 -0.776
364.805 -0.777
364.866 -0.778
364.927 -0.779
364.988 -0.78
365.049 -0.781
365.11 -0.782
365.171 -0.783
365.232 -0.784
365.293 -0.785
365.355 -0.786
365.416 -0.787
365.477 -0.788
365.538 -0.789
365.599 -0.79
365.66 -0.791
365.721 -0.792
365.783 -0.793
365.844 -0.794
365.905 -0.795
365.967 -0.796
366.028 -0.797
366.09 -0.798
366.151 -0.799
366.213 -0.8
366.274 -0.801
366.336 -0.802
366.397 -0.803
366.459 -0.804
366.521 -0.805
366.583 -0.806
366.644 -0.807
366.706 -0.808
366.768 -0.809
366.83 -0.81
366.892 -0.811
366.954 -0.812
367.016 -0.813
367.077 -0.814
367.139 -0.815
367.201 -0.816
367.263 -0.817
367.325 -0.818
367.387 -0.819
367.449 -0.82
367.511 -0.821
367.573 -0.822
367.636 -0.823
367.698 -0.824
367.76 -0.825
367.822 -0.826
367.884 -0.827
367.946 -0.828
368.008 -0.829
368.07 -0.83
368.133 -0.831
368.195 -0.832
368.257 -0.833
368.319 -0.834
368.381 -0.835
368.444 -0.836
368.506 -0.837
368.568 -0.838
368.63 -0.839
368.693 -0.84
368.755 -0.841
368.817 -0.842
368.879 -0.843
368.942 -0.844
369.004 -0.845
369.067 -0.846
369.129 -0.847
369.191 -0.848
369.254 -0.849
369.316 -0.85
369.378 -0.851
369.44 -0.852
369.502 -0.853
369.564 -0.854
369.627 -0.855
369.689 -0.856
369.751 -0.857
369.813 -0.858
369.874 -0.859
369.936 -0.86
369.998 -0.861
370.06 -0.862
370.122 -0.863
370.184 -0.864
370.245 -0.865
370.307 -0.866
370.368 -0.867
370.43 -0.868
370.491 -0.869
370.552 -0.87
370.613 -0.871
370.674 -0.872
370.735 -0.873
370.796 -0.874
370.856 -0.875
370.914 -0.876
370.972 -0.877
371.028 -0.878
371.082 -0.879
371.131 -0.88
371.171 -0.881
371.201 -0.882
371.221 -0.883
371.229 -0.884
371.225 -0.885
371.213 -0.886
371.192 -0.887
371.168 -0.888
371.145 -0.889
371.121 -0.89
371.097 -0.891
371.074 -0.892
371.092 -0.893
371.138 -0.894
371.185 -0.895
371.256 -0.896
371.346 -0.897
371.436 -0.898
371.517 -0.899
371.602 -0.9
371.692 -0.901
371.782 -0.902
371.871 -0.903
371.962 -0.904
372.052 -0.905
372.145 -0.906
372.245 -0.907
372.345 -0.908
372.445 -0.909
372.545 -0.91
372.643 -0.911
372.732 -0.912
372.813 -0.913
372.88 -0.914
372.943 -0.915
373.007 -0.916
373.069 -0.917
373.131 -0.918
373.136 -0.919
373.208 -0.92
373.295 -0.921
373.372 -0.922
373.439 -0.923
373.504 -0.924
373.568 -0.925
373.633 -0.926
373.697 -0.927
373.762 -0.928
373.826 -0.929
373.891 -0.93
373.956 -0.931
374.021 -0.932
374.085 -0.933
374.15 -0.934
374.215 -0.935
374.28 -0.936
374.344 -0.937
374.409 -0.938
374.474 -0.939
374.538 -0.94
374.603 -0.941
374.653 -0.942
374.704 -0.943
374.754 -0.944
374.805 -0.945
374.855 -0.946
374.925 -0.947
375.012 -0.948
375.089 -0.949
375.165 -0.95
375.233 -0.951
375.298 -0.952
375.363 -0.953
375.428 -0.954
375.493 -0.955
375.558 -0.956
375.623 -0.957
375.688 -0.958
375.754 -0.959
375.819 -0.96
375.884 -0.961
375.95 -0.962
376.015 -0.963
376.081 -0.964
376.146 -0.965
376.212 -0.966
376.277 -0.967
376.342 -0.968
376.407 -0.969
376.472 -0.97
376.538 -0.971
376.603 -0.972
376.669 -0.973
376.734 -0.974
376.8 -0.975
376.866 -0.976
376.931 -0.977
376.997 -0.978
377.063 -0.979
377.129 -0.98
377.195 -0.981
377.261 -0.982
377.327 -0.983
377.393 -0.984
377.459 -0.985
377.525 -0.986
377.591 -0.987
377.657 -0.988
377.723 -0.989
377.789 -0.99
377.855 -0.991
377.922 -0.992
377.988 -0.993
378.054 -0.994
378.12 -0.995
378.187 -0.996
378.253 -0.997
378.32 -0.998
378.386 -0.999
378.452 -1
378.519 -1.001
378.585 -1.002
378.652 -1.003
378.718 -1.004
378.784 -1.005
378.85 -1.006
378.916 -1.007
378.983 -1.008
379.049 -1.009
379.115 -1.01
379.182 -1.011
379.248 -1.012
379.315 -1.013
379.381 -1.014
379.448 -1.015
379.514 -1.016
379.58 -1.017
379.647 -1.018
379.713 -1.019
379.779 -1.02
379.846 -1.021
379.913 -1.022
379.979 -1.023
380.046 -1.024
380.113 -1.025
380.18 -1.026
380.246 -1.027
380.313 -1.028
380.38 -1.029
380.447 -1.03
380.513 -1.031
380.58 -1.032
380.647 -1.033
380.713 -1.034
380.78 -1.035
380.846 -1.036
380.912 -1.037
380.977 -1.038
381.043 -1.039
381.108 -1.04
381.173 -1.041
381.238 -1.042
381.303 -1.043
381.368 -1.044
381.433 -1.045
381.497 -1.046
381.562 -1.047
381.626 -1.048
381.69 -1.049
381.754 -1.05
381.818 -1.051
381.881 -1.052
381.94 -1.053
381.995 -1.054
382.049 -1.055
382.095 -1.056
382.148 -1.057
382.208 -1.058
382.271 -1.059
382.344 -1.06
382.414 -1.061
382.482 -1.062
382.549 -1.063
382.616 -1.064
382.683 -1.065
382.75 -1.066
382.816 -1.067
382.883 -1.068
382.949 -1.069
383.011 -1.07
383.07 -1.071
383.128 -1.072
383.196 -1.073
383.259 -1.074
383.318 -1.075
383.389 -1.076
383.46 -1.077
383.529 -1.078
383.598 -1.079
383.666 -1.08
383.735 -1.081
383.803 -1.082
383.871 -1.083
383.939 -1.084
384.008 -1.085
384.076 -1.086
384.145 -1.087
384.212 -1.088
384.276 -1.089
384.338 -1.09
384.408 -1.091
384.476 -1.092
384.541 -1.093
384.605 -1.094
384.678 -1.095
384.748 -1.096
384.819 -1.097
384.89 -1.098
384.96 -1.099
385.03 -1.1
