4.56941 -0.001
9.1219 -0.002
13.6575 -0.003
18.1763 -0.004
22.6782 -0.005
27.1634 -0.006
31.6318 -0.007
36.0835 -0.008
40.5186 -0.009
44.9369 -0.01
49.3387 -0.011
53.7238 -0.012
58.0924 -0.013
62.4444 -0.014
66.78 -0.015
71.0991 -0.016
75.4017 -0.017
79.6879 -0.018
83.9577 -0.019
88.2112 -0.02
92.4483 -0.021
96.6691 -0.022
100.874 -0.023
105.062 -0.024
109.234 -0.025
113.39 -0.026
117.529 -0.027
121.653 -0.028
125.76 -0.029
129.851 -0.03
133.926 -0.031
137.985 -0.032
142.028 -0.033
146.055 -0.034
150.066 -0.035
154.061 -0.036
158.04 -0.037
161.998 -0.038
165.821 -0.039
169.321 -0.04
172.412 -0.041
175.468 -0.042
178.497 -0.043
181.51 -0.044
184.502 -0.045
187.48 -0.046
190.444 -0.047
193.394 -0.048
196.329 -0.049
199.251 -0.05
202.157 -0.051
205.051 -0.052
207.931 -0.053
210.798 -0.054
213.652 -0.055
216.491 -0.056
219.317 -0.057
222.13 -0.058
224.892 -0.059
227.552 -0.06
230.133 -0.061
232.522 -0.062
234.768 -0.063
236.786 -0.064
238.723 -0.065
240.644 -0.066
242.55 -0.067
244.439 -0.068
246.313 -0.069
248.174 -0.07
250.022 -0.071
251.858 -0.072
253.682 -0.073
255.492 -0.074
257.289 -0.075
259.074 -0.076
260.847 -0.077
262.607 -0.078
264.354 -0.079
266.087 -0.08
267.809 -0.081
269.517 -0.082
271.211 -0.083
272.893 -0.084
274.561 -0.085
276.218 -0.086
277.861 -0.087
279.481 -0.088
281.073 -0.089
282.652 -0.09
284.14 -0.091
285.607 -0.092
287.06 -0.093
288.428 -0.094
289.718 -0.095
290.992 -0.096
292.251 -0.097
293.451 -0.098
294.551 -0.099
295.637 -0.1
296.678 -0.101
297.616 -0.102
298.525 -0.103
299.419 -0.104
300.301 -0.105
301.144 -0.106
301.918 -0.107
302.671 -0.108
303.413 -0.109
304.144 -0.11
304.863 -0.111
305.552 -0.112
306.139 -0.113
306.684 -0.114
307.218 -0.115
307.725 -0.116
308.188 -0.117
308.637 -0.118
309.072 -0.119
309.471 -0.12
309.795 -0.121
310.053 -0.122
310.263 -0.123
310.458 -0.124
310.644 -0.125
310.82 -0.126
310.987 -0.127
311.143 -0.128
311.29 -0.129
311.426 -0.13
311.553 -0.131
311.647 -0.132
311.688 -0.133
311.708 -0.134
311.719 -0.135
311.721 -0.136
311.713 -0.137
311.697 -0.138
311.673 -0.139
311.643 -0.14
311.604 -0.141
311.558 -0.142
311.503 -0.143
311.44 -0.144
311.369 -0.145
311.292 -0.146
311.209 -0.147
311.12 -0.148
311.024 -0.149
310.922 -0.15
310.814 -0.151
310.7 -0.152
310.579 -0.153
310.453 -0.154
310.321 -0.155
310.183 -0.156
310.039 -0.157
309.89 -0.158
309.737 -0.159
309.579 -0.16
309.417 -0.161
309.251 -0.162
309.08 -0.163
308.905 -0.164
308.726 -0.165
308.543 -0.166
308.356 -0.167
308.163 -0.168
307.966 -0.169
307.767 -0.17
307.564 -0.171
307.358 -0.172
307.15 -0.173
306.938 -0.174
306.723 -0.175
306.503 -0.176
306.277 -0.177
306.046 -0.178
305.811 -0.179
305.573 -0.18
305.332 -0.181
305.089 -0.182
304.842 -0.183
304.592 -0.184
304.339 -0.185
304.084 -0.186
303.825 -0.187
303.563 -0.188
303.299 -0.189
303.03 -0.19
302.759 -0.191
302.485 -0.192
302.209 -0.193
301.929 -0.194
301.646 -0.195
301.362 -0.196
301.075 -0.197
300.787 -0.198
300.496 -0.199
300.204 -0.2
299.91 -0.201
299.614 -0.202
299.316 -0.203
299.017 -0.204
298.716 -0.205
298.414 -0.206
298.11 -0.207
297.805 -0.208
297.499 -0.209
297.191 -0.21
296.882 -0.211
296.571 -0.212
296.259 -0.213
295.946 -0.214
295.632 -0.215
295.316 -0.216
295 -0.217
294.682 -0.218
294.363 -0.219
294.042 -0.22
293.721 -0.221
293.399 -0.222
293.077 -0.223
292.754 -0.224
292.431 -0.225
292.107 -0.226
291.782 -0.227
291.458 -0.228
291.133 -0.229
290.808 -0.23
290.483 -0.231
290.157 -0.232
289.832 -0.233
289.506 -0.234
289.18 -0.235
288.853 -0.236
288.527 -0.237
288.201 -0.238
287.874 -0.239
287.548 -0.24
287.221 -0.241
286.895 -0.242
286.568 -0.243
286.241 -0.244
285.915 -0.245
285.588 -0.246
285.262 -0.247
284.936 -0.248
284.61 -0.249
284.284 -0.25
283.958 -0.251
283.633 -0.252
283.308 -0.253
282.983 -0.254
282.658 -0.255
282.333 -0.256
282.009 -0.257
281.684 -0.258
281.36 -0.259
281.036 -0.26
280.713 -0.261
280.39 -0.262
280.067 -0.263
279.745 -0.264
279.423 -0.265
279.102 -0.266
278.781 -0.267
278.46 -0.268
278.14 -0.269
277.821 -0.27
277.502 -0.271
277.183 -0.272
276.865 -0.273
276.546 -0.274
276.228 -0.275
275.911 -0.276
275.594 -0.277
275.278 -0.278
274.962 -0.279
274.647 -0.28
274.333 -0.281
274.02 -0.282
273.707 -0.283
273.395 -0.284
273.083 -0.285
272.773 -0.286
272.463 -0.287
272.154 -0.288
271.846 -0.289
271.539 -0.29
271.233 -0.291
270.927 -0.292
270.622 -0.293
270.319 -0.294
270.016 -0.295
269.713 -0.296
269.412 -0.297
269.111 -0.298
268.812 -0.299
268.513 -0.3
268.216 -0.301
267.919 -0.302
267.624 -0.303
267.329 -0.304
267.036 -0.305
266.743 -0.306
266.452 -0.307
266.162 -0.308
265.873 -0.309
265.585 -0.31
265.298 -0.311
265.013 -0.312
264.728 -0.313
264.445 -0.314
264.163 -0.315
263.882 -0.316
263.602 -0.317
263.324 -0.318
263.047 -0.319
262.771 -0.32
262.497 -0.321
262.224 -0.322
261.952 -0.323
261.681 -0.324
261.412 -0.325
261.145 -0.326
260.878 -0.327
260.613 -0.328
260.35 -0.329
260.087 -0.33
259.827 -0.331
259.567 -0.332
259.309 -0.333
259.053 -0.334
258.798 -0.335
258.544 -0.336
258.292 -0.337
258.041 -0.338
257.791 -0.339
257.543 -0.34
257.297 -0.341
257.052 -0.342
256.809 -0.343
256.568 -0.344
256.328 -0.345
256.089 -0.346
255.852 -0.347
255.617 -0.348
255.384 -0.349
255.152 -0.35
254.921 -0.351
254.693 -0.352
254.465 -0.353
254.24 -0.354
254.016 -0.355
253.794 -0.356
253.575 -0.357
253.361 -0.358
253.149 -0.359
252.939 -0.36
252.731 -0.361
252.524 -0.362
252.319 -0.363
252.116 -0.364
251.915 -0.365
251.715 -0.366
251.517 -0.367
251.321 -0.368
251.127 -0.369
250.935 -0.37
250.744 -0.371
250.555 -0.372
250.368 -0.373
250.183 -0.374
250 -0.375
249.818 -0.376
249.639 -0.377
249.461 -0.378
249.285 -0.379
249.112 -0.38
248.94 -0.381
248.77 -0.382
248.604 -0.383
248.44 -0.384
248.277 -0.385
248.118 -0.386
247.962 -0.387
247.807 -0.388
247.655 -0.389
247.504 -0.39
247.356 -0.391
247.21 -0.392
247.065 -0.393
246.923 -0.394
246.783 -0.395
246.645 -0.396
246.509 -0.397
246.376 -0.398
246.244 -0.399
246.115 -0.4
245.987 -0.401
245.862 -0.402
245.739 -0.403
245.619 -0.404
245.5 -0.405
245.384 -0.406
245.27 -0.407
245.159 -0.408
245.049 -0.409
244.941 -0.41
244.835 -0.411
244.729 -0.412
244.625 -0.413
244.522 -0.414
244.42 -0.415
244.319 -0.416
244.219 -0.417
244.12 -0.418
244.02 -0.419
243.921 -0.42
243.822 -0.421
243.723 -0.422
243.624 -0.423
243.527 -0.424
243.432 -0.425
243.34 -0.426
243.249 -0.427
243.161 -0.428
243.074 -0.429
242.99 -0.43
242.908 -0.431
242.828 -0.432
242.75 -0.433
242.674 -0.434
242.601 -0.435
242.53 -0.436
242.461 -0.437
242.395 -0.438
242.33 -0.439
242.268 -0.44
242.207 -0.441
242.146 -0.442
242.086 -0.443
242.026 -0.444
241.967 -0.445
241.908 -0.446
241.85 -0.447
241.795 -0.448
241.741 -0.449
241.69 -0.45
241.641 -0.451
241.595 -0.452
241.55 -0.453
241.508 -0.454
241.469 -0.455
241.431 -0.456
241.396 -0.457
241.363 -0.458
241.333 -0.459
241.305 -0.46
241.279 -0.461
241.257 -0.462
241.237 -0.463
241.22 -0.464
241.206 -0.465
241.195 -0.466
241.185 -0.467
241.178 -0.468
241.174 -0.469
241.172 -0.47
241.172 -0.471
241.176 -0.472
241.182 -0.473
241.192 -0.474
241.205 -0.475
241.221 -0.476
241.24 -0.477
241.261 -0.478
241.285 -0.479
241.312 -0.48
241.341 -0.481
241.372 -0.482
241.407 -0.483
241.444 -0.484
241.483 -0.485
241.525 -0.486
241.57 -0.487
241.617 -0.488
241.667 -0.489
241.72 -0.49
241.775 -0.491
241.832 -0.492
241.892 -0.493
241.954 -0.494
242.019 -0.495
242.086 -0.496
242.156 -0.497
242.23 -0.498
242.305 -0.499
242.384 -0.5
242.466 -0.501
242.55 -0.502
242.637 -0.503
242.728 -0.504
242.82 -0.505
242.916 -0.506
243.011 -0.507
243.107 -0.508
243.204 -0.509
243.303 -0.51
243.401 -0.511
243.5 -0.512
243.602 -0.513
243.706 -0.514
243.814 -0.515
243.924 -0.516
244.037 -0.517
244.153 -0.518
244.272 -0.519
244.393 -0.52
244.518 -0.521
244.645 -0.522
244.775 -0.523
244.908 -0.524
245.044 -0.525
245.182 -0.526
245.324 -0.527
245.469 -0.528
245.616 -0.529
245.764 -0.53
245.914 -0.531
246.066 -0.532
246.221 -0.533
246.379 -0.534
246.54 -0.535
246.704 -0.536
246.87 -0.537
247.04 -0.538
247.213 -0.539
247.38 -0.54
247.536 -0.541
247.694 -0.542
247.855 -0.543
248.019 -0.544
248.185 -0.545
248.355 -0.546
248.527 -0.547
248.702 -0.548
248.88 -0.549
249.06 -0.55
249.234 -0.551
249.404 -0.552
249.577 -0.553
249.752 -0.554
249.929 -0.555
250.108 -0.556
250.29 -0.557
250.474 -0.558
250.661 -0.559
250.851 -0.56
251.044 -0.561
251.239 -0.562
251.438 -0.563
251.64 -0.564
251.845 -0.565
252.053 -0.566
252.263 -0.567
252.477 -0.568
252.693 -0.569
252.912 -0.57
253.133 -0.571
253.357 -0.572
253.584 -0.573
253.813 -0.574
254.046 -0.575
254.279 -0.576
254.512 -0.577
254.747 -0.578
254.981 -0.579
255.219 -0.58
255.459 -0.581
255.703 -0.582
255.949 -0.583
256.198 -0.584
256.45 -0.585
256.705 -0.586
256.963 -0.587
257.224 -0.588
257.488 -0.589
257.755 -0.59
258.025 -0.591
258.298 -0.592
258.574 -0.593
258.853 -0.594
259.136 -0.595
259.421 -0.596
259.709 -0.597
259.999 -0.598
260.286 -0.599
260.566 -0.6
260.844 -0.601
261.124 -0.602
261.407 -0.603
261.693 -0.604
261.983 -0.605
262.275 -0.606
262.57 -0.607
262.868 -0.608
263.17 -0.609
263.474 -0.61
263.782 -0.611
264.092 -0.612
264.406 -0.613
264.723 -0.614
265.043 -0.615
265.367 -0.616
265.693 -0.617
266.023 -0.618
266.356 -0.619
266.691 -0.62
267.03 -0.621
267.372 -0.622
267.715 -0.623
268.058 -0.624
268.398 -0.625
268.733 -0.626
269.062 -0.627
269.39 -0.628
269.721 -0.629
270.056 -0.63
270.393 -0.631
270.733 -0.632
271.076 -0.633
271.422 -0.634
271.771 -0.635
272.123 -0.636
272.479 -0.637
272.837 -0.638
273.193 -0.639
273.548 -0.64
273.902 -0.641
274.26 -0.642
274.621 -0.643
274.984 -0.644
275.351 -0.645
275.721 -0.646
276.094 -0.647
276.471 -0.648
276.851 -0.649
277.234 -0.65
277.62 -0.651
278.007 -0.652
278.398 -0.653
278.791 -0.654
279.188 -0.655
279.588 -0.656
279.991 -0.657
280.398 -0.658
280.808 -0.659
281.221 -0.66
281.636 -0.661
282.051 -0.662
282.466 -0.663
282.882 -0.664
283.297 -0.665
283.712 -0.666
284.127 -0.667
284.546 -0.668
284.967 -0.669
285.392 -0.67
285.819 -0.671
286.25 -0.672
286.684 -0.673
287.122 -0.674
287.562 -0.675
288.006 -0.676
288.453 -0.677
288.903 -0.678
289.356 -0.679
289.811 -0.68
290.27 -0.681
290.732 -0.682
291.198 -0.683
291.667 -0.684
292.14 -0.685
292.616 -0.686
293.096 -0.687
293.579 -0.688
294.065 -0.689
294.553 -0.69
295.043 -0.691
295.534 -0.692
296.028 -0.693
296.524 -0.694
297.021 -0.695
297.519 -0.696
298.02 -0.697
298.521 -0.698
299.026 -0.699
299.533 -0.7
300.036 -0.701
300.537 -0.702
301.037 -0.703
301.54 -0.704
302.047 -0.705
302.557 -0.706
303.07 -0.707
303.588 -0.708
304.108 -0.709
304.632 -0.71
305.16 -0.711
305.691 -0.712
306.226 -0.713
306.764 -0.714
307.306 -0.715
307.852 -0.716
308.401 -0.717
308.954 -0.718
309.507 -0.719
310.061 -0.72
310.616 -0.721
311.172 -0.722
311.729 -0.723
312.286 -0.724
312.843 -0.725
313.402 -0.726
313.964 -0.727
314.53 -0.728
315.099 -0.729
315.672 -0.73
316.249 -0.731
316.829 -0.732
317.412 -0.733
317.999 -0.734
318.589 -0.735
319.178 -0.736
319.766 -0.737
320.358 -0.738
320.952 -0.739
321.549 -0.74
322.15 -0.741
322.753 -0.742
323.36 -0.743
323.971 -0.744
324.585 -0.745
325.203 -0.746
325.825 -0.747
326.449 -0.748
327.076 -0.749
327.706 -0.75
328.337 -0.751
328.971 -0.752
329.608 -0.753
330.246 -0.754
330.887 -0.755
331.53 -0.756
332.175 -0.757
332.823 -0.758
333.475 -0.759
334.129 -0.76
334.788 -0.761
335.45 -0.762
336.116 -0.763
336.785 -0.764
337.458 -0.765
338.136 -0.766
338.816 -0.767
339.501 -0.768
340.187 -0.769
340.867 -0.77
341.544 -0.771
342.225 -0.772
342.908 -0.773
343.595 -0.774
344.284 -0.775
344.976 -0.776
345.672 -0.777
346.371 -0.778
347.074 -0.779
347.781 -0.78
348.492 -0.781
349.206 -0.782
349.924 -0.783
350.646 -0.784
351.371 -0.785
352.099 -0.786
352.828 -0.787
353.559 -0.788
354.293 -0.789
355.027 -0.79
355.765 -0.791
356.503 -0.792
357.244 -0.793
357.987 -0.794
358.731 -0.795
359.477 -0.796
360.227 -0.797
360.981 -0.798
361.738 -0.799
362.499 -0.8
363.264 -0.801
364.033 -0.802
364.805 -0.803
365.582 -0.804
366.36 -0.805
367.142 -0.806
367.928 -0.807
368.717 -0.808
369.51 -0.809
370.307 -0.81
371.107 -0.811
371.911 -0.812
372.718 -0.813
373.529 -0.814
374.344 -0.815
375.162 -0.816
375.985 -0.817
376.811 -0.818
377.641 -0.819
378.475 -0.82
379.313 -0.821
380.155 -0.822
381.001 -0.823
381.851 -0.824
382.705 -0.825
383.563 -0.826
384.424 -0.827
385.288 -0.828
386.155 -0.829
387.02 -0.83
387.881 -0.831
388.744 -0.832
389.608 -0.833
390.469 -0.834
391.334 -0.835
392.202 -0.836
393.074 -0.837
393.95 -0.838
394.83 -0.839
395.712 -0.84
396.596 -0.841
397.482 -0.842
398.371 -0.843
399.263 -0.844
400.155 -0.845
401.05 -0.846
401.947 -0.847
402.847 -0.848
403.747 -0.849
404.65 -0.85
405.554 -0.851
406.462 -0.852
407.373 -0.853
408.286 -0.854
409.202 -0.855
410.123 -0.856
411.042 -0.857
411.96 -0.858
412.879 -0.859
413.8 -0.86
414.722 -0.861
415.645 -0.862
416.573 -0.863
417.502 -0.864
418.435 -0.865
419.37 -0.866
420.308 -0.867
421.248 -0.868
422.19 -0.869
423.134 -0.87
424.08 -0.871
425.03 -0.872
425.983 -0.873
426.939 -0.874
427.898 -0.875
428.86 -0.876
429.825 -0.877
430.791 -0.878
431.76 -0.879
432.732 -0.88
433.708 -0.881
434.687 -0.882
435.669 -0.883
436.651 -0.884
437.635 -0.885
438.623 -0.886
439.611 -0.887
440.599 -0.888
441.59 -0.889
442.584 -0.89
443.582 -0.891
444.58 -0.892
445.576 -0.893
446.574 -0.894
447.573 -0.895
448.574 -0.896
449.578 -0.897
450.583 -0.898
451.591 -0.899
452.603 -0.9
453.618 -0.901
454.636 -0.902
455.658 -0.903
456.684 -0.904
457.714 -0.905
458.744 -0.906
459.766 -0.907
460.784 -0.908
461.802 -0.909
462.823 -0.91
463.847 -0.911
464.873 -0.912
465.902 -0.913
466.933 -0.914
467.964 -0.915
468.995 -0.916
470.028 -0.917
471.061 -0.918
472.092 -0.919
473.122 -0.92
474.15 -0.921
475.178 -0.922
476.209 -0.923
477.241 -0.924
478.273 -0.925
479.305 -0.926
480.336 -0.927
481.366 -0.928
482.397 -0.929
483.432 -0.93
484.468 -0.931
485.504 -0.932
486.531 -0.933
487.553 -0.934
488.576 -0.935
489.6 -0.936
490.625 -0.937
491.651 -0.938
492.677 -0.939
493.705 -0.94
494.735 -0.941
495.764 -0.942
496.796 -0.943
497.82 -0.944
498.838 -0.945
499.848 -0.946
500.859 -0.947
501.867 -0.948
502.874 -0.949
503.883 -0.95
504.895 -0.951
505.91 -0.952
506.929 -0.953
507.95 -0.954
508.974 -0.955
509.998 -0.956
511.024 -0.957
512.053 -0.958
513.084 -0.959
514.118 -0.96
515.154 -0.961
516.192 -0.962
517.234 -0.963
518.279 -0.964
519.328 -0.965
520.38 -0.966
521.435 -0.967
522.494 -0.968
523.555 -0.969
524.62 -0.97
525.688 -0.971
526.757 -0.972
527.83 -0.973
528.905 -0.974
529.983 -0.975
531.063 -0.976
532.147 -0.977
533.232 -0.978
534.32 -0.979
535.411 -0.98
536.502 -0.981
537.59 -0.982
538.678 -0.983
539.765 -0.984
540.852 -0.985
541.94 -0.986
543.029 -0.987
544.121 -0.988
545.212 -0.989
546.303 -0.99
547.397 -0.991
548.491 -0.992
549.585 -0.993
550.682 -0.994
551.779 -0.995
552.878 -0.996
553.979 -0.997
555.079 -0.998
556.177 -0.999
557.276 -1
558.375 -1.001
559.475 -1.002
560.572 -1.003
561.669 -1.004
562.767 -1.005
563.861 -1.006
564.957 -1.007
566.052 -1.008
567.148 -1.009
568.247 -1.01
569.347 -1.011
570.45 -1.012
571.555 -1.013
572.663 -1.014
573.769 -1.015
574.87 -1.016
575.972 -1.017
577.074 -1.018
578.178 -1.019
579.281 -1.02
580.385 -1.021
581.492 -1.022
582.6 -1.023
583.71 -1.024
584.818 -1.025
585.928 -1.026
587.041 -1.027
588.155 -1.028
589.265 -1.029
590.377 -1.03
591.489 -1.031
592.595 -1.032
593.703 -1.033
594.805 -1.034
595.909 -1.035
597.015 -1.036
598.125 -1.037
599.216 -1.038
600.306 -1.039
601.393 -1.04
602.467 -1.041
603.544 -1.042
604.623 -1.043
605.705 -1.044
606.79 -1.045
607.877 -1.046
608.967 -1.047
610.06 -1.048
611.156 -1.049
612.254 -1.05
613.353 -1.051
614.455 -1.052
615.543 -1.053
616.513 -1.054
617.463 -1.055
618.415 -1.056
619.37 -1.057
620.325 -1.058
621.281 -1.059
622.236 -1.06
623.171 -1.061
624.091 -1.062
625.012 -1.063
625.935 -1.064
626.86 -1.065
627.787 -1.066
628.714 -1.067
629.641 -1.068
630.569 -1.069
631.498 -1.07
632.429 -1.071
633.363 -1.072
634.298 -1.073
635.23 -1.074
636.164 -1.075
637.1 -1.076
638.037 -1.077
638.976 -1.078
639.916 -1.079
640.855 -1.08
641.793 -1.081
642.732 -1.082
643.673 -1.083
644.616 -1.084
645.56 -1.085
646.507 -1.086
647.455 -1.087
648.394 -1.088
649.33 -1.089
650.268 -1.09
651.207 -1.091
652.149 -1.092
653.092 -1.093
654.037 -1.094
654.984 -1.095
655.932 -1.096
656.882 -1.097
657.828 -1.098
658.774 -1.099
659.722 -1.1
660.672 -1.101
661.624 -1.102
662.578 -1.103
663.528 -1.104
664.47 -1.105
665.407 -1.106
666.345 -1.107
667.284 -1.108
668.224 -1.109
669.164 -1.11
670.1 -1.111
671.037 -1.112
671.974 -1.113
672.91 -1.114
673.848 -1.115
674.786 -1.116
675.725 -1.117
676.665 -1.118
677.606 -1.119
678.549 -1.12
679.494 -1.121
680.438 -1.122
681.383 -1.123
682.329 -1.124
683.277 -1.125
684.223 -1.126
685.134 -1.127
686.005 -1.128
686.878 -1.129
687.751 -1.13
688.625 -1.131
689.5 -1.132
690.374 -1.133
691.247 -1.134
692.121 -1.135
692.995 -1.136
693.869 -1.137
694.745 -1.138
695.62 -1.139
696.497 -1.14
697.374 -1.141
698.24 -1.142
698.968 -1.143
699.661 -1.144
700.352 -1.145
701.041 -1.146
701.731 -1.147
702.42 -1.148
703.11 -1.149
703.799 -1.15
704.486 -1.151
705.174 -1.152
705.862 -1.153
706.55 -1.154
707.239 -1.155
707.928 -1.156
708.617 -1.157
709.306 -1.158
709.996 -1.159
710.686 -1.16
711.376 -1.161
712.067 -1.162
712.758 -1.163
713.449 -1.164
714.141 -1.165
714.832 -1.166
715.522 -1.167
716.213 -1.168
716.904 -1.169
717.596 -1.17
718.287 -1.171
718.978 -1.172
719.67 -1.173
720.362 -1.174
721.054 -1.175
721.747 -1.176
722.44 -1.177
723.133 -1.178
723.826 -1.179
724.519 -1.18
725.212 -1.181
725.905 -1.182
726.598 -1.183
727.272 -1.184
727.937 -1.185
728.6 -1.186
729.263 -1.187
729.926 -1.188
730.589 -1.189
731.253 -1.19
731.916 -1.191
732.58 -1.192
733.243 -1.193
733.907 -1.194
734.571 -1.195
735.235 -1.196
735.899 -1.197
736.564 -1.198
737.228 -1.199
737.893 -1.2
738.558 -1.201
739.223 -1.202
739.887 -1.203
740.551 -1.204
741.216 -1.205
741.88 -1.206
742.545 -1.207
743.21 -1.208
743.875 -1.209
744.541 -1.21
745.207 -1.211
745.873 -1.212
746.539 -1.213
747.205 -1.214
747.871 -1.215
748.538 -1.216
749.204 -1.217
749.869 -1.218
750.535 -1.219
751.201 -1.22
751.867 -1.221
752.534 -1.222
753.201 -1.223
753.867 -1.224
754.534 -1.225
755.201 -1.226
755.864 -1.227
756.526 -1.228
757.187 -1.229
757.847 -1.23
758.506 -1.231
759.166 -1.232
759.824 -1.233
760.481 -1.234
761.133 -1.235
761.785 -1.236
762.436 -1.237
763.088 -1.238
763.74 -1.239
764.392 -1.24
765.045 -1.241
765.697 -1.242
766.349 -1.243
767.001 -1.244
767.654 -1.245
768.307 -1.246
768.96 -1.247
769.613 -1.248
770.266 -1.249
770.919 -1.25
771.573 -1.251
772.226 -1.252
772.88 -1.253
773.534 -1.254
774.188 -1.255
774.843 -1.256
775.497 -1.257
776.152 -1.258
776.806 -1.259
777.461 -1.26
778.115 -1.261
778.768 -1.262
779.422 -1.263
780.076 -1.264
780.73 -1.265
781.384 -1.266
782.038 -1.267
782.692 -1.268
783.345 -1.269
783.999 -1.27
784.643 -1.271
785.27 -1.272
785.895 -1.273
786.515 -1.274
787.134 -1.275
787.754 -1.276
788.373 -1.277
788.992 -1.278
789.611 -1.279
790.23 -1.28
790.848 -1.281
791.466 -1.282
792.085 -1.283
792.703 -1.284
793.321 -1.285
793.939 -1.286
794.557 -1.287
795.175 -1.288
795.793 -1.289
796.41 -1.29
797.028 -1.291
797.646 -1.292
798.263 -1.293
798.881 -1.294
799.498 -1.295
800.115 -1.296
800.733 -1.297
801.35 -1.298
801.968 -1.299
802.585 -1.3
