6.98087 -0.001
13.9546 -0.002
20.9214 -0.003
27.8809 -0.004
34.8333 -0.005
41.7784 -0.006
48.7162 -0.007
55.6467 -0.008
62.5696 -0.009
69.485 -0.01
76.3929 -0.011
83.2931 -0.012
90.1855 -0.013
97.0702 -0.014
103.947 -0.015
110.816 -0.016
117.677 -0.017
124.529 -0.018
131.374 -0.019
138.21 -0.02
145.038 -0.021
151.857 -0.022
158.668 -0.023
165.47 -0.024
172.263 -0.025
179.048 -0.026
185.824 -0.027
192.59 -0.028
199.306 -0.029
205.609 -0.03
210.824 -0.031
215.556 -0.032
220.266 -0.033
224.959 -0.034
229.659 -0.035
234.358 -0.036
239.056 -0.037
243.76 -0.038
248.463 -0.039
253.162 -0.04
257.855 -0.041
262.442 -0.042
266.574 -0.043
269.647 -0.044
272.186 -0.045
274.701 -0.046
277.197 -0.047
279.677 -0.048
282.145 -0.049
284.592 -0.05
286.985 -0.051
289.28 -0.052
291.407 -0.053
293.196 -0.054
294.641 -0.055
296.014 -0.056
297.314 -0.057
298.491 -0.058
299.559 -0.059
300.457 -0.06
301.187 -0.061
301.654 -0.062
301.997 -0.063
302.329 -0.064
302.648 -0.065
302.957 -0.066
303.255 -0.067
303.542 -0.068
303.82 -0.069
304.09 -0.07
304.346 -0.071
304.596 -0.072
304.837 -0.073
305.07 -0.074
305.293 -0.075
305.511 -0.076
305.716 -0.077
305.918 -0.078
306.11 -0.079
306.299 -0.08
306.479 -0.081
306.656 -0.082
306.832 -0.083
307.001 -0.084
307.168 -0.085
307.334 -0.086
307.496 -0.087
307.655 -0.088
307.814 -0.089
307.97 -0.09
308.124 -0.091
308.277 -0.092
308.428 -0.093
308.578 -0.094
308.728 -0.095
308.876 -0.096
309.021 -0.097
309.165 -0.098
309.307 -0.099
309.447 -0.1
309.586 -0.101
309.724 -0.102
309.858 -0.103
309.99 -0.104
310.122 -0.105
310.253 -0.106
310.38 -0.107
310.505 -0.108
310.627 -0.109
310.748 -0.11
310.867 -0.111
310.986 -0.112
311.1 -0.113
311.213 -0.114
311.323 -0.115
311.432 -0.116
311.541 -0.117
311.648 -0.118
311.754 -0.119
311.857 -0.12
311.957 -0.121
312.057 -0.122
312.155 -0.123
312.25 -0.124
312.343 -0.125
312.437 -0.126
312.528 -0.127
312.617 -0.128
312.706 -0.129
312.794 -0.13
312.882 -0.131
312.967 -0.132
313.052 -0.133
313.136 -0.134
313.22 -0.135
313.303 -0.136
313.385 -0.137
313.466 -0.138
313.548 -0.139
313.628 -0.14
313.708 -0.141
313.786 -0.142
313.864 -0.143
313.941 -0.144
314.018 -0.145
314.094 -0.146
314.169 -0.147
314.244 -0.148
314.319 -0.149
314.393 -0.15
314.467 -0.151
314.541 -0.152
314.614 -0.153
314.686 -0.154
314.757 -0.155
314.827 -0.156
314.897 -0.157
314.967 -0.158
315.035 -0.159
315.104 -0.16
315.172 -0.161
315.241 -0.162
315.308 -0.163
315.376 -0.164
315.444 -0.165
315.511 -0.166
315.577 -0.167
315.643 -0.168
315.709 -0.169
315.774 -0.17
315.839 -0.171
315.903 -0.172
315.967 -0.173
316.031 -0.174
316.095 -0.175
316.158 -0.176
316.222 -0.177
316.285 -0.178
316.348 -0.179
316.411 -0.18
316.474 -0.181
316.537 -0.182
316.6 -0.183
316.662 -0.184
316.724 -0.185
316.785 -0.186
316.847 -0.187
316.908 -0.188
316.969 -0.189
317.03 -0.19
317.091 -0.191
317.152 -0.192
317.212 -0.193
317.273 -0.194
317.333 -0.195
317.394 -0.196
317.454 -0.197
317.514 -0.198
317.575 -0.199
317.635 -0.2
317.695 -0.201
317.754 -0.202
317.813 -0.203
317.873 -0.204
317.932 -0.205
317.991 -0.206
318.049 -0.207
318.108 -0.208
318.167 -0.209
318.225 -0.21
318.284 -0.211
318.342 -0.212
318.4 -0.213
318.459 -0.214
318.517 -0.215
318.575 -0.216
318.633 -0.217
318.691 -0.218
318.748 -0.219
318.806 -0.22
318.863 -0.221
318.921 -0.222
318.978 -0.223
319.036 -0.224
319.093 -0.225
319.15 -0.226
319.207 -0.227
319.263 -0.228
319.32 -0.229
319.376 -0.23
319.433 -0.231
319.489 -0.232
319.546 -0.233
319.602 -0.234
319.658 -0.235
319.714 -0.236
319.77 -0.237
319.826 -0.238
319.882 -0.239
319.938 -0.24
319.994 -0.241
320.05 -0.242
320.106 -0.243
320.162 -0.244
320.217 -0.245
320.273 -0.246
320.329 -0.247
320.384 -0.248
320.44 -0.249
320.495 -0.25
320.55 -0.251
320.606 -0.252
320.661 -0.253
320.716 -0.254
320.771 -0.255
320.826 -0.256
320.882 -0.257
320.937 -0.258
320.992 -0.259
321.046 -0.26
321.101 -0.261
321.156 -0.262
321.21 -0.263
321.265 -0.264
321.319 -0.265
321.374 -0.266
321.428 -0.267
321.482 -0.268
321.537 -0.269
321.591 -0.27
321.645 -0.271
321.699 -0.272
321.752 -0.273
321.806 -0.274
321.86 -0.275
321.914 -0.276
321.967 -0.277
322.021 -0.278
322.074 -0.279
322.128 -0.28
322.181 -0.281
322.235 -0.282
322.288 -0.283
322.342 -0.284
322.395 -0.285
322.448 -0.286
322.501 -0.287
322.554 -0.288
322.608 -0.289
322.661 -0.29
322.714 -0.291
322.767 -0.292
322.82 -0.293
322.872 -0.294
322.925 -0.295
322.978 -0.296
323.031 -0.297
323.083 -0.298
323.136 -0.299
323.188 -0.3
323.241 -0.301
323.293 -0.302
323.346 -0.303
323.398 -0.304
323.451 -0.305
323.503 -0.306
323.555 -0.307
323.607 -0.308
323.659 -0.309
323.711 -0.31
323.763 -0.311
323.815 -0.312
323.867 -0.313
323.918 -0.314
323.97 -0.315
324.022 -0.316
324.073 -0.317
324.125 -0.318
324.176 -0.319
324.228 -0.32
324.279 -0.321
324.33 -0.322
324.382 -0.323
324.433 -0.324
324.484 -0.325
324.535 -0.326
324.586 -0.327
324.637 -0.328
324.688 -0.329
324.739 -0.33
324.79 -0.331
324.84 -0.332
324.891 -0.333
324.942 -0.334
324.992 -0.335
325.043 -0.336
325.093 -0.337
325.143 -0.338
325.194 -0.339
325.244 -0.34
325.294 -0.341
325.345 -0.342
325.395 -0.343
325.445 -0.344
325.495 -0.345
325.545 -0.346
325.595 -0.347
325.645 -0.348
325.695 -0.349
325.745 -0.35
325.794 -0.351
325.844 -0.352
325.893 -0.353
325.943 -0.354
325.992 -0.355
326.042 -0.356
326.091 -0.357
326.14 -0.358
326.189 -0.359
326.238 -0.36
326.287 -0.361
326.336 -0.362
326.385 -0.363
326.434 -0.364
326.482 -0.365
326.531 -0.366
326.579 -0.367
326.627 -0.368
326.676 -0.369
326.724 -0.37
326.772 -0.371
326.82 -0.372
326.867 -0.373
326.915 -0.374
326.961 -0.375
327.008 -0.376
327.054 -0.377
327.1 -0.378
327.145 -0.379
327.191 -0.38
327.236 -0.381
327.28 -0.382
327.325 -0.383
327.369 -0.384
327.412 -0.385
327.456 -0.386
327.5 -0.387
327.543 -0.388
327.586 -0.389
327.629 -0.39
327.672 -0.391
327.715 -0.392
327.758 -0.393
327.801 -0.394
327.843 -0.395
327.886 -0.396
327.927 -0.397
327.968 -0.398
328.008 -0.399
328.048 -0.4
328.086 -0.401
328.124 -0.402
328.161 -0.403
328.198 -0.404
328.236 -0.405
328.274 -0.406
328.31 -0.407
328.347 -0.408
328.385 -0.409
328.423 -0.41
328.459 -0.411
328.495 -0.412
328.531 -0.413
328.566 -0.414
328.6 -0.415
328.633 -0.416
328.664 -0.417
328.698 -0.418
328.731 -0.419
328.761 -0.42
328.793 -0.421
328.825 -0.422
328.856 -0.423
328.886 -0.424
328.914 -0.425
328.941 -0.426
328.97 -0.427
329.001 -0.428
329.03 -0.429
329.062 -0.43
329.095 -0.431
329.129 -0.432
329.162 -0.433
329.194 -0.434
329.226 -0.435
329.258 -0.436
329.29 -0.437
329.321 -0.438
329.352 -0.439
329.382 -0.44
329.414 -0.441
329.445 -0.442
329.477 -0.443
329.511 -0.444
329.544 -0.445
329.577 -0.446
329.61 -0.447
329.643 -0.448
329.677 -0.449
329.71 -0.45
329.744 -0.451
329.778 -0.452
329.812 -0.453
329.846 -0.454
329.88 -0.455
329.916 -0.456
329.952 -0.457
329.988 -0.458
330.025 -0.459
330.062 -0.46
330.099 -0.461
330.137 -0.462
330.175 -0.463
330.212 -0.464
330.25 -0.465
330.287 -0.466
330.325 -0.467
330.363 -0.468
330.4 -0.469
330.438 -0.47
330.476 -0.471
330.513 -0.472
330.55 -0.473
330.587 -0.474
330.624 -0.475
330.661 -0.476
330.699 -0.477
330.737 -0.478
330.775 -0.479
330.814 -0.48
330.854 -0.481
330.893 -0.482
330.932 -0.483
330.971 -0.484
331.01 -0.485
331.049 -0.486
331.088 -0.487
331.127 -0.488
331.165 -0.489
331.203 -0.49
331.241 -0.491
331.278 -0.492
331.315 -0.493
331.352 -0.494
331.388 -0.495
331.424 -0.496
331.461 -0.497
331.497 -0.498
331.534 -0.499
331.572 -0.5
331.61 -0.501
331.648 -0.502
331.686 -0.503
331.723 -0.504
331.76 -0.505
331.798 -0.506
331.836 -0.507
331.873 -0.508
331.911 -0.509
331.947 -0.51
331.984 -0.511
332.022 -0.512
332.06 -0.513
332.099 -0.514
332.138 -0.515
332.177 -0.516
332.217 -0.517
332.257 -0.518
332.296 -0.519
332.336 -0.52
332.375 -0.521
332.414 -0.522
332.453 -0.523
332.492 -0.524
332.529 -0.525
332.567 -0.526
332.603 -0.527
332.641 -0.528
332.677 -0.529
332.713 -0.53
332.75 -0.531
332.785 -0.532
332.824 -0.533
332.862 -0.534
332.9 -0.535
332.942 -0.536
332.984 -0.537
333.026 -0.538
333.068 -0.539
333.109 -0.54
333.15 -0.541
333.191 -0.542
333.232 -0.543
333.273 -0.544
333.313 -0.545
333.353 -0.546
333.393 -0.547
333.433 -0.548
333.472 -0.549
333.511 -0.55
333.55 -0.551
333.587 -0.552
333.625 -0.553
333.664 -0.554
333.702 -0.555
333.743 -0.556
333.784 -0.557
333.824 -0.558
333.864 -0.559
333.905 -0.56
333.945 -0.561
333.985 -0.562
334.025 -0.563
334.065 -0.564
334.104 -0.565
334.143 -0.566
334.182 -0.567
334.221 -0.568
334.26 -0.569
334.298 -0.57
334.336 -0.571
334.372 -0.572
334.409 -0.573
334.447 -0.574
334.488 -0.575
334.528 -0.576
334.569 -0.577
334.609 -0.578
334.65 -0.579
334.69 -0.58
334.731 -0.581
334.771 -0.582
334.811 -0.583
334.851 -0.584
334.891 -0.585
334.931 -0.586
334.971 -0.587
335.009 -0.588
335.047 -0.589
335.085 -0.59
335.126 -0.591
335.168 -0.592
335.21 -0.593
335.252 -0.594
335.294 -0.595
335.336 -0.596
335.378 -0.597
335.42 -0.598
335.462 -0.599
335.503 -0.6
335.545 -0.601
335.587 -0.602
335.629 -0.603
335.67 -0.604
335.712 -0.605
335.753 -0.606
335.794 -0.607
335.836 -0.608
335.879 -0.609
335.923 -0.61
335.966 -0.611
336.01 -0.612
336.053 -0.613
336.097 -0.614
336.14 -0.615
336.184 -0.616
336.227 -0.617
336.271 -0.618
336.314 -0.619
336.358 -0.62
336.401 -0.621
336.445 -0.622
336.488 -0.623
336.531 -0.624
336.575 -0.625
336.618 -0.626
336.661 -0.627
336.704 -0.628
336.747 -0.629
336.79 -0.63
336.833 -0.631
336.876 -0.632
336.92 -0.633
336.965 -0.634
337.009 -0.635
337.053 -0.636
337.097 -0.637
337.141 -0.638
337.184 -0.639
337.228 -0.64
337.272 -0.641
337.316 -0.642
337.359 -0.643
337.404 -0.644
337.448 -0.645
337.492 -0.646
337.536 -0.647
337.58 -0.648
337.625 -0.649
337.67 -0.65
337.715 -0.651
337.76 -0.652
337.805 -0.653
337.849 -0.654
337.894 -0.655
337.939 -0.656
337.984 -0.657
338.03 -0.658
338.076 -0.659
338.121 -0.66
338.167 -0.661
338.212 -0.662
338.257 -0.663
338.304 -0.664
338.35 -0.665
338.396 -0.666
338.443 -0.667
338.489 -0.668
338.535 -0.669
338.581 -0.67
338.628 -0.671
338.675 -0.672
338.721 -0.673
338.768 -0.674
338.814 -0.675
338.86 -0.676
338.907 -0.677
338.954 -0.678
339.001 -0.679
339.048 -0.68
339.094 -0.681
339.14 -0.682
339.187 -0.683
339.234 -0.684
339.279 -0.685
339.325 -0.686
339.369 -0.687
339.412 -0.688
339.453 -0.689
339.493 -0.69
339.53 -0.691
339.566 -0.692
339.599 -0.693
339.629 -0.694
339.657 -0.695
339.683 -0.696
339.705 -0.697
339.726 -0.698
339.742 -0.699
339.755 -0.7
339.765 -0.701
339.771 -0.702
339.774 -0.703
339.77 -0.704
339.74 -0.705
339.69 -0.706
339.62 -0.707
339.528 -0.708
339.421 -0.709
339.271 -0.71
339.148 -0.711
338.997 -0.712
338.95 -0.713
338.983 -0.714
339.081 -0.715
339.208 -0.716
339.339 -0.717
339.419 -0.718
339.477 -0.719
339.517 -0.72
339.557 -0.721
339.597 -0.722
339.638 -0.723
339.679 -0.724
339.72 -0.725
339.766 -0.726
339.815 -0.727
339.866 -0.728
339.921 -0.729
339.975 -0.73
340.028 -0.731
340.082 -0.732
340.135 -0.733
340.187 -0.734
340.24 -0.735
340.294 -0.736
340.348 -0.737
340.402 -0.738
340.458 -0.739
340.515 -0.74
340.571 -0.741
340.625 -0.742
340.679 -0.743
340.73 -0.744
340.782 -0.745
340.833 -0.746
340.884 -0.747
340.934 -0.748
340.985 -0.749
341.038 -0.75
341.09 -0.751
341.143 -0.752
341.198 -0.753
341.252 -0.754
341.306 -0.755
341.361 -0.756
341.415 -0.757
341.469 -0.758
341.523 -0.759
341.576 -0.76
341.63 -0.761
341.683 -0.762
341.736 -0.763
341.791 -0.764
341.846 -0.765
341.9 -0.766
341.957 -0.767
342.014 -0.768
342.07 -0.769
342.126 -0.77
342.182 -0.771
342.237 -0.772
342.292 -0.773
342.348 -0.774
342.403 -0.775
342.458 -0.776
342.513 -0.777
342.567 -0.778
342.623 -0.779
342.679 -0.78
342.735 -0.781
342.792 -0.782
342.848 -0.783
342.904 -0.784
342.96 -0.785
343.015 -0.786
343.071 -0.787
343.127 -0.788
343.183 -0.789
343.239 -0.79
343.295 -0.791
343.351 -0.792
343.407 -0.793
343.463 -0.794
343.517 -0.795
343.57 -0.796
343.624 -0.797
343.678 -0.798
343.733 -0.799
343.787 -0.8
343.842 -0.801
343.897 -0.802
343.952 -0.803
344.008 -0.804
344.062 -0.805
344.115 -0.806
344.166 -0.807
344.216 -0.808
344.267 -0.809
344.318 -0.81
344.369 -0.811
344.42 -0.812
344.472 -0.813
344.523 -0.814
344.575 -0.815
344.626 -0.816
344.678 -0.817
344.729 -0.818
344.781 -0.819
344.832 -0.82
344.884 -0.821
344.936 -0.822
344.988 -0.823
345.04 -0.824
345.092 -0.825
345.144 -0.826
345.197 -0.827
345.249 -0.828
345.301 -0.829
345.354 -0.83
345.407 -0.831
345.459 -0.832
345.512 -0.833
345.565 -0.834
345.618 -0.835
345.671 -0.836
345.723 -0.837
345.777 -0.838
345.83 -0.839
345.883 -0.84
345.937 -0.841
345.99 -0.842
346.044 -0.843
346.097 -0.844
346.151 -0.845
346.204 -0.846
346.258 -0.847
346.312 -0.848
346.365 -0.849
346.419 -0.85
346.473 -0.851
346.527 -0.852
346.581 -0.853
346.635 -0.854
346.689 -0.855
346.743 -0.856
346.797 -0.857
346.851 -0.858
346.905 -0.859
346.96 -0.86
347.014 -0.861
347.068 -0.862
347.123 -0.863
347.177 -0.864
347.231 -0.865
347.286 -0.866
347.34 -0.867
347.395 -0.868
347.449 -0.869
347.504 -0.87
347.558 -0.871
347.613 -0.872
347.667 -0.873
347.722 -0.874
347.777 -0.875
347.831 -0.876
347.886 -0.877
347.941 -0.878
347.996 -0.879
348.05 -0.88
348.105 -0.881
348.16 -0.882
348.215 -0.883
348.27 -0.884
348.324 -0.885
348.379 -0.886
348.434 -0.887
348.489 -0.888
348.544 -0.889
348.599 -0.89
348.654 -0.891
348.708 -0.892
348.763 -0.893
348.818 -0.894
348.873 -0.895
348.928 -0.896
348.984 -0.897
349.039 -0.898
349.094 -0.899
349.149 -0.9
349.204 -0.901
349.259 -0.902
349.314 -0.903
349.37 -0.904
349.425 -0.905
349.48 -0.906
349.535 -0.907
349.591 -0.908
349.646 -0.909
349.702 -0.91
349.757 -0.911
349.812 -0.912
349.868 -0.913
349.923 -0.914
349.979 -0.915
350.034 -0.916
350.09 -0.917
350.145 -0.918
350.201 -0.919
350.257 -0.92
350.312 -0.921
350.368 -0.922
350.424 -0.923
350.479 -0.924
350.535 -0.925
350.591 -0.926
350.647 -0.927
350.702 -0.928
350.758 -0.929
350.814 -0.93
350.87 -0.931
350.926 -0.932
350.982 -0.933
351.038 -0.934
351.094 -0.935
351.15 -0.936
351.206 -0.937
351.262 -0.938
351.318 -0.939
351.374 -0.94
351.43 -0.941
351.486 -0.942
351.542 -0.943
351.599 -0.944
351.655 -0.945
351.711 -0.946
351.767 -0.947
351.824 -0.948
351.88 -0.949
351.936 -0.95
351.993 -0.951
352.049 -0.952
352.105 -0.953
352.162 -0.954
352.218 -0.955
352.275 -0.956
352.331 -0.957
352.388 -0.958
352.444 -0.959
352.501 -0.96
352.557 -0.961
352.614 -0.962
352.67 -0.963
352.727 -0.964
352.784 -0.965
352.84 -0.966
352.897 -0.967
352.953 -0.968
353.009 -0.969
353.066 -0.97
353.122 -0.971
353.178 -0.972
353.235 -0.973
353.291 -0.974
353.347 -0.975
353.404 -0.976
353.46 -0.977
353.517 -0.978
353.573 -0.979
353.63 -0.98
353.686 -0.981
353.742 -0.982
353.799 -0.983
353.855 -0.984
353.912 -0.985
353.968 -0.986
354.025 -0.987
354.081 -0.988
354.138 -0.989
354.194 -0.99
354.251 -0.991
354.307 -0.992
354.364 -0.993
354.42 -0.994
354.477 -0.995
354.533 -0.996
354.589 -0.997
354.645 -0.998
354.701 -0.999
354.758 -1
354.814 -1.001
354.87 -1.002
354.926 -1.003
354.983 -1.004
355.039 -1.005
355.095 -1.006
355.151 -1.007
355.207 -1.008
355.263 -1.009
355.319 -1.01
355.375 -1.011
355.431 -1.012
355.487 -1.013
355.543 -1.014
355.599 -1.015
355.654 -1.016
355.71 -1.017
355.765 -1.018
355.82 -1.019
355.875 -1.02
355.929 -1.021
355.984 -1.022
356.038 -1.023
356.093 -1.024
356.148 -1.025
356.204 -1.026
356.259 -1.027
356.315 -1.028
356.37 -1.029
356.425 -1.03
356.48 -1.031
356.535 -1.032
356.59 -1.033
356.644 -1.034
356.699 -1.035
356.753 -1.036
356.809 -1.037
356.864 -1.038
356.919 -1.039
356.974 -1.04
357.028 -1.041
357.082 -1.042
357.138 -1.043
357.193 -1.044
357.248 -1.045
357.302 -1.046
357.357 -1.047
357.413 -1.048
357.468 -1.049
357.523 -1.05
357.578 -1.051
357.633 -1.052
357.688 -1.053
357.743 -1.054
357.798 -1.055
357.854 -1.056
357.91 -1.057
357.966 -1.058
358.023 -1.059
358.079 -1.06
358.136 -1.061
358.192 -1.062
358.249 -1.063
358.305 -1.064
358.361 -1.065
358.418 -1.066
358.476 -1.067
358.533 -1.068
358.59 -1.069
358.648 -1.07
358.705 -1.071
358.763 -1.072
358.82 -1.073
358.877 -1.074
358.934 -1.075
358.992 -1.076
359.05 -1.077
359.108 -1.078
359.166 -1.079
359.224 -1.08
359.282 -1.081
359.34 -1.082
359.398 -1.083
359.456 -1.084
359.514 -1.085
359.573 -1.086
359.631 -1.087
359.688 -1.088
359.746 -1.089
359.804 -1.09
359.863 -1.091
359.921 -1.092
359.979 -1.093
360.037 -1.094
360.095 -1.095
360.154 -1.096
360.213 -1.097
360.271 -1.098
360.33 -1.099
360.389 -1.1
