5.85195 -0.001
11.6999 -0.002
17.5437 -0.003
23.3835 -0.004
29.2192 -0.005
35.0508 -0.006
40.8783 -0.007
46.7016 -0.008
52.5208 -0.009
58.3358 -0.01
64.1465 -0.011
69.953 -0.012
75.7552 -0.013
81.5532 -0.014
87.3469 -0.015
93.1362 -0.016
98.9212 -0.017
104.702 -0.018
110.478 -0.019
116.25 -0.02
122.017 -0.021
127.78 -0.022
133.538 -0.023
139.292 -0.024
145.041 -0.025
150.786 -0.026
156.526 -0.027
162.262 -0.028
167.993 -0.029
173.719 -0.03
179.44 -0.031
185.157 -0.032
190.869 -0.033
196.553 -0.034
201.941 -0.035
206.436 -0.036
210.537 -0.037
214.62 -0.038
218.694 -0.039
222.763 -0.04
226.827 -0.041
230.871 -0.042
234.856 -0.043
238.713 -0.044
242.285 -0.045
245.605 -0.046
248.915 -0.047
252.211 -0.048
255.343 -0.049
258.059 -0.05
259.952 -0.051
261.344 -0.052
262.71 -0.053
264.053 -0.054
265.377 -0.055
266.689 -0.056
267.988 -0.057
269.28 -0.058
270.564 -0.059
271.849 -0.06
273.145 -0.061
274.446 -0.062
275.748 -0.063
277.05 -0.064
278.351 -0.065
279.659 -0.066
280.969 -0.067
282.279 -0.068
283.589 -0.069
284.897 -0.07
286.204 -0.071
287.51 -0.072
288.813 -0.073
290.114 -0.074
291.413 -0.075
292.709 -0.076
294.002 -0.077
295.291 -0.078
296.578 -0.079
297.861 -0.08
299.137 -0.081
300.396 -0.082
301.617 -0.083
302.773 -0.084
303.864 -0.085
304.847 -0.086
305.715 -0.087
306.431 -0.088
306.88 -0.089
307.157 -0.09
307.42 -0.091
307.676 -0.092
307.922 -0.093
308.158 -0.094
308.383 -0.095
308.596 -0.096
308.801 -0.097
308.995 -0.098
309.183 -0.099
309.365 -0.1
309.543 -0.101
309.716 -0.102
309.884 -0.103
310.052 -0.104
310.215 -0.105
310.377 -0.106
310.539 -0.107
310.699 -0.108
310.859 -0.109
311.018 -0.11
311.177 -0.111
311.333 -0.112
311.488 -0.113
311.643 -0.114
311.798 -0.115
311.951 -0.116
312.104 -0.117
312.254 -0.118
312.403 -0.119
312.551 -0.12
312.698 -0.121
312.843 -0.122
312.987 -0.123
313.128 -0.124
313.269 -0.125
313.408 -0.126
313.544 -0.127
313.679 -0.128
313.813 -0.129
313.945 -0.13
314.075 -0.131
314.203 -0.132
314.329 -0.133
314.453 -0.134
314.575 -0.135
314.695 -0.136
314.812 -0.137
314.93 -0.138
315.045 -0.139
315.158 -0.14
315.27 -0.141
315.381 -0.142
315.49 -0.143
315.597 -0.144
315.702 -0.145
315.805 -0.146
315.906 -0.147
316.006 -0.148
316.105 -0.149
316.201 -0.15
316.295 -0.151
316.387 -0.152
316.48 -0.153
316.57 -0.154
316.659 -0.155
316.746 -0.156
316.831 -0.157
316.916 -0.158
317.001 -0.159
317.084 -0.16
317.167 -0.161
317.249 -0.162
317.33 -0.163
317.41 -0.164
317.49 -0.165
317.569 -0.166
317.647 -0.167
317.725 -0.168
317.803 -0.169
317.879 -0.17
317.955 -0.171
318.03 -0.172
318.105 -0.173
318.179 -0.174
318.252 -0.175
318.326 -0.176
318.399 -0.177
318.472 -0.178
318.544 -0.179
318.616 -0.18
318.688 -0.181
318.759 -0.182
318.83 -0.183
318.901 -0.184
318.971 -0.185
319.041 -0.186
319.111 -0.187
319.18 -0.188
319.249 -0.189
319.318 -0.19
319.387 -0.191
319.456 -0.192
319.524 -0.193
319.592 -0.194
319.66 -0.195
319.727 -0.196
319.795 -0.197
319.862 -0.198
319.929 -0.199
319.995 -0.2
320.062 -0.201
320.128 -0.202
320.194 -0.203
320.259 -0.204
320.325 -0.205
320.39 -0.206
320.455 -0.207
320.52 -0.208
320.585 -0.209
320.649 -0.21
320.713 -0.211
320.777 -0.212
320.841 -0.213
320.904 -0.214
320.967 -0.215
321.03 -0.216
321.093 -0.217
321.156 -0.218
321.218 -0.219
321.28 -0.22
321.342 -0.221
321.404 -0.222
321.465 -0.223
321.526 -0.224
321.587 -0.225
321.648 -0.226
321.709 -0.227
321.769 -0.228
321.83 -0.229
321.89 -0.23
321.949 -0.231
322.009 -0.232
322.069 -0.233
322.128 -0.234
322.187 -0.235
322.246 -0.236
322.304 -0.237
322.363 -0.238
322.421 -0.239
322.479 -0.24
322.537 -0.241
322.595 -0.242
322.653 -0.243
322.71 -0.244
322.767 -0.245
322.824 -0.246
322.881 -0.247
322.937 -0.248
322.994 -0.249
323.05 -0.25
323.106 -0.251
323.162 -0.252
323.218 -0.253
323.273 -0.254
323.329 -0.255
323.384 -0.256
323.439 -0.257
323.494 -0.258
323.548 -0.259
323.603 -0.26
323.657 -0.261
323.712 -0.262
323.766 -0.263
323.82 -0.264
323.873 -0.265
323.927 -0.266
323.981 -0.267
324.034 -0.268
324.087 -0.269
324.14 -0.27
324.193 -0.271
324.246 -0.272
324.299 -0.273
324.351 -0.274
324.403 -0.275
324.456 -0.276
324.508 -0.277
324.56 -0.278
324.612 -0.279
324.664 -0.28
324.715 -0.281
324.767 -0.282
324.818 -0.283
324.869 -0.284
324.921 -0.285
324.972 -0.286
325.023 -0.287
325.073 -0.288
325.124 -0.289
325.175 -0.29
325.225 -0.291
325.276 -0.292
325.326 -0.293
325.376 -0.294
325.426 -0.295
325.476 -0.296
325.526 -0.297
325.576 -0.298
325.626 -0.299
325.676 -0.3
325.725 -0.301
325.775 -0.302
325.824 -0.303
325.873 -0.304
325.923 -0.305
325.972 -0.306
326.021 -0.307
326.07 -0.308
326.119 -0.309
326.168 -0.31
326.216 -0.311
326.265 -0.312
326.314 -0.313
326.362 -0.314
326.411 -0.315
326.459 -0.316
326.507 -0.317
326.556 -0.318
326.604 -0.319
326.652 -0.32
326.7 -0.321
326.748 -0.322
326.796 -0.323
326.844 -0.324
326.891 -0.325
326.939 -0.326
326.986 -0.327
327.034 -0.328
327.081 -0.329
327.129 -0.33
327.176 -0.331
327.223 -0.332
327.27 -0.333
327.318 -0.334
327.365 -0.335
327.412 -0.336
327.459 -0.337
327.506 -0.338
327.552 -0.339
327.599 -0.34
327.646 -0.341
327.693 -0.342
327.739 -0.343
327.786 -0.344
327.832 -0.345
327.879 -0.346
327.925 -0.347
327.971 -0.348
328.018 -0.349
328.064 -0.35
328.11 -0.351
328.156 -0.352
328.202 -0.353
328.248 -0.354
328.294 -0.355
328.34 -0.356
328.386 -0.357
328.432 -0.358
328.478 -0.359
328.524 -0.36
328.57 -0.361
328.615 -0.362
328.661 -0.363
328.706 -0.364
328.752 -0.365
328.798 -0.366
328.843 -0.367
328.889 -0.368
328.934 -0.369
328.979 -0.37
329.025 -0.371
329.07 -0.372
329.116 -0.373
329.161 -0.374
329.206 -0.375
329.251 -0.376
329.297 -0.377
329.342 -0.378
329.387 -0.379
329.432 -0.38
329.477 -0.381
329.522 -0.382
329.567 -0.383
329.612 -0.384
329.657 -0.385
329.702 -0.386
329.747 -0.387
329.792 -0.388
329.837 -0.389
329.882 -0.39
329.927 -0.391
329.972 -0.392
330.017 -0.393
330.061 -0.394
330.106 -0.395
330.151 -0.396
330.196 -0.397
330.24 -0.398
330.285 -0.399
330.33 -0.4
330.374 -0.401
330.419 -0.402
330.464 -0.403
330.508 -0.404
330.553 -0.405
330.597 -0.406
330.642 -0.407
330.686 -0.408
330.731 -0.409
330.776 -0.41
330.82 -0.411
330.864 -0.412
330.909 -0.413
330.953 -0.414
330.998 -0.415
331.042 -0.416
331.087 -0.417
331.131 -0.418
331.175 -0.419
331.22 -0.42
331.264 -0.421
331.309 -0.422
331.353 -0.423
331.397 -0.424
331.442 -0.425
331.486 -0.426
331.53 -0.427
331.574 -0.428
331.619 -0.429
331.663 -0.43
331.707 -0.431
331.751 -0.432
331.796 -0.433
331.84 -0.434
331.884 -0.435
331.928 -0.436
331.973 -0.437
332.017 -0.438
332.061 -0.439
332.105 -0.44
332.149 -0.441
332.194 -0.442
332.238 -0.443
332.282 -0.444
332.326 -0.445
332.37 -0.446
332.414 -0.447
332.458 -0.448
332.503 -0.449
332.547 -0.45
332.591 -0.451
332.635 -0.452
332.679 -0.453
332.723 -0.454
332.767 -0.455
332.811 -0.456
332.855 -0.457
332.899 -0.458
332.943 -0.459
332.987 -0.46
333.031 -0.461
333.075 -0.462
333.119 -0.463
333.163 -0.464
333.207 -0.465
333.251 -0.466
333.295 -0.467
333.339 -0.468
333.383 -0.469
333.427 -0.47
333.471 -0.471
333.515 -0.472
333.559 -0.473
333.603 -0.474
333.647 -0.475
333.691 -0.476
333.734 -0.477
333.778 -0.478
333.822 -0.479
333.866 -0.48
333.91 -0.481
333.954 -0.482
333.998 -0.483
334.041 -0.484
334.085 -0.485
334.129 -0.486
334.173 -0.487
334.217 -0.488
334.26 -0.489
334.304 -0.49
334.348 -0.491
334.392 -0.492
334.436 -0.493
334.479 -0.494
334.523 -0.495
334.567 -0.496
334.611 -0.497
334.654 -0.498
334.698 -0.499
334.742 -0.5
334.786 -0.501
334.829 -0.502
334.873 -0.503
334.917 -0.504
334.96 -0.505
335.004 -0.506
335.048 -0.507
335.091 -0.508
335.135 -0.509
335.179 -0.51
335.223 -0.511
335.266 -0.512
335.31 -0.513
335.353 -0.514
335.397 -0.515
335.441 -0.516
335.484 -0.517
335.528 -0.518
335.572 -0.519
335.615 -0.52
335.659 -0.521
335.702 -0.522
335.746 -0.523
335.79 -0.524
335.833 -0.525
335.877 -0.526
335.92 -0.527
335.964 -0.528
336.008 -0.529
336.051 -0.53
336.095 -0.531
336.138 -0.532
336.182 -0.533
336.225 -0.534
336.269 -0.535
336.312 -0.536
336.356 -0.537
336.4 -0.538
336.443 -0.539
336.487 -0.54
336.53 -0.541
336.574 -0.542
336.617 -0.543
336.661 -0.544
336.704 -0.545
336.748 -0.546
336.791 -0.547
336.835 -0.548
336.878 -0.549
336.922 -0.55
336.965 -0.551
337.009 -0.552
337.052 -0.553
337.096 -0.554
337.139 -0.555
337.183 -0.556
337.226 -0.557
337.27 -0.558
337.313 -0.559
337.357 -0.56
337.4 -0.561
337.444 -0.562
337.487 -0.563
337.531 -0.564
337.574 -0.565
337.618 -0.566
337.661 -0.567
337.705 -0.568
337.748 -0.569
337.792 -0.57
337.835 -0.571
337.878 -0.572
337.922 -0.573
337.965 -0.574
338.009 -0.575
338.052 -0.576
338.096 -0.577
338.139 -0.578
338.183 -0.579
338.226 -0.58
338.27 -0.581
338.313 -0.582
338.356 -0.583
338.4 -0.584
338.443 -0.585
338.487 -0.586
338.53 -0.587
338.574 -0.588
338.617 -0.589
338.661 -0.59
338.704 -0.591
338.748 -0.592
338.791 -0.593
338.834 -0.594
338.878 -0.595
338.921 -0.596
338.965 -0.597
339.008 -0.598
339.052 -0.599
339.095 -0.6
339.139 -0.601
339.182 -0.602
339.226 -0.603
339.269 -0.604
339.312 -0.605
339.356 -0.606
339.399 -0.607
339.443 -0.608
339.486 -0.609
339.53 -0.61
339.573 -0.611
339.617 -0.612
339.66 -0.613
339.704 -0.614
339.747 -0.615
339.791 -0.616
339.834 -0.617
339.878 -0.618
339.921 -0.619
339.965 -0.62
340.008 -0.621
340.052 -0.622
340.095 -0.623
340.139 -0.624
340.182 -0.625
340.226 -0.626
340.269 -0.627
340.313 -0.628
340.356 -0.629
340.4 -0.63
340.443 -0.631
340.487 -0.632
340.53 -0.633
340.574 -0.634
340.617 -0.635
340.661 -0.636
340.704 -0.637
340.748 -0.638
340.792 -0.639
340.835 -0.64
340.879 -0.641
340.922 -0.642
340.966 -0.643
341.009 -0.644
341.053 -0.645
341.097 -0.646
341.14 -0.647
341.184 -0.648
341.228 -0.649
341.271 -0.65
341.315 -0.651
341.359 -0.652
341.402 -0.653
341.446 -0.654
341.49 -0.655
341.533 -0.656
341.577 -0.657
341.621 -0.658
341.664 -0.659
341.708 -0.66
341.752 -0.661
341.796 -0.662
341.839 -0.663
341.883 -0.664
341.927 -0.665
341.971 -0.666
342.014 -0.667
342.058 -0.668
342.102 -0.669
342.146 -0.67
342.19 -0.671
342.233 -0.672
342.277 -0.673
342.321 -0.674
342.365 -0.675
342.409 -0.676
342.453 -0.677
342.497 -0.678
342.54 -0.679
342.584 -0.68
342.628 -0.681
342.672 -0.682
342.716 -0.683
342.76 -0.684
342.804 -0.685
342.848 -0.686
342.892 -0.687
342.936 -0.688
342.98 -0.689
343.024 -0.69
343.068 -0.691
343.112 -0.692
343.156 -0.693
343.2 -0.694
343.244 -0.695
343.288 -0.696
343.332 -0.697
343.376 -0.698
343.421 -0.699
343.465 -0.7
343.509 -0.701
343.553 -0.702
343.597 -0.703
343.641 -0.704
343.685 -0.705
343.73 -0.706
343.774 -0.707
343.818 -0.708
343.862 -0.709
343.907 -0.71
343.951 -0.711
343.995 -0.712
344.039 -0.713
344.084 -0.714
344.128 -0.715
344.172 -0.716
344.217 -0.717
344.261 -0.718
344.305 -0.719
344.35 -0.72
344.394 -0.721
344.439 -0.722
344.483 -0.723
344.527 -0.724
344.572 -0.725
344.616 -0.726
344.661 -0.727
344.705 -0.728
344.75 -0.729
344.794 -0.73
344.839 -0.731
344.883 -0.732
344.928 -0.733
344.972 -0.734
345.017 -0.735
345.062 -0.736
345.106 -0.737
345.151 -0.738
345.195 -0.739
345.24 -0.74
345.285 -0.741
345.329 -0.742
345.374 -0.743
345.419 -0.744
345.464 -0.745
345.508 -0.746
345.553 -0.747
345.598 -0.748
345.643 -0.749
345.688 -0.75
345.732 -0.751
345.777 -0.752
345.822 -0.753
345.867 -0.754
345.912 -0.755
345.957 -0.756
346.002 -0.757
346.047 -0.758
346.092 -0.759
346.137 -0.76
346.182 -0.761
346.227 -0.762
346.272 -0.763
346.317 -0.764
346.362 -0.765
346.407 -0.766
346.452 -0.767
346.497 -0.768
346.542 -0.769
346.587 -0.77
346.632 -0.771
346.678 -0.772
346.723 -0.773
346.768 -0.774
346.813 -0.775
346.859 -0.776
346.904 -0.777
346.949 -0.778
346.994 -0.779
347.04 -0.78
347.085 -0.781
347.13 -0.782
347.176 -0.783
347.221 -0.784
347.267 -0.785
347.312 -0.786
347.357 -0.787
347.403 -0.788
347.448 -0.789
347.494 -0.79
347.539 -0.791
347.585 -0.792
347.63 -0.793
347.676 -0.794
347.722 -0.795
347.767 -0.796
347.813 -0.797
347.859 -0.798
347.904 -0.799
347.95 -0.8
347.996 -0.801
348.041 -0.802
348.087 -0.803
348.133 -0.804
348.179 -0.805
348.224 -0.806
348.27 -0.807
348.316 -0.808
348.362 -0.809
348.408 -0.81
348.454 -0.811
348.499 -0.812
348.545 -0.813
348.591 -0.814
348.637 -0.815
348.683 -0.816
348.729 -0.817
348.775 -0.818
348.821 -0.819
348.867 -0.82
348.913 -0.821
348.96 -0.822
349.006 -0.823
349.052 -0.824
349.098 -0.825
349.144 -0.826
349.19 -0.827
349.236 -0.828
349.283 -0.829
349.329 -0.83
349.375 -0.831
349.422 -0.832
349.468 -0.833
349.514 -0.834
349.561 -0.835
349.607 -0.836
349.653 -0.837
349.7 -0.838
349.746 -0.839
349.793 -0.84
349.839 -0.841
349.886 -0.842
349.932 -0.843
349.979 -0.844
350.025 -0.845
350.072 -0.846
350.118 -0.847
350.165 -0.848
350.211 -0.849
350.258 -0.85
350.305 -0.851
350.351 -0.852
350.398 -0.853
350.445 -0.854
350.492 -0.855
350.538 -0.856
350.585 -0.857
350.632 -0.858
350.679 -0.859
350.726 -0.86
350.773 -0.861
350.819 -0.862
350.866 -0.863
350.913 -0.864
350.96 -0.865
351.007 -0.866
351.054 -0.867
351.101 -0.868
351.148 -0.869
351.195 -0.87
351.242 -0.871
351.289 -0.872
351.337 -0.873
351.384 -0.874
351.431 -0.875
351.478 -0.876
351.525 -0.877
351.572 -0.878
351.62 -0.879
351.667 -0.88
351.714 -0.881
351.761 -0.882
351.809 -0.883
351.856 -0.884
351.904 -0.885
351.951 -0.886
351.998 -0.887
352.046 -0.888
352.093 -0.889
352.141 -0.89
352.188 -0.891
352.236 -0.892
352.283 -0.893
352.331 -0.894
352.378 -0.895
352.426 -0.896
352.474 -0.897
352.521 -0.898
352.569 -0.899
352.617 -0.9
352.664 -0.901
352.712 -0.902
352.76 -0.903
352.808 -0.904
352.855 -0.905
352.903 -0.906
352.951 -0.907
352.999 -0.908
353.047 -0.909
353.095 -0.91
353.142 -0.911
353.19 -0.912
353.238 -0.913
353.286 -0.914
353.334 -0.915
353.382 -0.916
353.43 -0.917
353.478 -0.918
353.526 -0.919
353.574 -0.92
353.622 -0.921
353.67 -0.922
353.718 -0.923
353.767 -0.924
353.815 -0.925
353.863 -0.926
353.911 -0.927
353.959 -0.928
354.008 -0.929
354.056 -0.93
354.104 -0.931
354.153 -0.932
354.201 -0.933
354.249 -0.934
354.298 -0.935
354.346 -0.936
354.395 -0.937
354.443 -0.938
354.491 -0.939
354.54 -0.94
354.588 -0.941
354.637 -0.942
354.686 -0.943
354.734 -0.944
354.783 -0.945
354.831 -0.946
354.88 -0.947
354.929 -0.948
354.978 -0.949
355.026 -0.95
355.075 -0.951
355.124 -0.952
355.173 -0.953
355.221 -0.954
355.27 -0.955
355.319 -0.956
355.368 -0.957
355.417 -0.958
355.466 -0.959
355.515 -0.96
355.564 -0.961
355.613 -0.962
355.662 -0.963
355.711 -0.964
355.76 -0.965
355.809 -0.966
355.858 -0.967
355.908 -0.968
355.957 -0.969
356.006 -0.97
356.055 -0.971
356.104 -0.972
356.154 -0.973
356.203 -0.974
356.252 -0.975
356.302 -0.976
356.351 -0.977
356.401 -0.978
356.45 -0.979
356.499 -0.98
356.549 -0.981
356.598 -0.982
356.648 -0.983
356.698 -0.984
356.747 -0.985
356.797 -0.986
356.846 -0.987
356.896 -0.988
356.946 -0.989
356.995 -0.99
357.045 -0.991
357.095 -0.992
357.144 -0.993
357.194 -0.994
357.244 -0.995
357.294 -0.996
357.343 -0.997
357.393 -0.998
357.443 -0.999
357.493 -1
357.543 -1.001
357.592 -1.002
357.642 -1.003
357.692 -1.004
357.742 -1.005
357.792 -1.006
357.842 -1.007
357.892 -1.008
357.942 -1.009
357.992 -1.01
358.042 -1.011
358.092 -1.012
358.142 -1.013
358.192 -1.014
358.242 -1.015
358.292 -1.016
358.343 -1.017
358.393 -1.018
358.443 -1.019
358.493 -1.02
358.543 -1.021
358.594 -1.022
358.644 -1.023
358.694 -1.024
358.745 -1.025
358.795 -1.026
358.845 -1.027
358.896 -1.028
358.946 -1.029
358.997 -1.03
359.047 -1.031
359.098 -1.032
359.148 -1.033
359.199 -1.034
359.25 -1.035
359.3 -1.036
359.351 -1.037
359.402 -1.038
359.452 -1.039
359.503 -1.04
359.554 -1.041
359.604 -1.042
359.655 -1.043
359.706 -1.044
359.757 -1.045
359.808 -1.046
359.859 -1.047
359.91 -1.048
359.96 -1.049
360.011 -1.05
360.062 -1.051
360.113 -1.052
360.164 -1.053
360.216 -1.054
360.267 -1.055
360.318 -1.056
360.369 -1.057
360.42 -1.058
360.471 -1.059
360.523 -1.06
360.574 -1.061
360.625 -1.062
360.676 -1.063
360.728 -1.064
360.779 -1.065
360.831 -1.066
360.882 -1.067
360.933 -1.068
360.985 -1.069
361.036 -1.07
361.088 -1.071
361.139 -1.072
361.191 -1.073
361.243 -1.074
361.294 -1.075
361.346 -1.076
361.398 -1.077
361.449 -1.078
361.501 -1.079
361.553 -1.08
361.605 -1.081
361.656 -1.082
361.708 -1.083
361.76 -1.084
361.812 -1.085
361.864 -1.086
361.916 -1.087
361.968 -1.088
362.02 -1.089
362.072 -1.09
362.124 -1.091
362.176 -1.092
362.228 -1.093
362.28 -1.094
362.333 -1.095
362.385 -1.096
362.437 -1.097
362.489 -1.098
362.541 -1.099
362.594 -1.1
362.646 -1.101
362.699 -1.102
362.751 -1.103
362.803 -1.104
362.856 -1.105
362.908 -1.106
362.96 -1.107
363.013 -1.108
363.065 -1.109
363.118 -1.11
363.17 -1.111
363.223 -1.112
363.275 -1.113
363.328 -1.114
363.38 -1.115
363.433 -1.116
363.486 -1.117
363.538 -1.118
363.591 -1.119
363.644 -1.12
363.697 -1.121
363.749 -1.122
363.802 -1.123
363.855 -1.124
363.908 -1.125
363.961 -1.126
364.014 -1.127
364.067 -1.128
364.12 -1.129
364.173 -1.13
364.226 -1.131
364.279 -1.132
364.332 -1.133
364.385 -1.134
364.438 -1.135
364.491 -1.136
364.544 -1.137
364.597 -1.138
364.651 -1.139
364.704 -1.14
364.757 -1.141
364.81 -1.142
364.863 -1.143
364.917 -1.144
364.97 -1.145
365.023 -1.146
365.076 -1.147
365.13 -1.148
365.183 -1.149
365.236 -1.15
365.29 -1.151
365.343 -1.152
365.397 -1.153
365.45 -1.154
365.504 -1.155
365.557 -1.156
365.611 -1.157
365.664 -1.158
365.718 -1.159
365.771 -1.16
365.825 -1.161
365.879 -1.162
365.932 -1.163
365.985 -1.164
366.039 -1.165
366.092 -1.166
366.145 -1.167
366.199 -1.168
366.252 -1.169
366.305 -1.17
366.359 -1.171
366.412 -1.172
366.466 -1.173
366.519 -1.174
366.573 -1.175
366.627 -1.176
366.68 -1.177
366.734 -1.178
366.787 -1.179
366.841 -1.18
366.894 -1.181
366.948 -1.182
367.002 -1.183
367.056 -1.184
367.109 -1.185
367.163 -1.186
367.217 -1.187
367.271 -1.188
367.325 -1.189
367.379 -1.19
367.432 -1.191
367.486 -1.192
367.54 -1.193
367.594 -1.194
367.648 -1.195
367.702 -1.196
367.757 -1.197
367.811 -1.198
367.865 -1.199
367.919 -1.2
