6.8465 -0.001
13.682 -0.002
20.5065 -0.003
27.3199 -0.004
34.122 -0.005
40.9127 -0.006
47.6919 -0.007
54.4595 -0.008
61.2153 -0.009
67.9592 -0.01
74.691 -0.011
81.4107 -0.012
88.1179 -0.013
94.8127 -0.014
101.495 -0.015
108.164 -0.016
114.821 -0.017
121.464 -0.018
128.094 -0.019
134.71 -0.02
141.313 -0.021
147.901 -0.022
154.476 -0.023
161.036 -0.024
167.582 -0.025
174.113 -0.026
180.63 -0.027
187.13 -0.028
193.616 -0.029
200.086 -0.03
206.539 -0.031
212.977 -0.032
219.398 -0.033
225.787 -0.034
231.948 -0.035
237.441 -0.036
241.752 -0.037
245.794 -0.038
249.83 -0.039
253.858 -0.04
257.874 -0.041
261.88 -0.042
265.874 -0.043
269.857 -0.044
273.832 -0.045
277.795 -0.046
281.745 -0.047
285.681 -0.048
289.544 -0.049
293.169 -0.05
296.352 -0.051
298.93 -0.052
301.434 -0.053
303.91 -0.054
306.365 -0.055
308.792 -0.056
311.17 -0.057
313.473 -0.058
315.7 -0.059
317.807 -0.06
319.746 -0.061
321.46 -0.062
323.128 -0.063
324.782 -0.064
326.425 -0.065
328.056 -0.066
329.674 -0.067
331.282 -0.068
332.877 -0.069
334.459 -0.07
336.029 -0.071
337.587 -0.072
339.134 -0.073
340.668 -0.074
342.191 -0.075
343.7 -0.076
345.185 -0.077
346.656 -0.078
348.107 -0.079
349.508 -0.08
350.872 -0.081
352.186 -0.082
353.443 -0.083
354.652 -0.084
355.748 -0.085
356.765 -0.086
357.691 -0.087
358.523 -0.088
359.246 -0.089
359.904 -0.09
360.475 -0.091
360.967 -0.092
361.392 -0.093
361.752 -0.094
362.075 -0.095
362.34 -0.096
362.576 -0.097
362.783 -0.098
362.975 -0.099
363.133 -0.1
363.276 -0.101
363.39 -0.102
363.498 -0.103
363.6 -0.104
363.698 -0.105
363.79 -0.106
363.879 -0.107
363.963 -0.108
364.043 -0.109
364.119 -0.11
364.192 -0.111
364.261 -0.112
364.326 -0.113
364.388 -0.114
364.447 -0.115
364.503 -0.116
364.556 -0.117
364.605 -0.118
364.652 -0.119
364.696 -0.12
364.737 -0.121
364.775 -0.122
364.81 -0.123
364.842 -0.124
364.873 -0.125
364.901 -0.126
364.924 -0.127
364.945 -0.128
364.964 -0.129
364.976 -0.13
364.987 -0.131
364.996 -0.132
365.001 -0.133
365.002 -0.134
365.002 -0.135
364.999 -0.136
364.991 -0.137
364.981 -0.138
364.971 -0.139
364.959 -0.14
364.945 -0.141
364.931 -0.142
364.915 -0.143
364.899 -0.144
364.882 -0.145
364.864 -0.146
364.846 -0.147
364.826 -0.148
364.805 -0.149
364.784 -0.15
364.761 -0.151
364.738 -0.152
364.714 -0.153
364.689 -0.154
364.664 -0.155
364.637 -0.156
364.611 -0.157
364.583 -0.158
364.556 -0.159
364.527 -0.16
364.499 -0.161
364.47 -0.162
364.441 -0.163
364.412 -0.164
364.382 -0.165
364.351 -0.166
364.32 -0.167
364.288 -0.168
364.256 -0.169
364.223 -0.17
364.19 -0.171
364.156 -0.172
364.121 -0.173
364.086 -0.174
364.05 -0.175
364.014 -0.176
363.978 -0.177
363.941 -0.178
363.904 -0.179
363.866 -0.18
363.828 -0.181
363.79 -0.182
363.751 -0.183
363.712 -0.184
363.673 -0.185
363.633 -0.186
363.592 -0.187
363.551 -0.188
363.51 -0.189
363.468 -0.19
363.426 -0.191
363.383 -0.192
363.34 -0.193
363.297 -0.194
363.253 -0.195
363.209 -0.196
363.165 -0.197
363.121 -0.198
363.076 -0.199
363.031 -0.2
362.985 -0.201
362.939 -0.202
362.893 -0.203
362.847 -0.204
362.8 -0.205
362.753 -0.206
362.706 -0.207
362.658 -0.208
362.61 -0.209
362.562 -0.21
362.513 -0.211
362.464 -0.212
362.415 -0.213
362.366 -0.214
362.316 -0.215
362.266 -0.216
362.217 -0.217
362.167 -0.218
362.117 -0.219
362.066 -0.22
362.016 -0.221
361.965 -0.222
361.914 -0.223
361.862 -0.224
361.811 -0.225
361.759 -0.226
361.707 -0.227
361.655 -0.228
361.602 -0.229
361.549 -0.23
361.496 -0.231
361.443 -0.232
361.39 -0.233
361.336 -0.234
361.282 -0.235
361.228 -0.236
361.173 -0.237
361.119 -0.238
361.065 -0.239
361.011 -0.24
360.956 -0.241
360.902 -0.242
360.847 -0.243
360.792 -0.244
360.736 -0.245
360.681 -0.246
360.625 -0.247
360.57 -0.248
360.514 -0.249
360.457 -0.25
360.401 -0.251
360.344 -0.252
360.288 -0.253
360.231 -0.254
360.174 -0.255
360.117 -0.256
360.059 -0.257
360.002 -0.258
359.944 -0.259
359.889 -0.26
359.833 -0.261
359.779 -0.262
359.726 -0.263
359.673 -0.264
359.621 -0.265
359.571 -0.266
359.521 -0.267
359.471 -0.268
359.423 -0.269
359.375 -0.27
359.328 -0.271
359.281 -0.272
359.235 -0.273
359.188 -0.274
359.142 -0.275
359.095 -0.276
359.048 -0.277
359.001 -0.278
358.954 -0.279
358.907 -0.28
358.86 -0.281
358.812 -0.282
358.765 -0.283
358.718 -0.284
358.67 -0.285
358.623 -0.286
358.575 -0.287
358.527 -0.288
358.479 -0.289
358.431 -0.29
358.383 -0.291
358.335 -0.292
358.287 -0.293
358.239 -0.294
358.191 -0.295
358.143 -0.296
358.095 -0.297
358.047 -0.298
358 -0.299
357.953 -0.3
357.907 -0.301
357.861 -0.302
357.816 -0.303
357.773 -0.304
357.732 -0.305
357.693 -0.306
357.654 -0.307
357.617 -0.308
357.582 -0.309
357.548 -0.31
357.515 -0.311
357.484 -0.312
357.454 -0.313
357.425 -0.314
357.398 -0.315
357.372 -0.316
357.347 -0.317
357.324 -0.318
357.3 -0.319
357.277 -0.32
357.253 -0.321
357.23 -0.322
357.207 -0.323
357.184 -0.324
357.161 -0.325
357.138 -0.326
357.115 -0.327
357.092 -0.328
357.069 -0.329
357.046 -0.33
357.023 -0.331
357.001 -0.332
356.978 -0.333
356.956 -0.334
356.933 -0.335
356.911 -0.336
356.889 -0.337
356.867 -0.338
356.845 -0.339
356.824 -0.34
356.802 -0.341
356.78 -0.342
356.759 -0.343
356.738 -0.344
356.716 -0.345
356.695 -0.346
356.674 -0.347
356.653 -0.348
356.633 -0.349
356.612 -0.35
356.591 -0.351
356.571 -0.352
356.551 -0.353
356.533 -0.354
356.515 -0.355
356.496 -0.356
356.48 -0.357
356.464 -0.358
356.448 -0.359
356.433 -0.36
356.42 -0.361
356.407 -0.362
356.394 -0.363
356.382 -0.364
356.373 -0.365
356.363 -0.366
356.353 -0.367
356.345 -0.368
356.338 -0.369
356.332 -0.37
356.325 -0.371
356.32 -0.372
356.316 -0.373
356.313 -0.374
356.309 -0.375
356.306 -0.376
356.304 -0.377
356.301 -0.378
356.299 -0.379
356.298 -0.38
356.296 -0.381
356.295 -0.382
356.294 -0.383
356.294 -0.384
356.294 -0.385
356.295 -0.386
356.295 -0.387
356.296 -0.388
356.297 -0.389
356.298 -0.39
356.3 -0.391
356.301 -0.392
356.303 -0.393
356.305 -0.394
356.307 -0.395
356.309 -0.396
356.311 -0.397
356.314 -0.398
356.317 -0.399
356.32 -0.4
356.323 -0.401
356.327 -0.402
356.331 -0.403
356.334 -0.404
356.339 -0.405
356.343 -0.406
356.347 -0.407
356.352 -0.408
356.357 -0.409
356.362 -0.41
356.368 -0.411
356.373 -0.412
356.379 -0.413
356.385 -0.414
356.391 -0.415
356.398 -0.416
356.405 -0.417
356.412 -0.418
356.419 -0.419
356.426 -0.42
356.434 -0.421
356.442 -0.422
356.45 -0.423
356.459 -0.424
356.467 -0.425
356.476 -0.426
356.485 -0.427
356.495 -0.428
356.504 -0.429
356.514 -0.43
356.524 -0.431
356.535 -0.432
356.547 -0.433
356.559 -0.434
356.571 -0.435
356.584 -0.436
356.598 -0.437
356.613 -0.438
356.628 -0.439
356.645 -0.44
356.663 -0.441
356.68 -0.442
356.7 -0.443
356.72 -0.444
356.741 -0.445
356.762 -0.446
356.785 -0.447
356.808 -0.448
356.832 -0.449
356.858 -0.45
356.883 -0.451
356.909 -0.452
356.937 -0.453
356.966 -0.454
356.995 -0.455
357.024 -0.456
357.054 -0.457
357.084 -0.458
357.115 -0.459
357.146 -0.46
357.178 -0.461
357.21 -0.462
357.243 -0.463
357.275 -0.464
357.308 -0.465
357.341 -0.466
357.375 -0.467
357.409 -0.468
357.443 -0.469
357.477 -0.47
357.512 -0.471
357.547 -0.472
357.583 -0.473
357.619 -0.474
357.656 -0.475
357.692 -0.476
357.729 -0.477
357.767 -0.478
357.805 -0.479
357.843 -0.48
357.882 -0.481
357.921 -0.482
357.961 -0.483
358 -0.484
358.04 -0.485
358.081 -0.486
358.122 -0.487
358.163 -0.488
358.205 -0.489
358.247 -0.49
358.29 -0.491
358.333 -0.492
358.376 -0.493
358.42 -0.494
358.464 -0.495
358.508 -0.496
358.553 -0.497
358.599 -0.498
358.644 -0.499
358.69 -0.5
358.737 -0.501
358.784 -0.502
358.831 -0.503
358.879 -0.504
358.927 -0.505
358.976 -0.506
359.025 -0.507
359.074 -0.508
359.124 -0.509
359.174 -0.51
359.225 -0.511
359.276 -0.512
359.327 -0.513
359.379 -0.514
359.431 -0.515
359.484 -0.516
359.537 -0.517
359.59 -0.518
359.644 -0.519
359.698 -0.52
359.753 -0.521
359.808 -0.522
359.864 -0.523
359.92 -0.524
359.977 -0.525
360.035 -0.526
360.093 -0.527
360.152 -0.528
360.211 -0.529
360.271 -0.53
360.332 -0.531
360.393 -0.532
360.454 -0.533
360.517 -0.534
360.58 -0.535
360.643 -0.536
360.707 -0.537
360.772 -0.538
360.837 -0.539
360.902 -0.54
360.969 -0.541
361.036 -0.542
361.103 -0.543
361.171 -0.544
361.239 -0.545
361.308 -0.546
361.377 -0.547
361.447 -0.548
361.517 -0.549
361.587 -0.55
361.658 -0.551
361.729 -0.552
361.801 -0.553
361.873 -0.554
361.945 -0.555
362.018 -0.556
362.091 -0.557
362.165 -0.558
362.239 -0.559
362.314 -0.56
362.389 -0.561
362.464 -0.562
362.54 -0.563
362.617 -0.564
362.693 -0.565
362.771 -0.566
362.848 -0.567
362.926 -0.568
363.005 -0.569
363.084 -0.57
363.163 -0.571
363.243 -0.572
363.324 -0.573
363.404 -0.574
363.486 -0.575
363.567 -0.576
363.65 -0.577
363.732 -0.578
363.815 -0.579
363.899 -0.58
363.983 -0.581
364.068 -0.582
364.154 -0.583
364.24 -0.584
364.326 -0.585
364.413 -0.586
364.5 -0.587
364.588 -0.588
364.677 -0.589
364.766 -0.59
364.856 -0.591
364.946 -0.592
365.036 -0.593
365.127 -0.594
365.219 -0.595
365.312 -0.596
365.405 -0.597
365.498 -0.598
365.592 -0.599
365.686 -0.6
365.781 -0.601
365.877 -0.602
365.973 -0.603
366.07 -0.604
366.167 -0.605
366.265 -0.606
366.363 -0.607
366.462 -0.608
366.562 -0.609
366.662 -0.61
366.763 -0.611
366.864 -0.612
366.966 -0.613
367.068 -0.614
367.171 -0.615
367.275 -0.616
367.379 -0.617
367.484 -0.618
367.589 -0.619
367.695 -0.62
367.801 -0.621
367.908 -0.622
368.016 -0.623
368.123 -0.624
368.232 -0.625
368.341 -0.626
368.45 -0.627
368.56 -0.628
368.671 -0.629
368.782 -0.63
368.893 -0.631
369.005 -0.632
369.118 -0.633
369.231 -0.634
369.345 -0.635
369.459 -0.636
369.574 -0.637
369.689 -0.638
369.805 -0.639
369.921 -0.64
370.038 -0.641
370.155 -0.642
370.273 -0.643
370.392 -0.644
370.511 -0.645
370.631 -0.646
370.751 -0.647
370.872 -0.648
370.993 -0.649
371.115 -0.65
371.237 -0.651
371.36 -0.652
371.484 -0.653
371.608 -0.654
371.732 -0.655
371.858 -0.656
371.983 -0.657
372.11 -0.658
372.237 -0.659
372.364 -0.66
372.493 -0.661
372.622 -0.662
372.751 -0.663
372.882 -0.664
373.012 -0.665
373.144 -0.666
373.276 -0.667
373.409 -0.668
373.543 -0.669
373.677 -0.67
373.812 -0.671
373.947 -0.672
374.083 -0.673
374.22 -0.674
374.357 -0.675
374.496 -0.676
374.634 -0.677
374.774 -0.678
374.914 -0.679
375.054 -0.68
375.196 -0.681
375.338 -0.682
375.481 -0.683
375.624 -0.684
375.769 -0.685
375.913 -0.686
376.059 -0.687
376.205 -0.688
376.352 -0.689
376.499 -0.69
376.647 -0.691
376.795 -0.692
376.944 -0.693
377.094 -0.694
377.244 -0.695
377.395 -0.696
377.547 -0.697
377.699 -0.698
377.852 -0.699
378.005 -0.7
378.159 -0.701
378.314 -0.702
378.469 -0.703
378.625 -0.704
378.782 -0.705
378.939 -0.706
379.097 -0.707
379.255 -0.708
379.414 -0.709
379.574 -0.71
379.734 -0.711
379.895 -0.712
380.056 -0.713
380.219 -0.714
380.382 -0.715
380.545 -0.716
380.709 -0.717
380.874 -0.718
381.039 -0.719
381.205 -0.72
381.372 -0.721
381.539 -0.722
381.708 -0.723
381.876 -0.724
382.046 -0.725
382.215 -0.726
382.386 -0.727
382.557 -0.728
382.729 -0.729
382.902 -0.73
383.075 -0.731
383.248 -0.732
383.422 -0.733
383.597 -0.734
383.772 -0.735
383.948 -0.736
384.125 -0.737
384.302 -0.738
384.479 -0.739
384.656 -0.74
384.835 -0.741
385.014 -0.742
385.193 -0.743
385.373 -0.744
385.553 -0.745
385.733 -0.746
385.913 -0.747
386.094 -0.748
386.276 -0.749
386.456 -0.75
386.635 -0.751
386.814 -0.752
386.994 -0.753
387.175 -0.754
387.356 -0.755
387.538 -0.756
387.72 -0.757
387.903 -0.758
388.087 -0.759
388.271 -0.76
388.456 -0.761
388.642 -0.762
388.829 -0.763
389.016 -0.764
389.203 -0.765
389.392 -0.766
389.581 -0.767
389.771 -0.768
389.961 -0.769
390.152 -0.77
390.344 -0.771
390.537 -0.772
390.73 -0.773
390.924 -0.774
391.118 -0.775
391.313 -0.776
391.509 -0.777
391.706 -0.778
391.903 -0.779
392.101 -0.78
392.3 -0.781
392.499 -0.782
392.699 -0.783
392.9 -0.784
393.101 -0.785
393.303 -0.786
393.506 -0.787
393.71 -0.788
393.914 -0.789
394.119 -0.79
394.324 -0.791
394.531 -0.792
394.738 -0.793
394.945 -0.794
395.154 -0.795
395.363 -0.796
395.573 -0.797
395.784 -0.798
395.995 -0.799
396.207 -0.8
396.42 -0.801
396.633 -0.802
396.847 -0.803
397.062 -0.804
397.278 -0.805
397.494 -0.806
397.711 -0.807
397.929 -0.808
398.148 -0.809
398.367 -0.81
398.587 -0.811
398.808 -0.812
399.029 -0.813
399.251 -0.814
399.474 -0.815
399.698 -0.816
399.923 -0.817
400.148 -0.818
400.374 -0.819
400.601 -0.82
400.828 -0.821
401.056 -0.822
401.285 -0.823
401.515 -0.824
401.745 -0.825
401.977 -0.826
402.209 -0.827
402.441 -0.828
402.675 -0.829
402.909 -0.83
403.144 -0.831
403.38 -0.832
403.617 -0.833
403.854 -0.834
404.092 -0.835
404.331 -0.836
404.571 -0.837
404.812 -0.838
405.053 -0.839
405.295 -0.84
405.538 -0.841
405.781 -0.842
406.025 -0.843
406.27 -0.844
406.516 -0.845
406.761 -0.846
407.006 -0.847
407.249 -0.848
407.49 -0.849
407.731 -0.85
407.973 -0.851
408.215 -0.852
408.458 -0.853
408.702 -0.854
408.947 -0.855
409.193 -0.856
409.439 -0.857
409.686 -0.858
409.934 -0.859
410.182 -0.86
410.431 -0.861
410.681 -0.862
410.932 -0.863
411.184 -0.864
411.436 -0.865
411.689 -0.866
411.943 -0.867
412.198 -0.868
412.454 -0.869
412.71 -0.87
412.967 -0.871
413.225 -0.872
413.483 -0.873
413.743 -0.874
414.003 -0.875
414.264 -0.876
414.525 -0.877
414.788 -0.878
415.051 -0.879
415.315 -0.88
415.58 -0.881
415.846 -0.882
416.112 -0.883
416.38 -0.884
416.648 -0.885
416.917 -0.886
417.186 -0.887
417.457 -0.888
417.728 -0.889
418 -0.89
418.273 -0.891
418.547 -0.892
418.822 -0.893
419.097 -0.894
419.373 -0.895
419.65 -0.896
419.928 -0.897
420.207 -0.898
420.486 -0.899
420.767 -0.9
421.048 -0.901
421.33 -0.902
421.613 -0.903
421.896 -0.904
422.181 -0.905
422.466 -0.906
422.752 -0.907
423.039 -0.908
423.327 -0.909
423.615 -0.91
423.905 -0.911
424.195 -0.912
424.486 -0.913
424.778 -0.914
425.071 -0.915
425.365 -0.916
425.66 -0.917
425.955 -0.918
426.251 -0.919
426.549 -0.92
426.847 -0.921
427.145 -0.922
427.445 -0.923
427.746 -0.924
428.047 -0.925
428.35 -0.926
428.653 -0.927
428.957 -0.928
429.262 -0.929
429.567 -0.93
429.874 -0.931
430.181 -0.932
430.49 -0.933
430.799 -0.934
431.109 -0.935
431.42 -0.936
431.732 -0.937
432.044 -0.938
432.358 -0.939
432.672 -0.94
432.987 -0.941
433.303 -0.942
433.62 -0.943
433.938 -0.944
434.257 -0.945
434.577 -0.946
434.897 -0.947
435.219 -0.948
435.541 -0.949
435.865 -0.95
436.188 -0.951
436.512 -0.952
436.837 -0.953
437.162 -0.954
437.489 -0.955
437.816 -0.956
438.143 -0.957
438.471 -0.958
438.799 -0.959
439.129 -0.96
439.459 -0.961
439.79 -0.962
440.121 -0.963
440.452 -0.964
440.785 -0.965
441.118 -0.966
441.452 -0.967
441.786 -0.968
442.121 -0.969
442.456 -0.97
442.792 -0.971
443.129 -0.972
443.467 -0.973
443.805 -0.974
444.144 -0.975
444.483 -0.976
444.823 -0.977
445.163 -0.978
445.505 -0.979
445.847 -0.98
446.189 -0.981
446.533 -0.982
446.876 -0.983
447.22 -0.984
447.565 -0.985
447.911 -0.986
448.258 -0.987
448.605 -0.988
448.954 -0.989
449.303 -0.99
449.653 -0.991
450.005 -0.992
450.357 -0.993
450.71 -0.994
451.064 -0.995
451.419 -0.996
451.775 -0.997
452.132 -0.998
452.489 -0.999
452.848 -1
453.207 -1.001
453.568 -1.002
453.929 -1.003
454.291 -1.004
454.655 -1.005
455.019 -1.006
455.384 -1.007
455.75 -1.008
456.117 -1.009
456.485 -1.01
456.853 -1.011
457.223 -1.012
457.594 -1.013
457.965 -1.014
458.338 -1.015
458.712 -1.016
459.086 -1.017
459.46 -1.018
459.835 -1.019
460.211 -1.02
460.588 -1.021
460.965 -1.022
461.344 -1.023
461.723 -1.024
462.104 -1.025
462.485 -1.026
462.866 -1.027
463.247 -1.028
463.628 -1.029
464.011 -1.03
464.393 -1.031
464.777 -1.032
465.161 -1.033
465.545 -1.034
465.93 -1.035
466.316 -1.036
466.701 -1.037
467.087 -1.038
467.472 -1.039
467.859 -1.04
468.246 -1.041
468.633 -1.042
469.021 -1.043
469.409 -1.044
469.799 -1.045
470.188 -1.046
470.577 -1.047
470.966 -1.048
471.355 -1.049
471.744 -1.05
472.134 -1.051
472.524 -1.052
472.914 -1.053
473.304 -1.054
473.695 -1.055
474.085 -1.056
474.476 -1.057
474.867 -1.058
475.259 -1.059
475.652 -1.06
476.045 -1.061
476.439 -1.062
476.833 -1.063
477.227 -1.064
477.621 -1.065
478.016 -1.066
478.411 -1.067
478.806 -1.068
479.202 -1.069
479.599 -1.07
479.996 -1.071
480.393 -1.072
480.791 -1.073
481.19 -1.074
481.59 -1.075
481.991 -1.076
482.392 -1.077
482.795 -1.078
483.198 -1.079
483.602 -1.08
484.007 -1.081
484.411 -1.082
484.817 -1.083
485.224 -1.084
485.631 -1.085
486.04 -1.086
486.45 -1.087
486.86 -1.088
487.272 -1.089
487.684 -1.09
488.096 -1.091
488.51 -1.092
488.924 -1.093
489.338 -1.094
489.754 -1.095
490.171 -1.096
490.588 -1.097
491.007 -1.098
491.427 -1.099
491.847 -1.1
492.269 -1.101
492.691 -1.102
493.114 -1.103
493.537 -1.104
493.962 -1.105
494.387 -1.106
494.813 -1.107
495.24 -1.108
495.667 -1.109
496.096 -1.11
496.526 -1.111
496.957 -1.112
497.389 -1.113
497.822 -1.114
498.255 -1.115
498.69 -1.116
499.126 -1.117
499.563 -1.118
500.001 -1.119
500.44 -1.12
500.879 -1.121
501.32 -1.122
501.762 -1.123
502.205 -1.124
502.649 -1.125
503.094 -1.126
503.539 -1.127
503.986 -1.128
504.434 -1.129
504.883 -1.13
505.333 -1.131
505.784 -1.132
506.235 -1.133
506.688 -1.134
507.142 -1.135
507.597 -1.136
508.053 -1.137
508.51 -1.138
508.968 -1.139
509.427 -1.14
509.887 -1.141
510.348 -1.142
510.81 -1.143
511.273 -1.144
511.737 -1.145
512.202 -1.146
512.668 -1.147
513.135 -1.148
513.604 -1.149
514.073 -1.15
514.543 -1.151
515.014 -1.152
515.486 -1.153
515.96 -1.154
516.434 -1.155
516.909 -1.156
517.384 -1.157
517.86 -1.158
518.336 -1.159
518.813 -1.16
519.291 -1.161
519.77 -1.162
520.25 -1.163
520.731 -1.164
521.211 -1.165
521.692 -1.166
522.172 -1.167
522.653 -1.168
523.135 -1.169
523.616 -1.17
524.098 -1.171
524.58 -1.172
525.061 -1.173
525.542 -1.174
526.023 -1.175
526.504 -1.176
526.986 -1.177
527.469 -1.178
527.95 -1.179
528.431 -1.18
528.912 -1.181
529.393 -1.182
529.874 -1.183
530.355 -1.184
530.835 -1.185
531.316 -1.186
531.796 -1.187
532.276 -1.188
532.756 -1.189
533.238 -1.19
533.718 -1.191
534.199 -1.192
534.682 -1.193
535.163 -1.194
535.645 -1.195
536.129 -1.196
536.613 -1.197
537.099 -1.198
537.585 -1.199
538.073 -1.2
538.562 -1.201
539.051 -1.202
539.542 -1.203
540.033 -1.204
540.526 -1.205
541.02 -1.206
541.514 -1.207
542.01 -1.208
542.507 -1.209
543.005 -1.21
543.504 -1.211
544.004 -1.212
544.505 -1.213
545.007 -1.214
545.51 -1.215
546.014 -1.216
546.519 -1.217
547.025 -1.218
547.532 -1.219
548.04 -1.22
548.55 -1.221
549.06 -1.222
549.571 -1.223
550.084 -1.224
550.597 -1.225
551.112 -1.226
551.626 -1.227
552.141 -1.228
552.656 -1.229
553.172 -1.23
553.69 -1.231
554.208 -1.232
554.727 -1.233
555.248 -1.234
555.768 -1.235
556.29 -1.236
556.811 -1.237
557.333 -1.238
557.857 -1.239
558.381 -1.24
558.906 -1.241
559.433 -1.242
559.96 -1.243
560.488 -1.244
561.016 -1.245
561.545 -1.246
562.074 -1.247
562.604 -1.248
563.135 -1.249
563.668 -1.25
564.201 -1.251
564.736 -1.252
565.271 -1.253
565.806 -1.254
566.343 -1.255
566.88 -1.256
567.418 -1.257
567.956 -1.258
568.496 -1.259
569.037 -1.26
569.579 -1.261
570.122 -1.262
570.666 -1.263
571.21 -1.264
571.755 -1.265
572.302 -1.266
572.848 -1.267
573.395 -1.268
573.944 -1.269
574.494 -1.27
575.045 -1.271
575.597 -1.272
576.15 -1.273
576.703 -1.274
577.257 -1.275
577.812 -1.276
578.369 -1.277
578.925 -1.278
579.482 -1.279
580.041 -1.28
580.601 -1.281
581.162 -1.282
581.724 -1.283
582.287 -1.284
582.851 -1.285
583.416 -1.286
583.983 -1.287
584.55 -1.288
585.119 -1.289
585.688 -1.29
586.258 -1.291
586.829 -1.292
587.401 -1.293
587.975 -1.294
588.549 -1.295
589.125 -1.296
589.702 -1.297
590.279 -1.298
590.856 -1.299
591.434 -1.3
592.012 -1.301
592.59 -1.302
593.169 -1.303
593.748 -1.304
594.328 -1.305
594.908 -1.306
595.488 -1.307
596.069 -1.308
596.65 -1.309
597.232 -1.31
597.815 -1.311
598.398 -1.312
598.981 -1.313
599.565 -1.314
600.149 -1.315
600.732 -1.316
601.317 -1.317
601.902 -1.318
602.487 -1.319
603.073 -1.32
603.66 -1.321
604.247 -1.322
604.834 -1.323
605.422 -1.324
606.011 -1.325
606.601 -1.326
607.191 -1.327
607.783 -1.328
608.374 -1.329
608.966 -1.33
609.56 -1.331
610.153 -1.332
610.748 -1.333
611.344 -1.334
611.941 -1.335
612.539 -1.336
613.138 -1.337
613.738 -1.338
614.338 -1.339
614.939 -1.34
615.541 -1.341
616.143 -1.342
616.747 -1.343
617.352 -1.344
617.958 -1.345
618.565 -1.346
619.173 -1.347
619.782 -1.348
620.393 -1.349
621.005 -1.35
621.618 -1.351
622.232 -1.352
622.847 -1.353
623.463 -1.354
624.08 -1.355
624.699 -1.356
625.318 -1.357
625.937 -1.358
626.556 -1.359
627.176 -1.36
627.796 -1.361
628.417 -1.362
629.038 -1.363
629.661 -1.364
630.285 -1.365
630.909 -1.366
631.535 -1.367
632.162 -1.368
632.79 -1.369
633.418 -1.37
634.048 -1.371
634.679 -1.372
635.311 -1.373
635.944 -1.374
636.579 -1.375
637.214 -1.376
637.851 -1.377
638.489 -1.378
639.128 -1.379
639.768 -1.38
640.409 -1.381
641.052 -1.382
641.696 -1.383
642.341 -1.384
642.987 -1.385
643.635 -1.386
644.283 -1.387
644.932 -1.388
645.583 -1.389
646.234 -1.39
646.886 -1.391
647.539 -1.392
648.193 -1.393
648.849 -1.394
649.506 -1.395
650.164 -1.396
650.823 -1.397
651.483 -1.398
652.145 -1.399
652.808 -1.4
