7.48742 -0.001
14.966 -0.002
22.4358 -0.003
29.8967 -0.004
37.3486 -0.005
44.7915 -0.006
52.2254 -0.007
59.6501 -0.008
67.0656 -0.009
74.4718 -0.01
81.8687 -0.011
89.2562 -0.012
96.6342 -0.013
104.003 -0.014
111.361 -0.015
118.711 -0.016
126.05 -0.017
133.379 -0.018
140.699 -0.019
148.008 -0.02
155.308 -0.021
162.597 -0.022
169.876 -0.023
177.145 -0.024
184.403 -0.025
191.651 -0.026
198.888 -0.027
206.114 -0.028
213.329 -0.029
220.534 -0.03
227.727 -0.031
234.91 -0.032
242.081 -0.033
249.052 -0.034
255.497 -0.035
260.859 -0.036
265.842 -0.037
270.814 -0.038
275.751 -0.039
280.678 -0.04
285.582 -0.041
290.331 -0.042
294.604 -0.043
297.869 -0.044
300.803 -0.045
303.728 -0.046
306.65 -0.047
309.576 -0.048
312.5 -0.049
315.42 -0.05
318.338 -0.051
321.231 -0.052
324.093 -0.053
326.814 -0.054
329.516 -0.055
331.979 -0.056
334.417 -0.057
336.559 -0.058
338.415 -0.059
340.233 -0.06
342.046 -0.061
343.855 -0.062
345.658 -0.063
347.449 -0.064
349.235 -0.065
351.008 -0.066
352.763 -0.067
354.513 -0.068
356.258 -0.069
357.983 -0.07
359.694 -0.071
361.402 -0.072
363.104 -0.073
364.784 -0.074
366.455 -0.075
368.118 -0.076
369.768 -0.077
371.413 -0.078
373.054 -0.079
374.692 -0.08
376.332 -0.081
377.971 -0.082
379.613 -0.083
381.255 -0.084
382.898 -0.085
384.539 -0.086
386.178 -0.087
387.817 -0.088
389.455 -0.089
391.092 -0.09
392.727 -0.091
394.36 -0.092
395.99 -0.093
397.615 -0.094
399.237 -0.095
400.852 -0.096
402.463 -0.097
404.071 -0.098
405.675 -0.099
407.275 -0.1
408.872 -0.101
410.465 -0.102
412.051 -0.103
413.629 -0.104
415.19 -0.105
416.742 -0.106
418.276 -0.107
419.767 -0.108
421.211 -0.109
422.609 -0.11
423.949 -0.111
425.188 -0.112
426.356 -0.113
427.439 -0.114
428.439 -0.115
429.368 -0.116
430.198 -0.117
430.919 -0.118
431.511 -0.119
431.992 -0.12
432.345 -0.121
432.685 -0.122
433.01 -0.123
433.328 -0.124
433.63 -0.125
433.921 -0.126
434.202 -0.127
434.473 -0.128
434.739 -0.129
434.988 -0.13
435.23 -0.131
435.466 -0.132
435.695 -0.133
435.922 -0.134
436.145 -0.135
436.361 -0.136
436.575 -0.137
436.787 -0.138
436.996 -0.139
437.199 -0.14
437.399 -0.141
437.597 -0.142
437.793 -0.143
437.986 -0.144
438.177 -0.145
438.367 -0.146
438.554 -0.147
438.738 -0.148
438.919 -0.149
439.096 -0.15
439.271 -0.151
439.444 -0.152
439.611 -0.153
439.777 -0.154
439.94 -0.155
440.102 -0.156
440.258 -0.157
440.412 -0.158
440.563 -0.159
440.709 -0.16
440.848 -0.161
440.986 -0.162
441.121 -0.163
441.252 -0.164
441.378 -0.165
441.502 -0.166
441.625 -0.167
441.742 -0.168
441.857 -0.169
441.97 -0.17
442.081 -0.171
442.188 -0.172
442.292 -0.173
442.394 -0.174
442.496 -0.175
442.597 -0.176
442.697 -0.177
442.794 -0.178
442.89 -0.179
442.982 -0.18
443.073 -0.181
443.162 -0.182
443.251 -0.183
443.34 -0.184
443.426 -0.185
443.508 -0.186
443.59 -0.187
443.67 -0.188
443.749 -0.189
443.829 -0.19
443.906 -0.191
443.981 -0.192
444.055 -0.193
444.129 -0.194
444.202 -0.195
444.274 -0.196
444.345 -0.197
444.413 -0.198
444.48 -0.199
444.547 -0.2
444.613 -0.201
444.679 -0.202
444.744 -0.203
444.808 -0.204
444.873 -0.205
444.936 -0.206
444.999 -0.207
445.062 -0.208
445.124 -0.209
445.186 -0.21
445.247 -0.211
445.308 -0.212
445.368 -0.213
445.428 -0.214
445.488 -0.215
445.547 -0.216
445.606 -0.217
445.664 -0.218
445.722 -0.219
445.78 -0.22
445.837 -0.221
445.894 -0.222
445.951 -0.223
446.007 -0.224
446.062 -0.225
446.118 -0.226
446.173 -0.227
446.227 -0.228
446.281 -0.229
446.335 -0.23
446.387 -0.231
446.438 -0.232
446.49 -0.233
446.541 -0.234
446.591 -0.235
446.641 -0.236
446.691 -0.237
446.74 -0.238
446.789 -0.239
446.837 -0.24
446.884 -0.241
446.931 -0.242
446.977 -0.243
447.022 -0.244
447.067 -0.245
447.111 -0.246
447.154 -0.247
447.197 -0.248
447.24 -0.249
447.282 -0.25
447.323 -0.251
447.363 -0.252
447.403 -0.253
447.443 -0.254
447.482 -0.255
447.521 -0.256
447.559 -0.257
447.597 -0.258
447.635 -0.259
447.673 -0.26
447.71 -0.261
447.747 -0.262
447.782 -0.263
447.818 -0.264
447.852 -0.265
447.886 -0.266
447.92 -0.267
447.954 -0.268
447.987 -0.269
448.02 -0.27
448.053 -0.271
448.086 -0.272
448.117 -0.273
448.149 -0.274
448.18 -0.275
448.211 -0.276
448.242 -0.277
448.272 -0.278
448.302 -0.279
448.332 -0.28
448.361 -0.281
448.39 -0.282
448.419 -0.283
448.447 -0.284
448.475 -0.285
448.503 -0.286
448.53 -0.287
448.557 -0.288
448.584 -0.289
448.61 -0.29
448.636 -0.291
448.662 -0.292
448.687 -0.293
448.711 -0.294
448.734 -0.295
448.756 -0.296
448.779 -0.297
448.8 -0.298
448.822 -0.299
448.842 -0.3
448.862 -0.301
448.882 -0.302
448.9 -0.303
448.917 -0.304
448.934 -0.305
448.949 -0.306
448.962 -0.307
448.973 -0.308
448.976 -0.309
448.976 -0.31
448.972 -0.311
448.963 -0.312
448.961 -0.313
449.007 -0.314
449.04 -0.315
449.056 -0.316
449.069 -0.317
449.078 -0.318
449.083 -0.319
449.086 -0.32
449.085 -0.321
449.081 -0.322
449.072 -0.323
449.058 -0.324
449.044 -0.325
449.087 -0.326
449.135 -0.327
449.167 -0.328
449.183 -0.329
449.2 -0.33
449.216 -0.331
449.232 -0.332
449.248 -0.333
449.264 -0.334
449.28 -0.335
449.296 -0.336
449.312 -0.337
449.328 -0.338
449.343 -0.339
449.359 -0.34
449.374 -0.341
449.389 -0.342
449.404 -0.343
449.42 -0.344
449.435 -0.345
449.45 -0.346
449.464 -0.347
449.479 -0.348
449.494 -0.349
449.508 -0.35
449.523 -0.351
449.537 -0.352
449.551 -0.353
449.566 -0.354
449.58 -0.355
449.594 -0.356
449.608 -0.357
449.623 -0.358
449.637 -0.359
449.651 -0.36
449.665 -0.361
449.679 -0.362
449.693 -0.363
449.707 -0.364
449.721 -0.365
449.734 -0.366
449.748 -0.367
449.761 -0.368
449.775 -0.369
449.789 -0.37
449.802 -0.371
449.815 -0.372
449.829 -0.373
449.842 -0.374
449.855 -0.375
449.868 -0.376
449.882 -0.377
449.894 -0.378
449.907 -0.379
449.92 -0.38
449.933 -0.381
449.946 -0.382
449.96 -0.383
449.973 -0.384
449.986 -0.385
449.999 -0.386
450.011 -0.387
450.024 -0.388
450.037 -0.389
450.049 -0.39
450.062 -0.391
450.074 -0.392
450.087 -0.393
450.099 -0.394
450.111 -0.395
450.123 -0.396
450.135 -0.397
450.147 -0.398
450.159 -0.399
450.171 -0.4
450.183 -0.401
450.195 -0.402
450.207 -0.403
450.219 -0.404
450.231 -0.405
450.243 -0.406
450.254 -0.407
450.266 -0.408
450.278 -0.409
450.29 -0.41
450.302 -0.411
450.313 -0.412
450.325 -0.413
450.336 -0.414
450.348 -0.415
450.359 -0.416
450.371 -0.417
450.382 -0.418
450.394 -0.419
450.405 -0.42
450.417 -0.421
450.428 -0.422
450.439 -0.423
450.451 -0.424
450.462 -0.425
450.473 -0.426
450.484 -0.427
450.495 -0.428
450.506 -0.429
450.517 -0.43
450.528 -0.431
450.539 -0.432
450.551 -0.433
450.562 -0.434
450.574 -0.435
450.585 -0.436
450.597 -0.437
450.609 -0.438
450.62 -0.439
450.631 -0.44
450.643 -0.441
450.655 -0.442
450.667 -0.443
450.68 -0.444
450.692 -0.445
450.704 -0.446
450.716 -0.447
450.729 -0.448
450.741 -0.449
450.753 -0.45
450.765 -0.451
450.777 -0.452
450.789 -0.453
450.801 -0.454
450.813 -0.455
450.825 -0.456
450.837 -0.457
450.848 -0.458
450.86 -0.459
450.872 -0.46
450.883 -0.461
450.895 -0.462
450.906 -0.463
450.917 -0.464
450.928 -0.465
450.939 -0.466
450.95 -0.467
450.961 -0.468
450.972 -0.469
450.982 -0.47
450.993 -0.471
451.003 -0.472
451.013 -0.473
451.023 -0.474
451.033 -0.475
451.043 -0.476
451.053 -0.477
451.062 -0.478
451.071 -0.479
451.08 -0.48
451.089 -0.481
451.098 -0.482
451.106 -0.483
451.114 -0.484
451.121 -0.485
451.128 -0.486
451.135 -0.487
451.142 -0.488
451.147 -0.489
451.153 -0.49
451.158 -0.491
451.162 -0.492
451.166 -0.493
451.169 -0.494
451.171 -0.495
451.172 -0.496
451.172 -0.497
451.171 -0.498
451.169 -0.499
451.166 -0.5
451.161 -0.501
451.154 -0.502
451.145 -0.503
451.133 -0.504
451.118 -0.505
451.1 -0.506
451.079 -0.507
451.054 -0.508
451.025 -0.509
450.992 -0.51
450.955 -0.511
450.912 -0.512
450.864 -0.513
450.81 -0.514
450.749 -0.515
450.682 -0.516
450.608 -0.517
450.549 -0.518
450.491 -0.519
450.428 -0.52
450.381 -0.521
450.333 -0.522
450.281 -0.523
450.243 -0.524
450.205 -0.525
450.163 -0.526
450.129 -0.527
450.099 -0.528
450.068 -0.529
450.044 -0.53
450.027 -0.531
450.009 -0.532
449.993 -0.533
449.987 -0.534
449.982 -0.535
449.977 -0.536
449.972 -0.537
449.967 -0.538
449.962 -0.539
449.958 -0.54
449.954 -0.541
449.95 -0.542
449.948 -0.543
449.948 -0.544
449.948 -0.545
449.951 -0.546
449.955 -0.547
449.959 -0.548
449.966 -0.549
449.975 -0.55
449.983 -0.551
449.992 -0.552
449.998 -0.553
450.005 -0.554
450.009 -0.555
450.013 -0.556
450.016 -0.557
450.019 -0.558
450.022 -0.559
450.025 -0.56
450.027 -0.561
450.028 -0.562
450.03 -0.563
450.031 -0.564
450.031 -0.565
450.031 -0.566
450.03 -0.567
450.029 -0.568
450.028 -0.569
450.026 -0.57
450.023 -0.571
450.02 -0.572
450.016 -0.573
450.014 -0.574
450.016 -0.575
450.017 -0.576
450.018 -0.577
450.018 -0.578
450.019 -0.579
450.024 -0.58
450.029 -0.581
450.033 -0.582
450.037 -0.583
450.046 -0.584
450.056 -0.585
450.066 -0.586
450.078 -0.587
450.095 -0.588
450.113 -0.589
450.132 -0.59
450.157 -0.591
450.182 -0.592
450.21 -0.593
450.241 -0.594
450.271 -0.595
450.301 -0.596
450.335 -0.597
450.373 -0.598
450.415 -0.599
450.461 -0.6
450.51 -0.601
450.559 -0.602
450.606 -0.603
450.651 -0.604
450.695 -0.605
450.737 -0.606
450.774 -0.607
450.811 -0.608
450.849 -0.609
450.886 -0.61
450.924 -0.611
450.962 -0.612
451 -0.613
451.038 -0.614
451.076 -0.615
451.115 -0.616
451.153 -0.617
451.192 -0.618
451.231 -0.619
451.269 -0.62
451.308 -0.621
451.347 -0.622
451.386 -0.623
451.425 -0.624
451.464 -0.625
451.504 -0.626
451.546 -0.627
451.589 -0.628
451.634 -0.629
451.682 -0.63
451.731 -0.631
451.78 -0.632
451.829 -0.633
451.878 -0.634
451.927 -0.635
451.976 -0.636
452.025 -0.637
452.075 -0.638
452.124 -0.639
452.173 -0.64
452.222 -0.641
452.271 -0.642
452.32 -0.643
452.369 -0.644
452.418 -0.645
452.466 -0.646
452.514 -0.647
452.562 -0.648
452.609 -0.649
452.655 -0.65
452.701 -0.651
452.746 -0.652
452.789 -0.653
452.83 -0.654
452.87 -0.655
452.908 -0.656
452.944 -0.657
452.977 -0.658
453.007 -0.659
453.034 -0.66
453.059 -0.661
453.082 -0.662
453.104 -0.663
453.124 -0.664
453.142 -0.665
453.158 -0.666
453.172 -0.667
453.184 -0.668
453.193 -0.669
453.2 -0.67
453.204 -0.671
453.206 -0.672
453.267 -0.673
453.343 -0.674
453.418 -0.675
453.494 -0.676
453.57 -0.677
453.645 -0.678
453.721 -0.679
453.797 -0.68
453.872 -0.681
453.948 -0.682
454.023 -0.683
454.098 -0.684
454.173 -0.685
454.248 -0.686
454.322 -0.687
454.393 -0.688
454.456 -0.689
454.52 -0.69
454.584 -0.691
454.649 -0.692
454.713 -0.693
454.778 -0.694
454.843 -0.695
454.908 -0.696
454.973 -0.697
455.038 -0.698
455.103 -0.699
455.169 -0.7
455.235 -0.701
455.301 -0.702
455.367 -0.703
455.434 -0.704
455.501 -0.705
455.568 -0.706
455.637 -0.707
455.71 -0.708
455.787 -0.709
455.865 -0.71
455.944 -0.711
456.023 -0.712
456.102 -0.713
456.181 -0.714
456.261 -0.715
456.342 -0.716
456.422 -0.717
456.503 -0.718
456.585 -0.719
456.666 -0.72
456.748 -0.721
456.831 -0.722
456.913 -0.723
456.996 -0.724
457.08 -0.725
457.164 -0.726
457.248 -0.727
457.332 -0.728
457.417 -0.729
457.502 -0.73
457.587 -0.731
457.673 -0.732
457.759 -0.733
457.845 -0.734
457.932 -0.735
458.019 -0.736
458.107 -0.737
458.194 -0.738
458.283 -0.739
458.372 -0.74
458.462 -0.741
458.552 -0.742
458.643 -0.743
458.734 -0.744
458.825 -0.745
458.917 -0.746
459.009 -0.747
459.101 -0.748
459.194 -0.749
459.287 -0.75
459.38 -0.751
459.473 -0.752
459.567 -0.753
459.661 -0.754
459.755 -0.755
459.85 -0.756
459.944 -0.757
460.039 -0.758
460.134 -0.759
460.23 -0.76
460.325 -0.761
460.421 -0.762
460.517 -0.763
460.613 -0.764
460.71 -0.765
460.806 -0.766
460.904 -0.767
461.003 -0.768
461.102 -0.769
461.202 -0.77
461.303 -0.771
461.406 -0.772
461.511 -0.773
461.618 -0.774
461.726 -0.775
461.837 -0.776
461.949 -0.777
462.062 -0.778
462.177 -0.779
462.292 -0.78
462.407 -0.781
462.523 -0.782
462.638 -0.783
462.754 -0.784
462.871 -0.785
462.987 -0.786
463.103 -0.787
463.22 -0.788
463.336 -0.789
463.453 -0.79
463.569 -0.791
463.685 -0.792
463.801 -0.793
463.917 -0.794
464.032 -0.795
464.147 -0.796
464.261 -0.797
464.375 -0.798
464.488 -0.799
464.6 -0.8
464.711 -0.801
464.822 -0.802
464.932 -0.803
465.041 -0.804
465.148 -0.805
465.255 -0.806
465.36 -0.807
465.463 -0.808
465.565 -0.809
465.666 -0.81
465.766 -0.811
465.864 -0.812
465.96 -0.813
466.056 -0.814
466.15 -0.815
466.243 -0.816
466.335 -0.817
466.425 -0.818
466.514 -0.819
466.603 -0.82
466.691 -0.821
466.777 -0.822
466.862 -0.823
466.948 -0.824
467.032 -0.825
467.116 -0.826
467.2 -0.827
467.283 -0.828
467.365 -0.829
467.448 -0.83
467.531 -0.831
467.614 -0.832
467.696 -0.833
467.779 -0.834
467.862 -0.835
467.945 -0.836
468.03 -0.837
468.114 -0.838
468.2 -0.839
468.285 -0.84
468.372 -0.841
468.458 -0.842
468.546 -0.843
468.633 -0.844
468.722 -0.845
468.811 -0.846
468.9 -0.847
468.99 -0.848
469.085 -0.849
469.18 -0.85
469.276 -0.851
469.375 -0.852
469.475 -0.853
469.58 -0.854
469.693 -0.855
469.814 -0.856
469.957 -0.857
470.101 -0.858
470.251 -0.859
470.403 -0.86
470.558 -0.861
470.716 -0.862
470.878 -0.863
471.052 -0.864
471.227 -0.865
471.391 -0.866
471.552 -0.867
471.714 -0.868
471.876 -0.869
472.04 -0.87
472.205 -0.871
472.37 -0.872
472.535 -0.873
472.701 -0.874
472.87 -0.875
473.04 -0.876
473.211 -0.877
473.382 -0.878
473.554 -0.879
473.727 -0.88
473.9 -0.881
474.074 -0.882
474.248 -0.883
474.423 -0.884
474.598 -0.885
474.773 -0.886
474.95 -0.887
475.126 -0.888
475.304 -0.889
475.481 -0.89
475.66 -0.891
475.84 -0.892
476.022 -0.893
476.204 -0.894
476.387 -0.895
476.57 -0.896
476.754 -0.897
476.938 -0.898
477.123 -0.899
477.309 -0.9
477.495 -0.901
477.681 -0.902
477.869 -0.903
478.056 -0.904
478.245 -0.905
478.435 -0.906
478.626 -0.907
478.817 -0.908
479.008 -0.909
479.201 -0.91
479.395 -0.911
479.589 -0.912
479.784 -0.913
479.98 -0.914
480.178 -0.915
480.377 -0.916
480.577 -0.917
480.777 -0.918
480.977 -0.919
481.178 -0.92
481.38 -0.921
481.582 -0.922
481.785 -0.923
481.988 -0.924
482.191 -0.925
482.396 -0.926
482.602 -0.927
482.807 -0.928
483.013 -0.929
483.22 -0.93
483.426 -0.931
483.634 -0.932
483.843 -0.933
484.053 -0.934
484.262 -0.935
484.473 -0.936
484.684 -0.937
484.895 -0.938
485.107 -0.939
485.32 -0.94
485.533 -0.941
485.747 -0.942
485.961 -0.943
486.176 -0.944
486.391 -0.945
486.607 -0.946
486.824 -0.947
487.042 -0.948
487.261 -0.949
487.481 -0.95
487.702 -0.951
487.923 -0.952
488.144 -0.953
488.366 -0.954
488.589 -0.955
488.812 -0.956
489.036 -0.957
489.261 -0.958
489.486 -0.959
489.711 -0.96
489.937 -0.961
490.165 -0.962
490.392 -0.963
490.621 -0.964
490.85 -0.965
491.079 -0.966
491.309 -0.967
491.54 -0.968
491.771 -0.969
492.003 -0.97
492.236 -0.971
492.469 -0.972
492.702 -0.973
492.936 -0.974
493.172 -0.975
493.407 -0.976
493.644 -0.977
493.88 -0.978
494.118 -0.979
494.356 -0.98
494.595 -0.981
494.834 -0.982
495.074 -0.983
495.314 -0.984
495.555 -0.985
495.797 -0.986
496.039 -0.987
496.282 -0.988
496.525 -0.989
496.769 -0.99
497.015 -0.991
497.26 -0.992
497.507 -0.993
497.753 -0.994
498.001 -0.995
498.249 -0.996
498.497 -0.997
498.746 -0.998
498.996 -0.999
499.246 -1
499.497 -1.001
499.749 -1.002
500.001 -1.003
500.253 -1.004
500.506 -1.005
500.759 -1.006
501.013 -1.007
501.268 -1.008
501.523 -1.009
501.779 -1.01
502.036 -1.011
502.294 -1.012
502.552 -1.013
502.81 -1.014
503.07 -1.015
503.33 -1.016
503.59 -1.017
503.851 -1.018
504.112 -1.019
504.373 -1.02
504.636 -1.021
504.899 -1.022
505.162 -1.023
505.426 -1.024
505.691 -1.025
505.957 -1.026
506.223 -1.027
506.49 -1.028
506.757 -1.029
507.025 -1.03
507.294 -1.031
507.563 -1.032
507.834 -1.033
508.105 -1.034
508.375 -1.035
508.647 -1.036
508.919 -1.037
509.192 -1.038
509.465 -1.039
509.739 -1.04
510.014 -1.041
510.29 -1.042
510.566 -1.043
510.843 -1.044
511.12 -1.045
511.398 -1.046
511.677 -1.047
511.956 -1.048
512.236 -1.049
512.517 -1.05
512.798 -1.051
513.081 -1.052
513.363 -1.053
513.647 -1.054
513.93 -1.055
514.215 -1.056
514.499 -1.057
514.785 -1.058
515.071 -1.059
515.358 -1.06
515.645 -1.061
515.934 -1.062
516.223 -1.063
516.512 -1.064
516.803 -1.065
517.094 -1.066
517.385 -1.067
517.678 -1.068
517.971 -1.069
518.265 -1.07
518.56 -1.071
518.855 -1.072
519.151 -1.073
519.448 -1.074
519.745 -1.075
520.043 -1.076
520.342 -1.077
520.642 -1.078
520.942 -1.079
521.243 -1.08
521.544 -1.081
521.847 -1.082
522.15 -1.083
522.454 -1.084
522.758 -1.085
523.063 -1.086
523.369 -1.087
523.676 -1.088
523.983 -1.089
524.29 -1.09
524.598 -1.091
524.906 -1.092
525.215 -1.093
525.523 -1.094
525.832 -1.095
526.142 -1.096
526.453 -1.097
526.765 -1.098
527.076 -1.099
527.388 -1.1
