10.5618 -0.001
21.1091 -0.002
31.6456 -0.003
42.17 -0.004
52.6822 -0.005
63.182 -0.006
73.6695 -0.007
84.1444 -0.008
94.6068 -0.009
105.056 -0.01
115.493 -0.011
125.918 -0.012
136.329 -0.013
146.727 -0.014
157.112 -0.015
167.483 -0.016
177.842 -0.017
188.187 -0.018
198.518 -0.019
208.836 -0.02
219.139 -0.021
229.429 -0.022
239.705 -0.023
249.967 -0.024
260.215 -0.025
270.448 -0.026
280.667 -0.027
290.871 -0.028
301.061 -0.029
311.235 -0.03
321.395 -0.031
331.539 -0.032
341.669 -0.033
351.782 -0.034
361.881 -0.035
371.964 -0.036
382.03 -0.037
392.081 -0.038
402.116 -0.039
412.134 -0.04
422.136 -0.041
432.122 -0.042
442.091 -0.043
452.042 -0.044
461.889 -0.045
471.341 -0.046
480.152 -0.047
487.905 -0.048
494.804 -0.049
501.471 -0.05
507.69 -0.051
513.271 -0.052
517.85 -0.053
521.471 -0.054
524.917 -0.055
528.195 -0.056
531.169 -0.057
533.855 -0.058
536.085 -0.059
537.704 -0.06
539.072 -0.061
540.065 -0.062
540.743 -0.063
541.362 -0.064
541.946 -0.065
542.506 -0.066
543.039 -0.067
543.551 -0.068
544.046 -0.069
544.53 -0.07
545.006 -0.071
545.475 -0.072
545.941 -0.073
546.399 -0.074
546.852 -0.075
547.303 -0.076
547.747 -0.077
548.185 -0.078
548.619 -0.079
549.046 -0.08
549.467 -0.081
549.881 -0.082
550.286 -0.083
550.68 -0.084
551.068 -0.085
551.448 -0.086
551.82 -0.087
552.185 -0.088
552.542 -0.089
552.888 -0.09
553.225 -0.091
553.557 -0.092
553.878 -0.093
554.194 -0.094
554.502 -0.095
554.802 -0.096
555.094 -0.097
555.378 -0.098
555.655 -0.099
555.926 -0.1
556.192 -0.101
556.451 -0.102
556.703 -0.103
556.951 -0.104
557.193 -0.105
557.43 -0.106
557.661 -0.107
557.888 -0.108
558.112 -0.109
558.334 -0.11
558.551 -0.111
558.765 -0.112
558.975 -0.113
559.184 -0.114
559.389 -0.115
559.591 -0.116
559.791 -0.117
559.988 -0.118
560.183 -0.119
560.377 -0.12
560.569 -0.121
560.76 -0.122
560.947 -0.123
561.134 -0.124
561.318 -0.125
561.501 -0.126
561.681 -0.127
561.86 -0.128
562.038 -0.129
562.214 -0.13
562.388 -0.131
562.56 -0.132
562.731 -0.133
562.902 -0.134
563.071 -0.135
563.238 -0.136
563.403 -0.137
563.567 -0.138
563.73 -0.139
563.891 -0.14
564.052 -0.141
564.21 -0.142
564.368 -0.143
564.525 -0.144
564.681 -0.145
564.836 -0.146
564.99 -0.147
565.143 -0.148
565.294 -0.149
565.445 -0.15
565.595 -0.151
565.743 -0.152
565.89 -0.153
566.037 -0.154
566.183 -0.155
566.327 -0.156
566.47 -0.157
566.613 -0.158
566.754 -0.159
566.896 -0.16
567.036 -0.161
567.176 -0.162
567.316 -0.163
567.454 -0.164
567.591 -0.165
567.728 -0.166
567.864 -0.167
568 -0.168
568.135 -0.169
568.27 -0.17
568.403 -0.171
568.537 -0.172
568.67 -0.173
568.802 -0.174
568.933 -0.175
569.064 -0.176
569.194 -0.177
569.324 -0.178
569.453 -0.179
569.581 -0.18
569.709 -0.181
569.837 -0.182
569.964 -0.183
570.09 -0.184
570.216 -0.185
570.341 -0.186
570.466 -0.187
570.59 -0.188
570.714 -0.189
570.837 -0.19
570.96 -0.191
571.082 -0.192
571.203 -0.193
571.324 -0.194
571.445 -0.195
571.565 -0.196
571.684 -0.197
571.803 -0.198
571.922 -0.199
572.04 -0.2
572.158 -0.201
572.275 -0.202
572.391 -0.203
572.508 -0.204
572.623 -0.205
572.738 -0.206
572.853 -0.207
572.968 -0.208
573.082 -0.209
573.195 -0.21
573.309 -0.211
573.421 -0.212
573.533 -0.213
573.645 -0.214
573.756 -0.215
573.867 -0.216
573.977 -0.217
574.087 -0.218
574.196 -0.219
574.305 -0.22
574.413 -0.221
574.521 -0.222
574.629 -0.223
574.736 -0.224
574.843 -0.225
574.949 -0.226
575.054 -0.227
575.159 -0.228
575.264 -0.229
575.367 -0.23
575.471 -0.231
575.574 -0.232
575.676 -0.233
575.778 -0.234
575.879 -0.235
575.98 -0.236
576.08 -0.237
576.18 -0.238
576.279 -0.239
576.377 -0.24
576.474 -0.241
576.571 -0.242
576.666 -0.243
576.761 -0.244
576.856 -0.245
576.95 -0.246
577.044 -0.247
577.137 -0.248
577.229 -0.249
577.32 -0.25
577.411 -0.251
577.502 -0.252
577.592 -0.253
577.682 -0.254
577.771 -0.255
577.86 -0.256
577.949 -0.257
578.037 -0.258
578.123 -0.259
578.209 -0.26
578.294 -0.261
578.379 -0.262
578.464 -0.263
578.548 -0.264
578.632 -0.265
578.716 -0.266
578.799 -0.267
578.882 -0.268
578.963 -0.269
579.044 -0.27
579.124 -0.271
579.204 -0.272
579.284 -0.273
579.364 -0.274
579.443 -0.275
579.522 -0.276
579.6 -0.277
579.678 -0.278
579.756 -0.279
579.833 -0.28
579.909 -0.281
579.985 -0.282
580.061 -0.283
580.136 -0.284
580.211 -0.285
580.286 -0.286
580.36 -0.287
580.434 -0.288
580.508 -0.289
580.581 -0.29
580.654 -0.291
580.727 -0.292
580.8 -0.293
580.872 -0.294
580.944 -0.295
581.016 -0.296
581.087 -0.297
581.157 -0.298
581.227 -0.299
581.296 -0.3
581.366 -0.301
581.435 -0.302
581.503 -0.303
581.572 -0.304
581.64 -0.305
581.708 -0.306
581.776 -0.307
581.843 -0.308
581.911 -0.309
581.978 -0.31
582.044 -0.311
582.111 -0.312
582.177 -0.313
582.243 -0.314
582.308 -0.315
582.372 -0.316
582.436 -0.317
582.5 -0.318
582.563 -0.319
582.627 -0.32
582.69 -0.321
582.752 -0.322
582.815 -0.323
582.877 -0.324
582.939 -0.325
583.001 -0.326
583.063 -0.327
583.124 -0.328
583.185 -0.329
583.246 -0.33
583.306 -0.331
583.366 -0.332
583.426 -0.333
583.486 -0.334
583.545 -0.335
583.603 -0.336
583.661 -0.337
583.718 -0.338
583.776 -0.339
583.833 -0.34
583.89 -0.341
583.947 -0.342
584.003 -0.343
584.059 -0.344
584.115 -0.345
584.171 -0.346
584.227 -0.347
584.282 -0.348
584.337 -0.349
584.392 -0.35
584.447 -0.351
584.501 -0.352
584.556 -0.353
584.609 -0.354
584.663 -0.355
584.717 -0.356
584.77 -0.357
584.823 -0.358
584.876 -0.359
584.929 -0.36
584.981 -0.361
585.034 -0.362
585.086 -0.363
585.138 -0.364
585.189 -0.365
585.241 -0.366
585.292 -0.367
585.343 -0.368
585.394 -0.369
585.444 -0.37
585.495 -0.371
585.545 -0.372
585.595 -0.373
585.644 -0.374
585.694 -0.375
585.743 -0.376
585.793 -0.377
585.842 -0.378
585.89 -0.379
585.939 -0.38
585.987 -0.381
586.036 -0.382
586.084 -0.383
586.131 -0.384
586.179 -0.385
586.226 -0.386
586.274 -0.387
586.321 -0.388
586.367 -0.389
586.414 -0.39
586.461 -0.391
586.507 -0.392
586.553 -0.393
586.599 -0.394
586.645 -0.395
586.69 -0.396
586.736 -0.397
586.781 -0.398
586.825 -0.399
586.87 -0.4
586.915 -0.401
586.959 -0.402
587.003 -0.403
587.047 -0.404
587.091 -0.405
587.134 -0.406
587.178 -0.407
587.221 -0.408
587.264 -0.409
587.307 -0.41
587.35 -0.411
587.392 -0.412
587.435 -0.413
587.477 -0.414
587.519 -0.415
587.561 -0.416
587.603 -0.417
587.644 -0.418
587.686 -0.419
587.727 -0.42
587.768 -0.421
587.809 -0.422
587.85 -0.423
587.891 -0.424
587.932 -0.425
587.972 -0.426
588.012 -0.427
588.053 -0.428
588.093 -0.429
588.132 -0.43
588.172 -0.431
588.212 -0.432
588.251 -0.433
588.29 -0.434
588.33 -0.435
588.369 -0.436
588.407 -0.437
588.446 -0.438
588.485 -0.439
588.523 -0.44
588.561 -0.441
588.599 -0.442
588.637 -0.443
588.675 -0.444
588.712 -0.445
588.75 -0.446
588.787 -0.447
588.824 -0.448
588.861 -0.449
588.898 -0.45
588.935 -0.451
588.971 -0.452
589.008 -0.453
589.044 -0.454
589.081 -0.455
589.117 -0.456
589.153 -0.457
589.189 -0.458
589.225 -0.459
589.26 -0.46
589.296 -0.461
589.331 -0.462
589.367 -0.463
589.402 -0.464
589.437 -0.465
589.472 -0.466
589.507 -0.467
589.542 -0.468
589.576 -0.469
589.611 -0.47
589.645 -0.471
589.68 -0.472
589.714 -0.473
589.748 -0.474
589.782 -0.475
589.816 -0.476
589.85 -0.477
589.884 -0.478
589.917 -0.479
589.951 -0.48
589.984 -0.481
590.018 -0.482
590.051 -0.483
590.084 -0.484
590.117 -0.485
590.15 -0.486
590.183 -0.487
590.215 -0.488
590.248 -0.489
590.28 -0.49
590.313 -0.491
590.345 -0.492
590.377 -0.493
590.409 -0.494
590.441 -0.495
590.473 -0.496
590.504 -0.497
590.536 -0.498
590.568 -0.499
590.599 -0.5
590.631 -0.501
590.662 -0.502
590.693 -0.503
590.724 -0.504
590.756 -0.505
590.787 -0.506
590.818 -0.507
590.849 -0.508
590.879 -0.509
590.91 -0.51
590.941 -0.511
590.972 -0.512
591.002 -0.513
591.033 -0.514
591.063 -0.515
591.094 -0.516
591.124 -0.517
591.154 -0.518
591.184 -0.519
591.215 -0.52
591.245 -0.521
591.275 -0.522
591.305 -0.523
591.335 -0.524
591.364 -0.525
591.394 -0.526
591.424 -0.527
591.454 -0.528
591.483 -0.529
591.513 -0.53
591.542 -0.531
591.571 -0.532
591.6 -0.533
591.63 -0.534
591.659 -0.535
591.687 -0.536
591.716 -0.537
591.745 -0.538
591.774 -0.539
591.802 -0.54
591.831 -0.541
591.859 -0.542
591.888 -0.543
591.917 -0.544
591.945 -0.545
591.973 -0.546
592.002 -0.547
592.03 -0.548
592.059 -0.549
592.087 -0.55
592.115 -0.551
592.143 -0.552
592.172 -0.553
592.2 -0.554
592.228 -0.555
592.256 -0.556
592.284 -0.557
592.312 -0.558
592.34 -0.559
592.368 -0.56
592.396 -0.561
592.424 -0.562
592.452 -0.563
592.48 -0.564
592.508 -0.565
592.536 -0.566
592.564 -0.567
592.592 -0.568
592.62 -0.569
592.647 -0.57
592.675 -0.571
592.703 -0.572
592.731 -0.573
592.759 -0.574
592.786 -0.575
592.814 -0.576
592.842 -0.577
592.87 -0.578
592.897 -0.579
592.925 -0.58
592.953 -0.581
592.981 -0.582
593.008 -0.583
593.036 -0.584
593.064 -0.585
593.092 -0.586
593.119 -0.587
593.147 -0.588
593.175 -0.589
593.202 -0.59
593.23 -0.591
593.258 -0.592
593.286 -0.593
593.313 -0.594
593.341 -0.595
593.369 -0.596
593.396 -0.597
593.424 -0.598
593.452 -0.599
593.48 -0.6
593.508 -0.601
593.535 -0.602
593.563 -0.603
593.591 -0.604
593.619 -0.605
593.647 -0.606
593.675 -0.607
593.703 -0.608
593.731 -0.609
593.759 -0.61
593.787 -0.611
593.815 -0.612
593.843 -0.613
593.871 -0.614
593.899 -0.615
593.927 -0.616
593.955 -0.617
593.983 -0.618
594.011 -0.619
594.039 -0.62
594.068 -0.621
594.096 -0.622
594.124 -0.623
594.153 -0.624
594.181 -0.625
594.209 -0.626
594.238 -0.627
594.266 -0.628
594.295 -0.629
594.323 -0.63
594.352 -0.631
594.381 -0.632
594.409 -0.633
594.438 -0.634
594.467 -0.635
594.496 -0.636
594.525 -0.637
594.553 -0.638
594.582 -0.639
594.611 -0.64
594.64 -0.641
594.67 -0.642
594.699 -0.643
594.728 -0.644
594.757 -0.645
594.787 -0.646
594.816 -0.647
594.845 -0.648
594.875 -0.649
594.904 -0.65
594.934 -0.651
594.964 -0.652
594.994 -0.653
595.023 -0.654
595.053 -0.655
595.083 -0.656
595.113 -0.657
595.143 -0.658
595.173 -0.659
595.204 -0.66
595.234 -0.661
595.264 -0.662
595.295 -0.663
595.325 -0.664
595.356 -0.665
595.386 -0.666
595.417 -0.667
595.448 -0.668
595.479 -0.669
595.509 -0.67
595.54 -0.671
595.572 -0.672
595.603 -0.673
595.634 -0.674
595.665 -0.675
595.697 -0.676
595.728 -0.677
595.76 -0.678
595.791 -0.679
595.823 -0.68
595.855 -0.681
595.887 -0.682
595.919 -0.683
595.951 -0.684
595.983 -0.685
596.016 -0.686
596.048 -0.687
596.08 -0.688
596.113 -0.689
596.146 -0.69
596.178 -0.691
596.211 -0.692
596.244 -0.693
596.277 -0.694
596.31 -0.695
596.344 -0.696
596.377 -0.697
596.411 -0.698
596.444 -0.699
596.478 -0.7
596.512 -0.701
596.545 -0.702
596.579 -0.703
596.614 -0.704
596.648 -0.705
596.682 -0.706
596.717 -0.707
596.751 -0.708
596.786 -0.709
596.821 -0.71
596.855 -0.711
596.891 -0.712
596.926 -0.713
596.961 -0.714
596.996 -0.715
597.032 -0.716
597.067 -0.717
597.103 -0.718
597.139 -0.719
597.175 -0.72
597.211 -0.721
597.247 -0.722
597.284 -0.723
597.32 -0.724
597.357 -0.725
597.393 -0.726
597.43 -0.727
597.467 -0.728
597.504 -0.729
597.541 -0.73
597.579 -0.731
597.616 -0.732
597.654 -0.733
597.692 -0.734
597.73 -0.735
597.768 -0.736
597.806 -0.737
597.844 -0.738
597.883 -0.739
597.921 -0.74
597.96 -0.741
597.999 -0.742
598.038 -0.743
598.077 -0.744
598.116 -0.745
598.156 -0.746
598.195 -0.747
598.235 -0.748
598.275 -0.749
598.315 -0.75
598.355 -0.751
598.396 -0.752
598.436 -0.753
598.477 -0.754
598.518 -0.755
598.559 -0.756
598.6 -0.757
598.641 -0.758
598.682 -0.759
598.724 -0.76
598.766 -0.761
598.808 -0.762
598.85 -0.763
598.892 -0.764
598.934 -0.765
598.977 -0.766
599.02 -0.767
599.062 -0.768
599.105 -0.769
599.149 -0.77
599.192 -0.771
599.236 -0.772
599.279 -0.773
599.323 -0.774
599.367 -0.775
599.411 -0.776
599.456 -0.777
599.5 -0.778
599.545 -0.779
599.59 -0.78
599.635 -0.781
599.68 -0.782
599.726 -0.783
599.771 -0.784
599.817 -0.785
599.863 -0.786
599.909 -0.787
599.956 -0.788
600.002 -0.789
600.049 -0.79
600.096 -0.791
600.143 -0.792
600.19 -0.793
600.237 -0.794
600.285 -0.795
600.333 -0.796
600.381 -0.797
600.429 -0.798
600.477 -0.799
600.526 -0.8
600.575 -0.801
600.624 -0.802
600.673 -0.803
600.722 -0.804
600.772 -0.805
600.821 -0.806
600.871 -0.807
600.921 -0.808
600.972 -0.809
601.022 -0.81
601.073 -0.811
601.124 -0.812
601.175 -0.813
601.226 -0.814
601.278 -0.815
601.33 -0.816
601.381 -0.817
601.434 -0.818
601.486 -0.819
601.539 -0.82
601.591 -0.821
601.644 -0.822
601.697 -0.823
601.751 -0.824
601.804 -0.825
601.858 -0.826
601.912 -0.827
601.967 -0.828
602.021 -0.829
602.076 -0.83
602.131 -0.831
602.186 -0.832
602.241 -0.833
602.297 -0.834
602.353 -0.835
602.409 -0.836
602.465 -0.837
602.521 -0.838
602.578 -0.839
602.635 -0.84
602.692 -0.841
602.749 -0.842
602.807 -0.843
602.865 -0.844
602.923 -0.845
602.981 -0.846
603.04 -0.847
603.098 -0.848
603.157 -0.849
603.217 -0.85
603.276 -0.851
603.336 -0.852
603.396 -0.853
603.456 -0.854
603.516 -0.855
603.577 -0.856
603.638 -0.857
603.699 -0.858
603.76 -0.859
603.822 -0.86
603.883 -0.861
603.946 -0.862
604.008 -0.863
604.07 -0.864
604.133 -0.865
604.196 -0.866
604.26 -0.867
604.323 -0.868
604.387 -0.869
604.451 -0.87
604.515 -0.871
604.58 -0.872
604.645 -0.873
604.71 -0.874
604.775 -0.875
604.841 -0.876
604.907 -0.877
604.973 -0.878
605.039 -0.879
605.106 -0.88
605.172 -0.881
605.24 -0.882
605.307 -0.883
605.375 -0.884
605.443 -0.885
605.511 -0.886
605.579 -0.887
605.648 -0.888
605.717 -0.889
605.786 -0.89
605.856 -0.891
605.925 -0.892
605.996 -0.893
606.066 -0.894
606.136 -0.895
606.207 -0.896
606.279 -0.897
606.35 -0.898
606.422 -0.899
606.494 -0.9
606.566 -0.901
606.638 -0.902
606.711 -0.903
606.784 -0.904
606.858 -0.905
606.931 -0.906
607.005 -0.907
607.08 -0.908
607.154 -0.909
607.229 -0.91
607.304 -0.911
607.38 -0.912
607.455 -0.913
607.531 -0.914
607.607 -0.915
607.684 -0.916
607.761 -0.917
607.838 -0.918
607.915 -0.919
607.993 -0.92
608.071 -0.921
608.149 -0.922
608.228 -0.923
608.307 -0.924
608.386 -0.925
608.466 -0.926
608.545 -0.927
608.626 -0.928
608.706 -0.929
608.787 -0.93
608.868 -0.931
608.949 -0.932
609.031 -0.933
609.113 -0.934
609.195 -0.935
609.278 -0.936
609.36 -0.937
609.444 -0.938
609.527 -0.939
609.611 -0.94
609.695 -0.941
609.779 -0.942
609.864 -0.943
609.949 -0.944
610.035 -0.945
610.12 -0.946
610.206 -0.947
610.293 -0.948
610.379 -0.949
610.466 -0.95
610.554 -0.951
610.641 -0.952
610.729 -0.953
610.818 -0.954
610.906 -0.955
610.995 -0.956
611.084 -0.957
611.174 -0.958
611.264 -0.959
611.354 -0.96
611.445 -0.961
611.536 -0.962
611.627 -0.963
611.718 -0.964
611.81 -0.965
611.903 -0.966
611.995 -0.967
612.088 -0.968
612.181 -0.969
612.275 -0.97
612.369 -0.971
612.463 -0.972
612.558 -0.973
612.653 -0.974
612.748 -0.975
612.844 -0.976
612.94 -0.977
613.036 -0.978
613.133 -0.979
613.23 -0.98
613.327 -0.981
613.425 -0.982
613.523 -0.983
613.622 -0.984
613.72 -0.985
613.819 -0.986
613.919 -0.987
614.019 -0.988
614.119 -0.989
614.22 -0.99
614.321 -0.991
614.422 -0.992
614.523 -0.993
614.625 -0.994
614.728 -0.995
614.831 -0.996
614.934 -0.997
615.037 -0.998
615.141 -0.999
615.245 -1
615.35 -1.001
615.455 -1.002
615.56 -1.003
615.666 -1.004
615.772 -1.005
615.878 -1.006
615.985 -1.007
616.092 -1.008
616.2 -1.009
616.307 -1.01
616.416 -1.011
616.524 -1.012
616.633 -1.013
616.743 -1.014
616.853 -1.015
616.963 -1.016
617.073 -1.017
617.184 -1.018
617.296 -1.019
617.407 -1.02
617.519 -1.021
617.632 -1.022
617.745 -1.023
617.858 -1.024
617.972 -1.025
618.086 -1.026
618.2 -1.027
618.315 -1.028
618.43 -1.029
618.546 -1.03
618.662 -1.031
618.778 -1.032
618.895 -1.033
619.012 -1.034
619.13 -1.035
619.248 -1.036
619.366 -1.037
619.485 -1.038
619.604 -1.039
619.724 -1.04
619.844 -1.041
619.964 -1.042
620.085 -1.043
620.206 -1.044
620.328 -1.045
620.45 -1.046
620.572 -1.047
620.695 -1.048
620.818 -1.049
620.942 -1.05
621.066 -1.051
621.191 -1.052
621.315 -1.053
621.441 -1.054
621.567 -1.055
621.693 -1.056
621.819 -1.057
621.946 -1.058
622.074 -1.059
622.202 -1.06
622.33 -1.061
622.459 -1.062
622.588 -1.063
622.717 -1.064
622.847 -1.065
622.978 -1.066
623.108 -1.067
623.24 -1.068
623.371 -1.069
623.503 -1.07
623.636 -1.071
623.769 -1.072
623.902 -1.073
624.036 -1.074
624.17 -1.075
624.305 -1.076
624.44 -1.077
624.576 -1.078
624.712 -1.079
624.848 -1.08
624.985 -1.081
625.123 -1.082
625.26 -1.083
625.399 -1.084
625.537 -1.085
625.676 -1.086
625.816 -1.087
625.956 -1.088
626.097 -1.089
626.237 -1.09
626.379 -1.091
626.521 -1.092
626.663 -1.093
626.806 -1.094
626.949 -1.095
627.092 -1.096
627.236 -1.097
627.381 -1.098
627.526 -1.099
627.671 -1.1
627.817 -1.101
627.964 -1.102
628.111 -1.103
628.258 -1.104
628.406 -1.105
628.554 -1.106
628.702 -1.107
628.852 -1.108
629.001 -1.109
629.151 -1.11
629.302 -1.111
629.453 -1.112
629.604 -1.113
629.756 -1.114
629.909 -1.115
630.062 -1.116
630.215 -1.117
630.369 -1.118
630.523 -1.119
630.678 -1.12
630.833 -1.121
630.989 -1.122
631.145 -1.123
631.302 -1.124
631.459 -1.125
631.617 -1.126
631.775 -1.127
631.934 -1.128
632.093 -1.129
632.252 -1.13
632.413 -1.131
632.573 -1.132
632.734 -1.133
632.896 -1.134
633.058 -1.135
633.22 -1.136
633.383 -1.137
633.547 -1.138
633.711 -1.139
633.875 -1.14
634.04 -1.141
634.206 -1.142
634.372 -1.143
634.538 -1.144
634.705 -1.145
634.873 -1.146
635.041 -1.147
635.209 -1.148
635.378 -1.149
635.548 -1.15
635.718 -1.151
635.888 -1.152
636.059 -1.153
636.231 -1.154
636.403 -1.155
636.576 -1.156
636.749 -1.157
636.922 -1.158
637.096 -1.159
637.271 -1.16
637.446 -1.161
637.622 -1.162
637.798 -1.163
637.974 -1.164
638.151 -1.165
638.329 -1.166
638.507 -1.167
638.686 -1.168
638.865 -1.169
639.045 -1.17
639.225 -1.171
639.406 -1.172
639.588 -1.173
639.769 -1.174
639.952 -1.175
640.135 -1.176
640.318 -1.177
640.502 -1.178
640.687 -1.179
640.872 -1.18
641.057 -1.181
641.244 -1.182
641.43 -1.183
641.617 -1.184
641.805 -1.185
641.993 -1.186
642.182 -1.187
642.372 -1.188
642.561 -1.189
642.752 -1.19
642.943 -1.191
643.134 -1.192
643.326 -1.193
643.519 -1.194
643.712 -1.195
643.906 -1.196
644.1 -1.197
644.295 -1.198
644.49 -1.199
644.686 -1.2
644.883 -1.201
645.08 -1.202
645.277 -1.203
645.475 -1.204
645.674 -1.205
645.873 -1.206
646.073 -1.207
646.273 -1.208
646.474 -1.209
646.676 -1.21
646.878 -1.211
647.08 -1.212
647.283 -1.213
647.487 -1.214
647.691 -1.215
647.896 -1.216
648.102 -1.217
648.308 -1.218
648.514 -1.219
648.721 -1.22
648.929 -1.221
649.137 -1.222
649.346 -1.223
649.556 -1.224
649.766 -1.225
649.976 -1.226
650.187 -1.227
650.399 -1.228
650.611 -1.229
650.824 -1.23
651.038 -1.231
651.252 -1.232
651.466 -1.233
651.681 -1.234
651.897 -1.235
652.114 -1.236
652.331 -1.237
652.548 -1.238
652.766 -1.239
652.985 -1.24
653.204 -1.241
653.424 -1.242
653.644 -1.243
653.865 -1.244
654.086 -1.245
654.307 -1.246
654.53 -1.247
654.752 -1.248
654.976 -1.249
655.2 -1.25
655.425 -1.251
655.65 -1.252
655.876 -1.253
656.102 -1.254
656.329 -1.255
656.557 -1.256
656.785 -1.257
657.014 -1.258
657.243 -1.259
657.473 -1.26
657.704 -1.261
657.935 -1.262
658.167 -1.263
658.399 -1.264
658.632 -1.265
658.866 -1.266
659.1 -1.267
659.335 -1.268
659.57 -1.269
659.807 -1.27
660.043 -1.271
660.281 -1.272
660.519 -1.273
660.757 -1.274
660.996 -1.275
661.236 -1.276
661.477 -1.277
661.718 -1.278
661.959 -1.279
662.202 -1.28
662.444 -1.281
662.688 -1.282
662.932 -1.283
663.177 -1.284
663.422 -1.285
663.668 -1.286
663.914 -1.287
664.161 -1.288
664.408 -1.289
664.655 -1.29
664.904 -1.291
665.153 -1.292
665.403 -1.293
665.653 -1.294
665.904 -1.295
666.155 -1.296
666.407 -1.297
666.66 -1.298
666.914 -1.299
667.168 -1.3
667.423 -1.301
667.678 -1.302
667.934 -1.303
668.191 -1.304
668.448 -1.305
668.706 -1.306
668.964 -1.307
669.224 -1.308
669.484 -1.309
669.744 -1.31
670.005 -1.311
670.267 -1.312
670.53 -1.313
670.793 -1.314
671.057 -1.315
671.321 -1.316
671.586 -1.317
671.852 -1.318
672.118 -1.319
672.385 -1.32
672.653 -1.321
672.921 -1.322
673.191 -1.323
673.46 -1.324
673.731 -1.325
674.002 -1.326
674.273 -1.327
674.546 -1.328
674.819 -1.329
675.093 -1.33
675.367 -1.331
675.642 -1.332
675.918 -1.333
676.194 -1.334
676.471 -1.335
676.748 -1.336
677.026 -1.337
677.305 -1.338
677.584 -1.339
677.863 -1.34
678.143 -1.341
678.424 -1.342
678.706 -1.343
678.988 -1.344
679.271 -1.345
679.555 -1.346
679.839 -1.347
680.124 -1.348
680.409 -1.349
680.696 -1.35
680.983 -1.351
681.27 -1.352
681.559 -1.353
681.848 -1.354
682.138 -1.355
682.428 -1.356
682.719 -1.357
683.011 -1.358
683.303 -1.359
683.596 -1.36
683.89 -1.361
684.185 -1.362
684.48 -1.363
684.776 -1.364
685.072 -1.365
685.37 -1.366
685.668 -1.367
685.966 -1.368
686.266 -1.369
686.566 -1.37
686.867 -1.371
687.168 -1.372
687.47 -1.373
687.773 -1.374
688.077 -1.375
688.381 -1.376
688.686 -1.377
688.992 -1.378
689.298 -1.379
689.606 -1.38
689.913 -1.381
690.222 -1.382
690.531 -1.383
690.841 -1.384
691.152 -1.385
691.464 -1.386
691.776 -1.387
692.089 -1.388
692.403 -1.389
692.717 -1.39
693.032 -1.391
693.348 -1.392
693.664 -1.393
693.982 -1.394
694.3 -1.395
694.618 -1.396
694.938 -1.397
695.258 -1.398
695.579 -1.399
695.901 -1.4
