12.9559 -0.001
25.8968 -0.002
38.8224 -0.003
51.7328 -0.004
64.6278 -0.005
77.5073 -0.006
90.3711 -0.007
103.219 -0.008
116.051 -0.009
128.868 -0.01
141.668 -0.011
154.452 -0.012
167.219 -0.013
179.97 -0.014
192.704 -0.015
205.422 -0.016
218.123 -0.017
230.806 -0.018
243.472 -0.019
256.121 -0.02
268.753 -0.021
281.367 -0.022
293.963 -0.023
306.541 -0.024
319.1 -0.025
331.642 -0.026
344.165 -0.027
356.669 -0.028
369.155 -0.029
381.622 -0.03
394.069 -0.031
406.497 -0.032
418.906 -0.033
431.294 -0.034
443.663 -0.035
456.012 -0.036
468.34 -0.037
480.648 -0.038
492.935 -0.039
505.2 -0.04
517.445 -0.041
529.668 -0.042
541.808 -0.043
553.64 -0.044
565.072 -0.045
575.874 -0.046
585.747 -0.047
594.857 -0.048
603.839 -0.049
612.541 -0.05
620.809 -0.051
628.105 -0.052
634.021 -0.053
638.005 -0.054
641.111 -0.055
644.193 -0.056
647.2 -0.057
650.077 -0.058
652.743 -0.059
655.241 -0.06
657.359 -0.061
659.217 -0.062
660.418 -0.063
661.117 -0.064
661.757 -0.065
662.359 -0.066
662.928 -0.067
663.467 -0.068
663.988 -0.069
664.497 -0.07
664.992 -0.071
665.479 -0.072
665.953 -0.073
666.417 -0.074
666.87 -0.075
667.314 -0.076
667.75 -0.077
668.176 -0.078
668.59 -0.079
668.996 -0.08
669.391 -0.081
669.777 -0.082
670.152 -0.083
670.516 -0.084
670.871 -0.085
671.216 -0.086
671.555 -0.087
671.886 -0.088
672.209 -0.089
672.525 -0.09
672.833 -0.091
673.133 -0.092
673.426 -0.093
673.713 -0.094
673.993 -0.095
674.264 -0.096
674.533 -0.097
674.798 -0.098
675.053 -0.099
675.304 -0.1
675.549 -0.101
675.788 -0.102
676.022 -0.103
676.249 -0.104
676.47 -0.105
676.684 -0.106
676.894 -0.107
677.098 -0.108
677.298 -0.109
677.495 -0.11
677.689 -0.111
677.879 -0.112
678.065 -0.113
678.25 -0.114
678.432 -0.115
678.611 -0.116
678.786 -0.117
678.96 -0.118
679.131 -0.119
679.3 -0.12
679.468 -0.121
679.633 -0.122
679.797 -0.123
679.959 -0.124
680.12 -0.125
680.279 -0.126
680.436 -0.127
680.592 -0.128
680.746 -0.129
680.899 -0.13
681.051 -0.131
681.202 -0.132
681.352 -0.133
681.5 -0.134
681.647 -0.135
681.793 -0.136
681.938 -0.137
682.082 -0.138
682.225 -0.139
682.367 -0.14
682.508 -0.141
682.648 -0.142
682.787 -0.143
682.926 -0.144
683.063 -0.145
683.199 -0.146
683.334 -0.147
683.469 -0.148
683.602 -0.149
683.735 -0.15
683.866 -0.151
683.997 -0.152
684.127 -0.153
684.256 -0.154
684.385 -0.155
684.512 -0.156
684.639 -0.157
684.765 -0.158
684.89 -0.159
685.015 -0.16
685.138 -0.161
685.261 -0.162
685.384 -0.163
685.505 -0.164
685.626 -0.165
685.746 -0.166
685.865 -0.167
685.984 -0.168
686.102 -0.169
686.219 -0.17
686.336 -0.171
686.453 -0.172
686.568 -0.173
686.683 -0.174
686.797 -0.175
686.911 -0.176
687.025 -0.177
687.137 -0.178
687.25 -0.179
687.361 -0.18
687.473 -0.181
687.583 -0.182
687.694 -0.183
687.804 -0.184
687.913 -0.185
688.022 -0.186
688.13 -0.187
688.238 -0.188
688.346 -0.189
688.453 -0.19
688.56 -0.191
688.667 -0.192
688.773 -0.193
688.879 -0.194
688.984 -0.195
689.089 -0.196
689.194 -0.197
689.299 -0.198
689.403 -0.199
689.507 -0.2
689.611 -0.201
689.714 -0.202
689.817 -0.203
689.92 -0.204
690.023 -0.205
690.126 -0.206
690.228 -0.207
690.33 -0.208
690.433 -0.209
690.534 -0.21
690.636 -0.211
690.738 -0.212
690.839 -0.213
690.941 -0.214
691.042 -0.215
691.143 -0.216
691.244 -0.217
691.344 -0.218
691.445 -0.219
691.546 -0.22
691.646 -0.221
691.747 -0.222
691.847 -0.223
691.947 -0.224
692.048 -0.225
692.148 -0.226
692.248 -0.227
692.348 -0.228
692.447 -0.229
692.547 -0.23
692.647 -0.231
692.746 -0.232
692.846 -0.233
692.945 -0.234
693.044 -0.235
693.144 -0.236
693.243 -0.237
693.342 -0.238
693.441 -0.239
693.54 -0.24
693.639 -0.241
693.737 -0.242
693.836 -0.243
693.935 -0.244
694.033 -0.245
694.132 -0.246
694.23 -0.247
694.328 -0.248
694.426 -0.249
694.525 -0.25
694.623 -0.251
694.721 -0.252
694.819 -0.253
694.917 -0.254
695.014 -0.255
695.112 -0.256
695.21 -0.257
695.308 -0.258
695.405 -0.259
695.503 -0.26
695.6 -0.261
695.697 -0.262
695.795 -0.263
695.892 -0.264
695.989 -0.265
696.086 -0.266
696.183 -0.267
696.28 -0.268
696.377 -0.269
696.474 -0.27
696.57 -0.271
696.667 -0.272
696.764 -0.273
696.86 -0.274
696.957 -0.275
697.053 -0.276
697.15 -0.277
697.246 -0.278
697.342 -0.279
697.438 -0.28
697.534 -0.281
697.63 -0.282
697.726 -0.283
697.822 -0.284
697.918 -0.285
698.014 -0.286
698.11 -0.287
698.205 -0.288
698.301 -0.289
698.397 -0.29
698.492 -0.291
698.587 -0.292
698.683 -0.293
698.778 -0.294
698.873 -0.295
698.968 -0.296
699.063 -0.297
699.158 -0.298
699.253 -0.299
699.348 -0.3
699.443 -0.301
699.538 -0.302
699.633 -0.303
699.727 -0.304
699.822 -0.305
699.916 -0.306
700.011 -0.307
700.105 -0.308
700.2 -0.309
700.294 -0.31
700.388 -0.311
700.483 -0.312
700.577 -0.313
700.671 -0.314
700.765 -0.315
700.859 -0.316
700.953 -0.317
701.047 -0.318
701.141 -0.319
701.235 -0.32
701.329 -0.321
701.423 -0.322
701.517 -0.323
701.61 -0.324
701.704 -0.325
701.798 -0.326
701.891 -0.327
701.985 -0.328
702.078 -0.329
702.172 -0.33
702.265 -0.331
702.359 -0.332
702.452 -0.333
702.545 -0.334
702.638 -0.335
702.731 -0.336
702.825 -0.337
702.918 -0.338
703.011 -0.339
703.103 -0.34
703.196 -0.341
703.289 -0.342
703.382 -0.343
703.475 -0.344
703.568 -0.345
703.66 -0.346
703.753 -0.347
703.845 -0.348
703.938 -0.349
704.031 -0.35
704.123 -0.351
704.215 -0.352
704.308 -0.353
704.4 -0.354
704.492 -0.355
704.585 -0.356
704.677 -0.357
704.769 -0.358
704.861 -0.359
704.953 -0.36
705.045 -0.361
705.138 -0.362
705.23 -0.363
705.322 -0.364
705.413 -0.365
705.505 -0.366
705.597 -0.367
705.689 -0.368
705.781 -0.369
705.873 -0.37
705.965 -0.371
706.056 -0.372
706.148 -0.373
706.24 -0.374
706.332 -0.375
706.423 -0.376
706.515 -0.377
706.606 -0.378
706.698 -0.379
706.79 -0.38
706.881 -0.381
706.972 -0.382
707.064 -0.383
707.155 -0.384
707.247 -0.385
707.338 -0.386
707.429 -0.387
707.521 -0.388
707.612 -0.389
707.703 -0.39
707.794 -0.391
707.885 -0.392
707.976 -0.393
708.067 -0.394
708.158 -0.395
708.249 -0.396
708.34 -0.397
708.431 -0.398
708.522 -0.399
708.613 -0.4
708.704 -0.401
708.795 -0.402
708.886 -0.403
708.976 -0.404
709.067 -0.405
709.158 -0.406
709.249 -0.407
709.339 -0.408
709.43 -0.409
709.521 -0.41
709.611 -0.411
709.702 -0.412
709.793 -0.413
709.883 -0.414
709.974 -0.415
710.064 -0.416
710.155 -0.417
710.246 -0.418
710.336 -0.419
710.427 -0.42
710.517 -0.421
710.608 -0.422
710.698 -0.423
710.788 -0.424
710.879 -0.425
710.969 -0.426
711.06 -0.427
711.15 -0.428
711.24 -0.429
711.331 -0.43
711.421 -0.431
711.511 -0.432
711.602 -0.433
711.692 -0.434
711.782 -0.435
711.873 -0.436
711.963 -0.437
712.053 -0.438
712.144 -0.439
712.234 -0.44
712.324 -0.441
712.415 -0.442
712.505 -0.443
712.595 -0.444
712.686 -0.445
712.776 -0.446
712.866 -0.447
712.956 -0.448
713.047 -0.449
713.137 -0.45
713.227 -0.451
713.318 -0.452
713.408 -0.453
713.498 -0.454
713.588 -0.455
713.679 -0.456
713.769 -0.457
713.859 -0.458
713.949 -0.459
714.04 -0.46
714.13 -0.461
714.22 -0.462
714.311 -0.463
714.401 -0.464
714.491 -0.465
714.581 -0.466
714.672 -0.467
714.762 -0.468
714.852 -0.469
714.942 -0.47
715.033 -0.471
715.123 -0.472
715.213 -0.473
715.303 -0.474
715.393 -0.475
715.483 -0.476
715.574 -0.477
715.664 -0.478
715.754 -0.479
715.844 -0.48
715.934 -0.481
716.024 -0.482
716.114 -0.483
716.204 -0.484
716.294 -0.485
716.385 -0.486
716.475 -0.487
716.565 -0.488
716.655 -0.489
716.745 -0.49
716.836 -0.491
716.926 -0.492
717.016 -0.493
717.106 -0.494
717.197 -0.495
717.287 -0.496
717.377 -0.497
717.467 -0.498
717.558 -0.499
717.648 -0.5
717.738 -0.501
717.829 -0.502
717.919 -0.503
718.01 -0.504
718.1 -0.505
718.19 -0.506
718.281 -0.507
718.371 -0.508
718.462 -0.509
718.552 -0.51
718.643 -0.511
718.733 -0.512
718.824 -0.513
718.914 -0.514
719.005 -0.515
719.096 -0.516
719.186 -0.517
719.277 -0.518
719.367 -0.519
719.458 -0.52
719.549 -0.521
719.639 -0.522
719.73 -0.523
719.821 -0.524
719.912 -0.525
720.002 -0.526
720.093 -0.527
720.184 -0.528
720.275 -0.529
720.365 -0.53
720.456 -0.531
720.547 -0.532
720.638 -0.533
720.729 -0.534
720.82 -0.535
720.911 -0.536
721.001 -0.537
721.092 -0.538
721.183 -0.539
721.274 -0.54
721.365 -0.541
721.456 -0.542
721.547 -0.543
721.638 -0.544
721.729 -0.545
721.821 -0.546
721.912 -0.547
722.003 -0.548
722.094 -0.549
722.185 -0.55
722.276 -0.551
722.368 -0.552
722.459 -0.553
722.55 -0.554
722.642 -0.555
722.733 -0.556
722.824 -0.557
722.916 -0.558
723.007 -0.559
723.098 -0.56
723.19 -0.561
723.281 -0.562
723.372 -0.563
723.464 -0.564
723.555 -0.565
723.647 -0.566
723.738 -0.567
723.83 -0.568
723.921 -0.569
724.013 -0.57
724.105 -0.571
724.196 -0.572
724.288 -0.573
724.38 -0.574
724.472 -0.575
724.563 -0.576
724.655 -0.577
724.747 -0.578
724.839 -0.579
724.931 -0.58
725.023 -0.581
725.115 -0.582
725.207 -0.583
725.299 -0.584
725.392 -0.585
725.484 -0.586
725.576 -0.587
725.668 -0.588
725.761 -0.589
725.853 -0.59
725.946 -0.591
726.038 -0.592
726.131 -0.593
726.223 -0.594
726.316 -0.595
726.409 -0.596
726.501 -0.597
726.594 -0.598
726.687 -0.599
726.78 -0.6
726.873 -0.601
726.965 -0.602
727.058 -0.603
727.152 -0.604
727.245 -0.605
727.338 -0.606
727.431 -0.607
727.524 -0.608
727.617 -0.609
727.711 -0.61
727.804 -0.611
727.898 -0.612
727.991 -0.613
728.085 -0.614
728.178 -0.615
728.272 -0.616
728.366 -0.617
728.459 -0.618
728.553 -0.619
728.647 -0.62
728.741 -0.621
728.835 -0.622
728.929 -0.623
729.023 -0.624
729.117 -0.625
729.211 -0.626
729.305 -0.627
729.4 -0.628
729.494 -0.629
729.588 -0.63
729.683 -0.631
729.777 -0.632
729.872 -0.633
729.966 -0.634
730.061 -0.635
730.155 -0.636
730.249 -0.637
730.344 -0.638
730.438 -0.639
730.533 -0.64
730.627 -0.641
730.722 -0.642
730.816 -0.643
730.911 -0.644
731.006 -0.645
731.1 -0.646
731.195 -0.647
731.29 -0.648
731.385 -0.649
731.479 -0.65
731.574 -0.651
731.669 -0.652
731.764 -0.653
731.86 -0.654
731.955 -0.655
732.05 -0.656
732.145 -0.657
732.241 -0.658
732.336 -0.659
732.432 -0.66
732.527 -0.661
732.623 -0.662
732.719 -0.663
732.814 -0.664
732.91 -0.665
733.006 -0.666
733.102 -0.667
733.198 -0.668
733.294 -0.669
733.39 -0.67
733.487 -0.671
733.583 -0.672
733.679 -0.673
733.776 -0.674
733.872 -0.675
733.969 -0.676
734.066 -0.677
734.162 -0.678
734.259 -0.679
734.356 -0.68
734.453 -0.681
734.55 -0.682
734.647 -0.683
734.744 -0.684
734.841 -0.685
734.939 -0.686
735.036 -0.687
735.133 -0.688
735.231 -0.689
735.329 -0.69
735.426 -0.691
735.524 -0.692
735.622 -0.693
735.719 -0.694
735.817 -0.695
735.915 -0.696
736.013 -0.697
736.111 -0.698
736.209 -0.699
736.307 -0.7
736.406 -0.701
736.504 -0.702
736.602 -0.703
736.701 -0.704
736.8 -0.705
736.898 -0.706
736.997 -0.707
737.096 -0.708
737.195 -0.709
737.294 -0.71
737.393 -0.711
737.492 -0.712
737.591 -0.713
737.69 -0.714
737.79 -0.715
737.889 -0.716
737.989 -0.717
738.089 -0.718
738.188 -0.719
738.288 -0.72
738.388 -0.721
738.488 -0.722
738.588 -0.723
738.688 -0.724
738.788 -0.725
738.889 -0.726
738.989 -0.727
739.09 -0.728
739.19 -0.729
739.291 -0.73
739.392 -0.731
739.492 -0.732
739.593 -0.733
739.694 -0.734
739.795 -0.735
739.896 -0.736
739.997 -0.737
740.098 -0.738
740.2 -0.739
740.301 -0.74
740.403 -0.741
740.504 -0.742
740.606 -0.743
740.707 -0.744
740.809 -0.745
740.911 -0.746
741.013 -0.747
741.115 -0.748
741.217 -0.749
741.32 -0.75
741.422 -0.751
741.524 -0.752
741.627 -0.753
741.73 -0.754
741.832 -0.755
741.935 -0.756
742.038 -0.757
742.141 -0.758
742.244 -0.759
742.347 -0.76
742.451 -0.761
742.554 -0.762
742.658 -0.763
742.761 -0.764
742.865 -0.765
742.969 -0.766
743.073 -0.767
743.176 -0.768
743.281 -0.769
743.385 -0.77
743.489 -0.771
743.593 -0.772
743.698 -0.773
743.802 -0.774
743.907 -0.775
744.012 -0.776
744.116 -0.777
744.221 -0.778
744.326 -0.779
744.431 -0.78
744.535 -0.781
744.64 -0.782
744.745 -0.783
744.85 -0.784
744.955 -0.785
745.061 -0.786
745.166 -0.787
745.272 -0.788
745.377 -0.789
745.483 -0.79
745.589 -0.791
745.695 -0.792
745.801 -0.793
745.907 -0.794
746.013 -0.795
746.119 -0.796
746.226 -0.797
746.332 -0.798
746.439 -0.799
746.546 -0.8
746.652 -0.801
746.759 -0.802
746.867 -0.803
746.974 -0.804
747.081 -0.805
747.188 -0.806
747.296 -0.807
747.404 -0.808
747.511 -0.809
747.619 -0.81
747.727 -0.811
747.835 -0.812
747.943 -0.813
748.052 -0.814
748.16 -0.815
748.268 -0.816
748.377 -0.817
748.486 -0.818
748.595 -0.819
748.703 -0.82
748.812 -0.821
748.921 -0.822
749.03 -0.823
749.139 -0.824
749.249 -0.825
749.358 -0.826
749.468 -0.827
749.577 -0.828
749.687 -0.829
749.797 -0.83
749.907 -0.831
750.017 -0.832
750.127 -0.833
750.238 -0.834
750.348 -0.835
750.459 -0.836
750.569 -0.837
750.68 -0.838
750.791 -0.839
750.902 -0.84
751.013 -0.841
751.124 -0.842
751.236 -0.843
751.347 -0.844
751.459 -0.845
751.571 -0.846
751.683 -0.847
751.795 -0.848
751.907 -0.849
752.019 -0.85
752.131 -0.851
752.244 -0.852
752.356 -0.853
752.469 -0.854
752.582 -0.855
752.695 -0.856
752.808 -0.857
752.921 -0.858
753.035 -0.859
753.148 -0.86
753.262 -0.861
753.376 -0.862
753.489 -0.863
753.603 -0.864
753.718 -0.865
753.832 -0.866
753.946 -0.867
754.061 -0.868
754.175 -0.869
754.29 -0.87
754.405 -0.871
754.52 -0.872
754.635 -0.873
754.75 -0.874
754.866 -0.875
754.981 -0.876
755.097 -0.877
755.213 -0.878
755.329 -0.879
755.445 -0.88
755.561 -0.881
755.677 -0.882
755.794 -0.883
755.91 -0.884
756.026 -0.885
756.143 -0.886
756.26 -0.887
756.377 -0.888
756.494 -0.889
756.611 -0.89
756.728 -0.891
756.846 -0.892
756.964 -0.893
757.081 -0.894
757.199 -0.895
757.317 -0.896
757.435 -0.897
757.554 -0.898
757.672 -0.899
757.791 -0.9
757.909 -0.901
758.028 -0.902
758.147 -0.903
758.266 -0.904
758.385 -0.905
758.504 -0.906
758.623 -0.907
758.743 -0.908
758.863 -0.909
758.982 -0.91
759.102 -0.911
759.222 -0.912
759.343 -0.913
759.463 -0.914
759.583 -0.915
759.704 -0.916
759.824 -0.917
759.945 -0.918
760.066 -0.919
760.187 -0.92
760.308 -0.921
760.43 -0.922
760.551 -0.923
760.673 -0.924
760.795 -0.925
760.917 -0.926
761.039 -0.927
761.161 -0.928
761.283 -0.929
761.406 -0.93
761.528 -0.931
761.651 -0.932
761.774 -0.933
761.897 -0.934
762.021 -0.935
762.144 -0.936
762.267 -0.937
762.391 -0.938
762.515 -0.939
762.638 -0.94
762.762 -0.941
762.887 -0.942
763.011 -0.943
763.135 -0.944
763.26 -0.945
763.385 -0.946
763.51 -0.947
763.635 -0.948
763.76 -0.949
763.885 -0.95
764.011 -0.951
764.137 -0.952
764.263 -0.953
764.389 -0.954
764.515 -0.955
764.641 -0.956
764.768 -0.957
764.894 -0.958
765.021 -0.959
765.148 -0.96
765.275 -0.961
765.402 -0.962
765.53 -0.963
765.657 -0.964
765.785 -0.965
765.912 -0.966
766.04 -0.967
766.168 -0.968
766.296 -0.969
766.424 -0.97
766.552 -0.971
766.681 -0.972
766.81 -0.973
766.938 -0.974
767.067 -0.975
767.197 -0.976
767.326 -0.977
767.455 -0.978
767.585 -0.979
767.714 -0.98
767.844 -0.981
767.974 -0.982
768.104 -0.983
768.235 -0.984
768.365 -0.985
768.496 -0.986
768.627 -0.987
768.758 -0.988
768.889 -0.989
769.02 -0.99
769.151 -0.991
769.283 -0.992
769.415 -0.993
769.547 -0.994
769.679 -0.995
769.811 -0.996
769.943 -0.997
770.076 -0.998
770.209 -0.999
770.341 -1
770.474 -1.001
770.608 -1.002
770.741 -1.003
770.874 -1.004
771.008 -1.005
771.141 -1.006
771.275 -1.007
771.409 -1.008
771.544 -1.009
771.678 -1.01
771.812 -1.011
771.947 -1.012
772.082 -1.013
772.217 -1.014
772.352 -1.015
772.487 -1.016
772.622 -1.017
772.758 -1.018
772.894 -1.019
773.03 -1.02
773.166 -1.021
773.302 -1.022
773.438 -1.023
773.575 -1.024
773.711 -1.025
773.848 -1.026
773.985 -1.027
774.122 -1.028
774.26 -1.029
774.397 -1.03
774.535 -1.031
774.673 -1.032
774.811 -1.033
774.949 -1.034
775.088 -1.035
775.226 -1.036
775.365 -1.037
775.504 -1.038
775.643 -1.039
775.782 -1.04
775.922 -1.041
776.061 -1.042
776.201 -1.043
776.341 -1.044
776.481 -1.045
776.622 -1.046
776.762 -1.047
776.903 -1.048
777.044 -1.049
777.185 -1.05
777.326 -1.051
777.467 -1.052
777.608 -1.053
777.75 -1.054
777.892 -1.055
778.034 -1.056
778.176 -1.057
778.318 -1.058
778.461 -1.059
778.603 -1.06
778.746 -1.061
778.889 -1.062
779.032 -1.063
779.176 -1.064
779.319 -1.065
779.463 -1.066
779.607 -1.067
779.751 -1.068
779.895 -1.069
780.039 -1.07
780.183 -1.071
780.327 -1.072
780.472 -1.073
780.616 -1.074
780.761 -1.075
780.906 -1.076
781.052 -1.077
781.197 -1.078
781.343 -1.079
781.489 -1.08
781.635 -1.081
781.781 -1.082
781.927 -1.083
782.074 -1.084
782.221 -1.085
782.368 -1.086
782.515 -1.087
782.662 -1.088
782.81 -1.089
782.957 -1.09
783.105 -1.091
783.254 -1.092
783.402 -1.093
783.55 -1.094
783.699 -1.095
783.848 -1.096
783.997 -1.097
784.146 -1.098
784.296 -1.099
784.445 -1.1
784.595 -1.101
784.745 -1.102
784.895 -1.103
785.046 -1.104
785.196 -1.105
785.347 -1.106
785.498 -1.107
785.649 -1.108
785.8 -1.109
785.952 -1.11
786.103 -1.111
786.255 -1.112
786.407 -1.113
786.56 -1.114
786.712 -1.115
786.865 -1.116
787.018 -1.117
787.171 -1.118
787.324 -1.119
787.477 -1.12
787.631 -1.121
787.785 -1.122
787.939 -1.123
788.093 -1.124
788.248 -1.125
788.402 -1.126
788.557 -1.127
788.712 -1.128
788.867 -1.129
789.023 -1.13
789.178 -1.131
789.334 -1.132
789.49 -1.133
789.646 -1.134
789.803 -1.135
789.959 -1.136
790.116 -1.137
790.273 -1.138
790.43 -1.139
790.588 -1.14
790.745 -1.141
790.903 -1.142
791.061 -1.143
791.219 -1.144
791.377 -1.145
791.536 -1.146
791.694 -1.147
791.852 -1.148
792.011 -1.149
792.17 -1.15
792.329 -1.151
792.488 -1.152
792.648 -1.153
792.807 -1.154
792.967 -1.155
793.127 -1.156
793.288 -1.157
793.448 -1.158
793.609 -1.159
793.77 -1.16
793.931 -1.161
794.092 -1.162
794.254 -1.163
794.415 -1.164
794.577 -1.165
794.739 -1.166
794.901 -1.167
795.064 -1.168
795.226 -1.169
795.389 -1.17
795.551 -1.171
795.714 -1.172
795.877 -1.173
796.041 -1.174
796.204 -1.175
796.368 -1.176
796.532 -1.177
796.696 -1.178
796.86 -1.179
797.024 -1.18
797.189 -1.181
797.354 -1.182
797.519 -1.183
797.685 -1.184
797.85 -1.185
798.016 -1.186
798.182 -1.187
798.348 -1.188
798.514 -1.189
798.681 -1.19
798.848 -1.191
799.015 -1.192
799.182 -1.193
799.349 -1.194
799.517 -1.195
799.685 -1.196
799.853 -1.197
800.021 -1.198
800.19 -1.199
800.359 -1.2
