20.9634 -0.001
41.8522 -0.002
62.6667 -0.003
83.4065 -0.004
104.072 -0.005
124.662 -0.006
145.178 -0.007
165.619 -0.008
185.984 -0.009
206.275 -0.01
226.49 -0.011
246.63 -0.012
266.694 -0.013
286.683 -0.014
306.596 -0.015
326.433 -0.016
346.194 -0.017
365.879 -0.018
385.487 -0.019
405.019 -0.02
424.474 -0.021
443.852 -0.022
463.153 -0.023
482.376 -0.024
501.522 -0.025
520.59 -0.026
539.58 -0.027
558.491 -0.028
576.895 -0.029
593.27 -0.03
608.082 -0.031
622.805 -0.032
637.431 -0.033
651.996 -0.034
666.494 -0.035
680.897 -0.036
694.992 -0.037
708.359 -0.038
720.703 -0.039
731.757 -0.04
741.44 -0.041
750.965 -0.042
760.41 -0.043
769.77 -0.044
779.054 -0.045
788.268 -0.046
797.402 -0.047
806.45 -0.048
815.42 -0.049
824.318 -0.05
833.138 -0.051
841.88 -0.052
850.463 -0.053
858.783 -0.054
866.865 -0.055
874.4 -0.056
881.588 -0.057
887.984 -0.058
893.567 -0.059
898.841 -0.06
903.789 -0.061
908.581 -0.062
913.273 -0.063
917.666 -0.064
921.653 -0.065
925.432 -0.066
928.956 -0.067
932.119 -0.068
935.046 -0.069
937.788 -0.07
940.443 -0.071
943.015 -0.072
945.511 -0.073
947.849 -0.074
950.01 -0.075
951.991 -0.076
953.798 -0.077
955.526 -0.078
957.175 -0.079
958.75 -0.08
960.251 -0.081
961.675 -0.082
963.028 -0.083
964.31 -0.084
965.521 -0.085
966.663 -0.086
967.739 -0.087
968.751 -0.088
969.707 -0.089
970.61 -0.09
971.456 -0.091
972.253 -0.092
972.997 -0.093
973.682 -0.094
974.302 -0.095
974.852 -0.096
975.342 -0.097
975.771 -0.098
976.121 -0.099
976.427 -0.1
976.687 -0.101
976.881 -0.102
977.032 -0.103
977.146 -0.104
977.22 -0.105
977.245 -0.106
977.241 -0.107
977.211 -0.108
977.154 -0.109
977.048 -0.11
976.922 -0.111
976.776 -0.112
976.607 -0.113
976.401 -0.114
976.174 -0.115
975.927 -0.116
975.658 -0.117
975.35 -0.118
975.022 -0.119
974.676 -0.12
974.31 -0.121
973.912 -0.122
973.487 -0.123
973.042 -0.124
972.582 -0.125
972.102 -0.126
971.606 -0.127
971.098 -0.128
970.574 -0.129
970.036 -0.13
969.486 -0.131
968.92 -0.132
968.343 -0.133
967.752 -0.134
967.152 -0.135
966.544 -0.136
965.929 -0.137
965.304 -0.138
964.671 -0.139
964.028 -0.14
963.376 -0.141
962.716 -0.142
962.047 -0.143
961.372 -0.144
960.692 -0.145
960.005 -0.146
959.311 -0.147
958.611 -0.148
957.904 -0.149
957.188 -0.15
956.466 -0.151
955.739 -0.152
955.009 -0.153
954.274 -0.154
953.535 -0.155
952.792 -0.156
952.044 -0.157
951.287 -0.158
950.526 -0.159
949.76 -0.16
948.991 -0.161
948.218 -0.162
947.443 -0.163
946.665 -0.164
945.882 -0.165
945.094 -0.166
944.299 -0.167
943.499 -0.168
942.695 -0.169
941.886 -0.17
941.075 -0.171
940.26 -0.172
939.441 -0.173
938.619 -0.174
937.794 -0.175
936.965 -0.176
936.129 -0.177
935.291 -0.178
934.451 -0.179
933.609 -0.18
932.764 -0.181
931.917 -0.182
931.067 -0.183
930.216 -0.184
929.362 -0.185
928.506 -0.186
927.648 -0.187
926.79 -0.188
925.929 -0.189
925.067 -0.19
924.202 -0.191
923.335 -0.192
922.468 -0.193
921.608 -0.194
920.756 -0.195
919.912 -0.196
919.077 -0.197
918.248 -0.198
917.427 -0.199
916.615 -0.2
915.802 -0.201
914.988 -0.202
914.173 -0.203
913.358 -0.204
912.542 -0.205
911.725 -0.206
910.908 -0.207
910.091 -0.208
909.273 -0.209
908.454 -0.21
907.635 -0.211
906.816 -0.212
905.995 -0.213
905.175 -0.214
904.354 -0.215
903.533 -0.216
902.712 -0.217
901.891 -0.218
901.071 -0.219
900.249 -0.22
899.428 -0.221
898.607 -0.222
897.787 -0.223
896.974 -0.224
896.163 -0.225
895.358 -0.226
894.569 -0.227
893.791 -0.228
893.024 -0.229
892.272 -0.23
891.528 -0.231
890.799 -0.232
890.079 -0.233
889.369 -0.234
888.67 -0.235
887.973 -0.236
887.277 -0.237
886.581 -0.238
885.886 -0.239
885.191 -0.24
884.496 -0.241
883.802 -0.242
883.109 -0.243
882.416 -0.244
881.724 -0.245
881.033 -0.246
880.342 -0.247
879.652 -0.248
878.963 -0.249
878.274 -0.25
877.586 -0.251
876.897 -0.252
876.209 -0.253
875.522 -0.254
874.835 -0.255
874.148 -0.256
873.462 -0.257
872.776 -0.258
872.09 -0.259
871.405 -0.26
870.72 -0.261
870.036 -0.262
869.352 -0.263
868.67 -0.264
867.989 -0.265
867.309 -0.266
866.635 -0.267
865.966 -0.268
865.3 -0.269
864.639 -0.27
863.98 -0.271
863.329 -0.272
862.683 -0.273
862.044 -0.274
861.409 -0.275
860.779 -0.276
860.159 -0.277
859.54 -0.278
858.928 -0.279
858.323 -0.28
857.72 -0.281
857.118 -0.282
856.521 -0.283
855.925 -0.284
855.329 -0.285
854.736 -0.286
854.146 -0.287
853.558 -0.288
852.972 -0.289
852.39 -0.29
851.809 -0.291
851.23 -0.292
850.652 -0.293
850.077 -0.294
849.502 -0.295
848.93 -0.296
848.356 -0.297
847.783 -0.298
847.212 -0.299
846.643 -0.3
846.076 -0.301
845.51 -0.302
844.945 -0.303
844.382 -0.304
843.821 -0.305
843.262 -0.306
842.704 -0.307
842.148 -0.308
841.595 -0.309
841.042 -0.31
840.491 -0.311
839.943 -0.312
839.396 -0.313
838.851 -0.314
838.308 -0.315
837.767 -0.316
837.228 -0.317
836.69 -0.318
836.155 -0.319
835.622 -0.32
835.09 -0.321
834.561 -0.322
834.034 -0.323
833.509 -0.324
832.987 -0.325
832.465 -0.326
831.947 -0.327
831.43 -0.328
830.915 -0.329
830.403 -0.33
829.893 -0.331
829.386 -0.332
828.881 -0.333
828.378 -0.334
827.882 -0.335
827.392 -0.336
826.905 -0.337
826.425 -0.338
825.951 -0.339
825.482 -0.34
825.018 -0.341
824.559 -0.342
824.108 -0.343
823.659 -0.344
823.216 -0.345
822.779 -0.346
822.348 -0.347
821.921 -0.348
821.496 -0.349
821.077 -0.35
820.661 -0.351
820.248 -0.352
819.837 -0.353
819.431 -0.354
819.029 -0.355
818.629 -0.356
818.232 -0.357
817.838 -0.358
817.444 -0.359
817.051 -0.36
816.661 -0.361
816.274 -0.362
815.889 -0.363
815.507 -0.364
815.128 -0.365
814.752 -0.366
814.378 -0.367
814.007 -0.368
813.634 -0.369
813.264 -0.37
812.896 -0.371
812.531 -0.372
812.169 -0.373
811.811 -0.374
811.456 -0.375
811.104 -0.376
810.753 -0.377
810.4 -0.378
810.051 -0.379
809.704 -0.38
809.361 -0.381
809.02 -0.382
808.683 -0.383
808.348 -0.384
808.016 -0.385
807.684 -0.386
807.352 -0.387
807.023 -0.388
806.696 -0.389
806.373 -0.39
806.053 -0.391
805.736 -0.392
805.422 -0.393
805.107 -0.394
804.791 -0.395
804.476 -0.396
804.165 -0.397
803.857 -0.398
803.551 -0.399
803.248 -0.4
802.947 -0.401
802.642 -0.402
802.337 -0.403
802.033 -0.404
801.731 -0.405
801.434 -0.406
801.14 -0.407
800.849 -0.408
800.561 -0.409
800.275 -0.41
799.991 -0.411
799.707 -0.412
799.423 -0.413
799.142 -0.414
798.866 -0.415
798.595 -0.416
798.323 -0.417
798.049 -0.418
797.773 -0.419
797.488 -0.42
797.195 -0.421
796.895 -0.422
796.595 -0.423
796.298 -0.424
796.004 -0.425
795.71 -0.426
795.412 -0.427
795.117 -0.428
794.825 -0.429
794.534 -0.43
794.246 -0.431
793.961 -0.432
793.678 -0.433
793.396 -0.434
793.112 -0.435
792.829 -0.436
792.548 -0.437
792.268 -0.438
791.99 -0.439
791.713 -0.44
791.439 -0.441
791.163 -0.442
790.888 -0.443
790.616 -0.444
790.347 -0.445
790.081 -0.446
789.817 -0.447
789.556 -0.448
789.297 -0.449
789.037 -0.45
788.78 -0.451
788.525 -0.452
788.274 -0.453
788.025 -0.454
787.779 -0.455
787.535 -0.456
787.29 -0.457
787.043 -0.458
786.797 -0.459
786.552 -0.46
786.312 -0.461
786.082 -0.462
785.85 -0.463
785.616 -0.464
785.39 -0.465
785.17 -0.466
784.952 -0.467
784.736 -0.468
784.52 -0.469
784.303 -0.47
784.085 -0.471
783.867 -0.472
783.646 -0.473
783.422 -0.474
783.193 -0.475
782.96 -0.476
782.721 -0.477
782.472 -0.478
782.211 -0.479
781.938 -0.48
781.682 -0.481
781.431 -0.482
781.163 -0.483
780.876 -0.484
780.568 -0.485
780.264 -0.486
779.941 -0.487
779.606 -0.488
779.264 -0.489
778.913 -0.49
778.551 -0.491
778.295 -0.492
778.119 -0.493
777.925 -0.494
777.734 -0.495
777.546 -0.496
777.362 -0.497
777.15 -0.498
777.06 -0.499
777.057 -0.5
777.055 -0.501
777.056 -0.502
777.06 -0.503
777.065 -0.504
777.043 -0.505
777.002 -0.506
776.955 -0.507
776.908 -0.508
776.861 -0.509
776.813 -0.51
776.759 -0.511
776.702 -0.512
776.642 -0.513
776.578 -0.514
776.503 -0.515
776.424 -0.516
776.353 -0.517
776.268 -0.518
776.175 -0.519
776.063 -0.52
775.933 -0.521
775.792 -0.522
775.645 -0.523
775.63 -0.524
775.587 -0.525
775.539 -0.526
775.483 -0.527
775.415 -0.528
775.334 -0.529
775.237 -0.53
775.29 -0.531
775.331 -0.532
775.341 -0.533
775.355 -0.534
775.372 -0.535
775.393 -0.536
775.419 -0.537
775.447 -0.538
775.48 -0.539
775.496 -0.54
775.498 -0.541
775.507 -0.542
775.522 -0.543
775.543 -0.544
775.568 -0.545
775.597 -0.546
775.63 -0.547
775.668 -0.548
775.709 -0.549
775.754 -0.55
775.803 -0.551
775.856 -0.552
775.913 -0.553
775.975 -0.554
776.04 -0.555
776.109 -0.556
776.183 -0.557
776.261 -0.558
776.342 -0.559
776.428 -0.56
776.518 -0.561
776.613 -0.562
776.711 -0.563
776.814 -0.564
776.921 -0.565
777.032 -0.566
777.147 -0.567
777.267 -0.568
777.39 -0.569
777.518 -0.57
777.65 -0.571
777.787 -0.572
777.928 -0.573
778.073 -0.574
778.195 -0.575
778.286 -0.576
778.376 -0.577
778.411 -0.578
778.448 -0.579
778.488 -0.58
778.531 -0.581
778.58 -0.582
778.635 -0.583
778.694 -0.584
778.756 -0.585
778.822 -0.586
778.89 -0.587
778.962 -0.588
779.037 -0.589
779.116 -0.59
779.198 -0.591
779.283 -0.592
779.372 -0.593
779.456 -0.594
779.545 -0.595
779.629 -0.596
779.715 -0.597
779.799 -0.598
779.884 -0.599
779.966 -0.6
780.049 -0.601
780.128 -0.602
780.204 -0.603
780.272 -0.604
780.339 -0.605
780.411 -0.606
780.485 -0.607
780.562 -0.608
780.643 -0.609
780.727 -0.61
780.814 -0.611
780.905 -0.612
780.998 -0.613
781.095 -0.614
781.195 -0.615
781.299 -0.616
781.406 -0.617
781.516 -0.618
781.63 -0.619
781.747 -0.62
781.868 -0.621
781.992 -0.622
782.119 -0.623
782.25 -0.624
782.385 -0.625
782.523 -0.626
782.664 -0.627
782.809 -0.628
782.958 -0.629
783.11 -0.63
783.266 -0.631
783.425 -0.632
783.588 -0.633
783.755 -0.634
783.925 -0.635
784.098 -0.636
784.276 -0.637
784.456 -0.638
784.641 -0.639
784.829 -0.64
785.021 -0.641
785.216 -0.642
785.415 -0.643
785.617 -0.644
785.824 -0.645
786.033 -0.646
786.247 -0.647
786.465 -0.648
786.686 -0.649
786.911 -0.65
787.139 -0.651
787.372 -0.652
787.608 -0.653
787.848 -0.654
788.092 -0.655
788.34 -0.656
788.591 -0.657
788.847 -0.658
789.107 -0.659
789.37 -0.66
789.638 -0.661
789.91 -0.662
790.185 -0.663
790.465 -0.664
790.747 -0.665
791.032 -0.666
791.321 -0.667
791.613 -0.668
791.907 -0.669
792.205 -0.67
792.507 -0.671
792.802 -0.672
793.098 -0.673
793.397 -0.674
793.688 -0.675
793.981 -0.676
794.273 -0.677
794.561 -0.678
794.853 -0.679
795.137 -0.68
795.422 -0.681
795.707 -0.682
795.986 -0.683
796.268 -0.684
796.54 -0.685
796.816 -0.686
797.095 -0.687
797.374 -0.688
797.652 -0.689
797.927 -0.69
798.202 -0.691
798.474 -0.692
798.746 -0.693
799.015 -0.694
799.284 -0.695
799.554 -0.696
799.822 -0.697
800.092 -0.698
800.356 -0.699
800.624 -0.7
800.895 -0.701
801.17 -0.702
801.447 -0.703
801.727 -0.704
802.011 -0.705
802.298 -0.706
802.589 -0.707
802.882 -0.708
803.179 -0.709
803.479 -0.71
803.783 -0.711
804.09 -0.712
804.4 -0.713
804.714 -0.714
805.031 -0.715
805.352 -0.716
805.676 -0.717
806.004 -0.718
806.335 -0.719
806.669 -0.72
807.007 -0.721
807.348 -0.722
807.693 -0.723
808.042 -0.724
808.383 -0.725
808.727 -0.726
809.075 -0.727
809.417 -0.728
809.759 -0.729
810.105 -0.73
810.449 -0.731
810.79 -0.732
811.134 -0.733
811.482 -0.734
811.824 -0.735
812.168 -0.736
812.514 -0.737
812.865 -0.738
813.208 -0.739
813.554 -0.74
813.904 -0.741
814.257 -0.742
814.602 -0.743
814.951 -0.744
815.303 -0.745
815.659 -0.746
816.018 -0.747
816.38 -0.748
816.746 -0.749
817.116 -0.75
817.486 -0.751
817.857 -0.752
818.232 -0.753
818.61 -0.754
818.991 -0.755
819.371 -0.756
819.754 -0.757
820.141 -0.758
820.531 -0.759
820.921 -0.76
821.312 -0.761
821.708 -0.762
822.106 -0.763
822.509 -0.764
822.909 -0.765
823.312 -0.766
823.72 -0.767
824.13 -0.768
824.545 -0.769
824.958 -0.77
825.374 -0.771
825.794 -0.772
826.218 -0.773
826.645 -0.774
827.073 -0.775
827.503 -0.776
827.936 -0.777
828.373 -0.778
828.814 -0.779
829.258 -0.78
829.706 -0.781
830.157 -0.782
830.613 -0.783
831.072 -0.784
831.531 -0.785
831.987 -0.786
832.448 -0.787
832.912 -0.788
833.373 -0.789
833.835 -0.79
834.301 -0.791
834.771 -0.792
835.235 -0.793
835.702 -0.794
836.173 -0.795
836.646 -0.796
837.115 -0.797
837.587 -0.798
838.064 -0.799
838.541 -0.8
839.015 -0.801
839.493 -0.802
839.974 -0.803
840.457 -0.804
840.937 -0.805
841.419 -0.806
841.906 -0.807
842.391 -0.808
842.878 -0.809
843.369 -0.81
843.857 -0.811
844.348 -0.812
844.843 -0.813
845.336 -0.814
845.831 -0.815
846.33 -0.816
846.831 -0.817
847.332 -0.818
847.837 -0.819
848.349 -0.82
848.863 -0.821
849.376 -0.822
849.894 -0.823
850.415 -0.824
850.937 -0.825
851.459 -0.826
851.984 -0.827
852.513 -0.828
853.046 -0.829
853.582 -0.83
854.123 -0.831
854.667 -0.832
855.216 -0.833
855.768 -0.834
856.324 -0.835
856.884 -0.836
857.447 -0.837
858.015 -0.838
858.586 -0.839
859.162 -0.84
859.741 -0.841
860.324 -0.842
860.911 -0.843
861.502 -0.844
862.097 -0.845
862.695 -0.846
863.293 -0.847
863.893 -0.848
864.496 -0.849
865.103 -0.85
865.711 -0.851
866.319 -0.852
866.932 -0.853
867.548 -0.854
868.168 -0.855
868.786 -0.856
869.407 -0.857
870.031 -0.858
870.659 -0.859
871.289 -0.86
871.919 -0.861
872.551 -0.862
873.184 -0.863
873.818 -0.864
874.455 -0.865
875.095 -0.866
875.734 -0.867
876.376 -0.868
877.022 -0.869
877.672 -0.87
878.326 -0.871
878.984 -0.872
879.644 -0.873
880.304 -0.874
880.968 -0.875
881.636 -0.876
882.308 -0.877
882.984 -0.878
883.663 -0.879
884.346 -0.88
885.034 -0.881
885.725 -0.882
886.42 -0.883
887.119 -0.884
887.822 -0.885
888.529 -0.886
889.24 -0.887
889.955 -0.888
890.674 -0.889
891.397 -0.89
892.123 -0.891
892.854 -0.892
893.588 -0.893
894.327 -0.894
895.076 -0.895
895.836 -0.896
896.6 -0.897
897.367 -0.898
898.139 -0.899
898.915 -0.9
899.694 -0.901
900.479 -0.902
901.267 -0.903
902.059 -0.904
902.856 -0.905
903.653 -0.906
904.451 -0.907
905.252 -0.908
906.058 -0.909
906.867 -0.91
907.681 -0.911
908.498 -0.912
909.314 -0.913
910.134 -0.914
910.958 -0.915
911.787 -0.916
912.62 -0.917
913.457 -0.918
914.295 -0.919
915.134 -0.92
915.978 -0.921
916.824 -0.922
917.674 -0.923
918.528 -0.924
919.385 -0.925
920.243 -0.926
921.103 -0.927
921.966 -0.928
922.834 -0.929
923.705 -0.93
924.581 -0.931
925.461 -0.932
926.343 -0.933
927.224 -0.934
928.11 -0.935
928.999 -0.936
929.891 -0.937
930.788 -0.938
931.688 -0.939
932.588 -0.94
933.486 -0.941
934.387 -0.942
935.293 -0.943
936.202 -0.944
937.114 -0.945
938.03 -0.946
938.949 -0.947
939.871 -0.948
940.798 -0.949
941.729 -0.95
942.673 -0.951
943.642 -0.952
944.619 -0.953
945.602 -0.954
946.587 -0.955
947.577 -0.956
948.571 -0.957
949.57 -0.958
950.574 -0.959
951.582 -0.96
952.596 -0.961
953.612 -0.962
954.631 -0.963
955.656 -0.964
956.685 -0.965
957.718 -0.966
958.757 -0.967
959.799 -0.968
960.845 -0.969
961.893 -0.97
962.944 -0.971
963.997 -0.972
965.034 -0.973
966.077 -0.974
967.123 -0.975
968.172 -0.976
969.224 -0.977
970.28 -0.978
971.34 -0.979
972.403 -0.98
973.47 -0.981
974.543 -0.982
975.616 -0.983
976.692 -0.984
977.773 -0.985
978.858 -0.986
979.947 -0.987
981.041 -0.988
982.139 -0.989
983.24 -0.99
984.344 -0.991
985.455 -0.992
986.571 -0.993
987.692 -0.994
988.818 -0.995
989.948 -0.996
991.079 -0.997
992.215 -0.998
993.354 -0.999
994.498 -1
995.647 -1.001
996.8 -1.002
997.957 -1.003
999.117 -1.004
1000.28 -1.005
1001.45 -1.006
1002.62 -1.007
1003.8 -1.008
1004.98 -1.009
1006.16 -1.01
1007.35 -1.011
1008.54 -1.012
1009.73 -1.013
1010.93 -1.014
1012.14 -1.015
1013.35 -1.016
1014.56 -1.017
1015.78 -1.018
1017 -1.019
1018.23 -1.02
1019.46 -1.021
1020.7 -1.022
1021.94 -1.023
1023.18 -1.024
1024.43 -1.025
1025.69 -1.026
1026.94 -1.027
1028.21 -1.028
1029.48 -1.029
1030.75 -1.03
1032.03 -1.031
1033.31 -1.032
1034.6 -1.033
1035.89 -1.034
1037.18 -1.035
1038.48 -1.036
1039.77 -1.037
1041.08 -1.038
1042.39 -1.039
1043.7 -1.04
1045.01 -1.041
1046.33 -1.042
1047.65 -1.043
1048.97 -1.044
1050.3 -1.045
1051.63 -1.046
1052.96 -1.047
1054.29 -1.048
1055.63 -1.049
1056.94 -1.05
1058.17 -1.051
1059.4 -1.052
1060.64 -1.053
1061.87 -1.054
1063.11 -1.055
1064.35 -1.056
1065.59 -1.057
1066.84 -1.058
1068.08 -1.059
1069.33 -1.06
1070.57 -1.061
1071.82 -1.062
1073.06 -1.063
1074.31 -1.064
1075.56 -1.065
1076.81 -1.066
1078.07 -1.067
1079.32 -1.068
1080.58 -1.069
1081.84 -1.07
1083.11 -1.071
1084.37 -1.072
1085.64 -1.073
1086.92 -1.074
1088.18 -1.075
1089.45 -1.076
1090.73 -1.077
1092 -1.078
1093.28 -1.079
1094.57 -1.08
1095.86 -1.081
1097.15 -1.082
1098.45 -1.083
1099.75 -1.084
1101.06 -1.085
1102.37 -1.086
1103.67 -1.087
1104.98 -1.088
1106.29 -1.089
1107.61 -1.09
1108.93 -1.091
1110.25 -1.092
1111.58 -1.093
1112.91 -1.094
1114.24 -1.095
1115.58 -1.096
1116.92 -1.097
1118.27 -1.098
1119.63 -1.099
1120.98 -1.1
