6.46937 -0.001
12.9146 -0.002
19.3359 -0.003
25.7331 -0.004
32.1065 -0.005
38.4559 -0.006
44.7816 -0.007
51.0835 -0.008
57.3617 -0.009
63.6162 -0.01
69.8471 -0.011
76.0544 -0.012
82.2382 -0.013
88.3986 -0.014
94.5356 -0.015
100.649 -0.016
106.739 -0.017
112.807 -0.018
118.85 -0.019
124.871 -0.02
130.868 -0.021
136.843 -0.022
142.794 -0.023
148.723 -0.024
154.628 -0.025
160.511 -0.026
166.37 -0.027
172.207 -0.028
178.021 -0.029
183.812 -0.03
189.581 -0.031
195.327 -0.032
201.05 -0.033
206.751 -0.034
212.429 -0.035
218.084 -0.036
223.717 -0.037
229.327 -0.038
234.915 -0.039
240.481 -0.04
246.024 -0.041
251.544 -0.042
257.043 -0.043
262.519 -0.044
267.972 -0.045
273.403 -0.046
278.812 -0.047
284.145 -0.048
289.28 -0.049
294.209 -0.05
298.852 -0.051
303.022 -0.052
306.807 -0.053
310.545 -0.054
314.245 -0.055
317.889 -0.056
321.492 -0.057
324.96 -0.058
328.217 -0.059
331.35 -0.06
334.137 -0.061
336.639 -0.062
338.815 -0.063
340.783 -0.064
342.601 -0.065
344.326 -0.066
346.027 -0.067
347.707 -0.068
349.361 -0.069
350.994 -0.07
352.602 -0.071
354.182 -0.072
355.736 -0.073
357.265 -0.074
358.772 -0.075
360.251 -0.076
361.704 -0.077
363.138 -0.078
364.552 -0.079
365.937 -0.08
367.292 -0.081
368.626 -0.082
369.94 -0.083
371.234 -0.084
372.509 -0.085
373.765 -0.086
375.004 -0.087
376.226 -0.088
377.431 -0.089
378.619 -0.09
379.791 -0.091
380.947 -0.092
382.087 -0.093
383.211 -0.094
384.321 -0.095
385.412 -0.096
386.472 -0.097
387.5 -0.098
388.515 -0.099
389.515 -0.1
390.47 -0.101
391.341 -0.102
392.186 -0.103
393.016 -0.104
393.833 -0.105
394.637 -0.106
395.421 -0.107
396.121 -0.108
396.73 -0.109
397.324 -0.11
397.865 -0.111
398.364 -0.112
398.852 -0.113
399.328 -0.114
399.767 -0.115
400.097 -0.116
400.39 -0.117
400.657 -0.118
400.877 -0.119
401.052 -0.12
401.212 -0.121
401.361 -0.122
401.499 -0.123
401.626 -0.124
401.744 -0.125
401.846 -0.126
401.899 -0.127
401.907 -0.128
401.905 -0.129
401.893 -0.13
401.872 -0.131
401.84 -0.132
401.798 -0.133
401.746 -0.134
401.684 -0.135
401.613 -0.136
401.533 -0.137
401.444 -0.138
401.345 -0.139
401.238 -0.14
401.122 -0.141
401 -0.142
400.871 -0.143
400.735 -0.144
400.592 -0.145
400.443 -0.146
400.289 -0.147
400.129 -0.148
399.963 -0.149
399.794 -0.15
399.62 -0.151
399.443 -0.152
399.262 -0.153
399.077 -0.154
398.889 -0.155
398.697 -0.156
398.501 -0.157
398.302 -0.158
398.1 -0.159
397.894 -0.16
397.684 -0.161
397.472 -0.162
397.255 -0.163
397.036 -0.164
396.813 -0.165
396.586 -0.166
396.355 -0.167
396.121 -0.168
395.882 -0.169
395.64 -0.17
395.394 -0.171
395.144 -0.172
394.888 -0.173
394.627 -0.174
394.36 -0.175
394.087 -0.176
393.81 -0.177
393.528 -0.178
393.245 -0.179
392.959 -0.18
392.671 -0.181
392.382 -0.182
392.09 -0.183
391.798 -0.184
391.503 -0.185
391.208 -0.186
390.91 -0.187
390.611 -0.188
390.311 -0.189
390.009 -0.19
389.706 -0.191
389.401 -0.192
389.095 -0.193
388.788 -0.194
388.479 -0.195
388.169 -0.196
387.858 -0.197
387.546 -0.198
387.233 -0.199
386.919 -0.2
386.604 -0.201
386.287 -0.202
385.969 -0.203
385.65 -0.204
385.33 -0.205
385.008 -0.206
384.685 -0.207
384.361 -0.208
384.034 -0.209
383.707 -0.21
383.379 -0.211
383.051 -0.212
382.723 -0.213
382.395 -0.214
382.067 -0.215
381.738 -0.216
381.41 -0.217
381.081 -0.218
380.751 -0.219
380.422 -0.22
380.093 -0.221
379.763 -0.222
379.434 -0.223
379.105 -0.224
378.775 -0.225
378.446 -0.226
378.117 -0.227
377.787 -0.228
377.458 -0.229
377.128 -0.23
376.798 -0.231
376.469 -0.232
376.14 -0.233
375.812 -0.234
375.483 -0.235
375.153 -0.236
374.825 -0.237
374.496 -0.238
374.167 -0.239
373.838 -0.24
373.508 -0.241
373.178 -0.242
372.848 -0.243
372.518 -0.244
372.188 -0.245
371.859 -0.246
371.531 -0.247
371.203 -0.248
370.875 -0.249
370.548 -0.25
370.22 -0.251
369.893 -0.252
369.567 -0.253
369.241 -0.254
368.916 -0.255
368.591 -0.256
368.267 -0.257
367.943 -0.258
367.619 -0.259
367.296 -0.26
366.973 -0.261
366.651 -0.262
366.329 -0.263
366.008 -0.264
365.687 -0.265
365.365 -0.266
365.043 -0.267
364.723 -0.268
364.403 -0.269
364.082 -0.27
363.763 -0.271
363.445 -0.272
363.127 -0.273
362.809 -0.274
362.493 -0.275
362.177 -0.276
361.862 -0.277
361.548 -0.278
361.234 -0.279
360.921 -0.28
360.609 -0.281
360.298 -0.282
359.988 -0.283
359.678 -0.284
359.368 -0.285
359.058 -0.286
358.749 -0.287
358.439 -0.288
358.13 -0.289
357.821 -0.29
357.512 -0.291
357.205 -0.292
356.899 -0.293
356.594 -0.294
356.29 -0.295
355.988 -0.296
355.687 -0.297
355.387 -0.298
355.089 -0.299
354.792 -0.3
354.496 -0.301
354.202 -0.302
353.91 -0.303
353.62 -0.304
353.331 -0.305
353.043 -0.306
352.757 -0.307
352.472 -0.308
352.189 -0.309
351.908 -0.31
351.629 -0.311
351.353 -0.312
351.082 -0.313
350.814 -0.314
350.549 -0.315
350.286 -0.316
350.026 -0.317
349.767 -0.318
349.509 -0.319
349.253 -0.32
348.999 -0.321
348.746 -0.322
348.494 -0.323
348.244 -0.324
347.995 -0.325
347.747 -0.326
347.502 -0.327
347.257 -0.328
347.015 -0.329
346.774 -0.33
346.534 -0.331
346.295 -0.332
346.058 -0.333
345.823 -0.334
345.59 -0.335
345.358 -0.336
345.127 -0.337
344.898 -0.338
344.67 -0.339
344.443 -0.34
344.219 -0.341
343.996 -0.342
343.775 -0.343
343.556 -0.344
343.338 -0.345
343.122 -0.346
342.908 -0.347
342.696 -0.348
342.486 -0.349
342.278 -0.35
342.071 -0.351
341.867 -0.352
341.664 -0.353
341.463 -0.354
341.264 -0.355
341.068 -0.356
340.873 -0.357
340.68 -0.358
340.49 -0.359
340.301 -0.36
340.115 -0.361
339.93 -0.362
339.748 -0.363
339.568 -0.364
339.39 -0.365
339.214 -0.366
339.04 -0.367
338.868 -0.368
338.699 -0.369
338.532 -0.37
338.367 -0.371
338.204 -0.372
338.044 -0.373
337.886 -0.374
337.73 -0.375
337.576 -0.376
337.425 -0.377
337.276 -0.378
337.13 -0.379
336.986 -0.38
336.844 -0.381
336.704 -0.382
336.567 -0.383
336.432 -0.384
336.297 -0.385
336.166 -0.386
336.039 -0.387
335.914 -0.388
335.791 -0.389
335.672 -0.39
335.557 -0.391
335.443 -0.392
335.331 -0.393
335.223 -0.394
335.115 -0.395
335.006 -0.396
334.9 -0.397
334.794 -0.398
334.686 -0.399
334.578 -0.4
334.472 -0.401
334.364 -0.402
334.255 -0.403
334.146 -0.404
334.038 -0.405
333.931 -0.406
333.824 -0.407
333.719 -0.408
333.617 -0.409
333.517 -0.41
333.419 -0.411
333.323 -0.412
333.227 -0.413
333.133 -0.414
333.041 -0.415
332.948 -0.416
332.857 -0.417
332.768 -0.418
332.679 -0.419
332.591 -0.42
332.505 -0.421
332.42 -0.422
332.335 -0.423
332.253 -0.424
332.172 -0.425
332.092 -0.426
332.013 -0.427
331.937 -0.428
331.861 -0.429
331.786 -0.43
331.712 -0.431
331.641 -0.432
331.572 -0.433
331.505 -0.434
331.441 -0.435
331.379 -0.436
331.319 -0.437
331.262 -0.438
331.206 -0.439
331.153 -0.44
331.102 -0.441
331.054 -0.442
331.007 -0.443
330.963 -0.444
330.921 -0.445
330.881 -0.446
330.844 -0.447
330.809 -0.448
330.777 -0.449
330.747 -0.45
330.72 -0.451
330.695 -0.452
330.673 -0.453
330.653 -0.454
330.636 -0.455
330.621 -0.456
330.609 -0.457
330.6 -0.458
330.593 -0.459
330.589 -0.46
330.587 -0.461
330.589 -0.462
330.592 -0.463
330.599 -0.464
330.609 -0.465
330.621 -0.466
330.635 -0.467
330.653 -0.468
330.673 -0.469
330.696 -0.47
330.722 -0.471
330.75 -0.472
330.781 -0.473
330.815 -0.474
330.852 -0.475
330.891 -0.476
330.933 -0.477
330.977 -0.478
331.024 -0.479
331.074 -0.48
331.126 -0.481
331.181 -0.482
331.238 -0.483
331.299 -0.484
331.362 -0.485
331.428 -0.486
331.497 -0.487
331.569 -0.488
331.644 -0.489
331.723 -0.49
331.804 -0.491
331.888 -0.492
331.975 -0.493
332.066 -0.494
332.159 -0.495
332.256 -0.496
332.355 -0.497
332.457 -0.498
332.563 -0.499
332.672 -0.5
332.784 -0.501
332.899 -0.502
333.018 -0.503
333.139 -0.504
333.264 -0.505
333.392 -0.506
333.522 -0.507
333.651 -0.508
333.776 -0.509
333.896 -0.51
334.012 -0.511
334.123 -0.512
334.237 -0.513
334.353 -0.514
334.471 -0.515
334.593 -0.516
334.717 -0.517
334.845 -0.518
334.975 -0.519
335.109 -0.52
335.246 -0.521
335.386 -0.522
335.524 -0.523
335.65 -0.524
335.777 -0.525
335.907 -0.526
336.04 -0.527
336.176 -0.528
336.315 -0.529
336.457 -0.53
336.602 -0.531
336.75 -0.532
336.902 -0.533
337.056 -0.534
337.214 -0.535
337.375 -0.536
337.539 -0.537
337.706 -0.538
337.877 -0.539
338.05 -0.54
338.227 -0.541
338.407 -0.542
338.59 -0.543
338.776 -0.544
338.966 -0.545
339.159 -0.546
339.355 -0.547
339.554 -0.548
339.757 -0.549
339.963 -0.55
340.172 -0.551
340.384 -0.552
340.6 -0.553
340.82 -0.554
341.042 -0.555
341.269 -0.556
341.498 -0.557
341.731 -0.558
341.967 -0.559
342.199 -0.56
342.409 -0.561
342.62 -0.562
342.834 -0.563
343.052 -0.564
343.273 -0.565
343.498 -0.566
343.725 -0.567
343.955 -0.568
344.189 -0.569
344.425 -0.57
344.666 -0.571
344.909 -0.572
345.156 -0.573
345.405 -0.574
345.658 -0.575
345.915 -0.576
346.175 -0.577
346.438 -0.578
346.704 -0.579
346.974 -0.58
347.246 -0.581
347.52 -0.582
347.783 -0.583
348.047 -0.584
348.313 -0.585
348.582 -0.586
348.854 -0.587
349.128 -0.588
349.407 -0.589
349.688 -0.59
349.973 -0.591
350.261 -0.592
350.553 -0.593
350.848 -0.594
351.146 -0.595
351.448 -0.596
351.753 -0.597
352.062 -0.598
352.374 -0.599
352.689 -0.6
353.008 -0.601
353.331 -0.602
353.657 -0.603
353.987 -0.604
354.319 -0.605
354.655 -0.606
354.994 -0.607
355.337 -0.608
355.683 -0.609
356.033 -0.61
356.387 -0.611
356.744 -0.612
357.105 -0.613
357.469 -0.614
357.836 -0.615
358.208 -0.616
358.583 -0.617
358.962 -0.618
359.345 -0.619
359.731 -0.62
360.121 -0.621
360.51 -0.622
360.897 -0.623
361.283 -0.624
361.668 -0.625
362.052 -0.626
362.436 -0.627
362.824 -0.628
363.215 -0.629
363.61 -0.63
364.008 -0.631
364.41 -0.632
364.815 -0.633
365.224 -0.634
365.636 -0.635
366.052 -0.636
366.472 -0.637
366.894 -0.638
367.321 -0.639
367.752 -0.64
368.186 -0.641
368.623 -0.642
369.065 -0.643
369.511 -0.644
369.96 -0.645
370.414 -0.646
370.871 -0.647
371.332 -0.648
371.797 -0.649
372.265 -0.65
372.738 -0.651
373.214 -0.652
373.695 -0.653
374.179 -0.654
374.666 -0.655
375.157 -0.656
375.652 -0.657
376.15 -0.658
376.652 -0.659
377.157 -0.66
377.667 -0.661
378.18 -0.662
378.696 -0.663
379.217 -0.664
379.741 -0.665
380.267 -0.666
380.796 -0.667
381.326 -0.668
381.858 -0.669
382.39 -0.67
382.925 -0.671
383.458 -0.672
383.991 -0.673
384.526 -0.674
385.058 -0.675
385.59 -0.676
386.122 -0.677
386.654 -0.678
387.185 -0.679
387.719 -0.68
388.257 -0.681
388.798 -0.682
389.343 -0.683
389.891 -0.684
390.444 -0.685
391 -0.686
391.56 -0.687
392.124 -0.688
392.692 -0.689
393.264 -0.69
393.84 -0.691
394.42 -0.692
395.004 -0.693
395.591 -0.694
396.181 -0.695
396.775 -0.696
397.372 -0.697
397.969 -0.698
398.568 -0.699
399.169 -0.7
399.773 -0.701
400.379 -0.702
400.988 -0.703
401.599 -0.704
402.213 -0.705
402.829 -0.706
403.449 -0.707
404.073 -0.708
404.7 -0.709
405.331 -0.71
405.966 -0.711
406.605 -0.712
407.247 -0.713
407.894 -0.714
408.544 -0.715
409.199 -0.716
409.858 -0.717
410.521 -0.718
411.188 -0.719
411.858 -0.72
412.532 -0.721
413.21 -0.722
413.892 -0.723
414.577 -0.724
415.266 -0.725
415.959 -0.726
416.656 -0.727
417.357 -0.728
418.062 -0.729
418.772 -0.73
419.485 -0.731
420.203 -0.732
420.924 -0.733
421.65 -0.734
422.379 -0.735
423.111 -0.736
423.847 -0.737
424.586 -0.738
425.329 -0.739
426.076 -0.74
426.827 -0.741
427.581 -0.742
428.34 -0.743
429.102 -0.744
429.865 -0.745
430.633 -0.746
431.402 -0.747
432.174 -0.748
432.951 -0.749
433.728 -0.75
434.51 -0.751
435.294 -0.752
436.082 -0.753
436.873 -0.754
437.664 -0.755
438.457 -0.756
439.253 -0.757
440.05 -0.758
440.853 -0.759
441.659 -0.76
442.47 -0.761
443.285 -0.762
444.105 -0.763
444.929 -0.764
445.758 -0.765
446.591 -0.766
447.428 -0.767
448.27 -0.768
449.116 -0.769
449.966 -0.77
450.822 -0.771
451.68 -0.772
452.541 -0.773
453.405 -0.774
454.272 -0.775
455.142 -0.776
456.016 -0.777
456.894 -0.778
457.776 -0.779
458.662 -0.78
459.552 -0.781
460.445 -0.782
461.341 -0.783
462.242 -0.784
463.145 -0.785
464.054 -0.786
464.966 -0.787
465.883 -0.788
466.799 -0.789
467.72 -0.79
468.642 -0.791
469.565 -0.792
470.491 -0.793
471.419 -0.794
472.347 -0.795
473.28 -0.796
474.217 -0.797
475.155 -0.798
476.098 -0.799
477.045 -0.8
477.995 -0.801
478.948 -0.802
479.903 -0.803
480.862 -0.804
481.822 -0.805
482.786 -0.806
483.754 -0.807
484.727 -0.808
485.703 -0.809
486.681 -0.81
487.66 -0.811
488.642 -0.812
489.628 -0.813
490.617 -0.814
491.61 -0.815
492.606 -0.816
493.605 -0.817
494.606 -0.818
495.608 -0.819
496.612 -0.82
497.619 -0.821
498.627 -0.822
499.638 -0.823
500.651 -0.824
501.668 -0.825
502.687 -0.826
503.709 -0.827
504.736 -0.828
505.767 -0.829
506.803 -0.83
507.843 -0.831
508.887 -0.832
509.935 -0.833
510.988 -0.834
512.044 -0.835
513.105 -0.836
514.169 -0.837
515.237 -0.838
516.308 -0.839
517.382 -0.84
518.459 -0.841
519.539 -0.842
520.62 -0.843
521.703 -0.844
522.788 -0.845
523.875 -0.846
524.962 -0.847
526.05 -0.848
527.141 -0.849
528.23 -0.85
529.32 -0.851
530.411 -0.852
531.503 -0.853
532.598 -0.854
533.696 -0.855
534.798 -0.856
535.902 -0.857
537.011 -0.858
538.124 -0.859
539.242 -0.86
540.362 -0.861
541.484 -0.862
542.61 -0.863
543.736 -0.864
544.861 -0.865
545.988 -0.866
547.114 -0.867
548.239 -0.868
549.366 -0.869
550.491 -0.87
551.616 -0.871
552.744 -0.872
553.873 -0.873
555.004 -0.874
556.14 -0.875
557.28 -0.876
558.423 -0.877
559.569 -0.878
560.72 -0.879
561.875 -0.88
563.034 -0.881
564.197 -0.882
565.364 -0.883
566.536 -0.884
567.71 -0.885
568.887 -0.886
570.068 -0.887
571.254 -0.888
572.44 -0.889
573.631 -0.89
574.827 -0.891
576.024 -0.892
577.221 -0.893
578.422 -0.894
579.626 -0.895
580.828 -0.896
582.03 -0.897
583.237 -0.898
584.447 -0.899
585.658 -0.9
586.871 -0.901
588.087 -0.902
589.306 -0.903
590.528 -0.904
591.751 -0.905
592.978 -0.906
594.209 -0.907
595.444 -0.908
596.681 -0.909
597.92 -0.91
599.161 -0.911
600.405 -0.912
601.649 -0.913
602.893 -0.914
604.141 -0.915
605.386 -0.916
606.635 -0.917
607.885 -0.918
609.135 -0.919
610.386 -0.92
611.642 -0.921
612.901 -0.922
614.162 -0.923
615.426 -0.924
616.692 -0.925
617.961 -0.926
619.234 -0.927
620.512 -0.928
621.793 -0.929
623.076 -0.93
624.363 -0.931
625.643 -0.932
626.926 -0.933
628.211 -0.934
629.495 -0.935
630.774 -0.936
632.058 -0.937
633.345 -0.938
634.629 -0.939
635.912 -0.94
637.195 -0.941
638.478 -0.942
639.751 -0.943
641.022 -0.944
642.297 -0.945
643.576 -0.946
644.857 -0.947
646.143 -0.948
647.432 -0.949
648.723 -0.95
650.015 -0.951
651.311 -0.952
652.611 -0.953
653.912 -0.954
655.218 -0.955
656.527 -0.956
657.84 -0.957
659.154 -0.958
660.47 -0.959
661.789 -0.96
663.112 -0.961
664.439 -0.962
665.77 -0.963
667.105 -0.964
668.44 -0.965
669.772 -0.966
671.1 -0.967
672.424 -0.968
673.744 -0.969
675.057 -0.97
676.369 -0.971
677.684 -0.972
679.002 -0.973
680.324 -0.974
681.649 -0.975
682.971 -0.976
684.298 -0.977
685.629 -0.978
686.962 -0.979
688.297 -0.98
689.63 -0.981
690.966 -0.982
692.307 -0.983
693.65 -0.984
694.996 -0.985
696.338 -0.986
697.683 -0.987
699.032 -0.988
700.384 -0.989
701.739 -0.99
703.096 -0.991
704.458 -0.992
705.823 -0.993
707.191 -0.994
708.563 -0.995
709.939 -0.996
711.318 -0.997
712.701 -0.998
714.088 -0.999
715.475 -1
716.86 -1.001
718.247 -1.002
719.638 -1.003
721.032 -1.004
722.431 -1.005
723.833 -1.006
725.239 -1.007
726.648 -1.008
728.061 -1.009
729.478 -1.01
730.898 -1.011
732.322 -1.012
733.75 -1.013
735.181 -1.014
736.616 -1.015
738.053 -1.016
739.493 -1.017
740.932 -1.018
742.375 -1.019
743.822 -1.02
745.264 -1.021
746.709 -1.022
748.158 -1.023
749.605 -1.024
751.055 -1.025
752.508 -1.026
753.96 -1.027
755.415 -1.028
756.869 -1.029
758.319 -1.03
759.772 -1.031
761.222 -1.032
762.674 -1.033
764.13 -1.034
765.59 -1.035
767.048 -1.036
768.509 -1.037
769.973 -1.038
771.442 -1.039
772.915 -1.04
774.391 -1.041
775.87 -1.042
777.352 -1.043
778.823 -1.044
780.295 -1.045
781.766 -1.046
783.232 -1.047
784.698 -1.048
786.153 -1.049
787.609 -1.05
789.052 -1.051
790.495 -1.052
791.922 -1.053
793.344 -1.054
794.74 -1.055
796.139 -1.056
797.539 -1.057
798.943 -1.058
800.349 -1.059
801.757 -1.06
803.166 -1.061
804.575 -1.062
805.985 -1.063
807.39 -1.064
808.768 -1.065
810.043 -1.066
811.287 -1.067
812.534 -1.068
813.783 -1.069
815.035 -1.07
816.289 -1.071
817.546 -1.072
818.805 -1.073
820.067 -1.074
821.331 -1.075
822.597 -1.076
823.866 -1.077
825.138 -1.078
826.411 -1.079
827.688 -1.08
828.966 -1.081
830.248 -1.082
831.531 -1.083
832.817 -1.084
834.106 -1.085
835.396 -1.086
836.69 -1.087
837.986 -1.088
839.284 -1.089
840.585 -1.09
841.888 -1.091
843.194 -1.092
844.503 -1.093
845.814 -1.094
847.128 -1.095
848.444 -1.096
849.762 -1.097
851.084 -1.098
852.407 -1.099
853.734 -1.1
855.062 -1.101
856.393 -1.102
857.727 -1.103
859.063 -1.104
860.402 -1.105
861.743 -1.106
863.087 -1.107
864.433 -1.108
865.782 -1.109
867.134 -1.11
868.488 -1.111
869.845 -1.112
871.204 -1.113
872.566 -1.114
873.93 -1.115
875.297 -1.116
876.666 -1.117
878.038 -1.118
879.412 -1.119
880.789 -1.12
882.168 -1.121
883.55 -1.122
884.934 -1.123
886.32 -1.124
887.709 -1.125
889.101 -1.126
890.495 -1.127
891.892 -1.128
893.292 -1.129
894.694 -1.13
896.099 -1.131
897.507 -1.132
898.917 -1.133
900.33 -1.134
901.745 -1.135
903.163 -1.136
904.584 -1.137
906.007 -1.138
907.432 -1.139
908.86 -1.14
910.29 -1.141
911.722 -1.142
913.157 -1.143
914.594 -1.144
916.033 -1.145
917.475 -1.146
918.919 -1.147
920.365 -1.148
921.814 -1.149
923.266 -1.15
924.72 -1.151
926.177 -1.152
927.636 -1.153
929.098 -1.154
930.563 -1.155
932.029 -1.156
933.498 -1.157
934.968 -1.158
936.44 -1.159
937.914 -1.16
939.391 -1.161
940.871 -1.162
942.353 -1.163
943.837 -1.164
945.323 -1.165
946.798 -1.166
948.239 -1.167
949.679 -1.168
951.121 -1.169
952.565 -1.17
954.012 -1.171
955.46 -1.172
956.907 -1.173
958.353 -1.174
959.802 -1.175
961.252 -1.176
962.705 -1.177
964.159 -1.178
965.614 -1.179
967.069 -1.18
968.527 -1.181
969.987 -1.182
971.45 -1.183
972.914 -1.184
974.379 -1.185
975.846 -1.186
977.315 -1.187
978.785 -1.188
980.257 -1.189
981.731 -1.19
983.207 -1.191
984.684 -1.192
986.165 -1.193
987.647 -1.194
989.132 -1.195
990.619 -1.196
992.109 -1.197
993.599 -1.198
995.092 -1.199
996.586 -1.2
