7.98475 -0.001
15.9632 -0.002
23.9352 -0.003
31.9008 -0.004
39.86 -0.005
47.8127 -0.006
55.7589 -0.007
63.6985 -0.008
71.6314 -0.009
79.5578 -0.01
87.4774 -0.011
95.3903 -0.012
103.296 -0.013
111.196 -0.014
119.088 -0.015
126.974 -0.016
134.852 -0.017
142.724 -0.018
150.588 -0.019
158.446 -0.02
166.296 -0.021
174.139 -0.022
181.974 -0.023
189.803 -0.024
197.624 -0.025
205.438 -0.026
213.244 -0.027
221.042 -0.028
228.834 -0.029
236.617 -0.03
244.393 -0.031
252.161 -0.032
259.921 -0.033
267.673 -0.034
275.418 -0.035
283.154 -0.036
290.768 -0.037
297.85 -0.038
303.874 -0.039
308.539 -0.04
313.078 -0.041
317.576 -0.042
321.848 -0.043
325.545 -0.044
328.494 -0.045
331.386 -0.046
334.267 -0.047
337.143 -0.048
340.015 -0.049
342.881 -0.05
345.757 -0.051
348.642 -0.052
351.53 -0.053
354.421 -0.054
357.296 -0.055
360.119 -0.056
362.855 -0.057
365.471 -0.058
367.913 -0.059
370.171 -0.06
372.173 -0.061
373.752 -0.062
375.115 -0.063
376.462 -0.064
377.789 -0.065
379.099 -0.066
380.389 -0.067
381.657 -0.068
382.906 -0.069
384.138 -0.07
385.352 -0.071
386.544 -0.072
387.695 -0.073
388.762 -0.074
389.767 -0.075
390.63 -0.076
391.355 -0.077
391.8 -0.078
392.132 -0.079
392.453 -0.08
392.763 -0.081
393.065 -0.082
393.36 -0.083
393.652 -0.084
393.94 -0.085
394.223 -0.086
394.502 -0.087
394.778 -0.088
395.051 -0.089
395.319 -0.09
395.582 -0.091
395.839 -0.092
396.093 -0.093
396.342 -0.094
396.588 -0.095
396.829 -0.096
397.065 -0.097
397.294 -0.098
397.519 -0.099
397.738 -0.1
397.952 -0.101
398.159 -0.102
398.36 -0.103
398.555 -0.104
398.744 -0.105
398.929 -0.106
399.109 -0.107
399.286 -0.108
399.456 -0.109
399.624 -0.11
399.788 -0.111
399.946 -0.112
400.103 -0.113
400.255 -0.114
400.405 -0.115
400.552 -0.116
400.696 -0.117
400.837 -0.118
400.974 -0.119
401.11 -0.12
401.243 -0.121
401.375 -0.122
401.506 -0.123
401.634 -0.124
401.762 -0.125
401.889 -0.126
402.014 -0.127
402.138 -0.128
402.261 -0.129
402.384 -0.13
402.506 -0.131
402.627 -0.132
402.749 -0.133
402.869 -0.134
402.989 -0.135
403.108 -0.136
403.228 -0.137
403.347 -0.138
403.466 -0.139
403.585 -0.14
403.704 -0.141
403.822 -0.142
403.94 -0.143
404.058 -0.144
404.176 -0.145
404.293 -0.146
404.41 -0.147
404.526 -0.148
404.642 -0.149
404.758 -0.15
404.873 -0.151
404.989 -0.152
405.104 -0.153
405.219 -0.154
405.333 -0.155
405.447 -0.156
405.56 -0.157
405.674 -0.158
405.787 -0.159
405.9 -0.16
406.013 -0.161
406.125 -0.162
406.236 -0.163
406.346 -0.164
406.455 -0.165
406.564 -0.166
406.672 -0.167
406.78 -0.168
406.887 -0.169
406.993 -0.17
407.099 -0.171
407.205 -0.172
407.311 -0.173
407.416 -0.174
407.521 -0.175
407.626 -0.176
407.729 -0.177
407.832 -0.178
407.933 -0.179
408.033 -0.18
408.132 -0.181
408.231 -0.182
408.331 -0.183
408.429 -0.184
408.527 -0.185
408.623 -0.186
408.719 -0.187
408.814 -0.188
408.91 -0.189
409.004 -0.19
409.099 -0.191
409.193 -0.192
409.285 -0.193
409.377 -0.194
409.467 -0.195
409.554 -0.196
409.641 -0.197
409.728 -0.198
409.815 -0.199
409.901 -0.2
409.986 -0.201
410.072 -0.202
410.157 -0.203
410.242 -0.204
410.326 -0.205
410.409 -0.206
410.493 -0.207
410.576 -0.208
410.659 -0.209
410.741 -0.21
410.824 -0.211
410.905 -0.212
410.986 -0.213
411.064 -0.214
411.143 -0.215
411.221 -0.216
411.299 -0.217
411.376 -0.218
411.453 -0.219
411.529 -0.22
411.605 -0.221
411.681 -0.222
411.757 -0.223
411.833 -0.224
411.909 -0.225
411.984 -0.226
412.059 -0.227
412.134 -0.228
412.209 -0.229
412.284 -0.23
412.359 -0.231
412.433 -0.232
412.507 -0.233
412.582 -0.234
412.656 -0.235
412.729 -0.236
412.802 -0.237
412.874 -0.238
412.947 -0.239
413.019 -0.24
413.091 -0.241
413.163 -0.242
413.234 -0.243
413.306 -0.244
413.377 -0.245
413.448 -0.246
413.519 -0.247
413.59 -0.248
413.661 -0.249
413.732 -0.25
413.802 -0.251
413.872 -0.252
413.943 -0.253
414.013 -0.254
414.083 -0.255
414.153 -0.256
414.223 -0.257
414.292 -0.258
414.362 -0.259
414.432 -0.26
414.501 -0.261
414.57 -0.262
414.639 -0.263
414.709 -0.264
414.778 -0.265
414.846 -0.266
414.914 -0.267
414.982 -0.268
415.05 -0.269
415.118 -0.27
415.185 -0.271
415.253 -0.272
415.32 -0.273
415.387 -0.274
415.454 -0.275
415.521 -0.276
415.588 -0.277
415.655 -0.278
415.722 -0.279
415.789 -0.28
415.855 -0.281
415.922 -0.282
415.988 -0.283
416.054 -0.284
416.121 -0.285
416.187 -0.286
416.253 -0.287
416.319 -0.288
416.385 -0.289
416.451 -0.29
416.517 -0.291
416.583 -0.292
416.649 -0.293
416.714 -0.294
416.78 -0.295
416.846 -0.296
416.911 -0.297
416.976 -0.298
417.042 -0.299
417.107 -0.3
417.173 -0.301
417.238 -0.302
417.303 -0.303
417.368 -0.304
417.433 -0.305
417.498 -0.306
417.563 -0.307
417.628 -0.308
417.693 -0.309
417.758 -0.31
417.822 -0.311
417.887 -0.312
417.952 -0.313
418.016 -0.314
418.081 -0.315
418.146 -0.316
418.21 -0.317
418.274 -0.318
418.339 -0.319
418.403 -0.32
418.467 -0.321
418.531 -0.322
418.596 -0.323
418.66 -0.324
418.724 -0.325
418.788 -0.326
418.851 -0.327
418.915 -0.328
418.979 -0.329
419.042 -0.33
419.106 -0.331
419.169 -0.332
419.233 -0.333
419.296 -0.334
419.359 -0.335
419.422 -0.336
419.485 -0.337
419.548 -0.338
419.611 -0.339
419.674 -0.34
419.737 -0.341
419.8 -0.342
419.863 -0.343
419.926 -0.344
419.989 -0.345
420.052 -0.346
420.114 -0.347
420.177 -0.348
420.24 -0.349
420.302 -0.35
420.365 -0.351
420.427 -0.352
420.49 -0.353
420.552 -0.354
420.615 -0.355
420.677 -0.356
420.74 -0.357
420.802 -0.358
420.865 -0.359
420.927 -0.36
420.989 -0.361
421.051 -0.362
421.114 -0.363
421.176 -0.364
421.238 -0.365
421.3 -0.366
421.362 -0.367
421.425 -0.368
421.487 -0.369
421.549 -0.37
421.611 -0.371
421.673 -0.372
421.735 -0.373
421.797 -0.374
421.859 -0.375
421.921 -0.376
421.983 -0.377
422.044 -0.378
422.106 -0.379
422.168 -0.38
422.23 -0.381
422.292 -0.382
422.354 -0.383
422.416 -0.384
422.478 -0.385
422.539 -0.386
422.601 -0.387
422.663 -0.388
422.725 -0.389
422.786 -0.39
422.848 -0.391
422.91 -0.392
422.972 -0.393
423.034 -0.394
423.095 -0.395
423.157 -0.396
423.219 -0.397
423.28 -0.398
423.342 -0.399
423.403 -0.4
423.465 -0.401
423.526 -0.402
423.588 -0.403
423.649 -0.404
423.711 -0.405
423.772 -0.406
423.833 -0.407
423.895 -0.408
423.956 -0.409
424.018 -0.41
424.079 -0.411
424.141 -0.412
424.202 -0.413
424.264 -0.414
424.325 -0.415
424.387 -0.416
424.448 -0.417
424.509 -0.418
424.571 -0.419
424.632 -0.42
424.694 -0.421
424.755 -0.422
424.817 -0.423
424.878 -0.424
424.94 -0.425
425.001 -0.426
425.063 -0.427
425.124 -0.428
425.186 -0.429
425.247 -0.43
425.308 -0.431
425.37 -0.432
425.431 -0.433
425.493 -0.434
425.554 -0.435
425.616 -0.436
425.678 -0.437
425.739 -0.438
425.801 -0.439
425.862 -0.44
425.924 -0.441
425.985 -0.442
426.047 -0.443
426.108 -0.444
426.17 -0.445
426.232 -0.446
426.293 -0.447
426.355 -0.448
426.416 -0.449
426.478 -0.45
426.54 -0.451
426.601 -0.452
426.663 -0.453
426.724 -0.454
426.786 -0.455
426.848 -0.456
426.909 -0.457
426.971 -0.458
427.033 -0.459
427.094 -0.46
427.156 -0.461
427.218 -0.462
427.279 -0.463
427.341 -0.464
427.403 -0.465
427.464 -0.466
427.526 -0.467
427.588 -0.468
427.649 -0.469
427.711 -0.47
427.773 -0.471
427.835 -0.472
427.896 -0.473
427.958 -0.474
428.02 -0.475
428.081 -0.476
428.143 -0.477
428.204 -0.478
428.266 -0.479
428.327 -0.48
428.389 -0.481
428.45 -0.482
428.512 -0.483
428.573 -0.484
428.635 -0.485
428.696 -0.486
428.758 -0.487
428.819 -0.488
428.881 -0.489
428.942 -0.49
429.004 -0.491
429.065 -0.492
429.127 -0.493
429.188 -0.494
429.25 -0.495
429.312 -0.496
429.373 -0.497
429.435 -0.498
429.496 -0.499
429.558 -0.5
429.62 -0.501
429.681 -0.502
429.743 -0.503
429.804 -0.504
429.866 -0.505
429.928 -0.506
429.989 -0.507
430.051 -0.508
430.113 -0.509
430.174 -0.51
430.236 -0.511
430.298 -0.512
430.359 -0.513
430.421 -0.514
430.483 -0.515
430.545 -0.516
430.606 -0.517
430.668 -0.518
430.73 -0.519
430.792 -0.52
430.853 -0.521
430.915 -0.522
430.977 -0.523
431.039 -0.524
431.1 -0.525
431.162 -0.526
431.224 -0.527
431.286 -0.528
431.348 -0.529
431.409 -0.53
431.471 -0.531
431.533 -0.532
431.595 -0.533
431.657 -0.534
431.719 -0.535
431.781 -0.536
431.842 -0.537
431.904 -0.538
431.966 -0.539
432.028 -0.54
432.09 -0.541
432.152 -0.542
432.214 -0.543
432.275 -0.544
432.337 -0.545
432.399 -0.546
432.461 -0.547
432.523 -0.548
432.585 -0.549
432.647 -0.55
432.709 -0.551
432.771 -0.552
432.833 -0.553
432.895 -0.554
432.957 -0.555
433.019 -0.556
433.081 -0.557
433.143 -0.558
433.205 -0.559
433.267 -0.56
433.329 -0.561
433.391 -0.562
433.453 -0.563
433.515 -0.564
433.577 -0.565
433.639 -0.566
433.701 -0.567
433.763 -0.568
433.825 -0.569
433.887 -0.57
433.949 -0.571
434.012 -0.572
434.074 -0.573
434.136 -0.574
434.198 -0.575
434.26 -0.576
434.322 -0.577
434.384 -0.578
434.447 -0.579
434.509 -0.58
434.571 -0.581
434.633 -0.582
434.695 -0.583
434.758 -0.584
434.82 -0.585
434.882 -0.586
434.944 -0.587
435.007 -0.588
435.069 -0.589
435.131 -0.59
435.193 -0.591
435.256 -0.592
435.318 -0.593
435.38 -0.594
435.442 -0.595
435.505 -0.596
435.567 -0.597
435.629 -0.598
435.692 -0.599
435.754 -0.6
435.816 -0.601
435.878 -0.602
435.941 -0.603
436.003 -0.604
436.065 -0.605
436.128 -0.606
436.19 -0.607
436.252 -0.608
436.315 -0.609
436.377 -0.61
436.439 -0.611
436.502 -0.612
436.564 -0.613
436.627 -0.614
436.689 -0.615
436.751 -0.616
436.814 -0.617
436.876 -0.618
436.939 -0.619
437.001 -0.62
437.064 -0.621
437.126 -0.622
437.189 -0.623
437.251 -0.624
437.314 -0.625
437.376 -0.626
437.439 -0.627
437.501 -0.628
437.564 -0.629
437.626 -0.63
437.689 -0.631
437.751 -0.632
437.814 -0.633
437.877 -0.634
437.939 -0.635
438.002 -0.636
438.064 -0.637
438.127 -0.638
438.19 -0.639
438.252 -0.64
438.315 -0.641
438.378 -0.642
438.44 -0.643
438.503 -0.644
438.566 -0.645
438.628 -0.646
438.691 -0.647
438.754 -0.648
438.816 -0.649
438.879 -0.65
438.942 -0.651
439.004 -0.652
439.067 -0.653
439.13 -0.654
439.192 -0.655
439.255 -0.656
439.318 -0.657
439.38 -0.658
439.443 -0.659
439.506 -0.66
439.569 -0.661
439.631 -0.662
439.694 -0.663
439.757 -0.664
439.82 -0.665
439.882 -0.666
439.945 -0.667
440.008 -0.668
440.071 -0.669
440.133 -0.67
440.196 -0.671
440.259 -0.672
440.322 -0.673
440.385 -0.674
440.448 -0.675
440.51 -0.676
440.573 -0.677
440.636 -0.678
440.699 -0.679
440.762 -0.68
440.825 -0.681
440.888 -0.682
440.951 -0.683
441.013 -0.684
441.076 -0.685
441.139 -0.686
441.202 -0.687
441.265 -0.688
441.328 -0.689
441.39 -0.69
441.453 -0.691
441.516 -0.692
441.578 -0.693
441.641 -0.694
441.704 -0.695
441.767 -0.696
441.829 -0.697
441.892 -0.698
441.955 -0.699
442.017 -0.7
442.08 -0.701
442.143 -0.702
442.205 -0.703
442.268 -0.704
442.331 -0.705
442.393 -0.706
442.456 -0.707
442.519 -0.708
442.581 -0.709
442.644 -0.71
442.706 -0.711
442.769 -0.712
442.832 -0.713
442.894 -0.714
442.957 -0.715
443.019 -0.716
443.082 -0.717
443.144 -0.718
443.207 -0.719
443.269 -0.72
443.332 -0.721
443.394 -0.722
443.457 -0.723
443.519 -0.724
443.582 -0.725
443.644 -0.726
443.706 -0.727
443.768 -0.728
443.83 -0.729
443.893 -0.73
443.955 -0.731
444.017 -0.732
444.078 -0.733
444.14 -0.734
444.202 -0.735
444.263 -0.736
444.325 -0.737
444.386 -0.738
444.447 -0.739
444.508 -0.74
444.569 -0.741
444.629 -0.742
444.689 -0.743
444.748 -0.744
444.807 -0.745
444.864 -0.746
444.918 -0.747
444.962 -0.748
444.994 -0.749
445.01 -0.75
445.008 -0.751
445.005 -0.752
445.029 -0.753
445.04 -0.754
445.064 -0.755
445.068 -0.756
445.06 -0.757
445.071 -0.758
445.111 -0.759
445.159 -0.76
445.23 -0.761
445.307 -0.762
445.391 -0.763
445.47 -0.764
445.542 -0.765
445.61 -0.766
445.686 -0.767
445.763 -0.768
445.839 -0.769
445.911 -0.77
445.978 -0.771
446.037 -0.772
446.096 -0.773
446.155 -0.774
446.214 -0.775
446.273 -0.776
446.332 -0.777
446.392 -0.778
446.451 -0.779
446.51 -0.78
446.57 -0.781
446.629 -0.782
446.688 -0.783
446.748 -0.784
446.807 -0.785
446.866 -0.786
446.926 -0.787
446.985 -0.788
447.045 -0.789
447.105 -0.79
447.166 -0.791
447.226 -0.792
447.286 -0.793
447.347 -0.794
447.407 -0.795
447.468 -0.796
447.528 -0.797
447.588 -0.798
447.649 -0.799
447.709 -0.8
447.77 -0.801
447.83 -0.802
447.891 -0.803
447.951 -0.804
448.012 -0.805
448.073 -0.806
448.133 -0.807
448.194 -0.808
448.255 -0.809
448.315 -0.81
448.376 -0.811
448.437 -0.812
448.497 -0.813
448.558 -0.814
448.619 -0.815
448.679 -0.816
448.74 -0.817
448.801 -0.818
448.862 -0.819
448.922 -0.82
448.983 -0.821
449.044 -0.822
449.105 -0.823
449.166 -0.824
449.227 -0.825
449.288 -0.826
449.348 -0.827
449.409 -0.828
449.47 -0.829
449.531 -0.83
449.592 -0.831
449.653 -0.832
449.714 -0.833
449.775 -0.834
449.836 -0.835
449.897 -0.836
449.958 -0.837
450.019 -0.838
450.08 -0.839
450.141 -0.84
450.202 -0.841
450.263 -0.842
450.324 -0.843
450.385 -0.844
450.446 -0.845
450.507 -0.846
450.568 -0.847
450.629 -0.848
450.69 -0.849
450.752 -0.85
450.813 -0.851
450.874 -0.852
450.935 -0.853
450.996 -0.854
451.057 -0.855
451.118 -0.856
451.179 -0.857
451.241 -0.858
451.302 -0.859
451.363 -0.86
451.424 -0.861
451.485 -0.862
451.546 -0.863
451.607 -0.864
451.668 -0.865
451.73 -0.866
451.791 -0.867
451.852 -0.868
451.913 -0.869
451.974 -0.87
452.035 -0.871
452.096 -0.872
452.157 -0.873
452.218 -0.874
452.279 -0.875
452.339 -0.876
452.4 -0.877
452.461 -0.878
452.522 -0.879
452.582 -0.88
452.643 -0.881
452.703 -0.882
452.764 -0.883
452.824 -0.884
452.884 -0.885
452.944 -0.886
453.004 -0.887
453.064 -0.888
453.124 -0.889
453.184 -0.89
453.243 -0.891
453.303 -0.892
453.363 -0.893
453.423 -0.894
453.483 -0.895
453.542 -0.896
453.602 -0.897
453.662 -0.898
453.721 -0.899
453.781 -0.9
453.84 -0.901
453.9 -0.902
453.959 -0.903
454.019 -0.904
454.078 -0.905
454.138 -0.906
454.197 -0.907
454.256 -0.908
454.315 -0.909
454.374 -0.91
454.433 -0.911
454.492 -0.912
454.551 -0.913
454.609 -0.914
454.668 -0.915
454.727 -0.916
454.785 -0.917
454.843 -0.918
454.902 -0.919
454.96 -0.92
455.018 -0.921
455.075 -0.922
455.133 -0.923
455.19 -0.924
455.248 -0.925
455.305 -0.926
455.361 -0.927
455.418 -0.928
455.474 -0.929
455.53 -0.93
455.585 -0.931
455.64 -0.932
455.694 -0.933
455.748 -0.934
455.801 -0.935
455.853 -0.936
455.904 -0.937
455.953 -0.938
455.999 -0.939
456.045 -0.94
456.091 -0.941
456.138 -0.942
456.184 -0.943
456.224 -0.944
456.255 -0.945
456.273 -0.946
456.274 -0.947
456.252 -0.948
456.201 -0.949
456.114 -0.95
455.995 -0.951
455.858 -0.952
455.72 -0.953
455.582 -0.954
455.444 -0.955
455.306 -0.956
455.223 -0.957
455.228 -0.958
455.363 -0.959
455.564 -0.96
455.784 -0.961
456.004 -0.962
456.208 -0.963
456.381 -0.964
456.518 -0.965
456.644 -0.966
456.771 -0.967
456.897 -0.968
457.024 -0.969
457.151 -0.97
457.274 -0.971
457.372 -0.972
457.455 -0.973
457.518 -0.974
457.581 -0.975
457.643 -0.976
457.706 -0.977
457.769 -0.978
457.831 -0.979
457.894 -0.98
457.956 -0.981
458.019 -0.982
458.081 -0.983
458.143 -0.984
458.206 -0.985
458.268 -0.986
458.331 -0.987
458.393 -0.988
458.455 -0.989
458.518 -0.99
458.58 -0.991
458.643 -0.992
458.705 -0.993
458.767 -0.994
458.83 -0.995
458.892 -0.996
458.954 -0.997
459.017 -0.998
459.079 -0.999
459.142 -1
459.204 -1.001
459.266 -1.002
459.329 -1.003
459.391 -1.004
459.453 -1.005
459.516 -1.006
459.579 -1.007
459.642 -1.008
459.706 -1.009
459.771 -1.01
459.836 -1.011
459.902 -1.012
459.967 -1.013
460.033 -1.014
460.099 -1.015
460.164 -1.016
460.23 -1.017
460.295 -1.018
460.361 -1.019
460.427 -1.02
460.492 -1.021
460.558 -1.022
460.624 -1.023
460.689 -1.024
460.755 -1.025
460.82 -1.026
460.886 -1.027
460.951 -1.028
461.017 -1.029
461.082 -1.03
461.148 -1.031
461.213 -1.032
461.279 -1.033
461.344 -1.034
461.41 -1.035
461.476 -1.036
461.541 -1.037
461.607 -1.038
461.672 -1.039
461.738 -1.04
461.804 -1.041
461.869 -1.042
461.935 -1.043
462 -1.044
462.066 -1.045
462.132 -1.046
462.197 -1.047
462.263 -1.048
462.328 -1.049
462.394 -1.05
462.46 -1.051
462.525 -1.052
462.591 -1.053
462.656 -1.054
462.722 -1.055
462.788 -1.056
462.853 -1.057
462.919 -1.058
462.984 -1.059
463.05 -1.06
463.115 -1.061
463.181 -1.062
463.246 -1.063
463.312 -1.064
463.377 -1.065
463.443 -1.066
463.508 -1.067
463.574 -1.068
463.639 -1.069
463.704 -1.07
463.77 -1.071
463.835 -1.072
463.9 -1.073
463.965 -1.074
464.031 -1.075
464.096 -1.076
464.161 -1.077
464.226 -1.078
464.291 -1.079
464.355 -1.08
464.42 -1.081
464.485 -1.082
464.549 -1.083
464.614 -1.084
464.678 -1.085
464.742 -1.086
464.806 -1.087
464.869 -1.088
464.933 -1.089
464.996 -1.09
465.059 -1.091
465.121 -1.092
465.182 -1.093
465.243 -1.094
465.302 -1.095
465.358 -1.096
465.409 -1.097
465.451 -1.098
465.481 -1.099
465.495 -1.1
465.493 -1.101
465.473 -1.102
465.438 -1.103
465.387 -1.104
465.323 -1.105
465.248 -1.106
465.169 -1.107
465.086 -1.108
465.003 -1.109
464.92 -1.11
464.885 -1.111
464.879 -1.112
464.931 -1.113
465.018 -1.114
465.121 -1.115
465.242 -1.116
465.377 -1.117
465.524 -1.118
465.665 -1.119
465.808 -1.12
465.938 -1.121
466.058 -1.122
466.17 -1.123
466.286 -1.124
466.402 -1.125
466.522 -1.126
466.642 -1.127
466.762 -1.128
466.877 -1.129
466.985 -1.13
467.086 -1.131
467.175 -1.132
467.257 -1.133
467.332 -1.134
467.4 -1.135
467.467 -1.136
467.535 -1.137
467.602 -1.138
467.669 -1.139
467.737 -1.14
467.804 -1.141
467.871 -1.142
467.939 -1.143
468.006 -1.144
468.074 -1.145
468.141 -1.146
468.209 -1.147
468.276 -1.148
468.344 -1.149
468.412 -1.15
468.479 -1.151
468.547 -1.152
468.614 -1.153
468.682 -1.154
468.75 -1.155
468.817 -1.156
468.885 -1.157
468.953 -1.158
469.021 -1.159
469.088 -1.16
469.156 -1.161
469.224 -1.162
469.292 -1.163
469.36 -1.164
469.427 -1.165
469.495 -1.166
469.563 -1.167
469.631 -1.168
469.699 -1.169
469.767 -1.17
469.835 -1.171
469.903 -1.172
469.971 -1.173
470.039 -1.174
470.107 -1.175
470.175 -1.176
470.243 -1.177
470.311 -1.178
470.379 -1.179
470.448 -1.18
470.516 -1.181
470.584 -1.182
470.652 -1.183
470.72 -1.184
470.789 -1.185
470.857 -1.186
470.925 -1.187
470.994 -1.188
471.062 -1.189
471.13 -1.19
471.199 -1.191
471.267 -1.192
471.336 -1.193
471.404 -1.194
471.473 -1.195
471.541 -1.196
471.61 -1.197
471.679 -1.198
471.747 -1.199
471.816 -1.2
471.884 -1.201
471.953 -1.202
472.022 -1.203
472.09 -1.204
472.159 -1.205
472.227 -1.206
472.296 -1.207
472.365 -1.208
472.433 -1.209
472.502 -1.21
472.571 -1.211
472.64 -1.212
472.709 -1.213
472.778 -1.214
472.847 -1.215
472.916 -1.216
472.985 -1.217
473.054 -1.218
473.123 -1.219
473.192 -1.22
473.261 -1.221
473.33 -1.222
473.399 -1.223
473.469 -1.224
473.538 -1.225
473.607 -1.226
473.676 -1.227
473.746 -1.228
473.815 -1.229
473.884 -1.23
473.952 -1.231
474.021 -1.232
474.09 -1.233
474.159 -1.234
474.228 -1.235
474.296 -1.236
474.364 -1.237
474.433 -1.238
474.501 -1.239
474.57 -1.24
474.639 -1.241
474.708 -1.242
474.777 -1.243
474.846 -1.244
474.915 -1.245
474.984 -1.246
475.053 -1.247
475.123 -1.248
475.192 -1.249
475.261 -1.25
475.33 -1.251
475.4 -1.252
475.469 -1.253
475.539 -1.254
475.608 -1.255
475.678 -1.256
475.747 -1.257
475.817 -1.258
475.887 -1.259
475.956 -1.26
476.026 -1.261
476.095 -1.262
476.165 -1.263
476.235 -1.264
476.305 -1.265
476.375 -1.266
476.445 -1.267
476.514 -1.268
476.583 -1.269
476.652 -1.27
476.721 -1.271
476.79 -1.272
476.859 -1.273
476.927 -1.274
476.995 -1.275
477.064 -1.276
477.132 -1.277
477.201 -1.278
477.269 -1.279
477.338 -1.28
477.407 -1.281
477.475 -1.282
477.544 -1.283
477.613 -1.284
477.681 -1.285
477.75 -1.286
477.819 -1.287
477.888 -1.288
477.958 -1.289
478.027 -1.29
478.098 -1.291
478.169 -1.292
478.241 -1.293
478.312 -1.294
478.383 -1.295
478.455 -1.296
478.529 -1.297
478.602 -1.298
478.676 -1.299
478.749 -1.3
478.823 -1.301
478.896 -1.302
478.97 -1.303
479.044 -1.304
479.118 -1.305
479.192 -1.306
479.265 -1.307
479.339 -1.308
479.413 -1.309
479.487 -1.31
479.561 -1.311
479.634 -1.312
479.708 -1.313
479.782 -1.314
479.856 -1.315
479.93 -1.316
480.004 -1.317
480.078 -1.318
480.151 -1.319
480.225 -1.32
480.299 -1.321
480.373 -1.322
480.447 -1.323
480.521 -1.324
480.595 -1.325
480.669 -1.326
480.743 -1.327
480.817 -1.328
480.891 -1.329
480.965 -1.33
481.039 -1.331
481.113 -1.332
481.188 -1.333
481.262 -1.334
481.336 -1.335
481.41 -1.336
481.484 -1.337
481.559 -1.338
481.633 -1.339
481.707 -1.34
481.782 -1.341
481.856 -1.342
481.93 -1.343
482.005 -1.344
482.08 -1.345
482.154 -1.346
482.229 -1.347
482.304 -1.348
482.378 -1.349
482.453 -1.35
482.528 -1.351
482.603 -1.352
482.678 -1.353
482.752 -1.354
482.827 -1.355
482.902 -1.356
482.977 -1.357
483.052 -1.358
483.127 -1.359
483.202 -1.36
483.277 -1.361
483.352 -1.362
483.427 -1.363
483.502 -1.364
483.577 -1.365
483.652 -1.366
483.727 -1.367
483.802 -1.368
483.877 -1.369
483.952 -1.37
484.027 -1.371
484.102 -1.372
484.178 -1.373
484.253 -1.374
484.328 -1.375
484.403 -1.376
484.478 -1.377
484.553 -1.378
484.628 -1.379
484.703 -1.38
484.778 -1.381
484.853 -1.382
484.928 -1.383
485.003 -1.384
485.078 -1.385
485.152 -1.386
485.227 -1.387
485.302 -1.388
485.376 -1.389
485.451 -1.39
485.526 -1.391
485.6 -1.392
485.675 -1.393
485.749 -1.394
485.824 -1.395
485.898 -1.396
485.973 -1.397
486.047 -1.398
486.122 -1.399
486.196 -1.4
