11.3382 -0.001
22.6545 -0.002
33.9486 -0.003
45.2203 -0.004
56.4693 -0.005
67.6953 -0.006
78.8979 -0.007
90.0768 -0.008
101.232 -0.009
112.362 -0.01
123.468 -0.011
134.549 -0.012
145.605 -0.013
156.635 -0.014
167.638 -0.015
178.615 -0.016
189.565 -0.017
200.488 -0.018
211.382 -0.019
222.248 -0.02
233.086 -0.021
243.893 -0.022
254.671 -0.023
265.419 -0.024
276.135 -0.025
286.82 -0.026
297.473 -0.027
308.092 -0.028
318.678 -0.029
329.23 -0.03
339.746 -0.031
350.153 -0.032
359.936 -0.033
368.63 -0.034
376.041 -0.035
382.286 -0.036
387.111 -0.037
391.435 -0.038
395.707 -0.039
399.934 -0.04
404.042 -0.041
407.696 -0.042
410.467 -0.043
412.345 -0.044
414.179 -0.045
415.972 -0.046
417.735 -0.047
419.48 -0.048
421.204 -0.049
422.907 -0.05
424.593 -0.051
426.266 -0.052
427.934 -0.053
429.588 -0.054
431.231 -0.055
432.862 -0.056
434.485 -0.057
436.101 -0.058
437.708 -0.059
439.302 -0.06
440.885 -0.061
442.457 -0.062
444.016 -0.063
445.561 -0.064
447.09 -0.065
448.607 -0.066
450.108 -0.067
451.591 -0.068
453.038 -0.069
454.439 -0.07
455.75 -0.071
456.974 -0.072
458.139 -0.073
459.123 -0.074
460.037 -0.075
460.879 -0.076
461.492 -0.077
461.962 -0.078
462.243 -0.079
462.511 -0.08
462.774 -0.081
463.032 -0.082
463.286 -0.083
463.535 -0.084
463.778 -0.085
464.015 -0.086
464.248 -0.087
464.475 -0.088
464.699 -0.089
464.92 -0.09
465.135 -0.091
465.346 -0.092
465.552 -0.093
465.754 -0.094
465.953 -0.095
466.148 -0.096
466.34 -0.097
466.53 -0.098
466.717 -0.099
466.899 -0.1
467.079 -0.101
467.255 -0.102
467.429 -0.103
467.599 -0.104
467.766 -0.105
467.929 -0.106
468.09 -0.107
468.249 -0.108
468.406 -0.109
468.561 -0.11
468.715 -0.111
468.866 -0.112
469.016 -0.113
469.164 -0.114
469.312 -0.115
469.458 -0.116
469.603 -0.117
469.746 -0.118
469.887 -0.119
470.028 -0.12
470.167 -0.121
470.306 -0.122
470.445 -0.123
470.584 -0.124
470.721 -0.125
470.857 -0.126
470.992 -0.127
471.126 -0.128
471.261 -0.129
471.394 -0.13
471.527 -0.131
471.66 -0.132
471.792 -0.133
471.924 -0.134
472.055 -0.135
472.186 -0.136
472.316 -0.137
472.446 -0.138
472.575 -0.139
472.703 -0.14
472.831 -0.141
472.959 -0.142
473.087 -0.143
473.214 -0.144
473.34 -0.145
473.466 -0.146
473.591 -0.147
473.716 -0.148
473.84 -0.149
473.965 -0.15
474.089 -0.151
474.212 -0.152
474.335 -0.153
474.458 -0.154
474.579 -0.155
474.7 -0.156
474.819 -0.157
474.937 -0.158
475.055 -0.159
475.173 -0.16
475.291 -0.161
475.408 -0.162
475.524 -0.163
475.64 -0.164
475.755 -0.165
475.869 -0.166
475.982 -0.167
476.096 -0.168
476.208 -0.169
476.32 -0.17
476.432 -0.171
476.544 -0.172
476.655 -0.173
476.766 -0.174
476.876 -0.175
476.985 -0.176
477.094 -0.177
477.203 -0.178
477.311 -0.179
477.418 -0.18
477.526 -0.181
477.633 -0.182
477.74 -0.183
477.846 -0.184
477.951 -0.185
478.057 -0.186
478.162 -0.187
478.266 -0.188
478.37 -0.189
478.474 -0.19
478.577 -0.191
478.679 -0.192
478.782 -0.193
478.884 -0.194
478.986 -0.195
479.088 -0.196
479.19 -0.197
479.29 -0.198
479.391 -0.199
479.492 -0.2
479.592 -0.201
479.692 -0.202
479.792 -0.203
479.891 -0.204
479.99 -0.205
480.089 -0.206
480.187 -0.207
480.286 -0.208
480.383 -0.209
480.48 -0.21
480.576 -0.211
480.673 -0.212
480.769 -0.213
480.865 -0.214
480.96 -0.215
481.054 -0.216
481.148 -0.217
481.242 -0.218
481.336 -0.219
481.43 -0.22
481.524 -0.221
481.617 -0.222
481.71 -0.223
481.804 -0.224
481.897 -0.225
481.991 -0.226
482.084 -0.227
482.177 -0.228
482.271 -0.229
482.364 -0.23
482.458 -0.231
482.551 -0.232
482.645 -0.233
482.738 -0.234
482.832 -0.235
482.925 -0.236
483.018 -0.237
483.111 -0.238
483.205 -0.239
483.298 -0.24
483.39 -0.241
483.483 -0.242
483.575 -0.243
483.667 -0.244
483.759 -0.245
483.85 -0.246
483.942 -0.247
484.034 -0.248
484.126 -0.249
484.217 -0.25
484.309 -0.251
484.401 -0.252
484.492 -0.253
484.584 -0.254
484.675 -0.255
484.765 -0.256
484.856 -0.257
484.946 -0.258
485.037 -0.259
485.127 -0.26
485.217 -0.261
485.308 -0.262
485.398 -0.263
485.489 -0.264
485.579 -0.265
485.67 -0.266
485.76 -0.267
485.85 -0.268
485.94 -0.269
486.03 -0.27
486.119 -0.271
486.209 -0.272
486.298 -0.273
486.388 -0.274
486.477 -0.275
486.566 -0.276
486.656 -0.277
486.745 -0.278
486.835 -0.279
486.924 -0.28
487.013 -0.281
487.103 -0.282
487.192 -0.283
487.28 -0.284
487.369 -0.285
487.457 -0.286
487.545 -0.287
487.634 -0.288
487.722 -0.289
487.811 -0.29
487.899 -0.291
487.988 -0.292
488.076 -0.293
488.164 -0.294
488.252 -0.295
488.34 -0.296
488.427 -0.297
488.515 -0.298
488.602 -0.299
488.69 -0.3
488.777 -0.301
488.865 -0.302
488.953 -0.303
489.04 -0.304
489.128 -0.305
489.215 -0.306
489.303 -0.307
489.39 -0.308
489.478 -0.309
489.565 -0.31
489.653 -0.311
489.741 -0.312
489.828 -0.313
489.916 -0.314
490.004 -0.315
490.091 -0.316
490.179 -0.317
490.267 -0.318
490.354 -0.319
490.442 -0.32
490.53 -0.321
490.618 -0.322
490.705 -0.323
490.793 -0.324
490.88 -0.325
490.968 -0.326
491.055 -0.327
491.142 -0.328
491.229 -0.329
491.316 -0.33
491.403 -0.331
491.49 -0.332
491.577 -0.333
491.664 -0.334
491.751 -0.335
491.838 -0.336
491.925 -0.337
492.012 -0.338
492.099 -0.339
492.186 -0.34
492.273 -0.341
492.361 -0.342
492.448 -0.343
492.535 -0.344
492.622 -0.345
492.709 -0.346
492.796 -0.347
492.883 -0.348
492.97 -0.349
493.057 -0.35
493.145 -0.351
493.232 -0.352
493.319 -0.353
493.406 -0.354
493.494 -0.355
493.581 -0.356
493.668 -0.357
493.755 -0.358
493.843 -0.359
493.93 -0.36
494.017 -0.361
494.103 -0.362
494.19 -0.363
494.276 -0.364
494.362 -0.365
494.448 -0.366
494.534 -0.367
494.62 -0.368
494.706 -0.369
494.791 -0.37
494.877 -0.371
494.963 -0.372
495.048 -0.373
495.134 -0.374
495.219 -0.375
495.305 -0.376
495.39 -0.377
495.475 -0.378
495.561 -0.379
495.646 -0.38
495.731 -0.381
495.817 -0.382
495.902 -0.383
495.987 -0.384
496.073 -0.385
496.158 -0.386
496.243 -0.387
496.329 -0.388
496.414 -0.389
496.499 -0.39
496.585 -0.391
496.67 -0.392
496.755 -0.393
496.84 -0.394
496.926 -0.395
497.011 -0.396
497.096 -0.397
497.181 -0.398
497.266 -0.399
497.351 -0.4
497.436 -0.401
497.521 -0.402
497.606 -0.403
497.691 -0.404
497.776 -0.405
497.86 -0.406
497.945 -0.407
498.03 -0.408
498.114 -0.409
498.199 -0.41
498.283 -0.411
498.368 -0.412
498.452 -0.413
498.537 -0.414
498.621 -0.415
498.706 -0.416
498.79 -0.417
498.875 -0.418
498.959 -0.419
499.044 -0.42
499.128 -0.421
499.213 -0.422
499.297 -0.423
499.381 -0.424
499.466 -0.425
499.55 -0.426
499.635 -0.427
499.719 -0.428
499.803 -0.429
499.887 -0.43
499.971 -0.431
500.055 -0.432
500.139 -0.433
500.223 -0.434
500.307 -0.435
500.391 -0.436
500.475 -0.437
500.558 -0.438
500.641 -0.439
500.723 -0.44
500.806 -0.441
500.887 -0.442
500.968 -0.443
501.048 -0.444
501.128 -0.445
501.208 -0.446
501.288 -0.447
501.368 -0.448
501.447 -0.449
501.527 -0.45
501.606 -0.451
501.686 -0.452
501.765 -0.453
501.844 -0.454
501.923 -0.455
502.002 -0.456
502.08 -0.457
502.157 -0.458
502.234 -0.459
502.311 -0.46
502.386 -0.461
502.463 -0.462
502.54 -0.463
502.616 -0.464
502.691 -0.465
502.766 -0.466
502.841 -0.467
502.914 -0.468
502.987 -0.469
503.059 -0.47
503.13 -0.471
503.2 -0.472
503.273 -0.473
503.346 -0.474
503.417 -0.475
503.488 -0.476
503.559 -0.477
503.629 -0.478
503.698 -0.479
503.769 -0.48
503.84 -0.481
503.912 -0.482
503.985 -0.483
504.059 -0.484
504.133 -0.485
504.207 -0.486
504.281 -0.487
504.355 -0.488
504.429 -0.489
504.503 -0.49
504.577 -0.491
504.652 -0.492
504.728 -0.493
504.805 -0.494
504.882 -0.495
504.958 -0.496
505.035 -0.497
505.112 -0.498
505.188 -0.499
505.264 -0.5
505.34 -0.501
505.416 -0.502
505.493 -0.503
505.569 -0.504
505.645 -0.505
505.723 -0.506
505.8 -0.507
505.878 -0.508
505.956 -0.509
506.034 -0.51
506.112 -0.511
506.19 -0.512
506.268 -0.513
506.346 -0.514
506.424 -0.515
506.502 -0.516
506.58 -0.517
506.658 -0.518
506.736 -0.519
506.814 -0.52
506.892 -0.521
506.97 -0.522
507.048 -0.523
507.126 -0.524
507.203 -0.525
507.281 -0.526
507.358 -0.527
507.436 -0.528
507.513 -0.529
507.591 -0.53
507.668 -0.531
507.745 -0.532
507.823 -0.533
507.9 -0.534
507.977 -0.535
508.054 -0.536
508.131 -0.537
508.207 -0.538
508.283 -0.539
508.36 -0.54
508.436 -0.541
508.512 -0.542
508.588 -0.543
508.664 -0.544
508.74 -0.545
508.815 -0.546
508.889 -0.547
508.963 -0.548
509.037 -0.549
509.111 -0.55
509.184 -0.551
509.255 -0.552
509.323 -0.553
509.391 -0.554
509.457 -0.555
509.52 -0.556
509.58 -0.557
509.635 -0.558
509.684 -0.559
509.726 -0.56
509.76 -0.561
509.783 -0.562
509.792 -0.563
509.789 -0.564
509.771 -0.565
509.739 -0.566
509.691 -0.567
509.63 -0.568
509.555 -0.569
509.469 -0.57
509.378 -0.571
509.293 -0.572
509.266 -0.573
509.251 -0.574
509.278 -0.575
509.32 -0.576
509.39 -0.577
509.502 -0.578
509.648 -0.579
509.818 -0.58
509.988 -0.581
510.135 -0.582
510.256 -0.583
510.371 -0.584
510.483 -0.585
510.593 -0.586
510.7 -0.587
510.805 -0.588
510.907 -0.589
511.007 -0.59
511.105 -0.591
511.202 -0.592
511.296 -0.593
511.388 -0.594
511.478 -0.595
511.564 -0.596
511.647 -0.597
511.726 -0.598
511.8 -0.599
511.87 -0.6
511.933 -0.601
511.989 -0.602
512.035 -0.603
512.069 -0.604
512.086 -0.605
512.082 -0.606
512.058 -0.607
512.027 -0.608
511.993 -0.609
511.96 -0.61
511.991 -0.611
512.038 -0.612
512.117 -0.613
512.218 -0.614
512.333 -0.615
512.443 -0.616
512.558 -0.617
512.679 -0.618
512.803 -0.619
512.931 -0.62
513.058 -0.621
513.185 -0.622
513.305 -0.623
513.414 -0.624
513.512 -0.625
513.595 -0.626
513.677 -0.627
513.759 -0.628
513.84 -0.629
513.922 -0.63
514.003 -0.631
514.085 -0.632
514.167 -0.633
514.248 -0.634
514.33 -0.635
514.412 -0.636
514.493 -0.637
514.575 -0.638
514.656 -0.639
514.738 -0.64
514.819 -0.641
514.9 -0.642
514.982 -0.643
515.063 -0.644
515.145 -0.645
515.226 -0.646
515.307 -0.647
515.389 -0.648
515.47 -0.649
515.551 -0.65
515.632 -0.651
515.713 -0.652
515.794 -0.653
515.875 -0.654
515.956 -0.655
516.037 -0.656
516.117 -0.657
516.197 -0.658
516.276 -0.659
516.356 -0.66
516.435 -0.661
516.514 -0.662
516.594 -0.663
516.674 -0.664
516.753 -0.665
516.832 -0.666
516.911 -0.667
516.99 -0.668
517.069 -0.669
517.148 -0.67
517.226 -0.671
517.305 -0.672
517.384 -0.673
517.463 -0.674
517.543 -0.675
517.622 -0.676
517.702 -0.677
517.781 -0.678
517.86 -0.679
517.94 -0.68
518.019 -0.681
518.099 -0.682
518.179 -0.683
518.259 -0.684
518.34 -0.685
518.42 -0.686
518.5 -0.687
518.58 -0.688
518.661 -0.689
518.741 -0.69
518.822 -0.691
518.904 -0.692
518.986 -0.693
519.069 -0.694
519.151 -0.695
519.234 -0.696
519.317 -0.697
519.4 -0.698
519.483 -0.699
519.566 -0.7
519.649 -0.701
519.732 -0.702
519.816 -0.703
519.899 -0.704
519.982 -0.705
520.066 -0.706
520.149 -0.707
520.232 -0.708
520.316 -0.709
520.399 -0.71
520.483 -0.711
520.566 -0.712
520.649 -0.713
520.733 -0.714
520.816 -0.715
520.9 -0.716
520.983 -0.717
521.067 -0.718
521.15 -0.719
521.234 -0.72
521.317 -0.721
521.401 -0.722
521.484 -0.723
521.568 -0.724
521.651 -0.725
521.735 -0.726
521.818 -0.727
521.902 -0.728
521.985 -0.729
522.069 -0.73
522.152 -0.731
522.236 -0.732
522.319 -0.733
522.403 -0.734
522.486 -0.735
522.57 -0.736
522.653 -0.737
522.736 -0.738
522.82 -0.739
522.903 -0.74
522.986 -0.741
523.07 -0.742
523.153 -0.743
523.236 -0.744
523.319 -0.745
523.402 -0.746
523.485 -0.747
523.568 -0.748
523.651 -0.749
523.734 -0.75
523.817 -0.751
523.899 -0.752
523.982 -0.753
524.064 -0.754
524.146 -0.755
524.228 -0.756
524.31 -0.757
524.392 -0.758
524.473 -0.759
524.554 -0.76
524.634 -0.761
524.714 -0.762
524.793 -0.763
524.872 -0.764
524.948 -0.765
525.023 -0.766
525.094 -0.767
525.156 -0.768
525.21 -0.769
525.253 -0.77
525.285 -0.771
525.307 -0.772
525.327 -0.773
525.36 -0.774
525.388 -0.775
525.412 -0.776
525.438 -0.777
525.469 -0.778
525.502 -0.779
525.544 -0.78
525.591 -0.781
525.642 -0.782
525.705 -0.783
525.768 -0.784
525.839 -0.785
525.911 -0.786
525.983 -0.787
526.058 -0.788
526.13 -0.789
526.199 -0.79
526.26 -0.791
526.267 -0.792
526.266 -0.793
526.204 -0.794
526.168 -0.795
526.132 -0.796
526.096 -0.797
526.061 -0.798
526.025 -0.799
525.989 -0.8
525.954 -0.801
525.918 -0.802
525.909 -0.803
525.938 -0.804
525.968 -0.805
526.013 -0.806
526.082 -0.807
526.13 -0.808
526.159 -0.809
526.231 -0.81
526.359 -0.811
526.536 -0.812
526.703 -0.813
526.837 -0.814
526.974 -0.815
527.111 -0.816
527.254 -0.817
527.396 -0.818
527.537 -0.819
527.677 -0.82
527.813 -0.821
527.941 -0.822
528.039 -0.823
528.11 -0.824
528.178 -0.825
528.245 -0.826
528.311 -0.827
528.376 -0.828
528.441 -0.829
528.506 -0.83
528.571 -0.831
528.635 -0.832
528.699 -0.833
528.762 -0.834
528.825 -0.835
528.887 -0.836
528.949 -0.837
529.011 -0.838
529.072 -0.839
529.134 -0.84
529.196 -0.841
529.257 -0.842
529.319 -0.843
529.381 -0.844
529.443 -0.845
529.525 -0.846
529.61 -0.847
529.695 -0.848
529.781 -0.849
529.868 -0.85
529.965 -0.851
530.062 -0.852
530.158 -0.853
530.254 -0.854
530.35 -0.855
530.446 -0.856
530.547 -0.857
530.65 -0.858
530.753 -0.859
530.856 -0.86
530.958 -0.861
531.06 -0.862
531.161 -0.863
531.263 -0.864
531.367 -0.865
531.473 -0.866
531.579 -0.867
531.684 -0.868
531.79 -0.869
531.895 -0.87
531.999 -0.871
532.103 -0.872
532.207 -0.873
532.31 -0.874
532.415 -0.875
532.521 -0.876
532.627 -0.877
532.733 -0.878
532.839 -0.879
532.944 -0.88
533.049 -0.881
533.153 -0.882
533.257 -0.883
533.36 -0.884
533.463 -0.885
533.565 -0.886
533.66 -0.887
533.752 -0.888
533.836 -0.889
533.919 -0.89
534.002 -0.891
534.076 -0.892
534.136 -0.893
534.182 -0.894
534.216 -0.895
534.247 -0.896
534.279 -0.897
534.287 -0.898
534.29 -0.899
534.285 -0.9
534.275 -0.901
534.268 -0.902
534.266 -0.903
534.267 -0.904
534.27 -0.905
534.275 -0.906
534.282 -0.907
534.32 -0.908
534.372 -0.909
534.436 -0.91
534.512 -0.911
534.589 -0.912
534.695 -0.913
534.807 -0.914
534.923 -0.915
535.059 -0.916
535.194 -0.917
535.335 -0.918
535.465 -0.919
535.593 -0.92
535.718 -0.921
535.838 -0.922
535.956 -0.923
536.077 -0.924
536.191 -0.925
536.278 -0.926
536.358 -0.927
536.437 -0.928
536.514 -0.929
536.59 -0.93
536.642 -0.931
536.686 -0.932
536.725 -0.933
536.762 -0.934
536.796 -0.935
536.831 -0.936
536.865 -0.937
536.899 -0.938
536.933 -0.939
536.967 -0.94
537.001 -0.941
537.035 -0.942
537.069 -0.943
537.104 -0.944
537.138 -0.945
537.172 -0.946
537.206 -0.947
537.24 -0.948
537.274 -0.949
537.308 -0.95
537.342 -0.951
537.376 -0.952
537.426 -0.953
537.486 -0.954
537.545 -0.955
537.602 -0.956
537.658 -0.957
537.715 -0.958
537.779 -0.959
537.877 -0.96
537.984 -0.961
538.089 -0.962
538.195 -0.963
538.307 -0.964
538.412 -0.965
538.529 -0.966
538.645 -0.967
538.764 -0.968
538.883 -0.969
539.001 -0.97
539.119 -0.971
539.235 -0.972
539.356 -0.973
539.475 -0.974
539.594 -0.975
539.711 -0.976
539.826 -0.977
539.94 -0.978
540.059 -0.979
540.175 -0.98
540.286 -0.981
540.395 -0.982
540.502 -0.983
540.612 -0.984
540.724 -0.985
540.833 -0.986
540.935 -0.987
541.036 -0.988
541.134 -0.989
541.231 -0.99
541.328 -0.991
541.422 -0.992
541.511 -0.993
541.6 -0.994
541.689 -0.995
541.778 -0.996
541.866 -0.997
541.954 -0.998
542.041 -0.999
542.129 -1
