8.39394 -0.001
16.7749 -0.002
25.1419 -0.003
33.4956 -0.004
41.8356 -0.005
50.1617 -0.006
58.4739 -0.007
66.772 -0.008
75.0557 -0.009
83.325 -0.01
91.5797 -0.011
99.8195 -0.012
108.044 -0.013
116.254 -0.014
124.449 -0.015
132.627 -0.016
140.791 -0.017
148.938 -0.018
156.931 -0.019
162.955 -0.02
167.707 -0.021
172.427 -0.022
177.123 -0.023
181.819 -0.024
186.526 -0.025
191.226 -0.026
195.921 -0.027
200.599 -0.028
205.007 -0.029
208.593 -0.03
212.015 -0.031
215.425 -0.032
218.813 -0.033
222.187 -0.034
225.553 -0.035
228.875 -0.036
231.998 -0.037
234.798 -0.038
237.143 -0.039
238.709 -0.04
240.18 -0.041
241.645 -0.042
243.105 -0.043
244.552 -0.044
245.978 -0.045
247.379 -0.046
248.754 -0.047
250.104 -0.048
251.425 -0.049
252.725 -0.05
254.007 -0.051
255.281 -0.052
256.553 -0.053
257.825 -0.054
259.098 -0.055
260.371 -0.056
261.642 -0.057
262.911 -0.058
264.176 -0.059
265.439 -0.06
266.698 -0.061
267.954 -0.062
269.207 -0.063
270.456 -0.064
271.702 -0.065
272.944 -0.066
274.18 -0.067
275.412 -0.068
276.636 -0.069
277.855 -0.07
279.067 -0.071
280.274 -0.072
281.475 -0.073
282.668 -0.074
283.848 -0.075
284.998 -0.076
286.115 -0.077
287.188 -0.078
288.179 -0.079
289.079 -0.08
289.887 -0.081
290.578 -0.082
291.124 -0.083
291.51 -0.084
291.8 -0.085
292.073 -0.086
292.336 -0.087
292.588 -0.088
292.834 -0.089
293.071 -0.09
293.304 -0.091
293.533 -0.092
293.76 -0.093
293.985 -0.094
294.207 -0.095
294.427 -0.096
294.643 -0.097
294.855 -0.098
295.064 -0.099
295.269 -0.1
295.47 -0.101
295.665 -0.102
295.858 -0.103
296.046 -0.104
296.229 -0.105
296.407 -0.106
296.58 -0.107
296.748 -0.108
296.911 -0.109
297.069 -0.11
297.221 -0.111
297.369 -0.112
297.515 -0.113
297.655 -0.114
297.791 -0.115
297.925 -0.116
298.056 -0.117
298.184 -0.118
298.311 -0.119
298.436 -0.12
298.559 -0.121
298.678 -0.122
298.796 -0.123
298.914 -0.124
299.03 -0.125
299.145 -0.126
299.259 -0.127
299.371 -0.128
299.482 -0.129
299.592 -0.13
299.702 -0.131
299.811 -0.132
299.919 -0.133
300.027 -0.134
300.132 -0.135
300.236 -0.136
300.339 -0.137
300.44 -0.138
300.541 -0.139
300.64 -0.14
300.739 -0.141
300.837 -0.142
300.933 -0.143
301.027 -0.144
301.12 -0.145
301.211 -0.146
301.301 -0.147
301.39 -0.148
301.479 -0.149
301.566 -0.15
301.652 -0.151
301.736 -0.152
301.82 -0.153
301.903 -0.154
301.985 -0.155
302.067 -0.156
302.147 -0.157
302.226 -0.158
302.305 -0.159
302.382 -0.16
302.459 -0.161
302.534 -0.162
302.609 -0.163
302.683 -0.164
302.757 -0.165
302.83 -0.166
302.903 -0.167
302.975 -0.168
303.048 -0.169
303.119 -0.17
303.191 -0.171
303.262 -0.172
303.332 -0.173
303.402 -0.174
303.472 -0.175
303.541 -0.176
303.61 -0.177
303.679 -0.178
303.748 -0.179
303.816 -0.18
303.885 -0.181
303.953 -0.182
304.021 -0.183
304.088 -0.184
304.155 -0.185
304.222 -0.186
304.288 -0.187
304.354 -0.188
304.419 -0.189
304.485 -0.19
304.55 -0.191
304.615 -0.192
304.68 -0.193
304.745 -0.194
304.809 -0.195
304.874 -0.196
304.938 -0.197
305.003 -0.198
305.067 -0.199
305.131 -0.2
305.195 -0.201
305.258 -0.202
305.322 -0.203
305.385 -0.204
305.448 -0.205
305.51 -0.206
305.573 -0.207
305.635 -0.208
305.698 -0.209
305.76 -0.21
305.822 -0.211
305.884 -0.212
305.945 -0.213
306.007 -0.214
306.068 -0.215
306.129 -0.216
306.19 -0.217
306.251 -0.218
306.312 -0.219
306.373 -0.22
306.433 -0.221
306.494 -0.222
306.554 -0.223
306.614 -0.224
306.674 -0.225
306.734 -0.226
306.794 -0.227
306.853 -0.228
306.913 -0.229
306.972 -0.23
307.032 -0.231
307.091 -0.232
307.15 -0.233
307.209 -0.234
307.268 -0.235
307.327 -0.236
307.385 -0.237
307.444 -0.238
307.502 -0.239
307.56 -0.24
307.619 -0.241
307.677 -0.242
307.735 -0.243
307.792 -0.244
307.85 -0.245
307.908 -0.246
307.965 -0.247
308.023 -0.248
308.08 -0.249
308.138 -0.25
308.195 -0.251
308.252 -0.252
308.309 -0.253
308.367 -0.254
308.424 -0.255
308.48 -0.256
308.537 -0.257
308.594 -0.258
308.651 -0.259
308.707 -0.26
308.764 -0.261
308.82 -0.262
308.876 -0.263
308.932 -0.264
308.988 -0.265
309.044 -0.266
309.1 -0.267
309.156 -0.268
309.211 -0.269
309.267 -0.27
309.323 -0.271
309.378 -0.272
309.433 -0.273
309.489 -0.274
309.544 -0.275
309.599 -0.276
309.654 -0.277
309.71 -0.278
309.765 -0.279
309.82 -0.28
309.874 -0.281
309.929 -0.282
309.984 -0.283
310.039 -0.284
310.093 -0.285
310.147 -0.286
310.202 -0.287
310.256 -0.288
310.31 -0.289
310.364 -0.29
310.417 -0.291
310.471 -0.292
310.525 -0.293
310.578 -0.294
310.631 -0.295
310.685 -0.296
310.738 -0.297
310.791 -0.298
310.844 -0.299
310.897 -0.3
310.95 -0.301
311.002 -0.302
311.053 -0.303
311.105 -0.304
311.156 -0.305
311.206 -0.306
311.255 -0.307
311.304 -0.308
311.351 -0.309
311.396 -0.31
311.436 -0.311
311.459 -0.312
311.458 -0.313
311.432 -0.314
311.377 -0.315
311.302 -0.316
311.207 -0.317
311.15 -0.318
311.086 -0.319
310.998 -0.32
310.922 -0.321
310.834 -0.322
310.746 -0.323
310.661 -0.324
310.581 -0.325
310.518 -0.326
310.539 -0.327
310.525 -0.328
310.512 -0.329
310.527 -0.33
310.527 -0.331
310.584 -0.332
310.652 -0.333
310.766 -0.334
310.882 -0.335
311.01 -0.336
311.118 -0.337
311.223 -0.338
311.327 -0.339
311.417 -0.34
311.497 -0.341
311.576 -0.342
311.655 -0.343
311.737 -0.344
311.816 -0.345
311.888 -0.346
311.952 -0.347
312.006 -0.348
312.052 -0.349
312.093 -0.35
312.134 -0.351
312.175 -0.352
312.216 -0.353
312.257 -0.354
312.297 -0.355
312.338 -0.356
312.378 -0.357
312.419 -0.358
312.459 -0.359
312.499 -0.36
312.539 -0.361
312.579 -0.362
312.619 -0.363
312.66 -0.364
312.701 -0.365
312.741 -0.366
312.782 -0.367
312.823 -0.368
312.864 -0.369
312.904 -0.37
312.945 -0.371
312.985 -0.372
313.025 -0.373
313.066 -0.374
313.106 -0.375
313.147 -0.376
313.188 -0.377
313.23 -0.378
313.271 -0.379
313.312 -0.38
313.353 -0.381
313.394 -0.382
313.435 -0.383
313.476 -0.384
313.518 -0.385
313.559 -0.386
313.6 -0.387
313.642 -0.388
313.685 -0.389
313.727 -0.39
313.77 -0.391
313.813 -0.392
313.857 -0.393
313.9 -0.394
313.944 -0.395
313.989 -0.396
314.033 -0.397
314.078 -0.398
314.123 -0.399
314.168 -0.4
314.213 -0.401
314.258 -0.402
314.302 -0.403
314.347 -0.404
314.392 -0.405
314.436 -0.406
314.48 -0.407
314.525 -0.408
314.569 -0.409
314.613 -0.41
314.658 -0.411
314.702 -0.412
314.746 -0.413
314.79 -0.414
314.834 -0.415
314.877 -0.416
314.921 -0.417
314.965 -0.418
315.009 -0.419
315.052 -0.42
315.096 -0.421
315.139 -0.422
315.183 -0.423
315.226 -0.424
315.27 -0.425
315.314 -0.426
315.357 -0.427
315.4 -0.428
315.443 -0.429
315.487 -0.43
315.53 -0.431
315.573 -0.432
315.618 -0.433
315.662 -0.434
315.707 -0.435
315.752 -0.436
315.797 -0.437
315.843 -0.438
315.889 -0.439
315.935 -0.44
315.982 -0.441
316.029 -0.442
316.076 -0.443
316.123 -0.444
316.171 -0.445
316.219 -0.446
316.268 -0.447
316.317 -0.448
316.366 -0.449
316.415 -0.45
316.464 -0.451
316.513 -0.452
316.562 -0.453
316.611 -0.454
316.66 -0.455
316.71 -0.456
316.759 -0.457
316.808 -0.458
316.857 -0.459
316.906 -0.46
316.955 -0.461
317.004 -0.462
317.053 -0.463
317.102 -0.464
317.151 -0.465
317.2 -0.466
317.248 -0.467
317.297 -0.468
317.346 -0.469
317.394 -0.47
317.442 -0.471
317.491 -0.472
317.539 -0.473
317.587 -0.474
317.635 -0.475
317.682 -0.476
317.73 -0.477
317.777 -0.478
317.823 -0.479
317.87 -0.48
317.915 -0.481
317.96 -0.482
318.005 -0.483
318.048 -0.484
318.085 -0.485
318.106 -0.486
318.1 -0.487
318.065 -0.488
318.001 -0.489
317.909 -0.49
317.784 -0.491
317.693 -0.492
317.635 -0.493
317.583 -0.494
317.481 -0.495
317.339 -0.496
317.174 -0.497
317.042 -0.498
316.914 -0.499
316.846 -0.5
316.84 -0.501
316.881 -0.502
316.94 -0.503
317.02 -0.504
317.104 -0.505
317.192 -0.506
317.271 -0.507
317.383 -0.508
317.499 -0.509
317.629 -0.51
317.759 -0.511
317.885 -0.512
317.982 -0.513
318.078 -0.514
318.172 -0.515
318.266 -0.516
318.359 -0.517
318.451 -0.518
318.538 -0.519
318.616 -0.52
318.685 -0.521
318.755 -0.522
318.824 -0.523
318.893 -0.524
318.96 -0.525
319.027 -0.526
319.091 -0.527
319.146 -0.528
319.195 -0.529
319.243 -0.53
319.291 -0.531
319.339 -0.532
319.387 -0.533
319.435 -0.534
319.482 -0.535
319.529 -0.536
319.575 -0.537
319.621 -0.538
319.666 -0.539
319.71 -0.54
319.754 -0.541
319.797 -0.542
319.839 -0.543
319.882 -0.544
319.924 -0.545
319.966 -0.546
320.008 -0.547
320.05 -0.548
320.092 -0.549
320.135 -0.55
320.178 -0.551
320.221 -0.552
320.265 -0.553
320.309 -0.554
320.353 -0.555
320.398 -0.556
320.443 -0.557
320.488 -0.558
320.532 -0.559
320.575 -0.56
320.618 -0.561
320.659 -0.562
320.699 -0.563
320.736 -0.564
320.771 -0.565
320.805 -0.566
320.837 -0.567
320.868 -0.568
320.898 -0.569
320.926 -0.57
320.952 -0.571
320.977 -0.572
321 -0.573
321.021 -0.574
321.039 -0.575
321.055 -0.576
321.069 -0.577
321.082 -0.578
321.101 -0.579
321.127 -0.58
321.154 -0.581
321.178 -0.582
321.197 -0.583
321.208 -0.584
321.214 -0.585
321.212 -0.586
321.208 -0.587
321.203 -0.588
321.184 -0.589
321.148 -0.59
321.106 -0.591
321.065 -0.592
321.037 -0.593
321.024 -0.594
321.044 -0.595
321.096 -0.596
321.182 -0.597
321.287 -0.598
321.398 -0.599
321.519 -0.6
321.633 -0.601
321.745 -0.602
321.856 -0.603
321.963 -0.604
322.064 -0.605
322.153 -0.606
322.225 -0.607
322.287 -0.608
322.344 -0.609
322.402 -0.61
322.46 -0.611
322.517 -0.612
322.575 -0.613
322.632 -0.614
322.689 -0.615
322.747 -0.616
322.804 -0.617
322.862 -0.618
322.919 -0.619
322.976 -0.62
323.033 -0.621
323.09 -0.622
323.147 -0.623
323.204 -0.624
323.26 -0.625
323.317 -0.626
323.375 -0.627
323.435 -0.628
323.495 -0.629
323.555 -0.63
323.616 -0.631
323.678 -0.632
323.741 -0.633
323.804 -0.634
323.868 -0.635
323.931 -0.636
323.995 -0.637
324.058 -0.638
324.121 -0.639
324.184 -0.64
324.246 -0.641
324.308 -0.642
324.37 -0.643
324.431 -0.644
324.492 -0.645
324.552 -0.646
324.61 -0.647
324.668 -0.648
324.724 -0.649
324.777 -0.65
324.828 -0.651
324.874 -0.652
324.916 -0.653
324.954 -0.654
324.986 -0.655
325.026 -0.656
325.087 -0.657
325.146 -0.658
325.204 -0.659
325.268 -0.66
325.34 -0.661
325.411 -0.662
325.475 -0.663
325.538 -0.664
325.601 -0.665
325.664 -0.666
325.73 -0.667
325.795 -0.668
325.86 -0.669
325.926 -0.67
325.991 -0.671
326.056 -0.672
326.121 -0.673
326.185 -0.674
326.25 -0.675
326.315 -0.676
326.381 -0.677
326.447 -0.678
326.513 -0.679
326.58 -0.68
326.646 -0.681
326.712 -0.682
326.777 -0.683
326.843 -0.684
326.907 -0.685
326.968 -0.686
327.028 -0.687
327.086 -0.688
327.136 -0.689
327.168 -0.69
327.188 -0.691
327.204 -0.692
327.232 -0.693
327.267 -0.694
327.301 -0.695
327.324 -0.696
327.332 -0.697
327.335 -0.698
327.351 -0.699
327.371 -0.7
327.391 -0.701
327.412 -0.702
327.448 -0.703
327.503 -0.704
327.593 -0.705
327.692 -0.706
327.764 -0.707
327.843 -0.708
327.953 -0.709
328.074 -0.71
328.207 -0.711
328.343 -0.712
328.475 -0.713
328.61 -0.714
328.742 -0.715
328.854 -0.716
328.964 -0.717
329.073 -0.718
329.182 -0.719
329.291 -0.72
329.395 -0.721
329.481 -0.722
329.564 -0.723
329.647 -0.724
329.73 -0.725
329.813 -0.726
329.896 -0.727
329.98 -0.728
330.064 -0.729
330.147 -0.73
330.231 -0.731
330.315 -0.732
330.399 -0.733
330.484 -0.734
330.568 -0.735
330.653 -0.736
330.738 -0.737
330.823 -0.738
330.908 -0.739
330.993 -0.74
331.078 -0.741
331.164 -0.742
331.249 -0.743
331.335 -0.744
331.421 -0.745
331.507 -0.746
331.593 -0.747
331.679 -0.748
331.765 -0.749
331.851 -0.75
331.937 -0.751
332.023 -0.752
332.11 -0.753
332.196 -0.754
332.283 -0.755
332.37 -0.756
332.456 -0.757
332.543 -0.758
332.63 -0.759
332.717 -0.76
332.804 -0.761
332.891 -0.762
332.979 -0.763
333.066 -0.764
333.153 -0.765
333.241 -0.766
333.329 -0.767
333.418 -0.768
333.507 -0.769
333.595 -0.77
333.684 -0.771
333.773 -0.772
333.862 -0.773
333.953 -0.774
334.043 -0.775
334.134 -0.776
334.226 -0.777
334.317 -0.778
334.409 -0.779
334.502 -0.78
334.595 -0.781
334.688 -0.782
334.782 -0.783
334.875 -0.784
334.969 -0.785
335.064 -0.786
335.158 -0.787
335.253 -0.788
335.348 -0.789
335.443 -0.79
335.539 -0.791
335.634 -0.792
335.73 -0.793
335.826 -0.794
335.923 -0.795
336.019 -0.796
336.115 -0.797
336.211 -0.798
336.308 -0.799
336.405 -0.8
