14.6182 -0.001
29.1931 -0.002
43.728 -0.003
58.2217 -0.004
72.6741 -0.005
87.0849 -0.006
101.454 -0.007
115.781 -0.008
130.067 -0.009
144.31 -0.01
158.511 -0.011
172.669 -0.012
186.784 -0.013
200.857 -0.014
214.886 -0.015
228.873 -0.016
242.815 -0.017
256.714 -0.018
270.569 -0.019
284.38 -0.02
298.147 -0.021
311.868 -0.022
325.545 -0.023
339.177 -0.024
352.763 -0.025
366.304 -0.026
379.799 -0.027
393.247 -0.028
406.649 -0.029
420.004 -0.03
433.312 -0.031
446.572 -0.032
459.784 -0.033
472.948 -0.034
486.063 -0.035
499.129 -0.036
512.146 -0.037
525.113 -0.038
538.03 -0.039
550.895 -0.04
563.696 -0.041
576.224 -0.042
588.101 -0.043
598.976 -0.044
608.145 -0.045
616.316 -0.046
623.47 -0.047
629.732 -0.048
635.927 -0.049
642.064 -0.05
648.146 -0.051
654.168 -0.052
660.125 -0.053
666.031 -0.054
671.885 -0.055
677.694 -0.056
683.457 -0.057
689.178 -0.058
694.839 -0.059
700.416 -0.06
705.85 -0.061
711.165 -0.062
716.233 -0.063
721.096 -0.064
725.489 -0.065
729.629 -0.066
733.723 -0.067
737.773 -0.068
741.782 -0.069
745.747 -0.07
749.665 -0.071
753.541 -0.072
757.377 -0.073
761.172 -0.074
764.927 -0.075
768.645 -0.076
772.325 -0.077
775.966 -0.078
779.564 -0.079
783.097 -0.08
786.563 -0.081
789.967 -0.082
793.292 -0.083
796.491 -0.084
799.563 -0.085
802.488 -0.086
805.272 -0.087
808.023 -0.088
810.671 -0.089
813.095 -0.09
815.261 -0.091
817.119 -0.092
818.753 -0.093
820.191 -0.094
821.414 -0.095
822.57 -0.096
823.689 -0.097
824.77 -0.098
825.811 -0.099
826.718 -0.1
827.478 -0.101
828.1 -0.102
828.572 -0.103
828.976 -0.104
829.333 -0.105
829.66 -0.106
829.96 -0.107
830.236 -0.108
830.492 -0.109
830.728 -0.11
830.946 -0.111
831.148 -0.112
831.333 -0.113
831.503 -0.114
831.659 -0.115
831.802 -0.116
831.931 -0.117
832.045 -0.118
832.145 -0.119
832.23 -0.12
832.301 -0.121
832.357 -0.122
832.398 -0.123
832.425 -0.124
832.44 -0.125
832.442 -0.126
832.431 -0.127
832.406 -0.128
832.359 -0.129
832.299 -0.13
832.216 -0.131
832.122 -0.132
832.004 -0.133
831.876 -0.134
831.726 -0.135
831.565 -0.136
831.398 -0.137
831.221 -0.138
831.037 -0.139
830.846 -0.14
830.648 -0.141
830.442 -0.142
830.23 -0.143
830.01 -0.144
829.784 -0.145
829.552 -0.146
829.314 -0.147
829.07 -0.148
828.821 -0.149
828.566 -0.15
828.306 -0.151
828.04 -0.152
827.769 -0.153
827.493 -0.154
827.211 -0.155
826.923 -0.156
826.63 -0.157
826.331 -0.158
826.028 -0.159
825.72 -0.16
825.406 -0.161
825.087 -0.162
824.763 -0.163
824.435 -0.164
824.102 -0.165
823.763 -0.166
823.421 -0.167
823.075 -0.168
822.724 -0.169
822.368 -0.17
822.008 -0.171
821.644 -0.172
821.275 -0.173
820.903 -0.174
820.525 -0.175
820.144 -0.176
819.759 -0.177
819.37 -0.178
818.977 -0.179
818.58 -0.18
818.179 -0.181
817.775 -0.182
817.367 -0.183
816.956 -0.184
816.542 -0.185
816.124 -0.186
815.704 -0.187
815.28 -0.188
814.853 -0.189
814.422 -0.19
813.989 -0.191
813.553 -0.192
813.113 -0.193
812.671 -0.194
812.226 -0.195
811.779 -0.196
811.328 -0.197
810.876 -0.198
810.421 -0.199
809.965 -0.2
809.506 -0.201
809.044 -0.202
808.58 -0.203
808.113 -0.204
807.644 -0.205
807.172 -0.206
806.698 -0.207
806.222 -0.208
805.744 -0.209
805.263 -0.21
804.78 -0.211
804.295 -0.212
803.808 -0.213
803.318 -0.214
802.827 -0.215
802.333 -0.216
801.837 -0.217
801.34 -0.218
800.84 -0.219
800.338 -0.22
799.835 -0.221
799.329 -0.222
798.822 -0.223
798.313 -0.224
797.802 -0.225
797.289 -0.226
796.774 -0.227
796.258 -0.228
795.74 -0.229
795.22 -0.23
794.699 -0.231
794.176 -0.232
793.651 -0.233
793.125 -0.234
792.597 -0.235
792.068 -0.236
791.537 -0.237
791.005 -0.238
790.471 -0.239
789.936 -0.24
789.399 -0.241
788.869 -0.242
788.339 -0.243
787.813 -0.244
787.289 -0.245
786.767 -0.246
786.249 -0.247
785.73 -0.248
785.217 -0.249
784.704 -0.25
784.194 -0.251
783.687 -0.252
783.179 -0.253
782.677 -0.254
782.174 -0.255
781.67 -0.256
781.166 -0.257
780.66 -0.258
780.154 -0.259
779.646 -0.26
779.139 -0.261
778.63 -0.262
778.121 -0.263
777.611 -0.264
777.1 -0.265
776.589 -0.266
776.078 -0.267
775.566 -0.268
775.053 -0.269
774.541 -0.27
774.027 -0.271
773.513 -0.272
772.999 -0.273
772.485 -0.274
771.97 -0.275
771.455 -0.276
770.942 -0.277
770.432 -0.278
769.922 -0.279
769.412 -0.28
768.908 -0.281
768.403 -0.282
767.906 -0.283
767.414 -0.284
766.924 -0.285
766.443 -0.286
765.963 -0.287
765.489 -0.288
765.022 -0.289
764.555 -0.29
764.094 -0.291
763.64 -0.292
763.185 -0.293
762.736 -0.294
762.294 -0.295
761.852 -0.296
761.415 -0.297
760.981 -0.298
760.548 -0.299
760.114 -0.3
759.68 -0.301
759.247 -0.302
758.813 -0.303
758.38 -0.304
757.946 -0.305
757.513 -0.306
757.08 -0.307
756.647 -0.308
756.214 -0.309
755.781 -0.31
755.348 -0.311
754.916 -0.312
754.484 -0.313
754.051 -0.314
753.62 -0.315
753.188 -0.316
752.757 -0.317
752.325 -0.318
751.895 -0.319
751.464 -0.32
751.034 -0.321
750.605 -0.322
750.176 -0.323
749.747 -0.324
749.319 -0.325
748.891 -0.326
748.464 -0.327
748.037 -0.328
747.61 -0.329
747.186 -0.33
746.767 -0.331
746.348 -0.332
745.929 -0.333
745.514 -0.334
745.103 -0.335
744.694 -0.336
744.286 -0.337
743.881 -0.338
743.479 -0.339
743.079 -0.34
742.682 -0.341
742.287 -0.342
741.896 -0.343
741.505 -0.344
741.115 -0.345
740.73 -0.346
740.349 -0.347
739.969 -0.348
739.589 -0.349
739.211 -0.35
738.84 -0.351
738.47 -0.352
738.101 -0.353
737.732 -0.354
737.365 -0.355
736.998 -0.356
736.635 -0.357
736.272 -0.358
735.91 -0.359
735.548 -0.36
735.188 -0.361
734.83 -0.362
734.473 -0.363
734.118 -0.364
733.763 -0.365
733.409 -0.366
733.056 -0.367
732.704 -0.368
732.353 -0.369
732.002 -0.37
731.653 -0.371
731.305 -0.372
730.958 -0.373
730.611 -0.374
730.266 -0.375
729.922 -0.376
729.579 -0.377
729.237 -0.378
728.896 -0.379
728.556 -0.38
728.217 -0.381
727.879 -0.382
727.543 -0.383
727.208 -0.384
726.873 -0.385
726.54 -0.386
726.209 -0.387
725.878 -0.388
725.549 -0.389
725.221 -0.39
724.894 -0.391
724.568 -0.392
724.244 -0.393
723.921 -0.394
723.599 -0.395
723.278 -0.396
722.959 -0.397
722.64 -0.398
722.323 -0.399
722.008 -0.4
721.694 -0.401
721.381 -0.402
721.069 -0.403
720.76 -0.404
720.451 -0.405
720.144 -0.406
719.839 -0.407
719.535 -0.408
719.236 -0.409
718.938 -0.41
718.642 -0.411
718.347 -0.412
718.053 -0.413
717.762 -0.414
717.475 -0.415
717.192 -0.416
716.911 -0.417
716.632 -0.418
716.355 -0.419
716.082 -0.42
715.813 -0.421
715.546 -0.422
715.281 -0.423
715.021 -0.424
714.761 -0.425
714.503 -0.426
714.248 -0.427
713.999 -0.428
713.752 -0.429
713.507 -0.43
713.263 -0.431
713.024 -0.432
712.787 -0.433
712.554 -0.434
712.323 -0.435
712.097 -0.436
711.872 -0.437
711.65 -0.438
711.429 -0.439
711.211 -0.44
710.996 -0.441
710.783 -0.442
710.572 -0.443
710.363 -0.444
710.155 -0.445
709.948 -0.446
709.744 -0.447
709.543 -0.448
709.343 -0.449
709.146 -0.45
708.949 -0.451
708.755 -0.452
708.562 -0.453
708.371 -0.454
708.182 -0.455
707.995 -0.456
707.811 -0.457
707.629 -0.458
707.449 -0.459
707.271 -0.46
707.095 -0.461
706.922 -0.462
706.75 -0.463
706.58 -0.464
706.413 -0.465
706.247 -0.466
706.084 -0.467
705.924 -0.468
705.765 -0.469
705.609 -0.47
705.455 -0.471
705.302 -0.472
705.152 -0.473
705.004 -0.474
704.858 -0.475
704.714 -0.476
704.573 -0.477
704.434 -0.478
704.297 -0.479
704.162 -0.48
704.029 -0.481
703.898 -0.482
703.769 -0.483
703.642 -0.484
703.517 -0.485
703.395 -0.486
703.275 -0.487
703.158 -0.488
703.042 -0.489
702.929 -0.49
702.818 -0.491
702.709 -0.492
702.603 -0.493
702.499 -0.494
702.398 -0.495
702.3 -0.496
702.205 -0.497
702.112 -0.498
702.021 -0.499
701.933 -0.5
701.846 -0.501
701.762 -0.502
701.679 -0.503
701.599 -0.504
701.521 -0.505
701.447 -0.506
701.377 -0.507
701.308 -0.508
701.241 -0.509
701.178 -0.51
701.117 -0.511
701.06 -0.512
701.006 -0.513
700.953 -0.514
700.902 -0.515
700.853 -0.516
700.807 -0.517
700.764 -0.518
700.722 -0.519
700.682 -0.52
700.646 -0.521
700.611 -0.522
700.581 -0.523
700.552 -0.524
700.526 -0.525
700.502 -0.526
700.48 -0.527
700.461 -0.528
700.444 -0.529
700.428 -0.53
700.416 -0.531
700.406 -0.532
700.399 -0.533
700.395 -0.534
700.395 -0.535
700.398 -0.536
700.403 -0.537
700.412 -0.538
700.423 -0.539
700.437 -0.54
700.454 -0.541
700.473 -0.542
700.496 -0.543
700.52 -0.544
700.546 -0.545
700.573 -0.546
700.6 -0.547
700.63 -0.548
700.661 -0.549
700.696 -0.55
700.733 -0.551
700.773 -0.552
700.816 -0.553
700.861 -0.554
700.91 -0.555
700.961 -0.556
701.016 -0.557
701.073 -0.558
701.134 -0.559
701.197 -0.56
701.263 -0.561
701.332 -0.562
701.404 -0.563
701.479 -0.564
701.556 -0.565
701.637 -0.566
701.72 -0.567
701.805 -0.568
701.893 -0.569
701.984 -0.57
702.078 -0.571
702.175 -0.572
702.275 -0.573
702.378 -0.574
702.483 -0.575
702.591 -0.576
702.702 -0.577
702.814 -0.578
702.93 -0.579
703.048 -0.58
703.168 -0.581
703.29 -0.582
703.416 -0.583
703.544 -0.584
703.676 -0.585
703.811 -0.586
703.949 -0.587
704.09 -0.588
704.235 -0.589
704.382 -0.59
704.533 -0.591
704.687 -0.592
704.843 -0.593
705.003 -0.594
705.167 -0.595
705.333 -0.596
705.502 -0.597
705.675 -0.598
705.851 -0.599
706.031 -0.6
706.214 -0.601
706.4 -0.602
706.589 -0.603
706.781 -0.604
706.977 -0.605
707.176 -0.606
707.377 -0.607
707.581 -0.608
707.788 -0.609
707.997 -0.61
708.21 -0.611
708.425 -0.612
708.643 -0.613
708.864 -0.614
709.088 -0.615
709.315 -0.616
709.544 -0.617
709.777 -0.618
710.014 -0.619
710.254 -0.62
710.497 -0.621
710.743 -0.622
710.993 -0.623
711.247 -0.624
711.504 -0.625
711.764 -0.626
712.028 -0.627
712.295 -0.628
712.566 -0.629
712.841 -0.63
713.118 -0.631
713.399 -0.632
713.684 -0.633
713.972 -0.634
714.264 -0.635
714.559 -0.636
714.857 -0.637
715.159 -0.638
715.464 -0.639
715.759 -0.64
716.04 -0.641
716.299 -0.642
716.523 -0.643
716.75 -0.644
716.98 -0.645
717.213 -0.646
717.449 -0.647
717.688 -0.648
717.93 -0.649
718.176 -0.65
718.424 -0.651
718.675 -0.652
718.929 -0.653
719.185 -0.654
719.445 -0.655
719.7 -0.656
719.958 -0.657
720.22 -0.658
720.475 -0.659
720.733 -0.66
720.994 -0.661
721.248 -0.662
721.504 -0.663
721.763 -0.664
722.017 -0.665
722.273 -0.666
722.531 -0.667
722.785 -0.668
723.041 -0.669
723.298 -0.67
723.55 -0.671
723.805 -0.672
724.063 -0.673
724.323 -0.674
724.586 -0.675
724.852 -0.676
725.121 -0.677
725.392 -0.678
725.667 -0.679
725.944 -0.68
726.224 -0.681
726.507 -0.682
726.793 -0.683
727.082 -0.684
727.373 -0.685
727.668 -0.686
727.965 -0.687
728.265 -0.688
728.568 -0.689
728.874 -0.69
729.183 -0.691
729.495 -0.692
729.81 -0.693
730.128 -0.694
730.449 -0.695
730.772 -0.696
731.098 -0.697
731.428 -0.698
731.76 -0.699
732.095 -0.7
732.433 -0.701
732.773 -0.702
733.116 -0.703
733.463 -0.704
733.812 -0.705
734.164 -0.706
734.518 -0.707
734.876 -0.708
735.236 -0.709
735.599 -0.71
735.965 -0.711
736.333 -0.712
736.705 -0.713
737.079 -0.714
737.456 -0.715
737.836 -0.716
738.219 -0.717
738.604 -0.718
738.993 -0.719
739.385 -0.72
739.78 -0.721
740.175 -0.722
740.566 -0.723
740.961 -0.724
741.358 -0.725
741.758 -0.726
742.156 -0.727
742.552 -0.728
742.951 -0.729
743.353 -0.73
743.753 -0.731
744.15 -0.732
744.551 -0.733
744.954 -0.734
745.35 -0.735
745.749 -0.736
746.15 -0.737
746.543 -0.738
746.939 -0.739
747.338 -0.74
747.728 -0.741
748.121 -0.742
748.518 -0.743
748.917 -0.744
749.319 -0.745
749.724 -0.746
750.132 -0.747
750.542 -0.748
750.956 -0.749
751.372 -0.75
751.792 -0.751
752.215 -0.752
752.64 -0.753
753.068 -0.754
753.499 -0.755
753.933 -0.756
754.37 -0.757
754.809 -0.758
755.252 -0.759
755.697 -0.76
756.146 -0.761
756.598 -0.762
757.052 -0.763
757.51 -0.764
757.971 -0.765
758.435 -0.766
758.893 -0.767
759.353 -0.768
759.816 -0.769
760.273 -0.77
760.733 -0.771
761.192 -0.772
761.647 -0.773
762.106 -0.774
762.562 -0.775
763.011 -0.776
763.457 -0.777
763.891 -0.778
764.319 -0.779
764.735 -0.78
765.138 -0.781
765.536 -0.782
765.932 -0.783
766.33 -0.784
766.731 -0.785
767.132 -0.786
767.531 -0.787
767.932 -0.788
768.329 -0.789
768.727 -0.79
769.124 -0.791
769.52 -0.792
769.917 -0.793
770.311 -0.794
770.708 -0.795
771.102 -0.796
771.497 -0.797
771.891 -0.798
772.284 -0.799
772.679 -0.8
773.077 -0.801
773.478 -0.802
773.881 -0.803
774.286 -0.804
774.694 -0.805
775.104 -0.806
775.516 -0.807
775.931 -0.808
776.348 -0.809
776.768 -0.81
777.189 -0.811
777.613 -0.812
778.04 -0.813
778.468 -0.814
778.899 -0.815
779.332 -0.816
779.767 -0.817
780.204 -0.818
780.643 -0.819
781.085 -0.82
781.528 -0.821
781.973 -0.822
782.421 -0.823
782.871 -0.824
783.324 -0.825
783.778 -0.826
784.236 -0.827
784.694 -0.828
785.156 -0.829
785.619 -0.83
786.086 -0.831
786.554 -0.832
787.026 -0.833
787.5 -0.834
787.976 -0.835
788.455 -0.836
788.937 -0.837
789.422 -0.838
789.909 -0.839
790.398 -0.84
790.891 -0.841
791.386 -0.842
791.883 -0.843
792.384 -0.844
792.886 -0.845
793.392 -0.846
793.9 -0.847
794.41 -0.848
794.924 -0.849
795.44 -0.85
795.959 -0.851
796.481 -0.852
797.005 -0.853
797.531 -0.854
798.06 -0.855
798.592 -0.856
799.127 -0.857
799.664 -0.858
800.204 -0.859
800.747 -0.86
801.28 -0.861
801.804 -0.862
802.317 -0.863
802.816 -0.864
803.308 -0.865
803.803 -0.866
804.3 -0.867
804.799 -0.868
805.301 -0.869
805.806 -0.87
806.313 -0.871
806.822 -0.872
807.334 -0.873
807.849 -0.874
808.366 -0.875
808.88 -0.876
809.383 -0.877
809.873 -0.878
810.357 -0.879
810.844 -0.88
811.333 -0.881
811.825 -0.882
812.319 -0.883
812.815 -0.884
813.314 -0.885
813.816 -0.886
814.319 -0.887
814.825 -0.888
815.334 -0.889
815.845 -0.89
816.358 -0.891
816.874 -0.892
817.392 -0.893
817.913 -0.894
818.436 -0.895
818.962 -0.896
819.49 -0.897
820.021 -0.898
820.554 -0.899
821.089 -0.9
821.628 -0.901
822.168 -0.902
822.711 -0.903
823.257 -0.904
823.806 -0.905
824.357 -0.906
824.91 -0.907
825.466 -0.908
826.024 -0.909
826.585 -0.91
827.149 -0.911
827.715 -0.912
828.284 -0.913
828.855 -0.914
829.429 -0.915
830.005 -0.916
830.585 -0.917
831.166 -0.918
831.751 -0.919
832.338 -0.92
832.897 -0.921
833.438 -0.922
833.981 -0.923
834.527 -0.924
835.076 -0.925
835.627 -0.926
836.18 -0.927
836.736 -0.928
837.295 -0.929
837.856 -0.93
838.42 -0.931
838.986 -0.932
839.555 -0.933
840.127 -0.934
840.701 -0.935
841.278 -0.936
841.858 -0.937
842.44 -0.938
843.025 -0.939
843.612 -0.94
844.202 -0.941
844.794 -0.942
845.389 -0.943
845.987 -0.944
846.587 -0.945
847.191 -0.946
847.796 -0.947
848.405 -0.948
849.016 -0.949
849.629 -0.95
850.245 -0.951
850.862 -0.952
851.47 -0.953
852.071 -0.954
852.675 -0.955
853.281 -0.956
853.89 -0.957
854.502 -0.958
855.117 -0.959
855.734 -0.96
856.354 -0.961
856.977 -0.962
857.603 -0.963
858.231 -0.964
858.862 -0.965
859.496 -0.966
860.133 -0.967
860.772 -0.968
861.414 -0.969
862.059 -0.97
862.707 -0.971
863.358 -0.972
864.011 -0.973
864.667 -0.974
865.326 -0.975
865.987 -0.976
866.652 -0.977
867.319 -0.978
867.99 -0.979
868.663 -0.98
869.339 -0.981
870.018 -0.982
870.699 -0.983
871.384 -0.984
872.071 -0.985
872.759 -0.986
873.439 -0.987
874.11 -0.988
874.773 -0.989
875.43 -0.99
876.088 -0.991
876.75 -0.992
877.414 -0.993
878.081 -0.994
878.751 -0.995
879.424 -0.996
880.099 -0.997
880.777 -0.998
881.458 -0.999
882.142 -1
882.828 -1.001
883.517 -1.002
884.209 -1.003
884.904 -1.004
885.602 -1.005
886.302 -1.006
887.006 -1.007
887.712 -1.008
888.422 -1.009
889.131 -1.01
889.837 -1.011
890.541 -1.012
891.243 -1.013
891.942 -1.014
892.641 -1.015
893.337 -1.016
894.036 -1.017
894.738 -1.018
895.442 -1.019
896.149 -1.02
896.859 -1.021
897.572 -1.022
898.287 -1.023
899.006 -1.024
899.727 -1.025
900.45 -1.026
901.177 -1.027
901.907 -1.028
902.639 -1.029
903.374 -1.03
904.112 -1.031
904.852 -1.032
905.596 -1.033
906.343 -1.034
907.092 -1.035
907.845 -1.036
908.6 -1.037
909.358 -1.038
910.119 -1.039
910.884 -1.04
911.65 -1.041
912.42 -1.042
913.193 -1.043
913.968 -1.044
914.747 -1.045
915.528 -1.046
916.313 -1.047
917.1 -1.048
917.891 -1.049
918.684 -1.05
919.48 -1.051
920.28 -1.052
921.082 -1.053
921.888 -1.054
922.696 -1.055
923.508 -1.056
924.322 -1.057
925.14 -1.058
925.96 -1.059
926.784 -1.06
927.611 -1.061
928.441 -1.062
929.274 -1.063
930.11 -1.064
930.949 -1.065
931.79 -1.066
932.635 -1.067
933.483 -1.068
934.335 -1.069
935.189 -1.07
936.047 -1.071
936.907 -1.072
937.771 -1.073
938.638 -1.074
939.509 -1.075
940.382 -1.076
941.257 -1.077
942.132 -1.078
943.01 -1.079
943.889 -1.08
944.768 -1.081
945.651 -1.082
946.532 -1.083
947.416 -1.084
948.301 -1.085
949.186 -1.086
950.075 -1.087
950.962 -1.088
951.852 -1.089
952.742 -1.09
953.633 -1.091
954.527 -1.092
955.424 -1.093
956.325 -1.094
957.228 -1.095
958.135 -1.096
959.044 -1.097
959.957 -1.098
960.873 -1.099
961.791 -1.1
962.713 -1.101
963.638 -1.102
964.566 -1.103
965.497 -1.104
966.432 -1.105
967.369 -1.106
968.31 -1.107
969.254 -1.108
970.202 -1.109
971.152 -1.11
972.107 -1.111
973.064 -1.112
974.025 -1.113
974.988 -1.114
975.955 -1.115
976.925 -1.116
977.897 -1.117
978.872 -1.118
979.851 -1.119
980.83 -1.12
981.807 -1.121
982.78 -1.122
983.756 -1.123
984.733 -1.124
985.711 -1.125
986.693 -1.126
987.674 -1.127
988.657 -1.128
989.643 -1.129
990.629 -1.13
991.618 -1.131
992.609 -1.132
993.604 -1.133
994.601 -1.134
995.601 -1.135
996.603 -1.136
997.608 -1.137
998.615 -1.138
999.625 -1.139
1000.64 -1.14
1001.65 -1.141
1002.67 -1.142
1003.69 -1.143
1004.72 -1.144
1005.75 -1.145
1006.78 -1.146
1007.81 -1.147
1008.85 -1.148
1009.89 -1.149
1010.93 -1.15
1011.97 -1.151
1013.02 -1.152
1014.07 -1.153
1015.12 -1.154
1016.18 -1.155
1017.24 -1.156
1018.3 -1.157
1019.37 -1.158
1020.44 -1.159
1021.52 -1.16
1022.59 -1.161
1023.67 -1.162
1024.76 -1.163
1025.84 -1.164
1026.93 -1.165
1028.03 -1.166
1029.12 -1.167
1030.22 -1.168
1031.33 -1.169
1032.43 -1.17
1033.54 -1.171
1034.66 -1.172
1035.77 -1.173
1036.89 -1.174
1038.02 -1.175
1039.14 -1.176
1040.27 -1.177
1041.41 -1.178
1042.54 -1.179
1043.69 -1.18
1044.83 -1.181
1045.98 -1.182
1047.12 -1.183
1048.27 -1.184
1049.42 -1.185
1050.57 -1.186
1051.73 -1.187
1052.89 -1.188
1054.05 -1.189
1055.21 -1.19
1056.38 -1.191
1057.54 -1.192
1058.7 -1.193
1059.87 -1.194
1061.03 -1.195
1062.15 -1.196
1063.23 -1.197
1064.31 -1.198
1065.39 -1.199
1066.46 -1.2
1067.55 -1.201
1068.63 -1.202
1069.71 -1.203
1070.79 -1.204
1071.88 -1.205
1072.96 -1.206
1074.05 -1.207
1075.13 -1.208
1076.21 -1.209
1077.3 -1.21
1078.39 -1.211
1079.48 -1.212
1080.57 -1.213
1081.65 -1.214
1082.74 -1.215
1083.82 -1.216
1084.91 -1.217
1086 -1.218
1087.09 -1.219
1088.18 -1.22
1089.28 -1.221
1090.38 -1.222
1091.48 -1.223
1092.58 -1.224
1093.68 -1.225
1094.79 -1.226
1095.89 -1.227
1097 -1.228
1098.1 -1.229
1099.21 -1.23
1100.32 -1.231
1101.44 -1.232
1102.55 -1.233
1103.67 -1.234
1104.79 -1.235
1105.91 -1.236
1107.03 -1.237
1108.16 -1.238
1109.29 -1.239
1110.42 -1.24
1111.56 -1.241
1112.7 -1.242
1113.84 -1.243
1114.98 -1.244
1116.12 -1.245
1117.27 -1.246
1118.42 -1.247
1119.57 -1.248
1120.72 -1.249
1121.87 -1.25
1123.03 -1.251
1124.18 -1.252
1125.34 -1.253
1126.5 -1.254
1127.65 -1.255
1128.81 -1.256
1129.98 -1.257
1131.14 -1.258
1132.31 -1.259
1133.47 -1.26
1134.65 -1.261
1135.82 -1.262
1137 -1.263
1138.18 -1.264
1139.37 -1.265
1140.56 -1.266
1141.75 -1.267
1142.94 -1.268
1144.14 -1.269
1145.34 -1.27
1146.55 -1.271
1147.75 -1.272
1148.95 -1.273
1150.16 -1.274
1151.37 -1.275
1152.59 -1.276
1153.81 -1.277
1155.03 -1.278
1156.25 -1.279
1157.48 -1.28
1158.7 -1.281
1159.93 -1.282
1161.16 -1.283
1162.38 -1.284
1163.61 -1.285
1164.84 -1.286
1166.07 -1.287
1167.31 -1.288
1168.55 -1.289
1169.78 -1.29
1171.02 -1.291
1172.25 -1.292
1173.49 -1.293
1174.72 -1.294
1175.96 -1.295
1177.2 -1.296
1178.45 -1.297
1179.7 -1.298
1180.94 -1.299
1182.18 -1.3
1183.42 -1.301
1184.65 -1.302
1185.88 -1.303
1187.12 -1.304
1188.35 -1.305
1189.6 -1.306
1190.84 -1.307
1192.08 -1.308
1193.31 -1.309
1194.53 -1.31
1195.76 -1.311
1196.99 -1.312
1198.22 -1.313
1199.45 -1.314
1200.68 -1.315
1201.91 -1.316
1203.14 -1.317
1204.37 -1.318
1205.6 -1.319
1206.83 -1.32
1208.07 -1.321
1209.3 -1.322
1210.53 -1.323
1211.75 -1.324
1212.98 -1.325
1214.2 -1.326
1215.43 -1.327
1216.66 -1.328
1217.89 -1.329
1219.11 -1.33
1220.34 -1.331
1221.58 -1.332
1222.81 -1.333
1224.05 -1.334
1225.29 -1.335
1226.52 -1.336
1227.76 -1.337
1229.01 -1.338
1230.25 -1.339
1231.5 -1.34
1232.75 -1.341
1234 -1.342
1235.26 -1.343
1236.52 -1.344
1237.78 -1.345
1239.04 -1.346
1240.31 -1.347
1241.57 -1.348
1242.84 -1.349
1244.1 -1.35
1245.38 -1.351
1246.65 -1.352
1247.93 -1.353
1249.21 -1.354
1250.49 -1.355
1251.77 -1.356
1253.06 -1.357
1254.35 -1.358
1255.64 -1.359
1256.94 -1.36
1258.24 -1.361
1259.53 -1.362
1260.83 -1.363
1262.13 -1.364
1263.43 -1.365
1264.73 -1.366
1266.03 -1.367
1267.34 -1.368
1268.64 -1.369
1269.94 -1.37
1271.24 -1.371
1272.54 -1.372
1273.84 -1.373
1275.14 -1.374
1276.45 -1.375
1277.76 -1.376
1279.06 -1.377
1280.37 -1.378
1281.69 -1.379
1283 -1.38
1284.3 -1.381
1285.61 -1.382
1286.92 -1.383
1288.22 -1.384
1289.51 -1.385
1290.81 -1.386
1292.12 -1.387
1293.42 -1.388
1294.73 -1.389
1296.04 -1.39
1297.35 -1.391
1298.66 -1.392
1299.98 -1.393
1301.3 -1.394
1302.63 -1.395
1303.95 -1.396
1305.28 -1.397
1306.61 -1.398
1307.92 -1.399
1309.24 -1.4
1310.57 -1.401
1311.89 -1.402
1313.22 -1.403
1314.55 -1.404
1315.89 -1.405
1317.22 -1.406
1318.56 -1.407
1319.9 -1.408
1321.24 -1.409
1322.58 -1.41
1323.92 -1.411
1325.27 -1.412
1326.61 -1.413
1327.93 -1.414
1329.26 -1.415
1330.59 -1.416
1331.93 -1.417
1333.26 -1.418
1334.6 -1.419
1335.93 -1.42
1337.27 -1.421
1338.61 -1.422
1339.95 -1.423
1341.3 -1.424
1342.64 -1.425
1343.99 -1.426
1345.34 -1.427
1346.69 -1.428
1348.04 -1.429
1349.39 -1.43
1350.75 -1.431
1352.11 -1.432
1353.47 -1.433
1354.84 -1.434
1356.21 -1.435
1357.57 -1.436
1358.93 -1.437
1360.3 -1.438
1361.67 -1.439
1363.04 -1.44
1364.42 -1.441
1365.8 -1.442
1367.18 -1.443
1368.56 -1.444
1369.94 -1.445
1371.33 -1.446
1372.71 -1.447
1374.1 -1.448
1375.49 -1.449
1376.88 -1.45
1378.28 -1.451
1379.66 -1.452
1381.05 -1.453
1382.44 -1.454
1383.83 -1.455
1385.22 -1.456
1386.61 -1.457
1388.01 -1.458
1389.4 -1.459
1390.8 -1.46
1392.2 -1.461
1393.6 -1.462
1395 -1.463
1396.4 -1.464
1397.8 -1.465
1399.2 -1.466
1400.61 -1.467
1402.01 -1.468
1403.42 -1.469
1404.79 -1.47
1406.13 -1.471
1407.47 -1.472
1408.81 -1.473
1410.15 -1.474
1411.48 -1.475
1412.82 -1.476
1414.17 -1.477
1415.51 -1.478
1416.86 -1.479
1418.21 -1.48
1419.55 -1.481
1420.9 -1.482
1422.24 -1.483
1423.58 -1.484
1424.91 -1.485
1426.25 -1.486
1427.58 -1.487
1428.91 -1.488
1430.24 -1.489
1431.57 -1.49
1432.91 -1.491
1434.24 -1.492
1435.58 -1.493
1436.91 -1.494
1438.25 -1.495
1439.59 -1.496
1440.94 -1.497
1442.28 -1.498
1443.63 -1.499
1444.98 -1.5
1446.31 -1.501
1447.65 -1.502
1448.99 -1.503
1450.34 -1.504
1451.68 -1.505
1453.03 -1.506
1454.38 -1.507
1455.73 -1.508
1457.08 -1.509
1458.44 -1.51
1459.79 -1.511
1461.15 -1.512
1462.51 -1.513
1463.87 -1.514
1465.23 -1.515
1466.59 -1.516
1467.95 -1.517
1469.3 -1.518
1470.66 -1.519
1472.01 -1.52
1473.37 -1.521
1474.73 -1.522
1476.09 -1.523
1477.45 -1.524
1478.8 -1.525
1480.14 -1.526
1481.49 -1.527
1482.84 -1.528
1484.19 -1.529
1485.55 -1.53
1486.9 -1.531
1488.24 -1.532
1489.58 -1.533
1490.92 -1.534
1492.27 -1.535
1493.61 -1.536
1494.95 -1.537
1496.25 -1.538
1497.52 -1.539
1498.79 -1.54
1500.06 -1.541
1501.34 -1.542
1502.61 -1.543
1503.89 -1.544
1505.17 -1.545
1506.43 -1.546
1507.69 -1.547
1508.96 -1.548
1510.22 -1.549
1511.47 -1.55
1512.72 -1.551
1513.97 -1.552
1515.17 -1.553
1516.33 -1.554
1517.48 -1.555
1518.57 -1.556
1519.58 -1.557
1520.56 -1.558
1521.54 -1.559
1522.53 -1.56
1523.51 -1.561
1524.49 -1.562
1525.48 -1.563
1526.47 -1.564
1527.45 -1.565
1528.44 -1.566
1529.42 -1.567
1530.41 -1.568
1531.4 -1.569
1532.39 -1.57
1533.37 -1.571
1534.36 -1.572
1535.34 -1.573
1536.33 -1.574
1537.29 -1.575
1538.2 -1.576
1539.11 -1.577
1540.01 -1.578
1540.9 -1.579
1541.78 -1.58
1542.67 -1.581
1543.56 -1.582
1544.44 -1.583
1545.33 -1.584
1546.21 -1.585
1547.09 -1.586
1547.97 -1.587
1548.86 -1.588
1549.74 -1.589
1550.62 -1.59
1551.5 -1.591
1552.39 -1.592
1553.27 -1.593
1554.15 -1.594
1555.03 -1.595
1555.91 -1.596
1556.8 -1.597
1557.68 -1.598
1558.56 -1.599
1559.44 -1.6
