19.7977 -0.001
39.553 -0.002
59.2665 -0.003
78.9381 -0.004
98.5676 -0.005
118.155 -0.006
137.7 -0.007
157.202 -0.008
176.662 -0.009
196.08 -0.01
215.454 -0.011
234.786 -0.012
254.075 -0.013
273.321 -0.014
292.523 -0.015
311.683 -0.016
330.799 -0.017
349.871 -0.018
368.9 -0.019
387.884 -0.02
406.825 -0.021
425.722 -0.022
444.575 -0.023
463.383 -0.024
482.147 -0.025
500.866 -0.026
519.54 -0.027
538.169 -0.028
556.753 -0.029
575.292 -0.03
593.785 -0.031
612.233 -0.032
630.634 -0.033
648.99 -0.034
667.186 -0.035
684.446 -0.036
699.848 -0.037
714.41 -0.038
728.906 -0.039
743.355 -0.04
757.782 -0.041
772.174 -0.042
786.53 -0.043
800.846 -0.044
815.123 -0.045
829.36 -0.046
843.553 -0.047
857.707 -0.048
871.824 -0.049
885.838 -0.05
899.581 -0.051
912.718 -0.052
925.303 -0.053
936.871 -0.054
947.853 -0.055
957.44 -0.056
965.637 -0.057
973.386 -0.058
980.906 -0.059
988.323 -0.06
995.515 -0.061
1002.32 -0.062
1008.93 -0.063
1015.45 -0.064
1021.61 -0.065
1027.36 -0.066
1032.83 -0.067
1037.87 -0.068
1042.82 -0.069
1047.72 -0.07
1052.57 -0.071
1057.37 -0.072
1062.13 -0.073
1066.84 -0.074
1071.48 -0.075
1076.03 -0.076
1080.38 -0.077
1084.59 -0.078
1088.72 -0.079
1092.45 -0.08
1096.1 -0.081
1099.64 -0.082
1102.72 -0.083
1105.61 -0.084
1108.09 -0.085
1110.52 -0.086
1112.9 -0.087
1115.22 -0.088
1117.49 -0.089
1119.72 -0.09
1121.91 -0.091
1124.07 -0.092
1126.2 -0.093
1128.3 -0.094
1130.36 -0.095
1132.35 -0.096
1134.28 -0.097
1136.17 -0.098
1137.98 -0.099
1139.75 -0.1
1141.42 -0.101
1143.07 -0.102
1144.7 -0.103
1146.28 -0.104
1147.84 -0.105
1149.37 -0.106
1150.82 -0.107
1152.23 -0.108
1153.55 -0.109
1154.84 -0.11
1156.04 -0.111
1157.19 -0.112
1158.26 -0.113
1159.29 -0.114
1160.28 -0.115
1161.24 -0.116
1162.17 -0.117
1163.06 -0.118
1163.92 -0.119
1164.75 -0.12
1165.54 -0.121
1166.29 -0.122
1167.01 -0.123
1167.7 -0.124
1168.34 -0.125
1168.94 -0.126
1169.53 -0.127
1170.09 -0.128
1170.64 -0.129
1171.16 -0.13
1171.66 -0.131
1172.12 -0.132
1172.56 -0.133
1172.98 -0.134
1173.36 -0.135
1173.72 -0.136
1174.06 -0.137
1174.37 -0.138
1174.64 -0.139
1174.88 -0.14
1175.11 -0.141
1175.28 -0.142
1175.43 -0.143
1175.57 -0.144
1175.68 -0.145
1175.78 -0.146
1175.86 -0.147
1175.94 -0.148
1175.98 -0.149
1176.01 -0.15
1176.04 -0.151
1176.05 -0.152
1176.05 -0.153
1176.04 -0.154
1176.02 -0.155
1175.99 -0.156
1175.94 -0.157
1175.88 -0.158
1175.82 -0.159
1175.74 -0.16
1175.65 -0.161
1175.55 -0.162
1175.43 -0.163
1175.3 -0.164
1175.16 -0.165
1175.01 -0.166
1174.85 -0.167
1174.68 -0.168
1174.49 -0.169
1174.31 -0.17
1174.12 -0.171
1173.91 -0.172
1173.71 -0.173
1173.5 -0.174
1173.28 -0.175
1173.05 -0.176
1172.82 -0.177
1172.58 -0.178
1172.33 -0.179
1172.07 -0.18
1171.81 -0.181
1171.54 -0.182
1171.26 -0.183
1170.98 -0.184
1170.69 -0.185
1170.39 -0.186
1170.09 -0.187
1169.79 -0.188
1169.48 -0.189
1169.16 -0.19
1168.84 -0.191
1168.51 -0.192
1168.18 -0.193
1167.84 -0.194
1167.49 -0.195
1167.15 -0.196
1166.8 -0.197
1166.45 -0.198
1166.09 -0.199
1165.73 -0.2
1165.37 -0.201
1165 -0.202
1164.62 -0.203
1164.24 -0.204
1163.86 -0.205
1163.48 -0.206
1163.09 -0.207
1162.7 -0.208
1162.31 -0.209
1161.91 -0.21
1161.51 -0.211
1161.11 -0.212
1160.71 -0.213
1160.31 -0.214
1159.91 -0.215
1159.5 -0.216
1159.09 -0.217
1158.67 -0.218
1158.26 -0.219
1157.84 -0.22
1157.42 -0.221
1156.99 -0.222
1156.57 -0.223
1156.14 -0.224
1155.71 -0.225
1155.28 -0.226
1154.84 -0.227
1154.4 -0.228
1153.96 -0.229
1153.52 -0.23
1153.08 -0.231
1152.63 -0.232
1152.18 -0.233
1151.73 -0.234
1151.28 -0.235
1150.83 -0.236
1150.37 -0.237
1149.91 -0.238
1149.45 -0.239
1148.99 -0.24
1148.53 -0.241
1148.07 -0.242
1147.61 -0.243
1147.14 -0.244
1146.67 -0.245
1146.2 -0.246
1145.73 -0.247
1145.26 -0.248
1144.78 -0.249
1144.31 -0.25
1143.83 -0.251
1143.35 -0.252
1142.88 -0.253
1142.4 -0.254
1141.92 -0.255
1141.44 -0.256
1140.96 -0.257
1140.48 -0.258
1140 -0.259
1139.51 -0.26
1139.03 -0.261
1138.54 -0.262
1138.05 -0.263
1137.57 -0.264
1137.08 -0.265
1136.6 -0.266
1136.11 -0.267
1135.62 -0.268
1135.13 -0.269
1134.64 -0.27
1134.15 -0.271
1133.66 -0.272
1133.17 -0.273
1132.68 -0.274
1132.19 -0.275
1131.69 -0.276
1131.2 -0.277
1130.71 -0.278
1130.22 -0.279
1129.73 -0.28
1129.24 -0.281
1128.75 -0.282
1128.26 -0.283
1127.76 -0.284
1127.27 -0.285
1126.78 -0.286
1126.28 -0.287
1125.79 -0.288
1125.29 -0.289
1124.8 -0.29
1124.31 -0.291
1123.82 -0.292
1123.33 -0.293
1122.83 -0.294
1122.35 -0.295
1121.86 -0.296
1121.37 -0.297
1120.89 -0.298
1120.41 -0.299
1119.94 -0.3
1119.46 -0.301
1118.99 -0.302
1118.52 -0.303
1118.05 -0.304
1117.59 -0.305
1117.13 -0.306
1116.67 -0.307
1116.21 -0.308
1115.76 -0.309
1115.3 -0.31
1114.85 -0.311
1114.39 -0.312
1113.94 -0.313
1113.49 -0.314
1113.03 -0.315
1112.58 -0.316
1112.13 -0.317
1111.68 -0.318
1111.23 -0.319
1110.77 -0.32
1110.32 -0.321
1109.87 -0.322
1109.42 -0.323
1108.97 -0.324
1108.52 -0.325
1108.07 -0.326
1107.62 -0.327
1107.17 -0.328
1106.73 -0.329
1106.28 -0.33
1105.83 -0.331
1105.38 -0.332
1104.93 -0.333
1104.48 -0.334
1104.03 -0.335
1103.58 -0.336
1103.13 -0.337
1102.68 -0.338
1102.22 -0.339
1101.77 -0.34
1101.31 -0.341
1100.86 -0.342
1100.4 -0.343
1099.93 -0.344
1099.47 -0.345
1099.01 -0.346
1098.55 -0.347
1098.1 -0.348
1097.65 -0.349
1097.21 -0.35
1096.77 -0.351
1096.33 -0.352
1095.9 -0.353
1095.47 -0.354
1095.05 -0.355
1094.64 -0.356
1094.24 -0.357
1093.84 -0.358
1093.44 -0.359
1093.05 -0.36
1092.67 -0.361
1092.28 -0.362
1091.91 -0.363
1091.53 -0.364
1091.15 -0.365
1090.78 -0.366
1090.41 -0.367
1090.04 -0.368
1089.67 -0.369
1089.3 -0.37
1088.94 -0.371
1088.58 -0.372
1088.21 -0.373
1087.85 -0.374
1087.49 -0.375
1087.13 -0.376
1086.77 -0.377
1086.41 -0.378
1086.06 -0.379
1085.7 -0.38
1085.35 -0.381
1084.99 -0.382
1084.64 -0.383
1084.29 -0.384
1083.94 -0.385
1083.59 -0.386
1083.24 -0.387
1082.89 -0.388
1082.54 -0.389
1082.2 -0.39
1081.85 -0.391
1081.5 -0.392
1081.16 -0.393
1080.82 -0.394
1080.47 -0.395
1080.13 -0.396
1079.79 -0.397
1079.45 -0.398
1079.11 -0.399
1078.77 -0.4
1078.43 -0.401
1078.09 -0.402
1077.75 -0.403
1077.41 -0.404
1077.07 -0.405
1076.74 -0.406
1076.4 -0.407
1076.06 -0.408
1075.72 -0.409
1075.39 -0.41
1075.05 -0.411
1074.71 -0.412
1074.37 -0.413
1074.03 -0.414
1073.69 -0.415
1073.34 -0.416
1072.99 -0.417
1072.63 -0.418
1072.3 -0.419
1071.96 -0.42
1071.63 -0.421
1071.29 -0.422
1070.95 -0.423
1070.59 -0.424
1070.26 -0.425
1069.94 -0.426
1069.63 -0.427
1069.31 -0.428
1069 -0.429
1068.7 -0.43
1068.39 -0.431
1068.09 -0.432
1067.79 -0.433
1067.49 -0.434
1067.19 -0.435
1066.89 -0.436
1066.6 -0.437
1066.31 -0.438
1066.02 -0.439
1065.73 -0.44
1065.44 -0.441
1065.15 -0.442
1064.87 -0.443
1064.59 -0.444
1064.3 -0.445
1064.03 -0.446
1063.75 -0.447
1063.47 -0.448
1063.2 -0.449
1062.93 -0.45
1062.66 -0.451
1062.39 -0.452
1062.12 -0.453
1061.86 -0.454
1061.59 -0.455
1061.33 -0.456
1061.07 -0.457
1060.81 -0.458
1060.56 -0.459
1060.3 -0.46
1060.05 -0.461
1059.8 -0.462
1059.55 -0.463
1059.3 -0.464
1059.05 -0.465
1058.8 -0.466
1058.56 -0.467
1058.31 -0.468
1058.07 -0.469
1057.83 -0.47
1057.59 -0.471
1057.35 -0.472
1057.11 -0.473
1056.87 -0.474
1056.64 -0.475
1056.4 -0.476
1056.17 -0.477
1055.93 -0.478
1055.7 -0.479
1055.47 -0.48
1055.24 -0.481
1055.01 -0.482
1054.78 -0.483
1054.56 -0.484
1054.34 -0.485
1054.12 -0.486
1053.91 -0.487
1053.7 -0.488
1053.49 -0.489
1053.29 -0.49
1053.08 -0.491
1052.88 -0.492
1052.68 -0.493
1052.48 -0.494
1052.28 -0.495
1052.08 -0.496
1051.88 -0.497
1051.69 -0.498
1051.5 -0.499
1051.31 -0.5
1051.12 -0.501
1050.93 -0.502
1050.74 -0.503
1050.55 -0.504
1050.37 -0.505
1050.18 -0.506
1050 -0.507
1049.81 -0.508
1049.62 -0.509
1049.44 -0.51
1049.26 -0.511
1049.08 -0.512
1048.9 -0.513
1048.71 -0.514
1048.53 -0.515
1048.34 -0.516
1048.15 -0.517
1047.96 -0.518
1047.76 -0.519
1047.56 -0.52
1047.36 -0.521
1047.14 -0.522
1046.92 -0.523
1046.69 -0.524
1046.44 -0.525
1046.19 -0.526
1045.95 -0.527
1045.69 -0.528
1045.43 -0.529
1045.17 -0.53
1044.89 -0.531
1044.61 -0.532
1044.34 -0.533
1044.09 -0.534
1043.84 -0.535
1043.58 -0.536
1043.31 -0.537
1043.04 -0.538
1042.76 -0.539
1042.47 -0.54
1042.19 -0.541
1041.92 -0.542
1041.64 -0.543
1041.36 -0.544
1041.08 -0.545
1040.8 -0.546
1040.53 -0.547
1040.26 -0.548
1039.98 -0.549
1039.71 -0.55
1039.45 -0.551
1039.19 -0.552
1038.94 -0.553
1038.69 -0.554
1038.47 -0.555
1038.27 -0.556
1038.08 -0.557
1037.89 -0.558
1037.72 -0.559
1037.54 -0.56
1037.39 -0.561
1037.25 -0.562
1037.12 -0.563
1036.99 -0.564
1036.87 -0.565
1036.76 -0.566
1036.65 -0.567
1036.55 -0.568
1036.44 -0.569
1036.34 -0.57
1036.24 -0.571
1036.14 -0.572
1036.04 -0.573
1035.94 -0.574
1035.85 -0.575
1035.76 -0.576
1035.66 -0.577
1035.57 -0.578
1035.48 -0.579
1035.39 -0.58
1035.3 -0.581
1035.21 -0.582
1035.12 -0.583
1035.04 -0.584
1034.95 -0.585
1034.86 -0.586
1034.78 -0.587
1034.69 -0.588
1034.6 -0.589
1034.52 -0.59
1034.44 -0.591
1034.35 -0.592
1034.27 -0.593
1034.19 -0.594
1034.11 -0.595
1034.03 -0.596
1033.95 -0.597
1033.87 -0.598
1033.79 -0.599
1033.71 -0.6
1033.64 -0.601
1033.56 -0.602
1033.49 -0.603
1033.41 -0.604
1033.34 -0.605
1033.27 -0.606
1033.2 -0.607
1033.14 -0.608
1033.07 -0.609
1033.01 -0.61
1032.94 -0.611
1032.89 -0.612
1032.83 -0.613
1032.79 -0.614
1032.74 -0.615
1032.71 -0.616
1032.67 -0.617
1032.64 -0.618
1032.61 -0.619
1032.58 -0.62
1032.55 -0.621
1032.53 -0.622
1032.5 -0.623
1032.48 -0.624
1032.45 -0.625
1032.43 -0.626
1032.41 -0.627
1032.39 -0.628
1032.37 -0.629
1032.36 -0.63
1032.35 -0.631
1032.34 -0.632
1032.33 -0.633
1032.33 -0.634
1032.32 -0.635
1032.32 -0.636
1032.32 -0.637
1032.33 -0.638
1032.34 -0.639
1032.35 -0.64
1032.37 -0.641
1032.39 -0.642
1032.41 -0.643
1032.43 -0.644
1032.45 -0.645
1032.48 -0.646
1032.51 -0.647
1032.54 -0.648
1032.58 -0.649
1032.62 -0.65
1032.67 -0.651
1032.72 -0.652
1032.77 -0.653
1032.82 -0.654
1032.88 -0.655
1032.93 -0.656
1032.99 -0.657
1033.06 -0.658
1033.12 -0.659
1033.19 -0.66
1033.26 -0.661
1033.33 -0.662
1033.41 -0.663
1033.48 -0.664
1033.56 -0.665
1033.65 -0.666
1033.73 -0.667
1033.81 -0.668
1033.9 -0.669
1033.98 -0.67
1034.05 -0.671
1034.12 -0.672
1034.17 -0.673
1034.23 -0.674
1034.29 -0.675
1034.34 -0.676
1034.41 -0.677
1034.47 -0.678
1034.53 -0.679
1034.6 -0.68
1034.66 -0.681
1034.73 -0.682
1034.79 -0.683
1034.86 -0.684
1034.92 -0.685
1034.98 -0.686
1035.04 -0.687
1035.1 -0.688
1035.17 -0.689
1035.23 -0.69
1035.3 -0.691
1035.37 -0.692
1035.45 -0.693
1035.52 -0.694
1035.6 -0.695
1035.68 -0.696
1035.76 -0.697
1035.85 -0.698
1035.93 -0.699
1036.02 -0.7
1036.11 -0.701
1036.21 -0.702
1036.3 -0.703
1036.4 -0.704
1036.5 -0.705
1036.6 -0.706
1036.71 -0.707
1036.81 -0.708
1036.92 -0.709
1037.04 -0.71
1037.15 -0.711
1037.27 -0.712
1037.39 -0.713
1037.51 -0.714
1037.63 -0.715
1037.76 -0.716
1037.89 -0.717
1038.01 -0.718
1038.14 -0.719
1038.26 -0.72
1038.39 -0.721
1038.51 -0.722
1038.63 -0.723
1038.76 -0.724
1038.88 -0.725
1039 -0.726
1039.13 -0.727
1039.25 -0.728
1039.38 -0.729
1039.52 -0.73
1039.65 -0.731
1039.79 -0.732
1039.92 -0.733
1040.06 -0.734
1040.2 -0.735
1040.33 -0.736
1040.47 -0.737
1040.61 -0.738
1040.75 -0.739
1040.89 -0.74
1041.03 -0.741
1041.17 -0.742
1041.32 -0.743
1041.46 -0.744
1041.61 -0.745
1041.76 -0.746
1041.91 -0.747
1042.06 -0.748
1042.21 -0.749
1042.37 -0.75
1042.52 -0.751
1042.68 -0.752
1042.84 -0.753
1043 -0.754
1043.16 -0.755
1043.32 -0.756
1043.49 -0.757
1043.65 -0.758
1043.82 -0.759
1043.99 -0.76
1044.16 -0.761
1044.33 -0.762
1044.5 -0.763
1044.66 -0.764
1044.83 -0.765
1044.99 -0.766
1045.15 -0.767
1045.3 -0.768
1045.44 -0.769
1045.58 -0.77
1045.71 -0.771
1045.82 -0.772
1045.94 -0.773
1046.03 -0.774
1046.13 -0.775
1046.21 -0.776
1046.29 -0.777
1046.37 -0.778
1046.44 -0.779
1046.52 -0.78
1046.6 -0.781
1046.68 -0.782
1046.76 -0.783
1046.85 -0.784
1046.96 -0.785
1047.11 -0.786
1047.3 -0.787
1047.51 -0.788
1047.71 -0.789
1047.91 -0.79
1048.14 -0.791
1048.41 -0.792
1048.68 -0.793
1048.92 -0.794
1049.15 -0.795
1049.38 -0.796
1049.62 -0.797
1049.85 -0.798
1050.09 -0.799
1050.32 -0.8
1050.56 -0.801
1050.79 -0.802
1051.03 -0.803
1051.28 -0.804
1051.52 -0.805
1051.77 -0.806
1052.02 -0.807
1052.27 -0.808
1052.52 -0.809
1052.78 -0.81
1053.04 -0.811
1053.3 -0.812
1053.57 -0.813
1053.83 -0.814
1054.1 -0.815
1054.37 -0.816
1054.63 -0.817
1054.9 -0.818
1055.18 -0.819
1055.45 -0.82
1055.73 -0.821
1055.99 -0.822
1056.26 -0.823
1056.54 -0.824
1056.81 -0.825
1057.09 -0.826
1057.37 -0.827
1057.66 -0.828
1057.95 -0.829
1058.24 -0.83
1058.53 -0.831
1058.83 -0.832
1059.13 -0.833
1059.43 -0.834
1059.73 -0.835
1060.04 -0.836
1060.35 -0.837
1060.67 -0.838
1060.98 -0.839
1061.3 -0.84
1061.62 -0.841
1061.95 -0.842
1062.28 -0.843
1062.61 -0.844
1062.95 -0.845
1063.28 -0.846
1063.62 -0.847
1063.97 -0.848
1064.31 -0.849
1064.66 -0.85
1065.01 -0.851
1065.36 -0.852
1065.71 -0.853
1066.06 -0.854
1066.41 -0.855
1066.76 -0.856
1067.12 -0.857
1067.47 -0.858
1067.82 -0.859
1068.18 -0.86
1068.54 -0.861
1068.89 -0.862
1069.25 -0.863
1069.61 -0.864
1069.97 -0.865
1070.34 -0.866
1070.7 -0.867
1071.07 -0.868
1071.43 -0.869
1071.8 -0.87
1072.17 -0.871
1072.54 -0.872
1072.92 -0.873
1073.29 -0.874
1073.68 -0.875
1074.06 -0.876
1074.45 -0.877
1074.84 -0.878
1075.23 -0.879
1075.63 -0.88
1076.03 -0.881
1076.43 -0.882
1076.84 -0.883
1077.25 -0.884
1077.66 -0.885
1078.08 -0.886
1078.5 -0.887
1078.92 -0.888
1079.34 -0.889
1079.77 -0.89
1080.2 -0.891
1080.64 -0.892
1081.07 -0.893
1081.51 -0.894
1081.95 -0.895
1082.4 -0.896
1082.84 -0.897
1083.29 -0.898
1083.74 -0.899
1084.2 -0.9
1084.65 -0.901
1085.11 -0.902
1085.57 -0.903
1086.04 -0.904
1086.51 -0.905
1086.97 -0.906
1087.45 -0.907
1087.92 -0.908
1088.4 -0.909
1088.88 -0.91
1089.36 -0.911
1089.84 -0.912
1090.33 -0.913
1090.82 -0.914
1091.31 -0.915
1091.81 -0.916
1092.31 -0.917
1092.8 -0.918
1093.31 -0.919
1093.81 -0.92
1094.32 -0.921
1094.84 -0.922
1095.35 -0.923
1095.87 -0.924
1096.4 -0.925
1096.92 -0.926
1097.45 -0.927
1097.98 -0.928
1098.52 -0.929
1099.06 -0.93
1099.6 -0.931
1100.15 -0.932
1100.7 -0.933
1101.25 -0.934
1101.8 -0.935
1102.36 -0.936
1102.92 -0.937
1103.48 -0.938
1104.04 -0.939
1104.61 -0.94
1105.18 -0.941
1105.75 -0.942
1106.32 -0.943
1106.89 -0.944
1107.47 -0.945
1108.05 -0.946
1108.62 -0.947
1109.21 -0.948
1109.79 -0.949
1110.38 -0.95
1110.97 -0.951
1111.56 -0.952
1112.15 -0.953
1112.75 -0.954
1113.35 -0.955
1113.95 -0.956
1114.55 -0.957
1115.15 -0.958
1115.76 -0.959
1116.37 -0.96
1116.98 -0.961
1117.59 -0.962
1118.21 -0.963
1118.83 -0.964
1119.46 -0.965
1120.08 -0.966
1120.72 -0.967
1121.35 -0.968
1121.99 -0.969
1122.63 -0.97
1123.28 -0.971
1123.93 -0.972
1124.59 -0.973
1125.25 -0.974
1125.91 -0.975
1126.57 -0.976
1127.24 -0.977
1127.92 -0.978
1128.59 -0.979
1129.27 -0.98
1129.96 -0.981
1130.65 -0.982
1131.34 -0.983
1132.03 -0.984
1132.73 -0.985
1133.44 -0.986
1134.15 -0.987
1134.86 -0.988
1135.57 -0.989
1136.29 -0.99
1137.01 -0.991
1137.74 -0.992
1138.47 -0.993
1139.2 -0.994
1139.94 -0.995
1140.68 -0.996
1141.43 -0.997
1142.18 -0.998
1142.93 -0.999
1143.69 -1
1144.45 -1.001
1145.21 -1.002
1145.98 -1.003
1146.75 -1.004
1147.52 -1.005
1148.3 -1.006
1149.08 -1.007
1149.87 -1.008
1150.65 -1.009
1151.44 -1.01
1152.24 -1.011
1153.03 -1.012
1153.83 -1.013
1154.63 -1.014
1155.43 -1.015
1156.23 -1.016
1157.03 -1.017
1157.84 -1.018
1158.65 -1.019
1159.45 -1.02
1160.26 -1.021
1161.07 -1.022
1161.88 -1.023
1162.7 -1.024
1163.52 -1.025
1164.34 -1.026
1165.17 -1.027
1165.99 -1.028
1166.82 -1.029
1167.66 -1.03
1168.49 -1.031
1169.33 -1.032
1170.18 -1.033
1171.02 -1.034
1171.86 -1.035
1172.71 -1.036
1173.55 -1.037
1174.4 -1.038
1175.26 -1.039
1176.11 -1.04
1176.96 -1.041
1177.82 -1.042
1178.67 -1.043
1179.53 -1.044
1180.39 -1.045
1181.26 -1.046
1182.12 -1.047
1182.99 -1.048
1183.87 -1.049
1184.75 -1.05
1185.63 -1.051
1186.51 -1.052
1187.4 -1.053
1188.28 -1.054
1189.18 -1.055
1190.07 -1.056
1190.97 -1.057
1191.88 -1.058
1192.78 -1.059
1193.69 -1.06
1194.61 -1.061
1195.52 -1.062
1196.44 -1.063
1197.37 -1.064
1198.3 -1.065
1199.23 -1.066
1200.16 -1.067
1201.1 -1.068
1202.04 -1.069
1202.98 -1.07
1203.93 -1.071
1204.89 -1.072
1205.84 -1.073
1206.8 -1.074
1207.76 -1.075
1208.73 -1.076
1209.7 -1.077
1210.67 -1.078
1211.65 -1.079
1212.63 -1.08
1213.62 -1.081
1214.61 -1.082
1215.61 -1.083
1216.61 -1.084
1217.61 -1.085
1218.63 -1.086
1219.65 -1.087
1220.67 -1.088
1221.7 -1.089
1222.73 -1.09
1223.76 -1.091
1224.8 -1.092
1225.84 -1.093
1226.89 -1.094
1227.94 -1.095
1229 -1.096
1230.06 -1.097
1231.12 -1.098
1232.2 -1.099
1233.28 -1.1
1234.36 -1.101
1235.46 -1.102
1236.56 -1.103
1237.66 -1.104
1238.77 -1.105
1239.89 -1.106
1241.01 -1.107
1242.13 -1.108
1243.26 -1.109
1244.39 -1.11
1245.53 -1.111
1246.67 -1.112
1247.81 -1.113
1248.96 -1.114
1250.11 -1.115
1251.27 -1.116
1252.43 -1.117
1253.6 -1.118
1254.77 -1.119
1255.95 -1.12
1257.13 -1.121
1258.31 -1.122
1259.51 -1.123
1260.71 -1.124
1261.92 -1.125
1263.13 -1.126
1264.34 -1.127
1265.56 -1.128
1266.78 -1.129
1268 -1.13
1269.23 -1.131
1270.46 -1.132
1271.7 -1.133
1272.93 -1.134
1274.18 -1.135
1275.43 -1.136
1276.68 -1.137
1277.93 -1.138
1279.19 -1.139
1280.45 -1.14
1281.72 -1.141
1282.99 -1.142
1284.26 -1.143
1285.54 -1.144
1286.82 -1.145
1288.1 -1.146
1289.39 -1.147
1290.68 -1.148
1291.98 -1.149
1293.27 -1.15
1294.58 -1.151
1295.88 -1.152
1297.19 -1.153
1298.51 -1.154
1299.82 -1.155
1301.14 -1.156
1302.46 -1.157
1303.8 -1.158
1305.14 -1.159
1306.48 -1.16
1307.83 -1.161
1309.19 -1.162
1310.55 -1.163
1311.91 -1.164
1313.27 -1.165
1314.64 -1.166
1316.01 -1.167
1317.39 -1.168
1318.77 -1.169
1320.16 -1.17
1321.55 -1.171
1322.94 -1.172
1324.34 -1.173
1325.74 -1.174
1327.15 -1.175
1328.56 -1.176
1329.97 -1.177
1331.38 -1.178
1332.8 -1.179
1334.23 -1.18
1335.66 -1.181
1337.09 -1.182
1338.52 -1.183
1339.96 -1.184
1341.41 -1.185
1342.86 -1.186
1344.31 -1.187
1345.77 -1.188
1347.22 -1.189
1348.69 -1.19
1350.15 -1.191
1351.63 -1.192
1353.1 -1.193
1354.58 -1.194
1356.07 -1.195
1357.56 -1.196
1359.05 -1.197
1360.55 -1.198
1362.06 -1.199
1363.56 -1.2
1365.07 -1.201
1366.59 -1.202
1368.11 -1.203
1369.63 -1.204
1371.15 -1.205
1372.69 -1.206
1374.22 -1.207
1375.76 -1.208
1377.3 -1.209
1378.85 -1.21
1380.4 -1.211
1381.96 -1.212
1383.52 -1.213
1385.08 -1.214
1386.65 -1.215
1388.22 -1.216
1389.79 -1.217
1391.36 -1.218
1392.94 -1.219
1394.52 -1.22
1396.1 -1.221
1397.7 -1.222
1399.29 -1.223
1400.89 -1.224
1402.5 -1.225
1404.1 -1.226
1405.72 -1.227
1407.34 -1.228
1408.96 -1.229
1410.59 -1.23
1412.22 -1.231
1413.86 -1.232
1415.5 -1.233
1417.15 -1.234
1418.8 -1.235
1420.45 -1.236
1422.12 -1.237
1423.78 -1.238
1425.45 -1.239
1427.12 -1.24
1428.79 -1.241
1430.46 -1.242
1432.14 -1.243
1433.83 -1.244
1435.52 -1.245
1437.21 -1.246
1438.91 -1.247
1440.61 -1.248
1442.31 -1.249
1444.01 -1.25
1445.72 -1.251
1447.44 -1.252
1449.16 -1.253
1450.88 -1.254
1452.61 -1.255
1454.35 -1.256
1456.09 -1.257
1457.82 -1.258
1459.55 -1.259
1461.29 -1.26
1463.03 -1.261
1464.77 -1.262
1466.52 -1.263
1468.27 -1.264
1470.03 -1.265
1471.78 -1.266
1473.53 -1.267
1475.27 -1.268
1477.02 -1.269
1478.77 -1.27
1480.52 -1.271
1482.27 -1.272
1484.01 -1.273
1485.7 -1.274
1487.33 -1.275
1488.96 -1.276
1490.6 -1.277
1492.23 -1.278
1493.87 -1.279
1495.52 -1.28
1497.17 -1.281
1498.82 -1.282
1500.48 -1.283
1502.14 -1.284
1503.81 -1.285
1505.47 -1.286
1507.13 -1.287
1508.79 -1.288
1510.45 -1.289
1512.11 -1.29
1513.78 -1.291
1515.46 -1.292
1517.13 -1.293
1518.79 -1.294
1520.46 -1.295
1522.12 -1.296
1523.79 -1.297
1525.47 -1.298
1527.15 -1.299
1528.83 -1.3
1530.51 -1.301
1532.2 -1.302
1533.88 -1.303
1535.57 -1.304
1537.24 -1.305
1538.9 -1.306
1540.56 -1.307
1542.2 -1.308
1543.8 -1.309
1545.39 -1.31
1546.99 -1.311
1548.59 -1.312
1550.19 -1.313
1551.78 -1.314
1553.38 -1.315
1554.98 -1.316
1556.59 -1.317
1558.2 -1.318
1559.81 -1.319
1561.43 -1.32
1563.04 -1.321
1564.65 -1.322
1566.26 -1.323
1567.88 -1.324
1569.51 -1.325
1571.13 -1.326
1572.76 -1.327
1574.4 -1.328
1576.04 -1.329
1577.68 -1.33
1579.33 -1.331
1580.99 -1.332
1582.64 -1.333
1584.31 -1.334
1585.97 -1.335
1587.65 -1.336
1589.32 -1.337
1591 -1.338
1592.68 -1.339
1594.37 -1.34
1596.06 -1.341
1597.76 -1.342
1599.46 -1.343
1601.16 -1.344
1602.87 -1.345
1604.59 -1.346
1606.31 -1.347
1608.03 -1.348
1609.76 -1.349
1611.5 -1.35
1613.23 -1.351
1614.97 -1.352
1616.72 -1.353
1618.47 -1.354
1620.22 -1.355
1621.98 -1.356
1623.74 -1.357
1625.51 -1.358
1627.29 -1.359
1629.06 -1.36
1630.85 -1.361
1632.64 -1.362
1634.43 -1.363
1636.22 -1.364
1638.02 -1.365
1639.83 -1.366
1641.64 -1.367
1643.45 -1.368
1645.27 -1.369
1647.09 -1.37
1648.92 -1.371
1650.75 -1.372
1652.59 -1.373
1654.43 -1.374
1656.28 -1.375
1658.13 -1.376
1659.99 -1.377
1661.85 -1.378
1663.71 -1.379
1665.58 -1.38
1667.46 -1.381
1669.33 -1.382
1671.22 -1.383
1673.11 -1.384
1675 -1.385
1676.9 -1.386
1678.8 -1.387
1680.71 -1.388
1682.62 -1.389
1684.54 -1.39
1686.47 -1.391
1688.39 -1.392
1690.32 -1.393
1692.26 -1.394
1694.19 -1.395
1696.14 -1.396
1698.09 -1.397
1700.04 -1.398
1702 -1.399
1703.96 -1.4
1705.93 -1.401
1707.9 -1.402
1709.88 -1.403
1711.86 -1.404
1713.85 -1.405
1715.84 -1.406
1717.84 -1.407
1719.84 -1.408
1721.85 -1.409
1723.86 -1.41
1725.88 -1.411
1727.9 -1.412
1729.93 -1.413
1731.96 -1.414
1734 -1.415
1736.04 -1.416
1738.09 -1.417
1740.14 -1.418
1742.2 -1.419
1744.26 -1.42
1746.33 -1.421
1748.4 -1.422
1750.48 -1.423
1752.56 -1.424
1754.64 -1.425
1756.73 -1.426
1758.83 -1.427
1760.92 -1.428
1763.03 -1.429
1765.14 -1.43
1767.25 -1.431
1769.37 -1.432
1771.49 -1.433
1773.61 -1.434
1775.74 -1.435
1777.88 -1.436
1780.02 -1.437
1782.16 -1.438
1784.31 -1.439
1786.46 -1.44
1788.62 -1.441
1790.78 -1.442
1792.95 -1.443
1795.12 -1.444
1797.29 -1.445
1799.47 -1.446
1801.65 -1.447
1803.84 -1.448
1806.04 -1.449
1808.24 -1.45
1810.44 -1.451
1812.65 -1.452
1814.85 -1.453
1817.07 -1.454
1819.29 -1.455
1821.51 -1.456
1823.74 -1.457
1825.97 -1.458
1828.2 -1.459
1830.44 -1.46
1832.69 -1.461
1834.93 -1.462
1837.18 -1.463
1839.42 -1.464
1841.66 -1.465
1843.91 -1.466
1846.16 -1.467
1848.42 -1.468
1850.69 -1.469
1852.95 -1.47
1855.22 -1.471
1857.5 -1.472
1859.78 -1.473
1862.07 -1.474
1864.36 -1.475
1866.65 -1.476
1868.94 -1.477
1871.24 -1.478
1873.52 -1.479
1875.82 -1.48
1878.11 -1.481
1880.41 -1.482
1882.71 -1.483
1885.02 -1.484
1887.33 -1.485
1889.65 -1.486
1891.97 -1.487
1894.3 -1.488
1896.63 -1.489
1898.96 -1.49
1901.3 -1.491
1903.64 -1.492
1905.98 -1.493
1908.33 -1.494
1910.67 -1.495
1913.01 -1.496
1915.36 -1.497
1917.7 -1.498
1920.05 -1.499
1922.4 -1.5
