20.6269 -0.001
41.1934 -0.002
61.7001 -0.003
82.1472 -0.004
102.535 -0.005
122.863 -0.006
143.131 -0.007
163.341 -0.008
183.491 -0.009
203.583 -0.01
223.616 -0.011
243.59 -0.012
263.505 -0.013
283.362 -0.014
303.161 -0.015
322.902 -0.016
342.584 -0.017
362.208 -0.018
381.775 -0.019
401.283 -0.02
420.734 -0.021
440.127 -0.022
459.462 -0.023
478.739 -0.024
497.959 -0.025
517.122 -0.026
536.227 -0.027
555.274 -0.028
574.264 -0.029
593.197 -0.03
612.072 -0.031
630.889 -0.032
649.531 -0.033
666.922 -0.034
681.235 -0.035
692.099 -0.036
702.808 -0.037
713.402 -0.038
723.951 -0.039
734.47 -0.04
744.989 -0.041
755.48 -0.042
765.936 -0.043
776.365 -0.044
786.768 -0.045
797.133 -0.046
807.44 -0.047
817.667 -0.048
827.855 -0.049
837.991 -0.05
847.976 -0.051
857.695 -0.052
866.955 -0.053
875.915 -0.054
884.576 -0.055
892.746 -0.056
900.681 -0.057
908.432 -0.058
915.803 -0.059
922.885 -0.06
929.698 -0.061
936.359 -0.062
942.734 -0.063
948.976 -0.064
954.758 -0.065
960.292 -0.066
965.342 -0.067
969.752 -0.068
974.092 -0.069
977.347 -0.07
979.907 -0.071
981.46 -0.072
982.899 -0.073
984.307 -0.074
985.685 -0.075
987.038 -0.076
988.351 -0.077
989.576 -0.078
990.679 -0.079
991.658 -0.08
992.526 -0.081
993.312 -0.082
994.072 -0.083
994.775 -0.084
995.41 -0.085
996.022 -0.086
996.614 -0.087
997.18 -0.088
997.649 -0.089
998.092 -0.09
998.52 -0.091
998.935 -0.092
999.292 -0.093
999.596 -0.094
999.89 -0.095
1000.14 -0.096
1000.36 -0.097
1000.58 -0.098
1000.79 -0.099
1000.98 -0.1
1001.17 -0.101
1001.35 -0.102
1001.52 -0.103
1001.68 -0.104
1001.82 -0.105
1001.94 -0.106
1002.05 -0.107
1002.14 -0.108
1002.23 -0.109
1002.3 -0.11
1002.36 -0.111
1002.4 -0.112
1002.43 -0.113
1002.43 -0.114
1002.36 -0.115
1002.28 -0.116
1002.2 -0.117
1002.11 -0.118
1002.01 -0.119
1001.92 -0.12
1001.81 -0.121
1001.7 -0.122
1001.56 -0.123
1001.41 -0.124
1001.26 -0.125
1001.11 -0.126
1000.95 -0.127
1000.79 -0.128
1000.6 -0.129
1000.39 -0.13
1000.18 -0.131
999.96 -0.132
999.741 -0.133
999.52 -0.134
999.299 -0.135
999.076 -0.136
998.852 -0.137
998.627 -0.138
998.401 -0.139
998.175 -0.14
997.947 -0.141
997.718 -0.142
997.489 -0.143
997.259 -0.144
997.024 -0.145
996.778 -0.146
996.532 -0.147
996.286 -0.148
996.039 -0.149
995.792 -0.15
995.545 -0.151
995.298 -0.152
995.05 -0.153
994.802 -0.154
994.554 -0.155
994.306 -0.156
994.058 -0.157
993.809 -0.158
993.561 -0.159
993.312 -0.16
993.063 -0.161
992.814 -0.162
992.565 -0.163
992.316 -0.164
992.067 -0.165
991.817 -0.166
991.566 -0.167
991.31 -0.168
991.049 -0.169
990.787 -0.17
990.524 -0.171
990.262 -0.172
989.999 -0.173
989.738 -0.174
989.477 -0.175
989.215 -0.176
988.954 -0.177
988.694 -0.178
988.433 -0.179
988.173 -0.18
987.913 -0.181
987.653 -0.182
987.394 -0.183
987.135 -0.184
986.876 -0.185
986.618 -0.186
986.361 -0.187
986.104 -0.188
985.848 -0.189
985.593 -0.19
985.338 -0.191
985.083 -0.192
984.83 -0.193
984.577 -0.194
984.326 -0.195
984.075 -0.196
983.826 -0.197
983.577 -0.198
983.329 -0.199
983.082 -0.2
982.836 -0.201
982.591 -0.202
982.347 -0.203
982.104 -0.204
981.862 -0.205
981.621 -0.206
981.381 -0.207
981.142 -0.208
980.904 -0.209
980.667 -0.21
980.431 -0.211
980.196 -0.212
979.963 -0.213
979.73 -0.214
979.498 -0.215
979.266 -0.216
979.035 -0.217
978.806 -0.218
978.577 -0.219
978.349 -0.22
978.123 -0.221
977.897 -0.222
977.673 -0.223
977.45 -0.224
977.228 -0.225
977.008 -0.226
976.788 -0.227
976.569 -0.228
976.351 -0.229
976.134 -0.23
975.918 -0.231
975.704 -0.232
975.491 -0.233
975.28 -0.234
975.069 -0.235
974.861 -0.236
974.652 -0.237
974.445 -0.238
974.239 -0.239
974.033 -0.24
973.827 -0.241
973.622 -0.242
973.418 -0.243
973.216 -0.244
973.015 -0.245
972.816 -0.246
972.617 -0.247
972.418 -0.248
972.22 -0.249
972.024 -0.25
971.829 -0.251
971.635 -0.252
971.443 -0.253
971.252 -0.254
971.062 -0.255
970.873 -0.256
970.685 -0.257
970.498 -0.258
970.313 -0.259
970.129 -0.26
969.945 -0.261
969.762 -0.262
969.579 -0.263
969.397 -0.264
969.217 -0.265
969.039 -0.266
968.862 -0.267
968.687 -0.268
968.511 -0.269
968.337 -0.27
968.164 -0.271
967.992 -0.272
967.821 -0.273
967.649 -0.274
967.48 -0.275
967.312 -0.276
967.145 -0.277
966.979 -0.278
966.814 -0.279
966.651 -0.28
966.488 -0.281
966.326 -0.282
966.166 -0.283
966.008 -0.284
965.851 -0.285
965.695 -0.286
965.541 -0.287
965.388 -0.288
965.237 -0.289
965.088 -0.29
964.941 -0.291
964.795 -0.292
964.65 -0.293
964.506 -0.294
964.364 -0.295
964.224 -0.296
964.085 -0.297
963.948 -0.298
963.813 -0.299
963.681 -0.3
963.55 -0.301
963.421 -0.302
963.293 -0.303
963.168 -0.304
963.044 -0.305
962.92 -0.306
962.798 -0.307
962.678 -0.308
962.56 -0.309
962.443 -0.31
962.329 -0.311
962.216 -0.312
962.106 -0.313
961.997 -0.314
961.89 -0.315
961.784 -0.316
961.681 -0.317
961.579 -0.318
961.477 -0.319
961.376 -0.32
961.276 -0.321
961.177 -0.322
961.08 -0.323
960.985 -0.324
960.892 -0.325
960.798 -0.326
960.706 -0.327
960.617 -0.328
960.529 -0.329
960.441 -0.33
960.353 -0.331
960.267 -0.332
960.183 -0.333
960.098 -0.334
960.015 -0.335
959.933 -0.336
959.853 -0.337
959.773 -0.338
959.694 -0.339
959.618 -0.34
959.543 -0.341
959.469 -0.342
959.398 -0.343
959.329 -0.344
959.259 -0.345
959.19 -0.346
959.122 -0.347
959.057 -0.348
958.991 -0.349
958.927 -0.35
958.864 -0.351
958.803 -0.352
958.744 -0.353
958.687 -0.354
958.631 -0.355
958.576 -0.356
958.521 -0.357
958.468 -0.358
958.416 -0.359
958.367 -0.36
958.317 -0.361
958.269 -0.362
958.223 -0.363
958.178 -0.364
958.135 -0.365
958.094 -0.366
958.052 -0.367
958.011 -0.368
957.972 -0.369
957.935 -0.37
957.9 -0.371
957.867 -0.372
957.836 -0.373
957.806 -0.374
957.775 -0.375
957.745 -0.376
957.713 -0.377
957.682 -0.378
957.653 -0.379
957.626 -0.38
957.6 -0.381
957.576 -0.382
957.553 -0.383
957.532 -0.384
957.514 -0.385
957.497 -0.386
957.48 -0.387
957.461 -0.388
957.443 -0.389
957.426 -0.39
957.41 -0.391
957.396 -0.392
957.384 -0.393
957.373 -0.394
957.365 -0.395
957.356 -0.396
957.345 -0.397
957.336 -0.398
957.328 -0.399
957.322 -0.4
957.318 -0.401
957.315 -0.402
957.314 -0.403
957.315 -0.404
957.313 -0.405
957.313 -0.406
957.313 -0.407
957.314 -0.408
957.317 -0.409
957.322 -0.41
957.329 -0.411
957.335 -0.412
957.341 -0.413
957.348 -0.414
957.358 -0.415
957.368 -0.416
957.379 -0.417
957.392 -0.418
957.406 -0.419
957.416 -0.42
957.428 -0.421
957.441 -0.422
957.456 -0.423
957.472 -0.424
957.487 -0.425
957.505 -0.426
957.518 -0.427
957.531 -0.428
957.546 -0.429
957.56 -0.43
957.576 -0.431
957.59 -0.432
957.605 -0.433
957.622 -0.434
957.638 -0.435
957.656 -0.436
957.675 -0.437
957.695 -0.438
957.714 -0.439
957.732 -0.44
957.751 -0.441
957.771 -0.442
957.791 -0.443
957.813 -0.444
957.836 -0.445
957.856 -0.446
957.875 -0.447
957.894 -0.448
957.913 -0.449
957.933 -0.45
957.952 -0.451
957.968 -0.452
957.979 -0.453
957.983 -0.454
957.967 -0.455
957.914 -0.456
957.749 -0.457
957.211 -0.458
956.587 -0.459
955.943 -0.46
956.432 -0.461
956.744 -0.462
956.79 -0.463
956.835 -0.464
956.875 -0.465
956.911 -0.466
956.934 -0.467
956.928 -0.468
956.865 -0.469
956.575 -0.47
955.974 -0.471
955.352 -0.472
954.965 -0.473
955.478 -0.474
955.761 -0.475
955.846 -0.476
955.93 -0.477
956.013 -0.478
956.098 -0.479
956.185 -0.48
956.274 -0.481
956.364 -0.482
956.453 -0.483
956.541 -0.484
956.631 -0.485
956.723 -0.486
956.789 -0.487
956.852 -0.488
956.915 -0.489
956.978 -0.49
957.042 -0.491
957.109 -0.492
957.177 -0.493
957.247 -0.494
957.297 -0.495
957.333 -0.496
957.371 -0.497
957.41 -0.498
957.451 -0.499
957.49 -0.5
957.53 -0.501
957.566 -0.502
957.601 -0.503
957.637 -0.504
957.672 -0.505
957.706 -0.506
957.74 -0.507
957.776 -0.508
957.811 -0.509
957.848 -0.51
957.882 -0.511
957.917 -0.512
957.951 -0.513
957.996 -0.514
958.051 -0.515
958.107 -0.516
958.162 -0.517
958.218 -0.518
958.27 -0.519
958.327 -0.52
958.408 -0.521
958.491 -0.522
958.572 -0.523
958.654 -0.524
958.743 -0.525
958.834 -0.526
958.926 -0.527
959.017 -0.528
959.114 -0.529
959.213 -0.53
959.314 -0.531
959.414 -0.532
959.515 -0.533
959.617 -0.534
959.72 -0.535
959.823 -0.536
959.926 -0.537
960.032 -0.538
960.139 -0.539
960.247 -0.54
960.357 -0.541
960.469 -0.542
960.583 -0.543
960.699 -0.544
960.817 -0.545
960.935 -0.546
961.056 -0.547
961.179 -0.548
961.304 -0.549
961.43 -0.55
961.558 -0.551
961.688 -0.552
961.82 -0.553
961.955 -0.554
962.09 -0.555
962.227 -0.556
962.366 -0.557
962.508 -0.558
962.652 -0.559
962.796 -0.56
962.943 -0.561
963.092 -0.562
963.244 -0.563
963.396 -0.564
963.546 -0.565
963.699 -0.566
963.854 -0.567
964.011 -0.568
964.166 -0.569
964.322 -0.57
964.481 -0.571
964.64 -0.572
964.8 -0.573
964.962 -0.574
965.127 -0.575
965.291 -0.576
965.457 -0.577
965.626 -0.578
965.796 -0.579
965.966 -0.58
966.139 -0.581
966.314 -0.582
966.489 -0.583
966.666 -0.584
966.845 -0.585
967.027 -0.586
967.211 -0.587
967.398 -0.588
967.587 -0.589
967.779 -0.59
967.974 -0.591
968.171 -0.592
968.37 -0.593
968.569 -0.594
968.771 -0.595
968.974 -0.596
969.178 -0.597
969.383 -0.598
969.591 -0.599
969.799 -0.6
970.008 -0.601
970.219 -0.602
970.431 -0.603
970.644 -0.604
970.86 -0.605
971.076 -0.606
971.292 -0.607
971.517 -0.608
971.746 -0.609
971.976 -0.61
972.209 -0.611
972.449 -0.612
972.698 -0.613
972.949 -0.614
973.202 -0.615
973.458 -0.616
973.716 -0.617
973.977 -0.618
974.241 -0.619
974.507 -0.62
974.775 -0.621
975.046 -0.622
975.32 -0.623
975.595 -0.624
975.873 -0.625
976.153 -0.626
976.435 -0.627
976.717 -0.628
977 -0.629
977.285 -0.63
977.569 -0.631
977.853 -0.632
978.138 -0.633
978.423 -0.634
978.704 -0.635
978.978 -0.636
979.234 -0.637
979.455 -0.638
979.639 -0.639
979.743 -0.64
979.656 -0.641
979.389 -0.642
979.126 -0.643
979.35 -0.644
980.153 -0.645
980.546 -0.646
980.911 -0.647
981.203 -0.648
981.418 -0.649
981.513 -0.65
981.38 -0.651
981.13 -0.652
980.884 -0.653
981.402 -0.654
982.183 -0.655
982.734 -0.656
983.264 -0.657
983.741 -0.658
984.22 -0.659
984.701 -0.66
985.182 -0.661
985.667 -0.662
986.153 -0.663
986.64 -0.664
987.115 -0.665
987.537 -0.666
987.962 -0.667
988.389 -0.668
988.791 -0.669
989.173 -0.67
989.556 -0.671
989.942 -0.672
990.33 -0.673
990.718 -0.674
991.11 -0.675
991.503 -0.676
991.898 -0.677
992.295 -0.678
992.694 -0.679
993.095 -0.68
993.499 -0.681
993.906 -0.682
994.315 -0.683
994.727 -0.684
995.142 -0.685
995.559 -0.686
995.979 -0.687
996.402 -0.688
996.827 -0.689
997.256 -0.69
997.686 -0.691
998.119 -0.692
998.553 -0.693
998.989 -0.694
999.427 -0.695
999.866 -0.696
1000.31 -0.697
1000.75 -0.698
1001.2 -0.699
1001.64 -0.7
1002.09 -0.701
1002.54 -0.702
1003 -0.703
1003.45 -0.704
1003.91 -0.705
1004.38 -0.706
1004.84 -0.707
1005.31 -0.708
1005.79 -0.709
1006.26 -0.71
1006.74 -0.711
1007.22 -0.712
1007.71 -0.713
1008.19 -0.714
1008.68 -0.715
1009.18 -0.716
1009.67 -0.717
1010.18 -0.718
1010.68 -0.719
1011.19 -0.72
1011.7 -0.721
1012.21 -0.722
1012.72 -0.723
1013.24 -0.724
1013.77 -0.725
1014.29 -0.726
1014.82 -0.727
1015.36 -0.728
1015.89 -0.729
1016.43 -0.73
1016.98 -0.731
1017.52 -0.732
1018.08 -0.733
1018.63 -0.734
1019.19 -0.735
1019.75 -0.736
1020.31 -0.737
1020.87 -0.738
1021.44 -0.739
1022.02 -0.74
1022.59 -0.741
1023.17 -0.742
1023.74 -0.743
1024.33 -0.744
1024.91 -0.745
1025.5 -0.746
1026.1 -0.747
1026.69 -0.748
1027.29 -0.749
1027.89 -0.75
1028.5 -0.751
1029.11 -0.752
1029.72 -0.753
1030.33 -0.754
1030.95 -0.755
1031.57 -0.756
1032.19 -0.757
1032.81 -0.758
1033.44 -0.759
1034.06 -0.76
1034.69 -0.761
1035.32 -0.762
1035.95 -0.763
1036.59 -0.764
1037.22 -0.765
1037.86 -0.766
1038.5 -0.767
1039.14 -0.768
1039.78 -0.769
1040.43 -0.77
1041.08 -0.771
1041.73 -0.772
1042.39 -0.773
1043.04 -0.774
1043.71 -0.775
1044.38 -0.776
1045.05 -0.777
1045.72 -0.778
1046.4 -0.779
1047.08 -0.78
1047.76 -0.781
1048.44 -0.782
1049.12 -0.783
1049.81 -0.784
1050.5 -0.785
1051.19 -0.786
1051.88 -0.787
1052.58 -0.788
1053.27 -0.789
1053.97 -0.79
1054.68 -0.791
1055.38 -0.792
1056.09 -0.793
1056.8 -0.794
1057.52 -0.795
1058.25 -0.796
1058.98 -0.797
1059.71 -0.798
1060.44 -0.799
1061.17 -0.8
1061.9 -0.801
1062.62 -0.802
1063.33 -0.803
1064.02 -0.804
1064.68 -0.805
1065.27 -0.806
1065.84 -0.807
1066.42 -0.808
1067 -0.809
1067.58 -0.81
1068.16 -0.811
1068.75 -0.812
1069.33 -0.813
1069.92 -0.814
1070.51 -0.815
1071.09 -0.816
1071.66 -0.817
1072.22 -0.818
1070.79 -0.819
1069.19 -0.82
1067.58 -0.821
1067.8 -0.822
1069.8 -0.823
1071.81 -0.824
1073.82 -0.825
1075.82 -0.826
1077.09 -0.827
1077.75 -0.828
1078.38 -0.829
1079.01 -0.83
1079.64 -0.831
1080.28 -0.832
1080.91 -0.833
1081.54 -0.834
1082.18 -0.835
1082.81 -0.836
1083.45 -0.837
1084.09 -0.838
1084.7 -0.839
1083.92 -0.84
1082.32 -0.841
1080.72 -0.842
1080.02 -0.843
1082.06 -0.844
1084.1 -0.845
1086.15 -0.846
1088.2 -0.847
1089.95 -0.848
1090.85 -0.849
1091.76 -0.85
1092.64 -0.851
1093.48 -0.852
1094.33 -0.853
1095.18 -0.854
1096.03 -0.855
1096.89 -0.856
1097.75 -0.857
1098.64 -0.858
1099.57 -0.859
1100.51 -0.86
1101.45 -0.861
1102.38 -0.862
1103.43 -0.863
1104.49 -0.864
1105.56 -0.865
1106.62 -0.866
1107.63 -0.867
1108.65 -0.868
1109.67 -0.869
1110.69 -0.87
1111.67 -0.871
1112.66 -0.872
1113.64 -0.873
1114.64 -0.874
1115.63 -0.875
1116.63 -0.876
1117.63 -0.877
1118.64 -0.878
1119.65 -0.879
1120.67 -0.88
1121.68 -0.881
1122.7 -0.882
1123.73 -0.883
1124.76 -0.884
1125.79 -0.885
1126.82 -0.886
1127.86 -0.887
1128.9 -0.888
1129.95 -0.889
1131 -0.89
1132.04 -0.891
1133.09 -0.892
1134.11 -0.893
1135.13 -0.894
1136.13 -0.895
1137.11 -0.896
1138.09 -0.897
1139.05 -0.898
1140.01 -0.899
1140.96 -0.9
1141.9 -0.901
1142.84 -0.902
1143.79 -0.903
1144.74 -0.904
1145.69 -0.905
1146.65 -0.906
1147.61 -0.907
1148.57 -0.908
1149.54 -0.909
1150.5 -0.91
1151.47 -0.911
1152.45 -0.912
1153.43 -0.913
1154.41 -0.914
1155.39 -0.915
1156.37 -0.916
1157.36 -0.917
1158.36 -0.918
1159.35 -0.919
1160.35 -0.92
1161.35 -0.921
1162.35 -0.922
1163.36 -0.923
1164.37 -0.924
1165.39 -0.925
1166.4 -0.926
1167.42 -0.927
1168.44 -0.928
1169.47 -0.929
1170.5 -0.93
1171.51 -0.931
1172.53 -0.932
1173.56 -0.933
1174.58 -0.934
1175.61 -0.935
1176.64 -0.936
1177.66 -0.937
1178.69 -0.938
1179.71 -0.939
1180.74 -0.94
1181.78 -0.941
1182.82 -0.942
1183.86 -0.943
1184.91 -0.944
1185.96 -0.945
1187.01 -0.946
1188.07 -0.947
1189.13 -0.948
1190.2 -0.949
1191.28 -0.95
1192.36 -0.951
1193.44 -0.952
1194.52 -0.953
1195.61 -0.954
1196.71 -0.955
1197.8 -0.956
1198.9 -0.957
1200.01 -0.958
1201.12 -0.959
1202.24 -0.96
1203.36 -0.961
1204.49 -0.962
1205.61 -0.963
1206.75 -0.964
1207.88 -0.965
1209.02 -0.966
1210.17 -0.967
1211.31 -0.968
1212.46 -0.969
1213.62 -0.97
1214.78 -0.971
1215.94 -0.972
1217.11 -0.973
1218.28 -0.974
1219.45 -0.975
1220.63 -0.976
1221.81 -0.977
1222.99 -0.978
1224.18 -0.979
1225.37 -0.98
1226.56 -0.981
1227.76 -0.982
1228.96 -0.983
1230.17 -0.984
1231.36 -0.985
1232.53 -0.986
1233.7 -0.987
1234.88 -0.988
1236.06 -0.989
1237.23 -0.99
1238.38 -0.991
1239.52 -0.992
1240.66 -0.993
1241.81 -0.994
1242.97 -0.995
1244.13 -0.996
1245.29 -0.997
1246.45 -0.998
1247.62 -0.999
1248.8 -1
1249.98 -1.001
1251.16 -1.002
1252.34 -1.003
1253.53 -1.004
1254.72 -1.005
1255.91 -1.006
1257.11 -1.007
1258.31 -1.008
1259.51 -1.009
1260.71 -1.01
1261.91 -1.011
1263.12 -1.012
1264.33 -1.013
1265.53 -1.014
1266.75 -1.015
1267.96 -1.016
1269.18 -1.017
1270.4 -1.018
1271.62 -1.019
1272.84 -1.02
1274.07 -1.021
1275.31 -1.022
1276.54 -1.023
1277.78 -1.024
1279.02 -1.025
1280.27 -1.026
1281.52 -1.027
1282.78 -1.028
1284.04 -1.029
1285.3 -1.03
1286.56 -1.031
1287.83 -1.032
1289.1 -1.033
1290.37 -1.034
1291.65 -1.035
1292.93 -1.036
1294.21 -1.037
1295.5 -1.038
1296.79 -1.039
1298.08 -1.04
1299.37 -1.041
1300.67 -1.042
1301.97 -1.043
1303.28 -1.044
1304.59 -1.045
1305.9 -1.046
1307.22 -1.047
1308.54 -1.048
1309.86 -1.049
1311.19 -1.05
1312.52 -1.051
1313.85 -1.052
1315.19 -1.053
1316.52 -1.054
1317.87 -1.055
1319.21 -1.056
1320.56 -1.057
1321.92 -1.058
1323.27 -1.059
1324.63 -1.06
1326 -1.061
1327.36 -1.062
1328.71 -1.063
1330 -1.064
1331.29 -1.065
1332.58 -1.066
1333.86 -1.067
1335.09 -1.068
1336.31 -1.069
1337.54 -1.07
1338.78 -1.071
1340.01 -1.072
1341.25 -1.073
1342.49 -1.074
1343.74 -1.075
1344.99 -1.076
1346.19 -1.077
1347.3 -1.078
1348.34 -1.079
1349.35 -1.08
1350.35 -1.081
1351.36 -1.082
1352.36 -1.083
1353.37 -1.084
1354.38 -1.085
1355.4 -1.086
1356.41 -1.087
1357.43 -1.088
1358.44 -1.089
1359.46 -1.09
1360.47 -1.091
1361.46 -1.092
1362.42 -1.093
1363.37 -1.094
1364.33 -1.095
1365.28 -1.096
1366.24 -1.097
1367.19 -1.098
1368.15 -1.099
1369.1 -1.1
1370.03 -1.101
1370.8 -1.102
1371.48 -1.103
1372.16 -1.104
1372.84 -1.105
1373.51 -1.106
1374.18 -1.107
1374.85 -1.108
1375.51 -1.109
1376.17 -1.11
1376.83 -1.111
1377.5 -1.112
1378.17 -1.113
1378.86 -1.114
1379.53 -1.115
1380.21 -1.116
1380.92 -1.117
1381.62 -1.118
1382.31 -1.119
1382.99 -1.12
1383.68 -1.121
1384.37 -1.122
1385.05 -1.123
1385.74 -1.124
1386.42 -1.125
1387.11 -1.126
1387.79 -1.127
1388.47 -1.128
1389.16 -1.129
1389.84 -1.13
1390.53 -1.131
1391.21 -1.132
1391.89 -1.133
1392.58 -1.134
1393.26 -1.135
1393.95 -1.136
1394.63 -1.137
1395.32 -1.138
1396 -1.139
1396.69 -1.14
1397.37 -1.141
1398.06 -1.142
1398.74 -1.143
1399.42 -1.144
1400.11 -1.145
1400.79 -1.146
1401.48 -1.147
1402.16 -1.148
1402.85 -1.149
1403.53 -1.15
1404.22 -1.151
1404.9 -1.152
1405.59 -1.153
1406.28 -1.154
1406.96 -1.155
1407.65 -1.156
1408.33 -1.157
1409.02 -1.158
1409.7 -1.159
1410.39 -1.16
1411.07 -1.161
1411.76 -1.162
1412.45 -1.163
1413.13 -1.164
1413.82 -1.165
1414.5 -1.166
1415.19 -1.167
1415.87 -1.168
1416.56 -1.169
1417.25 -1.17
1417.93 -1.171
1418.62 -1.172
1419.31 -1.173
1419.99 -1.174
1420.68 -1.175
1421.37 -1.176
1422.05 -1.177
1422.74 -1.178
1423.42 -1.179
1424.11 -1.18
1424.8 -1.181
1425.48 -1.182
1426.17 -1.183
1426.86 -1.184
1427.54 -1.185
1428.23 -1.186
1428.92 -1.187
1429.6 -1.188
1430.29 -1.189
1430.98 -1.19
1431.66 -1.191
1432.35 -1.192
1433.04 -1.193
1433.72 -1.194
1434.41 -1.195
1435.1 -1.196
1435.79 -1.197
1436.47 -1.198
1437.16 -1.199
1437.85 -1.2
1438.53 -1.201
1439.22 -1.202
1439.9 -1.203
1440.59 -1.204
1441.28 -1.205
1441.96 -1.206
1442.65 -1.207
1443.34 -1.208
1444.03 -1.209
1444.71 -1.21
1445.4 -1.211
1446.09 -1.212
1446.77 -1.213
1447.46 -1.214
1448.15 -1.215
1448.83 -1.216
1449.52 -1.217
1450.21 -1.218
1450.89 -1.219
1451.58 -1.22
1452.27 -1.221
1452.95 -1.222
1453.64 -1.223
1454.33 -1.224
1455.02 -1.225
1455.7 -1.226
1456.39 -1.227
1457.08 -1.228
1457.77 -1.229
1458.45 -1.23
1459.14 -1.231
1459.83 -1.232
1460.52 -1.233
1461.2 -1.234
1461.89 -1.235
1462.58 -1.236
1463.27 -1.237
1463.95 -1.238
1464.64 -1.239
1465.33 -1.24
1466.02 -1.241
1466.71 -1.242
1467.4 -1.243
1468.08 -1.244
1468.77 -1.245
1469.46 -1.246
1470.15 -1.247
1470.84 -1.248
1471.53 -1.249
1472.21 -1.25
1472.9 -1.251
1473.59 -1.252
1474.28 -1.253
1474.97 -1.254
1475.66 -1.255
1476.35 -1.256
1477.04 -1.257
1477.72 -1.258
1478.41 -1.259
1479.1 -1.26
1479.79 -1.261
1480.48 -1.262
1481.17 -1.263
1481.86 -1.264
1482.55 -1.265
1483.24 -1.266
1483.93 -1.267
1484.62 -1.268
1485.31 -1.269
1486 -1.27
1486.69 -1.271
1487.38 -1.272
1488.08 -1.273
1488.77 -1.274
1489.46 -1.275
1490.15 -1.276
1490.84 -1.277
1491.54 -1.278
1492.23 -1.279
1492.92 -1.28
1493.61 -1.281
1494.3 -1.282
1495 -1.283
1495.69 -1.284
1496.38 -1.285
1497.07 -1.286
1497.77 -1.287
1498.46 -1.288
1499.15 -1.289
1499.84 -1.29
1500.54 -1.291
1501.23 -1.292
1501.92 -1.293
1502.62 -1.294
1503.31 -1.295
1504 -1.296
1504.7 -1.297
1505.39 -1.298
1506.08 -1.299
1506.77 -1.3
