16.6527 -0.001
33.2691 -0.002
49.849 -0.003
66.3921 -0.004
82.898 -0.005
99.3664 -0.006
115.797 -0.007
132.189 -0.008
148.543 -0.009
164.859 -0.01
181.134 -0.011
197.371 -0.012
213.567 -0.013
229.722 -0.014
245.837 -0.015
261.911 -0.016
277.942 -0.017
293.931 -0.018
309.801 -0.019
323.958 -0.02
336.868 -0.021
349.734 -0.022
362.559 -0.023
375.341 -0.024
388.088 -0.025
400.8 -0.026
413.48 -0.027
426.125 -0.028
438.735 -0.029
451.306 -0.03
463.835 -0.031
476.327 -0.032
488.786 -0.033
501.015 -0.034
512.299 -0.035
521.919 -0.036
529.001 -0.037
535.699 -0.038
542.362 -0.039
548.927 -0.04
555.244 -0.041
561.284 -0.042
567.01 -0.043
572.116 -0.044
576.874 -0.045
581.598 -0.046
586.274 -0.047
590.907 -0.048
595.505 -0.049
600.065 -0.05
604.59 -0.051
609.077 -0.052
613.533 -0.053
617.954 -0.054
622.309 -0.055
626.568 -0.056
630.633 -0.057
634.478 -0.058
638.168 -0.059
641.5 -0.06
644.555 -0.061
647.494 -0.062
649.975 -0.063
652.153 -0.064
653.835 -0.065
655.381 -0.066
656.886 -0.067
658.346 -0.068
659.765 -0.069
661.143 -0.07
662.482 -0.071
663.797 -0.072
665.088 -0.073
666.356 -0.074
667.608 -0.075
668.845 -0.076
670.069 -0.077
671.28 -0.078
672.472 -0.079
673.647 -0.08
674.804 -0.081
675.942 -0.082
677.063 -0.083
678.154 -0.084
679.208 -0.085
680.226 -0.086
681.215 -0.087
682.157 -0.088
683.067 -0.089
683.944 -0.09
684.807 -0.091
685.658 -0.092
686.496 -0.093
687.311 -0.094
688.095 -0.095
688.849 -0.096
689.579 -0.097
690.273 -0.098
690.947 -0.099
691.581 -0.1
692.2 -0.101
692.807 -0.102
693.403 -0.103
693.987 -0.104
694.562 -0.105
695.125 -0.106
695.678 -0.107
696.221 -0.108
696.754 -0.109
697.28 -0.11
697.797 -0.111
698.305 -0.112
698.805 -0.113
699.295 -0.114
699.776 -0.115
700.248 -0.116
700.711 -0.117
701.162 -0.118
701.597 -0.119
702.021 -0.12
702.431 -0.121
702.827 -0.122
703.214 -0.123
703.586 -0.124
703.945 -0.125
704.293 -0.126
704.625 -0.127
704.947 -0.128
705.262 -0.129
705.565 -0.13
705.86 -0.131
706.147 -0.132
706.426 -0.133
706.696 -0.134
706.957 -0.135
707.211 -0.136
707.457 -0.137
707.696 -0.138
707.928 -0.139
708.154 -0.14
708.372 -0.141
708.583 -0.142
708.786 -0.143
708.984 -0.144
709.175 -0.145
709.359 -0.146
709.537 -0.147
709.707 -0.148
709.87 -0.149
710.026 -0.15
710.173 -0.151
710.313 -0.152
710.445 -0.153
710.57 -0.154
710.69 -0.155
710.802 -0.156
710.905 -0.157
710.998 -0.158
711.082 -0.159
711.155 -0.16
711.222 -0.161
711.28 -0.162
711.328 -0.163
711.366 -0.164
711.391 -0.165
711.405 -0.166
711.413 -0.167
711.411 -0.168
711.398 -0.169
711.372 -0.17
711.335 -0.171
711.293 -0.172
711.244 -0.173
711.184 -0.174
711.113 -0.175
711.046 -0.176
710.981 -0.177
710.908 -0.178
710.826 -0.179
710.741 -0.18
710.662 -0.181
710.582 -0.182
710.495 -0.183
710.4 -0.184
710.297 -0.185
710.195 -0.186
710.092 -0.187
709.984 -0.188
709.869 -0.189
709.749 -0.19
709.638 -0.191
709.524 -0.192
709.404 -0.193
709.281 -0.194
709.159 -0.195
709.039 -0.196
708.914 -0.197
708.786 -0.198
708.653 -0.199
708.524 -0.2
708.392 -0.201
708.256 -0.202
708.116 -0.203
707.971 -0.204
707.821 -0.205
707.667 -0.206
707.508 -0.207
707.343 -0.208
707.174 -0.209
706.999 -0.21
706.819 -0.211
706.634 -0.212
706.443 -0.213
706.247 -0.214
706.043 -0.215
705.833 -0.216
705.616 -0.217
705.391 -0.218
705.158 -0.219
704.918 -0.22
704.67 -0.221
704.413 -0.222
704.146 -0.223
703.87 -0.224
703.587 -0.225
703.294 -0.226
702.991 -0.227
702.68 -0.228
702.362 -0.229
702.042 -0.23
701.721 -0.231
701.397 -0.232
701.064 -0.233
700.726 -0.234
700.395 -0.235
700.056 -0.236
699.707 -0.237
699.348 -0.238
698.984 -0.239
698.61 -0.24
698.219 -0.241
697.81 -0.242
697.386 -0.243
696.968 -0.244
696.534 -0.245
696.104 -0.246
695.677 -0.247
695.247 -0.248
694.838 -0.249
694.424 -0.25
694.028 -0.251
693.641 -0.252
693.277 -0.253
692.929 -0.254
692.584 -0.255
692.244 -0.256
691.892 -0.257
691.534 -0.258
691.159 -0.259
690.79 -0.26
690.407 -0.261
690.049 -0.262
689.689 -0.263
689.328 -0.264
688.966 -0.265
688.601 -0.266
688.232 -0.267
687.861 -0.268
687.489 -0.269
687.115 -0.27
686.741 -0.271
686.364 -0.272
685.983 -0.273
685.601 -0.274
685.218 -0.275
684.834 -0.276
684.449 -0.277
684.061 -0.278
683.672 -0.279
683.283 -0.28
682.892 -0.281
682.5 -0.282
682.107 -0.283
681.714 -0.284
681.324 -0.285
680.944 -0.286
680.572 -0.287
680.214 -0.288
679.869 -0.289
679.535 -0.29
679.216 -0.291
678.904 -0.292
678.595 -0.293
678.291 -0.294
677.991 -0.295
677.692 -0.296
677.392 -0.297
677.091 -0.298
676.788 -0.299
676.484 -0.3
676.179 -0.301
675.873 -0.302
675.565 -0.303
675.256 -0.304
674.946 -0.305
674.634 -0.306
674.321 -0.307
674.007 -0.308
673.691 -0.309
673.374 -0.31
673.055 -0.311
672.736 -0.312
672.415 -0.313
672.092 -0.314
671.768 -0.315
671.443 -0.316
671.117 -0.317
670.791 -0.318
670.464 -0.319
670.135 -0.32
669.804 -0.321
669.473 -0.322
669.139 -0.323
668.805 -0.324
668.47 -0.325
668.133 -0.326
667.797 -0.327
667.461 -0.328
667.124 -0.329
666.785 -0.33
666.45 -0.331
666.12 -0.332
665.791 -0.333
665.464 -0.334
665.141 -0.335
664.823 -0.336
664.502 -0.337
664.175 -0.338
663.845 -0.339
663.513 -0.34
663.179 -0.341
662.833 -0.342
662.473 -0.343
662.099 -0.344
661.717 -0.345
661.328 -0.346
660.937 -0.347
660.553 -0.348
660.178 -0.349
659.807 -0.35
659.444 -0.351
659.091 -0.352
658.754 -0.353
658.44 -0.354
658.138 -0.355
657.845 -0.356
657.554 -0.357
657.289 -0.358
657.033 -0.359
656.782 -0.36
656.538 -0.361
656.293 -0.362
656.05 -0.363
655.814 -0.364
655.58 -0.365
655.344 -0.366
655.114 -0.367
654.885 -0.368
654.658 -0.369
654.433 -0.37
654.21 -0.371
653.988 -0.372
653.766 -0.373
653.548 -0.374
653.33 -0.375
653.112 -0.376
652.897 -0.377
652.681 -0.378
652.466 -0.379
652.25 -0.38
652.035 -0.381
651.813 -0.382
651.591 -0.383
651.369 -0.384
651.149 -0.385
650.928 -0.386
650.71 -0.387
650.499 -0.388
650.294 -0.389
650.089 -0.39
649.89 -0.391
649.692 -0.392
649.495 -0.393
649.299 -0.394
649.105 -0.395
648.912 -0.396
648.72 -0.397
648.529 -0.398
648.339 -0.399
648.15 -0.4
647.962 -0.401
647.775 -0.402
647.59 -0.403
647.405 -0.404
647.22 -0.405
647.037 -0.406
646.854 -0.407
646.673 -0.408
646.494 -0.409
646.32 -0.41
646.152 -0.411
645.989 -0.412
645.83 -0.413
645.671 -0.414
645.512 -0.415
645.354 -0.416
645.197 -0.417
645.04 -0.418
644.884 -0.419
644.728 -0.42
644.573 -0.421
644.418 -0.422
644.264 -0.423
644.11 -0.424
643.957 -0.425
643.803 -0.426
643.65 -0.427
643.497 -0.428
643.343 -0.429
643.189 -0.43
643.033 -0.431
642.875 -0.432
642.712 -0.433
642.546 -0.434
642.38 -0.435
642.217 -0.436
642.048 -0.437
641.875 -0.438
641.706 -0.439
641.536 -0.44
641.367 -0.441
641.206 -0.442
641.049 -0.443
640.903 -0.444
640.767 -0.445
640.641 -0.446
640.521 -0.447
640.407 -0.448
640.297 -0.449
640.187 -0.45
640.073 -0.451
639.955 -0.452
639.838 -0.453
639.723 -0.454
639.608 -0.455
639.495 -0.456
639.382 -0.457
639.271 -0.458
639.161 -0.459
639.051 -0.46
638.944 -0.461
638.837 -0.462
638.731 -0.463
638.627 -0.464
638.523 -0.465
638.421 -0.466
638.325 -0.467
638.232 -0.468
638.139 -0.469
638.048 -0.47
637.958 -0.471
637.869 -0.472
637.781 -0.473
637.695 -0.474
637.609 -0.475
637.525 -0.476
637.442 -0.477
637.368 -0.478
637.3 -0.479
637.233 -0.48
637.168 -0.481
637.103 -0.482
637.04 -0.483
636.977 -0.484
636.914 -0.485
636.853 -0.486
636.794 -0.487
636.735 -0.488
636.675 -0.489
636.615 -0.49
636.554 -0.491
636.491 -0.492
636.428 -0.493
636.363 -0.494
636.297 -0.495
636.228 -0.496
636.156 -0.497
636.085 -0.498
636.015 -0.499
635.946 -0.5
635.878 -0.501
635.81 -0.502
635.744 -0.503
635.677 -0.504
635.611 -0.505
635.544 -0.506
635.476 -0.507
635.405 -0.508
635.33 -0.509
635.252 -0.51
635.17 -0.511
635.086 -0.512
634.998 -0.513
634.907 -0.514
634.814 -0.515
634.719 -0.516
634.623 -0.517
634.527 -0.518
634.431 -0.519
634.337 -0.52
634.245 -0.521
634.154 -0.522
634.081 -0.523
634.027 -0.524
633.977 -0.525
633.937 -0.526
633.897 -0.527
633.868 -0.528
633.844 -0.529
633.823 -0.53
633.811 -0.531
633.8 -0.532
633.797 -0.533
633.796 -0.534
633.798 -0.535
633.806 -0.536
633.815 -0.537
633.825 -0.538
633.837 -0.539
633.851 -0.54
633.864 -0.541
633.877 -0.542
633.882 -0.543
633.877 -0.544
633.868 -0.545
633.86 -0.546
633.853 -0.547
633.846 -0.548
633.84 -0.549
633.836 -0.55
633.833 -0.551
633.831 -0.552
633.83 -0.553
633.827 -0.554
633.825 -0.555
633.825 -0.556
633.826 -0.557
633.829 -0.558
633.833 -0.559
633.838 -0.56
633.84 -0.561
633.844 -0.562
633.849 -0.563
633.855 -0.564
633.864 -0.565
633.873 -0.566
633.885 -0.567
633.896 -0.568
633.907 -0.569
633.92 -0.57
633.934 -0.571
633.95 -0.572
633.968 -0.573
633.987 -0.574
634.007 -0.575
634.029 -0.576
634.05 -0.577
634.07 -0.578
634.093 -0.579
634.117 -0.58
634.142 -0.581
634.168 -0.582
634.197 -0.583
634.226 -0.584
634.257 -0.585
634.29 -0.586
634.324 -0.587
634.36 -0.588
634.397 -0.589
634.436 -0.59
634.476 -0.591
634.518 -0.592
634.561 -0.593
634.606 -0.594
634.652 -0.595
634.7 -0.596
634.747 -0.597
634.793 -0.598
634.841 -0.599
634.89 -0.6
634.941 -0.601
634.993 -0.602
635.047 -0.603
635.099 -0.604
635.151 -0.605
635.204 -0.606
635.258 -0.607
635.314 -0.608
635.372 -0.609
635.431 -0.61
635.492 -0.611
635.551 -0.612
635.61 -0.613
635.67 -0.614
635.732 -0.615
635.795 -0.616
635.861 -0.617
635.927 -0.618
635.995 -0.619
636.065 -0.62
636.137 -0.621
636.207 -0.622
636.277 -0.623
636.349 -0.624
636.423 -0.625
636.498 -0.626
636.575 -0.627
636.653 -0.628
636.733 -0.629
636.815 -0.63
636.898 -0.631
636.983 -0.632
637.07 -0.633
637.159 -0.634
637.249 -0.635
637.338 -0.636
637.429 -0.637
637.522 -0.638
637.616 -0.639
637.713 -0.64
637.811 -0.641
637.912 -0.642
638.014 -0.643
638.117 -0.644
638.223 -0.645
638.33 -0.646
638.439 -0.647
638.55 -0.648
638.662 -0.649
638.776 -0.65
638.892 -0.651
639.009 -0.652
639.125 -0.653
639.242 -0.654
639.362 -0.655
639.483 -0.656
639.605 -0.657
639.73 -0.658
639.856 -0.659
639.985 -0.66
640.115 -0.661
640.246 -0.662
640.38 -0.663
640.515 -0.664
640.653 -0.665
640.792 -0.666
640.933 -0.667
641.075 -0.668
641.22 -0.669
641.367 -0.67
641.515 -0.671
641.665 -0.672
641.817 -0.673
641.971 -0.674
642.127 -0.675
642.285 -0.676
642.445 -0.677
642.606 -0.678
642.77 -0.679
642.936 -0.68
643.103 -0.681
643.273 -0.682
643.444 -0.683
643.617 -0.684
643.793 -0.685
643.97 -0.686
644.149 -0.687
644.331 -0.688
644.514 -0.689
644.699 -0.69
644.887 -0.691
645.076 -0.692
645.267 -0.693
645.461 -0.694
645.656 -0.695
645.854 -0.696
646.054 -0.697
646.255 -0.698
646.459 -0.699
646.666 -0.7
646.874 -0.701
647.085 -0.702
647.299 -0.703
647.515 -0.704
647.733 -0.705
647.953 -0.706
648.175 -0.707
648.4 -0.708
648.627 -0.709
648.856 -0.71
649.087 -0.711
649.321 -0.712
649.556 -0.713
649.794 -0.714
650.034 -0.715
650.276 -0.716
650.521 -0.717
650.767 -0.718
651.016 -0.719
651.267 -0.72
651.521 -0.721
651.776 -0.722
652.034 -0.723
652.294 -0.724
652.553 -0.725
652.811 -0.726
653.071 -0.727
653.333 -0.728
653.598 -0.729
653.865 -0.73
654.133 -0.731
654.404 -0.732
654.677 -0.733
654.951 -0.734
655.221 -0.735
655.492 -0.736
655.764 -0.737
656.035 -0.738
656.307 -0.739
656.58 -0.74
656.855 -0.741
657.131 -0.742
657.409 -0.743
657.681 -0.744
657.953 -0.745
658.226 -0.746
658.502 -0.747
658.78 -0.748
659.056 -0.749
659.333 -0.75
659.612 -0.751
659.893 -0.752
660.177 -0.753
660.457 -0.754
660.732 -0.755
661.009 -0.756
661.289 -0.757
661.57 -0.758
661.852 -0.759
662.134 -0.76
662.414 -0.761
662.693 -0.762
662.973 -0.763
663.25 -0.764
663.527 -0.765
663.806 -0.766
664.088 -0.767
664.371 -0.768
664.655 -0.769
664.939 -0.77
665.225 -0.771
665.514 -0.772
665.804 -0.773
666.095 -0.774
666.383 -0.775
666.672 -0.776
666.964 -0.777
667.254 -0.778
667.546 -0.779
667.839 -0.78
668.135 -0.781
668.433 -0.782
668.734 -0.783
669.036 -0.784
669.341 -0.785
669.648 -0.786
669.958 -0.787
670.272 -0.788
670.588 -0.789
670.906 -0.79
671.227 -0.791
671.546 -0.792
671.755 -0.793
671.989 -0.794
672.339 -0.795
672.816 -0.796
673.188 -0.797
673.526 -0.798
673.867 -0.799
674.209 -0.8
