23.4265 -0.001
46.7712 -0.002
70.0319 -0.003
93.2062 -0.004
116.292 -0.005
139.286 -0.006
162.185 -0.007
184.987 -0.008
207.688 -0.009
230.285 -0.01
252.722 -0.011
269.875 -0.012
282.071 -0.013
294.052 -0.014
305.847 -0.015
317.596 -0.016
329.339 -0.017
341.061 -0.018
352.541 -0.019
363.049 -0.02
371.803 -0.021
378.452 -0.022
384.906 -0.023
391.31 -0.024
397.645 -0.025
403.894 -0.026
410.061 -0.027
416.139 -0.028
422.143 -0.029
428.095 -0.03
434.012 -0.031
439.899 -0.032
445.766 -0.033
451.619 -0.034
457.457 -0.035
463.278 -0.036
469.079 -0.037
474.865 -0.038
480.631 -0.039
486.381 -0.04
492.105 -0.041
497.659 -0.042
502.628 -0.043
506.328 -0.044
508.859 -0.045
511.265 -0.046
513.632 -0.047
515.972 -0.048
518.289 -0.049
520.583 -0.05
522.884 -0.051
525.185 -0.052
527.479 -0.053
529.765 -0.054
532.057 -0.055
534.358 -0.056
536.66 -0.057
538.957 -0.058
541.247 -0.059
543.534 -0.06
545.816 -0.061
548.094 -0.062
550.367 -0.063
552.632 -0.064
554.889 -0.065
557.14 -0.066
559.387 -0.067
561.63 -0.068
563.868 -0.069
566.103 -0.07
568.332 -0.071
570.555 -0.072
572.764 -0.073
574.959 -0.074
577.11 -0.075
579.211 -0.076
581.25 -0.077
583.169 -0.078
584.942 -0.079
586.59 -0.08
588.037 -0.081
589.275 -0.082
590.171 -0.083
590.729 -0.084
591.205 -0.085
591.674 -0.086
592.135 -0.087
592.591 -0.088
593.039 -0.089
593.477 -0.09
593.905 -0.091
594.328 -0.092
594.738 -0.093
595.138 -0.094
595.528 -0.095
595.907 -0.096
596.272 -0.097
596.628 -0.098
596.976 -0.099
597.309 -0.1
597.634 -0.101
597.954 -0.102
598.264 -0.103
598.568 -0.104
598.865 -0.105
599.158 -0.106
599.441 -0.107
599.722 -0.108
600.002 -0.109
600.277 -0.11
600.544 -0.111
600.809 -0.112
601.072 -0.113
601.334 -0.114
601.592 -0.115
601.848 -0.116
602.102 -0.117
602.354 -0.118
602.605 -0.119
602.853 -0.12
603.098 -0.121
603.341 -0.122
603.582 -0.123
603.821 -0.124
604.057 -0.125
604.291 -0.126
604.521 -0.127
604.746 -0.128
604.969 -0.129
605.19 -0.13
605.41 -0.131
605.627 -0.132
605.84 -0.133
606.052 -0.134
606.259 -0.135
606.463 -0.136
606.667 -0.137
606.866 -0.138
607.058 -0.139
607.246 -0.14
607.431 -0.141
607.613 -0.142
607.791 -0.143
607.964 -0.144
608.132 -0.145
608.298 -0.146
608.457 -0.147
608.611 -0.148
608.76 -0.149
608.917 -0.15
609.069 -0.151
609.217 -0.152
609.373 -0.153
609.524 -0.154
609.669 -0.155
609.811 -0.156
609.946 -0.157
610.068 -0.158
610.197 -0.159
610.325 -0.16
610.437 -0.161
610.564 -0.162
610.691 -0.163
610.812 -0.164
610.936 -0.165
611.057 -0.166
611.17 -0.167
611.297 -0.168
611.427 -0.169
611.553 -0.17
611.683 -0.171
611.814 -0.172
611.936 -0.173
612.038 -0.174
612.169 -0.175
612.291 -0.176
612.398 -0.177
612.529 -0.178
612.666 -0.179
612.797 -0.18
612.924 -0.181
613.056 -0.182
613.187 -0.183
613.313 -0.184
613.443 -0.185
613.582 -0.186
613.718 -0.187
613.852 -0.188
613.988 -0.189
614.123 -0.19
614.26 -0.191
614.398 -0.192
614.534 -0.193
614.67 -0.194
614.807 -0.195
614.943 -0.196
615.074 -0.197
615.209 -0.198
615.342 -0.199
615.473 -0.2
615.607 -0.201
615.741 -0.202
615.876 -0.203
616.009 -0.204
616.139 -0.205
616.264 -0.206
616.384 -0.207
616.502 -0.208
616.623 -0.209
616.735 -0.21
616.849 -0.211
616.969 -0.212
617.086 -0.213
617.191 -0.214
617.292 -0.215
617.409 -0.216
617.518 -0.217
617.616 -0.218
617.737 -0.219
617.844 -0.22
617.944 -0.221
618.039 -0.222
618.147 -0.223
618.243 -0.224
618.327 -0.225
618.423 -0.226
618.515 -0.227
618.604 -0.228
618.69 -0.229
618.769 -0.23
618.838 -0.231
618.9 -0.232
618.99 -0.233
619.081 -0.234
619.166 -0.235
619.243 -0.236
619.35 -0.237
619.461 -0.238
619.567 -0.239
619.694 -0.24
619.816 -0.241
619.934 -0.242
620.053 -0.243
620.198 -0.244
620.344 -0.245
620.488 -0.246
620.632 -0.247
620.786 -0.248
620.936 -0.249
621.087 -0.25
621.24 -0.251
621.384 -0.252
621.526 -0.253
621.671 -0.254
621.819 -0.255
621.963 -0.256
622.102 -0.257
622.241 -0.258
622.381 -0.259
622.521 -0.26
622.661 -0.261
622.8 -0.262
622.939 -0.263
623.079 -0.264
623.219 -0.265
623.358 -0.266
623.498 -0.267
623.638 -0.268
623.779 -0.269
623.92 -0.27
624.06 -0.271
624.202 -0.272
624.344 -0.273
624.485 -0.274
624.627 -0.275
624.773 -0.276
624.919 -0.277
625.065 -0.278
625.211 -0.279
625.356 -0.28
625.502 -0.281
625.648 -0.282
625.795 -0.283
625.941 -0.284
626.088 -0.285
626.234 -0.286
626.382 -0.287
626.531 -0.288
626.68 -0.289
626.828 -0.29
626.977 -0.291
627.126 -0.292
627.275 -0.293
627.423 -0.294
627.573 -0.295
627.723 -0.296
627.874 -0.297
628.025 -0.298
628.175 -0.299
628.326 -0.3
628.476 -0.301
628.626 -0.302
628.777 -0.303
628.927 -0.304
629.078 -0.305
629.228 -0.306
629.379 -0.307
629.532 -0.308
629.684 -0.309
629.836 -0.31
629.989 -0.311
630.141 -0.312
630.293 -0.313
630.445 -0.314
630.597 -0.315
630.749 -0.316
630.901 -0.317
631.052 -0.318
631.204 -0.319
631.355 -0.32
631.507 -0.321
631.658 -0.322
631.809 -0.323
631.96 -0.324
632.11 -0.325
632.261 -0.326
632.411 -0.327
632.562 -0.328
632.712 -0.329
632.861 -0.33
633.011 -0.331
633.16 -0.332
633.309 -0.333
633.458 -0.334
633.606 -0.335
633.754 -0.336
633.902 -0.337
634.05 -0.338
634.198 -0.339
634.347 -0.34
634.496 -0.341
634.644 -0.342
634.794 -0.343
634.944 -0.344
635.093 -0.345
635.243 -0.346
635.392 -0.347
635.542 -0.348
635.691 -0.349
635.84 -0.35
635.988 -0.351
636.136 -0.352
636.285 -0.353
636.434 -0.354
636.583 -0.355
636.733 -0.356
636.882 -0.357
637.031 -0.358
637.181 -0.359
637.331 -0.36
637.481 -0.361
637.631 -0.362
637.781 -0.363
637.931 -0.364
638.081 -0.365
638.23 -0.366
638.38 -0.367
638.529 -0.368
638.679 -0.369
638.829 -0.37
638.979 -0.371
639.128 -0.372
639.277 -0.373
639.426 -0.374
639.575 -0.375
639.723 -0.376
639.87 -0.377
640.016 -0.378
640.161 -0.379
640.304 -0.38
640.446 -0.381
640.584 -0.382
640.72 -0.383
640.853 -0.384
640.995 -0.385
641.132 -0.386
641.264 -0.387
641.408 -0.388
641.547 -0.389
641.678 -0.39
641.806 -0.391
641.927 -0.392
642.043 -0.393
642.161 -0.394
642.291 -0.395
642.423 -0.396
642.575 -0.397
642.731 -0.398
642.888 -0.399
643.049 -0.4
643.205 -0.401
643.355 -0.402
643.505 -0.403
643.655 -0.404
643.804 -0.405
643.953 -0.406
644.102 -0.407
644.251 -0.408
644.4 -0.409
644.548 -0.41
644.696 -0.411
644.844 -0.412
644.991 -0.413
645.139 -0.414
645.285 -0.415
645.43 -0.416
645.574 -0.417
645.72 -0.418
645.867 -0.419
646.017 -0.42
646.169 -0.421
646.32 -0.422
646.471 -0.423
646.622 -0.424
646.775 -0.425
646.928 -0.426
647.083 -0.427
647.237 -0.428
647.392 -0.429
647.546 -0.43
647.701 -0.431
647.855 -0.432
648.009 -0.433
648.164 -0.434
648.318 -0.435
648.472 -0.436
648.626 -0.437
648.781 -0.438
648.936 -0.439
649.091 -0.44
649.246 -0.441
649.401 -0.442
649.556 -0.443
649.712 -0.444
649.867 -0.445
650.023 -0.446
650.177 -0.447
650.332 -0.448
650.487 -0.449
650.642 -0.45
650.797 -0.451
650.951 -0.452
651.106 -0.453
651.26 -0.454
651.414 -0.455
651.569 -0.456
651.722 -0.457
651.877 -0.458
652.031 -0.459
652.185 -0.46
652.339 -0.461
652.493 -0.462
652.647 -0.463
652.799 -0.464
652.952 -0.465
653.103 -0.466
653.254 -0.467
653.403 -0.468
653.551 -0.469
653.699 -0.47
653.851 -0.471
654.007 -0.472
654.162 -0.473
654.318 -0.474
654.474 -0.475
654.63 -0.476
654.785 -0.477
654.941 -0.478
655.096 -0.479
655.252 -0.48
655.407 -0.481
655.563 -0.482
655.719 -0.483
655.875 -0.484
656.031 -0.485
656.187 -0.486
656.343 -0.487
656.499 -0.488
656.655 -0.489
656.81 -0.49
656.965 -0.491
657.12 -0.492
657.275 -0.493
657.43 -0.494
657.585 -0.495
657.739 -0.496
657.893 -0.497
658.046 -0.498
658.199 -0.499
658.352 -0.5
658.504 -0.501
658.656 -0.502
658.807 -0.503
658.959 -0.504
659.109 -0.505
659.258 -0.506
659.407 -0.507
659.558 -0.508
659.711 -0.509
659.864 -0.51
660.016 -0.511
660.168 -0.512
660.319 -0.513
660.468 -0.514
660.615 -0.515
660.759 -0.516
660.898 -0.517
661.032 -0.518
661.161 -0.519
661.283 -0.52
661.4 -0.521
661.51 -0.522
661.611 -0.523
661.702 -0.524
661.783 -0.525
661.856 -0.526
661.922 -0.527
661.987 -0.528
662.051 -0.529
662.114 -0.53
662.175 -0.531
662.235 -0.532
662.348 -0.533
662.464 -0.534
662.57 -0.535
662.718 -0.536
662.884 -0.537
663.046 -0.538
663.219 -0.539
663.378 -0.54
663.545 -0.541
663.708 -0.542
663.866 -0.543
664.018 -0.544
664.161 -0.545
664.296 -0.546
664.414 -0.547
664.52 -0.548
664.614 -0.549
664.696 -0.55
664.763 -0.551
664.828 -0.552
664.892 -0.553
664.979 -0.554
665.104 -0.555
665.228 -0.556
665.367 -0.557
665.525 -0.558
665.681 -0.559
665.849 -0.56
666.029 -0.561
666.201 -0.562
666.362 -0.563
666.496 -0.564
666.576 -0.565
666.592 -0.566
666.532 -0.567
666.392 -0.568
666.163 -0.569
665.882 -0.57
665.591 -0.571
665.297 -0.572
664.997 -0.573
664.693 -0.574
664.38 -0.575
664.064 -0.576
663.735 -0.577
663.403 -0.578
663.072 -0.579
662.741 -0.58
662.409 -0.581
662.078 -0.582
661.734 -0.583
661.38 -0.584
661.026 -0.585
660.672 -0.586
660.317 -0.587
659.954 -0.588
659.576 -0.589
659.198 -0.59
658.82 -0.591
658.442 -0.592
658.06 -0.593
657.659 -0.594
657.257 -0.595
656.855 -0.596
656.452 -0.597
656.05 -0.598
655.631 -0.599
655.207 -0.6
