4.99682 -0.001
9.98548 -0.002
14.9659 -0.003
19.9379 -0.004
24.9014 -0.005
29.8563 -0.006
34.8025 -0.007
39.7398 -0.008
44.6682 -0.009
49.5876 -0.01
54.4977 -0.011
59.3984 -0.012
64.2897 -0.013
69.1713 -0.014
74.0432 -0.015
78.9051 -0.016
83.7569 -0.017
88.5985 -0.018
93.4297 -0.019
98.2502 -0.02
103.06 -0.021
107.859 -0.022
112.646 -0.023
117.422 -0.024
122.187 -0.025
126.857 -0.026
130.911 -0.027
133.885 -0.028
136.592 -0.029
138.869 -0.03
141.022 -0.031
143.153 -0.032
145.265 -0.033
147.359 -0.034
149.434 -0.035
151.496 -0.036
153.545 -0.037
155.58 -0.038
157.603 -0.039
159.616 -0.04
161.619 -0.041
163.613 -0.042
165.601 -0.043
167.582 -0.044
169.557 -0.045
171.526 -0.046
173.49 -0.047
175.447 -0.048
177.399 -0.049
179.343 -0.05
181.282 -0.051
183.214 -0.052
185.139 -0.053
187.058 -0.054
188.969 -0.055
190.873 -0.056
192.757 -0.057
194.582 -0.058
196.276 -0.059
197.833 -0.06
199.141 -0.061
200.249 -0.062
201.064 -0.063
201.633 -0.064
202.123 -0.065
202.591 -0.066
202.955 -0.067
203.234 -0.068
203.399 -0.069
203.542 -0.07
203.68 -0.071
203.812 -0.072
203.939 -0.073
204.062 -0.074
204.18 -0.075
204.293 -0.076
204.404 -0.077
204.51 -0.078
204.614 -0.079
204.712 -0.08
204.807 -0.081
204.899 -0.082
204.989 -0.083
205.077 -0.084
205.163 -0.085
205.246 -0.086
205.328 -0.087
205.409 -0.088
205.487 -0.089
205.564 -0.09
205.64 -0.091
205.714 -0.092
205.788 -0.093
205.861 -0.094
205.932 -0.095
206.002 -0.096
206.072 -0.097
206.141 -0.098
206.209 -0.099
206.277 -0.1
206.344 -0.101
206.41 -0.102
206.476 -0.103
206.541 -0.104
206.605 -0.105
206.669 -0.106
206.732 -0.107
206.793 -0.108
206.855 -0.109
206.916 -0.11
206.976 -0.111
207.037 -0.112
207.097 -0.113
207.156 -0.114
207.214 -0.115
207.272 -0.116
207.329 -0.117
207.386 -0.118
207.443 -0.119
207.5 -0.12
207.555 -0.121
207.611 -0.122
207.665 -0.123
207.719 -0.124
207.773 -0.125
207.827 -0.126
207.88 -0.127
207.933 -0.128
207.985 -0.129
208.037 -0.13
208.088 -0.131
208.14 -0.132
208.19 -0.133
208.24 -0.134
208.29 -0.135
208.339 -0.136
208.388 -0.137
208.436 -0.138
208.484 -0.139
208.531 -0.14
208.578 -0.141
208.625 -0.142
208.671 -0.143
208.717 -0.144
208.764 -0.145
208.809 -0.146
208.854 -0.147
208.899 -0.148
208.943 -0.149
208.988 -0.15
209.032 -0.151
209.076 -0.152
209.12 -0.153
209.164 -0.154
209.207 -0.155
209.249 -0.156
209.292 -0.157
209.335 -0.158
209.377 -0.159
209.42 -0.16
209.462 -0.161
209.504 -0.162
209.546 -0.163
209.588 -0.164
209.628 -0.165
209.669 -0.166
209.709 -0.167
209.75 -0.168
209.79 -0.169
209.83 -0.17
209.87 -0.171
209.91 -0.172
209.949 -0.173
209.988 -0.174
210.028 -0.175
210.067 -0.176
210.106 -0.177
210.145 -0.178
210.184 -0.179
210.223 -0.18
210.261 -0.181
210.3 -0.182
210.339 -0.183
210.377 -0.184
210.415 -0.185
210.454 -0.186
210.492 -0.187
210.53 -0.188
210.568 -0.189
210.606 -0.19
210.644 -0.191
210.682 -0.192
210.719 -0.193
210.757 -0.194
210.795 -0.195
210.832 -0.196
210.87 -0.197
210.908 -0.198
210.945 -0.199
210.983 -0.2
211.02 -0.201
211.058 -0.202
211.095 -0.203
211.132 -0.204
211.17 -0.205
211.207 -0.206
211.244 -0.207
211.282 -0.208
211.319 -0.209
211.356 -0.21
211.393 -0.211
211.43 -0.212
211.467 -0.213
211.504 -0.214
211.541 -0.215
211.578 -0.216
211.615 -0.217
211.652 -0.218
211.689 -0.219
211.726 -0.22
211.763 -0.221
211.8 -0.222
211.837 -0.223
211.874 -0.224
211.912 -0.225
211.949 -0.226
211.986 -0.227
212.023 -0.228
212.06 -0.229
212.097 -0.23
212.134 -0.231
212.17 -0.232
212.207 -0.233
212.244 -0.234
212.281 -0.235
212.317 -0.236
212.354 -0.237
212.391 -0.238
212.428 -0.239
212.465 -0.24
212.501 -0.241
212.538 -0.242
212.575 -0.243
212.612 -0.244
212.648 -0.245
212.685 -0.246
212.722 -0.247
212.759 -0.248
212.796 -0.249
212.832 -0.25
212.869 -0.251
212.906 -0.252
212.943 -0.253
212.979 -0.254
213.016 -0.255
213.053 -0.256
213.09 -0.257
213.127 -0.258
213.163 -0.259
213.2 -0.26
213.237 -0.261
213.274 -0.262
213.311 -0.263
213.347 -0.264
213.384 -0.265
213.421 -0.266
213.458 -0.267
213.495 -0.268
213.531 -0.269
213.568 -0.27
213.605 -0.271
213.642 -0.272
213.679 -0.273
213.715 -0.274
213.752 -0.275
213.789 -0.276
213.826 -0.277
213.863 -0.278
213.9 -0.279
213.936 -0.28
213.973 -0.281
214.01 -0.282
214.047 -0.283
214.084 -0.284
214.12 -0.285
214.157 -0.286
214.194 -0.287
214.231 -0.288
214.268 -0.289
214.305 -0.29
214.342 -0.291
214.378 -0.292
214.415 -0.293
214.452 -0.294
214.489 -0.295
214.526 -0.296
214.563 -0.297
214.6 -0.298
214.637 -0.299
214.673 -0.3
214.71 -0.301
214.747 -0.302
214.784 -0.303
214.821 -0.304
214.858 -0.305
214.895 -0.306
214.932 -0.307
214.969 -0.308
215.006 -0.309
215.043 -0.31
215.08 -0.311
215.116 -0.312
215.153 -0.313
215.19 -0.314
215.227 -0.315
215.264 -0.316
215.301 -0.317
215.338 -0.318
215.375 -0.319
215.412 -0.32
215.449 -0.321
215.486 -0.322
215.523 -0.323
215.56 -0.324
215.597 -0.325
215.634 -0.326
215.671 -0.327
215.708 -0.328
215.745 -0.329
215.782 -0.33
215.82 -0.331
215.857 -0.332
215.894 -0.333
215.931 -0.334
215.968 -0.335
216.005 -0.336
216.042 -0.337
216.079 -0.338
216.116 -0.339
216.153 -0.34
216.191 -0.341
216.228 -0.342
216.265 -0.343
216.302 -0.344
216.339 -0.345
216.376 -0.346
216.413 -0.347
216.451 -0.348
216.488 -0.349
216.525 -0.35
216.562 -0.351
216.599 -0.352
216.637 -0.353
216.674 -0.354
216.711 -0.355
216.748 -0.356
216.786 -0.357
216.823 -0.358
216.86 -0.359
216.897 -0.36
216.935 -0.361
216.972 -0.362
217.009 -0.363
217.047 -0.364
217.084 -0.365
217.121 -0.366
217.159 -0.367
217.196 -0.368
217.233 -0.369
217.271 -0.37
217.308 -0.371
217.346 -0.372
217.383 -0.373
217.42 -0.374
217.458 -0.375
217.495 -0.376
217.533 -0.377
217.57 -0.378
217.608 -0.379
217.645 -0.38
217.683 -0.381
217.72 -0.382
217.758 -0.383
217.795 -0.384
217.833 -0.385
217.87 -0.386
217.908 -0.387
217.945 -0.388
217.983 -0.389
218.02 -0.39
218.058 -0.391
218.096 -0.392
218.133 -0.393
218.171 -0.394
218.208 -0.395
218.246 -0.396
218.284 -0.397
218.321 -0.398
218.359 -0.399
218.397 -0.4
218.434 -0.401
218.472 -0.402
218.51 -0.403
218.548 -0.404
218.585 -0.405
218.623 -0.406
218.661 -0.407
218.699 -0.408
218.737 -0.409
218.774 -0.41
218.812 -0.411
218.85 -0.412
218.888 -0.413
218.926 -0.414
218.964 -0.415
219.001 -0.416
219.039 -0.417
219.077 -0.418
219.115 -0.419
219.153 -0.42
219.191 -0.421
219.229 -0.422
219.267 -0.423
219.305 -0.424
219.343 -0.425
219.381 -0.426
219.419 -0.427
219.457 -0.428
219.495 -0.429
219.533 -0.43
219.571 -0.431
219.609 -0.432
219.648 -0.433
219.686 -0.434
219.724 -0.435
219.762 -0.436
219.8 -0.437
219.838 -0.438
219.877 -0.439
219.915 -0.44
219.953 -0.441
219.991 -0.442
220.03 -0.443
220.068 -0.444
220.106 -0.445
220.144 -0.446
220.183 -0.447
220.221 -0.448
220.259 -0.449
220.298 -0.45
220.336 -0.451
220.375 -0.452
220.413 -0.453
220.451 -0.454
220.49 -0.455
220.528 -0.456
220.567 -0.457
220.605 -0.458
220.644 -0.459
220.682 -0.46
220.721 -0.461
220.759 -0.462
220.798 -0.463
220.837 -0.464
220.875 -0.465
220.914 -0.466
220.952 -0.467
220.991 -0.468
221.03 -0.469
221.068 -0.47
221.107 -0.471
221.146 -0.472
221.185 -0.473
221.223 -0.474
221.262 -0.475
221.301 -0.476
221.34 -0.477
221.378 -0.478
221.417 -0.479
221.456 -0.48
221.495 -0.481
221.534 -0.482
221.573 -0.483
221.612 -0.484
221.651 -0.485
221.69 -0.486
221.729 -0.487
221.768 -0.488
221.807 -0.489
221.846 -0.49
221.885 -0.491
221.924 -0.492
221.963 -0.493
222.002 -0.494
222.041 -0.495
222.08 -0.496
222.119 -0.497
222.159 -0.498
222.198 -0.499
222.237 -0.5
222.276 -0.501
222.316 -0.502
222.355 -0.503
222.394 -0.504
222.433 -0.505
222.473 -0.506
222.512 -0.507
222.551 -0.508
222.591 -0.509
222.63 -0.51
222.67 -0.511
222.709 -0.512
222.749 -0.513
222.788 -0.514
222.828 -0.515
222.867 -0.516
222.907 -0.517
222.946 -0.518
222.986 -0.519
223.025 -0.52
223.065 -0.521
223.105 -0.522
223.144 -0.523
223.184 -0.524
223.224 -0.525
223.264 -0.526
223.303 -0.527
223.343 -0.528
223.383 -0.529
223.423 -0.53
223.463 -0.531
223.502 -0.532
223.542 -0.533
223.582 -0.534
223.622 -0.535
223.662 -0.536
223.702 -0.537
223.742 -0.538
223.782 -0.539
223.822 -0.54
223.862 -0.541
223.902 -0.542
223.942 -0.543
223.982 -0.544
224.023 -0.545
224.063 -0.546
224.103 -0.547
224.143 -0.548
224.183 -0.549
224.224 -0.55
224.264 -0.551
224.304 -0.552
224.345 -0.553
224.385 -0.554
224.425 -0.555
224.466 -0.556
224.506 -0.557
224.547 -0.558
224.587 -0.559
224.627 -0.56
224.668 -0.561
224.709 -0.562
224.749 -0.563
224.79 -0.564
224.83 -0.565
224.871 -0.566
224.912 -0.567
224.952 -0.568
224.993 -0.569
225.034 -0.57
225.074 -0.571
225.115 -0.572
225.156 -0.573
225.197 -0.574
225.238 -0.575
225.279 -0.576
225.319 -0.577
225.36 -0.578
225.401 -0.579
225.442 -0.58
225.483 -0.581
225.524 -0.582
225.565 -0.583
225.606 -0.584
225.647 -0.585
225.689 -0.586
225.73 -0.587
225.771 -0.588
225.812 -0.589
225.853 -0.59
225.895 -0.591
225.936 -0.592
225.977 -0.593
226.018 -0.594
226.06 -0.595
226.101 -0.596
226.143 -0.597
226.184 -0.598
226.225 -0.599
226.267 -0.6
226.308 -0.601
226.35 -0.602
226.391 -0.603
226.433 -0.604
226.475 -0.605
226.516 -0.606
226.558 -0.607
226.6 -0.608
226.641 -0.609
226.683 -0.61
226.725 -0.611
226.767 -0.612
226.808 -0.613
226.85 -0.614
226.892 -0.615
226.934 -0.616
226.976 -0.617
227.018 -0.618
227.06 -0.619
227.102 -0.62
227.144 -0.621
227.186 -0.622
227.228 -0.623
227.27 -0.624
227.312 -0.625
227.355 -0.626
227.397 -0.627
227.439 -0.628
227.481 -0.629
227.524 -0.63
227.566 -0.631
227.608 -0.632
227.651 -0.633
227.693 -0.634
227.735 -0.635
227.778 -0.636
227.82 -0.637
227.863 -0.638
227.905 -0.639
227.948 -0.64
227.99 -0.641
228.033 -0.642
228.076 -0.643
228.118 -0.644
228.161 -0.645
228.204 -0.646
228.246 -0.647
228.289 -0.648
228.332 -0.649
228.375 -0.65
228.418 -0.651
228.461 -0.652
228.504 -0.653
228.547 -0.654
228.59 -0.655
228.633 -0.656
228.676 -0.657
228.719 -0.658
228.762 -0.659
228.805 -0.66
228.848 -0.661
228.891 -0.662
228.935 -0.663
228.978 -0.664
229.021 -0.665
229.065 -0.666
229.108 -0.667
229.151 -0.668
229.195 -0.669
229.238 -0.67
229.282 -0.671
229.325 -0.672
229.369 -0.673
229.412 -0.674
229.456 -0.675
229.5 -0.676
229.543 -0.677
229.587 -0.678
229.631 -0.679
229.674 -0.68
229.718 -0.681
229.762 -0.682
229.806 -0.683
229.85 -0.684
229.894 -0.685
229.938 -0.686
229.982 -0.687
230.026 -0.688
230.07 -0.689
230.114 -0.69
230.158 -0.691
230.202 -0.692
230.247 -0.693
230.291 -0.694
230.335 -0.695
230.379 -0.696
230.424 -0.697
230.468 -0.698
230.512 -0.699
230.557 -0.7
230.601 -0.701
230.645 -0.702
230.69 -0.703
230.734 -0.704
230.779 -0.705
230.823 -0.706
230.868 -0.707
230.912 -0.708
230.956 -0.709
231.001 -0.71
231.045 -0.711
231.09 -0.712
231.135 -0.713
231.179 -0.714
231.224 -0.715
231.269 -0.716
231.313 -0.717
231.358 -0.718
231.403 -0.719
231.448 -0.72
231.493 -0.721
231.537 -0.722
231.582 -0.723
231.627 -0.724
231.672 -0.725
231.717 -0.726
231.762 -0.727
231.807 -0.728
231.852 -0.729
231.898 -0.73
231.943 -0.731
231.988 -0.732
232.033 -0.733
232.078 -0.734
232.124 -0.735
232.169 -0.736
232.214 -0.737
232.26 -0.738
232.305 -0.739
232.351 -0.74
232.396 -0.741
232.442 -0.742
232.487 -0.743
232.533 -0.744
232.578 -0.745
232.624 -0.746
232.67 -0.747
232.715 -0.748
232.761 -0.749
232.807 -0.75
232.853 -0.751
232.899 -0.752
232.945 -0.753
232.991 -0.754
233.037 -0.755
233.083 -0.756
233.129 -0.757
233.175 -0.758
233.221 -0.759
233.267 -0.76
233.313 -0.761
233.36 -0.762
233.406 -0.763
233.452 -0.764
233.499 -0.765
233.545 -0.766
233.591 -0.767
233.638 -0.768
233.684 -0.769
233.731 -0.77
233.778 -0.771
233.824 -0.772
233.871 -0.773
233.918 -0.774
233.964 -0.775
234.011 -0.776
234.058 -0.777
234.105 -0.778
234.152 -0.779
234.199 -0.78
234.246 -0.781
234.293 -0.782
234.34 -0.783
234.387 -0.784
234.434 -0.785
234.481 -0.786
234.527 -0.787
234.574 -0.788
234.621 -0.789
234.668 -0.79
234.715 -0.791
234.762 -0.792
234.81 -0.793
234.857 -0.794
234.904 -0.795
234.951 -0.796
234.998 -0.797
235.046 -0.798
235.093 -0.799
235.14 -0.8
235.188 -0.801
235.235 -0.802
235.283 -0.803
235.33 -0.804
235.378 -0.805
235.425 -0.806
235.473 -0.807
235.521 -0.808
235.568 -0.809
235.616 -0.81
235.664 -0.811
235.712 -0.812
235.76 -0.813
235.808 -0.814
235.856 -0.815
235.903 -0.816
235.951 -0.817
235.999 -0.818
236.047 -0.819
236.095 -0.82
236.143 -0.821
236.191 -0.822
236.239 -0.823
236.287 -0.824
236.335 -0.825
236.382 -0.826
236.43 -0.827
236.478 -0.828
236.527 -0.829
236.575 -0.83
236.623 -0.831
236.671 -0.832
236.719 -0.833
236.767 -0.834
236.815 -0.835
236.863 -0.836
236.912 -0.837
236.96 -0.838
237.008 -0.839
237.057 -0.84
237.105 -0.841
237.153 -0.842
237.202 -0.843
237.25 -0.844
237.299 -0.845
237.347 -0.846
237.395 -0.847
237.443 -0.848
237.491 -0.849
237.539 -0.85
237.587 -0.851
237.635 -0.852
237.682 -0.853
237.73 -0.854
237.777 -0.855
237.825 -0.856
237.873 -0.857
237.921 -0.858
237.968 -0.859
238.016 -0.86
238.064 -0.861
238.112 -0.862
238.16 -0.863
238.209 -0.864
238.257 -0.865
238.305 -0.866
238.353 -0.867
238.4 -0.868
238.447 -0.869
238.495 -0.87
238.469 -0.871
238.501 -0.872
238.507 -0.873
238.528 -0.874
238.549 -0.875
238.57 -0.876
238.591 -0.877
238.612 -0.878
238.633 -0.879
238.655 -0.88
238.676 -0.881
238.715 -0.882
238.773 -0.883
238.83 -0.884
238.883 -0.885
238.931 -0.886
239.012 -0.887
239.088 -0.888
239.155 -0.889
239.223 -0.89
239.297 -0.891
239.37 -0.892
239.436 -0.893
239.499 -0.894
239.558 -0.895
239.621 -0.896
239.681 -0.897
239.737 -0.898
239.791 -0.899
239.842 -0.9
