5.15504 -0.001
10.2879 -0.002
15.3987 -0.003
20.4872 -0.004
25.5536 -0.005
30.5978 -0.006
35.6199 -0.007
40.6197 -0.008
45.5973 -0.009
50.5527 -0.01
55.4859 -0.011
60.3968 -0.012
65.2854 -0.013
70.1517 -0.014
74.9956 -0.015
79.8172 -0.016
84.6164 -0.017
89.3932 -0.018
94.1475 -0.019
98.8793 -0.02
103.589 -0.021
108.275 -0.022
112.939 -0.023
117.58 -0.024
122.199 -0.025
126.795 -0.026
131.367 -0.027
135.917 -0.028
140.444 -0.029
144.948 -0.03
149.428 -0.031
153.885 -0.032
158.318 -0.033
162.728 -0.034
167.115 -0.035
171.477 -0.036
175.717 -0.037
179.624 -0.038
182.949 -0.039
186.027 -0.04
188.804 -0.041
191.135 -0.042
193.26 -0.043
195.359 -0.044
197.437 -0.045
199.497 -0.046
201.54 -0.047
203.563 -0.048
205.549 -0.049
207.47 -0.05
209.306 -0.051
211.036 -0.052
212.559 -0.053
214.01 -0.054
215.44 -0.055
216.85 -0.056
218.24 -0.057
219.609 -0.058
220.96 -0.059
222.292 -0.06
223.605 -0.061
224.899 -0.062
226.173 -0.063
227.427 -0.064
228.659 -0.065
229.872 -0.066
231.064 -0.067
232.238 -0.068
233.391 -0.069
234.525 -0.07
235.639 -0.071
236.734 -0.072
237.805 -0.073
238.849 -0.074
239.865 -0.075
240.854 -0.076
241.794 -0.077
242.661 -0.078
243.428 -0.079
244.131 -0.08
244.749 -0.081
245.267 -0.082
245.682 -0.083
245.991 -0.084
246.259 -0.085
246.464 -0.086
246.613 -0.087
246.741 -0.088
246.851 -0.089
246.945 -0.09
247.025 -0.091
247.091 -0.092
247.144 -0.093
247.188 -0.094
247.221 -0.095
247.245 -0.096
247.262 -0.097
247.269 -0.098
247.265 -0.099
247.247 -0.1
247.217 -0.101
247.174 -0.102
247.118 -0.103
247.056 -0.104
246.987 -0.105
246.908 -0.106
246.818 -0.107
246.719 -0.108
246.61 -0.109
246.496 -0.11
246.376 -0.111
246.252 -0.112
246.123 -0.113
245.99 -0.114
245.853 -0.115
245.713 -0.116
245.57 -0.117
245.423 -0.118
245.273 -0.119
245.12 -0.12
244.965 -0.121
244.806 -0.122
244.646 -0.123
244.483 -0.124
244.317 -0.125
244.149 -0.126
243.979 -0.127
243.806 -0.128
243.631 -0.129
243.454 -0.13
243.275 -0.131
243.093 -0.132
242.909 -0.133
242.723 -0.134
242.535 -0.135
242.345 -0.136
242.153 -0.137
241.958 -0.138
241.763 -0.139
241.565 -0.14
241.366 -0.141
241.165 -0.142
240.962 -0.143
240.758 -0.144
240.552 -0.145
240.345 -0.146
240.137 -0.147
239.927 -0.148
239.716 -0.149
239.503 -0.15
239.29 -0.151
239.075 -0.152
238.859 -0.153
238.642 -0.154
238.424 -0.155
238.205 -0.156
237.984 -0.157
237.763 -0.158
237.541 -0.159
237.318 -0.16
237.095 -0.161
236.87 -0.162
236.645 -0.163
236.418 -0.164
236.191 -0.165
235.964 -0.166
235.735 -0.167
235.506 -0.168
235.276 -0.169
235.047 -0.17
234.816 -0.171
234.585 -0.172
234.354 -0.173
234.122 -0.174
233.889 -0.175
233.656 -0.176
233.422 -0.177
233.188 -0.178
232.954 -0.179
232.719 -0.18
232.484 -0.181
232.249 -0.182
232.013 -0.183
231.777 -0.184
231.541 -0.185
231.305 -0.186
231.068 -0.187
230.831 -0.188
230.595 -0.189
230.358 -0.19
230.121 -0.191
229.883 -0.192
229.646 -0.193
229.409 -0.194
229.171 -0.195
228.934 -0.196
228.697 -0.197
228.46 -0.198
228.223 -0.199
227.986 -0.2
227.749 -0.201
227.512 -0.202
227.275 -0.203
227.039 -0.204
226.803 -0.205
226.567 -0.206
226.331 -0.207
226.095 -0.208
225.86 -0.209
225.625 -0.21
225.391 -0.211
225.156 -0.212
224.923 -0.213
224.689 -0.214
224.456 -0.215
224.223 -0.216
223.991 -0.217
223.759 -0.218
223.528 -0.219
223.298 -0.22
223.067 -0.221
222.838 -0.222
222.609 -0.223
222.382 -0.224
222.156 -0.225
221.933 -0.226
221.712 -0.227
221.492 -0.228
221.275 -0.229
221.059 -0.23
220.846 -0.231
220.634 -0.232
220.423 -0.233
220.214 -0.234
220.004 -0.235
219.796 -0.236
219.589 -0.237
219.382 -0.238
219.176 -0.239
218.971 -0.24
218.767 -0.241
218.563 -0.242
218.361 -0.243
218.159 -0.244
217.958 -0.245
217.758 -0.246
217.559 -0.247
217.361 -0.248
217.164 -0.249
216.968 -0.25
216.773 -0.251
216.579 -0.252
216.386 -0.253
216.194 -0.254
216.004 -0.255
215.814 -0.256
215.625 -0.257
215.437 -0.258
215.25 -0.259
215.065 -0.26
214.88 -0.261
214.698 -0.262
214.517 -0.263
214.338 -0.264
214.161 -0.265
213.985 -0.266
213.813 -0.267
213.642 -0.268
213.476 -0.269
213.311 -0.27
213.149 -0.271
212.99 -0.272
212.834 -0.273
212.68 -0.274
212.529 -0.275
212.38 -0.276
212.234 -0.277
212.088 -0.278
211.944 -0.279
211.801 -0.28
211.659 -0.281
211.519 -0.282
211.379 -0.283
211.241 -0.284
211.104 -0.285
210.968 -0.286
210.834 -0.287
210.701 -0.288
210.568 -0.289
210.437 -0.29
210.307 -0.291
210.179 -0.292
210.052 -0.293
209.926 -0.294
209.801 -0.295
209.677 -0.296
209.555 -0.297
209.434 -0.298
209.315 -0.299
209.197 -0.3
209.081 -0.301
208.965 -0.302
208.85 -0.303
208.737 -0.304
208.625 -0.305
208.515 -0.306
208.407 -0.307
208.299 -0.308
208.193 -0.309
208.087 -0.31
207.982 -0.311
207.879 -0.312
207.777 -0.313
207.677 -0.314
207.577 -0.315
207.479 -0.316
207.382 -0.317
207.286 -0.318
207.193 -0.319
207.1 -0.32
207.01 -0.321
206.921 -0.322
206.833 -0.323
206.749 -0.324
206.664 -0.325
206.582 -0.326
206.503 -0.327
206.425 -0.328
206.349 -0.329
206.275 -0.33
206.203 -0.331
206.133 -0.332
206.066 -0.333
206.001 -0.334
205.937 -0.335
205.874 -0.336
205.814 -0.337
205.754 -0.338
205.696 -0.339
205.64 -0.34
205.585 -0.341
205.532 -0.342
205.482 -0.343
205.433 -0.344
205.385 -0.345
205.34 -0.346
205.297 -0.347
205.256 -0.348
205.216 -0.349
205.179 -0.35
205.144 -0.351
205.11 -0.352
205.078 -0.353
205.049 -0.354
205.021 -0.355
204.995 -0.356
204.971 -0.357
204.949 -0.358
204.93 -0.359
204.912 -0.36
204.895 -0.361
204.88 -0.362
204.867 -0.363
204.855 -0.364
204.845 -0.365
204.837 -0.366
204.832 -0.367
204.828 -0.368
204.826 -0.369
204.827 -0.37
204.829 -0.371
204.834 -0.372
204.841 -0.373
204.85 -0.374
204.861 -0.375
204.874 -0.376
204.889 -0.377
204.907 -0.378
204.927 -0.379
204.949 -0.38
204.973 -0.381
204.999 -0.382
205.028 -0.383
205.058 -0.384
205.09 -0.385
205.124 -0.386
205.161 -0.387
205.199 -0.388
205.239 -0.389
205.281 -0.39
205.325 -0.391
205.372 -0.392
205.42 -0.393
205.471 -0.394
205.525 -0.395
205.58 -0.396
205.638 -0.397
205.698 -0.398
205.761 -0.399
205.826 -0.4
205.893 -0.401
205.962 -0.402
206.033 -0.403
206.106 -0.404
206.182 -0.405
206.259 -0.406
206.338 -0.407
206.418 -0.408
206.5 -0.409
206.584 -0.41
206.668 -0.411
206.752 -0.412
206.826 -0.413
206.881 -0.414
206.931 -0.415
206.981 -0.416
207.031 -0.417
207.084 -0.418
207.138 -0.419
207.195 -0.42
207.253 -0.421
207.313 -0.422
207.375 -0.423
207.439 -0.424
207.505 -0.425
207.573 -0.426
207.643 -0.427
207.714 -0.428
207.789 -0.429
207.865 -0.43
207.943 -0.431
208.024 -0.432
208.106 -0.433
208.191 -0.434
208.279 -0.435
208.368 -0.436
208.46 -0.437
208.554 -0.438
208.65 -0.439
208.749 -0.44
208.85 -0.441
208.953 -0.442
209.059 -0.443
209.167 -0.444
209.277 -0.445
209.39 -0.446
209.504 -0.447
209.621 -0.448
209.74 -0.449
209.861 -0.45
209.984 -0.451
210.11 -0.452
210.237 -0.453
210.367 -0.454
210.499 -0.455
210.634 -0.456
210.77 -0.457
210.907 -0.458
211.044 -0.459
211.183 -0.46
211.32 -0.461
211.459 -0.462
211.596 -0.463
211.735 -0.464
211.872 -0.465
212.01 -0.466
212.146 -0.467
212.282 -0.468
212.417 -0.469
212.553 -0.47
212.691 -0.471
212.831 -0.472
212.973 -0.473
213.118 -0.474
213.264 -0.475
213.412 -0.476
213.562 -0.477
213.715 -0.478
213.869 -0.479
214.025 -0.48
214.183 -0.481
214.343 -0.482
214.505 -0.483
214.668 -0.484
214.834 -0.485
215 -0.486
215.169 -0.487
215.34 -0.488
215.513 -0.489
215.688 -0.49
215.865 -0.491
216.044 -0.492
216.224 -0.493
216.403 -0.494
216.581 -0.495
216.758 -0.496
216.931 -0.497
217.094 -0.498
217.244 -0.499
217.389 -0.5
217.537 -0.501
217.686 -0.502
217.837 -0.503
217.99 -0.504
218.144 -0.505
218.301 -0.506
218.459 -0.507
218.618 -0.508
218.775 -0.509
218.93 -0.51
219.08 -0.511
219.23 -0.512
219.38 -0.513
219.533 -0.514
219.687 -0.515
219.843 -0.516
220.001 -0.517
220.16 -0.518
220.322 -0.519
220.485 -0.52
220.649 -0.521
220.816 -0.522
220.985 -0.523
221.155 -0.524
221.327 -0.525
221.501 -0.526
221.677 -0.527
221.855 -0.528
222.034 -0.529
222.215 -0.53
222.398 -0.531
222.583 -0.532
222.769 -0.533
222.958 -0.534
223.148 -0.535
223.339 -0.536
223.533 -0.537
223.729 -0.538
223.926 -0.539
224.125 -0.54
224.327 -0.541
224.53 -0.542
224.735 -0.543
224.942 -0.544
225.151 -0.545
225.362 -0.546
225.575 -0.547
225.789 -0.548
226.006 -0.549
226.225 -0.55
226.446 -0.551
226.669 -0.552
226.894 -0.553
227.121 -0.554
227.35 -0.555
227.582 -0.556
227.812 -0.557
228.025 -0.558
228.234 -0.559
228.445 -0.56
228.658 -0.561
228.872 -0.562
229.088 -0.563
229.305 -0.564
229.525 -0.565
229.746 -0.566
229.968 -0.567
230.183 -0.568
230.391 -0.569
230.6 -0.57
230.811 -0.571
231.023 -0.572
231.237 -0.573
231.453 -0.574
231.67 -0.575
231.89 -0.576
232.111 -0.577
232.334 -0.578
232.558 -0.579
232.785 -0.58
233.013 -0.581
233.242 -0.582
233.474 -0.583
233.707 -0.584
233.942 -0.585
234.179 -0.586
234.418 -0.587
234.659 -0.588
234.902 -0.589
235.147 -0.59
235.394 -0.591
235.642 -0.592
235.891 -0.593
236.143 -0.594
236.393 -0.595
236.64 -0.596
236.884 -0.597
237.125 -0.598
237.364 -0.599
237.603 -0.6
237.843 -0.601
238.085 -0.602
238.33 -0.603
238.576 -0.604
238.824 -0.605
239.074 -0.606
239.327 -0.607
239.581 -0.608
239.837 -0.609
240.094 -0.61
240.355 -0.611
240.617 -0.612
240.88 -0.613
241.145 -0.614
241.411 -0.615
241.679 -0.616
241.947 -0.617
242.215 -0.618
242.484 -0.619
242.753 -0.62
243.022 -0.621
243.293 -0.622
243.564 -0.623
243.837 -0.624
244.111 -0.625
244.388 -0.626
244.666 -0.627
244.946 -0.628
245.227 -0.629
245.511 -0.63
245.797 -0.631
246.084 -0.632
246.374 -0.633
246.666 -0.634
246.96 -0.635
247.256 -0.636
247.554 -0.637
247.854 -0.638
248.154 -0.639
248.452 -0.64
248.748 -0.641
249.043 -0.642
249.337 -0.643
249.629 -0.644
249.921 -0.645
250.215 -0.646
250.511 -0.647
250.81 -0.648
251.11 -0.649
251.412 -0.65
251.713 -0.651
252.013 -0.652
252.311 -0.653
252.609 -0.654
252.906 -0.655
253.204 -0.656
253.504 -0.657
253.807 -0.658
254.111 -0.659
254.417 -0.66
254.725 -0.661
255.034 -0.662
255.346 -0.663
255.659 -0.664
255.975 -0.665
256.292 -0.666
256.612 -0.667
256.934 -0.668
257.258 -0.669
257.584 -0.67
257.912 -0.671
258.242 -0.672
258.574 -0.673
258.909 -0.674
259.245 -0.675
259.584 -0.676
259.924 -0.677
260.266 -0.678
260.61 -0.679
260.956 -0.68
261.305 -0.681
261.655 -0.682
262.004 -0.683
262.355 -0.684
262.705 -0.685
263.057 -0.686
263.409 -0.687
263.762 -0.688
264.115 -0.689
264.468 -0.69
264.823 -0.691
265.178 -0.692
265.533 -0.693
265.89 -0.694
266.25 -0.695
266.611 -0.696
266.975 -0.697
267.341 -0.698
267.71 -0.699
268.08 -0.7
268.453 -0.701
268.827 -0.702
269.204 -0.703
269.582 -0.704
269.962 -0.705
270.344 -0.706
270.726 -0.707
271.111 -0.708
271.497 -0.709
271.884 -0.71
272.274 -0.711
272.664 -0.712
273.056 -0.713
273.45 -0.714
273.846 -0.715
274.243 -0.716
274.643 -0.717
275.044 -0.718
275.447 -0.719
275.852 -0.72
276.259 -0.721
276.668 -0.722
277.078 -0.723
277.488 -0.724
277.9 -0.725
278.312 -0.726
278.725 -0.727
279.138 -0.728
279.553 -0.729
279.967 -0.73
280.384 -0.731
280.801 -0.732
281.219 -0.733
281.637 -0.734
282.055 -0.735
282.474 -0.736
282.896 -0.737
283.32 -0.738
283.746 -0.739
284.174 -0.74
284.605 -0.741
285.038 -0.742
285.473 -0.743
285.91 -0.744
286.349 -0.745
286.79 -0.746
287.233 -0.747
287.676 -0.748
288.122 -0.749
288.57 -0.75
289.02 -0.751
289.472 -0.752
289.927 -0.753
290.382 -0.754
290.839 -0.755
291.297 -0.756
291.758 -0.757
292.221 -0.758
292.687 -0.759
293.154 -0.76
293.624 -0.761
294.096 -0.762
294.568 -0.763
295.042 -0.764
295.517 -0.765
295.993 -0.766
296.471 -0.767
296.95 -0.768
297.43 -0.769
297.912 -0.77
298.395 -0.771
298.879 -0.772
299.364 -0.773
299.852 -0.774
300.341 -0.775
300.833 -0.776
301.325 -0.777
301.816 -0.778
302.308 -0.779
302.801 -0.78
303.295 -0.781
303.79 -0.782
304.286 -0.783
304.782 -0.784
305.277 -0.785
305.772 -0.786
306.269 -0.787
306.768 -0.788
307.269 -0.789
307.772 -0.79
308.275 -0.791
308.778 -0.792
309.284 -0.793
309.79 -0.794
310.297 -0.795
310.805 -0.796
311.316 -0.797
311.829 -0.798
312.344 -0.799
312.861 -0.8
313.381 -0.801
313.903 -0.802
314.427 -0.803
314.953 -0.804
315.481 -0.805
316.012 -0.806
316.544 -0.807
317.079 -0.808
317.616 -0.809
318.154 -0.81
318.694 -0.811
319.235 -0.812
319.778 -0.813
320.322 -0.814
320.866 -0.815
321.412 -0.816
321.957 -0.817
322.503 -0.818
323.048 -0.819
323.593 -0.82
324.138 -0.821
324.681 -0.822
325.226 -0.823
325.773 -0.824
326.322 -0.825
326.871 -0.826
327.421 -0.827
327.973 -0.828
328.525 -0.829
329.077 -0.83
329.63 -0.831
330.183 -0.832
330.735 -0.833
331.288 -0.834
331.843 -0.835
332.398 -0.836
332.954 -0.837
333.509 -0.838
334.067 -0.839
334.626 -0.84
335.185 -0.841
335.746 -0.842
336.309 -0.843
336.873 -0.844
337.439 -0.845
338.006 -0.846
338.575 -0.847
339.146 -0.848
339.718 -0.849
340.292 -0.85
340.868 -0.851
341.446 -0.852
342.024 -0.853
342.605 -0.854
343.188 -0.855
343.772 -0.856
344.359 -0.857
344.947 -0.858
345.537 -0.859
346.128 -0.86
346.72 -0.861
347.313 -0.862
347.907 -0.863
348.502 -0.864
349.09 -0.865
349.652 -0.866
350.217 -0.867
350.782 -0.868
351.344 -0.869
351.907 -0.87
352.472 -0.871
353.038 -0.872
353.606 -0.873
354.176 -0.874
354.746 -0.875
355.311 -0.876
355.877 -0.877
356.444 -0.878
357.012 -0.879
357.579 -0.88
358.147 -0.881
358.713 -0.882
359.276 -0.883
359.838 -0.884
360.397 -0.885
360.958 -0.886
361.52 -0.887
362.081 -0.888
362.64 -0.889
363.198 -0.89
363.755 -0.891
364.312 -0.892
364.87 -0.893
365.429 -0.894
365.987 -0.895
366.544 -0.896
367.102 -0.897
367.662 -0.898
368.223 -0.899
368.787 -0.9
369.349 -0.901
369.913 -0.902
370.477 -0.903
371.042 -0.904
371.608 -0.905
372.176 -0.906
372.745 -0.907
373.317 -0.908
373.89 -0.909
374.465 -0.91
375.041 -0.911
375.616 -0.912
376.193 -0.913
376.771 -0.914
377.351 -0.915
377.933 -0.916
378.517 -0.917
379.102 -0.918
379.689 -0.919
380.278 -0.92
380.869 -0.921
381.462 -0.922
382.056 -0.923
382.649 -0.924
383.243 -0.925
383.839 -0.926
384.437 -0.927
385.036 -0.928
385.638 -0.929
386.241 -0.93
386.847 -0.931
387.454 -0.932
388.063 -0.933
388.673 -0.934
389.286 -0.935
389.9 -0.936
390.512 -0.937
391.126 -0.938
391.74 -0.939
392.354 -0.94
392.967 -0.941
393.581 -0.942
394.197 -0.943
394.814 -0.944
395.433 -0.945
396.051 -0.946
396.672 -0.947
397.293 -0.948
397.916 -0.949
398.538 -0.95
399.159 -0.951
399.776 -0.952
400.39 -0.953
401.003 -0.954
401.612 -0.955
402.222 -0.956
402.831 -0.957
403.441 -0.958
404.053 -0.959
404.666 -0.96
405.28 -0.961
405.896 -0.962
406.513 -0.963
407.131 -0.964
407.75 -0.965
408.371 -0.966
408.994 -0.967
409.619 -0.968
410.245 -0.969
410.87 -0.97
411.497 -0.971
412.123 -0.972
412.75 -0.973
413.38 -0.974
414.01 -0.975
414.64 -0.976
415.272 -0.977
415.904 -0.978
416.534 -0.979
417.161 -0.98
417.789 -0.981
418.419 -0.982
419.05 -0.983
419.681 -0.984
420.314 -0.985
420.948 -0.986
421.581 -0.987
422.209 -0.988
422.839 -0.989
423.47 -0.99
424.102 -0.991
424.734 -0.992
425.367 -0.993
426.002 -0.994
426.636 -0.995
427.268 -0.996
427.898 -0.997
428.53 -0.998
429.162 -0.999
429.791 -1
430.421 -1.001
431.045 -1.002
431.649 -1.003
432.254 -1.004
432.853 -1.005
433.453 -1.006
434.054 -1.007
434.651 -1.008
435.249 -1.009
435.848 -1.01
436.449 -1.011
437.05 -1.012
437.644 -1.013
438.239 -1.014
438.835 -1.015
439.432 -1.016
440.023 -1.017
440.608 -1.018
441.122 -1.019
441.56 -1.02
441.996 -1.021
442.433 -1.022
442.871 -1.023
443.308 -1.024
443.747 -1.025
444.185 -1.026
444.624 -1.027
445.063 -1.028
445.503 -1.029
445.943 -1.03
446.383 -1.031
446.824 -1.032
447.265 -1.033
447.706 -1.034
448.146 -1.035
448.587 -1.036
449.029 -1.037
449.47 -1.038
449.911 -1.039
450.352 -1.04
450.794 -1.041
451.236 -1.042
451.678 -1.043
452.121 -1.044
452.564 -1.045
453.008 -1.046
453.452 -1.047
453.896 -1.048
454.341 -1.049
454.786 -1.05
455.232 -1.051
455.678 -1.052
456.124 -1.053
456.571 -1.054
457.018 -1.055
457.465 -1.056
457.913 -1.057
458.362 -1.058
458.81 -1.059
459.259 -1.06
459.709 -1.061
460.159 -1.062
460.609 -1.063
461.06 -1.064
461.51 -1.065
461.96 -1.066
462.41 -1.067
462.86 -1.068
463.311 -1.069
463.763 -1.07
464.214 -1.071
464.667 -1.072
465.119 -1.073
465.572 -1.074
466.025 -1.075
466.479 -1.076
466.932 -1.077
467.386 -1.078
467.841 -1.079
468.295 -1.08
468.75 -1.081
469.205 -1.082
469.659 -1.083
470.114 -1.084
470.569 -1.085
471.025 -1.086
471.479 -1.087
471.932 -1.088
472.386 -1.089
472.839 -1.09
473.291 -1.091
473.743 -1.092
474.195 -1.093
474.647 -1.094
475.099 -1.095
475.542 -1.096
475.967 -1.097
476.383 -1.098
476.797 -1.099
477.211 -1.1
