17.0501 -0.001
34.0825 -0.002
51.0969 -0.003
68.0931 -0.004
85.0711 -0.005
102.031 -0.006
118.972 -0.007
135.894 -0.008
152.798 -0.009
169.683 -0.01
186.549 -0.011
203.395 -0.012
220.223 -0.013
237.03 -0.014
253.819 -0.015
270.587 -0.016
287.336 -0.017
304.064 -0.018
320.772 -0.019
337.46 -0.02
354.128 -0.021
370.774 -0.022
387.4 -0.023
404.005 -0.024
420.582 -0.025
436.341 -0.026
448.375 -0.027
459.054 -0.028
469.448 -0.029
478.524 -0.03
485.911 -0.031
493.23 -0.032
500.508 -0.033
507.762 -0.034
514.97 -0.035
522.166 -0.036
529.363 -0.037
536.555 -0.038
543.74 -0.039
550.917 -0.04
558.086 -0.041
565.244 -0.042
572.391 -0.043
579.53 -0.044
586.659 -0.045
593.782 -0.046
600.934 -0.047
608.112 -0.048
615.297 -0.049
622.491 -0.05
629.689 -0.051
636.887 -0.052
644.082 -0.053
651.26 -0.054
658.387 -0.055
665.379 -0.056
672.218 -0.057
678.788 -0.058
685.15 -0.059
691.008 -0.06
696.408 -0.061
701.773 -0.062
707.128 -0.063
712.473 -0.064
717.807 -0.065
723.129 -0.066
728.415 -0.067
733.654 -0.068
738.743 -0.069
743.651 -0.07
748.292 -0.071
752.533 -0.072
756.38 -0.073
759.664 -0.074
762.453 -0.075
764.497 -0.076
765.917 -0.077
767.081 -0.078
768.171 -0.079
769.199 -0.08
770.177 -0.081
771.108 -0.082
772.016 -0.083
772.895 -0.084
773.762 -0.085
774.616 -0.086
775.467 -0.087
776.313 -0.088
777.151 -0.089
777.983 -0.09
778.8 -0.091
779.605 -0.092
780.391 -0.093
781.166 -0.094
781.915 -0.095
782.649 -0.096
783.362 -0.097
784.045 -0.098
784.706 -0.099
785.335 -0.1
785.946 -0.101
786.522 -0.102
787.076 -0.103
787.613 -0.104
788.124 -0.105
788.618 -0.106
789.095 -0.107
789.548 -0.108
789.992 -0.109
790.431 -0.11
790.861 -0.111
791.265 -0.112
791.663 -0.113
792.055 -0.114
792.443 -0.115
792.824 -0.116
793.193 -0.117
793.549 -0.118
793.902 -0.119
794.25 -0.12
794.594 -0.121
794.933 -0.122
795.265 -0.123
795.586 -0.124
795.9 -0.125
796.209 -0.126
796.512 -0.127
796.81 -0.128
797.1 -0.129
797.385 -0.13
797.666 -0.131
797.942 -0.132
798.216 -0.133
798.484 -0.134
798.744 -0.135
798.997 -0.136
799.245 -0.137
799.489 -0.138
799.728 -0.139
799.963 -0.14
800.193 -0.141
800.418 -0.142
800.639 -0.143
800.856 -0.144
801.069 -0.145
801.28 -0.146
801.488 -0.147
801.692 -0.148
801.893 -0.149
802.092 -0.15
802.289 -0.151
802.483 -0.152
802.676 -0.153
802.867 -0.154
803.057 -0.155
803.244 -0.156
803.429 -0.157
803.61 -0.158
803.788 -0.159
803.964 -0.16
804.139 -0.161
804.313 -0.162
804.486 -0.163
804.656 -0.164
804.825 -0.165
804.993 -0.166
805.16 -0.167
805.325 -0.168
805.488 -0.169
805.65 -0.17
805.81 -0.171
805.97 -0.172
806.128 -0.173
806.285 -0.174
806.44 -0.175
806.595 -0.176
806.748 -0.177
806.899 -0.178
807.049 -0.179
807.199 -0.18
807.348 -0.181
807.495 -0.182
807.642 -0.183
807.787 -0.184
807.93 -0.185
808.073 -0.186
808.215 -0.187
808.356 -0.188
808.496 -0.189
808.635 -0.19
808.774 -0.191
808.912 -0.192
809.049 -0.193
809.185 -0.194
809.32 -0.195
809.454 -0.196
809.587 -0.197
809.72 -0.198
809.852 -0.199
809.983 -0.2
810.114 -0.201
810.244 -0.202
810.374 -0.203
810.502 -0.204
810.63 -0.205
810.757 -0.206
810.884 -0.207
811.011 -0.208
811.137 -0.209
811.262 -0.21
811.387 -0.211
811.511 -0.212
811.635 -0.213
811.759 -0.214
811.882 -0.215
812.005 -0.216
812.128 -0.217
812.25 -0.218
812.372 -0.219
812.494 -0.22
812.615 -0.221
812.736 -0.222
812.856 -0.223
812.976 -0.224
813.096 -0.225
813.216 -0.226
813.335 -0.227
813.454 -0.228
813.573 -0.229
813.691 -0.23
813.81 -0.231
813.927 -0.232
814.045 -0.233
814.162 -0.234
814.278 -0.235
814.395 -0.236
814.511 -0.237
814.626 -0.238
814.742 -0.239
814.857 -0.24
814.972 -0.241
815.087 -0.242
815.202 -0.243
815.316 -0.244
815.43 -0.245
815.544 -0.246
815.658 -0.247
815.772 -0.248
815.886 -0.249
815.999 -0.25
816.112 -0.251
816.225 -0.252
816.337 -0.253
816.45 -0.254
816.562 -0.255
816.674 -0.256
816.786 -0.257
816.898 -0.258
817.01 -0.259
817.122 -0.26
817.233 -0.261
817.344 -0.262
817.456 -0.263
817.567 -0.264
817.677 -0.265
817.788 -0.266
817.898 -0.267
818.009 -0.268
818.119 -0.269
818.229 -0.27
818.339 -0.271
818.449 -0.272
818.558 -0.273
818.668 -0.274
818.777 -0.275
818.886 -0.276
818.995 -0.277
819.104 -0.278
819.213 -0.279
819.322 -0.28
819.43 -0.281
819.539 -0.282
819.647 -0.283
819.755 -0.284
819.863 -0.285
819.971 -0.286
820.079 -0.287
820.187 -0.288
820.295 -0.289
820.402 -0.29
820.51 -0.291
820.617 -0.292
820.724 -0.293
820.831 -0.294
820.938 -0.295
821.044 -0.296
821.151 -0.297
821.258 -0.298
821.364 -0.299
821.47 -0.3
821.577 -0.301
821.683 -0.302
821.788 -0.303
821.894 -0.304
822 -0.305
822.105 -0.306
822.21 -0.307
822.315 -0.308
822.42 -0.309
822.524 -0.31
822.629 -0.311
822.733 -0.312
822.838 -0.313
822.942 -0.314
823.046 -0.315
823.15 -0.316
823.254 -0.317
823.358 -0.318
823.462 -0.319
823.566 -0.32
823.669 -0.321
823.773 -0.322
823.876 -0.323
823.979 -0.324
824.082 -0.325
824.185 -0.326
824.288 -0.327
824.39 -0.328
824.493 -0.329
824.596 -0.33
824.698 -0.331
824.801 -0.332
824.903 -0.333
825.005 -0.334
825.107 -0.335
825.209 -0.336
825.311 -0.337
825.413 -0.338
825.514 -0.339
825.616 -0.34
825.717 -0.341
825.818 -0.342
825.919 -0.343
826.02 -0.344
826.121 -0.345
826.222 -0.346
826.323 -0.347
826.423 -0.348
826.524 -0.349
826.624 -0.35
826.724 -0.351
826.824 -0.352
826.924 -0.353
827.024 -0.354
827.123 -0.355
827.223 -0.356
827.322 -0.357
827.421 -0.358
827.52 -0.359
827.619 -0.36
827.718 -0.361
827.817 -0.362
827.915 -0.363
828.012 -0.364
828.11 -0.365
828.207 -0.366
828.304 -0.367
828.401 -0.368
828.498 -0.369
828.594 -0.37
828.69 -0.371
828.786 -0.372
828.882 -0.373
828.977 -0.374
829.072 -0.375
829.167 -0.376
829.262 -0.377
829.356 -0.378
829.451 -0.379
829.545 -0.38
829.639 -0.381
829.733 -0.382
829.826 -0.383
829.92 -0.384
830.013 -0.385
830.105 -0.386
830.197 -0.387
830.289 -0.388
830.381 -0.389
830.472 -0.39
830.563 -0.391
830.654 -0.392
830.744 -0.393
830.833 -0.394
830.923 -0.395
831.012 -0.396
831.1 -0.397
831.189 -0.398
831.276 -0.399
831.364 -0.4
831.451 -0.401
831.537 -0.402
831.623 -0.403
831.708 -0.404
831.792 -0.405
831.876 -0.406
831.959 -0.407
832.041 -0.408
832.119 -0.409
832.193 -0.41
832.26 -0.411
832.319 -0.412
832.39 -0.413
832.468 -0.414
832.54 -0.415
832.608 -0.416
832.673 -0.417
832.73 -0.418
832.777 -0.419
832.819 -0.42
832.86 -0.421
832.919 -0.422
832.97 -0.423
833.016 -0.424
833.054 -0.425
833.087 -0.426
833.119 -0.427
833.169 -0.428
833.209 -0.429
833.245 -0.43
833.262 -0.431
833.276 -0.432
833.33 -0.433
833.402 -0.434
833.464 -0.435
833.52 -0.436
833.561 -0.437
833.591 -0.438
833.616 -0.439
833.637 -0.44
833.677 -0.441
833.715 -0.442
833.748 -0.443
833.776 -0.444
833.8 -0.445
833.819 -0.446
833.84 -0.447
833.881 -0.448
833.923 -0.449
833.973 -0.45
834.021 -0.451
834.065 -0.452
834.109 -0.453
834.165 -0.454
834.22 -0.455
834.27 -0.456
834.315 -0.457
834.357 -0.458
834.39 -0.459
834.419 -0.46
834.445 -0.461
834.472 -0.462
834.498 -0.463
834.52 -0.464
834.535 -0.465
834.545 -0.466
834.55 -0.467
834.553 -0.468
834.552 -0.469
834.537 -0.47
834.515 -0.471
834.489 -0.472
834.478 -0.473
834.471 -0.474
834.455 -0.475
834.435 -0.476
834.412 -0.477
834.384 -0.478
834.351 -0.479
834.322 -0.48
834.311 -0.481
834.304 -0.482
834.293 -0.483
834.278 -0.484
834.259 -0.485
834.232 -0.486
834.209 -0.487
834.202 -0.488
834.203 -0.489
834.201 -0.49
834.195 -0.491
834.186 -0.492
834.179 -0.493
834.183 -0.494
834.196 -0.495
834.208 -0.496
834.218 -0.497
834.226 -0.498
834.233 -0.499
834.251 -0.5
834.28 -0.501
834.309 -0.502
834.34 -0.503
834.371 -0.504
834.402 -0.505
834.436 -0.506
834.468 -0.507
834.51 -0.508
834.556 -0.509
834.602 -0.51
834.65 -0.511
834.698 -0.512
834.746 -0.513
834.796 -0.514
834.847 -0.515
834.897 -0.516
834.945 -0.517
834.992 -0.518
835.038 -0.519
835.082 -0.52
835.126 -0.521
835.168 -0.522
835.209 -0.523
835.248 -0.524
835.285 -0.525
835.318 -0.526
835.348 -0.527
835.376 -0.528
835.4 -0.529
835.418 -0.53
835.431 -0.531
835.435 -0.532
835.425 -0.533
835.423 -0.534
835.404 -0.535
835.404 -0.536
835.42 -0.537
835.427 -0.538
835.428 -0.539
835.421 -0.54
835.418 -0.541
835.433 -0.542
835.446 -0.543
835.456 -0.544
835.463 -0.545
835.464 -0.546
835.462 -0.547
835.477 -0.548
835.501 -0.549
835.525 -0.55
835.551 -0.551
835.574 -0.552
835.602 -0.553
835.631 -0.554
835.669 -0.555
835.716 -0.556
835.766 -0.557
835.819 -0.558
835.872 -0.559
835.93 -0.56
835.988 -0.561
836.045 -0.562
836.105 -0.563
836.168 -0.564
836.233 -0.565
836.298 -0.566
836.363 -0.567
836.427 -0.568
836.492 -0.569
836.555 -0.57
836.619 -0.571
836.682 -0.572
836.748 -0.573
836.815 -0.574
836.883 -0.575
836.95 -0.576
837.017 -0.577
837.085 -0.578
837.152 -0.579
837.22 -0.58
837.287 -0.581
837.355 -0.582
837.422 -0.583
837.489 -0.584
837.557 -0.585
837.624 -0.586
837.692 -0.587
837.76 -0.588
837.827 -0.589
837.894 -0.59
837.96 -0.591
838.027 -0.592
838.093 -0.593
838.159 -0.594
838.226 -0.595
838.291 -0.596
838.357 -0.597
838.422 -0.598
838.486 -0.599
838.551 -0.6
838.614 -0.601
838.678 -0.602
838.741 -0.603
838.803 -0.604
838.864 -0.605
838.926 -0.606
838.987 -0.607
839.048 -0.608
839.109 -0.609
839.169 -0.61
839.229 -0.611
839.289 -0.612
839.349 -0.613
839.409 -0.614
839.468 -0.615
839.527 -0.616
839.587 -0.617
839.648 -0.618
839.709 -0.619
839.772 -0.62
839.835 -0.621
839.899 -0.622
839.964 -0.623
840.031 -0.624
840.098 -0.625
840.166 -0.626
840.236 -0.627
840.306 -0.628
840.375 -0.629
840.445 -0.63
840.514 -0.631
840.583 -0.632
840.652 -0.633
840.72 -0.634
840.789 -0.635
840.857 -0.636
840.925 -0.637
840.992 -0.638
841.06 -0.639
841.128 -0.64
841.196 -0.641
841.263 -0.642
841.331 -0.643
841.398 -0.644
841.465 -0.645
841.532 -0.646
841.599 -0.647
841.666 -0.648
841.733 -0.649
841.799 -0.65
841.865 -0.651
841.931 -0.652
841.997 -0.653
842.062 -0.654
842.127 -0.655
842.192 -0.656
842.255 -0.657
842.318 -0.658
842.381 -0.659
842.443 -0.66
842.504 -0.661
842.564 -0.662
842.622 -0.663
842.68 -0.664
842.736 -0.665
842.792 -0.666
842.845 -0.667
842.896 -0.668
842.945 -0.669
842.99 -0.67
843.031 -0.671
843.067 -0.672
843.095 -0.673
843.112 -0.674
843.115 -0.675
843.102 -0.676
843.069 -0.677
843.012 -0.678
842.915 -0.679
842.753 -0.68
842.514 -0.681
842.293 -0.682
842.136 -0.683
841.992 -0.684
841.795 -0.685
841.464 -0.686
841.058 -0.687
840.845 -0.688
840.672 -0.689
840.509 -0.69
840.344 -0.691
840.288 -0.692
840.241 -0.693
840.187 -0.694
840.126 -0.695
840.06 -0.696
840.007 -0.697
839.952 -0.698
839.87 -0.699
839.84 -0.7
839.807 -0.701
839.751 -0.702
839.772 -0.703
839.813 -0.704
839.845 -0.705
839.868 -0.706
839.846 -0.707
839.801 -0.708
839.816 -0.709
839.871 -0.71
839.923 -0.711
840.028 -0.712
840.136 -0.713
840.228 -0.714
840.313 -0.715
840.277 -0.716
840.176 -0.717
840.05 -0.718
839.905 -0.719
839.792 -0.72
839.713 -0.721
839.669 -0.722
839.61 -0.723
839.541 -0.724
839.464 -0.725
839.407 -0.726
839.38 -0.727
839.382 -0.728
839.386 -0.729
839.409 -0.73
839.447 -0.731
839.541 -0.732
839.69 -0.733
839.856 -0.734
840.03 -0.735
840.195 -0.736
840.367 -0.737
840.537 -0.738
840.707 -0.739
840.879 -0.74
841.057 -0.741
841.219 -0.742
841.378 -0.743
841.538 -0.744
841.701 -0.745
841.867 -0.746
842.032 -0.747
842.197 -0.748
842.363 -0.749
842.53 -0.75
842.696 -0.751
842.86 -0.752
843.019 -0.753
843.179 -0.754
843.338 -0.755
843.497 -0.756
843.656 -0.757
843.815 -0.758
843.973 -0.759
844.13 -0.76
844.286 -0.761
844.442 -0.762
844.598 -0.763
844.753 -0.764
844.908 -0.765
845.061 -0.766
845.214 -0.767
845.367 -0.768
845.515 -0.769
845.661 -0.77
845.805 -0.771
845.947 -0.772
846.089 -0.773
846.228 -0.774
846.366 -0.775
846.503 -0.776
846.638 -0.777
846.772 -0.778
846.905 -0.779
847.035 -0.78
847.165 -0.781
847.295 -0.782
847.422 -0.783
847.548 -0.784
847.671 -0.785
847.787 -0.786
847.9 -0.787
848.009 -0.788
848.114 -0.789
848.22 -0.79
848.325 -0.791
848.428 -0.792
848.529 -0.793
848.63 -0.794
848.731 -0.795
848.832 -0.796
848.933 -0.797
849.033 -0.798
849.134 -0.799
849.235 -0.8
849.335 -0.801
849.435 -0.802
849.536 -0.803
849.636 -0.804
849.736 -0.805
849.836 -0.806
849.936 -0.807
850.035 -0.808
850.135 -0.809
850.235 -0.81
850.335 -0.811
850.435 -0.812
850.534 -0.813
850.633 -0.814
850.733 -0.815
850.832 -0.816
850.932 -0.817
851.031 -0.818
851.13 -0.819
851.23 -0.82
851.329 -0.821
851.429 -0.822
851.528 -0.823
851.628 -0.824
851.73 -0.825
851.831 -0.826
851.932 -0.827
852.032 -0.828
852.133 -0.829
852.235 -0.83
852.34 -0.831
852.445 -0.832
852.549 -0.833
852.651 -0.834
852.75 -0.835
852.846 -0.836
852.938 -0.837
853.025 -0.838
853.107 -0.839
853.185 -0.84
853.258 -0.841
853.326 -0.842
853.404 -0.843
853.492 -0.844
853.577 -0.845
853.659 -0.846
853.746 -0.847
853.847 -0.848
853.947 -0.849
854.046 -0.85
854.154 -0.851
854.267 -0.852
854.382 -0.853
854.502 -0.854
854.63 -0.855
854.759 -0.856
854.891 -0.857
855.029 -0.858
855.163 -0.859
855.296 -0.86
855.428 -0.861
855.559 -0.862
855.682 -0.863
855.796 -0.864
855.905 -0.865
856.01 -0.866
856.112 -0.867
856.209 -0.868
856.302 -0.869
856.392 -0.87
856.478 -0.871
856.56 -0.872
856.655 -0.873
856.761 -0.874
856.867 -0.875
856.973 -0.876
857.088 -0.877
857.212 -0.878
857.336 -0.879
857.461 -0.88
857.598 -0.881
857.734 -0.882
857.871 -0.883
858.016 -0.884
858.164 -0.885
858.312 -0.886
858.467 -0.887
858.623 -0.888
858.78 -0.889
858.934 -0.89
859.089 -0.891
859.24 -0.892
859.385 -0.893
859.524 -0.894
859.662 -0.895
859.799 -0.896
859.937 -0.897
860.075 -0.898
860.213 -0.899
860.351 -0.9
860.49 -0.901
860.628 -0.902
860.767 -0.903
860.906 -0.904
861.045 -0.905
861.184 -0.906
861.323 -0.907
861.462 -0.908
861.601 -0.909
861.74 -0.91
861.88 -0.911
862.019 -0.912
862.159 -0.913
862.298 -0.914
862.438 -0.915
862.578 -0.916
862.717 -0.917
862.857 -0.918
862.997 -0.919
863.137 -0.92
863.277 -0.921
863.418 -0.922
863.558 -0.923
863.698 -0.924
863.839 -0.925
863.979 -0.926
864.12 -0.927
864.261 -0.928
864.402 -0.929
864.543 -0.93
864.684 -0.931
864.825 -0.932
864.966 -0.933
865.108 -0.934
865.249 -0.935
865.39 -0.936
865.532 -0.937
865.674 -0.938
865.815 -0.939
865.957 -0.94
866.099 -0.941
866.24 -0.942
866.382 -0.943
866.524 -0.944
866.666 -0.945
866.808 -0.946
866.95 -0.947
867.092 -0.948
867.235 -0.949
867.377 -0.95
867.519 -0.951
867.662 -0.952
867.804 -0.953
867.947 -0.954
868.089 -0.955
868.232 -0.956
868.374 -0.957
868.517 -0.958
868.661 -0.959
868.804 -0.96
868.948 -0.961
869.091 -0.962
869.235 -0.963
869.379 -0.964
869.522 -0.965
869.667 -0.966
869.811 -0.967
869.956 -0.968
870.101 -0.969
870.246 -0.97
870.391 -0.971
870.535 -0.972
870.68 -0.973
870.825 -0.974
870.97 -0.975
871.116 -0.976
871.261 -0.977
871.406 -0.978
871.551 -0.979
871.696 -0.98
871.841 -0.981
871.987 -0.982
872.132 -0.983
872.277 -0.984
872.423 -0.985
872.568 -0.986
872.713 -0.987
872.858 -0.988
873.003 -0.989
873.148 -0.99
873.294 -0.991
873.438 -0.992
873.583 -0.993
873.728 -0.994
873.872 -0.995
874.017 -0.996
874.16 -0.997
874.304 -0.998
874.447 -0.999
874.588 -1
874.727 -1.001
874.861 -1.002
874.989 -1.003
875.11 -1.004
875.219 -1.005
875.32 -1.006
875.418 -1.007
875.515 -1.008
875.612 -1.009
875.71 -1.01
875.808 -1.011
875.905 -1.012
876.002 -1.013
876.1 -1.014
876.198 -1.015
876.297 -1.016
876.402 -1.017
876.514 -1.018
876.629 -1.019
876.743 -1.02
876.858 -1.021
876.975 -1.022
877.091 -1.023
877.225 -1.024
877.403 -1.025
877.622 -1.026
877.839 -1.027
878.05 -1.028
878.226 -1.029
878.399 -1.03
878.572 -1.031
878.744 -1.032
878.916 -1.033
879.087 -1.034
879.257 -1.035
879.427 -1.036
879.596 -1.037
879.764 -1.038
879.931 -1.039
880.097 -1.04
880.261 -1.041
880.398 -1.042
880.531 -1.043
880.662 -1.044
880.794 -1.045
880.924 -1.046
881.052 -1.047
881.178 -1.048
881.3 -1.049
881.421 -1.05
881.539 -1.051
881.654 -1.052
881.768 -1.053
881.883 -1.054
881.996 -1.055
882.106 -1.056
882.225 -1.057
882.359 -1.058
882.494 -1.059
882.628 -1.06
882.76 -1.061
882.888 -1.062
883.06 -1.063
883.232 -1.064
883.403 -1.065
883.573 -1.066
883.74 -1.067
883.906 -1.068
884.069 -1.069
884.228 -1.07
884.387 -1.071
884.546 -1.072
884.701 -1.073
884.857 -1.074
885.013 -1.075
885.168 -1.076
885.321 -1.077
885.469 -1.078
885.61 -1.079
885.743 -1.08
885.875 -1.081
886.011 -1.082
886.144 -1.083
886.277 -1.084
886.411 -1.085
886.542 -1.086
886.666 -1.087
886.795 -1.088
886.927 -1.089
887.059 -1.09
887.191 -1.091
887.323 -1.092
887.461 -1.093
887.598 -1.094
887.735 -1.095
887.879 -1.096
888.023 -1.097
888.166 -1.098
888.312 -1.099
888.489 -1.1
