22.102 -0.001
44.1085 -0.002
66.0161 -0.003
87.8217 -0.004
109.521 -0.005
131.112 -0.006
152.588 -0.007
173.945 -0.008
195.178 -0.009
216.282 -0.01
237.251 -0.011
257.348 -0.012
271.57 -0.013
282.928 -0.014
291.944 -0.015
300.425 -0.016
308.775 -0.017
317.037 -0.018
325.216 -0.019
333.317 -0.02
341.35 -0.021
349.323 -0.022
357.243 -0.023
365.116 -0.024
372.941 -0.025
380.716 -0.026
388.447 -0.027
396.136 -0.028
403.785 -0.029
411.392 -0.03
418.832 -0.031
425.587 -0.032
430.852 -0.033
434.337 -0.034
437.685 -0.035
440.991 -0.036
444.253 -0.037
447.47 -0.038
450.647 -0.039
453.783 -0.04
456.89 -0.041
459.989 -0.042
463.074 -0.043
466.137 -0.044
469.178 -0.045
472.211 -0.046
475.235 -0.047
478.244 -0.048
481.226 -0.049
484.192 -0.05
487.14 -0.051
490.053 -0.052
492.92 -0.053
495.71 -0.054
498.398 -0.055
500.993 -0.056
503.431 -0.057
505.646 -0.058
507.703 -0.059
509.591 -0.06
511.319 -0.061
512.903 -0.062
514.298 -0.063
515.492 -0.064
516.476 -0.065
517.252 -0.066
517.985 -0.067
518.693 -0.068
519.362 -0.069
520.006 -0.07
520.624 -0.071
521.208 -0.072
521.754 -0.073
522.27 -0.074
522.76 -0.075
523.228 -0.076
523.681 -0.077
524.139 -0.078
524.583 -0.079
524.999 -0.08
525.409 -0.081
525.807 -0.082
526.196 -0.083
526.567 -0.084
526.928 -0.085
527.284 -0.086
527.622 -0.087
527.95 -0.088
528.267 -0.089
528.56 -0.09
528.842 -0.091
529.117 -0.092
529.378 -0.093
529.625 -0.094
529.865 -0.095
530.098 -0.096
530.317 -0.097
530.523 -0.098
530.72 -0.099
530.914 -0.1
531.096 -0.101
531.254 -0.102
531.399 -0.103
531.539 -0.104
531.668 -0.105
531.788 -0.106
531.893 -0.107
531.977 -0.108
532.044 -0.109
532.098 -0.11
532.121 -0.111
532.151 -0.112
532.167 -0.113
532.166 -0.114
532.172 -0.115
532.165 -0.116
532.176 -0.117
532.193 -0.118
532.205 -0.119
532.219 -0.12
532.232 -0.121
532.242 -0.122
532.259 -0.123
532.272 -0.124
532.278 -0.125
532.279 -0.126
532.275 -0.127
532.271 -0.128
532.263 -0.129
532.254 -0.13
532.236 -0.131
532.208 -0.132
532.175 -0.133
532.132 -0.134
532.087 -0.135
532.029 -0.136
531.971 -0.137
531.897 -0.138
531.838 -0.139
531.768 -0.14
531.701 -0.141
531.642 -0.142
531.579 -0.143
531.514 -0.144
531.447 -0.145
531.374 -0.146
531.295 -0.147
531.21 -0.148
531.119 -0.149
531.03 -0.15
530.935 -0.151
530.839 -0.152
530.749 -0.153
530.649 -0.154
530.551 -0.155
530.463 -0.156
530.368 -0.157
530.268 -0.158
530.158 -0.159
530.067 -0.16
529.977 -0.161
529.882 -0.162
529.779 -0.163
529.665 -0.164
529.57 -0.165
529.476 -0.166
529.385 -0.167
529.283 -0.168
529.182 -0.169
529.091 -0.17
528.996 -0.171
528.899 -0.172
528.8 -0.173
528.707 -0.174
528.614 -0.175
528.523 -0.176
528.427 -0.177
528.323 -0.178
528.21 -0.179
528.085 -0.18
527.941 -0.181
527.773 -0.182
527.589 -0.183
527.384 -0.184
527.181 -0.185
526.984 -0.186
526.79 -0.187
526.625 -0.188
526.496 -0.189
526.363 -0.19
526.229 -0.191
526.094 -0.192
525.936 -0.193
525.764 -0.194
525.598 -0.195
525.44 -0.196
525.298 -0.197
525.168 -0.198
525.043 -0.199
524.976 -0.2
524.908 -0.201
524.831 -0.202
524.76 -0.203
524.705 -0.204
524.654 -0.205
524.599 -0.206
524.538 -0.207
524.475 -0.208
524.415 -0.209
524.352 -0.21
524.287 -0.211
524.222 -0.212
524.157 -0.213
524.093 -0.214
524.039 -0.215
523.987 -0.216
523.934 -0.217
523.879 -0.218
523.819 -0.219
523.753 -0.22
523.68 -0.221
523.608 -0.222
523.536 -0.223
523.464 -0.224
523.392 -0.225
523.319 -0.226
523.248 -0.227
523.177 -0.228
523.106 -0.229
523.036 -0.23
522.965 -0.231
522.895 -0.232
522.825 -0.233
522.755 -0.234
522.685 -0.235
522.615 -0.236
522.543 -0.237
522.472 -0.238
522.401 -0.239
522.33 -0.24
522.258 -0.241
522.185 -0.242
522.113 -0.243
522.042 -0.244
521.974 -0.245
521.907 -0.246
521.84 -0.247
521.772 -0.248
521.705 -0.249
521.638 -0.25
521.571 -0.251
521.504 -0.252
521.438 -0.253
521.374 -0.254
521.311 -0.255
521.249 -0.256
521.186 -0.257
521.124 -0.258
521.063 -0.259
521.002 -0.26
520.939 -0.261
520.881 -0.262
520.824 -0.263
520.767 -0.264
520.71 -0.265
520.652 -0.266
520.593 -0.267
520.536 -0.268
520.482 -0.269
520.427 -0.27
520.371 -0.271
520.314 -0.272
520.256 -0.273
520.195 -0.274
520.13 -0.275
520.064 -0.276
520.008 -0.277
519.951 -0.278
519.891 -0.279
519.83 -0.28
519.77 -0.281
519.721 -0.282
519.673 -0.283
519.627 -0.284
519.582 -0.285
519.538 -0.286
519.494 -0.287
519.457 -0.288
519.42 -0.289
519.383 -0.29
519.345 -0.291
519.305 -0.292
519.271 -0.293
519.24 -0.294
519.209 -0.295
519.177 -0.296
519.145 -0.297
519.114 -0.298
519.09 -0.299
519.065 -0.3
519.041 -0.301
519.018 -0.302
518.994 -0.303
518.971 -0.304
518.954 -0.305
518.937 -0.306
518.92 -0.307
518.904 -0.308
518.888 -0.309
518.872 -0.31
518.858 -0.311
518.843 -0.312
518.83 -0.313
518.816 -0.314
518.803 -0.315
518.791 -0.316
518.778 -0.317
518.766 -0.318
518.757 -0.319
518.751 -0.32
518.749 -0.321
518.749 -0.322
518.752 -0.323
518.758 -0.324
518.767 -0.325
518.777 -0.326
518.786 -0.327
518.796 -0.328
518.807 -0.329
518.82 -0.33
518.832 -0.331
518.845 -0.332
518.858 -0.333
518.87 -0.334
518.881 -0.335
518.89 -0.336
518.896 -0.337
518.9 -0.338
518.9 -0.339
518.898 -0.34
518.892 -0.341
518.881 -0.342
518.868 -0.343
518.852 -0.344
518.831 -0.345
518.809 -0.346
518.784 -0.347
518.757 -0.348
518.729 -0.349
518.699 -0.35
518.669 -0.351
518.639 -0.352
518.608 -0.353
518.578 -0.354
518.549 -0.355
518.521 -0.356
518.495 -0.357
518.468 -0.358
518.441 -0.359
518.414 -0.36
518.388 -0.361
518.373 -0.362
518.372 -0.363
518.377 -0.364
518.39 -0.365
518.412 -0.366
518.44 -0.367
518.474 -0.368
518.515 -0.369
518.563 -0.37
518.615 -0.371
518.671 -0.372
518.73 -0.373
518.792 -0.374
518.858 -0.375
518.925 -0.376
518.993 -0.377
519.062 -0.378
519.134 -0.379
519.209 -0.38
519.285 -0.381
519.362 -0.382
519.441 -0.383
519.521 -0.384
519.605 -0.385
519.69 -0.386
519.777 -0.387
519.865 -0.388
519.955 -0.389
520.047 -0.39
520.14 -0.391
520.235 -0.392
520.332 -0.393
520.431 -0.394
520.531 -0.395
520.633 -0.396
520.737 -0.397
520.844 -0.398
520.951 -0.399
521.06 -0.4
521.17 -0.401
521.281 -0.402
521.394 -0.403
521.508 -0.404
521.623 -0.405
521.74 -0.406
521.857 -0.407
521.976 -0.408
522.096 -0.409
522.218 -0.41
522.34 -0.411
522.463 -0.412
522.587 -0.413
522.711 -0.414
522.836 -0.415
522.963 -0.416
523.09 -0.417
523.221 -0.418
523.354 -0.419
523.488 -0.42
523.625 -0.421
523.763 -0.422
523.902 -0.423
524.041 -0.424
524.182 -0.425
524.323 -0.426
524.466 -0.427
524.611 -0.428
524.756 -0.429
524.903 -0.43
525.051 -0.431
525.201 -0.432
525.352 -0.433
525.504 -0.434
525.657 -0.435
525.812 -0.436
525.967 -0.437
526.125 -0.438
526.283 -0.439
526.443 -0.44
526.603 -0.441
526.766 -0.442
526.929 -0.443
527.094 -0.444
527.259 -0.445
527.427 -0.446
527.595 -0.447
527.764 -0.448
527.935 -0.449
528.107 -0.45
528.28 -0.451
528.454 -0.452
528.628 -0.453
528.798 -0.454
528.961 -0.455
529.123 -0.456
529.286 -0.457
529.452 -0.458
529.621 -0.459
529.792 -0.46
529.965 -0.461
530.141 -0.462
530.317 -0.463
530.494 -0.464
530.672 -0.465
530.85 -0.466
531.03 -0.467
531.211 -0.468
531.393 -0.469
531.577 -0.47
531.762 -0.471
531.948 -0.472
532.136 -0.473
532.325 -0.474
532.516 -0.475
532.708 -0.476
532.901 -0.477
533.095 -0.478
533.291 -0.479
533.488 -0.48
533.686 -0.481
533.886 -0.482
534.086 -0.483
534.288 -0.484
534.491 -0.485
534.695 -0.486
534.9 -0.487
535.106 -0.488
535.312 -0.489
535.52 -0.49
535.726 -0.491
535.933 -0.492
536.139 -0.493
536.346 -0.494
536.552 -0.495
536.759 -0.496
536.966 -0.497
537.172 -0.498
537.38 -0.499
537.589 -0.5
537.805 -0.501
538.028 -0.502
538.252 -0.503
538.478 -0.504
538.707 -0.505
538.937 -0.506
539.17 -0.507
539.405 -0.508
539.644 -0.509
539.887 -0.51
540.13 -0.511
540.373 -0.512
540.615 -0.513
540.858 -0.514
541.099 -0.515
541.34 -0.516
541.582 -0.517
541.822 -0.518
542.063 -0.519
542.306 -0.52
542.541 -0.521
542.764 -0.522
542.976 -0.523
543.175 -0.524
543.37 -0.525
543.566 -0.526
543.747 -0.527
543.909 -0.528
544.052 -0.529
544.194 -0.53
544.338 -0.531
544.484 -0.532
544.631 -0.533
544.782 -0.534
544.934 -0.535
545.088 -0.536
545.244 -0.537
545.401 -0.538
545.525 -0.539
545.604 -0.54
545.644 -0.541
545.685 -0.542
545.728 -0.543
545.773 -0.544
545.82 -0.545
545.869 -0.546
545.921 -0.547
545.974 -0.548
546.031 -0.549
546.088 -0.55
546.148 -0.551
546.212 -0.552
546.279 -0.553
546.351 -0.554
546.425 -0.555
546.503 -0.556
546.583 -0.557
546.666 -0.558
546.751 -0.559
546.837 -0.56
546.926 -0.561
547.015 -0.562
547.102 -0.563
547.081 -0.564
547.013 -0.565
546.946 -0.566
546.882 -0.567
546.819 -0.568
546.757 -0.569
546.68 -0.57
546.491 -0.571
546.301 -0.572
546.112 -0.573
545.926 -0.574
545.742 -0.575
545.559 -0.576
545.378 -0.577
545.2 -0.578
545.023 -0.579
544.848 -0.58
544.675 -0.581
544.504 -0.582
544.335 -0.583
544.168 -0.584
544.004 -0.585
543.841 -0.586
543.629 -0.587
543.322 -0.588
543.016 -0.589
542.713 -0.59
542.411 -0.591
542.113 -0.592
541.818 -0.593
541.526 -0.594
541.237 -0.595
540.95 -0.596
540.665 -0.597
540.382 -0.598
540.1 -0.599
539.82 -0.6
