10.8978 -0.001
21.7489 -0.002
32.5534 -0.003
43.3112 -0.004
54.0225 -0.005
64.6872 -0.006
75.3054 -0.007
85.8771 -0.008
96.4023 -0.009
106.881 -0.01
117.313 -0.011
127.699 -0.012
138.039 -0.013
148.332 -0.014
158.578 -0.015
168.779 -0.016
178.932 -0.017
189.04 -0.018
199.101 -0.019
209.116 -0.02
219.084 -0.021
229.006 -0.022
238.882 -0.023
248.711 -0.024
258.493 -0.025
268.23 -0.026
277.92 -0.027
287.563 -0.028
297.16 -0.029
306.71 -0.03
316.214 -0.031
325.671 -0.032
335.081 -0.033
344.445 -0.034
353.762 -0.035
363.033 -0.036
372.256 -0.037
381.432 -0.038
390.562 -0.039
399.644 -0.04
408.68 -0.041
417.616 -0.042
426.037 -0.043
433.41 -0.044
440.465 -0.045
447.472 -0.046
454.413 -0.047
461.3 -0.048
468.13 -0.049
474.908 -0.05
481.64 -0.051
488.327 -0.052
494.973 -0.053
501.592 -0.054
508.172 -0.055
514.709 -0.056
521.202 -0.057
527.63 -0.058
533.933 -0.059
540.029 -0.06
545.858 -0.061
551.536 -0.062
556.777 -0.063
561.864 -0.064
566.538 -0.065
570.854 -0.066
574.693 -0.067
578.332 -0.068
581.804 -0.069
585.07 -0.07
587.971 -0.071
590.425 -0.072
592.579 -0.073
594.675 -0.074
596.637 -0.075
598.389 -0.076
600.082 -0.077
601.73 -0.078
603.217 -0.079
604.624 -0.08
606.004 -0.081
607.357 -0.082
608.684 -0.083
609.986 -0.084
611.265 -0.085
612.519 -0.086
613.748 -0.087
614.954 -0.088
616.137 -0.089
617.298 -0.09
618.439 -0.091
619.56 -0.092
620.662 -0.093
621.739 -0.094
622.776 -0.095
623.772 -0.096
624.728 -0.097
625.665 -0.098
626.585 -0.099
627.488 -0.1
628.351 -0.101
629.146 -0.102
629.855 -0.103
630.487 -0.104
631.098 -0.105
631.685 -0.106
632.248 -0.107
632.786 -0.108
633.304 -0.109
633.798 -0.11
634.271 -0.111
634.722 -0.112
635.159 -0.113
635.543 -0.114
635.87 -0.115
636.119 -0.116
636.297 -0.117
636.438 -0.118
636.546 -0.119
636.626 -0.12
636.669 -0.121
636.7 -0.122
636.718 -0.123
636.722 -0.124
636.713 -0.125
636.69 -0.126
636.653 -0.127
636.604 -0.128
636.541 -0.129
636.466 -0.13
636.377 -0.131
636.277 -0.132
636.162 -0.133
636.02 -0.134
635.863 -0.135
635.679 -0.136
635.482 -0.137
635.257 -0.138
635.022 -0.139
634.756 -0.14
634.482 -0.141
634.199 -0.142
633.909 -0.143
633.612 -0.144
633.308 -0.145
632.997 -0.146
632.679 -0.147
632.356 -0.148
632.027 -0.149
631.693 -0.15
631.354 -0.151
631.011 -0.152
630.663 -0.153
630.31 -0.154
629.953 -0.155
629.592 -0.156
629.227 -0.157
628.859 -0.158
628.487 -0.159
628.109 -0.16
627.726 -0.161
627.339 -0.162
626.944 -0.163
626.546 -0.164
626.143 -0.165
625.733 -0.166
625.32 -0.167
624.901 -0.168
624.476 -0.169
624.049 -0.17
623.619 -0.171
623.186 -0.172
622.751 -0.173
622.314 -0.174
621.874 -0.175
621.431 -0.176
620.986 -0.177
620.539 -0.178
620.09 -0.179
619.638 -0.18
619.184 -0.181
618.728 -0.182
618.269 -0.183
617.809 -0.184
617.346 -0.185
616.882 -0.186
616.416 -0.187
615.948 -0.188
615.477 -0.189
615.006 -0.19
614.533 -0.191
614.058 -0.192
613.582 -0.193
613.104 -0.194
612.625 -0.195
612.145 -0.196
611.664 -0.197
611.182 -0.198
610.698 -0.199
610.211 -0.2
609.724 -0.201
609.237 -0.202
608.748 -0.203
608.258 -0.204
607.766 -0.205
607.274 -0.206
606.781 -0.207
606.287 -0.208
605.793 -0.209
605.297 -0.21
604.801 -0.211
604.304 -0.212
603.807 -0.213
603.309 -0.214
602.81 -0.215
602.31 -0.216
601.81 -0.217
601.31 -0.218
600.81 -0.219
600.31 -0.22
599.81 -0.221
599.31 -0.222
598.81 -0.223
598.31 -0.224
597.811 -0.225
597.311 -0.226
596.812 -0.227
596.313 -0.228
595.814 -0.229
595.316 -0.23
594.817 -0.231
594.319 -0.232
593.822 -0.233
593.325 -0.234
592.828 -0.235
592.331 -0.236
591.836 -0.237
591.34 -0.238
590.846 -0.239
590.351 -0.24
589.858 -0.241
589.365 -0.242
588.873 -0.243
588.381 -0.244
587.89 -0.245
587.399 -0.246
586.91 -0.247
586.421 -0.248
585.933 -0.249
585.446 -0.25
584.96 -0.251
584.474 -0.252
583.989 -0.253
583.505 -0.254
583.022 -0.255
582.54 -0.256
582.058 -0.257
581.578 -0.258
581.097 -0.259
580.617 -0.26
580.138 -0.261
579.66 -0.262
579.183 -0.263
578.707 -0.264
578.232 -0.265
577.758 -0.266
577.285 -0.267
576.813 -0.268
576.342 -0.269
575.872 -0.27
575.403 -0.271
574.936 -0.272
574.469 -0.273
574.003 -0.274
573.537 -0.275
573.072 -0.276
572.608 -0.277
572.146 -0.278
571.685 -0.279
571.225 -0.28
570.766 -0.281
570.308 -0.282
569.852 -0.283
569.396 -0.284
568.942 -0.285
568.49 -0.286
568.038 -0.287
567.587 -0.288
567.136 -0.289
566.686 -0.29
566.238 -0.291
565.791 -0.292
565.346 -0.293
564.901 -0.294
564.458 -0.295
564.018 -0.296
563.58 -0.297
563.144 -0.298
562.711 -0.299
562.278 -0.3
561.847 -0.301
561.419 -0.302
560.993 -0.303
560.568 -0.304
560.147 -0.305
559.728 -0.306
559.309 -0.307
558.895 -0.308
558.481 -0.309
558.069 -0.31
557.661 -0.311
557.251 -0.312
556.843 -0.313
556.436 -0.314
556.03 -0.315
555.626 -0.316
555.222 -0.317
554.82 -0.318
554.419 -0.319
554.019 -0.32
553.62 -0.321
553.223 -0.322
552.824 -0.323
552.427 -0.324
552.03 -0.325
551.635 -0.326
551.241 -0.327
550.849 -0.328
550.457 -0.329
550.067 -0.33
549.678 -0.331
549.29 -0.332
548.904 -0.333
548.518 -0.334
548.134 -0.335
547.751 -0.336
547.37 -0.337
546.99 -0.338
546.611 -0.339
546.233 -0.34
545.857 -0.341
545.482 -0.342
545.108 -0.343
544.736 -0.344
544.365 -0.345
543.995 -0.346
543.627 -0.347
543.26 -0.348
542.895 -0.349
542.53 -0.35
542.168 -0.351
541.806 -0.352
541.446 -0.353
541.088 -0.354
540.73 -0.355
540.375 -0.356
540.02 -0.357
539.668 -0.358
539.316 -0.359
538.966 -0.36
538.618 -0.361
538.273 -0.362
537.93 -0.363
537.589 -0.364
537.25 -0.365
536.914 -0.366
536.579 -0.367
536.247 -0.368
535.918 -0.369
535.591 -0.37
535.266 -0.371
534.943 -0.372
534.622 -0.373
534.305 -0.374
533.989 -0.375
533.675 -0.376
533.364 -0.377
533.055 -0.378
532.748 -0.379
532.443 -0.38
532.141 -0.381
531.842 -0.382
531.543 -0.383
531.247 -0.384
530.953 -0.385
530.66 -0.386
530.369 -0.387
530.079 -0.388
529.791 -0.389
529.505 -0.39
529.222 -0.391
528.939 -0.392
528.659 -0.393
528.38 -0.394
528.103 -0.395
527.828 -0.396
527.555 -0.397
527.284 -0.398
527.014 -0.399
526.746 -0.4
526.48 -0.401
526.215 -0.402
525.953 -0.403
525.692 -0.404
525.433 -0.405
525.175 -0.406
524.92 -0.407
524.666 -0.408
524.414 -0.409
524.164 -0.41
523.916 -0.411
523.669 -0.412
523.425 -0.413
523.182 -0.414
522.941 -0.415
522.702 -0.416
522.465 -0.417
522.229 -0.418
521.993 -0.419
521.759 -0.42
521.526 -0.421
521.295 -0.422
521.065 -0.423
520.838 -0.424
520.612 -0.425
520.388 -0.426
520.166 -0.427
519.945 -0.428
519.724 -0.429
519.504 -0.43
519.285 -0.431
519.068 -0.432
518.853 -0.433
518.639 -0.434
518.427 -0.435
518.218 -0.436
518.009 -0.437
517.799 -0.438
517.591 -0.439
517.38 -0.44
517.171 -0.441
516.964 -0.442
516.759 -0.443
516.556 -0.444
516.355 -0.445
516.151 -0.446
515.949 -0.447
515.748 -0.448
515.547 -0.449
515.346 -0.45
515.146 -0.451
514.947 -0.452
514.75 -0.453
514.55 -0.454
514.352 -0.455
514.155 -0.456
513.959 -0.457
513.763 -0.458
513.566 -0.459
513.37 -0.46
513.17 -0.461
512.971 -0.462
512.775 -0.463
512.579 -0.464
512.384 -0.465
512.189 -0.466
511.993 -0.467
511.799 -0.468
511.607 -0.469
511.417 -0.47
511.228 -0.471
511.041 -0.472
510.856 -0.473
510.669 -0.474
510.483 -0.475
510.299 -0.476
510.116 -0.477
509.935 -0.478
509.757 -0.479
509.579 -0.48
509.397 -0.481
509.215 -0.482
509.035 -0.483
508.855 -0.484
508.676 -0.485
508.498 -0.486
508.319 -0.487
508.141 -0.488
507.962 -0.489
507.783 -0.49
507.606 -0.491
507.43 -0.492
507.255 -0.493
507.078 -0.494
506.901 -0.495
506.726 -0.496
506.55 -0.497
506.375 -0.498
506.202 -0.499
506.027 -0.5
505.854 -0.501
505.682 -0.502
505.512 -0.503
505.344 -0.504
505.177 -0.505
505.009 -0.506
504.843 -0.507
504.678 -0.508
504.516 -0.509
504.355 -0.51
504.194 -0.511
504.034 -0.512
503.875 -0.513
503.718 -0.514
503.563 -0.515
503.41 -0.516
503.255 -0.517
503.102 -0.518
502.951 -0.519
502.802 -0.52
502.654 -0.521
502.509 -0.522
502.365 -0.523
502.223 -0.524
502.082 -0.525
501.944 -0.526
501.808 -0.527
501.673 -0.528
501.541 -0.529
501.41 -0.53
501.281 -0.531
501.154 -0.532
501.03 -0.533
500.907 -0.534
500.786 -0.535
500.667 -0.536
500.55 -0.537
500.435 -0.538
500.322 -0.539
500.212 -0.54
500.103 -0.541
499.996 -0.542
499.891 -0.543
499.788 -0.544
499.688 -0.545
499.59 -0.546
499.494 -0.547
499.4 -0.548
499.308 -0.549
499.218 -0.55
499.131 -0.551
499.045 -0.552
498.962 -0.553
498.882 -0.554
498.803 -0.555
498.727 -0.556
498.653 -0.557
498.582 -0.558
498.512 -0.559
498.445 -0.56
498.38 -0.561
498.318 -0.562
498.257 -0.563
498.2 -0.564
498.144 -0.565
498.091 -0.566
498.04 -0.567
497.991 -0.568
497.939 -0.569
497.889 -0.57
497.842 -0.571
497.791 -0.572
497.74 -0.573
497.691 -0.574
497.639 -0.575
497.588 -0.576
497.534 -0.577
497.482 -0.578
497.426 -0.579
497.37 -0.58
497.31 -0.581
497.251 -0.582
497.194 -0.583
497.139 -0.584
497.087 -0.585
497.036 -0.586
496.988 -0.587
496.942 -0.588
496.898 -0.589
496.856 -0.59
496.817 -0.591
496.779 -0.592
496.745 -0.593
496.712 -0.594
496.681 -0.595
496.653 -0.596
496.628 -0.597
496.604 -0.598
496.583 -0.599
496.564 -0.6
496.548 -0.601
496.534 -0.602
496.522 -0.603
496.512 -0.604
496.505 -0.605
496.501 -0.606
496.498 -0.607
496.499 -0.608
496.502 -0.609
496.507 -0.61
496.515 -0.611
496.52 -0.612
496.519 -0.613
496.515 -0.614
496.507 -0.615
496.497 -0.616
496.487 -0.617
496.48 -0.618
496.475 -0.619
496.469 -0.62
496.466 -0.621
496.465 -0.622
496.463 -0.623
496.464 -0.624
496.466 -0.625
496.468 -0.626
496.472 -0.627
496.476 -0.628
496.482 -0.629
496.491 -0.63
496.502 -0.631
496.516 -0.632
496.532 -0.633
496.55 -0.634
496.571 -0.635
496.594 -0.636
496.62 -0.637
496.648 -0.638
496.679 -0.639
496.712 -0.64
496.748 -0.641
496.786 -0.642
496.827 -0.643
496.87 -0.644
496.915 -0.645
496.963 -0.646
497.014 -0.647
497.068 -0.648
497.124 -0.649
497.183 -0.65
497.244 -0.651
497.309 -0.652
497.376 -0.653
497.446 -0.654
497.518 -0.655
497.594 -0.656
497.672 -0.657
497.753 -0.658
497.838 -0.659
497.925 -0.66
498.015 -0.661
498.108 -0.662
498.203 -0.663
498.302 -0.664
498.404 -0.665
498.509 -0.666
498.616 -0.667
498.708 -0.668
498.779 -0.669
498.854 -0.67
498.931 -0.671
499.011 -0.672
499.093 -0.673
499.179 -0.674
499.267 -0.675
499.358 -0.676
499.451 -0.677
499.548 -0.678
499.647 -0.679
499.75 -0.68
499.855 -0.681
499.963 -0.682
500.074 -0.683
500.188 -0.684
500.304 -0.685
500.424 -0.686
500.546 -0.687
500.671 -0.688
500.8 -0.689
500.93 -0.69
501.064 -0.691
501.2 -0.692
501.339 -0.693
501.477 -0.694
501.612 -0.695
501.743 -0.696
501.876 -0.697
502.012 -0.698
502.151 -0.699
502.293 -0.7
502.437 -0.701
502.585 -0.702
502.736 -0.703
502.89 -0.704
503.047 -0.705
503.207 -0.706
503.37 -0.707
503.536 -0.708
503.706 -0.709
503.878 -0.71
504.053 -0.711
504.232 -0.712
504.414 -0.713
504.599 -0.714
504.787 -0.715
504.979 -0.716
505.173 -0.717
505.371 -0.718
505.572 -0.719
505.776 -0.72
505.983 -0.721
506.193 -0.722
506.406 -0.723
506.622 -0.724
506.841 -0.725
507.058 -0.726
507.273 -0.727
507.49 -0.728
507.711 -0.729
507.932 -0.73
508.149 -0.731
508.362 -0.732
508.57 -0.733
508.776 -0.734
508.982 -0.735
509.187 -0.736
509.391 -0.737
509.594 -0.738
509.796 -0.739
509.998 -0.74
510.202 -0.741
510.41 -0.742
510.62 -0.743
510.833 -0.744
511.049 -0.745
511.268 -0.746
511.491 -0.747
511.717 -0.748
511.946 -0.749
512.178 -0.75
512.413 -0.751
512.651 -0.752
512.893 -0.753
513.138 -0.754
513.386 -0.755
513.637 -0.756
513.891 -0.757
514.148 -0.758
514.408 -0.759
514.672 -0.76
514.938 -0.761
515.208 -0.762
515.481 -0.763
515.757 -0.764
516.033 -0.765
516.312 -0.766
516.592 -0.767
516.873 -0.768
517.155 -0.769
517.439 -0.77
517.724 -0.771
518.01 -0.772
518.298 -0.773
518.586 -0.774
518.877 -0.775
519.171 -0.776
519.467 -0.777
519.765 -0.778
520.067 -0.779
520.371 -0.78
520.679 -0.781
520.989 -0.782
521.303 -0.783
521.619 -0.784
521.939 -0.785
522.261 -0.786
522.587 -0.787
522.916 -0.788
523.248 -0.789
523.584 -0.79
523.922 -0.791
524.263 -0.792
524.607 -0.793
524.955 -0.794
525.305 -0.795
525.659 -0.796
526.016 -0.797
526.375 -0.798
526.736 -0.799
527.101 -0.8
527.469 -0.801
527.84 -0.802
528.214 -0.803
528.592 -0.804
528.972 -0.805
529.355 -0.806
529.742 -0.807
530.132 -0.808
530.524 -0.809
530.92 -0.81
531.319 -0.811
531.721 -0.812
532.127 -0.813
532.535 -0.814
532.946 -0.815
533.361 -0.816
533.779 -0.817
534.2 -0.818
534.624 -0.819
535.051 -0.82
535.482 -0.821
535.916 -0.822
536.353 -0.823
536.794 -0.824
537.237 -0.825
537.684 -0.826
538.134 -0.827
538.587 -0.828
539.043 -0.829
539.5 -0.83
539.958 -0.831
540.419 -0.832
540.88 -0.833
541.343 -0.834
541.81 -0.835
542.277 -0.836
542.747 -0.837
543.22 -0.838
543.693 -0.839
544.169 -0.84
544.648 -0.841
545.127 -0.842
545.609 -0.843
546.094 -0.844
546.581 -0.845
547.069 -0.846
547.56 -0.847
548.054 -0.848
548.552 -0.849
549.053 -0.85
549.557 -0.851
550.064 -0.852
550.574 -0.853
551.087 -0.854
551.603 -0.855
552.123 -0.856
552.646 -0.857
553.172 -0.858
553.702 -0.859
554.235 -0.86
554.771 -0.861
555.312 -0.862
555.855 -0.863
556.403 -0.864
556.954 -0.865
557.508 -0.866
558.066 -0.867
558.627 -0.868
559.191 -0.869
559.758 -0.87
560.329 -0.871
560.902 -0.872
561.477 -0.873
562.056 -0.874
562.638 -0.875
563.223 -0.876
563.811 -0.877
564.401 -0.878
564.994 -0.879
565.59 -0.88
566.19 -0.881
566.793 -0.882
567.398 -0.883
568.004 -0.884
568.614 -0.885
569.227 -0.886
569.84 -0.887
570.456 -0.888
571.076 -0.889
571.7 -0.89
572.324 -0.891
572.951 -0.892
573.583 -0.893
574.218 -0.894
574.852 -0.895
575.489 -0.896
576.128 -0.897
576.771 -0.898
577.414 -0.899
578.059 -0.9
578.707 -0.901
579.357 -0.902
580.01 -0.903
580.666 -0.904
581.322 -0.905
581.983 -0.906
582.646 -0.907
583.311 -0.908
583.98 -0.909
584.652 -0.91
585.327 -0.911
586.004 -0.912
586.683 -0.913
587.364 -0.914
588.049 -0.915
588.736 -0.916
589.424 -0.917
590.116 -0.918
590.81 -0.919
591.507 -0.92
592.208 -0.921
592.91 -0.922
593.614 -0.923
594.322 -0.924
595.033 -0.925
595.747 -0.926
596.464 -0.927
597.183 -0.928
597.906 -0.929
598.631 -0.93
599.358 -0.931
600.089 -0.932
600.821 -0.933
601.555 -0.934
602.289 -0.935
603.027 -0.936
603.766 -0.937
604.508 -0.938
605.254 -0.939
606.001 -0.94
606.752 -0.941
607.507 -0.942
608.265 -0.943
609.026 -0.944
609.791 -0.945
610.559 -0.946
611.33 -0.947
612.104 -0.948
612.881 -0.949
613.66 -0.95
614.441 -0.951
615.225 -0.952
616.01 -0.953
616.798 -0.954
617.588 -0.955
618.38 -0.956
619.175 -0.957
619.973 -0.958
620.774 -0.959
621.577 -0.96
622.382 -0.961
623.19 -0.962
623.996 -0.963
624.804 -0.964
625.615 -0.965
626.427 -0.966
627.242 -0.967
628.059 -0.968
628.878 -0.969
629.699 -0.97
630.521 -0.971
631.344 -0.972
632.169 -0.973
632.997 -0.974
633.824 -0.975
634.653 -0.976
635.485 -0.977
636.321 -0.978
637.157 -0.979
637.996 -0.98
638.836 -0.981
639.679 -0.982
640.522 -0.983
641.367 -0.984
642.213 -0.985
643.063 -0.986
643.912 -0.987
644.761 -0.988
645.612 -0.989
646.466 -0.99
647.321 -0.991
648.176 -0.992
649.032 -0.993
649.887 -0.994
650.743 -0.995
651.6 -0.996
652.457 -0.997
653.315 -0.998
654.171 -0.999
655.029 -1
655.885 -1.001
656.742 -1.002
657.601 -1.003
658.462 -1.004
659.323 -1.005
660.186 -1.006
661.051 -1.007
661.916 -1.008
662.783 -1.009
663.651 -1.01
664.519 -1.011
665.385 -1.012
666.25 -1.013
666.91 -1.014
667.711 -1.015
668.511 -1.016
669.31 -1.017
670.108 -1.018
670.91 -1.019
671.713 -1.02
672.528 -1.021
673.417 -1.022
674.364 -1.023
675.314 -1.024
676.265 -1.025
677.219 -1.026
678.172 -1.027
679.075 -1.028
679.917 -1.029
680.762 -1.03
681.608 -1.031
682.456 -1.032
683.305 -1.033
684.157 -1.034
684.996 -1.035
685.842 -1.036
686.714 -1.037
687.615 -1.038
688.55 -1.039
689.514 -1.04
690.48 -1.041
691.447 -1.042
692.413 -1.043
693.359 -1.044
694.294 -1.045
695.226 -1.046
696.159 -1.047
697.093 -1.048
698.028 -1.049
698.954 -1.05
699.858 -1.051
700.763 -1.052
701.67 -1.053
702.576 -1.054
703.483 -1.055
704.386 -1.056
705.287 -1.057
706.19 -1.058
707.096 -1.059
708.006 -1.06
708.918 -1.061
709.833 -1.062
710.751 -1.063
711.669 -1.064
712.591 -1.065
713.515 -1.066
714.44 -1.067
715.368 -1.068
716.299 -1.069
717.233 -1.07
718.167 -1.071
719.104 -1.072
720.044 -1.073
720.987 -1.074
721.933 -1.075
722.882 -1.076
723.835 -1.077
724.79 -1.078
725.746 -1.079
726.705 -1.08
727.666 -1.081
728.632 -1.082
729.6 -1.083
730.571 -1.084
731.546 -1.085
732.523 -1.086
733.501 -1.087
734.482 -1.088
735.466 -1.089
736.453 -1.09
737.443 -1.091
738.437 -1.092
739.434 -1.093
740.433 -1.094
741.434 -1.095
742.438 -1.096
743.444 -1.097
744.454 -1.098
745.467 -1.099
746.483 -1.1
747.5 -1.101
748.519 -1.102
749.542 -1.103
750.568 -1.104
751.598 -1.105
752.63 -1.106
753.663 -1.107
754.699 -1.108
755.738 -1.109
756.781 -1.11
757.826 -1.111
758.875 -1.112
759.926 -1.113
760.978 -1.114
762.034 -1.115
763.093 -1.116
764.156 -1.117
765.222 -1.118
766.291 -1.119
767.362 -1.12
768.435 -1.121
769.511 -1.122
770.591 -1.123
771.674 -1.124
772.76 -1.125
773.85 -1.126
774.942 -1.127
776.036 -1.128
777.133 -1.129
778.233 -1.13
779.337 -1.131
780.443 -1.132
781.554 -1.133
782.667 -1.134
783.784 -1.135
784.904 -1.136
786.028 -1.137
787.155 -1.138
788.285 -1.139
789.419 -1.14
790.556 -1.141
791.696 -1.142
792.84 -1.143
793.987 -1.144
795.137 -1.145
796.291 -1.146
797.435 -1.147
798.583 -1.148
799.734 -1.149
800.887 -1.15
802.044 -1.151
803.203 -1.152
804.352 -1.153
805.502 -1.154
806.655 -1.155
807.812 -1.156
808.972 -1.157
810.136 -1.158
811.289 -1.159
812.44 -1.16
813.59 -1.161
814.714 -1.162
815.841 -1.163
816.971 -1.164
818.091 -1.165
819.2 -1.166
820.312 -1.167
821.427 -1.168
822.546 -1.169
823.667 -1.17
824.792 -1.171
825.921 -1.172
827.052 -1.173
828.187 -1.174
829.324 -1.175
830.464 -1.176
831.607 -1.177
832.753 -1.178
833.902 -1.179
835.055 -1.18
836.211 -1.181
837.369 -1.182
838.531 -1.183
839.696 -1.184
840.862 -1.185
842.031 -1.186
843.202 -1.187
844.365 -1.188
845.523 -1.189
846.685 -1.19
847.851 -1.191
849.019 -1.192
850.192 -1.193
851.366 -1.194
852.544 -1.195
853.72 -1.196
854.892 -1.197
856.067 -1.198
857.238 -1.199
858.405 -1.2
859.575 -1.201
860.736 -1.202
861.895 -1.203
863.057 -1.204
864.199 -1.205
865.342 -1.206
866.489 -1.207
867.639 -1.208
868.793 -1.209
869.949 -1.21
871.108 -1.211
872.271 -1.212
873.437 -1.213
874.606 -1.214
875.778 -1.215
876.953 -1.216
878.131 -1.217
879.312 -1.218
880.495 -1.219
881.682 -1.22
882.872 -1.221
884.065 -1.222
885.262 -1.223
886.461 -1.224
887.664 -1.225
888.87 -1.226
890.079 -1.227
891.292 -1.228
892.508 -1.229
893.726 -1.23
894.932 -1.231
896.14 -1.232
897.351 -1.233
898.565 -1.234
899.782 -1.235
901.002 -1.236
902.226 -1.237
903.439 -1.238
904.649 -1.239
905.863 -1.24
907.079 -1.241
908.298 -1.242
909.521 -1.243
910.747 -1.244
911.963 -1.245
913.173 -1.246
914.385 -1.247
915.6 -1.248
916.819 -1.249
918.04 -1.25
919.264 -1.251
920.474 -1.252
921.677 -1.253
922.882 -1.254
924.091 -1.255
925.303 -1.256
926.518 -1.257
927.735 -1.258
928.956 -1.259
930.176 -1.26
931.4 -1.261
932.626 -1.262
933.856 -1.263
935.088 -1.264
936.324 -1.265
937.562 -1.266
938.803 -1.267
940.048 -1.268
941.295 -1.269
942.545 -1.27
943.795 -1.271
945.048 -1.272
946.305 -1.273
947.564 -1.274
948.826 -1.275
950.088 -1.276
951.349 -1.277
952.608 -1.278
953.866 -1.279
955.121 -1.28
956.374 -1.281
957.626 -1.282
958.872 -1.283
960.121 -1.284
961.364 -1.285
962.609 -1.286
963.85 -1.287
965.088 -1.288
966.329 -1.289
967.572 -1.29
968.819 -1.291
970.068 -1.292
971.308 -1.293
972.538 -1.294
973.77 -1.295
974.99 -1.296
976.189 -1.297
977.331 -1.298
978.451 -1.299
979.545 -1.3
980.614 -1.301
981.433 -1.302
982.105 -1.303
982.775 -1.304
983.444 -1.305
984.113 -1.306
984.782 -1.307
985.451 -1.308
986.12 -1.309
986.789 -1.31
987.459 -1.311
988.128 -1.312
988.798 -1.313
989.468 -1.314
990.138 -1.315
990.808 -1.316
991.478 -1.317
992.148 -1.318
992.817 -1.319
993.487 -1.32
994.157 -1.321
994.827 -1.322
995.497 -1.323
996.167 -1.324
996.838 -1.325
997.508 -1.326
998.179 -1.327
998.849 -1.328
999.52 -1.329
1000.19 -1.33
1000.86 -1.331
1001.53 -1.332
1002.21 -1.333
1002.88 -1.334
1003.55 -1.335
1004.22 -1.336
1004.9 -1.337
1005.57 -1.338
1006.24 -1.339
1006.92 -1.34
1007.59 -1.341
1008.26 -1.342
1008.94 -1.343
1009.61 -1.344
1010.29 -1.345
1010.96 -1.346
1011.64 -1.347
1012.31 -1.348
1012.99 -1.349
1013.66 -1.35
1014.34 -1.351
1015.01 -1.352
1015.69 -1.353
1016.36 -1.354
1017.04 -1.355
1017.71 -1.356
1018.39 -1.357
1019.07 -1.358
1019.74 -1.359
1020.42 -1.36
1021.1 -1.361
1021.78 -1.362
1022.45 -1.363
1023.13 -1.364
1023.81 -1.365
1024.49 -1.366
1025.17 -1.367
1025.85 -1.368
1026.53 -1.369
1027.21 -1.37
1027.89 -1.371
1028.57 -1.372
1029.25 -1.373
1029.93 -1.374
1030.61 -1.375
1031.29 -1.376
1031.97 -1.377
1032.66 -1.378
1033.34 -1.379
1034.02 -1.38
1034.7 -1.381
1035.38 -1.382
1036.06 -1.383
1036.75 -1.384
1037.43 -1.385
1038.11 -1.386
1038.8 -1.387
1039.48 -1.388
1040.16 -1.389
1040.85 -1.39
1041.53 -1.391
1042.21 -1.392
1042.9 -1.393
1043.58 -1.394
1044.27 -1.395
1044.95 -1.396
1045.64 -1.397
1046.32 -1.398
1047.01 -1.399
1047.69 -1.4
