14.1821 -0.001
28.3368 -0.002
42.4636 -0.003
56.5624 -0.004
70.6327 -0.005
84.6742 -0.006
98.6866 -0.007
112.67 -0.008
126.623 -0.009
140.545 -0.01
154.437 -0.011
168.298 -0.012
182.128 -0.013
195.925 -0.014
209.69 -0.015
223.422 -0.016
237.121 -0.017
250.785 -0.018
264.415 -0.019
278.01 -0.02
291.57 -0.021
305.093 -0.022
318.381 -0.023
330.483 -0.024
340.299 -0.025
349.658 -0.026
358.97 -0.027
368.189 -0.028
377.179 -0.029
385.801 -0.03
393.949 -0.031
401.354 -0.032
408.655 -0.033
415.915 -0.034
423.13 -0.035
430.303 -0.036
437.429 -0.037
444.509 -0.038
451.554 -0.039
458.566 -0.04
465.553 -0.041
472.519 -0.042
479.468 -0.043
486.4 -0.044
493.315 -0.045
500.213 -0.046
507.094 -0.047
513.958 -0.048
520.804 -0.049
527.631 -0.05
534.439 -0.051
541.228 -0.052
547.999 -0.053
554.643 -0.054
560.894 -0.055
566.693 -0.056
571.69 -0.057
575.673 -0.058
578.429 -0.059
581.068 -0.06
583.668 -0.061
586.227 -0.062
588.766 -0.063
591.29 -0.064
593.804 -0.065
596.31 -0.066
598.811 -0.067
601.275 -0.068
603.703 -0.069
606.051 -0.07
608.287 -0.071
610.408 -0.072
612.467 -0.073
614.293 -0.074
615.941 -0.075
617.549 -0.076
618.814 -0.077
619.826 -0.078
620.396 -0.079
620.897 -0.08
621.392 -0.081
621.878 -0.082
622.354 -0.083
622.824 -0.084
623.281 -0.085
623.727 -0.086
624.161 -0.087
624.587 -0.088
625.004 -0.089
625.407 -0.09
625.798 -0.091
626.178 -0.092
626.549 -0.093
626.907 -0.094
627.254 -0.095
627.594 -0.096
627.922 -0.097
628.24 -0.098
628.545 -0.099
628.842 -0.1
629.128 -0.101
629.405 -0.102
629.673 -0.103
629.933 -0.104
630.19 -0.105
630.44 -0.106
630.685 -0.107
630.926 -0.108
631.16 -0.109
631.389 -0.11
631.615 -0.111
631.837 -0.112
632.056 -0.113
632.272 -0.114
632.486 -0.115
632.696 -0.116
632.902 -0.117
633.107 -0.118
633.31 -0.119
633.511 -0.12
633.71 -0.121
633.907 -0.122
634.102 -0.123
634.295 -0.124
634.487 -0.125
634.677 -0.126
634.865 -0.127
635.051 -0.128
635.236 -0.129
635.419 -0.13
635.6 -0.131
635.78 -0.132
635.958 -0.133
636.133 -0.134
636.307 -0.135
636.48 -0.136
636.651 -0.137
636.82 -0.138
636.989 -0.139
637.155 -0.14
637.321 -0.141
637.484 -0.142
637.646 -0.143
637.807 -0.144
637.965 -0.145
638.123 -0.146
638.279 -0.147
638.434 -0.148
638.588 -0.149
638.74 -0.15
638.891 -0.151
639.041 -0.152
639.19 -0.153
639.337 -0.154
639.484 -0.155
639.629 -0.156
639.773 -0.157
639.916 -0.158
640.058 -0.159
640.2 -0.16
640.34 -0.161
640.48 -0.162
640.619 -0.163
640.756 -0.164
640.892 -0.165
641.026 -0.166
641.159 -0.167
641.291 -0.168
641.422 -0.169
641.553 -0.17
641.682 -0.171
641.811 -0.172
641.939 -0.173
642.065 -0.174
642.19 -0.175
642.314 -0.176
642.437 -0.177
642.559 -0.178
642.681 -0.179
642.802 -0.18
642.923 -0.181
643.042 -0.182
643.161 -0.183
643.279 -0.184
643.395 -0.185
643.512 -0.186
643.627 -0.187
643.742 -0.188
643.856 -0.189
643.97 -0.19
644.082 -0.191
644.194 -0.192
644.305 -0.193
644.416 -0.194
644.525 -0.195
644.634 -0.196
644.741 -0.197
644.848 -0.198
644.955 -0.199
645.06 -0.2
645.165 -0.201
645.269 -0.202
645.373 -0.203
645.477 -0.204
645.58 -0.205
645.681 -0.206
645.782 -0.207
645.882 -0.208
645.981 -0.209
646.079 -0.21
646.177 -0.211
646.274 -0.212
646.37 -0.213
646.466 -0.214
646.562 -0.215
646.657 -0.216
646.752 -0.217
646.846 -0.218
646.938 -0.219
647.03 -0.22
647.121 -0.221
647.211 -0.222
647.3 -0.223
647.389 -0.224
647.477 -0.225
647.565 -0.226
647.652 -0.227
647.739 -0.228
647.825 -0.229
647.91 -0.23
647.994 -0.231
648.078 -0.232
648.161 -0.233
648.244 -0.234
648.326 -0.235
648.408 -0.236
648.489 -0.237
648.57 -0.238
648.651 -0.239
648.731 -0.24
648.81 -0.241
648.889 -0.242
648.968 -0.243
649.046 -0.244
649.123 -0.245
649.2 -0.246
649.276 -0.247
649.352 -0.248
649.427 -0.249
649.502 -0.25
649.577 -0.251
649.651 -0.252
649.725 -0.253
649.799 -0.254
649.872 -0.255
649.945 -0.256
650.018 -0.257
650.09 -0.258
650.162 -0.259
650.233 -0.26
650.304 -0.261
650.374 -0.262
650.444 -0.263
650.514 -0.264
650.583 -0.265
650.652 -0.266
650.721 -0.267
650.789 -0.268
650.857 -0.269
650.924 -0.27
650.991 -0.271
651.058 -0.272
651.124 -0.273
651.19 -0.274
651.256 -0.275
651.322 -0.276
651.387 -0.277
651.452 -0.278
651.517 -0.279
651.582 -0.28
651.646 -0.281
651.711 -0.282
651.775 -0.283
651.838 -0.284
651.902 -0.285
651.964 -0.286
652.027 -0.287
652.089 -0.288
652.151 -0.289
652.213 -0.29
652.274 -0.291
652.335 -0.292
652.396 -0.293
652.457 -0.294
652.518 -0.295
652.578 -0.296
652.638 -0.297
652.698 -0.298
652.758 -0.299
652.818 -0.3
652.877 -0.301
652.936 -0.302
652.996 -0.303
653.055 -0.304
653.113 -0.305
653.172 -0.306
653.231 -0.307
653.289 -0.308
653.347 -0.309
653.405 -0.31
653.463 -0.311
653.521 -0.312
653.578 -0.313
653.636 -0.314
653.693 -0.315
653.75 -0.316
653.807 -0.317
653.864 -0.318
653.92 -0.319
653.977 -0.32
654.033 -0.321
654.089 -0.322
654.145 -0.323
654.201 -0.324
654.256 -0.325
654.312 -0.326
654.367 -0.327
654.422 -0.328
654.477 -0.329
654.532 -0.33
654.587 -0.331
654.642 -0.332
654.697 -0.333
654.752 -0.334
654.807 -0.335
654.861 -0.336
654.916 -0.337
654.97 -0.338
655.024 -0.339
655.079 -0.34
655.133 -0.341
655.187 -0.342
655.241 -0.343
655.295 -0.344
655.349 -0.345
655.403 -0.346
655.457 -0.347
655.511 -0.348
655.564 -0.349
655.617 -0.35
655.671 -0.351
655.724 -0.352
655.777 -0.353
655.83 -0.354
655.883 -0.355
655.936 -0.356
655.989 -0.357
656.042 -0.358
656.095 -0.359
656.148 -0.36
656.201 -0.361
656.254 -0.362
656.307 -0.363
656.36 -0.364
656.413 -0.365
656.466 -0.366
656.519 -0.367
656.572 -0.368
656.625 -0.369
656.679 -0.37
656.732 -0.371
656.785 -0.372
656.838 -0.373
656.891 -0.374
656.944 -0.375
656.998 -0.376
657.051 -0.377
657.104 -0.378
657.158 -0.379
657.211 -0.38
657.265 -0.381
657.318 -0.382
657.372 -0.383
657.426 -0.384
657.48 -0.385
657.534 -0.386
657.587 -0.387
657.641 -0.388
657.695 -0.389
657.749 -0.39
657.804 -0.391
657.858 -0.392
657.912 -0.393
657.967 -0.394
658.022 -0.395
658.076 -0.396
658.131 -0.397
658.186 -0.398
658.241 -0.399
658.296 -0.4
658.352 -0.401
658.407 -0.402
658.463 -0.403
658.518 -0.404
658.574 -0.405
658.63 -0.406
658.686 -0.407
658.742 -0.408
658.798 -0.409
658.854 -0.41
658.91 -0.411
658.967 -0.412
659.023 -0.413
659.08 -0.414
659.137 -0.415
659.194 -0.416
659.251 -0.417
659.308 -0.418
659.366 -0.419
659.424 -0.42
659.482 -0.421
659.54 -0.422
659.598 -0.423
659.657 -0.424
659.715 -0.425
659.774 -0.426
659.834 -0.427
659.893 -0.428
659.952 -0.429
660.012 -0.43
660.072 -0.431
660.132 -0.432
660.192 -0.433
660.253 -0.434
660.314 -0.435
660.375 -0.436
660.436 -0.437
660.497 -0.438
660.559 -0.439
660.62 -0.44
660.682 -0.441
660.744 -0.442
660.807 -0.443
660.869 -0.444
660.932 -0.445
660.995 -0.446
661.058 -0.447
661.122 -0.448
661.185 -0.449
661.249 -0.45
661.313 -0.451
661.378 -0.452
661.443 -0.453
661.507 -0.454
661.573 -0.455
661.638 -0.456
661.704 -0.457
661.77 -0.458
661.836 -0.459
661.902 -0.46
661.969 -0.461
662.036 -0.462
662.103 -0.463
662.17 -0.464
662.238 -0.465
662.306 -0.466
662.373 -0.467
662.44 -0.468
662.506 -0.469
662.564 -0.47
662.615 -0.471
662.662 -0.472
662.707 -0.473
662.748 -0.474
662.788 -0.475
662.822 -0.476
662.849 -0.477
662.865 -0.478
662.879 -0.479
662.894 -0.48
662.91 -0.481
662.925 -0.482
662.942 -0.483
662.961 -0.484
662.987 -0.485
663.054 -0.486
663.123 -0.487
663.191 -0.488
663.258 -0.489
663.319 -0.49
663.374 -0.491
663.448 -0.492
663.538 -0.493
663.625 -0.494
663.711 -0.495
663.802 -0.496
663.883 -0.497
663.975 -0.498
664.081 -0.499
664.186 -0.5
664.288 -0.501
664.388 -0.502
664.486 -0.503
664.588 -0.504
664.7 -0.505
664.811 -0.506
664.922 -0.507
665.033 -0.508
665.144 -0.509
665.25 -0.51
665.372 -0.511
665.491 -0.512
665.611 -0.513
665.731 -0.514
665.844 -0.515
665.957 -0.516
666.07 -0.517
666.174 -0.518
666.279 -0.519
666.383 -0.52
666.477 -0.521
666.571 -0.522
666.665 -0.523
666.76 -0.524
666.855 -0.525
666.95 -0.526
667.046 -0.527
667.141 -0.528
667.238 -0.529
667.334 -0.53
667.432 -0.531
667.529 -0.532
667.628 -0.533
667.727 -0.534
667.826 -0.535
667.926 -0.536
668.026 -0.537
668.127 -0.538
668.228 -0.539
668.33 -0.54
668.433 -0.541
668.536 -0.542
668.639 -0.543
668.744 -0.544
668.848 -0.545
668.954 -0.546
669.059 -0.547
669.166 -0.548
669.273 -0.549
669.38 -0.55
669.488 -0.551
669.597 -0.552
669.706 -0.553
669.815 -0.554
669.926 -0.555
670.037 -0.556
670.148 -0.557
670.26 -0.558
670.373 -0.559
670.486 -0.56
670.6 -0.561
670.714 -0.562
670.829 -0.563
670.945 -0.564
671.061 -0.565
671.178 -0.566
671.296 -0.567
671.414 -0.568
671.533 -0.569
671.652 -0.57
671.772 -0.571
671.893 -0.572
672.014 -0.573
672.136 -0.574
672.258 -0.575
672.381 -0.576
672.505 -0.577
672.629 -0.578
672.754 -0.579
672.88 -0.58
673.006 -0.581
673.133 -0.582
673.26 -0.583
673.388 -0.584
673.517 -0.585
673.647 -0.586
673.777 -0.587
673.907 -0.588
674.039 -0.589
674.171 -0.59
674.304 -0.591
674.437 -0.592
674.572 -0.593
674.707 -0.594
674.842 -0.595
674.979 -0.596
675.116 -0.597
675.254 -0.598
675.392 -0.599
675.531 -0.6
675.671 -0.601
675.812 -0.602
675.953 -0.603
676.095 -0.604
676.238 -0.605
676.381 -0.606
676.525 -0.607
676.67 -0.608
676.815 -0.609
676.962 -0.61
677.109 -0.611
677.256 -0.612
677.405 -0.613
677.554 -0.614
677.704 -0.615
677.855 -0.616
678.006 -0.617
678.158 -0.618
678.311 -0.619
678.465 -0.62
678.619 -0.621
678.775 -0.622
678.931 -0.623
679.087 -0.624
679.245 -0.625
679.403 -0.626
679.563 -0.627
679.723 -0.628
679.883 -0.629
680.045 -0.63
680.207 -0.631
680.37 -0.632
680.534 -0.633
680.699 -0.634
680.865 -0.635
681.031 -0.636
681.198 -0.637
681.366 -0.638
681.535 -0.639
681.704 -0.64
681.875 -0.641
682.046 -0.642
682.218 -0.643
682.391 -0.644
682.565 -0.645
682.739 -0.646
682.915 -0.647
683.091 -0.648
683.268 -0.649
683.447 -0.65
683.625 -0.651
683.805 -0.652
683.986 -0.653
684.167 -0.654
684.349 -0.655
684.532 -0.656
684.716 -0.657
684.901 -0.658
685.087 -0.659
685.273 -0.66
685.46 -0.661
685.648 -0.662
685.837 -0.663
686.027 -0.664
686.217 -0.665
686.409 -0.666
686.6 -0.667
686.793 -0.668
686.987 -0.669
687.181 -0.67
687.375 -0.671
687.571 -0.672
687.768 -0.673
687.965 -0.674
688.162 -0.675
688.361 -0.676
688.559 -0.677
688.755 -0.678
688.953 -0.679
689.106 -0.68
689.232 -0.681
689.359 -0.682
689.488 -0.683
689.617 -0.684
689.747 -0.685
689.879 -0.686
690.011 -0.687
690.145 -0.688
690.28 -0.689
690.416 -0.69
690.606 -0.691
690.805 -0.692
690.997 -0.693
691.196 -0.694
691.404 -0.695
691.613 -0.696
691.826 -0.697
691.996 -0.698
692.154 -0.699
692.312 -0.7
692.473 -0.701
692.635 -0.702
692.798 -0.703
692.962 -0.704
693.127 -0.705
693.338 -0.706
693.598 -0.707
693.854 -0.708
694.11 -0.709
694.388 -0.71
694.676 -0.711
694.966 -0.712
695.251 -0.713
695.544 -0.714
695.822 -0.715
696.085 -0.716
696.349 -0.717
696.621 -0.718
696.897 -0.719
697.174 -0.72
697.452 -0.721
697.729 -0.722
698.007 -0.723
698.279 -0.724
698.542 -0.725
698.791 -0.726
699.04 -0.727
699.29 -0.728
699.542 -0.729
699.794 -0.73
700.048 -0.731
700.302 -0.732
700.557 -0.733
700.813 -0.734
701.07 -0.735
701.329 -0.736
701.588 -0.737
701.848 -0.738
702.11 -0.739
702.372 -0.74
702.636 -0.741
702.9 -0.742
703.166 -0.743
703.433 -0.744
703.701 -0.745
703.971 -0.746
704.241 -0.747
704.512 -0.748
704.784 -0.749
705.058 -0.75
705.332 -0.751
705.608 -0.752
705.885 -0.753
706.163 -0.754
706.442 -0.755
706.722 -0.756
707.003 -0.757
707.286 -0.758
707.569 -0.759
707.854 -0.76
708.14 -0.761
708.426 -0.762
708.715 -0.763
709.004 -0.764
709.294 -0.765
709.586 -0.766
709.879 -0.767
710.173 -0.768
710.468 -0.769
710.765 -0.77
711.062 -0.771
711.361 -0.772
711.661 -0.773
711.962 -0.774
712.265 -0.775
712.568 -0.776
712.873 -0.777
713.179 -0.778
713.486 -0.779
713.795 -0.78
714.104 -0.781
714.415 -0.782
714.727 -0.783
715.041 -0.784
715.355 -0.785
715.671 -0.786
715.989 -0.787
716.307 -0.788
716.626 -0.789
716.947 -0.79
717.269 -0.791
717.593 -0.792
717.917 -0.793
718.243 -0.794
718.57 -0.795
718.898 -0.796
719.227 -0.797
719.558 -0.798
719.89 -0.799
720.223 -0.8
