12.0495 -0.001
24.0707 -0.002
36.0637 -0.003
48.0285 -0.004
59.9651 -0.005
71.8737 -0.006
83.7542 -0.007
95.6068 -0.008
107.431 -0.009
119.228 -0.01
130.997 -0.011
142.738 -0.012
154.451 -0.013
166.137 -0.014
177.795 -0.015
189.425 -0.016
201.028 -0.017
212.604 -0.018
224.151 -0.019
235.672 -0.02
247.165 -0.021
258.63 -0.022
270.068 -0.023
281.479 -0.024
292.863 -0.025
304.219 -0.026
315.548 -0.027
326.85 -0.028
338.125 -0.029
349.373 -0.03
360.593 -0.031
371.787 -0.032
382.953 -0.033
394.092 -0.034
405.205 -0.035
416.29 -0.036
427.348 -0.037
438.38 -0.038
449.384 -0.039
460.362 -0.04
471.312 -0.041
482.236 -0.042
493.133 -0.043
504.002 -0.044
514.845 -0.045
525.589 -0.046
535.911 -0.047
545.681 -0.048
554.483 -0.049
561.842 -0.05
568.115 -0.051
574.33 -0.052
580.448 -0.053
586.31 -0.054
592.018 -0.055
597.316 -0.056
602.369 -0.057
607.191 -0.058
611.626 -0.059
615.733 -0.06
619.757 -0.061
623.62 -0.062
627.299 -0.063
630.818 -0.064
633.98 -0.065
637.089 -0.066
640.062 -0.067
642.647 -0.068
645.21 -0.069
647.584 -0.07
649.527 -0.071
651.111 -0.072
652.432 -0.073
653.735 -0.074
655.022 -0.075
656.292 -0.076
657.541 -0.077
658.764 -0.078
659.97 -0.079
661.149 -0.08
662.291 -0.081
663.409 -0.082
664.505 -0.083
665.574 -0.084
666.595 -0.085
667.572 -0.086
668.529 -0.087
669.447 -0.088
670.298 -0.089
671.084 -0.09
671.822 -0.091
672.512 -0.092
673.164 -0.093
673.786 -0.094
674.376 -0.095
674.928 -0.096
675.467 -0.097
675.976 -0.098
676.453 -0.099
676.897 -0.1
677.308 -0.101
677.683 -0.102
678.044 -0.103
678.38 -0.104
678.694 -0.105
678.989 -0.106
679.258 -0.107
679.502 -0.108
679.726 -0.109
679.94 -0.11
680.144 -0.111
680.336 -0.112
680.514 -0.113
680.674 -0.114
680.817 -0.115
680.944 -0.116
681.063 -0.117
681.174 -0.118
681.278 -0.119
681.374 -0.12
681.464 -0.121
681.543 -0.122
681.606 -0.123
681.655 -0.124
681.691 -0.125
681.72 -0.126
681.744 -0.127
681.758 -0.128
681.763 -0.129
681.762 -0.13
681.747 -0.131
681.718 -0.132
681.675 -0.133
681.621 -0.134
681.562 -0.135
681.496 -0.136
681.424 -0.137
681.343 -0.138
681.252 -0.139
681.153 -0.14
681.048 -0.141
680.937 -0.142
680.822 -0.143
680.703 -0.144
680.579 -0.145
680.452 -0.146
680.322 -0.147
680.188 -0.148
680.049 -0.149
679.908 -0.15
679.764 -0.151
679.617 -0.152
679.468 -0.153
679.316 -0.154
679.162 -0.155
679.006 -0.156
678.848 -0.157
678.687 -0.158
678.525 -0.159
678.36 -0.16
678.194 -0.161
678.025 -0.162
677.855 -0.163
677.684 -0.164
677.511 -0.165
677.336 -0.166
677.161 -0.167
676.984 -0.168
676.806 -0.169
676.627 -0.17
676.447 -0.171
676.266 -0.172
676.084 -0.173
675.901 -0.174
675.717 -0.175
675.533 -0.176
675.346 -0.177
675.158 -0.178
674.968 -0.179
674.776 -0.18
674.584 -0.181
674.39 -0.182
674.194 -0.183
673.997 -0.184
673.799 -0.185
673.598 -0.186
673.396 -0.187
673.195 -0.188
672.993 -0.189
672.79 -0.19
672.587 -0.191
672.384 -0.192
672.181 -0.193
671.977 -0.194
671.774 -0.195
671.57 -0.196
671.366 -0.197
671.162 -0.198
670.958 -0.199
670.753 -0.2
670.549 -0.201
670.345 -0.202
670.141 -0.203
669.937 -0.204
669.733 -0.205
669.529 -0.206
669.325 -0.207
669.12 -0.208
668.913 -0.209
668.706 -0.21
668.499 -0.211
668.292 -0.212
668.085 -0.213
667.879 -0.214
667.673 -0.215
667.467 -0.216
667.26 -0.217
667.052 -0.218
666.844 -0.219
666.634 -0.22
666.425 -0.221
666.213 -0.222
666.002 -0.223
665.789 -0.224
665.576 -0.225
665.363 -0.226
665.15 -0.227
664.938 -0.228
664.726 -0.229
664.515 -0.23
664.304 -0.231
664.093 -0.232
663.884 -0.233
663.674 -0.234
663.465 -0.235
663.257 -0.236
663.048 -0.237
662.839 -0.238
662.63 -0.239
662.421 -0.24
662.212 -0.241
662.003 -0.242
661.794 -0.243
661.586 -0.244
661.379 -0.245
661.172 -0.246
660.966 -0.247
660.761 -0.248
660.556 -0.249
660.352 -0.25
660.149 -0.251
659.946 -0.252
659.744 -0.253
659.542 -0.254
659.34 -0.255
659.14 -0.256
658.94 -0.257
658.74 -0.258
658.541 -0.259
658.343 -0.26
658.146 -0.261
657.949 -0.262
657.754 -0.263
657.559 -0.264
657.364 -0.265
657.171 -0.266
656.978 -0.267
656.786 -0.268
656.594 -0.269
656.403 -0.27
656.213 -0.271
656.024 -0.272
655.836 -0.273
655.648 -0.274
655.461 -0.275
655.276 -0.276
655.091 -0.277
654.907 -0.278
654.723 -0.279
654.541 -0.28
654.359 -0.281
654.177 -0.282
653.996 -0.283
653.816 -0.284
653.636 -0.285
653.458 -0.286
653.281 -0.287
653.105 -0.288
652.929 -0.289
652.755 -0.29
652.582 -0.291
652.408 -0.292
652.236 -0.293
652.064 -0.294
651.893 -0.295
651.723 -0.296
651.553 -0.297
651.385 -0.298
651.218 -0.299
651.051 -0.3
650.886 -0.301
650.722 -0.302
650.558 -0.303
650.396 -0.304
650.235 -0.305
650.075 -0.306
649.916 -0.307
649.759 -0.308
649.602 -0.309
649.447 -0.31
649.293 -0.311
649.139 -0.312
648.986 -0.313
648.834 -0.314
648.684 -0.315
648.535 -0.316
648.386 -0.317
648.239 -0.318
648.094 -0.319
647.949 -0.32
647.806 -0.321
647.664 -0.322
647.523 -0.323
647.383 -0.324
647.244 -0.325
647.105 -0.326
646.967 -0.327
646.83 -0.328
646.694 -0.329
646.559 -0.33
646.425 -0.331
646.292 -0.332
646.16 -0.333
646.029 -0.334
645.899 -0.335
645.77 -0.336
645.642 -0.337
645.514 -0.338
645.387 -0.339
645.262 -0.34
645.137 -0.341
645.014 -0.342
644.892 -0.343
644.771 -0.344
644.65 -0.345
644.53 -0.346
644.41 -0.347
644.291 -0.348
644.174 -0.349
644.058 -0.35
643.944 -0.351
643.831 -0.352
643.719 -0.353
643.607 -0.354
643.498 -0.355
643.389 -0.356
643.28 -0.357
643.173 -0.358
643.068 -0.359
642.964 -0.36
642.861 -0.361
642.759 -0.362
642.659 -0.363
642.56 -0.364
642.463 -0.365
642.365 -0.366
642.268 -0.367
642.173 -0.368
642.079 -0.369
641.985 -0.37
641.894 -0.371
641.804 -0.372
641.715 -0.373
641.627 -0.374
641.539 -0.375
641.453 -0.376
641.368 -0.377
641.285 -0.378
641.203 -0.379
641.123 -0.38
641.044 -0.381
640.964 -0.382
640.884 -0.383
640.806 -0.384
640.729 -0.385
640.654 -0.386
640.58 -0.387
640.509 -0.388
640.438 -0.389
640.368 -0.39
640.298 -0.391
640.229 -0.392
640.162 -0.393
640.096 -0.394
640.03 -0.395
639.966 -0.396
639.903 -0.397
639.839 -0.398
639.777 -0.399
639.716 -0.4
639.657 -0.401
639.6 -0.402
639.543 -0.403
639.488 -0.404
639.431 -0.405
639.376 -0.406
639.321 -0.407
639.266 -0.408
639.213 -0.409
639.161 -0.41
639.111 -0.411
639.062 -0.412
639.015 -0.413
638.969 -0.414
638.922 -0.415
638.877 -0.416
638.834 -0.417
638.791 -0.418
638.751 -0.419
638.713 -0.42
638.674 -0.421
638.633 -0.422
638.595 -0.423
638.558 -0.424
638.522 -0.425
638.488 -0.426
638.455 -0.427
638.42 -0.428
638.385 -0.429
638.352 -0.43
638.32 -0.431
638.29 -0.432
638.261 -0.433
638.228 -0.434
638.196 -0.435
638.166 -0.436
638.138 -0.437
638.111 -0.438
638.085 -0.439
638.056 -0.44
638.028 -0.441
638.001 -0.442
637.976 -0.443
637.953 -0.444
637.931 -0.445
637.91 -0.446
637.89 -0.447
637.87 -0.448
637.851 -0.449
637.835 -0.45
637.819 -0.451
637.801 -0.452
637.785 -0.453
637.77 -0.454
637.755 -0.455
637.742 -0.456
637.73 -0.457
637.719 -0.458
637.708 -0.459
637.7 -0.46
637.693 -0.461
637.686 -0.462
637.681 -0.463
637.677 -0.464
637.675 -0.465
637.674 -0.466
637.673 -0.467
637.674 -0.468
637.676 -0.469
637.68 -0.47
637.686 -0.471
637.694 -0.472
637.704 -0.473
637.716 -0.474
637.729 -0.475
637.744 -0.476
637.761 -0.477
637.78 -0.478
637.801 -0.479
637.824 -0.48
637.848 -0.481
637.874 -0.482
637.899 -0.483
637.926 -0.484
637.956 -0.485
637.987 -0.486
638.019 -0.487
638.051 -0.488
638.085 -0.489
638.121 -0.49
638.159 -0.491
638.198 -0.492
638.236 -0.493
638.277 -0.494
638.32 -0.495
638.364 -0.496
638.409 -0.497
638.455 -0.498
638.502 -0.499
638.552 -0.5
638.603 -0.501
638.651 -0.502
638.7 -0.503
638.751 -0.504
638.804 -0.505
638.856 -0.506
638.906 -0.507
638.958 -0.508
639.012 -0.509
639.066 -0.51
639.12 -0.511
639.176 -0.512
639.234 -0.513
639.294 -0.514
639.352 -0.515
639.412 -0.516
639.474 -0.517
639.538 -0.518
639.601 -0.519
639.665 -0.52
639.732 -0.521
639.8 -0.522
639.867 -0.523
639.935 -0.524
640.005 -0.525
640.078 -0.526
640.152 -0.527
640.229 -0.528
640.308 -0.529
640.39 -0.53
640.473 -0.531
640.558 -0.532
640.646 -0.533
640.735 -0.534
640.825 -0.535
640.916 -0.536
641.011 -0.537
641.106 -0.538
641.203 -0.539
641.301 -0.54
641.403 -0.541
641.505 -0.542
641.609 -0.543
641.715 -0.544
641.824 -0.545
641.934 -0.546
642.045 -0.547
642.159 -0.548
642.275 -0.549
642.392 -0.55
642.511 -0.551
642.633 -0.552
642.756 -0.553
642.881 -0.554
643.008 -0.555
643.136 -0.556
643.266 -0.557
643.398 -0.558
643.533 -0.559
643.669 -0.56
643.807 -0.561
643.947 -0.562
644.09 -0.563
644.232 -0.564
644.378 -0.565
644.525 -0.566
644.674 -0.567
644.825 -0.568
644.978 -0.569
645.133 -0.57
645.289 -0.571
645.448 -0.572
645.608 -0.573
645.771 -0.574
645.935 -0.575
646.101 -0.576
646.269 -0.577
646.441 -0.578
646.615 -0.579
646.791 -0.58
646.971 -0.581
647.152 -0.582
647.333 -0.583
647.516 -0.584
647.699 -0.585
647.883 -0.586
648.069 -0.587
648.255 -0.588
648.443 -0.589
648.631 -0.59
648.819 -0.591
649.007 -0.592
649.197 -0.593
649.387 -0.594
649.577 -0.595
649.77 -0.596
649.966 -0.597
650.164 -0.598
650.364 -0.599
650.567 -0.6
650.772 -0.601
650.979 -0.602
651.188 -0.603
651.401 -0.604
651.615 -0.605
651.832 -0.606
652.051 -0.607
652.272 -0.608
652.496 -0.609
652.722 -0.61
652.95 -0.611
653.181 -0.612
653.413 -0.613
653.648 -0.614
653.884 -0.615
654.123 -0.616
654.364 -0.617
654.607 -0.618
654.852 -0.619
655.1 -0.62
655.349 -0.621
655.602 -0.622
655.857 -0.623
656.115 -0.624
656.375 -0.625
656.639 -0.626
656.905 -0.627
657.174 -0.628
657.445 -0.629
657.72 -0.63
657.998 -0.631
658.278 -0.632
658.56 -0.633
658.845 -0.634
659.133 -0.635
659.424 -0.636
659.718 -0.637
660.014 -0.638
660.31 -0.639
660.609 -0.64
660.908 -0.641
661.209 -0.642
661.51 -0.643
661.813 -0.644
662.117 -0.645
662.423 -0.646
662.73 -0.647
663.039 -0.648
663.348 -0.649
663.659 -0.65
663.973 -0.651
664.29 -0.652
664.609 -0.653
664.931 -0.654
665.256 -0.655
665.584 -0.656
665.915 -0.657
666.249 -0.658
666.586 -0.659
666.926 -0.66
667.269 -0.661
667.615 -0.662
667.964 -0.663
668.315 -0.664
668.669 -0.665
669.025 -0.666
669.383 -0.667
669.744 -0.668
670.105 -0.669
670.47 -0.67
670.835 -0.671
671.201 -0.672
671.567 -0.673
671.932 -0.674
672.298 -0.675
672.663 -0.676
673.029 -0.677
673.397 -0.678
673.767 -0.679
674.14 -0.68
674.515 -0.681
674.892 -0.682
675.27 -0.683
675.65 -0.684
676.03 -0.685
676.41 -0.686
676.788 -0.687
677.163 -0.688
677.533 -0.689
677.898 -0.69
678.255 -0.691
678.603 -0.692
678.986 -0.693
679.41 -0.694
679.859 -0.695
680.326 -0.696
680.754 -0.697
681.177 -0.698
681.601 -0.699
682.029 -0.7
682.458 -0.701
682.889 -0.702
683.323 -0.703
683.76 -0.704
684.2 -0.705
684.644 -0.706
685.091 -0.707
685.541 -0.708
685.995 -0.709
686.452 -0.71
686.913 -0.711
687.376 -0.712
687.84 -0.713
688.306 -0.714
688.774 -0.715
689.243 -0.716
689.715 -0.717
690.191 -0.718
690.67 -0.719
691.152 -0.72
691.638 -0.721
692.127 -0.722
692.619 -0.723
693.114 -0.724
693.613 -0.725
694.113 -0.726
694.617 -0.727
695.123 -0.728
695.632 -0.729
696.144 -0.73
696.658 -0.731
697.173 -0.732
697.69 -0.733
698.209 -0.734
698.729 -0.735
699.253 -0.736
699.777 -0.737
700.305 -0.738
700.834 -0.739
701.365 -0.74
701.896 -0.741
702.429 -0.742
702.962 -0.743
703.498 -0.744
704.037 -0.745
704.58 -0.746
705.126 -0.747
705.673 -0.748
706.216 -0.749
706.756 -0.75
707.296 -0.751
707.839 -0.752
708.385 -0.753
708.934 -0.754
709.486 -0.755
710.04 -0.756
710.597 -0.757
711.156 -0.758
711.715 -0.759
712.276 -0.76
712.837 -0.761
713.4 -0.762
713.965 -0.763
714.532 -0.764
715.102 -0.765
715.675 -0.766
716.251 -0.767
716.828 -0.768
717.408 -0.769
717.991 -0.77
718.575 -0.771
719.162 -0.772
719.75 -0.773
720.341 -0.774
720.935 -0.775
721.531 -0.776
722.13 -0.777
722.73 -0.778
723.331 -0.779
723.933 -0.78
724.537 -0.781
725.144 -0.782
725.753 -0.783
726.365 -0.784
726.979 -0.785
727.596 -0.786
728.214 -0.787
728.834 -0.788
729.455 -0.789
730.079 -0.79
730.705 -0.791
731.333 -0.792
731.961 -0.793
732.588 -0.794
733.214 -0.795
733.839 -0.796
734.466 -0.797
735.096 -0.798
735.728 -0.799
736.361 -0.8
736.996 -0.801
737.633 -0.802
738.27 -0.803
738.91 -0.804
739.552 -0.805
740.196 -0.806
740.841 -0.807
741.489 -0.808
742.14 -0.809
742.792 -0.81
743.448 -0.811
744.106 -0.812
744.765 -0.813
745.426 -0.814
746.088 -0.815
746.751 -0.816
747.415 -0.817
748.082 -0.818
748.751 -0.819
749.423 -0.82
750.097 -0.821
750.775 -0.822
751.455 -0.823
752.138 -0.824
752.825 -0.825
753.515 -0.826
754.208 -0.827
754.904 -0.828
755.604 -0.829
756.306 -0.83
757.011 -0.831
757.718 -0.832
758.429 -0.833
759.143 -0.834
759.86 -0.835
760.581 -0.836
761.305 -0.837
762.032 -0.838
762.762 -0.839
763.496 -0.84
764.233 -0.841
764.974 -0.842
765.718 -0.843
766.464 -0.844
767.212 -0.845
767.963 -0.846
768.716 -0.847
769.471 -0.848
770.23 -0.849
770.991 -0.85
771.756 -0.851
772.524 -0.852
773.296 -0.853
774.071 -0.854
774.848 -0.855
775.627 -0.856
776.405 -0.857
777.182 -0.858
777.959 -0.859
778.736 -0.86
779.514 -0.861
780.294 -0.862
781.078 -0.863
781.865 -0.864
782.655 -0.865
783.448 -0.866
784.242 -0.867
785.039 -0.868
785.836 -0.869
786.634 -0.87
787.43 -0.871
788.22 -0.872
789.002 -0.873
789.774 -0.874
790.536 -0.875
791.296 -0.876
792.048 -0.877
792.786 -0.878
793.507 -0.879
794.219 -0.88
794.936 -0.881
795.655 -0.882
796.368 -0.883
797.148 -0.884
797.98 -0.885
798.775 -0.886
799.564 -0.887
800.355 -0.888
801.15 -0.889
801.963 -0.89
802.851 -0.891
803.771 -0.892
804.658 -0.893
805.543 -0.894
806.431 -0.895
807.322 -0.896
808.215 -0.897
809.074 -0.898
809.923 -0.899
810.775 -0.9
811.631 -0.901
812.49 -0.902
813.352 -0.903
814.217 -0.904
815.086 -0.905
815.958 -0.906
816.833 -0.907
817.712 -0.908
818.594 -0.909
819.479 -0.91
820.368 -0.911
821.26 -0.912
822.156 -0.913
823.055 -0.914
823.957 -0.915
824.862 -0.916
825.771 -0.917
826.684 -0.918
827.6 -0.919
828.519 -0.92
829.442 -0.921
830.368 -0.922
831.297 -0.923
832.23 -0.924
833.167 -0.925
834.106 -0.926
835.05 -0.927
835.997 -0.928
836.947 -0.929
837.901 -0.93
838.858 -0.931
839.819 -0.932
840.783 -0.933
841.751 -0.934
842.722 -0.935
843.697 -0.936
844.676 -0.937
845.658 -0.938
846.643 -0.939
847.632 -0.94
848.625 -0.941
849.621 -0.942
850.621 -0.943
851.624 -0.944
852.631 -0.945
853.642 -0.946
854.656 -0.947
855.674 -0.948
856.695 -0.949
857.719 -0.95
858.746 -0.951
859.775 -0.952
860.807 -0.953
861.842 -0.954
862.879 -0.955
863.919 -0.956
864.962 -0.957
866.007 -0.958
867.056 -0.959
868.107 -0.96
869.159 -0.961
870.212 -0.962
871.267 -0.963
872.322 -0.964
873.38 -0.965
874.44 -0.966
875.501 -0.967
876.566 -0.968
877.631 -0.969
878.699 -0.97
879.77 -0.971
880.842 -0.972
881.916 -0.973
882.993 -0.974
884.072 -0.975
885.154 -0.976
886.239 -0.977
887.327 -0.978
888.418 -0.979
889.512 -0.98
890.608 -0.981
891.706 -0.982
892.807 -0.983
893.91 -0.984
895.017 -0.985
896.118 -0.986
897.198 -0.987
898.282 -0.988
899.369 -0.989
900.458 -0.99
901.541 -0.991
902.627 -0.992
903.716 -0.993
904.808 -0.994
905.902 -0.995
906.998 -0.996
908.096 -0.997
909.197 -0.998
910.302 -0.999
911.408 -1
912.516 -1.001
913.615 -1.002
914.693 -1.003
915.768 -1.004
916.833 -1.005
917.891 -1.006
918.953 -1.007
920.018 -1.008
921.087 -1.009
922.159 -1.01
923.235 -1.011
924.313 -1.012
925.392 -1.013
926.472 -1.014
927.553 -1.015
928.607 -1.016
929.634 -1.017
930.659 -1.018
931.688 -1.019
932.716 -1.02
933.746 -1.021
934.747 -1.022
935.682 -1.023
936.57 -1.024
937.458 -1.025
938.342 -1.026
939.216 -1.027
940.08 -1.028
940.936 -1.029
941.78 -1.03
942.625 -1.031
943.472 -1.032
944.321 -1.033
945.171 -1.034
946.023 -1.035
946.877 -1.036
947.733 -1.037
948.59 -1.038
949.45 -1.039
950.311 -1.04
951.174 -1.041
952.038 -1.042
952.905 -1.043
953.773 -1.044
954.64 -1.045
955.481 -1.046
956.306 -1.047
956.976 -1.048
957.554 -1.049
958.129 -1.05
958.704 -1.051
959.27 -1.052
959.832 -1.053
960.394 -1.054
960.956 -1.055
961.518 -1.056
962.08 -1.057
962.642 -1.058
963.205 -1.059
963.767 -1.06
964.33 -1.061
964.892 -1.062
965.455 -1.063
966.019 -1.064
966.582 -1.065
967.146 -1.066
967.71 -1.067
968.275 -1.068
968.839 -1.069
969.404 -1.07
969.969 -1.071
970.534 -1.072
971.099 -1.073
971.664 -1.074
972.23 -1.075
972.796 -1.076
973.362 -1.077
973.929 -1.078
974.496 -1.079
975.062 -1.08
975.629 -1.081
976.197 -1.082
976.764 -1.083
977.332 -1.084
977.9 -1.085
978.469 -1.086
979.037 -1.087
979.606 -1.088
980.175 -1.089
980.745 -1.09
981.315 -1.091
981.885 -1.092
982.455 -1.093
983.025 -1.094
983.596 -1.095
984.167 -1.096
984.738 -1.097
985.309 -1.098
985.881 -1.099
986.453 -1.1
987.025 -1.101
987.598 -1.102
988.17 -1.103
988.743 -1.104
989.317 -1.105
989.89 -1.106
990.464 -1.107
991.038 -1.108
991.612 -1.109
992.187 -1.11
992.762 -1.111
993.337 -1.112
993.912 -1.113
994.487 -1.114
995.063 -1.115
995.639 -1.116
996.216 -1.117
996.792 -1.118
997.369 -1.119
997.947 -1.12
998.524 -1.121
999.102 -1.122
999.68 -1.123
1000.26 -1.124
1000.84 -1.125
1001.42 -1.126
1002 -1.127
1002.58 -1.128
1003.16 -1.129
1003.74 -1.13
1004.32 -1.131
1004.9 -1.132
1005.48 -1.133
1006.06 -1.134
1006.64 -1.135
1007.22 -1.136
1007.8 -1.137
1008.39 -1.138
1008.97 -1.139
1009.55 -1.14
1010.14 -1.141
1010.72 -1.142
1011.3 -1.143
1011.89 -1.144
1012.47 -1.145
1013.06 -1.146
1013.64 -1.147
1014.23 -1.148
1014.81 -1.149
1015.4 -1.15
1015.98 -1.151
1016.57 -1.152
1017.16 -1.153
1017.74 -1.154
1018.33 -1.155
1018.92 -1.156
1019.51 -1.157
1020.09 -1.158
1020.68 -1.159
1021.27 -1.16
1021.86 -1.161
1022.45 -1.162
1023.04 -1.163
1023.62 -1.164
1024.21 -1.165
1024.8 -1.166
1025.39 -1.167
1025.98 -1.168
1026.57 -1.169
1027.17 -1.17
1027.76 -1.171
1028.35 -1.172
1028.94 -1.173
1029.53 -1.174
1030.13 -1.175
1030.72 -1.176
1031.31 -1.177
1031.9 -1.178
1032.5 -1.179
1033.09 -1.18
1033.69 -1.181
1034.28 -1.182
1034.88 -1.183
1035.47 -1.184
1036.07 -1.185
1036.66 -1.186
1037.26 -1.187
1037.86 -1.188
1038.45 -1.189
1039.05 -1.19
1039.65 -1.191
1040.24 -1.192
1040.84 -1.193
1041.44 -1.194
1042.04 -1.195
1042.64 -1.196
1043.24 -1.197
1043.84 -1.198
1044.44 -1.199
1045.04 -1.2
1045.64 -1.201
1046.24 -1.202
1046.84 -1.203
1047.44 -1.204
1048.04 -1.205
1048.65 -1.206
1049.25 -1.207
1049.85 -1.208
1050.45 -1.209
1051.06 -1.21
1051.66 -1.211
1052.27 -1.212
1052.87 -1.213
1053.48 -1.214
1054.08 -1.215
1054.69 -1.216
1055.29 -1.217
1055.9 -1.218
1056.5 -1.219
1057.11 -1.22
1057.72 -1.221
1058.32 -1.222
1058.93 -1.223
1059.54 -1.224
1060.15 -1.225
1060.76 -1.226
1061.37 -1.227
1061.98 -1.228
1062.58 -1.229
1063.19 -1.23
1063.8 -1.231
1064.42 -1.232
1065.03 -1.233
1065.64 -1.234
1066.25 -1.235
1066.86 -1.236
1067.47 -1.237
1068.08 -1.238
1068.7 -1.239
1069.31 -1.24
1069.92 -1.241
1070.54 -1.242
1071.15 -1.243
1071.77 -1.244
1072.38 -1.245
1073 -1.246
1073.61 -1.247
1074.23 -1.248
1074.84 -1.249
1075.46 -1.25
1076.08 -1.251
1076.69 -1.252
1077.31 -1.253
1077.93 -1.254
1078.55 -1.255
1079.17 -1.256
1079.79 -1.257
1080.4 -1.258
1081.02 -1.259
1081.64 -1.26
1082.26 -1.261
1082.89 -1.262
1083.51 -1.263
1084.13 -1.264
1084.75 -1.265
1085.37 -1.266
1085.99 -1.267
1086.62 -1.268
1087.24 -1.269
1087.86 -1.27
1088.49 -1.271
1089.11 -1.272
1089.73 -1.273
1090.36 -1.274
1090.98 -1.275
1091.61 -1.276
1092.23 -1.277
1092.86 -1.278
1093.49 -1.279
1094.11 -1.28
1094.74 -1.281
1095.37 -1.282
1095.99 -1.283
1096.62 -1.284
1097.25 -1.285
1097.88 -1.286
1098.51 -1.287
1099.14 -1.288
1099.77 -1.289
1100.4 -1.29
1101.03 -1.291
1101.66 -1.292
1102.29 -1.293
1102.92 -1.294
1103.56 -1.295
1104.19 -1.296
1104.82 -1.297
1105.45 -1.298
1106.09 -1.299
1106.72 -1.3
