10.8265 -0.001
21.6189 -0.002
32.3764 -0.003
43.0983 -0.004
53.7839 -0.005
64.4324 -0.006
75.0429 -0.007
85.6146 -0.008
96.1465 -0.009
106.638 -0.01
117.087 -0.011
127.494 -0.012
137.857 -0.013
148.174 -0.014
158.445 -0.015
168.668 -0.016
178.841 -0.017
188.964 -0.018
199.033 -0.019
209.049 -0.02
219.007 -0.021
228.9 -0.022
238.224 -0.023
245.576 -0.024
252.001 -0.025
258.368 -0.026
264.671 -0.027
270.917 -0.028
277.12 -0.029
283.021 -0.03
287.776 -0.031
291.553 -0.032
295.288 -0.033
299.004 -0.034
302.686 -0.035
306.331 -0.036
309.954 -0.037
313.548 -0.038
317.099 -0.039
320.575 -0.04
323.891 -0.041
327.021 -0.042
329.981 -0.043
332.649 -0.044
335.269 -0.045
337.667 -0.046
339.873 -0.047
341.886 -0.048
343.69 -0.049
345.465 -0.05
347.208 -0.051
348.921 -0.052
350.6 -0.053
352.252 -0.054
353.867 -0.055
355.434 -0.056
356.919 -0.057
358.291 -0.058
359.563 -0.059
360.707 -0.06
361.664 -0.061
362.574 -0.062
363.389 -0.063
364.013 -0.064
364.553 -0.065
364.916 -0.066
365.17 -0.067
365.412 -0.068
365.643 -0.069
365.864 -0.07
366.081 -0.071
366.29 -0.072
366.485 -0.073
366.672 -0.074
366.848 -0.075
367.012 -0.076
367.171 -0.077
367.317 -0.078
367.459 -0.079
367.599 -0.08
367.737 -0.081
367.872 -0.082
368.005 -0.083
368.137 -0.084
368.268 -0.085
368.396 -0.086
368.523 -0.087
368.65 -0.088
368.774 -0.089
368.896 -0.09
369.016 -0.091
369.133 -0.092
369.248 -0.093
369.359 -0.094
369.468 -0.095
369.575 -0.096
369.679 -0.097
369.78 -0.098
369.876 -0.099
369.972 -0.1
370.066 -0.101
370.154 -0.102
370.239 -0.103
370.319 -0.104
370.395 -0.105
370.471 -0.106
370.543 -0.107
370.611 -0.108
370.677 -0.109
370.738 -0.11
370.795 -0.111
370.851 -0.112
370.906 -0.113
370.959 -0.114
371.01 -0.115
371.06 -0.116
371.107 -0.117
371.152 -0.118
371.196 -0.119
371.24 -0.12
371.283 -0.121
371.325 -0.122
371.366 -0.123
371.403 -0.124
371.439 -0.125
371.476 -0.126
371.511 -0.127
371.543 -0.128
371.575 -0.129
371.606 -0.13
371.636 -0.131
371.662 -0.132
371.686 -0.133
371.709 -0.134
371.73 -0.135
371.748 -0.136
371.766 -0.137
371.783 -0.138
371.799 -0.139
371.815 -0.14
371.83 -0.141
371.844 -0.142
371.859 -0.143
371.873 -0.144
371.886 -0.145
371.899 -0.146
371.911 -0.147
371.922 -0.148
371.933 -0.149
371.942 -0.15
371.95 -0.151
371.958 -0.152
371.965 -0.153
371.971 -0.154
371.977 -0.155
371.98 -0.156
371.981 -0.157
371.98 -0.158
371.978 -0.159
371.975 -0.16
371.971 -0.161
371.964 -0.162
371.958 -0.163
371.951 -0.164
371.949 -0.165
371.946 -0.166
371.941 -0.167
371.936 -0.168
371.929 -0.169
371.927 -0.17
371.923 -0.171
371.92 -0.172
371.915 -0.173
371.908 -0.174
371.899 -0.175
371.888 -0.176
371.877 -0.177
371.867 -0.178
371.855 -0.179
371.841 -0.18
371.824 -0.181
371.808 -0.182
371.792 -0.183
371.777 -0.184
371.759 -0.185
371.739 -0.186
371.72 -0.187
371.704 -0.188
371.69 -0.189
371.676 -0.19
371.662 -0.191
371.65 -0.192
371.639 -0.193
371.631 -0.194
371.622 -0.195
371.609 -0.196
371.593 -0.197
371.571 -0.198
371.545 -0.199
371.512 -0.2
371.475 -0.201
371.432 -0.202
371.384 -0.203
371.33 -0.204
371.27 -0.205
371.205 -0.206
371.135 -0.207
371.063 -0.208
370.992 -0.209
370.927 -0.21
370.872 -0.211
370.825 -0.212
370.788 -0.213
370.756 -0.214
370.729 -0.215
370.71 -0.216
370.696 -0.217
370.686 -0.218
370.676 -0.219
370.668 -0.22
370.663 -0.221
370.659 -0.222
370.657 -0.223
370.658 -0.224
370.658 -0.225
370.658 -0.226
370.657 -0.227
370.656 -0.228
370.656 -0.229
370.656 -0.23
370.658 -0.231
370.66 -0.232
370.661 -0.233
370.662 -0.234
370.661 -0.235
370.661 -0.236
370.661 -0.237
370.661 -0.238
370.661 -0.239
370.661 -0.24
370.66 -0.241
370.658 -0.242
370.657 -0.243
370.656 -0.244
370.656 -0.245
370.655 -0.246
370.655 -0.247
370.653 -0.248
370.648 -0.249
370.638 -0.25
370.623 -0.251
370.603 -0.252
370.581 -0.253
370.572 -0.254
370.552 -0.255
370.516 -0.256
370.462 -0.257
370.388 -0.258
370.277 -0.259
370.198 -0.26
370.149 -0.261
370.123 -0.262
370.119 -0.263
370.119 -0.264
370.112 -0.265
370.104 -0.266
370.093 -0.267
370.072 -0.268
370.046 -0.269
370.031 -0.27
370.017 -0.271
370 -0.272
369.986 -0.273
369.969 -0.274
369.956 -0.275
369.944 -0.276
369.929 -0.277
369.915 -0.278
369.899 -0.279
369.881 -0.28
369.861 -0.281
369.84 -0.282
369.816 -0.283
369.79 -0.284
369.76 -0.285
369.728 -0.286
369.692 -0.287
369.654 -0.288
369.612 -0.289
369.566 -0.29
369.515 -0.291
369.47 -0.292
369.421 -0.293
369.368 -0.294
369.315 -0.295
369.261 -0.296
369.205 -0.297
369.157 -0.298
369.111 -0.299
369.064 -0.3
369.015 -0.301
368.966 -0.302
368.921 -0.303
368.874 -0.304
368.839 -0.305
368.807 -0.306
368.782 -0.307
368.766 -0.308
368.754 -0.309
368.742 -0.31
368.728 -0.311
368.71 -0.312
368.69 -0.313
368.668 -0.314
368.643 -0.315
368.616 -0.316
368.586 -0.317
368.551 -0.318
368.512 -0.319
368.468 -0.32
368.417 -0.321
368.364 -0.322
368.307 -0.323
368.257 -0.324
368.22 -0.325
368.179 -0.326
368.126 -0.327
368.09 -0.328
368.063 -0.329
368.048 -0.33
368.039 -0.331
368.036 -0.332
368.042 -0.333
368.056 -0.334
368.079 -0.335
368.115 -0.336
368.156 -0.337
368.198 -0.338
368.24 -0.339
368.282 -0.34
368.323 -0.341
368.363 -0.342
368.4 -0.343
368.435 -0.344
368.467 -0.345
368.496 -0.346
368.522 -0.347
368.545 -0.348
368.57 -0.349
368.593 -0.35
368.617 -0.351
368.641 -0.352
368.665 -0.353
368.69 -0.354
368.714 -0.355
368.737 -0.356
368.761 -0.357
368.784 -0.358
368.809 -0.359
368.832 -0.36
368.856 -0.361
368.879 -0.362
368.903 -0.363
368.928 -0.364
368.952 -0.365
368.976 -0.366
369 -0.367
369.023 -0.368
369.047 -0.369
369.07 -0.37
369.094 -0.371
369.117 -0.372
369.14 -0.373
369.163 -0.374
369.186 -0.375
369.208 -0.376
369.23 -0.377
369.251 -0.378
369.271 -0.379
369.29 -0.38
369.307 -0.381
369.322 -0.382
369.334 -0.383
369.343 -0.384
369.352 -0.385
369.368 -0.386
369.38 -0.387
369.387 -0.388
369.385 -0.389
369.376 -0.39
369.359 -0.391
369.335 -0.392
369.308 -0.393
369.281 -0.394
369.254 -0.395
369.228 -0.396
369.202 -0.397
369.176 -0.398
369.15 -0.399
369.126 -0.4
369.102 -0.401
369.078 -0.402
369.055 -0.403
369.031 -0.404
369.009 -0.405
368.995 -0.406
368.988 -0.407
368.987 -0.408
368.996 -0.409
369.02 -0.41
369.055 -0.411
369.095 -0.412
369.139 -0.413
369.184 -0.414
369.227 -0.415
369.267 -0.416
369.308 -0.417
369.349 -0.418
369.392 -0.419
369.434 -0.42
369.478 -0.421
369.521 -0.422
369.565 -0.423
369.609 -0.424
369.653 -0.425
369.696 -0.426
369.74 -0.427
369.784 -0.428
369.827 -0.429
369.87 -0.43
369.912 -0.431
369.953 -0.432
369.995 -0.433
370.041 -0.434
370.091 -0.435
370.148 -0.436
370.209 -0.437
370.271 -0.438
370.334 -0.439
370.398 -0.44
370.462 -0.441
370.526 -0.442
370.59 -0.443
370.654 -0.444
370.718 -0.445
370.782 -0.446
370.846 -0.447
370.91 -0.448
370.973 -0.449
371.037 -0.45
371.101 -0.451
371.164 -0.452
371.228 -0.453
371.291 -0.454
371.354 -0.455
371.417 -0.456
371.48 -0.457
371.542 -0.458
371.604 -0.459
371.666 -0.46
371.726 -0.461
371.788 -0.462
371.85 -0.463
371.912 -0.464
371.976 -0.465
372.039 -0.466
372.102 -0.467
372.167 -0.468
372.231 -0.469
372.296 -0.47
372.36 -0.471
372.425 -0.472
372.49 -0.473
372.554 -0.474
372.618 -0.475
372.683 -0.476
372.747 -0.477
372.811 -0.478
372.876 -0.479
372.94 -0.48
373.004 -0.481
373.068 -0.482
373.132 -0.483
373.195 -0.484
373.255 -0.485
373.315 -0.486
373.375 -0.487
373.431 -0.488
373.488 -0.489
373.544 -0.49
373.601 -0.491
373.657 -0.492
373.714 -0.493
373.771 -0.494
373.828 -0.495
373.885 -0.496
373.942 -0.497
373.999 -0.498
374.057 -0.499
374.114 -0.5
374.172 -0.501
374.229 -0.502
374.288 -0.503
374.347 -0.504
374.406 -0.505
374.466 -0.506
374.527 -0.507
374.588 -0.508
374.65 -0.509
374.712 -0.51
374.775 -0.511
374.837 -0.512
374.9 -0.513
374.963 -0.514
375.026 -0.515
375.089 -0.516
375.152 -0.517
375.215 -0.518
375.279 -0.519
375.342 -0.52
375.405 -0.521
375.469 -0.522
375.533 -0.523
375.596 -0.524
375.66 -0.525
375.724 -0.526
375.788 -0.527
375.852 -0.528
375.916 -0.529
375.98 -0.53
376.044 -0.531
376.108 -0.532
376.172 -0.533
376.237 -0.534
376.301 -0.535
376.366 -0.536
376.431 -0.537
376.495 -0.538
376.56 -0.539
376.625 -0.54
376.69 -0.541
376.755 -0.542
376.821 -0.543
376.887 -0.544
376.954 -0.545
377.021 -0.546
377.088 -0.547
377.156 -0.548
377.223 -0.549
377.29 -0.55
377.357 -0.551
377.424 -0.552
377.49 -0.553
377.556 -0.554
377.621 -0.555
377.686 -0.556
377.751 -0.557
377.815 -0.558
377.878 -0.559
377.94 -0.56
378.003 -0.561
378.064 -0.562
378.124 -0.563
378.184 -0.564
378.243 -0.565
378.3 -0.566
378.357 -0.567
378.413 -0.568
378.469 -0.569
378.525 -0.57
378.58 -0.571
378.635 -0.572
378.69 -0.573
378.746 -0.574
378.801 -0.575
378.857 -0.576
378.912 -0.577
378.968 -0.578
379.024 -0.579
379.08 -0.58
379.137 -0.581
379.193 -0.582
379.25 -0.583
379.307 -0.584
379.364 -0.585
379.421 -0.586
379.478 -0.587
379.536 -0.588
379.593 -0.589
379.651 -0.59
379.709 -0.591
379.767 -0.592
379.825 -0.593
379.884 -0.594
379.942 -0.595
380.001 -0.596
380.06 -0.597
380.119 -0.598
380.178 -0.599
380.238 -0.6
380.297 -0.601
380.357 -0.602
380.417 -0.603
380.477 -0.604
380.537 -0.605
380.598 -0.606
380.658 -0.607
380.719 -0.608
380.78 -0.609
380.843 -0.61
380.906 -0.611
380.969 -0.612
381.032 -0.613
381.096 -0.614
381.161 -0.615
381.226 -0.616
381.292 -0.617
381.358 -0.618
381.424 -0.619
381.491 -0.62
381.559 -0.621
381.627 -0.622
381.695 -0.623
381.764 -0.624
381.833 -0.625
381.903 -0.626
381.974 -0.627
382.046 -0.628
382.118 -0.629
382.191 -0.63
382.265 -0.631
382.339 -0.632
382.414 -0.633
382.489 -0.634
382.566 -0.635
382.643 -0.636
382.721 -0.637
382.8 -0.638
382.883 -0.639
382.966 -0.64
383.05 -0.641
383.134 -0.642
383.218 -0.643
383.303 -0.644
383.388 -0.645
383.473 -0.646
383.558 -0.647
383.644 -0.648
383.73 -0.649
383.816 -0.65
383.903 -0.651
383.989 -0.652
384.076 -0.653
384.163 -0.654
384.249 -0.655
384.336 -0.656
384.423 -0.657
384.51 -0.658
384.598 -0.659
384.685 -0.66
384.773 -0.661
384.86 -0.662
384.948 -0.663
385.036 -0.664
385.124 -0.665
385.215 -0.666
385.306 -0.667
385.397 -0.668
385.489 -0.669
385.58 -0.67
385.672 -0.671
385.764 -0.672
385.856 -0.673
385.948 -0.674
386.041 -0.675
386.133 -0.676
386.225 -0.677
386.317 -0.678
386.409 -0.679
386.502 -0.68
386.594 -0.681
386.686 -0.682
386.779 -0.683
386.871 -0.684
386.964 -0.685
387.056 -0.686
387.149 -0.687
387.241 -0.688
387.334 -0.689
387.427 -0.69
387.52 -0.691
387.613 -0.692
387.706 -0.693
387.799 -0.694
387.893 -0.695
387.987 -0.696
388.083 -0.697
388.179 -0.698
388.276 -0.699
388.373 -0.7
388.471 -0.701
388.568 -0.702
388.666 -0.703
388.763 -0.704
388.861 -0.705
388.959 -0.706
389.058 -0.707
389.156 -0.708
389.255 -0.709
389.354 -0.71
389.453 -0.711
389.553 -0.712
389.653 -0.713
389.753 -0.714
389.853 -0.715
389.953 -0.716
390.054 -0.717
390.155 -0.718
390.257 -0.719
390.36 -0.72
390.463 -0.721
390.567 -0.722
390.671 -0.723
390.775 -0.724
390.88 -0.725
390.984 -0.726
391.089 -0.727
391.193 -0.728
391.3 -0.729
391.407 -0.73
391.516 -0.731
391.624 -0.732
391.733 -0.733
391.845 -0.734
391.958 -0.735
392.071 -0.736
392.184 -0.737
392.297 -0.738
392.41 -0.739
392.524 -0.74
392.638 -0.741
392.751 -0.742
392.866 -0.743
392.98 -0.744
393.094 -0.745
393.209 -0.746
393.324 -0.747
393.439 -0.748
393.554 -0.749
393.669 -0.75
393.785 -0.751
393.9 -0.752
394.016 -0.753
394.132 -0.754
394.249 -0.755
394.365 -0.756
394.482 -0.757
394.598 -0.758
394.715 -0.759
394.832 -0.76
394.949 -0.761
395.067 -0.762
395.186 -0.763
395.304 -0.764
395.422 -0.765
395.541 -0.766
395.66 -0.767
395.78 -0.768
395.901 -0.769
396.023 -0.77
396.145 -0.771
396.268 -0.772
396.391 -0.773
396.514 -0.774
396.637 -0.775
396.761 -0.776
396.885 -0.777
397.009 -0.778
397.133 -0.779
397.257 -0.78
397.382 -0.781
397.507 -0.782
397.632 -0.783
397.757 -0.784
397.883 -0.785
398.008 -0.786
398.134 -0.787
398.26 -0.788
398.386 -0.789
398.512 -0.79
398.639 -0.791
398.765 -0.792
398.892 -0.793
399.019 -0.794
399.146 -0.795
399.273 -0.796
399.401 -0.797
399.529 -0.798
399.657 -0.799
399.785 -0.8
399.913 -0.801
400.041 -0.802
400.169 -0.803
400.298 -0.804
400.427 -0.805
400.555 -0.806
400.684 -0.807
400.814 -0.808
400.943 -0.809
401.072 -0.81
401.202 -0.811
401.332 -0.812
401.463 -0.813
401.593 -0.814
401.724 -0.815
401.855 -0.816
401.986 -0.817
402.117 -0.818
402.249 -0.819
402.382 -0.82
402.514 -0.821
402.647 -0.822
402.78 -0.823
402.914 -0.824
403.049 -0.825
403.183 -0.826
403.318 -0.827
403.454 -0.828
403.59 -0.829
403.727 -0.83
403.864 -0.831
404.001 -0.832
404.138 -0.833
404.275 -0.834
404.413 -0.835
404.551 -0.836
404.689 -0.837
404.827 -0.838
404.966 -0.839
405.105 -0.84
405.243 -0.841
405.383 -0.842
405.522 -0.843
405.662 -0.844
405.802 -0.845
405.942 -0.846
406.083 -0.847
406.223 -0.848
406.364 -0.849
406.506 -0.85
406.647 -0.851
406.789 -0.852
406.93 -0.853
407.072 -0.854
407.214 -0.855
407.357 -0.856
407.499 -0.857
407.642 -0.858
407.785 -0.859
407.929 -0.86
408.072 -0.861
408.217 -0.862
408.361 -0.863
408.506 -0.864
408.652 -0.865
408.797 -0.866
408.943 -0.867
409.089 -0.868
409.235 -0.869
409.381 -0.87
409.528 -0.871
409.675 -0.872
409.822 -0.873
409.969 -0.874
410.117 -0.875
410.265 -0.876
410.414 -0.877
410.562 -0.878
410.711 -0.879
410.861 -0.88
411.01 -0.881
411.16 -0.882
411.31 -0.883
411.461 -0.884
411.612 -0.885
411.763 -0.886
411.914 -0.887
412.066 -0.888
412.218 -0.889
412.37 -0.89
412.522 -0.891
412.675 -0.892
412.829 -0.893
412.982 -0.894
413.136 -0.895
413.29 -0.896
413.444 -0.897
413.599 -0.898
413.754 -0.899
413.909 -0.9
