7.01152 -0.001
14.0189 -0.002
21.0222 -0.003
28.0212 -0.004
35.0161 -0.005
42.0068 -0.006
48.9933 -0.007
55.9755 -0.008
62.9535 -0.009
69.9271 -0.01
76.8965 -0.011
83.8615 -0.012
90.8222 -0.013
97.7785 -0.014
104.73 -0.015
111.678 -0.016
118.621 -0.017
125.559 -0.018
132.494 -0.019
139.423 -0.02
146.348 -0.021
153.269 -0.022
160.185 -0.023
167.096 -0.024
174.003 -0.025
180.905 -0.026
187.802 -0.027
194.695 -0.028
201.582 -0.029
208.466 -0.03
215.344 -0.031
222.218 -0.032
229.086 -0.033
235.95 -0.034
242.809 -0.035
249.663 -0.036
256.512 -0.037
263.356 -0.038
270.196 -0.039
277.027 -0.04
283.777 -0.041
290.249 -0.042
296.154 -0.043
301.767 -0.044
307.317 -0.045
312.766 -0.046
318.066 -0.047
323.127 -0.048
327.993 -0.049
332.436 -0.05
336.22 -0.051
338.909 -0.052
340.887 -0.053
342.848 -0.054
344.787 -0.055
346.676 -0.056
348.495 -0.057
350.212 -0.058
351.8 -0.059
353.234 -0.06
354.462 -0.061
355.478 -0.062
356.079 -0.063
356.403 -0.064
356.702 -0.065
356.987 -0.066
357.266 -0.067
357.539 -0.068
357.811 -0.069
358.082 -0.07
358.353 -0.071
358.622 -0.072
358.891 -0.073
359.16 -0.074
359.425 -0.075
359.688 -0.076
359.948 -0.077
360.204 -0.078
360.455 -0.079
360.699 -0.08
360.938 -0.081
361.173 -0.082
361.403 -0.083
361.629 -0.084
361.85 -0.085
362.065 -0.086
362.272 -0.087
362.473 -0.088
362.669 -0.089
362.861 -0.09
363.047 -0.091
363.227 -0.092
363.402 -0.093
363.569 -0.094
363.728 -0.095
363.881 -0.096
364.03 -0.097
364.176 -0.098
364.318 -0.099
364.458 -0.1
364.596 -0.101
364.733 -0.102
364.868 -0.103
365.002 -0.104
365.134 -0.105
365.265 -0.106
365.395 -0.107
365.524 -0.108
365.651 -0.109
365.777 -0.11
365.901 -0.111
366.025 -0.112
366.148 -0.113
366.27 -0.114
366.389 -0.115
366.508 -0.116
366.624 -0.117
366.741 -0.118
366.856 -0.119
366.97 -0.12
367.082 -0.121
367.193 -0.122
367.304 -0.123
367.414 -0.124
367.523 -0.125
367.632 -0.126
367.74 -0.127
367.846 -0.128
367.952 -0.129
368.057 -0.13
368.161 -0.131
368.265 -0.132
368.367 -0.133
368.47 -0.134
368.571 -0.135
368.672 -0.136
368.772 -0.137
368.871 -0.138
368.97 -0.139
369.068 -0.14
369.166 -0.141
369.262 -0.142
369.357 -0.143
369.452 -0.144
369.546 -0.145
369.638 -0.146
369.73 -0.147
369.821 -0.148
369.912 -0.149
370.002 -0.15
370.092 -0.151
370.182 -0.152
370.272 -0.153
370.36 -0.154
370.447 -0.155
370.535 -0.156
370.622 -0.157
370.707 -0.158
370.792 -0.159
370.877 -0.16
370.961 -0.161
371.045 -0.162
371.128 -0.163
371.212 -0.164
371.295 -0.165
371.377 -0.166
371.459 -0.167
371.541 -0.168
371.623 -0.169
371.705 -0.17
371.786 -0.171
371.865 -0.172
371.945 -0.173
372.024 -0.174
372.103 -0.175
372.181 -0.176
372.258 -0.177
372.335 -0.178
372.411 -0.179
372.488 -0.18
372.563 -0.181
372.638 -0.182
372.714 -0.183
372.789 -0.184
372.864 -0.185
372.938 -0.186
373.012 -0.187
373.086 -0.188
373.159 -0.189
373.233 -0.19
373.306 -0.191
373.378 -0.192
373.45 -0.193
373.521 -0.194
373.593 -0.195
373.664 -0.196
373.734 -0.197
373.803 -0.198
373.872 -0.199
373.941 -0.2
374.01 -0.201
374.078 -0.202
374.146 -0.203
374.214 -0.204
374.282 -0.205
374.349 -0.206
374.417 -0.207
374.484 -0.208
374.55 -0.209
374.616 -0.21
374.682 -0.211
374.747 -0.212
374.812 -0.213
374.877 -0.214
374.942 -0.215
375.006 -0.216
375.07 -0.217
375.133 -0.218
375.197 -0.219
375.26 -0.22
375.323 -0.221
375.385 -0.222
375.448 -0.223
375.51 -0.224
375.572 -0.225
375.633 -0.226
375.695 -0.227
375.756 -0.228
375.817 -0.229
375.878 -0.23
375.939 -0.231
376 -0.232
376.061 -0.233
376.121 -0.234
376.182 -0.235
376.242 -0.236
376.303 -0.237
376.363 -0.238
376.423 -0.239
376.483 -0.24
376.544 -0.241
376.604 -0.242
376.664 -0.243
376.723 -0.244
376.783 -0.245
376.842 -0.246
376.902 -0.247
376.961 -0.248
377.021 -0.249
377.08 -0.25
377.14 -0.251
377.199 -0.252
377.259 -0.253
377.318 -0.254
377.378 -0.255
377.437 -0.256
377.496 -0.257
377.556 -0.258
377.615 -0.259
377.675 -0.26
377.734 -0.261
377.794 -0.262
377.853 -0.263
377.912 -0.264
377.972 -0.265
378.031 -0.266
378.091 -0.267
378.15 -0.268
378.209 -0.269
378.269 -0.27
378.328 -0.271
378.387 -0.272
378.447 -0.273
378.506 -0.274
378.565 -0.275
378.625 -0.276
378.684 -0.277
378.743 -0.278
378.803 -0.279
378.862 -0.28
378.921 -0.281
378.981 -0.282
379.04 -0.283
379.099 -0.284
379.159 -0.285
379.218 -0.286
379.277 -0.287
379.337 -0.288
379.396 -0.289
379.455 -0.29
379.514 -0.291
379.574 -0.292
379.633 -0.293
379.692 -0.294
379.752 -0.295
379.811 -0.296
379.87 -0.297
379.929 -0.298
379.989 -0.299
380.048 -0.3
380.107 -0.301
380.166 -0.302
380.226 -0.303
380.285 -0.304
380.344 -0.305
380.403 -0.306
380.463 -0.307
380.522 -0.308
380.581 -0.309
380.64 -0.31
380.7 -0.311
380.759 -0.312
380.818 -0.313
380.877 -0.314
380.936 -0.315
380.996 -0.316
381.055 -0.317
381.114 -0.318
381.173 -0.319
381.232 -0.32
381.292 -0.321
381.351 -0.322
381.41 -0.323
381.469 -0.324
381.528 -0.325
381.588 -0.326
381.647 -0.327
381.706 -0.328
381.765 -0.329
381.824 -0.33
381.884 -0.331
381.943 -0.332
382.002 -0.333
382.061 -0.334
382.12 -0.335
382.179 -0.336
382.239 -0.337
382.298 -0.338
382.357 -0.339
382.416 -0.34
382.475 -0.341
382.534 -0.342
382.594 -0.343
382.653 -0.344
382.712 -0.345
382.771 -0.346
382.83 -0.347
382.889 -0.348
382.949 -0.349
383.008 -0.35
383.067 -0.351
383.126 -0.352
383.185 -0.353
383.244 -0.354
383.304 -0.355
383.363 -0.356
383.422 -0.357
383.481 -0.358
383.54 -0.359
383.599 -0.36
383.658 -0.361
383.718 -0.362
383.777 -0.363
383.836 -0.364
383.895 -0.365
383.954 -0.366
384.013 -0.367
384.072 -0.368
384.132 -0.369
384.191 -0.37
384.25 -0.371
384.309 -0.372
384.368 -0.373
384.427 -0.374
384.486 -0.375
384.546 -0.376
384.605 -0.377
384.664 -0.378
384.723 -0.379
384.782 -0.38
384.841 -0.381
384.9 -0.382
384.96 -0.383
385.019 -0.384
385.078 -0.385
385.137 -0.386
385.196 -0.387
385.255 -0.388
385.315 -0.389
385.374 -0.39
385.433 -0.391
385.492 -0.392
385.551 -0.393
385.61 -0.394
385.669 -0.395
385.729 -0.396
385.788 -0.397
385.847 -0.398
385.906 -0.399
385.965 -0.4
386.024 -0.401
386.084 -0.402
386.143 -0.403
386.202 -0.404
386.261 -0.405
386.32 -0.406
386.379 -0.407
386.439 -0.408
386.498 -0.409
386.557 -0.41
386.616 -0.411
386.675 -0.412
386.734 -0.413
386.794 -0.414
386.853 -0.415
386.912 -0.416
386.971 -0.417
387.03 -0.418
387.089 -0.419
387.149 -0.42
387.208 -0.421
387.267 -0.422
387.326 -0.423
387.385 -0.424
387.445 -0.425
387.504 -0.426
387.563 -0.427
387.622 -0.428
387.681 -0.429
387.741 -0.43
387.8 -0.431
387.859 -0.432
387.918 -0.433
387.978 -0.434
388.037 -0.435
388.096 -0.436
388.155 -0.437
388.214 -0.438
388.274 -0.439
388.333 -0.44
388.392 -0.441
388.451 -0.442
388.511 -0.443
388.57 -0.444
388.629 -0.445
388.688 -0.446
388.748 -0.447
388.807 -0.448
388.866 -0.449
388.925 -0.45
388.985 -0.451
389.044 -0.452
389.103 -0.453
389.162 -0.454
389.222 -0.455
389.281 -0.456
389.34 -0.457
389.4 -0.458
389.459 -0.459
389.518 -0.46
389.578 -0.461
389.637 -0.462
389.696 -0.463
389.755 -0.464
389.815 -0.465
389.874 -0.466
389.933 -0.467
389.993 -0.468
390.052 -0.469
390.111 -0.47
390.171 -0.471
390.23 -0.472
390.289 -0.473
390.349 -0.474
390.408 -0.475
390.467 -0.476
390.527 -0.477
390.586 -0.478
390.646 -0.479
390.705 -0.48
390.764 -0.481
390.824 -0.482
390.883 -0.483
390.943 -0.484
391.002 -0.485
391.061 -0.486
391.121 -0.487
391.18 -0.488
391.24 -0.489
391.299 -0.49
391.358 -0.491
391.418 -0.492
391.477 -0.493
391.537 -0.494
391.596 -0.495
391.656 -0.496
391.715 -0.497
391.775 -0.498
391.834 -0.499
391.893 -0.5
391.953 -0.501
392.012 -0.502
392.072 -0.503
392.131 -0.504
392.191 -0.505
392.25 -0.506
392.31 -0.507
392.369 -0.508
392.429 -0.509
392.488 -0.51
392.548 -0.511
392.607 -0.512
392.667 -0.513
392.727 -0.514
392.786 -0.515
392.846 -0.516
392.905 -0.517
392.965 -0.518
393.024 -0.519
393.084 -0.52
393.144 -0.521
393.203 -0.522
393.263 -0.523
393.322 -0.524
393.382 -0.525
393.442 -0.526
393.501 -0.527
393.561 -0.528
393.62 -0.529
393.68 -0.53
393.74 -0.531
393.799 -0.532
393.859 -0.533
393.919 -0.534
393.978 -0.535
394.038 -0.536
394.098 -0.537
394.157 -0.538
394.217 -0.539
394.277 -0.54
394.337 -0.541
394.396 -0.542
394.456 -0.543
394.516 -0.544
394.575 -0.545
394.635 -0.546
394.695 -0.547
394.755 -0.548
394.814 -0.549
394.874 -0.55
394.934 -0.551
394.994 -0.552
395.054 -0.553
395.113 -0.554
395.173 -0.555
395.233 -0.556
395.293 -0.557
395.353 -0.558
395.413 -0.559
395.472 -0.56
395.532 -0.561
395.592 -0.562
395.652 -0.563
395.712 -0.564
395.772 -0.565
395.832 -0.566
395.892 -0.567
395.951 -0.568
396.011 -0.569
396.071 -0.57
396.131 -0.571
396.191 -0.572
396.251 -0.573
396.311 -0.574
396.371 -0.575
396.431 -0.576
396.491 -0.577
396.551 -0.578
396.611 -0.579
396.671 -0.58
396.731 -0.581
396.791 -0.582
396.851 -0.583
396.911 -0.584
396.971 -0.585
397.031 -0.586
397.091 -0.587
397.151 -0.588
397.211 -0.589
397.271 -0.59
397.332 -0.591
397.392 -0.592
397.452 -0.593
397.512 -0.594
397.572 -0.595
397.632 -0.596
397.692 -0.597
397.752 -0.598
397.813 -0.599
397.873 -0.6
397.933 -0.601
397.993 -0.602
398.053 -0.603
398.114 -0.604
398.174 -0.605
398.234 -0.606
398.294 -0.607
398.354 -0.608
398.415 -0.609
398.475 -0.61
398.535 -0.611
398.596 -0.612
398.656 -0.613
398.716 -0.614
398.776 -0.615
398.837 -0.616
398.897 -0.617
398.957 -0.618
399.018 -0.619
399.078 -0.62
399.139 -0.621
399.199 -0.622
399.259 -0.623
399.32 -0.624
399.38 -0.625
399.441 -0.626
399.501 -0.627
399.561 -0.628
399.622 -0.629
399.682 -0.63
399.743 -0.631
399.803 -0.632
399.864 -0.633
399.924 -0.634
399.985 -0.635
400.045 -0.636
400.106 -0.637
400.166 -0.638
400.227 -0.639
400.287 -0.64
400.348 -0.641
400.409 -0.642
400.469 -0.643
400.53 -0.644
400.59 -0.645
400.651 -0.646
400.712 -0.647
400.772 -0.648
400.833 -0.649
400.894 -0.65
400.954 -0.651
401.015 -0.652
401.076 -0.653
401.136 -0.654
401.197 -0.655
401.258 -0.656
401.319 -0.657
401.379 -0.658
401.44 -0.659
401.501 -0.66
401.562 -0.661
401.623 -0.662
401.683 -0.663
401.744 -0.664
401.805 -0.665
401.866 -0.666
401.927 -0.667
401.988 -0.668
402.049 -0.669
402.109 -0.67
402.17 -0.671
402.231 -0.672
402.292 -0.673
402.353 -0.674
402.414 -0.675
402.475 -0.676
402.536 -0.677
402.597 -0.678
402.658 -0.679
402.719 -0.68
402.78 -0.681
402.841 -0.682
402.902 -0.683
402.963 -0.684
403.024 -0.685
403.085 -0.686
403.146 -0.687
403.207 -0.688
403.269 -0.689
403.33 -0.69
403.391 -0.691
403.452 -0.692
403.513 -0.693
403.574 -0.694
403.636 -0.695
403.697 -0.696
403.758 -0.697
403.819 -0.698
403.88 -0.699
403.942 -0.7
404.003 -0.701
404.064 -0.702
404.125 -0.703
404.187 -0.704
404.248 -0.705
404.309 -0.706
404.371 -0.707
404.432 -0.708
404.493 -0.709
404.555 -0.71
404.616 -0.711
404.678 -0.712
404.739 -0.713
404.8 -0.714
404.862 -0.715
404.923 -0.716
404.985 -0.717
405.046 -0.718
405.108 -0.719
405.169 -0.72
405.231 -0.721
405.292 -0.722
405.354 -0.723
405.415 -0.724
405.477 -0.725
405.539 -0.726
405.6 -0.727
405.662 -0.728
405.723 -0.729
405.785 -0.73
405.847 -0.731
405.908 -0.732
405.97 -0.733
406.032 -0.734
406.093 -0.735
406.155 -0.736
406.217 -0.737
406.279 -0.738
406.34 -0.739
406.402 -0.74
406.464 -0.741
406.526 -0.742
406.588 -0.743
406.649 -0.744
406.711 -0.745
406.773 -0.746
406.835 -0.747
406.897 -0.748
406.959 -0.749
407.021 -0.75
407.083 -0.751
407.145 -0.752
407.207 -0.753
407.269 -0.754
407.331 -0.755
407.393 -0.756
407.455 -0.757
407.517 -0.758
407.579 -0.759
407.641 -0.76
407.703 -0.761
407.765 -0.762
407.827 -0.763
407.889 -0.764
407.951 -0.765
408.013 -0.766
408.076 -0.767
408.138 -0.768
408.2 -0.769
408.262 -0.77
408.324 -0.771
408.387 -0.772
408.449 -0.773
408.511 -0.774
408.573 -0.775
408.636 -0.776
408.698 -0.777
408.76 -0.778
408.823 -0.779
408.885 -0.78
408.947 -0.781
409.01 -0.782
409.072 -0.783
409.135 -0.784
409.197 -0.785
409.26 -0.786
409.322 -0.787
409.385 -0.788
409.447 -0.789
409.51 -0.79
409.572 -0.791
409.635 -0.792
409.697 -0.793
409.76 -0.794
409.822 -0.795
409.885 -0.796
409.948 -0.797
410.01 -0.798
410.073 -0.799
410.136 -0.8
410.198 -0.801
410.261 -0.802
410.324 -0.803
410.387 -0.804
410.449 -0.805
410.512 -0.806
410.575 -0.807
410.638 -0.808
410.701 -0.809
410.763 -0.81
410.826 -0.811
410.889 -0.812
410.952 -0.813
411.015 -0.814
411.078 -0.815
411.141 -0.816
411.204 -0.817
411.267 -0.818
411.33 -0.819
411.393 -0.82
411.456 -0.821
411.519 -0.822
411.582 -0.823
411.645 -0.824
411.708 -0.825
411.771 -0.826
411.834 -0.827
411.898 -0.828
411.961 -0.829
412.024 -0.83
412.087 -0.831
412.15 -0.832
412.214 -0.833
412.277 -0.834
412.34 -0.835
412.403 -0.836
412.467 -0.837
412.53 -0.838
412.593 -0.839
412.657 -0.84
412.72 -0.841
412.784 -0.842
412.847 -0.843
412.91 -0.844
412.974 -0.845
413.037 -0.846
413.101 -0.847
413.164 -0.848
413.228 -0.849
413.292 -0.85
413.355 -0.851
413.419 -0.852
413.482 -0.853
413.546 -0.854
413.61 -0.855
413.673 -0.856
413.737 -0.857
413.801 -0.858
413.864 -0.859
413.928 -0.86
413.992 -0.861
414.055 -0.862
414.119 -0.863
414.183 -0.864
414.247 -0.865
414.311 -0.866
414.375 -0.867
414.438 -0.868
414.502 -0.869
414.566 -0.87
414.63 -0.871
414.694 -0.872
414.758 -0.873
414.822 -0.874
414.886 -0.875
414.95 -0.876
415.014 -0.877
415.078 -0.878
415.142 -0.879
415.206 -0.88
415.271 -0.881
415.335 -0.882
415.399 -0.883
415.463 -0.884
415.527 -0.885
415.592 -0.886
415.656 -0.887
415.72 -0.888
415.784 -0.889
415.849 -0.89
415.913 -0.891
415.977 -0.892
416.042 -0.893
416.106 -0.894
416.17 -0.895
416.235 -0.896
416.299 -0.897
416.364 -0.898
416.428 -0.899
416.493 -0.9
416.557 -0.901
416.622 -0.902
416.686 -0.903
416.751 -0.904
416.815 -0.905
416.88 -0.906
416.945 -0.907
417.009 -0.908
417.074 -0.909
417.139 -0.91
417.203 -0.911
417.268 -0.912
417.333 -0.913
417.398 -0.914
417.463 -0.915
417.527 -0.916
417.592 -0.917
417.657 -0.918
417.722 -0.919
417.787 -0.92
417.852 -0.921
417.917 -0.922
417.982 -0.923
418.047 -0.924
418.112 -0.925
418.177 -0.926
418.242 -0.927
418.307 -0.928
418.372 -0.929
418.437 -0.93
418.502 -0.931
418.567 -0.932
418.632 -0.933
418.698 -0.934
418.763 -0.935
418.828 -0.936
418.893 -0.937
418.959 -0.938
419.024 -0.939
419.089 -0.94
419.154 -0.941
419.22 -0.942
419.285 -0.943
419.351 -0.944
419.416 -0.945
419.481 -0.946
419.547 -0.947
419.612 -0.948
419.678 -0.949
419.743 -0.95
419.809 -0.951
419.875 -0.952
419.94 -0.953
420.006 -0.954
420.071 -0.955
420.137 -0.956
420.203 -0.957
420.268 -0.958
420.334 -0.959
420.4 -0.96
420.466 -0.961
420.532 -0.962
420.597 -0.963
420.663 -0.964
420.729 -0.965
420.795 -0.966
420.861 -0.967
420.927 -0.968
420.993 -0.969
421.059 -0.97
421.125 -0.971
421.191 -0.972
421.257 -0.973
421.323 -0.974
421.389 -0.975
421.455 -0.976
421.521 -0.977
421.587 -0.978
421.653 -0.979
421.72 -0.98
421.786 -0.981
421.852 -0.982
421.918 -0.983
421.985 -0.984
422.051 -0.985
422.117 -0.986
422.184 -0.987
422.25 -0.988
422.316 -0.989
422.383 -0.99
422.449 -0.991
422.516 -0.992
422.582 -0.993
422.649 -0.994
422.715 -0.995
422.782 -0.996
422.849 -0.997
422.915 -0.998
422.982 -0.999
423.049 -1
423.115 -1.001
423.182 -1.002
423.249 -1.003
423.315 -1.004
423.382 -1.005
423.449 -1.006
423.516 -1.007
423.583 -1.008
423.65 -1.009
423.716 -1.01
423.783 -1.011
423.85 -1.012
423.917 -1.013
423.984 -1.014
424.051 -1.015
424.118 -1.016
424.185 -1.017
424.252 -1.018
424.319 -1.019
424.386 -1.02
424.453 -1.021
424.52 -1.022
424.588 -1.023
424.655 -1.024
424.722 -1.025
424.789 -1.026
424.856 -1.027
424.924 -1.028
424.991 -1.029
425.058 -1.03
425.126 -1.031
425.193 -1.032
425.26 -1.033
425.328 -1.034
425.395 -1.035
425.463 -1.036
425.53 -1.037
425.598 -1.038
425.665 -1.039
425.733 -1.04
425.8 -1.041
425.868 -1.042
425.935 -1.043
426.003 -1.044
426.071 -1.045
426.138 -1.046
426.206 -1.047
426.274 -1.048
426.341 -1.049
426.409 -1.05
426.477 -1.051
426.545 -1.052
426.613 -1.053
426.681 -1.054
426.748 -1.055
426.816 -1.056
426.884 -1.057
426.952 -1.058
427.02 -1.059
427.088 -1.06
427.156 -1.061
427.224 -1.062
427.293 -1.063
427.361 -1.064
427.429 -1.065
427.497 -1.066
427.565 -1.067
427.633 -1.068
427.702 -1.069
427.77 -1.07
427.838 -1.071
427.907 -1.072
427.975 -1.073
428.043 -1.074
428.112 -1.075
428.18 -1.076
428.249 -1.077
428.317 -1.078
428.386 -1.079
428.454 -1.08
428.523 -1.081
428.591 -1.082
428.66 -1.083
428.729 -1.084
428.797 -1.085
428.866 -1.086
428.935 -1.087
429.003 -1.088
429.072 -1.089
429.141 -1.09
429.21 -1.091
429.279 -1.092
429.348 -1.093
429.417 -1.094
429.486 -1.095
429.554 -1.096
429.623 -1.097
429.692 -1.098
429.762 -1.099
429.831 -1.1
429.9 -1.101
429.969 -1.102
430.038 -1.103
430.107 -1.104
430.176 -1.105
430.246 -1.106
430.315 -1.107
430.384 -1.108
430.453 -1.109
430.523 -1.11
430.592 -1.111
430.662 -1.112
430.731 -1.113
430.8 -1.114
430.87 -1.115
430.939 -1.116
431.009 -1.117
431.079 -1.118
431.148 -1.119
431.218 -1.12
431.287 -1.121
431.357 -1.122
431.427 -1.123
431.497 -1.124
431.566 -1.125
431.636 -1.126
431.706 -1.127
431.776 -1.128
431.845 -1.129
431.915 -1.13
431.985 -1.131
432.054 -1.132
432.124 -1.133
432.194 -1.134
432.263 -1.135
432.333 -1.136
432.403 -1.137
432.473 -1.138
432.543 -1.139
432.612 -1.14
432.682 -1.141
432.752 -1.142
432.822 -1.143
432.892 -1.144
432.962 -1.145
433.032 -1.146
433.102 -1.147
433.172 -1.148
433.242 -1.149
433.312 -1.15
433.382 -1.151
433.452 -1.152
433.523 -1.153
433.593 -1.154
433.663 -1.155
433.733 -1.156
433.804 -1.157
433.874 -1.158
433.944 -1.159
434.015 -1.16
434.085 -1.161
434.155 -1.162
434.226 -1.163
434.296 -1.164
434.367 -1.165
434.437 -1.166
434.508 -1.167
434.579 -1.168
434.649 -1.169
434.72 -1.17
434.791 -1.171
434.861 -1.172
434.932 -1.173
435.003 -1.174
435.074 -1.175
435.144 -1.176
435.215 -1.177
435.286 -1.178
435.357 -1.179
435.428 -1.18
435.499 -1.181
435.57 -1.182
435.641 -1.183
435.712 -1.184
435.783 -1.185
435.854 -1.186
435.925 -1.187
435.997 -1.188
436.068 -1.189
436.139 -1.19
436.209 -1.191
436.28 -1.192
436.351 -1.193
436.422 -1.194
436.493 -1.195
436.565 -1.196
436.636 -1.197
436.707 -1.198
436.778 -1.199
436.849 -1.2
436.92 -1.201
436.992 -1.202
437.063 -1.203
437.134 -1.204
437.206 -1.205
437.277 -1.206
437.348 -1.207
437.42 -1.208
437.491 -1.209
437.563 -1.21
437.634 -1.211
437.706 -1.212
437.777 -1.213
437.849 -1.214
437.92 -1.215
437.992 -1.216
438.064 -1.217
438.135 -1.218
438.207 -1.219
438.279 -1.22
438.351 -1.221
438.423 -1.222
438.494 -1.223
438.566 -1.224
438.638 -1.225
438.71 -1.226
438.782 -1.227
438.854 -1.228
438.926 -1.229
438.998 -1.23
439.07 -1.231
439.143 -1.232
439.215 -1.233
439.287 -1.234
439.359 -1.235
439.431 -1.236
439.504 -1.237
439.576 -1.238
439.648 -1.239
439.721 -1.24
439.793 -1.241
439.865 -1.242
439.938 -1.243
440.01 -1.244
440.083 -1.245
440.156 -1.246
440.228 -1.247
440.301 -1.248
440.373 -1.249
440.446 -1.25
440.519 -1.251
440.591 -1.252
440.664 -1.253
440.737 -1.254
440.81 -1.255
440.883 -1.256
440.956 -1.257
441.029 -1.258
441.102 -1.259
441.174 -1.26
441.248 -1.261
441.321 -1.262
441.394 -1.263
441.467 -1.264
441.54 -1.265
441.613 -1.266
441.686 -1.267
441.759 -1.268
441.833 -1.269
441.906 -1.27
441.979 -1.271
442.053 -1.272
442.126 -1.273
442.199 -1.274
442.273 -1.275
442.346 -1.276
442.42 -1.277
442.493 -1.278
442.567 -1.279
442.641 -1.28
442.714 -1.281
442.788 -1.282
442.862 -1.283
442.935 -1.284
443.009 -1.285
443.083 -1.286
443.157 -1.287
443.231 -1.288
443.305 -1.289
443.378 -1.29
443.452 -1.291
443.525 -1.292
443.599 -1.293
443.672 -1.294
443.746 -1.295
443.819 -1.296
443.893 -1.297
443.966 -1.298
444.04 -1.299
444.113 -1.3
