12.5425 -0.001
25.076 -0.002
37.6005 -0.003
50.1159 -0.004
62.6222 -0.005
75.1194 -0.006
87.6074 -0.007
100.086 -0.008
112.556 -0.009
125.016 -0.01
137.466 -0.011
149.907 -0.012
162.339 -0.013
174.761 -0.014
187.174 -0.015
199.577 -0.016
211.97 -0.017
224.353 -0.018
236.727 -0.019
249.09 -0.02
261.444 -0.021
273.788 -0.022
286.121 -0.023
298.445 -0.024
310.758 -0.025
323.061 -0.026
335.354 -0.027
347.636 -0.028
359.908 -0.029
372.17 -0.03
384.421 -0.031
396.661 -0.032
408.89 -0.033
421.109 -0.034
433.317 -0.035
445.514 -0.036
457.7 -0.037
469.875 -0.038
482.039 -0.039
494.191 -0.04
506.332 -0.041
518.462 -0.042
530.536 -0.043
542.233 -0.044
553.06 -0.045
563.351 -0.046
572.923 -0.047
581.323 -0.048
588.1 -0.049
592.449 -0.05
596.376 -0.051
600.274 -0.052
604.128 -0.053
607.948 -0.054
611.729 -0.055
615.471 -0.056
619.183 -0.057
622.86 -0.058
626.488 -0.059
630.075 -0.06
633.603 -0.061
637.073 -0.062
640.436 -0.063
643.673 -0.064
646.788 -0.065
649.714 -0.066
652.427 -0.067
654.91 -0.068
657.164 -0.069
659.132 -0.07
660.667 -0.071
661.673 -0.072
662.414 -0.073
663.148 -0.074
663.875 -0.075
664.589 -0.076
665.287 -0.077
665.974 -0.078
666.644 -0.079
667.293 -0.08
667.922 -0.081
668.535 -0.082
669.123 -0.083
669.694 -0.084
670.242 -0.085
670.768 -0.086
671.27 -0.087
671.757 -0.088
672.233 -0.089
672.696 -0.09
673.144 -0.091
673.584 -0.092
674.02 -0.093
674.448 -0.094
674.873 -0.095
675.297 -0.096
675.717 -0.097
676.137 -0.098
676.554 -0.099
676.967 -0.1
677.377 -0.101
677.784 -0.102
678.186 -0.103
678.58 -0.104
678.97 -0.105
679.352 -0.106
679.732 -0.107
680.105 -0.108
680.471 -0.109
680.834 -0.11
681.185 -0.111
681.531 -0.112
681.874 -0.113
682.203 -0.114
682.531 -0.115
682.856 -0.116
683.17 -0.117
683.478 -0.118
683.777 -0.119
684.072 -0.12
684.364 -0.121
684.643 -0.122
684.918 -0.123
685.186 -0.124
685.446 -0.125
685.701 -0.126
685.948 -0.127
686.191 -0.128
686.433 -0.129
686.67 -0.13
686.901 -0.131
687.128 -0.132
687.352 -0.133
687.571 -0.134
687.788 -0.135
688.004 -0.136
688.217 -0.137
688.429 -0.138
688.641 -0.139
688.852 -0.14
689.06 -0.141
689.268 -0.142
689.475 -0.143
689.681 -0.144
689.886 -0.145
690.09 -0.146
690.294 -0.147
690.497 -0.148
690.7 -0.149
690.902 -0.15
691.102 -0.151
691.3 -0.152
691.497 -0.153
691.694 -0.154
691.89 -0.155
692.086 -0.156
692.281 -0.157
692.475 -0.158
692.669 -0.159
692.862 -0.16
693.055 -0.161
693.248 -0.162
693.438 -0.163
693.628 -0.164
693.818 -0.165
694.004 -0.166
694.189 -0.167
694.373 -0.168
694.556 -0.169
694.739 -0.17
694.922 -0.171
695.103 -0.172
695.284 -0.173
695.465 -0.174
695.644 -0.175
695.824 -0.176
696.002 -0.177
696.179 -0.178
696.356 -0.179
696.532 -0.18
696.707 -0.181
696.881 -0.182
697.054 -0.183
697.226 -0.184
697.393 -0.185
697.556 -0.186
697.717 -0.187
697.876 -0.188
698.035 -0.189
698.192 -0.19
698.347 -0.191
698.5 -0.192
698.652 -0.193
698.803 -0.194
698.953 -0.195
699.101 -0.196
699.248 -0.197
699.393 -0.198
699.536 -0.199
699.68 -0.2
699.822 -0.201
699.96 -0.202
700.098 -0.203
700.233 -0.204
700.364 -0.205
700.494 -0.206
700.623 -0.207
700.752 -0.208
700.88 -0.209
701.005 -0.21
701.131 -0.211
701.255 -0.212
701.379 -0.213
701.503 -0.214
701.625 -0.215
701.746 -0.216
701.866 -0.217
701.985 -0.218
702.104 -0.219
702.222 -0.22
702.338 -0.221
702.453 -0.222
702.567 -0.223
702.68 -0.224
702.792 -0.225
702.903 -0.226
703.014 -0.227
703.124 -0.228
703.234 -0.229
703.344 -0.23
703.454 -0.231
703.563 -0.232
703.671 -0.233
703.78 -0.234
703.888 -0.235
703.996 -0.236
704.104 -0.237
704.212 -0.238
704.32 -0.239
704.428 -0.24
704.535 -0.241
704.643 -0.242
704.751 -0.243
704.858 -0.244
704.964 -0.245
705.069 -0.246
705.173 -0.247
705.278 -0.248
705.382 -0.249
705.486 -0.25
705.591 -0.251
705.695 -0.252
705.799 -0.253
705.902 -0.254
706.006 -0.255
706.109 -0.256
706.213 -0.257
706.316 -0.258
706.42 -0.259
706.523 -0.26
706.626 -0.261
706.73 -0.262
706.833 -0.263
706.937 -0.264
707.04 -0.265
707.143 -0.266
707.247 -0.267
707.35 -0.268
707.453 -0.269
707.557 -0.27
707.66 -0.271
707.762 -0.272
707.865 -0.273
707.967 -0.274
708.07 -0.275
708.173 -0.276
708.275 -0.277
708.378 -0.278
708.48 -0.279
708.582 -0.28
708.685 -0.281
708.787 -0.282
708.889 -0.283
708.991 -0.284
709.093 -0.285
709.195 -0.286
709.297 -0.287
709.399 -0.288
709.501 -0.289
709.603 -0.29
709.705 -0.291
709.807 -0.292
709.909 -0.293
710.011 -0.294
710.113 -0.295
710.215 -0.296
710.317 -0.297
710.418 -0.298
710.52 -0.299
710.622 -0.3
710.724 -0.301
710.826 -0.302
710.928 -0.303
711.03 -0.304
711.132 -0.305
711.234 -0.306
711.336 -0.307
711.437 -0.308
711.538 -0.309
711.639 -0.31
711.74 -0.311
711.841 -0.312
711.943 -0.313
712.044 -0.314
712.145 -0.315
712.246 -0.316
712.347 -0.317
712.448 -0.318
712.549 -0.319
712.65 -0.32
712.751 -0.321
712.852 -0.322
712.953 -0.323
713.054 -0.324
713.154 -0.325
713.255 -0.326
713.356 -0.327
713.457 -0.328
713.557 -0.329
713.658 -0.33
713.759 -0.331
713.859 -0.332
713.96 -0.333
714.061 -0.334
714.162 -0.335
714.262 -0.336
714.363 -0.337
714.464 -0.338
714.565 -0.339
714.666 -0.34
714.766 -0.341
714.867 -0.342
714.968 -0.343
715.069 -0.344
715.169 -0.345
715.27 -0.346
715.371 -0.347
715.472 -0.348
715.573 -0.349
715.674 -0.35
715.774 -0.351
715.875 -0.352
715.975 -0.353
716.075 -0.354
716.175 -0.355
716.276 -0.356
716.376 -0.357
716.476 -0.358
716.576 -0.359
716.676 -0.36
716.777 -0.361
716.877 -0.362
716.977 -0.363
717.077 -0.364
717.177 -0.365
717.278 -0.366
717.378 -0.367
717.478 -0.368
717.578 -0.369
717.678 -0.37
717.778 -0.371
717.878 -0.372
717.978 -0.373
718.078 -0.374
718.178 -0.375
718.278 -0.376
718.378 -0.377
718.478 -0.378
718.578 -0.379
718.678 -0.38
718.778 -0.381
718.878 -0.382
718.978 -0.383
719.078 -0.384
719.178 -0.385
719.278 -0.386
719.378 -0.387
719.478 -0.388
719.578 -0.389
719.678 -0.39
719.778 -0.391
719.878 -0.392
719.978 -0.393
720.078 -0.394
720.178 -0.395
720.279 -0.396
720.379 -0.397
720.479 -0.398
720.579 -0.399
720.679 -0.4
720.779 -0.401
720.879 -0.402
720.978 -0.403
721.078 -0.404
721.177 -0.405
721.276 -0.406
721.376 -0.407
721.475 -0.408
721.574 -0.409
721.674 -0.41
721.773 -0.411
721.872 -0.412
721.971 -0.413
722.071 -0.414
722.17 -0.415
722.269 -0.416
722.369 -0.417
722.468 -0.418
722.567 -0.419
722.667 -0.42
722.766 -0.421
722.865 -0.422
722.965 -0.423
723.064 -0.424
723.163 -0.425
723.262 -0.426
723.362 -0.427
723.461 -0.428
723.56 -0.429
723.66 -0.43
723.759 -0.431
723.858 -0.432
723.958 -0.433
724.057 -0.434
724.156 -0.435
724.256 -0.436
724.355 -0.437
724.454 -0.438
724.554 -0.439
724.653 -0.44
724.752 -0.441
724.852 -0.442
724.951 -0.443
725.051 -0.444
725.15 -0.445
725.249 -0.446
725.349 -0.447
725.448 -0.448
725.547 -0.449
725.647 -0.45
725.746 -0.451
725.846 -0.452
725.945 -0.453
726.044 -0.454
726.144 -0.455
726.243 -0.456
726.343 -0.457
726.442 -0.458
726.541 -0.459
726.641 -0.46
726.74 -0.461
726.84 -0.462
726.939 -0.463
727.038 -0.464
727.138 -0.465
727.237 -0.466
727.337 -0.467
727.436 -0.468
727.536 -0.469
727.635 -0.47
727.735 -0.471
727.834 -0.472
727.934 -0.473
728.033 -0.474
728.133 -0.475
728.232 -0.476
728.332 -0.477
728.431 -0.478
728.531 -0.479
728.63 -0.48
728.73 -0.481
728.829 -0.482
728.929 -0.483
729.028 -0.484
729.128 -0.485
729.227 -0.486
729.327 -0.487
729.426 -0.488
729.526 -0.489
729.626 -0.49
729.725 -0.491
729.825 -0.492
729.924 -0.493
730.024 -0.494
730.123 -0.495
730.223 -0.496
730.322 -0.497
730.422 -0.498
730.522 -0.499
730.621 -0.5
730.721 -0.501
730.82 -0.502
730.92 -0.503
731.019 -0.504
731.119 -0.505
731.219 -0.506
731.318 -0.507
731.418 -0.508
731.517 -0.509
731.617 -0.51
731.717 -0.511
731.816 -0.512
731.916 -0.513
732.015 -0.514
732.115 -0.515
732.215 -0.516
732.314 -0.517
732.414 -0.518
732.514 -0.519
732.613 -0.52
732.713 -0.521
732.813 -0.522
732.912 -0.523
733.012 -0.524
733.112 -0.525
733.211 -0.526
733.311 -0.527
733.411 -0.528
733.51 -0.529
733.61 -0.53
733.71 -0.531
733.81 -0.532
733.909 -0.533
734.009 -0.534
734.109 -0.535
734.209 -0.536
734.308 -0.537
734.408 -0.538
734.508 -0.539
734.608 -0.54
734.708 -0.541
734.807 -0.542
734.907 -0.543
735.007 -0.544
735.107 -0.545
735.207 -0.546
735.307 -0.547
735.406 -0.548
735.506 -0.549
735.606 -0.55
735.706 -0.551
735.806 -0.552
735.906 -0.553
736.006 -0.554
736.105 -0.555
736.205 -0.556
736.305 -0.557
736.405 -0.558
736.505 -0.559
736.604 -0.56
736.704 -0.561
736.804 -0.562
736.904 -0.563
737.004 -0.564
737.104 -0.565
737.203 -0.566
737.303 -0.567
737.403 -0.568
737.503 -0.569
737.603 -0.57
737.703 -0.571
737.803 -0.572
737.903 -0.573
738.003 -0.574
738.103 -0.575
738.202 -0.576
738.302 -0.577
738.402 -0.578
738.502 -0.579
738.602 -0.58
738.702 -0.581
738.802 -0.582
738.902 -0.583
739.002 -0.584
739.102 -0.585
739.202 -0.586
739.302 -0.587
739.402 -0.588
739.502 -0.589
739.602 -0.59
739.702 -0.591
739.802 -0.592
739.902 -0.593
740.002 -0.594
740.102 -0.595
740.202 -0.596
740.302 -0.597
740.402 -0.598
740.502 -0.599
740.602 -0.6
740.702 -0.601
740.802 -0.602
740.902 -0.603
741.002 -0.604
741.102 -0.605
741.202 -0.606
741.302 -0.607
741.402 -0.608
741.502 -0.609
741.602 -0.61
741.702 -0.611
741.802 -0.612
741.902 -0.613
742.002 -0.614
742.102 -0.615
742.202 -0.616
742.302 -0.617
742.402 -0.618
742.502 -0.619
742.602 -0.62
742.702 -0.621
742.802 -0.622
742.902 -0.623
743.002 -0.624
743.102 -0.625
743.202 -0.626
743.302 -0.627
743.402 -0.628
743.501 -0.629
743.601 -0.63
743.701 -0.631
743.8 -0.632
743.9 -0.633
743.999 -0.634
744.099 -0.635
744.199 -0.636
744.298 -0.637
744.398 -0.638
744.497 -0.639
744.597 -0.64
744.696 -0.641
744.796 -0.642
744.895 -0.643
744.995 -0.644
745.094 -0.645
745.194 -0.646
745.293 -0.647
745.393 -0.648
745.492 -0.649
745.592 -0.65
745.691 -0.651
745.79 -0.652
745.89 -0.653
745.989 -0.654
746.088 -0.655
746.188 -0.656
746.287 -0.657
746.386 -0.658
746.485 -0.659
746.584 -0.66
746.684 -0.661
746.783 -0.662
746.882 -0.663
746.981 -0.664
747.08 -0.665
747.179 -0.666
747.278 -0.667
747.377 -0.668
747.476 -0.669
747.575 -0.67
747.674 -0.671
747.773 -0.672
747.872 -0.673
747.971 -0.674
748.069 -0.675
748.168 -0.676
748.267 -0.677
748.365 -0.678
748.464 -0.679
748.563 -0.68
748.661 -0.681
748.759 -0.682
748.858 -0.683
748.956 -0.684
749.054 -0.685
749.152 -0.686
749.25 -0.687
749.348 -0.688
749.446 -0.689
749.544 -0.69
749.641 -0.691
749.739 -0.692
749.836 -0.693
749.933 -0.694
750.03 -0.695
750.127 -0.696
750.223 -0.697
750.319 -0.698
750.415 -0.699
750.51 -0.7
750.605 -0.701
750.699 -0.702
750.793 -0.703
750.885 -0.704
750.976 -0.705
751.064 -0.706
751.144 -0.707
751.207 -0.708
751.249 -0.709
751.255 -0.71
751.247 -0.711
751.247 -0.712
751.242 -0.713
751.296 -0.714
751.366 -0.715
751.465 -0.716
751.571 -0.717
751.705 -0.718
751.823 -0.719
751.943 -0.72
752.059 -0.721
752.156 -0.722
752.247 -0.723
752.339 -0.724
752.432 -0.725
752.525 -0.726
752.617 -0.727
752.71 -0.728
752.803 -0.729
752.895 -0.73
752.988 -0.731
753.081 -0.732
753.175 -0.733
753.269 -0.734
753.364 -0.735
753.459 -0.736
753.553 -0.737
753.648 -0.738
753.743 -0.739
753.837 -0.74
753.932 -0.741
754.027 -0.742
754.122 -0.743
754.216 -0.744
754.311 -0.745
754.406 -0.746
754.501 -0.747
754.596 -0.748
754.691 -0.749
754.786 -0.75
754.881 -0.751
754.976 -0.752
755.071 -0.753
755.166 -0.754
755.261 -0.755
755.356 -0.756
755.451 -0.757
755.546 -0.758
755.641 -0.759
755.736 -0.76
755.831 -0.761
755.927 -0.762
756.022 -0.763
756.117 -0.764
756.212 -0.765
756.308 -0.766
756.403 -0.767
756.498 -0.768
756.594 -0.769
756.689 -0.77
756.785 -0.771
756.88 -0.772
756.976 -0.773
757.071 -0.774
757.167 -0.775
757.262 -0.776
757.358 -0.777
757.453 -0.778
757.549 -0.779
757.645 -0.78
757.74 -0.781
757.836 -0.782
757.932 -0.783
758.027 -0.784
758.123 -0.785
758.219 -0.786
758.315 -0.787
758.41 -0.788
758.506 -0.789
758.602 -0.79
758.698 -0.791
758.794 -0.792
758.89 -0.793
758.986 -0.794
759.082 -0.795
759.178 -0.796
759.274 -0.797
759.37 -0.798
759.466 -0.799
759.562 -0.8
759.658 -0.801
759.754 -0.802
759.85 -0.803
759.946 -0.804
760.043 -0.805
760.139 -0.806
760.235 -0.807
760.331 -0.808
760.428 -0.809
760.524 -0.81
760.62 -0.811
760.717 -0.812
760.813 -0.813
760.91 -0.814
761.006 -0.815
761.102 -0.816
761.199 -0.817
761.295 -0.818
761.392 -0.819
761.489 -0.82
761.585 -0.821
761.682 -0.822
761.779 -0.823
761.875 -0.824
761.972 -0.825
762.069 -0.826
762.166 -0.827
762.262 -0.828
762.359 -0.829
762.456 -0.83
762.553 -0.831
762.65 -0.832
762.747 -0.833
762.844 -0.834
762.941 -0.835
763.038 -0.836
763.135 -0.837
763.232 -0.838
763.329 -0.839
763.426 -0.84
763.523 -0.841
763.62 -0.842
763.718 -0.843
763.815 -0.844
763.912 -0.845
764.009 -0.846
764.107 -0.847
764.203 -0.848
764.3 -0.849
764.397 -0.85
764.493 -0.851
764.589 -0.852
764.686 -0.853
764.781 -0.854
764.877 -0.855
764.973 -0.856
765.069 -0.857
765.164 -0.858
765.259 -0.859
765.355 -0.86
765.45 -0.861
765.545 -0.862
765.639 -0.863
765.734 -0.864
765.829 -0.865
765.923 -0.866
766.017 -0.867
766.111 -0.868
766.205 -0.869
766.298 -0.87
766.392 -0.871
766.486 -0.872
766.579 -0.873
766.673 -0.874
766.766 -0.875
766.859 -0.876
766.953 -0.877
767.046 -0.878
767.139 -0.879
767.232 -0.88
767.325 -0.881
767.418 -0.882
767.511 -0.883
767.604 -0.884
767.696 -0.885
767.789 -0.886
767.881 -0.887
767.974 -0.888
768.066 -0.889
768.158 -0.89
768.25 -0.891
768.342 -0.892
768.434 -0.893
768.525 -0.894
768.617 -0.895
768.708 -0.896
768.799 -0.897
768.89 -0.898
768.981 -0.899
769.071 -0.9
769.161 -0.901
769.251 -0.902
769.341 -0.903
769.431 -0.904
769.52 -0.905
769.609 -0.906
769.697 -0.907
769.786 -0.908
769.873 -0.909
769.961 -0.91
770.047 -0.911
770.134 -0.912
770.219 -0.913
770.304 -0.914
770.388 -0.915
770.471 -0.916
770.553 -0.917
770.634 -0.918
770.713 -0.919
770.789 -0.92
770.863 -0.921
770.932 -0.922
770.996 -0.923
771.051 -0.924
771.096 -0.925
771.131 -0.926
771.154 -0.927
771.163 -0.928
771.184 -0.929
771.236 -0.93
771.324 -0.931
771.429 -0.932
771.547 -0.933
771.666 -0.934
771.783 -0.935
771.884 -0.936
771.977 -0.937
772.07 -0.938
772.165 -0.939
772.26 -0.94
772.355 -0.941
772.45 -0.942
772.545 -0.943
772.641 -0.944
772.736 -0.945
772.831 -0.946
772.926 -0.947
773.021 -0.948
773.116 -0.949
773.212 -0.95
773.308 -0.951
773.405 -0.952
773.501 -0.953
773.597 -0.954
773.693 -0.955
773.789 -0.956
773.885 -0.957
773.981 -0.958
774.077 -0.959
774.172 -0.96
774.268 -0.961
774.363 -0.962
774.459 -0.963
774.555 -0.964
774.651 -0.965
774.747 -0.966
774.844 -0.967
774.941 -0.968
775.039 -0.969
775.136 -0.97
775.234 -0.971
775.332 -0.972
775.43 -0.973
775.528 -0.974
775.626 -0.975
775.724 -0.976
775.823 -0.977
775.921 -0.978
776.019 -0.979
776.118 -0.98
776.217 -0.981
776.316 -0.982
776.415 -0.983
776.514 -0.984
776.613 -0.985
776.713 -0.986
776.812 -0.987
776.912 -0.988
777.011 -0.989
777.11 -0.99
777.21 -0.991
777.309 -0.992
777.408 -0.993
777.507 -0.994
777.606 -0.995
777.705 -0.996
777.804 -0.997
777.903 -0.998
778.003 -0.999
778.102 -1
778.201 -1.001
778.3 -1.002
778.399 -1.003
778.498 -1.004
778.597 -1.005
778.697 -1.006
778.796 -1.007
778.895 -1.008
778.994 -1.009
779.093 -1.01
779.192 -1.011
779.292 -1.012
779.391 -1.013
779.49 -1.014
779.589 -1.015
779.687 -1.016
779.786 -1.017
779.885 -1.018
779.984 -1.019
780.082 -1.02
780.181 -1.021
780.28 -1.022
780.378 -1.023
780.477 -1.024
780.575 -1.025
780.674 -1.026
780.772 -1.027
780.871 -1.028
780.969 -1.029
781.067 -1.03
781.166 -1.031
781.264 -1.032
781.362 -1.033
781.46 -1.034
781.559 -1.035
781.657 -1.036
781.755 -1.037
781.853 -1.038
781.951 -1.039
782.049 -1.04
782.147 -1.041
782.244 -1.042
782.342 -1.043
782.439 -1.044
782.536 -1.045
782.633 -1.046
782.73 -1.047
782.826 -1.048
782.923 -1.049
783.019 -1.05
783.116 -1.051
783.212 -1.052
783.308 -1.053
783.403 -1.054
783.499 -1.055
783.594 -1.056
783.689 -1.057
783.784 -1.058
783.879 -1.059
783.973 -1.06
784.067 -1.061
784.16 -1.062
784.253 -1.063
784.346 -1.064
784.438 -1.065
784.53 -1.066
784.621 -1.067
784.711 -1.068
784.799 -1.069
784.885 -1.07
784.969 -1.071
785.049 -1.072
785.127 -1.073
785.201 -1.074
785.268 -1.075
785.325 -1.076
785.369 -1.077
785.401 -1.078
785.421 -1.079
785.438 -1.08
785.44 -1.081
785.43 -1.082
785.419 -1.083
785.392 -1.084
785.356 -1.085
785.362 -1.086
785.482 -1.087
785.587 -1.088
785.693 -1.089
785.796 -1.09
785.894 -1.091
785.989 -1.092
786.114 -1.093
786.268 -1.094
786.422 -1.095
786.574 -1.096
786.727 -1.097
786.876 -1.098
787.014 -1.099
787.123 -1.1
787.225 -1.101
787.328 -1.102
787.43 -1.103
787.533 -1.104
787.635 -1.105
787.738 -1.106
787.84 -1.107
787.943 -1.108
788.046 -1.109
788.15 -1.11
788.255 -1.111
788.359 -1.112
788.464 -1.113
788.569 -1.114
788.674 -1.115
788.779 -1.116
788.884 -1.117
788.989 -1.118
789.094 -1.119
789.199 -1.12
789.304 -1.121
789.409 -1.122
789.514 -1.123
789.619 -1.124
789.724 -1.125
789.83 -1.126
789.935 -1.127
790.04 -1.128
790.145 -1.129
790.251 -1.13
790.356 -1.131
790.462 -1.132
790.567 -1.133
790.673 -1.134
790.778 -1.135
790.883 -1.136
790.988 -1.137
791.093 -1.138
791.198 -1.139
791.303 -1.14
791.408 -1.141
791.513 -1.142
791.618 -1.143
791.724 -1.144
791.829 -1.145
791.934 -1.146
792.039 -1.147
792.145 -1.148
792.25 -1.149
792.355 -1.15
792.461 -1.151
792.566 -1.152
792.671 -1.153
792.776 -1.154
792.881 -1.155
792.986 -1.156
793.091 -1.157
793.196 -1.158
793.301 -1.159
793.406 -1.16
793.511 -1.161
793.616 -1.162
793.721 -1.163
793.826 -1.164
793.931 -1.165
794.036 -1.166
794.141 -1.167
794.245 -1.168
794.35 -1.169
794.455 -1.17
794.561 -1.171
794.666 -1.172
794.772 -1.173
794.878 -1.174
794.984 -1.175
795.09 -1.176
795.196 -1.177
795.302 -1.178
795.408 -1.179
795.514 -1.18
795.62 -1.181
795.726 -1.182
795.832 -1.183
795.938 -1.184
796.044 -1.185
796.151 -1.186
796.257 -1.187
796.363 -1.188
796.469 -1.189
796.576 -1.19
796.682 -1.191
796.788 -1.192
796.894 -1.193
797 -1.194
797.106 -1.195
797.212 -1.196
797.319 -1.197
797.425 -1.198
797.531 -1.199
797.637 -1.2
797.743 -1.201
797.849 -1.202
797.955 -1.203
798.061 -1.204
798.167 -1.205
798.274 -1.206
798.38 -1.207
798.486 -1.208
798.592 -1.209
798.698 -1.21
798.804 -1.211
798.91 -1.212
799.017 -1.213
799.123 -1.214
799.229 -1.215
799.335 -1.216
799.441 -1.217
799.547 -1.218
799.653 -1.219
799.759 -1.22
799.866 -1.221
799.972 -1.222
800.078 -1.223
800.184 -1.224
800.29 -1.225
800.396 -1.226
800.503 -1.227
800.609 -1.228
800.715 -1.229
800.821 -1.23
800.927 -1.231
801.034 -1.232
801.14 -1.233
801.246 -1.234
801.352 -1.235
801.458 -1.236
801.564 -1.237
801.671 -1.238
801.777 -1.239
801.883 -1.24
801.989 -1.241
802.095 -1.242
802.201 -1.243
802.308 -1.244
802.414 -1.245
802.52 -1.246
802.626 -1.247
802.732 -1.248
802.838 -1.249
802.944 -1.25
803.05 -1.251
803.156 -1.252
803.262 -1.253
803.368 -1.254
803.474 -1.255
803.58 -1.256
803.685 -1.257
803.791 -1.258
803.897 -1.259
804.003 -1.26
804.11 -1.261
804.216 -1.262
804.323 -1.263
804.429 -1.264
804.535 -1.265
804.641 -1.266
804.746 -1.267
804.852 -1.268
804.958 -1.269
805.063 -1.27
805.169 -1.271
805.274 -1.272
805.379 -1.273
805.485 -1.274
805.59 -1.275
805.695 -1.276
805.8 -1.277
805.904 -1.278
806.009 -1.279
806.114 -1.28
806.219 -1.281
806.323 -1.282
806.428 -1.283
806.533 -1.284
806.638 -1.285
806.743 -1.286
806.848 -1.287
806.953 -1.288
807.058 -1.289
807.163 -1.29
807.267 -1.291
807.372 -1.292
807.477 -1.293
807.581 -1.294
807.686 -1.295
807.79 -1.296
807.895 -1.297
807.999 -1.298
808.103 -1.299
808.207 -1.3
