7.69538 -0.001
15.3813 -0.002
23.0579 -0.003
30.7252 -0.004
38.3829 -0.005
46.0311 -0.006
53.6697 -0.007
61.2986 -0.008
68.9177 -0.009
76.5269 -0.01
84.1263 -0.011
91.7156 -0.012
99.2948 -0.013
106.864 -0.014
114.423 -0.015
121.971 -0.016
129.509 -0.017
137.036 -0.018
144.553 -0.019
152.06 -0.02
159.555 -0.021
167.039 -0.022
174.513 -0.023
181.975 -0.024
189.426 -0.025
196.866 -0.026
204.294 -0.027
211.711 -0.028
219.116 -0.029
226.51 -0.03
233.891 -0.031
241.047 -0.032
247.594 -0.033
252.903 -0.034
257.796 -0.035
262.411 -0.036
266.177 -0.037
269.24 -0.038
272.303 -0.039
275.326 -0.04
278.332 -0.041
281.318 -0.042
284.297 -0.043
287.269 -0.044
290.245 -0.045
293.222 -0.046
296.197 -0.047
299.169 -0.048
302.109 -0.049
304.996 -0.05
307.747 -0.051
310.407 -0.052
312.862 -0.053
315.191 -0.054
317.223 -0.055
318.968 -0.056
320.709 -0.057
322.445 -0.058
324.176 -0.059
325.892 -0.06
327.599 -0.061
329.293 -0.062
330.967 -0.063
332.636 -0.064
334.298 -0.065
335.93 -0.066
337.556 -0.067
339.18 -0.068
340.786 -0.069
342.385 -0.07
343.97 -0.071
345.548 -0.072
347.125 -0.073
348.701 -0.074
350.277 -0.075
351.851 -0.076
353.425 -0.077
354.995 -0.078
356.562 -0.079
358.126 -0.08
359.686 -0.081
361.242 -0.082
362.795 -0.083
364.339 -0.084
365.878 -0.085
367.41 -0.086
368.936 -0.087
370.458 -0.088
371.967 -0.089
373.462 -0.09
374.926 -0.091
376.329 -0.092
377.671 -0.093
378.943 -0.094
380.122 -0.095
381.209 -0.096
382.184 -0.097
383.113 -0.098
383.919 -0.099
384.576 -0.1
385.106 -0.101
385.484 -0.102
385.83 -0.103
386.164 -0.104
386.482 -0.105
386.789 -0.106
387.081 -0.107
387.362 -0.108
387.623 -0.109
387.875 -0.11
388.12 -0.111
388.359 -0.112
388.596 -0.113
388.824 -0.114
389.05 -0.115
389.272 -0.116
389.487 -0.117
389.699 -0.118
389.909 -0.119
390.118 -0.12
390.324 -0.121
390.527 -0.122
390.727 -0.123
390.921 -0.124
391.113 -0.125
391.301 -0.126
391.486 -0.127
391.668 -0.128
391.847 -0.129
392.021 -0.13
392.195 -0.131
392.364 -0.132
392.53 -0.133
392.694 -0.134
392.855 -0.135
393.01 -0.136
393.164 -0.137
393.317 -0.138
393.462 -0.139
393.602 -0.14
393.741 -0.141
393.879 -0.142
394.01 -0.143
394.138 -0.144
394.265 -0.145
394.387 -0.146
394.508 -0.147
394.627 -0.148
394.743 -0.149
394.854 -0.15
394.965 -0.151
395.075 -0.152
395.18 -0.153
395.282 -0.154
395.383 -0.155
395.482 -0.156
395.579 -0.157
395.676 -0.158
395.769 -0.159
395.862 -0.16
395.954 -0.161
396.045 -0.162
396.134 -0.163
396.22 -0.164
396.306 -0.165
396.391 -0.166
396.475 -0.167
396.558 -0.168
396.638 -0.169
396.718 -0.17
396.797 -0.171
396.876 -0.172
396.954 -0.173
397.029 -0.174
397.103 -0.175
397.178 -0.176
397.251 -0.177
397.324 -0.178
397.397 -0.179
397.469 -0.18
397.541 -0.181
397.612 -0.182
397.683 -0.183
397.753 -0.184
397.823 -0.185
397.892 -0.186
397.96 -0.187
398.028 -0.188
398.096 -0.189
398.163 -0.19
398.229 -0.191
398.294 -0.192
398.359 -0.193
398.422 -0.194
398.486 -0.195
398.549 -0.196
398.611 -0.197
398.673 -0.198
398.734 -0.199
398.795 -0.2
398.855 -0.201
398.914 -0.202
398.974 -0.203
399.032 -0.204
399.09 -0.205
399.148 -0.206
399.202 -0.207
399.256 -0.208
399.308 -0.209
399.36 -0.21
399.411 -0.211
399.462 -0.212
399.512 -0.213
399.562 -0.214
399.61 -0.215
399.658 -0.216
399.705 -0.217
399.751 -0.218
399.797 -0.219
399.842 -0.22
399.887 -0.221
399.931 -0.222
399.975 -0.223
400.017 -0.224
400.059 -0.225
400.1 -0.226
400.14 -0.227
400.18 -0.228
400.219 -0.229
400.258 -0.23
400.296 -0.231
400.334 -0.232
400.371 -0.233
400.406 -0.234
400.441 -0.235
400.475 -0.236
400.508 -0.237
400.54 -0.238
400.571 -0.239
400.601 -0.24
400.628 -0.241
400.655 -0.242
400.68 -0.243
400.704 -0.244
400.727 -0.245
400.749 -0.246
400.77 -0.247
400.791 -0.248
400.81 -0.249
400.829 -0.25
400.848 -0.251
400.87 -0.252
400.892 -0.253
400.913 -0.254
400.935 -0.255
400.961 -0.256
400.987 -0.257
401.013 -0.258
401.039 -0.259
401.064 -0.26
401.089 -0.261
401.114 -0.262
401.139 -0.263
401.163 -0.264
401.187 -0.265
401.211 -0.266
401.235 -0.267
401.258 -0.268
401.281 -0.269
401.304 -0.27
401.327 -0.271
401.349 -0.272
401.371 -0.273
401.393 -0.274
401.414 -0.275
401.435 -0.276
401.456 -0.277
401.477 -0.278
401.498 -0.279
401.518 -0.28
401.538 -0.281
401.558 -0.282
401.578 -0.283
401.597 -0.284
401.616 -0.285
401.635 -0.286
401.654 -0.287
401.672 -0.288
401.691 -0.289
401.709 -0.29
401.727 -0.291
401.745 -0.292
401.762 -0.293
401.78 -0.294
401.797 -0.295
401.814 -0.296
401.831 -0.297
401.848 -0.298
401.865 -0.299
401.881 -0.3
401.898 -0.301
401.914 -0.302
401.93 -0.303
401.946 -0.304
401.962 -0.305
401.977 -0.306
401.993 -0.307
402.008 -0.308
402.023 -0.309
402.038 -0.31
402.053 -0.311
402.067 -0.312
402.081 -0.313
402.095 -0.314
402.109 -0.315
402.123 -0.316
402.136 -0.317
402.15 -0.318
402.163 -0.319
402.176 -0.32
402.189 -0.321
402.202 -0.322
402.215 -0.323
402.227 -0.324
402.239 -0.325
402.251 -0.326
402.262 -0.327
402.274 -0.328
402.285 -0.329
402.296 -0.33
402.307 -0.331
402.318 -0.332
402.329 -0.333
402.339 -0.334
402.35 -0.335
402.36 -0.336
402.37 -0.337
402.38 -0.338
402.39 -0.339
402.399 -0.34
402.409 -0.341
402.418 -0.342
402.427 -0.343
402.436 -0.344
402.446 -0.345
402.455 -0.346
402.464 -0.347
402.473 -0.348
402.482 -0.349
402.491 -0.35
402.499 -0.351
402.507 -0.352
402.515 -0.353
402.524 -0.354
402.533 -0.355
402.542 -0.356
402.55 -0.357
402.559 -0.358
402.569 -0.359
402.579 -0.36
402.589 -0.361
402.599 -0.362
402.608 -0.363
402.618 -0.364
402.628 -0.365
402.637 -0.366
402.647 -0.367
402.656 -0.368
402.665 -0.369
402.674 -0.37
402.683 -0.371
402.692 -0.372
402.701 -0.373
402.71 -0.374
402.718 -0.375
402.727 -0.376
402.735 -0.377
402.744 -0.378
402.752 -0.379
402.76 -0.38
402.768 -0.381
402.776 -0.382
402.784 -0.383
402.791 -0.384
402.799 -0.385
402.806 -0.386
402.813 -0.387
402.821 -0.388
402.828 -0.389
402.835 -0.39
402.841 -0.391
402.848 -0.392
402.854 -0.393
402.861 -0.394
402.867 -0.395
402.872 -0.396
402.878 -0.397
402.884 -0.398
402.889 -0.399
402.894 -0.4
402.899 -0.401
402.904 -0.402
402.909 -0.403
402.913 -0.404
402.917 -0.405
402.921 -0.406
402.924 -0.407
402.927 -0.408
402.93 -0.409
402.932 -0.41
402.934 -0.411
402.936 -0.412
402.938 -0.413
402.939 -0.414
402.94 -0.415
402.94 -0.416
402.94 -0.417
402.939 -0.418
402.937 -0.419
402.936 -0.42
402.933 -0.421
402.93 -0.422
402.926 -0.423
402.921 -0.424
402.915 -0.425
402.907 -0.426
402.899 -0.427
402.889 -0.428
402.877 -0.429
402.863 -0.43
402.846 -0.431
402.826 -0.432
402.802 -0.433
402.775 -0.434
402.743 -0.435
402.706 -0.436
402.665 -0.437
402.618 -0.438
402.565 -0.439
402.508 -0.44
402.444 -0.441
402.385 -0.442
402.334 -0.443
402.279 -0.444
402.219 -0.445
402.166 -0.446
402.118 -0.447
402.067 -0.448
402.012 -0.449
401.96 -0.45
401.914 -0.451
401.867 -0.452
401.816 -0.453
401.768 -0.454
401.729 -0.455
401.69 -0.456
401.651 -0.457
401.611 -0.458
401.585 -0.459
401.56 -0.46
401.536 -0.461
401.513 -0.462
401.494 -0.463
401.483 -0.464
401.473 -0.465
401.464 -0.466
401.457 -0.467
401.451 -0.468
401.445 -0.469
401.44 -0.47
401.435 -0.471
401.43 -0.472
401.423 -0.473
401.416 -0.474
401.408 -0.475
401.4 -0.476
401.391 -0.477
401.381 -0.478
401.37 -0.479
401.359 -0.48
401.346 -0.481
401.332 -0.482
401.317 -0.483
401.301 -0.484
401.291 -0.485
401.281 -0.486
401.27 -0.487
401.258 -0.488
401.246 -0.489
401.233 -0.49
401.22 -0.491
401.206 -0.492
401.191 -0.493
401.18 -0.494
401.169 -0.495
401.158 -0.496
401.146 -0.497
401.133 -0.498
401.119 -0.499
401.105 -0.5
401.09 -0.501
401.082 -0.502
401.076 -0.503
401.071 -0.504
401.068 -0.505
401.067 -0.506
401.067 -0.507
401.075 -0.508
401.087 -0.509
401.1 -0.51
401.116 -0.511
401.132 -0.512
401.149 -0.513
401.17 -0.514
401.191 -0.515
401.21 -0.516
401.229 -0.517
401.247 -0.518
401.269 -0.519
401.29 -0.52
401.311 -0.521
401.33 -0.522
401.347 -0.523
401.364 -0.524
401.378 -0.525
401.393 -0.526
401.409 -0.527
401.425 -0.528
401.442 -0.529
401.459 -0.53
401.477 -0.531
401.495 -0.532
401.514 -0.533
401.534 -0.534
401.554 -0.535
401.575 -0.536
401.596 -0.537
401.617 -0.538
401.638 -0.539
401.658 -0.54
401.679 -0.541
401.7 -0.542
401.72 -0.543
401.741 -0.544
401.761 -0.545
401.781 -0.546
401.801 -0.547
401.821 -0.548
401.841 -0.549
401.86 -0.55
401.878 -0.551
401.897 -0.552
401.914 -0.553
401.931 -0.554
401.947 -0.555
401.961 -0.556
401.974 -0.557
401.986 -0.558
401.995 -0.559
402.003 -0.56
402.008 -0.561
402.011 -0.562
402.012 -0.563
402.01 -0.564
402.006 -0.565
401.999 -0.566
401.989 -0.567
401.98 -0.568
401.983 -0.569
401.984 -0.57
401.984 -0.571
401.983 -0.572
401.992 -0.573
402 -0.574
402.007 -0.575
402.013 -0.576
402.028 -0.577
402.043 -0.578
402.057 -0.579
402.072 -0.58
402.095 -0.581
402.119 -0.582
402.142 -0.583
402.173 -0.584
402.205 -0.585
402.236 -0.586
402.269 -0.587
402.306 -0.588
402.343 -0.589
402.378 -0.59
402.412 -0.591
402.445 -0.592
402.475 -0.593
402.507 -0.594
402.54 -0.595
402.574 -0.596
402.609 -0.597
402.646 -0.598
402.685 -0.599
402.723 -0.6
402.762 -0.601
402.802 -0.602
402.841 -0.603
402.881 -0.604
402.92 -0.605
402.96 -0.606
403 -0.607
403.041 -0.608
403.081 -0.609
403.122 -0.61
403.163 -0.611
403.204 -0.612
403.245 -0.613
403.287 -0.614
403.329 -0.615
403.371 -0.616
403.413 -0.617
403.455 -0.618
403.498 -0.619
403.541 -0.62
403.584 -0.621
403.627 -0.622
403.67 -0.623
403.714 -0.624
403.758 -0.625
403.802 -0.626
403.846 -0.627
403.891 -0.628
403.935 -0.629
403.98 -0.63
404.025 -0.631
404.071 -0.632
404.116 -0.633
404.162 -0.634
404.208 -0.635
404.254 -0.636
404.3 -0.637
404.346 -0.638
404.393 -0.639
404.44 -0.64
404.486 -0.641
404.534 -0.642
404.581 -0.643
404.628 -0.644
404.676 -0.645
404.723 -0.646
404.771 -0.647
404.819 -0.648
404.867 -0.649
404.918 -0.65
404.971 -0.651
405.027 -0.652
405.085 -0.653
405.146 -0.654
405.208 -0.655
405.27 -0.656
405.333 -0.657
405.396 -0.658
405.459 -0.659
405.522 -0.66
405.586 -0.661
405.649 -0.662
405.713 -0.663
405.777 -0.664
405.842 -0.665
405.906 -0.666
405.971 -0.667
406.036 -0.668
406.101 -0.669
406.167 -0.67
406.232 -0.671
406.298 -0.672
406.364 -0.673
406.43 -0.674
406.496 -0.675
406.562 -0.676
406.629 -0.677
406.695 -0.678
406.761 -0.679
406.828 -0.68
406.894 -0.681
406.96 -0.682
407.027 -0.683
407.093 -0.684
407.158 -0.685
407.223 -0.686
407.288 -0.687
407.353 -0.688
407.417 -0.689
407.481 -0.69
407.544 -0.691
407.606 -0.692
407.667 -0.693
407.727 -0.694
407.786 -0.695
407.843 -0.696
407.899 -0.697
407.953 -0.698
408.005 -0.699
408.055 -0.7
408.103 -0.701
408.148 -0.702
408.19 -0.703
408.229 -0.704
408.264 -0.705
408.294 -0.706
408.317 -0.707
408.339 -0.708
408.362 -0.709
408.385 -0.71
408.409 -0.711
408.433 -0.712
408.457 -0.713
408.482 -0.714
408.507 -0.715
408.532 -0.716
408.558 -0.717
408.584 -0.718
408.61 -0.719
408.637 -0.72
408.664 -0.721
408.692 -0.722
408.72 -0.723
408.748 -0.724
408.777 -0.725
408.806 -0.726
408.836 -0.727
408.866 -0.728
408.896 -0.729
408.93 -0.73
408.976 -0.731
409.028 -0.732
409.08 -0.733
409.132 -0.734
409.185 -0.735
409.238 -0.736
409.292 -0.737
409.346 -0.738
409.4 -0.739
409.468 -0.74
409.551 -0.741
409.643 -0.742
409.736 -0.743
409.828 -0.744
409.921 -0.745
410.015 -0.746
410.109 -0.747
410.203 -0.748
410.298 -0.749
410.393 -0.75
410.487 -0.751
410.58 -0.752
410.67 -0.753
410.766 -0.754
410.863 -0.755
410.964 -0.756
411.066 -0.757
411.17 -0.758
411.275 -0.759
411.382 -0.76
411.49 -0.761
411.598 -0.762
411.708 -0.763
411.818 -0.764
411.929 -0.765
412.04 -0.766
412.153 -0.767
412.266 -0.768
412.379 -0.769
412.494 -0.77
412.609 -0.771
412.727 -0.772
412.846 -0.773
412.966 -0.774
413.087 -0.775
413.209 -0.776
413.331 -0.777
413.454 -0.778
413.577 -0.779
413.7 -0.78
413.824 -0.781
413.948 -0.782
414.073 -0.783
414.198 -0.784
414.323 -0.785
414.449 -0.786
414.575 -0.787
414.702 -0.788
414.829 -0.789
414.957 -0.79
415.084 -0.791
415.213 -0.792
415.341 -0.793
415.47 -0.794
415.6 -0.795
415.73 -0.796
415.86 -0.797
415.991 -0.798
416.122 -0.799
416.253 -0.8
416.385 -0.801
416.517 -0.802
416.65 -0.803
416.783 -0.804
416.917 -0.805
417.051 -0.806
417.185 -0.807
417.32 -0.808
417.455 -0.809
417.591 -0.81
417.727 -0.811
417.863 -0.812
417.999 -0.813
418.136 -0.814
418.273 -0.815
418.41 -0.816
418.548 -0.817
418.686 -0.818
418.825 -0.819
418.964 -0.82
419.104 -0.821
419.244 -0.822
419.384 -0.823
419.526 -0.824
419.668 -0.825
419.81 -0.826
419.953 -0.827
420.097 -0.828
420.241 -0.829
420.385 -0.83
420.531 -0.831
420.677 -0.832
420.823 -0.833
420.97 -0.834
421.117 -0.835
421.265 -0.836
421.413 -0.837
421.562 -0.838
421.712 -0.839
421.862 -0.84
422.012 -0.841
422.163 -0.842
422.315 -0.843
422.467 -0.844
422.62 -0.845
422.773 -0.846
422.926 -0.847
423.081 -0.848
423.235 -0.849
423.39 -0.85
423.546 -0.851
423.702 -0.852
423.858 -0.853
424.015 -0.854
424.173 -0.855
424.33 -0.856
424.489 -0.857
424.647 -0.858
424.806 -0.859
424.966 -0.86
425.126 -0.861
425.286 -0.862
425.447 -0.863
425.609 -0.864
425.771 -0.865
425.933 -0.866
426.095 -0.867
426.258 -0.868
426.422 -0.869
426.586 -0.87
426.75 -0.871
426.915 -0.872
427.08 -0.873
427.245 -0.874
427.41 -0.875
427.575 -0.876
427.741 -0.877
427.906 -0.878
428.071 -0.879
428.237 -0.88
428.402 -0.881
428.567 -0.882
428.732 -0.883
428.898 -0.884
429.065 -0.885
429.232 -0.886
429.399 -0.887
429.567 -0.888
429.736 -0.889
429.905 -0.89
430.075 -0.891
430.245 -0.892
430.416 -0.893
430.587 -0.894
430.759 -0.895
430.931 -0.896
431.104 -0.897
431.277 -0.898
431.451 -0.899
431.626 -0.9
431.801 -0.901
431.976 -0.902
432.153 -0.903
432.329 -0.904
432.507 -0.905
432.684 -0.906
432.863 -0.907
433.042 -0.908
433.221 -0.909
433.401 -0.91
433.582 -0.911
433.763 -0.912
433.944 -0.913
434.126 -0.914
434.309 -0.915
434.493 -0.916
434.676 -0.917
434.861 -0.918
435.046 -0.919
435.231 -0.92
435.417 -0.921
435.604 -0.922
435.791 -0.923
435.979 -0.924
436.167 -0.925
436.356 -0.926
436.545 -0.927
436.735 -0.928
436.926 -0.929
437.117 -0.93
437.309 -0.931
437.501 -0.932
437.694 -0.933
437.887 -0.934
438.081 -0.935
438.275 -0.936
438.47 -0.937
438.666 -0.938
438.862 -0.939
439.059 -0.94
439.256 -0.941
439.454 -0.942
439.652 -0.943
439.851 -0.944
440.051 -0.945
440.25 -0.946
440.451 -0.947
440.652 -0.948
440.854 -0.949
441.056 -0.95
441.258 -0.951
441.462 -0.952
441.665 -0.953
441.87 -0.954
442.075 -0.955
442.28 -0.956
442.486 -0.957
442.692 -0.958
442.899 -0.959
443.107 -0.96
443.315 -0.961
443.523 -0.962
443.732 -0.963
443.942 -0.964
444.152 -0.965
444.362 -0.966
444.573 -0.967
444.785 -0.968
444.997 -0.969
445.209 -0.97
445.423 -0.971
445.638 -0.972
445.853 -0.973
446.068 -0.974
446.284 -0.975
446.5 -0.976
446.717 -0.977
446.934 -0.978
447.151 -0.979
447.37 -0.98
447.589 -0.981
447.809 -0.982
448.03 -0.983
448.25 -0.984
448.472 -0.985
448.693 -0.986
448.916 -0.987
449.138 -0.988
449.361 -0.989
449.584 -0.99
449.809 -0.991
450.034 -0.992
450.26 -0.993
450.486 -0.994
450.713 -0.995
450.939 -0.996
451.168 -0.997
451.397 -0.998
451.626 -0.999
451.856 -1
452.086 -1.001
452.318 -1.002
452.55 -1.003
452.783 -1.004
453.017 -1.005
453.251 -1.006
453.486 -1.007
453.721 -1.008
453.956 -1.009
454.193 -1.01
454.431 -1.011
454.669 -1.012
454.908 -1.013
455.148 -1.014
455.388 -1.015
455.628 -1.016
455.87 -1.017
456.113 -1.018
456.355 -1.019
456.598 -1.02
456.842 -1.021
457.086 -1.022
457.33 -1.023
457.576 -1.024
457.823 -1.025
458.071 -1.026
458.319 -1.027
458.567 -1.028
458.816 -1.029
459.066 -1.03
459.315 -1.031
459.566 -1.032
459.818 -1.033
460.07 -1.034
460.322 -1.035
460.575 -1.036
460.828 -1.037
461.082 -1.038
461.337 -1.039
461.592 -1.04
461.847 -1.041
462.103 -1.042
462.36 -1.043
462.617 -1.044
462.875 -1.045
463.134 -1.046
463.392 -1.047
463.651 -1.048
463.909 -1.049
464.168 -1.05
464.426 -1.051
464.684 -1.052
464.942 -1.053
465.2 -1.054
465.459 -1.055
465.718 -1.056
465.978 -1.057
466.239 -1.058
466.5 -1.059
466.762 -1.06
467.024 -1.061
467.288 -1.062
467.552 -1.063
467.817 -1.064
468.082 -1.065
468.348 -1.066
468.614 -1.067
468.881 -1.068
469.149 -1.069
469.417 -1.07
469.685 -1.071
469.954 -1.072
470.224 -1.073
470.494 -1.074
470.765 -1.075
471.037 -1.076
471.309 -1.077
471.582 -1.078
471.856 -1.079
472.13 -1.08
472.406 -1.081
472.687 -1.082
472.968 -1.083
473.25 -1.084
473.533 -1.085
473.816 -1.086
474.1 -1.087
474.385 -1.088
474.671 -1.089
474.957 -1.09
475.244 -1.091
475.531 -1.092
475.819 -1.093
476.108 -1.094
476.397 -1.095
476.687 -1.096
476.977 -1.097
477.268 -1.098
477.561 -1.099
477.853 -1.1
