26.2474 -0.001
52.289 -0.002
78.118 -0.003
103.728 -0.004
129.112 -0.005
154.261 -0.006
179.166 -0.007
203.818 -0.008
228.203 -0.009
252.309 -0.01
276.119 -0.011
299.187 -0.012
317.569 -0.013
334.592 -0.014
351.376 -0.015
367.914 -0.016
384.194 -0.017
400.223 -0.018
416.009 -0.019
431.587 -0.02
446.969 -0.021
462.106 -0.022
476.833 -0.023
491.05 -0.024
504.503 -0.025
517.071 -0.026
528.973 -0.027
540.619 -0.028
551.568 -0.029
562.43 -0.03
573.2 -0.031
583.873 -0.032
594.466 -0.033
604.993 -0.034
615.452 -0.035
625.855 -0.036
636.213 -0.037
646.483 -0.038
656.661 -0.039
666.787 -0.04
676.87 -0.041
686.901 -0.042
696.888 -0.043
706.83 -0.044
716.729 -0.045
726.584 -0.046
736.395 -0.047
746.162 -0.048
755.727 -0.049
764.704 -0.05
773.091 -0.051
779.992 -0.052
785.857 -0.053
789.84 -0.054
793.179 -0.055
796.445 -0.056
799.621 -0.057
802.774 -0.058
805.904 -0.059
809.011 -0.06
812.098 -0.061
815.151 -0.062
818.161 -0.063
821.122 -0.064
824.066 -0.065
826.559 -0.066
828.986 -0.067
831.396 -0.068
833.447 -0.069
835.16 -0.07
836.864 -0.071
838.536 -0.072
839.753 -0.073
840.723 -0.074
841.578 -0.075
841.787 -0.076
841.955 -0.077
842.115 -0.078
842.266 -0.079
842.386 -0.08
842.495 -0.081
842.599 -0.082
842.694 -0.083
842.782 -0.084
842.872 -0.085
842.965 -0.086
843.067 -0.087
843.16 -0.088
843.215 -0.089
843.266 -0.09
843.312 -0.091
843.351 -0.092
843.38 -0.093
843.398 -0.094
843.411 -0.095
843.373 -0.096
843.321 -0.097
843.264 -0.098
843.204 -0.099
843.141 -0.1
843.077 -0.101
843.02 -0.102
842.931 -0.103
842.844 -0.104
842.716 -0.105
842.577 -0.106
842.408 -0.107
842.22 -0.108
842.035 -0.109
841.846 -0.11
841.651 -0.111
841.459 -0.112
841.268 -0.113
841.079 -0.114
840.901 -0.115
840.735 -0.116
840.577 -0.117
840.446 -0.118
840.334 -0.119
840.225 -0.12
840.115 -0.121
840.005 -0.122
839.895 -0.123
839.784 -0.124
839.672 -0.125
839.56 -0.126
839.441 -0.127
839.321 -0.128
839.203 -0.129
839.085 -0.13
838.969 -0.131
838.859 -0.132
838.755 -0.133
838.656 -0.134
838.564 -0.135
838.476 -0.136
838.391 -0.137
838.309 -0.138
838.217 -0.139
838.125 -0.14
838.035 -0.141
837.95 -0.142
837.868 -0.143
837.789 -0.144
837.712 -0.145
837.638 -0.146
837.567 -0.147
837.499 -0.148
837.434 -0.149
837.371 -0.15
837.311 -0.151
837.254 -0.152
837.2 -0.153
837.148 -0.154
837.1 -0.155
837.054 -0.156
837 -0.157
836.937 -0.158
836.876 -0.159
836.819 -0.16
836.764 -0.161
836.702 -0.162
836.633 -0.163
836.569 -0.164
836.509 -0.165
836.456 -0.166
836.407 -0.167
836.361 -0.168
836.318 -0.169
836.279 -0.17
836.243 -0.171
836.209 -0.172
836.179 -0.173
836.152 -0.174
836.127 -0.175
836.106 -0.176
836.087 -0.177
836.072 -0.178
836.06 -0.179
836.052 -0.18
836.048 -0.181
836.048 -0.182
836.053 -0.183
836.061 -0.184
836.073 -0.185
836.089 -0.186
836.108 -0.187
836.13 -0.188
836.152 -0.189
836.178 -0.19
836.206 -0.191
836.239 -0.192
836.275 -0.193
836.314 -0.194
836.358 -0.195
836.405 -0.196
836.457 -0.197
836.513 -0.198
836.57 -0.199
836.631 -0.2
836.695 -0.201
836.765 -0.202
836.839 -0.203
836.918 -0.204
837.001 -0.205
837.09 -0.206
837.183 -0.207
837.28 -0.208
837.382 -0.209
837.484 -0.21
837.577 -0.211
837.674 -0.212
837.775 -0.213
837.881 -0.214
837.989 -0.215
838.102 -0.216
838.219 -0.217
838.34 -0.218
838.464 -0.219
838.591 -0.22
838.722 -0.221
838.856 -0.222
838.994 -0.223
839.135 -0.224
839.281 -0.225
839.43 -0.226
839.583 -0.227
839.741 -0.228
839.903 -0.229
840.071 -0.23
840.242 -0.231
840.417 -0.232
840.599 -0.233
840.785 -0.234
840.977 -0.235
841.171 -0.236
841.371 -0.237
841.576 -0.238
841.787 -0.239
842.004 -0.24
842.226 -0.241
842.454 -0.242
842.688 -0.243
842.928 -0.244
843.174 -0.245
843.426 -0.246
843.683 -0.247
843.948 -0.248
844.218 -0.249
844.495 -0.25
844.778 -0.251
845.067 -0.252
845.363 -0.253
845.666 -0.254
845.975 -0.255
846.291 -0.256
846.614 -0.257
846.943 -0.258
847.279 -0.259
847.622 -0.26
847.971 -0.261
848.327 -0.262
848.689 -0.263
849.052 -0.264
849.419 -0.265
849.79 -0.266
850.161 -0.267
850.537 -0.268
850.92 -0.269
851.309 -0.27
851.706 -0.271
852.109 -0.272
852.519 -0.273
852.936 -0.274
853.359 -0.275
853.79 -0.276
854.227 -0.277
854.672 -0.278
855.122 -0.279
855.566 -0.28
855.965 -0.281
856.344 -0.282
856.714 -0.283
857.089 -0.284
857.47 -0.285
857.848 -0.286
858.212 -0.287
858.577 -0.288
858.947 -0.289
859.322 -0.29
859.701 -0.291
860.077 -0.292
860.45 -0.293
860.824 -0.294
861.204 -0.295
861.589 -0.296
861.979 -0.297
862.374 -0.298
862.775 -0.299
863.178 -0.3
863.587 -0.301
863.999 -0.302
864.414 -0.303
864.831 -0.304
865.252 -0.305
865.679 -0.306
866.112 -0.307
866.547 -0.308
866.965 -0.309
867.371 -0.31
867.781 -0.311
868.195 -0.312
868.615 -0.313
869.039 -0.314
869.469 -0.315
869.904 -0.316
870.344 -0.317
870.789 -0.318
871.24 -0.319
871.695 -0.32
872.156 -0.321
872.62 -0.322
873.089 -0.323
873.561 -0.324
874.038 -0.325
874.52 -0.326
874.979 -0.327
875.413 -0.328
875.851 -0.329
876.292 -0.33
876.738 -0.331
877.188 -0.332
877.643 -0.333
878.103 -0.334
878.563 -0.335
879.028 -0.336
879.497 -0.337
879.971 -0.338
880.427 -0.339
880.859 -0.34
881.292 -0.341
881.731 -0.342
882.173 -0.343
882.619 -0.344
883.06 -0.345
883.491 -0.346
883.914 -0.347
884.31 -0.348
884.702 -0.349
885.099 -0.35
885.498 -0.351
885.901 -0.352
886.308 -0.353
886.717 -0.354
887.13 -0.355
887.546 -0.356
887.965 -0.357
888.388 -0.358
888.815 -0.359
889.245 -0.36
889.679 -0.361
890.118 -0.362
890.56 -0.363
891.006 -0.364
891.456 -0.365
891.909 -0.366
892.367 -0.367
892.829 -0.368
893.295 -0.369
893.765 -0.37
894.236 -0.371
894.71 -0.372
895.188 -0.373
895.671 -0.374
896.157 -0.375
896.646 -0.376
897.114 -0.377
897.577 -0.378
898.042 -0.379
898.512 -0.38
898.985 -0.381
899.463 -0.382
899.944 -0.383
900.43 -0.384
900.92 -0.385
901.415 -0.386
901.913 -0.387
902.417 -0.388
902.924 -0.389
903.436 -0.39
903.952 -0.391
904.473 -0.392
904.999 -0.393
905.521 -0.394
906.036 -0.395
906.552 -0.396
907.072 -0.397
907.597 -0.398
908.126 -0.399
908.66 -0.4
909.197 -0.401
909.74 -0.402
910.287 -0.403
910.838 -0.404
911.394 -0.405
911.955 -0.406
912.521 -0.407
913.092 -0.408
913.667 -0.409
914.248 -0.41
914.833 -0.411
915.424 -0.412
916.019 -0.413
916.62 -0.414
917.226 -0.415
917.837 -0.416
918.453 -0.417
919.074 -0.418
919.7 -0.419
920.331 -0.42
920.967 -0.421
921.609 -0.422
922.256 -0.423
922.908 -0.424
923.565 -0.425
924.225 -0.426
924.885 -0.427
925.547 -0.428
926.209 -0.429
926.874 -0.43
927.543 -0.431
928.218 -0.432
928.899 -0.433
929.585 -0.434
930.277 -0.435
930.975 -0.436
931.677 -0.437
932.386 -0.438
933.101 -0.439
933.821 -0.44
934.548 -0.441
935.28 -0.442
936.019 -0.443
936.763 -0.444
937.514 -0.445
938.27 -0.446
939.033 -0.447
939.802 -0.448
940.577 -0.449
941.358 -0.45
942.146 -0.451
942.94 -0.452
943.74 -0.453
944.547 -0.454
945.36 -0.455
946.18 -0.456
947.003 -0.457
947.831 -0.458
948.663 -0.459
949.502 -0.46
950.345 -0.461
951.192 -0.462
952.018 -0.463
952.829 -0.464
953.643 -0.465
954.461 -0.466
955.285 -0.467
956.115 -0.468
956.938 -0.469
957.762 -0.47
958.593 -0.471
959.429 -0.472
960.261 -0.473
961.094 -0.474
961.932 -0.475
962.776 -0.476
963.611 -0.477
964.45 -0.478
965.286 -0.479
966.126 -0.48
966.971 -0.481
967.823 -0.482
968.681 -0.483
969.545 -0.484
970.414 -0.485
971.286 -0.486
972.162 -0.487
973.041 -0.488
973.925 -0.489
974.815 -0.49
975.709 -0.491
976.609 -0.492
977.514 -0.493
978.426 -0.494
979.343 -0.495
980.268 -0.496
981.195 -0.497
982.127 -0.498
983.065 -0.499
984.01 -0.5
984.962 -0.501
985.92 -0.502
986.883 -0.503
987.851 -0.504
988.821 -0.505
989.794 -0.506
990.771 -0.507
991.754 -0.508
992.743 -0.509
993.739 -0.51
994.741 -0.511
995.748 -0.512
996.759 -0.513
997.777 -0.514
998.801 -0.515
999.832 -0.516
1000.87 -0.517
1001.91 -0.518
1002.96 -0.519
1004.01 -0.52
1005.07 -0.521
1006.14 -0.522
1007.21 -0.523
1008.28 -0.524
1009.37 -0.525
1010.45 -0.526
1011.55 -0.527
1012.65 -0.528
1013.75 -0.529
1014.86 -0.53
1015.98 -0.531
1017.11 -0.532
1018.22 -0.533
1019.3 -0.534
1020.39 -0.535
1021.48 -0.536
1022.57 -0.537
1023.68 -0.538
1024.79 -0.539
1025.9 -0.54
1027.02 -0.541
1028.14 -0.542
1029.28 -0.543
1030.41 -0.544
1031.56 -0.545
1032.71 -0.546
1033.86 -0.547
1035 -0.548
1036.13 -0.549
1037.25 -0.55
1038.33 -0.551
1039.38 -0.552
1040.42 -0.553
1041.47 -0.554
1042.52 -0.555
1043.58 -0.556
1044.64 -0.557
1045.71 -0.558
1046.78 -0.559
1047.86 -0.56
1048.94 -0.561
1050.03 -0.562
1051.12 -0.563
1052.22 -0.564
1053.33 -0.565
1054.44 -0.566
1055.55 -0.567
1056.68 -0.568
1057.8 -0.569
1058.93 -0.57
1060.06 -0.571
1061.2 -0.572
1062.35 -0.573
1063.5 -0.574
1064.65 -0.575
1065.78 -0.576
1066.86 -0.577
1067.94 -0.578
1069.03 -0.579
1070.12 -0.58
1071.21 -0.581
1072.3 -0.582
1073.4 -0.583
1074.5 -0.584
1075.61 -0.585
1076.72 -0.586
1077.84 -0.587
1078.97 -0.588
1080.1 -0.589
1081.23 -0.59
1082.37 -0.591
1083.52 -0.592
1084.67 -0.593
1085.83 -0.594
1086.99 -0.595
1088.15 -0.596
1089.32 -0.597
1090.49 -0.598
1091.67 -0.599
1092.84 -0.6
