11.6059 -0.001
23.1992 -0.002
34.7804 -0.003
46.3492 -0.004
57.9056 -0.005
69.4496 -0.006
80.9812 -0.007
92.5002 -0.008
104.007 -0.009
115.5 -0.01
126.982 -0.011
138.45 -0.012
149.906 -0.013
161.349 -0.014
172.779 -0.015
184.196 -0.016
195.6 -0.017
206.992 -0.018
218.37 -0.019
229.735 -0.02
241.087 -0.021
252.426 -0.022
263.751 -0.023
275.063 -0.024
286.362 -0.025
297.647 -0.026
308.919 -0.027
320.177 -0.028
331.422 -0.029
342.653 -0.03
353.87 -0.031
365.073 -0.032
376.263 -0.033
387.439 -0.034
398.6 -0.035
409.748 -0.036
420.846 -0.037
431.411 -0.038
440.597 -0.039
448.077 -0.04
454.219 -0.041
459.069 -0.042
463.888 -0.043
468.669 -0.044
473.461 -0.045
478.268 -0.046
483.077 -0.047
487.886 -0.048
492.709 -0.049
497.544 -0.05
502.376 -0.051
507.202 -0.052
512.023 -0.053
516.835 -0.054
521.638 -0.055
526.433 -0.056
531.219 -0.057
535.997 -0.058
540.764 -0.059
545.521 -0.06
550.269 -0.061
555.013 -0.062
559.75 -0.063
564.476 -0.064
569.194 -0.065
573.901 -0.066
578.587 -0.067
583.235 -0.068
587.817 -0.069
592.282 -0.07
596.539 -0.071
600.454 -0.072
604.054 -0.073
607.046 -0.074
609.297 -0.075
610.693 -0.076
611.82 -0.077
612.929 -0.078
613.997 -0.079
615.027 -0.08
616.036 -0.081
616.999 -0.082
617.922 -0.083
618.813 -0.084
619.675 -0.085
620.522 -0.086
621.348 -0.087
622.157 -0.088
622.947 -0.089
623.725 -0.09
624.486 -0.091
625.234 -0.092
625.973 -0.093
626.701 -0.094
627.424 -0.095
628.135 -0.096
628.84 -0.097
629.541 -0.098
630.234 -0.099
630.922 -0.1
631.606 -0.101
632.286 -0.102
632.961 -0.103
633.632 -0.104
634.299 -0.105
634.959 -0.106
635.613 -0.107
636.261 -0.108
636.903 -0.109
637.539 -0.11
638.168 -0.111
638.788 -0.112
639.4 -0.113
640.002 -0.114
640.597 -0.115
641.187 -0.116
641.774 -0.117
642.354 -0.118
642.926 -0.119
643.49 -0.12
644.041 -0.121
644.583 -0.122
645.117 -0.123
645.646 -0.124
646.169 -0.125
646.687 -0.126
647.2 -0.127
647.706 -0.128
648.204 -0.129
648.694 -0.13
649.174 -0.131
649.646 -0.132
650.111 -0.133
650.57 -0.134
651.024 -0.135
651.471 -0.136
651.911 -0.137
652.343 -0.138
652.77 -0.139
653.192 -0.14
653.61 -0.141
654.024 -0.142
654.434 -0.143
654.839 -0.144
655.238 -0.145
655.633 -0.146
656.025 -0.147
656.412 -0.148
656.795 -0.149
657.175 -0.15
657.55 -0.151
657.923 -0.152
658.291 -0.153
658.653 -0.154
659.013 -0.155
659.37 -0.156
659.722 -0.157
660.071 -0.158
660.417 -0.159
660.76 -0.16
661.1 -0.161
661.435 -0.162
661.767 -0.163
662.094 -0.164
662.418 -0.165
662.739 -0.166
663.057 -0.167
663.37 -0.168
663.68 -0.169
663.987 -0.17
664.291 -0.171
664.593 -0.172
664.891 -0.173
665.186 -0.174
665.475 -0.175
665.76 -0.176
666.041 -0.177
666.319 -0.178
666.594 -0.179
666.866 -0.18
667.137 -0.181
667.402 -0.182
667.662 -0.183
667.919 -0.184
668.173 -0.185
668.425 -0.186
668.674 -0.187
668.921 -0.188
669.165 -0.189
669.406 -0.19
669.642 -0.191
669.874 -0.192
670.105 -0.193
670.333 -0.194
670.558 -0.195
670.782 -0.196
671.002 -0.197
671.221 -0.198
671.437 -0.199
671.648 -0.2
671.856 -0.201
672.061 -0.202
672.263 -0.203
672.46 -0.204
672.655 -0.205
672.847 -0.206
673.037 -0.207
673.224 -0.208
673.409 -0.209
673.591 -0.21
673.771 -0.211
673.949 -0.212
674.122 -0.213
674.291 -0.214
674.458 -0.215
674.623 -0.216
674.785 -0.217
674.945 -0.218
675.102 -0.219
675.258 -0.22
675.41 -0.221
675.561 -0.222
675.707 -0.223
675.85 -0.224
675.99 -0.225
676.127 -0.226
676.262 -0.227
676.395 -0.228
676.525 -0.229
676.653 -0.23
676.779 -0.231
676.902 -0.232
677.021 -0.233
677.136 -0.234
677.247 -0.235
677.357 -0.236
677.463 -0.237
677.568 -0.238
677.67 -0.239
677.77 -0.24
677.868 -0.241
677.964 -0.242
678.058 -0.243
678.15 -0.244
678.239 -0.245
678.327 -0.246
678.412 -0.247
678.495 -0.248
678.576 -0.249
678.655 -0.25
678.731 -0.251
678.806 -0.252
678.878 -0.253
678.949 -0.254
679.018 -0.255
679.085 -0.256
679.149 -0.257
679.212 -0.258
679.272 -0.259
679.332 -0.26
679.388 -0.261
679.443 -0.262
679.496 -0.263
679.547 -0.264
679.596 -0.265
679.643 -0.266
679.689 -0.267
679.733 -0.268
679.775 -0.269
679.816 -0.27
679.855 -0.271
679.893 -0.272
679.93 -0.273
679.964 -0.274
679.997 -0.275
680.027 -0.276
680.056 -0.277
680.083 -0.278
680.109 -0.279
680.133 -0.28
680.156 -0.281
680.177 -0.282
680.196 -0.283
680.214 -0.284
680.231 -0.285
680.246 -0.286
680.26 -0.287
680.272 -0.288
680.283 -0.289
680.292 -0.29
680.3 -0.291
680.305 -0.292
680.309 -0.293
680.311 -0.294
680.312 -0.295
680.312 -0.296
680.312 -0.297
680.31 -0.298
680.306 -0.299
680.301 -0.3
680.295 -0.301
680.287 -0.302
680.278 -0.303
680.269 -0.304
680.257 -0.305
680.245 -0.306
680.231 -0.307
680.216 -0.308
680.2 -0.309
680.181 -0.31
680.161 -0.311
680.14 -0.312
680.118 -0.313
680.094 -0.314
680.07 -0.315
680.043 -0.316
680.016 -0.317
679.988 -0.318
679.958 -0.319
679.928 -0.32
679.898 -0.321
679.866 -0.322
679.834 -0.323
679.8 -0.324
679.766 -0.325
679.73 -0.326
679.694 -0.327
679.656 -0.328
679.617 -0.329
679.578 -0.33
679.537 -0.331
679.495 -0.332
679.453 -0.333
679.409 -0.334
679.364 -0.335
679.318 -0.336
679.272 -0.337
679.224 -0.338
679.176 -0.339
679.126 -0.34
679.076 -0.341
679.024 -0.342
678.972 -0.343
678.919 -0.344
678.865 -0.345
678.81 -0.346
678.754 -0.347
678.698 -0.348
678.64 -0.349
678.582 -0.35
678.523 -0.351
678.463 -0.352
678.401 -0.353
678.339 -0.354
678.276 -0.355
678.212 -0.356
678.148 -0.357
678.082 -0.358
678.016 -0.359
677.949 -0.36
677.881 -0.361
677.812 -0.362
677.743 -0.363
677.673 -0.364
677.602 -0.365
677.53 -0.366
677.457 -0.367
677.384 -0.368
677.31 -0.369
677.236 -0.37
677.161 -0.371
677.084 -0.372
677.007 -0.373
676.929 -0.374
676.85 -0.375
676.771 -0.376
676.691 -0.377
676.61 -0.378
676.528 -0.379
676.446 -0.38
676.362 -0.381
676.278 -0.382
676.194 -0.383
676.108 -0.384
676.022 -0.385
675.935 -0.386
675.848 -0.387
675.76 -0.388
675.671 -0.389
675.581 -0.39
675.491 -0.391
675.4 -0.392
675.308 -0.393
675.216 -0.394
675.122 -0.395
675.028 -0.396
674.933 -0.397
674.838 -0.398
674.742 -0.399
674.645 -0.4
674.547 -0.401
674.448 -0.402
674.349 -0.403
674.249 -0.404
674.149 -0.405
674.047 -0.406
673.945 -0.407
673.842 -0.408
673.739 -0.409
673.634 -0.41
673.529 -0.411
673.423 -0.412
673.317 -0.413
673.21 -0.414
673.103 -0.415
672.995 -0.416
672.887 -0.417
672.778 -0.418
672.668 -0.419
672.558 -0.42
672.447 -0.421
672.335 -0.422
672.223 -0.423
672.11 -0.424
671.996 -0.425
671.882 -0.426
671.767 -0.427
671.651 -0.428
671.535 -0.429
671.418 -0.43
671.301 -0.431
671.182 -0.432
671.064 -0.433
670.944 -0.434
670.824 -0.435
670.703 -0.436
670.582 -0.437
670.46 -0.438
670.337 -0.439
670.214 -0.44
670.09 -0.441
669.965 -0.442
669.84 -0.443
669.714 -0.444
669.587 -0.445
669.46 -0.446
669.332 -0.447
669.204 -0.448
669.076 -0.449
668.947 -0.45
668.818 -0.451
668.688 -0.452
668.558 -0.453
668.427 -0.454
668.296 -0.455
668.163 -0.456
668.031 -0.457
667.897 -0.458
667.763 -0.459
667.628 -0.46
667.493 -0.461
667.357 -0.462
667.22 -0.463
667.082 -0.464
666.944 -0.465
666.804 -0.466
666.663 -0.467
666.521 -0.468
666.379 -0.469
666.235 -0.47
666.091 -0.471
665.946 -0.472
665.802 -0.473
665.659 -0.474
665.516 -0.475
665.372 -0.476
665.227 -0.477
665.081 -0.478
664.935 -0.479
664.788 -0.48
664.639 -0.481
664.491 -0.482
664.341 -0.483
664.19 -0.484
664.038 -0.485
663.886 -0.486
663.733 -0.487
663.58 -0.488
663.425 -0.489
663.27 -0.49
663.115 -0.491
662.961 -0.492
662.808 -0.493
662.655 -0.494
662.501 -0.495
662.347 -0.496
662.193 -0.497
662.038 -0.498
661.882 -0.499
661.725 -0.5
661.567 -0.501
661.409 -0.502
661.251 -0.503
661.092 -0.504
660.932 -0.505
660.77 -0.506
660.609 -0.507
660.447 -0.508
660.288 -0.509
660.131 -0.51
659.973 -0.511
659.815 -0.512
659.656 -0.513
659.497 -0.514
659.337 -0.515
659.177 -0.516
659.016 -0.517
658.855 -0.518
658.692 -0.519
658.53 -0.52
658.367 -0.521
658.204 -0.522
658.041 -0.523
657.877 -0.524
657.713 -0.525
657.548 -0.526
657.382 -0.527
657.216 -0.528
657.049 -0.529
656.881 -0.53
656.713 -0.531
656.544 -0.532
656.375 -0.533
656.205 -0.534
656.035 -0.535
655.865 -0.536
655.695 -0.537
655.524 -0.538
655.357 -0.539
655.193 -0.54
655.029 -0.541
654.865 -0.542
654.701 -0.543
654.536 -0.544
654.372 -0.545
654.208 -0.546
654.043 -0.547
653.879 -0.548
653.714 -0.549
653.549 -0.55
653.385 -0.551
653.22 -0.552
653.055 -0.553
652.889 -0.554
652.723 -0.555
652.557 -0.556
652.391 -0.557
652.224 -0.558
652.056 -0.559
651.892 -0.56
651.731 -0.561
651.571 -0.562
651.411 -0.563
651.251 -0.564
651.09 -0.565
650.93 -0.566
650.77 -0.567
650.609 -0.568
650.449 -0.569
650.289 -0.57
650.131 -0.571
649.973 -0.572
649.816 -0.573
649.657 -0.574
649.499 -0.575
649.343 -0.576
649.187 -0.577
649.031 -0.578
648.877 -0.579
648.726 -0.58
648.578 -0.581
648.43 -0.582
648.281 -0.583
648.133 -0.584
647.984 -0.585
647.837 -0.586
647.69 -0.587
647.542 -0.588
647.393 -0.589
647.247 -0.59
647.103 -0.591
646.959 -0.592
646.814 -0.593
646.673 -0.594
646.531 -0.595
646.391 -0.596
646.252 -0.597
646.116 -0.598
645.98 -0.599
645.845 -0.6
645.71 -0.601
645.575 -0.602
645.44 -0.603
645.305 -0.604
645.171 -0.605
645.037 -0.606
644.904 -0.607
644.771 -0.608
644.638 -0.609
644.505 -0.61
644.372 -0.611
644.24 -0.612
644.108 -0.613
643.979 -0.614
643.85 -0.615
643.722 -0.616
643.595 -0.617
643.467 -0.618
643.34 -0.619
643.214 -0.62
643.087 -0.621
642.961 -0.622
642.835 -0.623
642.71 -0.624
642.585 -0.625
642.46 -0.626
642.336 -0.627
642.212 -0.628
642.088 -0.629
641.965 -0.63
641.842 -0.631
641.719 -0.632
641.598 -0.633
641.477 -0.634
641.358 -0.635
641.238 -0.636
641.119 -0.637
641 -0.638
640.882 -0.639
640.764 -0.64
640.647 -0.641
640.53 -0.642
640.413 -0.643
640.297 -0.644
640.181 -0.645
640.065 -0.646
639.951 -0.647
639.838 -0.648
639.726 -0.649
639.614 -0.65
639.503 -0.651
639.392 -0.652
639.283 -0.653
639.175 -0.654
639.068 -0.655
638.96 -0.656
638.854 -0.657
638.749 -0.658
638.645 -0.659
638.541 -0.66
638.438 -0.661
638.336 -0.662
638.235 -0.663
638.135 -0.664
638.035 -0.665
637.936 -0.666
637.838 -0.667
637.741 -0.668
637.645 -0.669
637.55 -0.67
637.455 -0.671
637.361 -0.672
637.268 -0.673
637.176 -0.674
637.085 -0.675
636.994 -0.676
636.904 -0.677
636.814 -0.678
636.725 -0.679
636.636 -0.68
636.548 -0.681
636.46 -0.682
636.373 -0.683
636.286 -0.684
636.199 -0.685
636.113 -0.686
636.028 -0.687
635.943 -0.688
635.859 -0.689
635.775 -0.69
635.691 -0.691
635.609 -0.692
635.526 -0.693
635.445 -0.694
635.363 -0.695
635.283 -0.696
635.203 -0.697
635.123 -0.698
635.044 -0.699
634.965 -0.7
634.888 -0.701
634.81 -0.702
634.733 -0.703
634.657 -0.704
634.581 -0.705
634.506 -0.706
634.432 -0.707
634.358 -0.708
634.284 -0.709
634.212 -0.71
634.139 -0.711
634.068 -0.712
633.997 -0.713
633.926 -0.714
633.856 -0.715
633.787 -0.716
633.718 -0.717
633.65 -0.718
633.583 -0.719
633.516 -0.72
633.45 -0.721
633.384 -0.722
633.319 -0.723
633.255 -0.724
633.191 -0.725
633.128 -0.726
633.066 -0.727
633.004 -0.728
632.943 -0.729
632.882 -0.73
632.822 -0.731
632.763 -0.732
632.704 -0.733
632.646 -0.734
632.589 -0.735
632.532 -0.736
632.476 -0.737
632.421 -0.738
632.366 -0.739
632.312 -0.74
632.258 -0.741
632.205 -0.742
632.152 -0.743
632.1 -0.744
632.049 -0.745
631.999 -0.746
631.949 -0.747
631.9 -0.748
631.851 -0.749
631.803 -0.75
631.756 -0.751
631.71 -0.752
631.664 -0.753
631.619 -0.754
631.575 -0.755
631.531 -0.756
631.488 -0.757
631.446 -0.758
631.405 -0.759
631.364 -0.76
631.324 -0.761
631.285 -0.762
631.246 -0.763
631.208 -0.764
631.171 -0.765
631.135 -0.766
631.1 -0.767
631.065 -0.768
631.031 -0.769
630.997 -0.77
630.965 -0.771
630.933 -0.772
630.902 -0.773
630.872 -0.774
630.842 -0.775
630.814 -0.776
630.786 -0.777
630.759 -0.778
630.732 -0.779
630.707 -0.78
630.682 -0.781
630.658 -0.782
630.635 -0.783
630.613 -0.784
630.591 -0.785
630.57 -0.786
630.55 -0.787
630.531 -0.788
630.513 -0.789
630.495 -0.79
630.479 -0.791
630.463 -0.792
630.448 -0.793
630.434 -0.794
630.421 -0.795
630.409 -0.796
630.397 -0.797
630.387 -0.798
630.377 -0.799
630.369 -0.8
630.362 -0.801
630.355 -0.802
630.349 -0.803
630.344 -0.804
630.341 -0.805
630.338 -0.806
630.336 -0.807
630.335 -0.808
630.335 -0.809
630.336 -0.81
630.338 -0.811
630.341 -0.812
630.345 -0.813
630.349 -0.814
630.355 -0.815
630.362 -0.816
630.37 -0.817
630.379 -0.818
630.389 -0.819
630.399 -0.82
630.411 -0.821
630.424 -0.822
630.437 -0.823
630.452 -0.824
630.467 -0.825
630.484 -0.826
630.501 -0.827
630.519 -0.828
630.538 -0.829
630.558 -0.83
630.579 -0.831
630.602 -0.832
630.624 -0.833
630.648 -0.834
630.673 -0.835
630.699 -0.836
630.726 -0.837
630.754 -0.838
630.783 -0.839
630.812 -0.84
630.843 -0.841
630.875 -0.842
630.907 -0.843
630.941 -0.844
630.976 -0.845
631.011 -0.846
631.048 -0.847
631.086 -0.848
631.124 -0.849
631.164 -0.85
631.205 -0.851
631.246 -0.852
631.289 -0.853
631.333 -0.854
631.378 -0.855
631.424 -0.856
631.47 -0.857
631.518 -0.858
631.567 -0.859
631.617 -0.86
631.668 -0.861
631.72 -0.862
631.773 -0.863
631.827 -0.864
631.882 -0.865
631.938 -0.866
631.996 -0.867
632.054 -0.868
632.113 -0.869
632.174 -0.87
632.235 -0.871
632.298 -0.872
632.362 -0.873
632.426 -0.874
632.492 -0.875
632.559 -0.876
632.627 -0.877
632.696 -0.878
632.767 -0.879
632.838 -0.88
632.91 -0.881
632.984 -0.882
633.059 -0.883
633.134 -0.884
633.211 -0.885
633.289 -0.886
633.368 -0.887
633.448 -0.888
633.529 -0.889
633.611 -0.89
633.694 -0.891
633.778 -0.892
633.864 -0.893
633.95 -0.894
634.038 -0.895
634.127 -0.896
634.217 -0.897
634.308 -0.898
634.399 -0.899
634.492 -0.9
634.586 -0.901
634.68 -0.902
634.776 -0.903
634.874 -0.904
634.972 -0.905
635.071 -0.906
635.17 -0.907
635.271 -0.908
635.372 -0.909
635.475 -0.91
635.579 -0.911
635.684 -0.912
635.79 -0.913
635.896 -0.914
636.004 -0.915
636.112 -0.916
636.222 -0.917
636.332 -0.918
636.444 -0.919
636.557 -0.92
636.67 -0.921
636.784 -0.922
636.899 -0.923
637.016 -0.924
637.133 -0.925
637.252 -0.926
637.371 -0.927
637.492 -0.928
637.612 -0.929
637.733 -0.93
637.855 -0.931
637.978 -0.932
638.103 -0.933
638.228 -0.934
638.355 -0.935
638.483 -0.936
638.613 -0.937
638.743 -0.938
638.875 -0.939
639.008 -0.94
639.142 -0.941
639.277 -0.942
639.414 -0.943
639.551 -0.944
639.69 -0.945
639.831 -0.946
639.972 -0.947
640.115 -0.948
640.259 -0.949
640.404 -0.95
640.551 -0.951
640.698 -0.952
640.847 -0.953
640.997 -0.954
641.149 -0.955
641.301 -0.956
641.455 -0.957
641.611 -0.958
641.767 -0.959
641.925 -0.96
642.084 -0.961
642.245 -0.962
642.406 -0.963
642.569 -0.964
642.734 -0.965
642.899 -0.966
643.066 -0.967
643.235 -0.968
643.404 -0.969
643.575 -0.97
643.747 -0.971
643.921 -0.972
644.096 -0.973
644.272 -0.974
644.449 -0.975
644.628 -0.976
644.808 -0.977
644.99 -0.978
645.172 -0.979
645.357 -0.98
645.542 -0.981
645.729 -0.982
645.917 -0.983
646.107 -0.984
646.298 -0.985
646.491 -0.986
646.684 -0.987
646.879 -0.988
647.076 -0.989
647.274 -0.99
647.473 -0.991
647.673 -0.992
647.875 -0.993
648.079 -0.994
648.284 -0.995
648.49 -0.996
648.698 -0.997
648.907 -0.998
649.117 -0.999
649.329 -1
649.543 -1.001
649.757 -1.002
649.974 -1.003
650.191 -1.004
650.41 -1.005
650.631 -1.006
650.853 -1.007
651.076 -1.008
651.301 -1.009
651.527 -1.01
651.755 -1.011
651.984 -1.012
652.215 -1.013
652.447 -1.014
652.681 -1.015
652.916 -1.016
653.152 -1.017
653.39 -1.018
653.63 -1.019
653.87 -1.02
654.113 -1.021
654.357 -1.022
654.602 -1.023
654.849 -1.024
655.097 -1.025
655.347 -1.026
655.598 -1.027
655.851 -1.028
656.105 -1.029
656.361 -1.03
656.618 -1.031
656.877 -1.032
657.138 -1.033
657.4 -1.034
657.663 -1.035
657.928 -1.036
658.194 -1.037
658.462 -1.038
658.731 -1.039
659.002 -1.04
659.274 -1.041
659.548 -1.042
659.823 -1.043
660.1 -1.044
660.378 -1.045
660.658 -1.046
660.939 -1.047
661.222 -1.048
661.506 -1.049
661.792 -1.05
662.08 -1.051
662.368 -1.052
662.659 -1.053
662.951 -1.054
663.244 -1.055
663.539 -1.056
663.836 -1.057
664.134 -1.058
664.434 -1.059
664.735 -1.06
665.038 -1.061
665.342 -1.062
665.648 -1.063
665.956 -1.064
666.265 -1.065
666.575 -1.066
666.888 -1.067
667.201 -1.068
667.517 -1.069
667.834 -1.07
668.153 -1.071
668.473 -1.072
668.795 -1.073
669.118 -1.074
669.444 -1.075
669.77 -1.076
670.099 -1.077
670.429 -1.078
670.761 -1.079
671.094 -1.08
671.427 -1.081
671.76 -1.082
672.083 -1.083
672.394 -1.084
672.706 -1.085
673.02 -1.086
673.336 -1.087
673.653 -1.088
673.972 -1.089
674.292 -1.09
674.613 -1.091
674.937 -1.092
675.261 -1.093
675.588 -1.094
675.916 -1.095
676.245 -1.096
676.576 -1.097
676.909 -1.098
677.243 -1.099
677.579 -1.1
677.917 -1.101
678.256 -1.102
678.596 -1.103
678.938 -1.104
679.282 -1.105
679.628 -1.106
679.975 -1.107
680.323 -1.108
680.673 -1.109
681.025 -1.11
681.379 -1.111
681.734 -1.112
682.09 -1.113
682.449 -1.114
682.809 -1.115
683.171 -1.116
683.534 -1.117
683.899 -1.118
684.265 -1.119
684.634 -1.12
685.003 -1.121
685.375 -1.122
685.748 -1.123
686.123 -1.124
686.5 -1.125
686.878 -1.126
687.258 -1.127
687.64 -1.128
688.023 -1.129
688.408 -1.13
688.794 -1.131
689.183 -1.132
689.573 -1.133
689.964 -1.134
690.358 -1.135
690.753 -1.136
691.149 -1.137
691.548 -1.138
691.948 -1.139
692.349 -1.14
692.753 -1.141
693.158 -1.142
693.565 -1.143
693.973 -1.144
694.383 -1.145
694.795 -1.146
695.209 -1.147
695.624 -1.148
696.041 -1.149
696.46 -1.15
696.88 -1.151
697.302 -1.152
697.726 -1.153
698.152 -1.154
698.579 -1.155
699.008 -1.156
699.439 -1.157
699.872 -1.158
700.306 -1.159
700.742 -1.16
701.181 -1.161
701.62 -1.162
702.062 -1.163
702.505 -1.164
702.951 -1.165
703.398 -1.166
703.846 -1.167
704.297 -1.168
704.749 -1.169
705.204 -1.17
705.66 -1.171
706.118 -1.172
706.577 -1.173
707.039 -1.174
707.502 -1.175
707.967 -1.176
708.434 -1.177
708.902 -1.178
709.372 -1.179
709.844 -1.18
710.318 -1.181
710.794 -1.182
711.272 -1.183
711.751 -1.184
712.232 -1.185
712.715 -1.186
713.199 -1.187
713.685 -1.188
714.173 -1.189
714.663 -1.19
715.155 -1.191
715.649 -1.192
716.144 -1.193
716.642 -1.194
717.141 -1.195
717.642 -1.196
718.145 -1.197
718.65 -1.198
719.157 -1.199
719.666 -1.2
720.176 -1.201
720.688 -1.202
721.202 -1.203
721.717 -1.204
722.235 -1.205
722.755 -1.206
723.276 -1.207
723.8 -1.208
724.325 -1.209
724.852 -1.21
725.381 -1.211
725.912 -1.212
726.445 -1.213
726.98 -1.214
727.517 -1.215
728.055 -1.216
728.596 -1.217
729.138 -1.218
729.683 -1.219
730.229 -1.22
730.778 -1.221
731.328 -1.222
731.881 -1.223
732.435 -1.224
732.991 -1.225
733.55 -1.226
734.11 -1.227
734.672 -1.228
735.236 -1.229
735.802 -1.23
736.37 -1.231
736.94 -1.232
737.513 -1.233
738.087 -1.234
738.663 -1.235
739.241 -1.236
739.821 -1.237
740.403 -1.238
740.986 -1.239
741.572 -1.24
742.16 -1.241
742.75 -1.242
743.341 -1.243
743.934 -1.244
744.529 -1.245
745.126 -1.246
745.722 -1.247
746.319 -1.248
746.918 -1.249
747.519 -1.25
748.122 -1.251
748.727 -1.252
749.333 -1.253
749.941 -1.254
750.548 -1.255
751.156 -1.256
751.766 -1.257
752.379 -1.258
752.993 -1.259
753.609 -1.26
754.228 -1.261
754.847 -1.262
755.465 -1.263
756.085 -1.264
756.707 -1.265
757.33 -1.266
757.955 -1.267
758.582 -1.268
759.211 -1.269
759.842 -1.27
760.474 -1.271
761.105 -1.272
761.738 -1.273
762.373 -1.274
763.01 -1.275
763.648 -1.276
764.289 -1.277
764.93 -1.278
765.573 -1.279
766.216 -1.28
766.858 -1.281
767.498 -1.282
768.139 -1.283
768.782 -1.284
769.426 -1.285
770.072 -1.286
770.72 -1.287
771.369 -1.288
772.02 -1.289
772.673 -1.29
773.328 -1.291
773.984 -1.292
774.642 -1.293
775.299 -1.294
775.958 -1.295
776.62 -1.296
777.283 -1.297
777.948 -1.298
778.615 -1.299
779.282 -1.3
779.952 -1.301
780.623 -1.302
781.297 -1.303
781.972 -1.304
782.65 -1.305
783.329 -1.306
784.011 -1.307
784.695 -1.308
785.382 -1.309
786.07 -1.31
786.759 -1.311
787.449 -1.312
788.139 -1.313
788.831 -1.314
789.525 -1.315
790.221 -1.316
790.92 -1.317
791.62 -1.318
792.323 -1.319
793.027 -1.32
793.733 -1.321
794.441 -1.322
795.15 -1.323
795.86 -1.324
796.569 -1.325
797.28 -1.326
797.993 -1.327
798.708 -1.328
799.424 -1.329
800.142 -1.33
800.861 -1.331
801.582 -1.332
802.304 -1.333
803.028 -1.334
803.754 -1.335
804.479 -1.336
805.207 -1.337
805.935 -1.338
806.664 -1.339
807.393 -1.34
808.125 -1.341
808.858 -1.342
809.593 -1.343
810.328 -1.344
811.065 -1.345
811.802 -1.346
812.541 -1.347
813.28 -1.348
814.02 -1.349
814.76 -1.35
815.501 -1.351
816.242 -1.352
816.983 -1.353
817.725 -1.354
818.466 -1.355
819.208 -1.356
819.952 -1.357
820.697 -1.358
821.443 -1.359
822.192 -1.36
822.943 -1.361
823.696 -1.362
824.45 -1.363
825.205 -1.364
825.962 -1.365
826.721 -1.366
827.483 -1.367
828.247 -1.368
829.013 -1.369
829.781 -1.37
830.552 -1.371
831.322 -1.372
832.095 -1.373
832.87 -1.374
833.647 -1.375
834.426 -1.376
835.207 -1.377
835.991 -1.378
836.776 -1.379
837.562 -1.38
838.35 -1.381
839.141 -1.382
839.934 -1.383
840.729 -1.384
841.526 -1.385
842.325 -1.386
843.127 -1.387
843.931 -1.388
844.737 -1.389
845.545 -1.39
846.356 -1.391
847.169 -1.392
847.985 -1.393
848.802 -1.394
849.622 -1.395
850.444 -1.396
851.268 -1.397
852.094 -1.398
852.922 -1.399
853.753 -1.4
854.586 -1.401
855.419 -1.402
856.255 -1.403
857.093 -1.404
857.932 -1.405
858.773 -1.406
859.617 -1.407
860.461 -1.408
861.308 -1.409
862.157 -1.41
863.008 -1.411
863.861 -1.412
864.716 -1.413
865.572 -1.414
866.429 -1.415
867.288 -1.416
868.149 -1.417
869.01 -1.418
869.874 -1.419
870.738 -1.42
871.605 -1.421
872.474 -1.422
873.344 -1.423
874.216 -1.424
875.09 -1.425
875.966 -1.426
876.843 -1.427
877.72 -1.428
878.6 -1.429
879.479 -1.43
880.36 -1.431
881.243 -1.432
882.127 -1.433
883.013 -1.434
883.901 -1.435
884.791 -1.436
885.681 -1.437
886.573 -1.438
887.466 -1.439
888.36 -1.44
889.256 -1.441
890.153 -1.442
891.053 -1.443
891.953 -1.444
892.854 -1.445
893.758 -1.446
894.664 -1.447
895.572 -1.448
896.482 -1.449
897.394 -1.45
898.308 -1.451
899.225 -1.452
900.142 -1.453
901.063 -1.454
901.986 -1.455
902.911 -1.456
903.836 -1.457
904.764 -1.458
905.695 -1.459
906.628 -1.46
907.564 -1.461
908.502 -1.462
909.442 -1.463
910.386 -1.464
911.331 -1.465
912.279 -1.466
913.23 -1.467
914.183 -1.468
915.139 -1.469
916.097 -1.47
917.058 -1.471
918.021 -1.472
918.987 -1.473
919.956 -1.474
920.926 -1.475
921.9 -1.476
922.876 -1.477
923.854 -1.478
924.835 -1.479
925.819 -1.48
926.804 -1.481
927.791 -1.482
928.78 -1.483
929.771 -1.484
930.765 -1.485
931.761 -1.486
932.76 -1.487
933.761 -1.488
934.765 -1.489
935.77 -1.49
936.777 -1.491
937.786 -1.492
938.797 -1.493
939.811 -1.494
940.826 -1.495
941.844 -1.496
942.864 -1.497
943.886 -1.498
944.91 -1.499
945.936 -1.5
946.965 -1.501
947.997 -1.502
949.031 -1.503
950.066 -1.504
951.105 -1.505
952.145 -1.506
953.189 -1.507
954.232 -1.508
955.278 -1.509
956.326 -1.51
957.378 -1.511
958.431 -1.512
959.488 -1.513
960.546 -1.514
961.608 -1.515
962.672 -1.516
963.738 -1.517
964.807 -1.518
965.879 -1.519
966.953 -1.52
968.03 -1.521
969.109 -1.522
970.191 -1.523
971.275 -1.524
972.362 -1.525
973.448 -1.526
974.536 -1.527
975.627 -1.528
976.719 -1.529
977.81 -1.53
978.903 -1.531
979.999 -1.532
981.097 -1.533
982.198 -1.534
983.301 -1.535
984.407 -1.536
985.515 -1.537
986.626 -1.538
987.739 -1.539
988.854 -1.54
989.972 -1.541
991.091 -1.542
992.213 -1.543
993.338 -1.544
994.462 -1.545
995.589 -1.546
996.717 -1.547
997.847 -1.548
998.98 -1.549
1000.12 -1.55
1001.25 -1.551
1002.39 -1.552
1003.52 -1.553
1004.66 -1.554
1005.8 -1.555
1006.94 -1.556
1008.08 -1.557
1009.22 -1.558
1010.37 -1.559
1011.51 -1.56
1012.66 -1.561
1013.81 -1.562
1014.96 -1.563
1016.11 -1.564
1017.26 -1.565
1018.41 -1.566
1019.57 -1.567
1020.72 -1.568
1021.87 -1.569
1023.03 -1.57
1024.19 -1.571
1025.35 -1.572
1026.51 -1.573
1027.68 -1.574
1028.84 -1.575
1030.01 -1.576
1031.19 -1.577
1032.36 -1.578
1033.54 -1.579
1034.71 -1.58
1035.89 -1.581
1037.07 -1.582
1038.25 -1.583
1039.43 -1.584
1040.62 -1.585
1041.8 -1.586
1042.99 -1.587
1044.18 -1.588
1045.37 -1.589
1046.56 -1.59
1047.75 -1.591
1048.94 -1.592
1050.13 -1.593
1051.32 -1.594
1052.51 -1.595
1053.7 -1.596
1054.9 -1.597
1056.09 -1.598
1057.29 -1.599
1058.49 -1.6
