15.2544 -0.001
30.489 -0.002
45.704 -0.003
60.8994 -0.004
76.0749 -0.005
91.2305 -0.006
106.366 -0.007
121.481 -0.008
136.576 -0.009
151.65 -0.01
166.703 -0.011
181.736 -0.012
196.747 -0.013
211.738 -0.014
226.707 -0.015
241.654 -0.016
256.58 -0.017
271.484 -0.018
286.366 -0.019
301.225 -0.02
316.063 -0.021
330.877 -0.022
345.669 -0.023
360.438 -0.024
375.183 -0.025
389.905 -0.026
404.604 -0.027
419.196 -0.028
432.932 -0.029
445.24 -0.03
457.449 -0.031
469.624 -0.032
481.189 -0.033
490.886 -0.034
497.285 -0.035
503.284 -0.036
509.196 -0.037
515.077 -0.038
520.972 -0.039
526.869 -0.04
532.782 -0.041
538.733 -0.042
544.666 -0.043
550.487 -0.044
556.122 -0.045
561.441 -0.046
566.196 -0.047
570.808 -0.048
575.419 -0.049
580.016 -0.05
584.599 -0.051
589.166 -0.052
593.722 -0.053
598.261 -0.054
602.781 -0.055
607.283 -0.056
611.753 -0.057
616.109 -0.058
620.267 -0.059
624.107 -0.06
627.686 -0.061
630.715 -0.062
633.513 -0.063
635.528 -0.064
636.723 -0.065
637.851 -0.066
638.963 -0.067
640.061 -0.068
641.148 -0.069
642.22 -0.07
643.27 -0.071
644.299 -0.072
645.299 -0.073
646.27 -0.074
647.215 -0.075
648.141 -0.076
649.041 -0.077
649.914 -0.078
650.762 -0.079
651.587 -0.08
652.392 -0.081
653.173 -0.082
653.932 -0.083
654.662 -0.084
655.372 -0.085
656.069 -0.086
656.755 -0.087
657.431 -0.088
658.103 -0.089
658.77 -0.09
659.432 -0.091
660.09 -0.092
660.744 -0.093
661.393 -0.094
662.037 -0.095
662.676 -0.096
663.311 -0.097
663.941 -0.098
664.567 -0.099
665.189 -0.1
665.807 -0.101
666.42 -0.102
667.029 -0.103
667.634 -0.104
668.235 -0.105
668.83 -0.106
669.42 -0.107
670.004 -0.108
670.582 -0.109
671.153 -0.11
671.715 -0.111
672.272 -0.112
672.819 -0.113
673.357 -0.114
673.886 -0.115
674.407 -0.116
674.915 -0.117
675.413 -0.118
675.896 -0.119
676.372 -0.12
676.832 -0.121
677.285 -0.122
677.724 -0.123
678.153 -0.124
678.579 -0.125
679.003 -0.126
679.423 -0.127
679.841 -0.128
680.256 -0.129
680.668 -0.13
681.074 -0.131
681.467 -0.132
681.857 -0.133
682.238 -0.134
682.611 -0.135
682.979 -0.136
683.337 -0.137
683.689 -0.138
684.038 -0.139
684.376 -0.14
684.709 -0.141
685.038 -0.142
685.364 -0.143
685.687 -0.144
686.006 -0.145
686.323 -0.146
686.636 -0.147
686.946 -0.148
687.254 -0.149
687.558 -0.15
687.859 -0.151
688.157 -0.152
688.452 -0.153
688.744 -0.154
689.033 -0.155
689.319 -0.156
689.602 -0.157
689.883 -0.158
690.161 -0.159
690.436 -0.16
690.709 -0.161
690.978 -0.162
691.245 -0.163
691.508 -0.164
691.766 -0.165
692.022 -0.166
692.275 -0.167
692.526 -0.168
692.773 -0.169
693.016 -0.17
693.255 -0.171
693.493 -0.172
693.729 -0.173
693.962 -0.174
694.19 -0.175
694.415 -0.176
694.638 -0.177
694.858 -0.178
695.077 -0.179
695.293 -0.18
695.504 -0.181
695.713 -0.182
695.919 -0.183
696.123 -0.184
696.326 -0.185
696.526 -0.186
696.724 -0.187
696.92 -0.188
697.114 -0.189
697.306 -0.19
697.496 -0.191
697.684 -0.192
697.869 -0.193
698.053 -0.194
698.234 -0.195
698.413 -0.196
698.591 -0.197
698.766 -0.198
698.938 -0.199
699.109 -0.2
699.277 -0.201
699.443 -0.202
699.608 -0.203
699.771 -0.204
699.931 -0.205
700.09 -0.206
700.246 -0.207
700.4 -0.208
700.552 -0.209
700.702 -0.21
700.85 -0.211
700.996 -0.212
701.14 -0.213
701.283 -0.214
701.423 -0.215
701.56 -0.216
701.696 -0.217
701.83 -0.218
701.962 -0.219
702.092 -0.22
702.22 -0.221
702.346 -0.222
702.472 -0.223
702.595 -0.224
702.716 -0.225
702.836 -0.226
702.954 -0.227
703.07 -0.228
703.184 -0.229
703.296 -0.23
703.406 -0.231
703.514 -0.232
703.621 -0.233
703.725 -0.234
703.828 -0.235
703.928 -0.236
704.026 -0.237
704.123 -0.238
704.218 -0.239
704.311 -0.24
704.402 -0.241
704.491 -0.242
704.578 -0.243
704.664 -0.244
704.746 -0.245
704.827 -0.246
704.906 -0.247
704.983 -0.248
705.057 -0.249
705.13 -0.25
705.2 -0.251
705.269 -0.252
705.335 -0.253
705.401 -0.254
705.465 -0.255
705.526 -0.256
705.586 -0.257
705.643 -0.258
705.698 -0.259
705.751 -0.26
705.802 -0.261
705.851 -0.262
705.898 -0.263
705.942 -0.264
705.983 -0.265
706.022 -0.266
706.059 -0.267
706.093 -0.268
706.125 -0.269
706.155 -0.27
706.182 -0.271
706.205 -0.272
706.223 -0.273
706.24 -0.274
706.254 -0.275
706.266 -0.276
706.274 -0.277
706.279 -0.278
706.279 -0.279
706.277 -0.28
706.272 -0.281
706.264 -0.282
706.253 -0.283
706.237 -0.284
706.217 -0.285
706.197 -0.286
706.184 -0.287
706.169 -0.288
706.15 -0.289
706.129 -0.29
706.103 -0.291
706.073 -0.292
706.039 -0.293
706.002 -0.294
705.961 -0.295
705.919 -0.296
705.878 -0.297
705.835 -0.298
705.788 -0.299
705.737 -0.3
705.684 -0.301
705.628 -0.302
705.57 -0.303
705.51 -0.304
705.456 -0.305
705.406 -0.306
705.354 -0.307
705.299 -0.308
705.243 -0.309
705.184 -0.31
705.121 -0.311
705.067 -0.312
705.015 -0.313
704.962 -0.314
704.907 -0.315
704.85 -0.316
704.791 -0.317
704.736 -0.318
704.686 -0.319
704.634 -0.32
704.58 -0.321
704.525 -0.322
704.469 -0.323
704.411 -0.324
704.356 -0.325
704.301 -0.326
704.245 -0.327
704.187 -0.328
704.128 -0.329
704.067 -0.33
704.004 -0.331
703.939 -0.332
703.872 -0.333
703.803 -0.334
703.731 -0.335
703.658 -0.336
703.582 -0.337
703.504 -0.338
703.423 -0.339
703.338 -0.34
703.251 -0.341
703.17 -0.342
703.092 -0.343
703.011 -0.344
702.929 -0.345
702.844 -0.346
702.757 -0.347
702.667 -0.348
702.575 -0.349
702.481 -0.35
702.39 -0.351
702.301 -0.352
702.21 -0.353
702.116 -0.354
702.021 -0.355
701.923 -0.356
701.822 -0.357
701.719 -0.358
701.617 -0.359
701.52 -0.36
701.421 -0.361
701.32 -0.362
701.217 -0.363
701.111 -0.364
701.004 -0.365
700.898 -0.366
700.797 -0.367
700.697 -0.368
700.594 -0.369
700.49 -0.37
700.384 -0.371
700.277 -0.372
700.175 -0.373
700.075 -0.374
699.974 -0.375
699.872 -0.376
699.768 -0.377
699.662 -0.378
699.556 -0.379
699.453 -0.38
699.351 -0.381
699.248 -0.382
699.144 -0.383
699.038 -0.384
698.93 -0.385
698.822 -0.386
698.712 -0.387
698.601 -0.388
698.489 -0.389
698.376 -0.39
698.261 -0.391
698.143 -0.392
698.024 -0.393
697.904 -0.394
697.784 -0.395
697.662 -0.396
697.539 -0.397
697.414 -0.398
697.289 -0.399
697.163 -0.4
697.034 -0.401
696.905 -0.402
696.773 -0.403
696.641 -0.404
696.508 -0.405
696.373 -0.406
696.237 -0.407
696.099 -0.408
695.96 -0.409
695.818 -0.41
695.676 -0.411
695.531 -0.412
695.384 -0.413
695.236 -0.414
695.085 -0.415
694.931 -0.416
694.775 -0.417
694.618 -0.418
694.462 -0.419
694.306 -0.42
694.151 -0.421
693.996 -0.422
693.84 -0.423
693.683 -0.424
693.525 -0.425
693.367 -0.426
693.205 -0.427
693.041 -0.428
692.872 -0.429
692.695 -0.43
692.509 -0.431
692.312 -0.432
692.103 -0.433
691.874 -0.434
691.629 -0.435
691.37 -0.436
691.097 -0.437
690.812 -0.438
690.516 -0.439
690.216 -0.44
689.91 -0.441
689.605 -0.442
689.298 -0.443
688.995 -0.444
688.687 -0.445
688.379 -0.446
688.063 -0.447
687.739 -0.448
687.406 -0.449
687.077 -0.45
686.75 -0.451
686.448 -0.452
686.163 -0.453
685.905 -0.454
685.657 -0.455
685.413 -0.456
685.191 -0.457
684.982 -0.458
684.794 -0.459
684.61 -0.46
684.433 -0.461
684.26 -0.462
684.099 -0.463
683.946 -0.464
683.798 -0.465
683.649 -0.466
683.498 -0.467
683.348 -0.468
683.206 -0.469
683.075 -0.47
682.947 -0.471
682.819 -0.472
682.689 -0.473
682.564 -0.474
682.447 -0.475
682.337 -0.476
682.23 -0.477
682.125 -0.478
682.019 -0.479
681.914 -0.48
681.814 -0.481
681.717 -0.482
681.627 -0.483
681.539 -0.484
681.451 -0.485
681.364 -0.486
681.279 -0.487
681.194 -0.488
681.109 -0.489
681.023 -0.49
680.938 -0.491
680.851 -0.492
680.763 -0.493
680.673 -0.494
680.582 -0.495
680.49 -0.496
680.397 -0.497
680.302 -0.498
680.205 -0.499
680.108 -0.5
680.01 -0.501
679.911 -0.502
679.81 -0.503
679.706 -0.504
679.603 -0.505
679.499 -0.506
679.393 -0.507
679.284 -0.508
679.173 -0.509
679.062 -0.51
678.951 -0.511
678.839 -0.512
678.728 -0.513
678.617 -0.514
678.506 -0.515
678.395 -0.516
678.285 -0.517
678.174 -0.518
678.063 -0.519
677.953 -0.52
677.843 -0.521
677.732 -0.522
677.622 -0.523
677.512 -0.524
677.402 -0.525
677.293 -0.526
677.183 -0.527
677.073 -0.528
676.964 -0.529
676.855 -0.53
676.746 -0.531
676.637 -0.532
676.528 -0.533
676.419 -0.534
676.311 -0.535
676.202 -0.536
676.094 -0.537
675.986 -0.538
675.878 -0.539
675.77 -0.54
675.664 -0.541
675.56 -0.542
675.456 -0.543
675.352 -0.544
675.252 -0.545
675.152 -0.546
675.053 -0.547
674.954 -0.548
674.858 -0.549
674.763 -0.55
674.668 -0.551
674.575 -0.552
674.483 -0.553
674.392 -0.554
674.301 -0.555
674.213 -0.556
674.126 -0.557
674.039 -0.558
673.954 -0.559
673.871 -0.56
673.787 -0.561
673.704 -0.562
673.622 -0.563
673.539 -0.564
673.457 -0.565
673.375 -0.566
673.294 -0.567
673.212 -0.568
673.131 -0.569
673.05 -0.57
672.97 -0.571
672.89 -0.572
672.81 -0.573
672.731 -0.574
672.651 -0.575
672.572 -0.576
672.494 -0.577
672.416 -0.578
672.338 -0.579
672.26 -0.58
672.183 -0.581
672.106 -0.582
672.03 -0.583
671.954 -0.584
671.878 -0.585
671.803 -0.586
671.728 -0.587
671.654 -0.588
671.58 -0.589
671.506 -0.59
671.433 -0.591
671.361 -0.592
671.288 -0.593
671.217 -0.594
671.147 -0.595
671.078 -0.596
671.011 -0.597
670.945 -0.598
670.88 -0.599
670.817 -0.6
670.754 -0.601
670.694 -0.602
670.634 -0.603
670.576 -0.604
670.519 -0.605
670.463 -0.606
670.409 -0.607
670.355 -0.608
670.302 -0.609
670.249 -0.61
670.196 -0.611
670.144 -0.612
670.093 -0.613
670.041 -0.614
669.991 -0.615
669.94 -0.616
669.89 -0.617
669.841 -0.618
669.792 -0.619
669.743 -0.62
669.695 -0.621
669.648 -0.622
669.602 -0.623
669.556 -0.624
669.51 -0.625
669.466 -0.626
669.422 -0.627
669.379 -0.628
669.336 -0.629
669.294 -0.63
669.253 -0.631
669.213 -0.632
669.173 -0.633
669.134 -0.634
669.096 -0.635
669.058 -0.636
669.022 -0.637
668.986 -0.638
668.95 -0.639
668.916 -0.64
668.882 -0.641
668.849 -0.642
668.816 -0.643
668.784 -0.644
668.753 -0.645
668.722 -0.646
668.691 -0.647
668.661 -0.648
668.632 -0.649
668.603 -0.65
668.574 -0.651
668.547 -0.652
668.519 -0.653
668.493 -0.654
668.466 -0.655
668.441 -0.656
668.416 -0.657
668.391 -0.658
668.367 -0.659
668.344 -0.66
668.321 -0.661
668.299 -0.662
668.277 -0.663
668.256 -0.664
668.235 -0.665
668.215 -0.666
668.195 -0.667
668.177 -0.668
668.158 -0.669
668.141 -0.67
668.123 -0.671
668.107 -0.672
668.091 -0.673
668.076 -0.674
668.061 -0.675
668.047 -0.676
668.033 -0.677
668.02 -0.678
668.008 -0.679
667.997 -0.68
667.986 -0.681
667.975 -0.682
667.965 -0.683
667.956 -0.684
667.948 -0.685
667.94 -0.686
667.933 -0.687
667.926 -0.688
667.921 -0.689
667.915 -0.69
667.911 -0.691
667.907 -0.692
667.904 -0.693
667.901 -0.694
667.899 -0.695
667.898 -0.696
667.897 -0.697
667.898 -0.698
667.898 -0.699
667.9 -0.7
667.902 -0.701
667.905 -0.702
667.909 -0.703
667.913 -0.704
667.918 -0.705
667.924 -0.706
667.93 -0.707
667.937 -0.708
667.945 -0.709
667.953 -0.71
667.962 -0.711
667.972 -0.712
667.982 -0.713
667.994 -0.714
668.006 -0.715
668.018 -0.716
668.032 -0.717
668.046 -0.718
668.061 -0.719
668.077 -0.72
668.093 -0.721
668.11 -0.722
668.128 -0.723
668.147 -0.724
668.166 -0.725
668.187 -0.726
668.208 -0.727
668.229 -0.728
668.252 -0.729
668.275 -0.73
668.299 -0.731
668.324 -0.732
668.349 -0.733
668.376 -0.734
668.403 -0.735
668.431 -0.736
668.459 -0.737
668.489 -0.738
668.519 -0.739
668.55 -0.74
668.582 -0.741
668.615 -0.742
668.648 -0.743
668.683 -0.744
668.718 -0.745
668.754 -0.746
668.791 -0.747
668.828 -0.748
668.867 -0.749
668.906 -0.75
668.947 -0.751
668.987 -0.752
669.029 -0.753
669.072 -0.754
669.115 -0.755
669.159 -0.756
669.204 -0.757
669.25 -0.758
669.296 -0.759
669.344 -0.76
669.392 -0.761
669.441 -0.762
669.491 -0.763
669.542 -0.764
669.594 -0.765
669.647 -0.766
669.7 -0.767
669.754 -0.768
669.808 -0.769
669.864 -0.77
669.92 -0.771
669.977 -0.772
670.035 -0.773
670.094 -0.774
670.154 -0.775
670.214 -0.776
670.276 -0.777
670.338 -0.778
670.402 -0.779
670.466 -0.78
670.531 -0.781
670.597 -0.782
670.665 -0.783
670.733 -0.784
670.802 -0.785
670.871 -0.786
670.942 -0.787
671.014 -0.788
671.087 -0.789
671.16 -0.79
671.235 -0.791
671.311 -0.792
671.387 -0.793
671.464 -0.794
671.543 -0.795
671.622 -0.796
671.702 -0.797
671.783 -0.798
671.865 -0.799
671.948 -0.8
672.032 -0.801
672.116 -0.802
672.202 -0.803
672.289 -0.804
672.377 -0.805
672.466 -0.806
672.556 -0.807
672.647 -0.808
672.739 -0.809
672.832 -0.81
672.925 -0.811
673.019 -0.812
673.113 -0.813
673.208 -0.814
673.304 -0.815
673.401 -0.816
673.499 -0.817
673.605 -0.818
673.654 -0.819
673.709 -0.82
673.767 -0.821
673.764 -0.822
673.841 -0.823
673.938 -0.824
674.076 -0.825
674.232 -0.826
674.37 -0.827
674.5 -0.828
674.633 -0.829
674.748 -0.83
674.862 -0.831
674.978 -0.832
675.095 -0.833
675.213 -0.834
675.332 -0.835
675.453 -0.836
675.574 -0.837
675.697 -0.838
675.82 -0.839
675.945 -0.84
676.072 -0.841
676.199 -0.842
676.327 -0.843
676.456 -0.844
676.586 -0.845
676.717 -0.846
676.849 -0.847
676.982 -0.848
677.117 -0.849
677.252 -0.85
677.389 -0.851
677.527 -0.852
677.666 -0.853
677.806 -0.854
677.947 -0.855
678.09 -0.856
678.234 -0.857
678.38 -0.858
678.527 -0.859
678.676 -0.86
678.826 -0.861
678.978 -0.862
679.131 -0.863
679.285 -0.864
679.44 -0.865
679.596 -0.866
679.753 -0.867
679.912 -0.868
680.072 -0.869
680.233 -0.87
680.395 -0.871
680.558 -0.872
680.722 -0.873
680.888 -0.874
681.055 -0.875
681.223 -0.876
681.392 -0.877
681.562 -0.878
681.734 -0.879
681.907 -0.88
682.081 -0.881
682.256 -0.882
682.432 -0.883
682.61 -0.884
682.789 -0.885
682.969 -0.886
683.15 -0.887
683.333 -0.888
683.517 -0.889
683.702 -0.89
683.888 -0.891
684.076 -0.892
684.265 -0.893
684.456 -0.894
684.648 -0.895
684.842 -0.896
685.038 -0.897
685.235 -0.898
685.433 -0.899
685.633 -0.9
685.835 -0.901
686.038 -0.902
686.242 -0.903
686.448 -0.904
686.654 -0.905
686.862 -0.906
687.072 -0.907
687.282 -0.908
687.494 -0.909
687.707 -0.91
687.922 -0.911
688.138 -0.912
688.355 -0.913
688.573 -0.914
688.793 -0.915
689.014 -0.916
689.237 -0.917
689.46 -0.918
689.685 -0.919
689.912 -0.92
690.14 -0.921
690.369 -0.922
690.599 -0.923
690.831 -0.924
691.064 -0.925
691.299 -0.926
691.534 -0.927
691.77 -0.928
692.008 -0.929
692.247 -0.93
692.487 -0.931
692.728 -0.932
692.971 -0.933
693.215 -0.934
693.46 -0.935
693.706 -0.936
693.954 -0.937
694.204 -0.938
694.454 -0.939
694.706 -0.94
694.96 -0.941
695.214 -0.942
695.47 -0.943
695.727 -0.944
695.986 -0.945
696.246 -0.946
696.507 -0.947
696.77 -0.948
697.034 -0.949
697.3 -0.95
697.567 -0.951
697.836 -0.952
698.105 -0.953
698.376 -0.954
698.648 -0.955
698.922 -0.956
699.197 -0.957
699.474 -0.958
699.752 -0.959
700.031 -0.96
700.312 -0.961
700.594 -0.962
700.878 -0.963
701.163 -0.964
701.45 -0.965
701.738 -0.966
702.027 -0.967
702.318 -0.968
702.61 -0.969
702.901 -0.97
703.193 -0.971
703.486 -0.972
703.781 -0.973
704.077 -0.974
704.375 -0.975
704.674 -0.976
704.974 -0.977
705.276 -0.978
705.575 -0.979
705.873 -0.98
706.172 -0.981
706.471 -0.982
706.772 -0.983
707.073 -0.984
707.375 -0.985
707.679 -0.986
707.984 -0.987
708.286 -0.988
708.587 -0.989
708.889 -0.99
709.192 -0.991
709.496 -0.992
709.802 -0.993
710.109 -0.994
710.417 -0.995
710.725 -0.996
711.028 -0.997
711.331 -0.998
711.636 -0.999
711.942 -1
712.249 -1.001
712.558 -1.002
712.868 -1.003
713.18 -1.004
713.49 -1.005
713.795 -1.006
714.102 -1.007
714.41 -1.008
714.72 -1.009
715.031 -1.01
715.344 -1.011
715.658 -1.012
715.973 -1.013
716.279 -1.014
716.586 -1.015
716.893 -1.016
717.202 -1.017
717.513 -1.018
717.825 -1.019
718.138 -1.02
718.453 -1.021
718.769 -1.022
719.087 -1.023
719.406 -1.024
719.726 -1.025
720.048 -1.026
720.371 -1.027
720.696 -1.028
721.022 -1.029
721.349 -1.03
721.678 -1.031
722.008 -1.032
722.34 -1.033
722.673 -1.034
723.008 -1.035
723.344 -1.036
723.681 -1.037
724.02 -1.038
724.361 -1.039
724.702 -1.04
725.046 -1.041
725.39 -1.042
725.737 -1.043
726.084 -1.044
726.433 -1.045
726.784 -1.046
727.136 -1.047
727.489 -1.048
727.844 -1.049
728.201 -1.05
728.559 -1.051
728.919 -1.052
729.28 -1.053
729.642 -1.054
730.006 -1.055
730.371 -1.056
730.738 -1.057
731.107 -1.058
731.477 -1.059
731.848 -1.06
732.221 -1.061
732.596 -1.062
732.972 -1.063
733.35 -1.064
733.729 -1.065
734.109 -1.066
734.491 -1.067
734.875 -1.068
735.26 -1.069
735.647 -1.07
736.036 -1.071
736.426 -1.072
736.817 -1.073
737.21 -1.074
737.605 -1.075
738.001 -1.076
738.399 -1.077
738.798 -1.078
739.199 -1.079
739.601 -1.08
740.005 -1.081
740.411 -1.082
740.818 -1.083
741.226 -1.084
741.636 -1.085
742.048 -1.086
742.461 -1.087
742.876 -1.088
743.293 -1.089
743.711 -1.09
744.13 -1.091
744.552 -1.092
744.974 -1.093
745.399 -1.094
745.825 -1.095
746.253 -1.096
746.682 -1.097
747.113 -1.098
747.546 -1.099
747.98 -1.1
