11.5365 -0.001
23.0607 -0.002
34.5723 -0.003
46.0714 -0.004
57.5579 -0.005
69.0316 -0.006
80.4926 -0.007
91.9408 -0.008
103.376 -0.009
114.798 -0.01
126.207 -0.011
137.603 -0.012
148.986 -0.013
160.356 -0.014
171.712 -0.015
183.054 -0.016
194.383 -0.017
205.699 -0.018
217 -0.019
228.288 -0.02
239.562 -0.021
250.822 -0.022
262.068 -0.023
273.299 -0.024
284.517 -0.025
295.592 -0.026
305.497 -0.027
314.565 -0.028
323.205 -0.029
331.381 -0.03
339.528 -0.031
347.649 -0.032
355.742 -0.033
363.809 -0.034
371.856 -0.035
379.887 -0.036
387.907 -0.037
395.914 -0.038
403.909 -0.039
411.892 -0.04
419.862 -0.041
427.82 -0.042
435.766 -0.043
443.699 -0.044
451.619 -0.045
459.527 -0.046
467.421 -0.047
475.258 -0.048
482.729 -0.049
489.304 -0.05
494.683 -0.051
498.714 -0.052
500.978 -0.053
502.079 -0.054
502.833 -0.055
503.527 -0.056
504.192 -0.057
504.806 -0.058
505.385 -0.059
505.935 -0.06
506.454 -0.061
506.958 -0.062
507.438 -0.063
507.907 -0.064
508.364 -0.065
508.809 -0.066
509.25 -0.067
509.683 -0.068
510.112 -0.069
510.536 -0.07
510.957 -0.071
511.373 -0.072
511.784 -0.073
512.19 -0.074
512.589 -0.075
512.983 -0.076
513.371 -0.077
513.751 -0.078
514.127 -0.079
514.497 -0.08
514.859 -0.081
515.214 -0.082
515.565 -0.083
515.908 -0.084
516.244 -0.085
516.573 -0.086
516.898 -0.087
517.22 -0.088
517.534 -0.089
517.84 -0.09
518.141 -0.091
518.438 -0.092
518.73 -0.093
519.016 -0.094
519.294 -0.095
519.567 -0.096
519.835 -0.097
520.098 -0.098
520.357 -0.099
520.609 -0.1
520.855 -0.101
521.095 -0.102
521.333 -0.103
521.567 -0.104
521.796 -0.105
522.022 -0.106
522.243 -0.107
522.461 -0.108
522.675 -0.109
522.888 -0.11
523.096 -0.111
523.302 -0.112
523.504 -0.113
523.704 -0.114
523.901 -0.115
524.095 -0.116
524.287 -0.117
524.478 -0.118
524.667 -0.119
524.852 -0.12
525.035 -0.121
525.217 -0.122
525.397 -0.123
525.576 -0.124
525.753 -0.125
525.928 -0.126
526.1 -0.127
526.27 -0.128
526.439 -0.129
526.606 -0.13
526.771 -0.131
526.935 -0.132
527.096 -0.133
527.255 -0.134
527.413 -0.135
527.57 -0.136
527.725 -0.137
527.879 -0.138
528.031 -0.139
528.183 -0.14
528.333 -0.141
528.481 -0.142
528.628 -0.143
528.773 -0.144
528.917 -0.145
529.06 -0.146
529.201 -0.147
529.341 -0.148
529.48 -0.149
529.618 -0.15
529.754 -0.151
529.888 -0.152
530.022 -0.153
530.154 -0.154
530.285 -0.155
530.415 -0.156
530.544 -0.157
530.672 -0.158
530.799 -0.159
530.925 -0.16
531.049 -0.161
531.172 -0.162
531.295 -0.163
531.417 -0.164
531.537 -0.165
531.657 -0.166
531.775 -0.167
531.893 -0.168
532.009 -0.169
532.125 -0.17
532.239 -0.171
532.353 -0.172
532.466 -0.173
532.578 -0.174
532.689 -0.175
532.799 -0.176
532.909 -0.177
533.018 -0.178
533.126 -0.179
533.233 -0.18
533.34 -0.181
533.445 -0.182
533.55 -0.183
533.655 -0.184
533.759 -0.185
533.862 -0.186
533.964 -0.187
534.066 -0.188
534.167 -0.189
534.267 -0.19
534.367 -0.191
534.467 -0.192
534.566 -0.193
534.664 -0.194
534.762 -0.195
534.859 -0.196
534.956 -0.197
535.053 -0.198
535.149 -0.199
535.245 -0.2
535.34 -0.201
535.434 -0.202
535.529 -0.203
535.622 -0.204
535.716 -0.205
535.809 -0.206
535.902 -0.207
535.994 -0.208
536.086 -0.209
536.177 -0.21
536.269 -0.211
536.359 -0.212
536.45 -0.213
536.54 -0.214
536.63 -0.215
536.72 -0.216
536.809 -0.217
536.898 -0.218
536.987 -0.219
537.075 -0.22
537.163 -0.221
537.251 -0.222
537.338 -0.223
537.425 -0.224
537.512 -0.225
537.599 -0.226
537.685 -0.227
537.771 -0.228
537.857 -0.229
537.942 -0.23
538.027 -0.231
538.112 -0.232
538.197 -0.233
538.281 -0.234
538.365 -0.235
538.448 -0.236
538.532 -0.237
538.615 -0.238
538.698 -0.239
538.78 -0.24
538.862 -0.241
538.944 -0.242
539.026 -0.243
539.107 -0.244
539.188 -0.245
539.269 -0.246
539.35 -0.247
539.43 -0.248
539.51 -0.249
539.589 -0.25
539.668 -0.251
539.747 -0.252
539.826 -0.253
539.905 -0.254
539.983 -0.255
540.061 -0.256
540.139 -0.257
540.216 -0.258
540.293 -0.259
540.37 -0.26
540.446 -0.261
540.523 -0.262
540.599 -0.263
540.675 -0.264
540.75 -0.265
540.825 -0.266
540.9 -0.267
540.975 -0.268
541.049 -0.269
541.124 -0.27
541.198 -0.271
541.271 -0.272
541.345 -0.273
541.418 -0.274
541.491 -0.275
541.564 -0.276
541.636 -0.277
541.708 -0.278
541.78 -0.279
541.852 -0.28
541.924 -0.281
541.995 -0.282
542.066 -0.283
542.137 -0.284
542.208 -0.285
542.278 -0.286
542.348 -0.287
542.418 -0.288
542.488 -0.289
542.557 -0.29
542.627 -0.291
542.696 -0.292
542.765 -0.293
542.833 -0.294
542.902 -0.295
542.97 -0.296
543.038 -0.297
543.106 -0.298
543.174 -0.299
543.242 -0.3
543.309 -0.301
543.376 -0.302
543.443 -0.303
543.51 -0.304
543.577 -0.305
543.643 -0.306
543.709 -0.307
543.776 -0.308
543.842 -0.309
543.907 -0.31
543.973 -0.311
544.039 -0.312
544.104 -0.313
544.169 -0.314
544.234 -0.315
544.299 -0.316
544.364 -0.317
544.428 -0.318
544.493 -0.319
544.557 -0.32
544.621 -0.321
544.685 -0.322
544.749 -0.323
544.813 -0.324
544.876 -0.325
544.94 -0.326
545.003 -0.327
545.067 -0.328
545.13 -0.329
545.193 -0.33
545.256 -0.331
545.319 -0.332
545.381 -0.333
545.444 -0.334
545.507 -0.335
545.569 -0.336
545.631 -0.337
545.694 -0.338
545.756 -0.339
545.818 -0.34
545.88 -0.341
545.942 -0.342
546.003 -0.343
546.065 -0.344
546.127 -0.345
546.188 -0.346
546.25 -0.347
546.311 -0.348
546.372 -0.349
546.433 -0.35
546.495 -0.351
546.556 -0.352
546.617 -0.353
546.678 -0.354
546.738 -0.355
546.799 -0.356
546.86 -0.357
546.921 -0.358
546.981 -0.359
547.042 -0.36
547.102 -0.361
547.163 -0.362
547.223 -0.363
547.283 -0.364
547.344 -0.365
547.404 -0.366
547.464 -0.367
547.524 -0.368
547.584 -0.369
547.644 -0.37
547.704 -0.371
547.764 -0.372
547.824 -0.373
547.884 -0.374
547.944 -0.375
548.003 -0.376
548.063 -0.377
548.123 -0.378
548.182 -0.379
548.242 -0.38
548.302 -0.381
548.361 -0.382
548.421 -0.383
548.48 -0.384
548.54 -0.385
548.599 -0.386
548.658 -0.387
548.718 -0.388
548.777 -0.389
548.836 -0.39
548.895 -0.391
548.955 -0.392
549.014 -0.393
549.073 -0.394
549.132 -0.395
549.191 -0.396
549.25 -0.397
549.309 -0.398
549.368 -0.399
549.427 -0.4
549.486 -0.401
549.545 -0.402
549.604 -0.403
549.663 -0.404
549.722 -0.405
549.781 -0.406
549.839 -0.407
549.898 -0.408
549.957 -0.409
550.016 -0.41
550.075 -0.411
550.133 -0.412
550.192 -0.413
550.251 -0.414
550.309 -0.415
550.368 -0.416
550.427 -0.417
550.485 -0.418
550.544 -0.419
550.603 -0.42
550.661 -0.421
550.72 -0.422
550.778 -0.423
550.837 -0.424
550.896 -0.425
550.954 -0.426
551.013 -0.427
551.071 -0.428
551.13 -0.429
551.188 -0.43
551.247 -0.431
551.305 -0.432
551.364 -0.433
551.422 -0.434
551.481 -0.435
551.539 -0.436
551.598 -0.437
551.656 -0.438
551.715 -0.439
551.773 -0.44
551.832 -0.441
551.89 -0.442
551.949 -0.443
552.007 -0.444
552.066 -0.445
552.125 -0.446
552.183 -0.447
552.242 -0.448
552.3 -0.449
552.359 -0.45
552.417 -0.451
552.476 -0.452
552.534 -0.453
552.593 -0.454
552.652 -0.455
552.71 -0.456
552.769 -0.457
552.827 -0.458
552.886 -0.459
552.945 -0.46
553.003 -0.461
553.062 -0.462
553.121 -0.463
553.179 -0.464
553.238 -0.465
553.297 -0.466
553.356 -0.467
553.414 -0.468
553.473 -0.469
553.532 -0.47
553.591 -0.471
553.65 -0.472
553.708 -0.473
553.767 -0.474
553.826 -0.475
553.885 -0.476
553.944 -0.477
554.003 -0.478
554.062 -0.479
554.121 -0.48
554.18 -0.481
554.239 -0.482
554.298 -0.483
554.358 -0.484
554.417 -0.485
554.476 -0.486
554.535 -0.487
554.594 -0.488
554.654 -0.489
554.713 -0.49
554.772 -0.491
554.832 -0.492
554.891 -0.493
554.951 -0.494
555.01 -0.495
555.07 -0.496
555.129 -0.497
555.189 -0.498
555.248 -0.499
555.308 -0.5
555.368 -0.501
555.427 -0.502
555.487 -0.503
555.547 -0.504
555.607 -0.505
555.667 -0.506
555.727 -0.507
555.787 -0.508
555.847 -0.509
555.907 -0.51
555.967 -0.511
556.027 -0.512
556.087 -0.513
556.148 -0.514
556.208 -0.515
556.268 -0.516
556.329 -0.517
556.389 -0.518
556.45 -0.519
556.51 -0.52
556.571 -0.521
556.631 -0.522
556.692 -0.523
556.753 -0.524
556.814 -0.525
556.875 -0.526
556.935 -0.527
556.996 -0.528
557.057 -0.529
557.119 -0.53
557.18 -0.531
557.241 -0.532
557.302 -0.533
557.363 -0.534
557.425 -0.535
557.486 -0.536
557.548 -0.537
557.609 -0.538
557.671 -0.539
557.733 -0.54
557.794 -0.541
557.856 -0.542
557.918 -0.543
557.98 -0.544
558.042 -0.545
558.104 -0.546
558.166 -0.547
558.228 -0.548
558.291 -0.549
558.353 -0.55
558.415 -0.551
558.478 -0.552
558.54 -0.553
558.603 -0.554
558.665 -0.555
558.728 -0.556
558.791 -0.557
558.854 -0.558
558.917 -0.559
558.98 -0.56
559.043 -0.561
559.106 -0.562
559.169 -0.563
559.233 -0.564
559.296 -0.565
559.36 -0.566
559.423 -0.567
559.487 -0.568
559.551 -0.569
559.614 -0.57
559.678 -0.571
559.742 -0.572
559.806 -0.573
559.87 -0.574
559.934 -0.575
559.999 -0.576
560.063 -0.577
560.128 -0.578
560.192 -0.579
560.257 -0.58
560.321 -0.581
560.386 -0.582
560.451 -0.583
560.516 -0.584
560.581 -0.585
560.646 -0.586
560.711 -0.587
560.777 -0.588
560.842 -0.589
560.908 -0.59
560.973 -0.591
561.039 -0.592
561.105 -0.593
561.171 -0.594
561.237 -0.595
561.303 -0.596
561.369 -0.597
561.435 -0.598
561.501 -0.599
561.568 -0.6
561.634 -0.601
561.701 -0.602
561.768 -0.603
561.835 -0.604
561.902 -0.605
561.969 -0.606
562.036 -0.607
562.103 -0.608
562.17 -0.609
562.238 -0.61
562.305 -0.611
562.373 -0.612
562.441 -0.613
562.509 -0.614
562.577 -0.615
562.645 -0.616
562.713 -0.617
562.781 -0.618
562.85 -0.619
562.918 -0.62
562.987 -0.621
563.056 -0.622
563.124 -0.623
563.193 -0.624
563.262 -0.625
563.332 -0.626
563.401 -0.627
563.47 -0.628
563.54 -0.629
563.609 -0.63
563.679 -0.631
563.749 -0.632
563.819 -0.633
563.889 -0.634
563.959 -0.635
564.029 -0.636
564.1 -0.637
564.17 -0.638
564.241 -0.639
564.312 -0.64
564.383 -0.641
564.454 -0.642
564.525 -0.643
564.596 -0.644
564.668 -0.645
564.739 -0.646
564.811 -0.647
564.882 -0.648
564.954 -0.649
565.026 -0.65
565.098 -0.651
565.171 -0.652
565.243 -0.653
565.316 -0.654
565.388 -0.655
565.461 -0.656
565.534 -0.657
565.607 -0.658
565.68 -0.659
565.753 -0.66
565.827 -0.661
565.9 -0.662
565.974 -0.663
566.048 -0.664
566.122 -0.665
566.196 -0.666
566.27 -0.667
566.344 -0.668
566.419 -0.669
566.494 -0.67
566.568 -0.671
566.643 -0.672
566.718 -0.673
566.793 -0.674
566.869 -0.675
566.944 -0.676
567.02 -0.677
567.095 -0.678
567.171 -0.679
567.247 -0.68
567.324 -0.681
567.4 -0.682
567.476 -0.683
567.553 -0.684
567.63 -0.685
567.706 -0.686
567.783 -0.687
567.861 -0.688
567.938 -0.689
568.015 -0.69
568.093 -0.691
568.171 -0.692
568.249 -0.693
568.327 -0.694
568.405 -0.695
568.483 -0.696
568.562 -0.697
568.64 -0.698
568.719 -0.699
568.798 -0.7
568.877 -0.701
568.957 -0.702
569.036 -0.703
569.115 -0.704
569.195 -0.705
569.275 -0.706
569.355 -0.707
569.435 -0.708
569.516 -0.709
569.596 -0.71
569.677 -0.711
569.758 -0.712
569.839 -0.713
569.92 -0.714
570.001 -0.715
570.083 -0.716
570.164 -0.717
570.246 -0.718
570.328 -0.719
570.41 -0.72
570.492 -0.721
570.575 -0.722
570.658 -0.723
570.74 -0.724
570.823 -0.725
570.906 -0.726
570.99 -0.727
571.073 -0.728
571.157 -0.729
571.241 -0.73
571.324 -0.731
571.409 -0.732
571.493 -0.733
571.577 -0.734
571.662 -0.735
571.747 -0.736
571.832 -0.737
571.917 -0.738
572.002 -0.739
572.088 -0.74
572.174 -0.741
572.26 -0.742
572.346 -0.743
572.432 -0.744
572.518 -0.745
572.605 -0.746
572.692 -0.747
572.779 -0.748
572.866 -0.749
572.953 -0.75
573.041 -0.751
573.128 -0.752
573.216 -0.753
573.304 -0.754
573.393 -0.755
573.481 -0.756
573.57 -0.757
573.659 -0.758
573.748 -0.759
573.837 -0.76
573.926 -0.761
574.016 -0.762
574.106 -0.763
574.196 -0.764
574.286 -0.765
574.376 -0.766
574.467 -0.767
574.557 -0.768
574.648 -0.769
574.74 -0.77
574.831 -0.771
574.922 -0.772
575.014 -0.773
575.106 -0.774
575.198 -0.775
575.291 -0.776
575.383 -0.777
575.476 -0.778
575.569 -0.779
575.662 -0.78
575.756 -0.781
575.849 -0.782
575.943 -0.783
576.037 -0.784
576.131 -0.785
576.226 -0.786
576.321 -0.787
576.415 -0.788
576.511 -0.789
576.606 -0.79
576.701 -0.791
576.797 -0.792
576.893 -0.793
576.989 -0.794
577.085 -0.795
577.182 -0.796
577.279 -0.797
577.376 -0.798
577.473 -0.799
577.571 -0.8
577.668 -0.801
577.766 -0.802
577.864 -0.803
577.963 -0.804
578.061 -0.805
578.16 -0.806
578.259 -0.807
578.358 -0.808
578.457 -0.809
578.557 -0.81
578.657 -0.811
578.757 -0.812
578.857 -0.813
578.958 -0.814
579.059 -0.815
579.16 -0.816
579.261 -0.817
579.362 -0.818
579.464 -0.819
579.566 -0.82
579.668 -0.821
579.771 -0.822
579.873 -0.823
579.976 -0.824
580.079 -0.825
580.182 -0.826
580.286 -0.827
580.39 -0.828
580.494 -0.829
580.598 -0.83
580.703 -0.831
580.807 -0.832
580.912 -0.833
581.018 -0.834
581.123 -0.835
581.229 -0.836
581.335 -0.837
581.441 -0.838
581.548 -0.839
581.655 -0.84
581.762 -0.841
581.869 -0.842
581.976 -0.843
582.084 -0.844
582.192 -0.845
582.3 -0.846
582.409 -0.847
582.518 -0.848
582.627 -0.849
582.736 -0.85
582.845 -0.851
582.955 -0.852
583.065 -0.853
583.176 -0.854
583.286 -0.855
583.397 -0.856
583.508 -0.857
583.619 -0.858
583.731 -0.859
583.843 -0.86
583.955 -0.861
584.067 -0.862
584.18 -0.863
584.293 -0.864
584.406 -0.865
584.52 -0.866
584.633 -0.867
584.747 -0.868
584.862 -0.869
584.976 -0.87
585.091 -0.871
585.206 -0.872
585.321 -0.873
585.437 -0.874
585.553 -0.875
585.669 -0.876
585.785 -0.877
585.902 -0.878
586.019 -0.879
586.136 -0.88
586.254 -0.881
586.371 -0.882
586.49 -0.883
586.608 -0.884
586.726 -0.885
586.845 -0.886
586.965 -0.887
587.084 -0.888
587.204 -0.889
587.324 -0.89
587.444 -0.891
587.564 -0.892
587.685 -0.893
587.806 -0.894
587.928 -0.895
588.049 -0.896
588.171 -0.897
588.293 -0.898
588.416 -0.899
588.539 -0.9
588.662 -0.901
588.785 -0.902
588.909 -0.903
589.033 -0.904
589.157 -0.905
589.281 -0.906
589.406 -0.907
589.531 -0.908
589.657 -0.909
589.782 -0.91
589.908 -0.911
590.034 -0.912
590.161 -0.913
590.288 -0.914
590.415 -0.915
590.542 -0.916
590.67 -0.917
590.798 -0.918
590.927 -0.919
591.055 -0.92
591.184 -0.921
591.313 -0.922
591.443 -0.923
591.573 -0.924
591.703 -0.925
591.833 -0.926
591.964 -0.927
592.095 -0.928
592.227 -0.929
592.358 -0.93
592.491 -0.931
592.623 -0.932
592.756 -0.933
592.888 -0.934
593.022 -0.935
593.155 -0.936
593.289 -0.937
593.423 -0.938
593.558 -0.939
593.692 -0.94
593.827 -0.941
593.963 -0.942
594.098 -0.943
594.234 -0.944
594.371 -0.945
594.507 -0.946
594.644 -0.947
594.782 -0.948
594.919 -0.949
595.056 -0.95
595.194 -0.951
595.332 -0.952
595.47 -0.953
595.608 -0.954
595.747 -0.955
595.886 -0.956
596.026 -0.957
596.166 -0.958
596.306 -0.959
596.446 -0.96
596.587 -0.961
596.728 -0.962
596.87 -0.963
597.011 -0.964
597.153 -0.965
597.296 -0.966
597.438 -0.967
597.581 -0.968
597.724 -0.969
597.868 -0.97
598.011 -0.971
598.155 -0.972
598.3 -0.973
598.444 -0.974
598.59 -0.975
598.735 -0.976
598.88 -0.977
599.026 -0.978
599.172 -0.979
599.318 -0.98
599.465 -0.981
599.612 -0.982
599.759 -0.983
599.907 -0.984
600.055 -0.985
600.204 -0.986
600.352 -0.987
600.502 -0.988
600.651 -0.989
600.801 -0.99
600.951 -0.991
601.101 -0.992
601.252 -0.993
601.404 -0.994
601.555 -0.995
601.707 -0.996
601.859 -0.997
602.012 -0.998
602.165 -0.999
602.319 -1
