13.8986 -0.001
27.749 -0.002
41.5506 -0.003
55.3029 -0.004
69.0053 -0.005
82.6574 -0.006
96.2584 -0.007
109.808 -0.008
123.305 -0.009
136.749 -0.01
150.139 -0.011
163.475 -0.012
176.755 -0.013
189.979 -0.014
203.146 -0.015
216.255 -0.016
229.304 -0.017
242.294 -0.018
255.221 -0.019
268.086 -0.02
280.887 -0.021
293.622 -0.022
306.29 -0.023
318.735 -0.024
330.368 -0.025
340.846 -0.026
351.201 -0.027
361.479 -0.028
371.699 -0.029
381.836 -0.03
391.908 -0.031
401.915 -0.032
411.838 -0.033
421.699 -0.034
431.482 -0.035
441.2 -0.036
450.761 -0.037
459.547 -0.038
466.795 -0.039
471.966 -0.04
476.892 -0.041
481.747 -0.042
486.531 -0.043
491.248 -0.044
495.895 -0.045
500.495 -0.046
505.062 -0.047
509.583 -0.048
514.061 -0.049
518.467 -0.05
522.855 -0.051
526.969 -0.052
530.829 -0.053
534.556 -0.054
538.008 -0.055
541.128 -0.056
544.143 -0.057
547.118 -0.058
550.061 -0.059
552.973 -0.06
555.853 -0.061
558.701 -0.062
561.518 -0.063
564.307 -0.064
567.068 -0.065
569.803 -0.066
572.512 -0.067
575.159 -0.068
577.697 -0.069
580.162 -0.07
582.542 -0.071
584.701 -0.072
586.724 -0.073
588.729 -0.074
590.539 -0.075
591.993 -0.076
593.402 -0.077
594.796 -0.078
596.174 -0.079
597.376 -0.08
598.248 -0.081
599.107 -0.082
599.953 -0.083
600.551 -0.084
600.912 -0.085
601.256 -0.086
601.589 -0.087
601.897 -0.088
602.174 -0.089
602.42 -0.09
602.65 -0.091
602.867 -0.092
603.071 -0.093
603.266 -0.094
603.45 -0.095
603.594 -0.096
603.698 -0.097
603.76 -0.098
603.803 -0.099
603.84 -0.1
603.871 -0.101
603.895 -0.102
603.915 -0.103
603.929 -0.104
603.932 -0.105
603.924 -0.106
603.912 -0.107
603.897 -0.108
603.88 -0.109
603.86 -0.11
603.835 -0.111
603.788 -0.112
603.721 -0.113
603.631 -0.114
603.52 -0.115
603.406 -0.116
603.289 -0.117
603.168 -0.118
603.042 -0.119
602.911 -0.12
602.775 -0.121
602.636 -0.122
602.492 -0.123
602.346 -0.124
602.197 -0.125
602.047 -0.126
601.894 -0.127
601.739 -0.128
601.583 -0.129
601.424 -0.13
601.264 -0.131
601.103 -0.132
600.941 -0.133
600.779 -0.134
600.615 -0.135
600.45 -0.136
600.283 -0.137
600.115 -0.138
599.945 -0.139
599.772 -0.14
599.597 -0.141
599.421 -0.142
599.242 -0.143
599.061 -0.144
598.879 -0.145
598.696 -0.146
598.511 -0.147
598.33 -0.148
598.152 -0.149
597.979 -0.15
597.804 -0.151
597.628 -0.152
597.451 -0.153
597.272 -0.154
597.089 -0.155
596.902 -0.156
596.712 -0.157
596.52 -0.158
596.328 -0.159
596.135 -0.16
595.938 -0.161
595.735 -0.162
595.528 -0.163
595.317 -0.164
595.105 -0.165
594.891 -0.166
594.677 -0.167
594.462 -0.168
594.246 -0.169
594.028 -0.17
593.806 -0.171
593.581 -0.172
593.358 -0.173
593.141 -0.174
592.931 -0.175
592.726 -0.176
592.523 -0.177
592.319 -0.178
592.116 -0.179
591.914 -0.18
591.713 -0.181
591.512 -0.182
591.312 -0.183
591.114 -0.184
590.916 -0.185
590.718 -0.186
590.522 -0.187
590.327 -0.188
590.132 -0.189
589.937 -0.19
589.743 -0.191
589.55 -0.192
589.357 -0.193
589.164 -0.194
588.972 -0.195
588.78 -0.196
588.589 -0.197
588.398 -0.198
588.208 -0.199
588.018 -0.2
587.828 -0.201
587.639 -0.202
587.449 -0.203
587.264 -0.204
587.083 -0.205
586.907 -0.206
586.732 -0.207
586.557 -0.208
586.383 -0.209
586.21 -0.21
586.039 -0.211
585.87 -0.212
585.703 -0.213
585.537 -0.214
585.37 -0.215
585.204 -0.216
585.039 -0.217
584.873 -0.218
584.708 -0.219
584.543 -0.22
584.378 -0.221
584.212 -0.222
584.047 -0.223
583.881 -0.224
583.719 -0.225
583.557 -0.226
583.396 -0.227
583.237 -0.228
583.079 -0.229
582.921 -0.23
582.766 -0.231
582.611 -0.232
582.457 -0.233
582.306 -0.234
582.155 -0.235
582.005 -0.236
581.858 -0.237
581.712 -0.238
581.566 -0.239
581.423 -0.24
581.281 -0.241
581.139 -0.242
580.999 -0.243
580.859 -0.244
580.721 -0.245
580.586 -0.246
580.457 -0.247
580.33 -0.248
580.204 -0.249
580.079 -0.25
579.957 -0.251
579.838 -0.252
579.722 -0.253
579.609 -0.254
579.497 -0.255
579.386 -0.256
579.275 -0.257
579.166 -0.258
579.057 -0.259
578.949 -0.26
578.841 -0.261
578.734 -0.262
578.627 -0.263
578.522 -0.264
578.417 -0.265
578.312 -0.266
578.208 -0.267
578.105 -0.268
578.002 -0.269
577.9 -0.27
577.798 -0.271
577.697 -0.272
577.596 -0.273
577.495 -0.274
577.395 -0.275
577.295 -0.276
577.195 -0.277
577.095 -0.278
576.997 -0.279
576.899 -0.28
576.801 -0.281
576.705 -0.282
576.609 -0.283
576.513 -0.284
576.417 -0.285
576.32 -0.286
576.223 -0.287
576.125 -0.288
576.025 -0.289
575.923 -0.29
575.82 -0.291
575.714 -0.292
575.605 -0.293
575.494 -0.294
575.38 -0.295
575.263 -0.296
575.143 -0.297
575.019 -0.298
574.891 -0.299
574.756 -0.3
574.607 -0.301
574.434 -0.302
574.241 -0.303
574.031 -0.304
573.828 -0.305
573.64 -0.306
573.491 -0.307
573.366 -0.308
573.276 -0.309
573.203 -0.31
573.132 -0.311
573.056 -0.312
572.978 -0.313
572.905 -0.314
572.838 -0.315
572.771 -0.316
572.703 -0.317
572.645 -0.318
572.587 -0.319
572.54 -0.32
572.518 -0.321
572.503 -0.322
572.497 -0.323
572.496 -0.324
572.502 -0.325
572.506 -0.326
572.512 -0.327
572.52 -0.328
572.53 -0.329
572.542 -0.33
572.555 -0.331
572.57 -0.332
572.587 -0.333
572.605 -0.334
572.626 -0.335
572.65 -0.336
572.675 -0.337
572.703 -0.338
572.732 -0.339
572.764 -0.34
572.798 -0.341
572.834 -0.342
572.873 -0.343
572.914 -0.344
572.958 -0.345
573.004 -0.346
573.053 -0.347
573.105 -0.348
573.159 -0.349
573.215 -0.35
573.274 -0.351
573.34 -0.352
573.426 -0.353
573.517 -0.354
573.607 -0.355
573.696 -0.356
573.787 -0.357
573.884 -0.358
573.991 -0.359
574.102 -0.36
574.216 -0.361
574.329 -0.362
574.443 -0.363
574.56 -0.364
574.678 -0.365
574.799 -0.366
574.922 -0.367
575.047 -0.368
575.174 -0.369
575.304 -0.37
575.435 -0.371
575.569 -0.372
575.705 -0.373
575.842 -0.374
575.982 -0.375
576.124 -0.376
576.267 -0.377
576.413 -0.378
576.56 -0.379
576.709 -0.38
576.86 -0.381
577.013 -0.382
577.169 -0.383
577.326 -0.384
577.481 -0.385
577.637 -0.386
577.795 -0.387
577.954 -0.388
578.115 -0.389
578.277 -0.39
578.44 -0.391
578.604 -0.392
578.768 -0.393
578.933 -0.394
579.098 -0.395
579.259 -0.396
579.42 -0.397
579.58 -0.398
579.741 -0.399
579.903 -0.4
580.066 -0.401
580.229 -0.402
580.391 -0.403
580.564 -0.404
580.738 -0.405
580.92 -0.406
581.103 -0.407
581.29 -0.408
581.506 -0.409
581.718 -0.41
581.921 -0.411
582.128 -0.412
582.338 -0.413
582.547 -0.414
582.759 -0.415
582.973 -0.416
583.187 -0.417
583.408 -0.418
583.631 -0.419
583.854 -0.42
584.08 -0.421
584.31 -0.422
584.541 -0.423
584.775 -0.424
585.008 -0.425
585.243 -0.426
585.464 -0.427
585.637 -0.428
585.813 -0.429
585.992 -0.43
586.175 -0.431
586.362 -0.432
586.552 -0.433
586.747 -0.434
586.943 -0.435
587.142 -0.436
587.343 -0.437
587.546 -0.438
587.752 -0.439
587.961 -0.44
588.172 -0.441
588.388 -0.442
588.605 -0.443
588.826 -0.444
589.048 -0.445
589.266 -0.446
589.469 -0.447
589.674 -0.448
589.882 -0.449
590.092 -0.45
590.305 -0.451
590.522 -0.452
590.744 -0.453
590.968 -0.454
591.199 -0.455
591.436 -0.456
591.681 -0.457
591.931 -0.458
592.187 -0.459
592.445 -0.46
592.706 -0.461
592.971 -0.462
593.238 -0.463
593.506 -0.464
593.782 -0.465
594.067 -0.466
594.358 -0.467
594.651 -0.468
594.946 -0.469
595.245 -0.47
595.545 -0.471
595.847 -0.472
596.141 -0.473
596.423 -0.474
596.699 -0.475
596.978 -0.476
597.258 -0.477
597.541 -0.478
597.826 -0.479
598.113 -0.48
598.403 -0.481
598.695 -0.482
598.989 -0.483
599.286 -0.484
599.585 -0.485
599.886 -0.486
600.19 -0.487
600.492 -0.488
600.796 -0.489
601.102 -0.49
601.405 -0.491
601.71 -0.492
602.013 -0.493
602.313 -0.494
602.615 -0.495
602.898 -0.496
603.176 -0.497
603.455 -0.498
603.733 -0.499
604.013 -0.5
604.294 -0.501
604.571 -0.502
604.844 -0.503
605.116 -0.504
605.391 -0.505
605.668 -0.506
605.948 -0.507
606.23 -0.508
606.513 -0.509
606.798 -0.51
607.086 -0.511
607.376 -0.512
607.668 -0.513
607.962 -0.514
608.258 -0.515
608.559 -0.516
608.87 -0.517
609.185 -0.518
609.503 -0.519
609.824 -0.52
610.146 -0.521
610.472 -0.522
610.801 -0.523
611.131 -0.524
611.464 -0.525
611.8 -0.526
612.138 -0.527
612.479 -0.528
612.822 -0.529
613.167 -0.53
613.514 -0.531
613.864 -0.532
614.216 -0.533
614.567 -0.534
614.918 -0.535
615.267 -0.536
615.616 -0.537
615.964 -0.538
616.309 -0.539
616.653 -0.54
616.995 -0.541
617.335 -0.542
617.674 -0.543
618.013 -0.544
618.349 -0.545
618.683 -0.546
619.012 -0.547
619.342 -0.548
619.674 -0.549
620.008 -0.55
620.345 -0.551
620.685 -0.552
621.028 -0.553
621.373 -0.554
621.721 -0.555
622.07 -0.556
622.422 -0.557
622.777 -0.558
623.138 -0.559
623.504 -0.56
623.872 -0.561
624.241 -0.562
624.61 -0.563
624.979 -0.564
625.349 -0.565
625.717 -0.566
626.087 -0.567
626.455 -0.568
626.824 -0.569
627.19 -0.57
627.557 -0.571
627.925 -0.572
628.295 -0.573
628.667 -0.574
629.042 -0.575
629.418 -0.576
629.797 -0.577
630.177 -0.578
630.559 -0.579
630.943 -0.58
631.327 -0.581
631.713 -0.582
632.1 -0.583
632.489 -0.584
632.878 -0.585
633.268 -0.586
633.659 -0.587
634.052 -0.588
634.447 -0.589
634.844 -0.59
635.243 -0.591
635.645 -0.592
636.048 -0.593
636.454 -0.594
636.862 -0.595
637.273 -0.596
637.685 -0.597
638.097 -0.598
638.509 -0.599
638.921 -0.6
639.33 -0.601
639.734 -0.602
640.14 -0.603
640.548 -0.604
640.958 -0.605
641.37 -0.606
641.783 -0.607
642.195 -0.608
642.599 -0.609
643.004 -0.61
643.41 -0.611
643.819 -0.612
644.23 -0.613
644.644 -0.614
645.059 -0.615
645.477 -0.616
645.896 -0.617
646.319 -0.618
646.743 -0.619
647.17 -0.62
647.598 -0.621
648.029 -0.622
648.462 -0.623
648.898 -0.624
649.335 -0.625
649.775 -0.626
650.217 -0.627
650.662 -0.628
651.109 -0.629
651.557 -0.63
652.008 -0.631
652.462 -0.632
652.918 -0.633
653.376 -0.634
653.836 -0.635
654.299 -0.636
654.764 -0.637
655.232 -0.638
655.701 -0.639
656.173 -0.64
656.648 -0.641
657.124 -0.642
657.603 -0.643
658.084 -0.644
658.567 -0.645
659.053 -0.646
659.541 -0.647
660.032 -0.648
660.525 -0.649
661.021 -0.65
661.519 -0.651
662.019 -0.652
662.521 -0.653
663.026 -0.654
663.533 -0.655
664.042 -0.656
664.553 -0.657
665.066 -0.658
665.582 -0.659
666.1 -0.66
666.622 -0.661
667.147 -0.662
667.675 -0.663
668.206 -0.664
668.741 -0.665
669.278 -0.666
669.818 -0.667
670.36 -0.668
670.905 -0.669
671.45 -0.67
671.987 -0.671
672.527 -0.672
673.067 -0.673
673.61 -0.674
674.155 -0.675
674.702 -0.676
675.252 -0.677
675.805 -0.678
676.359 -0.679
676.915 -0.68
677.474 -0.681
678.036 -0.682
678.6 -0.683
679.167 -0.684
679.736 -0.685
680.308 -0.686
680.882 -0.687
681.459 -0.688
682.03 -0.689
682.6 -0.69
683.172 -0.691
683.745 -0.692
684.32 -0.693
684.898 -0.694
685.477 -0.695
686.059 -0.696
686.639 -0.697
687.217 -0.698
687.797 -0.699
688.38 -0.7
688.964 -0.701
689.55 -0.702
690.123 -0.703
690.683 -0.704
691.244 -0.705
691.803 -0.706
692.361 -0.707
692.92 -0.708
693.482 -0.709
694.041 -0.71
694.604 -0.711
695.171 -0.712
695.739 -0.713
696.308 -0.714
696.88 -0.715
697.445 -0.716
698.011 -0.717
698.579 -0.718
699.149 -0.719
699.722 -0.72
700.297 -0.721
700.868 -0.722
701.44 -0.723
702.015 -0.724
702.591 -0.725
703.165 -0.726
703.742 -0.727
704.321 -0.728
704.903 -0.729
705.486 -0.73
706.073 -0.731
706.662 -0.732
707.253 -0.733
707.846 -0.734
708.441 -0.735
709.038 -0.736
709.637 -0.737
710.237 -0.738
710.837 -0.739
711.439 -0.74
712.039 -0.741
712.638 -0.742
713.238 -0.743
713.84 -0.744
714.444 -0.745
715.051 -0.746
715.66 -0.747
716.272 -0.748
716.886 -0.749
717.503 -0.75
718.122 -0.751
718.744 -0.752
719.369 -0.753
719.996 -0.754
720.626 -0.755
721.258 -0.756
721.893 -0.757
722.531 -0.758
723.169 -0.759
723.811 -0.76
724.455 -0.761
725.102 -0.762
725.752 -0.763
726.404 -0.764
727.059 -0.765
727.717 -0.766
728.38 -0.767
729.044 -0.768
729.71 -0.769
730.377 -0.77
731.047 -0.771
731.719 -0.772
732.393 -0.773
733.071 -0.774
733.751 -0.775
734.434 -0.776
735.119 -0.777
735.808 -0.778
736.499 -0.779
737.194 -0.78
737.892 -0.781
738.593 -0.782
739.296 -0.783
740.002 -0.784
740.711 -0.785
741.42 -0.786
742.133 -0.787
742.848 -0.788
743.566 -0.789
744.284 -0.79
744.998 -0.791
745.712 -0.792
746.429 -0.793
747.148 -0.794
747.869 -0.795
748.585 -0.796
749.283 -0.797
749.98 -0.798
750.681 -0.799
751.384 -0.8
752.09 -0.801
752.798 -0.802
753.508 -0.803
754.214 -0.804
754.902 -0.805
755.591 -0.806
756.282 -0.807
756.975 -0.808
757.665 -0.809
758.353 -0.81
759.044 -0.811
759.736 -0.812
760.431 -0.813
761.128 -0.814
761.827 -0.815
762.526 -0.816
763.229 -0.817
763.933 -0.818
764.639 -0.819
765.348 -0.82
766.059 -0.821
766.772 -0.822
767.488 -0.823
768.205 -0.824
768.925 -0.825
769.647 -0.826
770.372 -0.827
771.098 -0.828
771.827 -0.829
772.558 -0.83
773.291 -0.831
774.027 -0.832
774.761 -0.833
775.493 -0.834
776.227 -0.835
776.962 -0.836
777.687 -0.837
778.408 -0.838
779.131 -0.839
779.856 -0.84
780.584 -0.841
781.314 -0.842
782.046 -0.843
782.779 -0.844
783.516 -0.845
784.254 -0.846
784.994 -0.847
785.736 -0.848
786.481 -0.849
787.227 -0.85
787.976 -0.851
788.72 -0.852
789.459 -0.853
790.202 -0.854
790.946 -0.855
791.692 -0.856
792.441 -0.857
793.192 -0.858
793.945 -0.859
794.698 -0.86
795.453 -0.861
796.21 -0.862
796.969 -0.863
797.73 -0.864
798.464 -0.865
799.181 -0.866
799.897 -0.867
800.593 -0.868
801.285 -0.869
801.978 -0.87
802.673 -0.871
803.37 -0.872
804.068 -0.873
804.768 -0.874
805.47 -0.875
806.174 -0.876
806.879 -0.877
807.586 -0.878
808.294 -0.879
809.005 -0.88
809.717 -0.881
810.431 -0.882
811.146 -0.883
811.864 -0.884
812.583 -0.885
813.304 -0.886
814.026 -0.887
814.75 -0.888
815.477 -0.889
816.204 -0.89
816.934 -0.891
817.663 -0.892
818.393 -0.893
819.125 -0.894
819.858 -0.895
820.594 -0.896
821.331 -0.897
822.069 -0.898
822.81 -0.899
823.553 -0.9
824.297 -0.901
825.042 -0.902
825.789 -0.903
826.536 -0.904
827.282 -0.905
828.03 -0.906
828.778 -0.907
829.528 -0.908
830.28 -0.909
831.033 -0.91
831.787 -0.911
832.539 -0.912
833.268 -0.913
833.989 -0.914
834.711 -0.915
835.435 -0.916
836.16 -0.917
836.887 -0.918
837.613 -0.919
838.336 -0.92
839.055 -0.921
839.766 -0.922
840.463 -0.923
841.138 -0.924
841.789 -0.925
842.367 -0.926
842.93 -0.927
843.473 -0.928
844.016 -0.929
844.558 -0.93
845.102 -0.931
845.645 -0.932
846.189 -0.933
846.734 -0.934
847.279 -0.935
847.824 -0.936
848.369 -0.937
848.915 -0.938
849.462 -0.939
850.009 -0.94
850.557 -0.941
851.106 -0.942
851.655 -0.943
852.205 -0.944
852.755 -0.945
853.286 -0.946
853.795 -0.947
854.302 -0.948
854.805 -0.949
855.307 -0.95
855.807 -0.951
856.301 -0.952
856.793 -0.953
857.284 -0.954
857.776 -0.955
858.266 -0.956
858.754 -0.957
859.242 -0.958
859.73 -0.959
860.218 -0.96
860.706 -0.961
861.194 -0.962
861.682 -0.963
862.169 -0.964
862.657 -0.965
863.145 -0.966
863.633 -0.967
864.12 -0.968
864.607 -0.969
865.095 -0.97
865.583 -0.971
866.071 -0.972
866.56 -0.973
867.048 -0.974
867.536 -0.975
868.024 -0.976
868.513 -0.977
869.001 -0.978
869.49 -0.979
869.978 -0.98
870.467 -0.981
870.955 -0.982
871.443 -0.983
871.932 -0.984
872.42 -0.985
872.907 -0.986
873.395 -0.987
873.882 -0.988
874.369 -0.989
874.856 -0.99
875.343 -0.991
875.831 -0.992
876.318 -0.993
876.805 -0.994
877.292 -0.995
877.779 -0.996
878.266 -0.997
878.753 -0.998
879.24 -0.999
879.727 -1
