2.89674 -0.001
5.79173 -0.002
8.68498 -0.003
11.5765 -0.004
14.4662 -0.005
17.3542 -0.006
20.2404 -0.007
23.1248 -0.008
26.0075 -0.009
28.8883 -0.01
31.7674 -0.011
34.6446 -0.012
37.5201 -0.013
40.3937 -0.014
43.2655 -0.015
46.1354 -0.016
49.0035 -0.017
51.8698 -0.018
54.7342 -0.019
57.5967 -0.02
60.4574 -0.021
63.3162 -0.022
66.1731 -0.023
69.0281 -0.024
71.8812 -0.025
74.7324 -0.026
77.5817 -0.027
80.429 -0.028
83.2745 -0.029
86.1179 -0.03
88.9594 -0.031
91.799 -0.032
94.6366 -0.033
97.4722 -0.034
100.306 -0.035
103.137 -0.036
105.967 -0.037
108.795 -0.038
111.62 -0.039
114.444 -0.04
117.265 -0.041
120.085 -0.042
122.902 -0.043
125.718 -0.044
128.531 -0.045
131.342 -0.046
134.151 -0.047
136.958 -0.048
139.763 -0.049
142.566 -0.05
145.366 -0.051
148.165 -0.052
150.961 -0.053
153.755 -0.054
156.547 -0.055
159.337 -0.056
162.125 -0.057
164.88 -0.058
167.498 -0.059
169.857 -0.06
171.777 -0.061
173.539 -0.062
175.129 -0.063
176.374 -0.064
177.483 -0.065
178.582 -0.066
179.674 -0.067
180.757 -0.068
181.834 -0.069
182.907 -0.07
183.977 -0.071
185.054 -0.072
186.131 -0.073
187.21 -0.074
188.287 -0.075
189.351 -0.076
190.387 -0.077
191.388 -0.078
192.328 -0.079
193.137 -0.08
193.881 -0.081
194.623 -0.082
195.364 -0.083
196.102 -0.084
196.839 -0.085
197.574 -0.086
198.306 -0.087
199.036 -0.088
199.763 -0.089
200.488 -0.09
201.21 -0.091
201.929 -0.092
202.644 -0.093
203.357 -0.094
204.066 -0.095
204.769 -0.096
205.463 -0.097
206.141 -0.098
206.79 -0.099
207.407 -0.1
207.989 -0.101
208.509 -0.102
208.981 -0.103
209.358 -0.104
209.601 -0.105
209.771 -0.106
209.938 -0.107
210.099 -0.108
210.257 -0.109
210.408 -0.11
210.556 -0.111
210.698 -0.112
210.837 -0.113
210.97 -0.114
211.101 -0.115
211.229 -0.116
211.355 -0.117
211.48 -0.118
211.601 -0.119
211.721 -0.12
211.84 -0.121
211.958 -0.122
212.076 -0.123
212.192 -0.124
212.308 -0.125
212.424 -0.126
212.54 -0.127
212.655 -0.128
212.769 -0.129
212.883 -0.13
212.996 -0.131
213.109 -0.132
213.222 -0.133
213.334 -0.134
213.446 -0.135
213.557 -0.136
213.667 -0.137
213.778 -0.138
213.887 -0.139
213.996 -0.14
214.105 -0.141
214.213 -0.142
214.32 -0.143
214.427 -0.144
214.533 -0.145
214.639 -0.146
214.743 -0.147
214.847 -0.148
214.949 -0.149
215.051 -0.15
215.153 -0.151
215.253 -0.152
215.352 -0.153
215.45 -0.154
215.549 -0.155
215.646 -0.156
215.742 -0.157
215.837 -0.158
215.931 -0.159
216.024 -0.16
216.117 -0.161
216.208 -0.162
216.299 -0.163
216.388 -0.164
216.477 -0.165
216.565 -0.166
216.653 -0.167
216.74 -0.168
216.825 -0.169
216.91 -0.17
216.994 -0.171
217.078 -0.172
217.16 -0.173
217.242 -0.174
217.323 -0.175
217.403 -0.176
217.481 -0.177
217.56 -0.178
217.637 -0.179
217.713 -0.18
217.789 -0.181
217.865 -0.182
217.94 -0.183
218.013 -0.184
218.086 -0.185
218.158 -0.186
218.229 -0.187
218.3 -0.188
218.37 -0.189
218.44 -0.19
218.508 -0.191
218.576 -0.192
218.644 -0.193
218.71 -0.194
218.776 -0.195
218.841 -0.196
218.906 -0.197
218.971 -0.198
219.035 -0.199
219.098 -0.2
219.161 -0.201
219.224 -0.202
219.286 -0.203
219.347 -0.204
219.408 -0.205
219.469 -0.206
219.529 -0.207
219.589 -0.208
219.648 -0.209
219.707 -0.21
219.765 -0.211
219.823 -0.212
219.881 -0.213
219.938 -0.214
219.995 -0.215
220.051 -0.216
220.107 -0.217
220.163 -0.218
220.218 -0.219
220.273 -0.22
220.327 -0.221
220.38 -0.222
220.434 -0.223
220.487 -0.224
220.539 -0.225
220.592 -0.226
220.643 -0.227
220.695 -0.228
220.746 -0.229
220.796 -0.23
220.846 -0.231
220.896 -0.232
220.945 -0.233
220.994 -0.234
221.043 -0.235
221.091 -0.236
221.139 -0.237
221.187 -0.238
221.234 -0.239
221.281 -0.24
221.327 -0.241
221.374 -0.242
221.419 -0.243
221.465 -0.244
221.51 -0.245
221.555 -0.246
221.599 -0.247
221.643 -0.248
221.686 -0.249
221.729 -0.25
221.772 -0.251
221.814 -0.252
221.856 -0.253
221.898 -0.254
221.939 -0.255
221.98 -0.256
222.021 -0.257
222.061 -0.258
222.1 -0.259
222.14 -0.26
222.179 -0.261
222.218 -0.262
222.256 -0.263
222.294 -0.264
222.332 -0.265
222.37 -0.266
222.407 -0.267
222.444 -0.268
222.48 -0.269
222.517 -0.27
222.553 -0.271
222.588 -0.272
222.624 -0.273
222.659 -0.274
222.693 -0.275
222.728 -0.276
222.762 -0.277
222.796 -0.278
222.829 -0.279
222.862 -0.28
222.895 -0.281
222.928 -0.282
222.96 -0.283
222.992 -0.284
223.024 -0.285
223.055 -0.286
223.086 -0.287
223.117 -0.288
223.147 -0.289
223.178 -0.29
223.207 -0.291
223.237 -0.292
223.266 -0.293
223.296 -0.294
223.324 -0.295
223.353 -0.296
223.381 -0.297
223.409 -0.298
223.437 -0.299
223.464 -0.3
223.492 -0.301
223.519 -0.302
223.546 -0.303
223.572 -0.304
223.599 -0.305
223.625 -0.306
223.651 -0.307
223.676 -0.308
223.702 -0.309
223.727 -0.31
223.753 -0.311
223.778 -0.312
223.803 -0.313
223.827 -0.314
223.852 -0.315
223.876 -0.316
223.9 -0.317
223.924 -0.318
223.948 -0.319
223.971 -0.32
223.995 -0.321
224.018 -0.322
224.042 -0.323
224.065 -0.324
224.088 -0.325
224.11 -0.326
224.133 -0.327
224.156 -0.328
224.178 -0.329
224.2 -0.33
224.222 -0.331
224.244 -0.332
224.266 -0.333
224.288 -0.334
224.31 -0.335
224.331 -0.336
224.353 -0.337
224.374 -0.338
224.395 -0.339
224.416 -0.34
224.437 -0.341
224.458 -0.342
224.479 -0.343
224.499 -0.344
224.52 -0.345
224.54 -0.346
224.561 -0.347
224.581 -0.348
224.601 -0.349
224.621 -0.35
224.641 -0.351
224.66 -0.352
224.68 -0.353
224.7 -0.354
224.719 -0.355
224.739 -0.356
224.758 -0.357
224.778 -0.358
224.797 -0.359
224.816 -0.36
224.835 -0.361
224.854 -0.362
224.873 -0.363
224.892 -0.364
224.911 -0.365
224.929 -0.366
224.948 -0.367
224.967 -0.368
224.985 -0.369
225.004 -0.37
225.023 -0.371
225.041 -0.372
225.059 -0.373
225.078 -0.374
225.096 -0.375
225.115 -0.376
225.133 -0.377
225.151 -0.378
225.169 -0.379
225.188 -0.38
225.206 -0.381
225.224 -0.382
225.242 -0.383
225.26 -0.384
225.278 -0.385
225.297 -0.386
225.315 -0.387
225.333 -0.388
225.35 -0.389
225.368 -0.39
225.386 -0.391
225.404 -0.392
225.422 -0.393
225.44 -0.394
225.458 -0.395
225.476 -0.396
225.493 -0.397
225.511 -0.398
225.529 -0.399
225.547 -0.4
225.564 -0.401
225.582 -0.402
225.6 -0.403
225.617 -0.404
225.635 -0.405
225.653 -0.406
225.67 -0.407
225.688 -0.408
225.706 -0.409
225.723 -0.41
225.741 -0.411
225.758 -0.412
225.776 -0.413
225.793 -0.414
225.811 -0.415
225.828 -0.416
225.846 -0.417
225.863 -0.418
225.881 -0.419
225.899 -0.42
225.916 -0.421
225.934 -0.422
225.951 -0.423
225.969 -0.424
225.986 -0.425
226.004 -0.426
226.021 -0.427
226.039 -0.428
226.056 -0.429
226.074 -0.43
226.091 -0.431
226.109 -0.432
226.126 -0.433
226.144 -0.434
226.162 -0.435
226.179 -0.436
226.197 -0.437
226.214 -0.438
226.232 -0.439
226.249 -0.44
226.267 -0.441
226.284 -0.442
226.302 -0.443
226.32 -0.444
226.337 -0.445
226.355 -0.446
226.372 -0.447
226.39 -0.448
226.408 -0.449
226.425 -0.45
226.443 -0.451
226.46 -0.452
226.478 -0.453
226.496 -0.454
226.513 -0.455
226.531 -0.456
226.548 -0.457
226.566 -0.458
226.584 -0.459
226.601 -0.46
226.619 -0.461
226.637 -0.462
226.654 -0.463
226.672 -0.464
226.689 -0.465
226.707 -0.466
226.725 -0.467
226.742 -0.468
226.76 -0.469
226.778 -0.47
226.795 -0.471
226.813 -0.472
226.831 -0.473
226.848 -0.474
226.866 -0.475
226.884 -0.476
226.902 -0.477
226.919 -0.478
226.937 -0.479
226.955 -0.48
226.973 -0.481
226.99 -0.482
227.008 -0.483
227.026 -0.484
227.043 -0.485
227.061 -0.486
227.079 -0.487
227.097 -0.488
227.115 -0.489
227.132 -0.49
227.15 -0.491
227.168 -0.492
227.186 -0.493
227.204 -0.494
227.221 -0.495
227.239 -0.496
227.257 -0.497
227.275 -0.498
227.293 -0.499
227.31 -0.5
227.328 -0.501
227.346 -0.502
227.364 -0.503
227.382 -0.504
227.4 -0.505
227.418 -0.506
227.435 -0.507
227.453 -0.508
227.471 -0.509
227.489 -0.51
227.507 -0.511
227.525 -0.512
227.543 -0.513
227.561 -0.514
227.578 -0.515
227.596 -0.516
227.614 -0.517
227.632 -0.518
227.65 -0.519
227.668 -0.52
227.686 -0.521
227.704 -0.522
227.722 -0.523
227.74 -0.524
227.758 -0.525
227.776 -0.526
227.794 -0.527
227.812 -0.528
227.83 -0.529
227.848 -0.53
227.866 -0.531
227.884 -0.532
227.902 -0.533
227.92 -0.534
227.938 -0.535
227.956 -0.536
227.974 -0.537
227.992 -0.538
228.01 -0.539
228.028 -0.54
228.046 -0.541
228.064 -0.542
228.082 -0.543
228.101 -0.544
228.119 -0.545
228.137 -0.546
228.155 -0.547
228.173 -0.548
228.191 -0.549
228.21 -0.55
228.228 -0.551
228.246 -0.552
228.264 -0.553
228.282 -0.554
228.3 -0.555
228.319 -0.556
228.337 -0.557
228.355 -0.558
228.373 -0.559
228.391 -0.56
228.41 -0.561
228.428 -0.562
228.446 -0.563
228.464 -0.564
228.483 -0.565
228.501 -0.566
228.519 -0.567
228.537 -0.568
228.556 -0.569
228.574 -0.57
228.592 -0.571
228.611 -0.572
228.629 -0.573
228.647 -0.574
228.666 -0.575
228.684 -0.576
228.702 -0.577
228.721 -0.578
228.739 -0.579
228.758 -0.58
228.776 -0.581
228.794 -0.582
228.813 -0.583
228.831 -0.584
228.85 -0.585
228.868 -0.586
228.886 -0.587
228.905 -0.588
228.923 -0.589
228.942 -0.59
228.96 -0.591
228.979 -0.592
228.997 -0.593
229.016 -0.594
229.034 -0.595
229.053 -0.596
229.071 -0.597
229.09 -0.598
229.108 -0.599
229.127 -0.6
229.145 -0.601
229.164 -0.602
229.183 -0.603
229.201 -0.604
229.22 -0.605
229.238 -0.606
229.257 -0.607
229.275 -0.608
229.294 -0.609
229.313 -0.61
229.331 -0.611
229.35 -0.612
229.368 -0.613
229.387 -0.614
229.406 -0.615
229.424 -0.616
229.443 -0.617
229.462 -0.618
229.48 -0.619
229.499 -0.62
229.518 -0.621
229.537 -0.622
229.555 -0.623
229.574 -0.624
229.593 -0.625
229.612 -0.626
229.63 -0.627
229.649 -0.628
229.668 -0.629
229.687 -0.63
229.706 -0.631
229.724 -0.632
229.743 -0.633
229.762 -0.634
229.781 -0.635
229.8 -0.636
229.818 -0.637
229.837 -0.638
229.856 -0.639
229.875 -0.64
229.894 -0.641
229.913 -0.642
229.931 -0.643
229.95 -0.644
229.969 -0.645
229.988 -0.646
230.007 -0.647
230.026 -0.648
230.045 -0.649
230.064 -0.65
230.083 -0.651
230.102 -0.652
230.121 -0.653
230.14 -0.654
230.159 -0.655
230.178 -0.656
230.197 -0.657
230.216 -0.658
230.235 -0.659
230.254 -0.66
230.273 -0.661
230.292 -0.662
230.311 -0.663
230.33 -0.664
230.35 -0.665
230.369 -0.666
230.388 -0.667
230.407 -0.668
230.426 -0.669
230.445 -0.67
230.464 -0.671
230.483 -0.672
230.502 -0.673
230.521 -0.674
230.541 -0.675
230.56 -0.676
230.579 -0.677
230.598 -0.678
230.617 -0.679
230.636 -0.68
230.656 -0.681
230.675 -0.682
230.694 -0.683
230.713 -0.684
230.732 -0.685
230.752 -0.686
230.771 -0.687
230.79 -0.688
230.809 -0.689
230.829 -0.69
230.848 -0.691
230.867 -0.692
230.886 -0.693
230.906 -0.694
230.925 -0.695
230.944 -0.696
230.964 -0.697
230.983 -0.698
231.002 -0.699
231.022 -0.7
231.041 -0.701
231.06 -0.702
231.08 -0.703
231.099 -0.704
231.118 -0.705
231.138 -0.706
231.157 -0.707
231.176 -0.708
231.196 -0.709
231.215 -0.71
231.235 -0.711
231.254 -0.712
231.273 -0.713
231.293 -0.714
231.312 -0.715
231.332 -0.716
231.351 -0.717
231.371 -0.718
231.39 -0.719
231.41 -0.72
231.429 -0.721
231.448 -0.722
231.468 -0.723
231.487 -0.724
231.507 -0.725
231.526 -0.726
231.546 -0.727
231.565 -0.728
231.585 -0.729
231.605 -0.73
231.624 -0.731
231.644 -0.732
231.663 -0.733
231.683 -0.734
231.702 -0.735
231.722 -0.736
231.741 -0.737
231.761 -0.738
231.781 -0.739
231.8 -0.74
231.82 -0.741
231.839 -0.742
231.859 -0.743
231.879 -0.744
231.898 -0.745
231.918 -0.746
231.937 -0.747
231.957 -0.748
231.977 -0.749
231.996 -0.75
232.016 -0.751
232.036 -0.752
232.055 -0.753
232.075 -0.754
232.095 -0.755
232.115 -0.756
232.134 -0.757
232.154 -0.758
232.174 -0.759
232.193 -0.76
232.213 -0.761
232.233 -0.762
232.253 -0.763
232.272 -0.764
232.292 -0.765
232.312 -0.766
232.332 -0.767
232.352 -0.768
232.371 -0.769
232.391 -0.77
232.411 -0.771
232.431 -0.772
232.451 -0.773
232.47 -0.774
232.49 -0.775
232.51 -0.776
232.53 -0.777
232.55 -0.778
232.57 -0.779
232.59 -0.78
232.609 -0.781
232.629 -0.782
232.649 -0.783
232.669 -0.784
232.689 -0.785
232.709 -0.786
232.729 -0.787
232.749 -0.788
232.769 -0.789
232.789 -0.79
232.808 -0.791
232.828 -0.792
232.848 -0.793
232.868 -0.794
232.888 -0.795
232.908 -0.796
232.928 -0.797
232.948 -0.798
232.968 -0.799
232.988 -0.8
233.008 -0.801
233.028 -0.802
233.048 -0.803
233.068 -0.804
233.088 -0.805
233.108 -0.806
233.128 -0.807
233.149 -0.808
233.169 -0.809
233.189 -0.81
233.209 -0.811
233.229 -0.812
233.249 -0.813
233.269 -0.814
233.289 -0.815
233.309 -0.816
233.329 -0.817
233.35 -0.818
233.37 -0.819
233.39 -0.82
233.41 -0.821
233.43 -0.822
233.45 -0.823
233.471 -0.824
233.491 -0.825
233.511 -0.826
233.531 -0.827
233.551 -0.828
233.572 -0.829
233.592 -0.83
233.612 -0.831
233.632 -0.832
233.653 -0.833
233.673 -0.834
233.693 -0.835
233.714 -0.836
233.734 -0.837
233.754 -0.838
233.775 -0.839
233.795 -0.84
233.815 -0.841
233.836 -0.842
233.856 -0.843
233.876 -0.844
233.897 -0.845
233.917 -0.846
233.938 -0.847
233.958 -0.848
233.979 -0.849
233.999 -0.85
234.019 -0.851
234.04 -0.852
234.06 -0.853
234.081 -0.854
234.101 -0.855
234.122 -0.856
234.142 -0.857
234.163 -0.858
234.183 -0.859
234.204 -0.86
234.225 -0.861
234.245 -0.862
234.266 -0.863
234.286 -0.864
234.307 -0.865
234.327 -0.866
234.348 -0.867
234.369 -0.868
234.389 -0.869
234.41 -0.87
234.431 -0.871
234.451 -0.872
234.472 -0.873
234.493 -0.874
234.513 -0.875
234.534 -0.876
234.555 -0.877
234.575 -0.878
234.596 -0.879
234.617 -0.88
234.638 -0.881
234.658 -0.882
234.679 -0.883
234.7 -0.884
234.721 -0.885
234.742 -0.886
234.762 -0.887
234.783 -0.888
234.804 -0.889
234.825 -0.89
234.846 -0.891
234.867 -0.892
234.888 -0.893
234.908 -0.894
234.929 -0.895
234.95 -0.896
234.971 -0.897
234.992 -0.898
235.013 -0.899
235.034 -0.9
235.055 -0.901
235.076 -0.902
235.097 -0.903
235.118 -0.904
235.139 -0.905
235.16 -0.906
235.181 -0.907
235.202 -0.908
235.223 -0.909
235.244 -0.91
235.265 -0.911
235.286 -0.912
235.307 -0.913
235.328 -0.914
235.349 -0.915
235.37 -0.916
235.391 -0.917
235.413 -0.918
235.434 -0.919
235.455 -0.92
235.476 -0.921
235.497 -0.922
235.518 -0.923
235.539 -0.924
235.561 -0.925
235.582 -0.926
235.603 -0.927
235.624 -0.928
235.645 -0.929
235.667 -0.93
235.688 -0.931
235.709 -0.932
235.73 -0.933
235.752 -0.934
235.773 -0.935
235.794 -0.936
235.816 -0.937
235.837 -0.938
235.858 -0.939
235.88 -0.94
235.901 -0.941
235.922 -0.942
235.944 -0.943
235.965 -0.944
235.987 -0.945
236.008 -0.946
236.029 -0.947
236.051 -0.948
236.072 -0.949
236.094 -0.95
236.115 -0.951
236.137 -0.952
236.158 -0.953
236.18 -0.954
236.201 -0.955
236.223 -0.956
236.244 -0.957
236.266 -0.958
236.287 -0.959
236.309 -0.96
236.331 -0.961
236.352 -0.962
236.374 -0.963
236.396 -0.964
236.417 -0.965
236.439 -0.966
236.46 -0.967
236.482 -0.968
236.504 -0.969
236.526 -0.97
236.547 -0.971
236.569 -0.972
236.591 -0.973
236.613 -0.974
236.634 -0.975
236.656 -0.976
236.678 -0.977
236.7 -0.978
236.722 -0.979
236.743 -0.98
236.765 -0.981
236.787 -0.982
236.809 -0.983
236.831 -0.984
236.853 -0.985
236.875 -0.986
236.897 -0.987
236.918 -0.988
236.94 -0.989
236.962 -0.99
236.984 -0.991
237.006 -0.992
237.028 -0.993
237.05 -0.994
237.072 -0.995
237.094 -0.996
237.116 -0.997
237.139 -0.998
237.161 -0.999
237.183 -1
237.205 -1.001
237.227 -1.002
237.249 -1.003
237.271 -1.004
237.293 -1.005
237.316 -1.006
237.338 -1.007
237.36 -1.008
237.382 -1.009
237.404 -1.01
237.427 -1.011
237.449 -1.012
237.471 -1.013
237.493 -1.014
237.516 -1.015
237.538 -1.016
237.56 -1.017
237.583 -1.018
237.605 -1.019
237.627 -1.02
237.65 -1.021
237.672 -1.022
237.694 -1.023
237.717 -1.024
237.739 -1.025
237.762 -1.026
237.784 -1.027
237.806 -1.028
237.829 -1.029
237.851 -1.03
237.874 -1.031
237.896 -1.032
237.919 -1.033
237.941 -1.034
237.964 -1.035
237.986 -1.036
238.009 -1.037
238.032 -1.038
238.054 -1.039
238.077 -1.04
238.099 -1.041
238.122 -1.042
238.145 -1.043
238.167 -1.044
238.19 -1.045
238.213 -1.046
238.235 -1.047
238.258 -1.048
238.281 -1.049
238.304 -1.05
238.326 -1.051
238.349 -1.052
238.372 -1.053
238.395 -1.054
238.417 -1.055
238.44 -1.056
238.463 -1.057
238.486 -1.058
238.509 -1.059
238.532 -1.06
238.555 -1.061
238.577 -1.062
238.6 -1.063
238.623 -1.064
238.646 -1.065
238.669 -1.066
238.692 -1.067
238.715 -1.068
238.738 -1.069
238.761 -1.07
238.784 -1.071
238.807 -1.072
238.83 -1.073
238.853 -1.074
238.876 -1.075
238.899 -1.076
238.922 -1.077
238.945 -1.078
238.969 -1.079
238.992 -1.08
239.015 -1.081
239.038 -1.082
239.061 -1.083
239.084 -1.084
239.107 -1.085
239.131 -1.086
239.154 -1.087
239.177 -1.088
239.2 -1.089
239.224 -1.09
239.247 -1.091
239.27 -1.092
239.293 -1.093
239.317 -1.094
239.34 -1.095
239.363 -1.096
239.387 -1.097
239.41 -1.098
239.433 -1.099
239.457 -1.1
239.48 -1.101
239.504 -1.102
239.527 -1.103
239.55 -1.104
239.574 -1.105
239.597 -1.106
239.621 -1.107
239.644 -1.108
239.668 -1.109
239.691 -1.11
239.715 -1.111
239.738 -1.112
239.762 -1.113
239.785 -1.114
239.809 -1.115
239.833 -1.116
239.856 -1.117
239.88 -1.118
239.903 -1.119
239.927 -1.12
239.951 -1.121
239.974 -1.122
239.998 -1.123
240.022 -1.124
240.045 -1.125
240.069 -1.126
240.093 -1.127
240.116 -1.128
240.14 -1.129
240.164 -1.13
240.188 -1.131
240.212 -1.132
240.235 -1.133
240.259 -1.134
240.283 -1.135
240.307 -1.136
240.331 -1.137
240.354 -1.138
240.378 -1.139
240.402 -1.14
240.426 -1.141
240.45 -1.142
240.474 -1.143
240.498 -1.144
240.522 -1.145
240.546 -1.146
240.57 -1.147
240.594 -1.148
240.618 -1.149
240.642 -1.15
240.666 -1.151
240.69 -1.152
240.714 -1.153
240.738 -1.154
240.762 -1.155
240.786 -1.156
240.81 -1.157
240.834 -1.158
240.858 -1.159
240.882 -1.16
240.907 -1.161
240.931 -1.162
240.955 -1.163
240.979 -1.164
241.003 -1.165
241.028 -1.166
241.052 -1.167
241.076 -1.168
241.1 -1.169
241.125 -1.17
241.149 -1.171
241.173 -1.172
241.197 -1.173
241.222 -1.174
241.246 -1.175
241.27 -1.176
241.295 -1.177
241.319 -1.178
241.343 -1.179
241.367 -1.18
241.392 -1.181
241.416 -1.182
241.441 -1.183
241.465 -1.184
241.489 -1.185
241.514 -1.186
241.538 -1.187
241.562 -1.188
241.587 -1.189
241.611 -1.19
241.636 -1.191
241.66 -1.192
241.685 -1.193
241.709 -1.194
241.734 -1.195
241.758 -1.196
241.783 -1.197
241.807 -1.198
241.832 -1.199
241.857 -1.2
241.881 -1.201
241.906 -1.202
241.93 -1.203
241.955 -1.204
241.98 -1.205
242.004 -1.206
242.029 -1.207
242.054 -1.208
242.078 -1.209
242.103 -1.21
242.128 -1.211
242.153 -1.212
242.177 -1.213
242.202 -1.214
242.227 -1.215
242.252 -1.216
242.277 -1.217
242.301 -1.218
242.326 -1.219
242.351 -1.22
242.376 -1.221
242.401 -1.222
242.426 -1.223
242.451 -1.224
242.476 -1.225
242.501 -1.226
242.526 -1.227
242.551 -1.228
242.576 -1.229
242.601 -1.23
242.626 -1.231
242.651 -1.232
242.676 -1.233
242.701 -1.234
242.726 -1.235
242.751 -1.236
242.776 -1.237
242.801 -1.238
242.826 -1.239
242.851 -1.24
242.877 -1.241
242.902 -1.242
242.927 -1.243
242.952 -1.244
242.977 -1.245
243.003 -1.246
243.028 -1.247
243.053 -1.248
243.078 -1.249
243.104 -1.25
243.129 -1.251
243.154 -1.252
243.18 -1.253
243.205 -1.254
243.23 -1.255
243.256 -1.256
243.281 -1.257
243.306 -1.258
243.332 -1.259
243.357 -1.26
243.383 -1.261
243.408 -1.262
243.433 -1.263
243.459 -1.264
243.484 -1.265
243.51 -1.266
243.535 -1.267
243.561 -1.268
243.586 -1.269
243.612 -1.27
243.637 -1.271
243.663 -1.272
243.688 -1.273
243.714 -1.274
243.74 -1.275
243.765 -1.276
243.791 -1.277
243.816 -1.278
243.842 -1.279
243.868 -1.28
243.893 -1.281
243.919 -1.282
243.945 -1.283
243.97 -1.284
243.996 -1.285
244.022 -1.286
244.048 -1.287
244.073 -1.288
244.099 -1.289
244.125 -1.29
244.151 -1.291
244.177 -1.292
244.202 -1.293
244.228 -1.294
244.254 -1.295
244.28 -1.296
244.306 -1.297
244.332 -1.298
244.358 -1.299
244.384 -1.3
244.41 -1.301
244.436 -1.302
244.462 -1.303
244.488 -1.304
244.514 -1.305
244.54 -1.306
244.566 -1.307
244.592 -1.308
244.618 -1.309
244.644 -1.31
244.67 -1.311
244.696 -1.312
244.722 -1.313
244.749 -1.314
244.775 -1.315
244.801 -1.316
244.827 -1.317
244.853 -1.318
244.88 -1.319
244.906 -1.32
244.932 -1.321
244.958 -1.322
244.984 -1.323
245.01 -1.324
245.036 -1.325
245.063 -1.326
245.089 -1.327
245.115 -1.328
245.141 -1.329
245.167 -1.33
245.193 -1.331
245.219 -1.332
245.245 -1.333
245.271 -1.334
245.298 -1.335
245.324 -1.336
245.35 -1.337
245.376 -1.338
245.402 -1.339
245.428 -1.34
245.454 -1.341
245.481 -1.342
245.507 -1.343
245.533 -1.344
245.559 -1.345
245.585 -1.346
245.612 -1.347
245.638 -1.348
245.664 -1.349
245.69 -1.35
245.717 -1.351
245.743 -1.352
245.769 -1.353
245.796 -1.354
245.822 -1.355
245.848 -1.356
245.875 -1.357
245.901 -1.358
245.928 -1.359
245.954 -1.36
245.98 -1.361
246.007 -1.362
246.033 -1.363
246.06 -1.364
246.086 -1.365
246.113 -1.366
246.139 -1.367
246.166 -1.368
246.193 -1.369
246.219 -1.37
246.246 -1.371
246.272 -1.372
246.299 -1.373
246.326 -1.374
246.352 -1.375
246.379 -1.376
246.406 -1.377
246.432 -1.378
246.459 -1.379
246.486 -1.38
246.513 -1.381
246.539 -1.382
246.566 -1.383
246.593 -1.384
246.62 -1.385
246.647 -1.386
246.673 -1.387
246.7 -1.388
246.727 -1.389
246.754 -1.39
246.781 -1.391
246.808 -1.392
246.835 -1.393
246.861 -1.394
246.888 -1.395
246.915 -1.396
246.942 -1.397
246.969 -1.398
246.996 -1.399
247.022 -1.4
247.049 -1.401
247.076 -1.402
247.103 -1.403
247.129 -1.404
247.156 -1.405
247.183 -1.406
247.21 -1.407
247.237 -1.408
247.263 -1.409
247.29 -1.41
247.317 -1.411
247.344 -1.412
247.37 -1.413
247.397 -1.414
247.424 -1.415
247.45 -1.416
247.477 -1.417
247.504 -1.418
247.531 -1.419
247.557 -1.42
247.584 -1.421
247.611 -1.422
247.638 -1.423
247.665 -1.424
247.691 -1.425
247.718 -1.426
247.745 -1.427
247.772 -1.428
247.799 -1.429
247.826 -1.43
247.853 -1.431
247.88 -1.432
247.907 -1.433
247.934 -1.434
247.961 -1.435
247.988 -1.436
248.015 -1.437
248.042 -1.438
248.069 -1.439
248.096 -1.44
248.123 -1.441
248.15 -1.442
248.177 -1.443
248.204 -1.444
248.231 -1.445
248.259 -1.446
248.286 -1.447
248.313 -1.448
248.34 -1.449
248.367 -1.45
248.395 -1.451
248.422 -1.452
248.449 -1.453
248.476 -1.454
248.504 -1.455
248.531 -1.456
248.558 -1.457
248.586 -1.458
248.613 -1.459
248.641 -1.46
248.668 -1.461
248.695 -1.462
248.723 -1.463
248.75 -1.464
248.778 -1.465
248.805 -1.466
248.833 -1.467
248.86 -1.468
248.888 -1.469
248.915 -1.47
248.943 -1.471
248.97 -1.472
248.998 -1.473
249.026 -1.474
249.053 -1.475
249.081 -1.476
249.108 -1.477
249.136 -1.478
249.164 -1.479
249.191 -1.48
249.219 -1.481
249.247 -1.482
249.275 -1.483
249.302 -1.484
249.33 -1.485
249.358 -1.486
249.386 -1.487
249.414 -1.488
249.441 -1.489
249.469 -1.49
249.497 -1.491
249.525 -1.492
249.553 -1.493
249.581 -1.494
249.609 -1.495
249.637 -1.496
249.665 -1.497
249.693 -1.498
249.721 -1.499
249.749 -1.5
249.776 -1.501
249.804 -1.502
249.832 -1.503
249.86 -1.504
249.888 -1.505
249.916 -1.506
249.943 -1.507
249.971 -1.508
249.999 -1.509
250.027 -1.51
250.055 -1.511
250.083 -1.512
250.111 -1.513
250.139 -1.514
250.167 -1.515
250.196 -1.516
250.224 -1.517
250.252 -1.518
250.28 -1.519
250.308 -1.52
250.336 -1.521
250.364 -1.522
250.393 -1.523
250.421 -1.524
250.449 -1.525
250.478 -1.526
250.506 -1.527
250.534 -1.528
250.563 -1.529
250.591 -1.53
250.62 -1.531
250.648 -1.532
250.677 -1.533
250.705 -1.534
250.734 -1.535
250.762 -1.536
250.791 -1.537
250.819 -1.538
250.847 -1.539
250.875 -1.54
250.904 -1.541
250.932 -1.542
250.96 -1.543
250.989 -1.544
251.017 -1.545
251.045 -1.546
251.074 -1.547
251.102 -1.548
251.131 -1.549
251.159 -1.55
251.188 -1.551
251.216 -1.552
251.245 -1.553
251.273 -1.554
251.301 -1.555
251.33 -1.556
251.358 -1.557
251.386 -1.558
251.415 -1.559
251.443 -1.56
251.471 -1.561
251.5 -1.562
251.528 -1.563
251.557 -1.564
251.585 -1.565
251.614 -1.566
251.642 -1.567
251.671 -1.568
251.699 -1.569
251.728 -1.57
251.756 -1.571
251.785 -1.572
251.813 -1.573
251.842 -1.574
251.871 -1.575
251.9 -1.576
251.928 -1.577
251.957 -1.578
251.986 -1.579
252.015 -1.58
252.044 -1.581
252.073 -1.582
252.102 -1.583
252.131 -1.584
252.16 -1.585
252.19 -1.586
252.219 -1.587
252.248 -1.588
252.277 -1.589
252.307 -1.59
252.336 -1.591
252.365 -1.592
252.395 -1.593
252.424 -1.594
252.454 -1.595
252.483 -1.596
252.513 -1.597
252.542 -1.598
252.571 -1.599
252.6 -1.6
