11.6131 -0.001
23.2145 -0.002
34.8042 -0.003
46.3822 -0.004
57.9483 -0.005
69.5024 -0.006
81.0445 -0.007
92.5744 -0.008
104.092 -0.009
115.597 -0.01
127.09 -0.011
138.571 -0.012
150.038 -0.013
161.493 -0.014
172.935 -0.015
184.365 -0.016
195.781 -0.017
207.184 -0.018
218.573 -0.019
229.949 -0.02
241.312 -0.021
252.661 -0.022
263.996 -0.023
275.317 -0.024
286.624 -0.025
297.917 -0.026
309.196 -0.027
320.461 -0.028
331.559 -0.029
341.87 -0.03
350.666 -0.031
359.19 -0.032
367.674 -0.033
376.117 -0.034
384.521 -0.035
392.901 -0.036
400.945 -0.037
407.622 -0.038
412.025 -0.039
416.287 -0.04
420.546 -0.041
424.808 -0.042
429.042 -0.043
433.218 -0.044
437.332 -0.045
441.273 -0.046
444.973 -0.047
448.269 -0.048
451.296 -0.049
454.316 -0.05
457.317 -0.051
460.298 -0.052
463.257 -0.053
466.195 -0.054
469.112 -0.055
472.013 -0.056
474.895 -0.057
477.757 -0.058
480.612 -0.059
483.458 -0.06
486.304 -0.061
489.138 -0.062
491.888 -0.063
494.424 -0.064
496.773 -0.065
498.705 -0.066
500.055 -0.067
500.652 -0.068
501.185 -0.069
501.671 -0.07
502.127 -0.071
502.569 -0.072
503.003 -0.073
503.432 -0.074
503.857 -0.075
504.271 -0.076
504.682 -0.077
505.09 -0.078
505.488 -0.079
505.881 -0.08
506.27 -0.081
506.651 -0.082
507.028 -0.083
507.403 -0.084
507.77 -0.085
508.132 -0.086
508.489 -0.087
508.842 -0.088
509.187 -0.089
509.522 -0.09
509.849 -0.091
510.168 -0.092
510.48 -0.093
510.785 -0.094
511.082 -0.095
511.369 -0.096
511.648 -0.097
511.92 -0.098
512.185 -0.099
512.445 -0.1
512.698 -0.101
512.942 -0.102
513.178 -0.103
513.409 -0.104
513.634 -0.105
513.853 -0.106
514.066 -0.107
514.272 -0.108
514.473 -0.109
514.669 -0.11
514.86 -0.111
515.049 -0.112
515.235 -0.113
515.419 -0.114
515.601 -0.115
515.78 -0.116
515.958 -0.117
516.135 -0.118
516.311 -0.119
516.486 -0.12
516.661 -0.121
516.834 -0.122
517.007 -0.123
517.178 -0.124
517.35 -0.125
517.52 -0.126
517.689 -0.127
517.858 -0.128
518.026 -0.129
518.193 -0.13
518.36 -0.131
518.525 -0.132
518.69 -0.133
518.854 -0.134
519.017 -0.135
519.18 -0.136
519.341 -0.137
519.502 -0.138
519.662 -0.139
519.821 -0.14
519.979 -0.141
520.137 -0.142
520.293 -0.143
520.449 -0.144
520.604 -0.145
520.759 -0.146
520.912 -0.147
521.065 -0.148
521.216 -0.149
521.367 -0.15
521.516 -0.151
521.665 -0.152
521.813 -0.153
521.959 -0.154
522.105 -0.155
522.251 -0.156
522.395 -0.157
522.539 -0.158
522.681 -0.159
522.823 -0.16
522.964 -0.161
523.105 -0.162
523.244 -0.163
523.382 -0.164
523.52 -0.165
523.657 -0.166
523.793 -0.167
523.928 -0.168
524.062 -0.169
524.196 -0.17
524.328 -0.171
524.46 -0.172
524.591 -0.173
524.721 -0.174
524.85 -0.175
524.978 -0.176
525.106 -0.177
525.232 -0.178
525.358 -0.179
525.483 -0.18
525.608 -0.181
525.732 -0.182
525.855 -0.183
525.978 -0.184
526.1 -0.185
526.221 -0.186
526.342 -0.187
526.461 -0.188
526.581 -0.189
526.699 -0.19
526.817 -0.191
526.934 -0.192
527.051 -0.193
527.166 -0.194
527.281 -0.195
527.395 -0.196
527.508 -0.197
527.621 -0.198
527.733 -0.199
527.845 -0.2
527.956 -0.201
528.067 -0.202
528.177 -0.203
528.286 -0.204
528.395 -0.205
528.503 -0.206
528.61 -0.207
528.717 -0.208
528.823 -0.209
528.929 -0.21
529.034 -0.211
529.139 -0.212
529.243 -0.213
529.347 -0.214
529.45 -0.215
529.552 -0.216
529.654 -0.217
529.755 -0.218
529.856 -0.219
529.956 -0.22
530.056 -0.221
530.156 -0.222
530.255 -0.223
530.354 -0.224
530.453 -0.225
530.551 -0.226
530.65 -0.227
530.747 -0.228
530.845 -0.229
530.942 -0.23
531.039 -0.231
531.136 -0.232
531.232 -0.233
531.328 -0.234
531.424 -0.235
531.519 -0.236
531.614 -0.237
531.709 -0.238
531.803 -0.239
531.897 -0.24
531.99 -0.241
532.083 -0.242
532.176 -0.243
532.268 -0.244
532.36 -0.245
532.452 -0.246
532.543 -0.247
532.634 -0.248
532.725 -0.249
532.816 -0.25
532.907 -0.251
532.997 -0.252
533.088 -0.253
533.178 -0.254
533.267 -0.255
533.357 -0.256
533.446 -0.257
533.536 -0.258
533.624 -0.259
533.713 -0.26
533.801 -0.261
533.889 -0.262
533.977 -0.263
534.065 -0.264
534.152 -0.265
534.239 -0.266
534.326 -0.267
534.413 -0.268
534.5 -0.269
534.587 -0.27
534.673 -0.271
534.759 -0.272
534.845 -0.273
534.931 -0.274
535.016 -0.275
535.102 -0.276
535.187 -0.277
535.271 -0.278
535.356 -0.279
535.441 -0.28
535.525 -0.281
535.61 -0.282
535.694 -0.283
535.778 -0.284
535.862 -0.285
535.946 -0.286
536.03 -0.287
536.114 -0.288
536.197 -0.289
536.281 -0.29
536.364 -0.291
536.447 -0.292
536.53 -0.293
536.614 -0.294
536.697 -0.295
536.78 -0.296
536.862 -0.297
536.945 -0.298
537.028 -0.299
537.111 -0.3
537.193 -0.301
537.276 -0.302
537.358 -0.303
537.441 -0.304
537.523 -0.305
537.605 -0.306
537.688 -0.307
537.77 -0.308
537.852 -0.309
537.935 -0.31
538.017 -0.311
538.099 -0.312
538.181 -0.313
538.263 -0.314
538.345 -0.315
538.427 -0.316
538.509 -0.317
538.591 -0.318
538.673 -0.319
538.755 -0.32
538.837 -0.321
538.919 -0.322
539.001 -0.323
539.082 -0.324
539.164 -0.325
539.245 -0.326
539.327 -0.327
539.408 -0.328
539.489 -0.329
539.57 -0.33
539.651 -0.331
539.733 -0.332
539.814 -0.333
539.895 -0.334
539.976 -0.335
540.057 -0.336
540.138 -0.337
540.219 -0.338
540.3 -0.339
540.381 -0.34
540.462 -0.341
540.544 -0.342
540.625 -0.343
540.706 -0.344
540.787 -0.345
540.868 -0.346
540.949 -0.347
541.03 -0.348
541.111 -0.349
541.192 -0.35
541.273 -0.351
541.355 -0.352
541.436 -0.353
541.517 -0.354
541.598 -0.355
541.679 -0.356
541.76 -0.357
541.841 -0.358
541.922 -0.359
542.003 -0.36
542.085 -0.361
542.166 -0.362
542.247 -0.363
542.328 -0.364
542.409 -0.365
542.49 -0.366
542.571 -0.367
542.652 -0.368
542.734 -0.369
542.815 -0.37
542.896 -0.371
542.977 -0.372
543.058 -0.373
543.139 -0.374
543.22 -0.375
543.302 -0.376
543.383 -0.377
543.464 -0.378
543.545 -0.379
543.626 -0.38
543.708 -0.381
543.789 -0.382
543.87 -0.383
543.951 -0.384
544.032 -0.385
544.114 -0.386
544.195 -0.387
544.276 -0.388
544.357 -0.389
544.438 -0.39
544.52 -0.391
544.601 -0.392
544.682 -0.393
544.763 -0.394
544.844 -0.395
544.926 -0.396
545.007 -0.397
545.088 -0.398
545.169 -0.399
545.251 -0.4
545.332 -0.401
545.413 -0.402
545.494 -0.403
545.576 -0.404
545.657 -0.405
545.738 -0.406
545.82 -0.407
545.901 -0.408
545.982 -0.409
546.064 -0.41
546.145 -0.411
546.226 -0.412
546.308 -0.413
546.389 -0.414
546.47 -0.415
546.551 -0.416
546.633 -0.417
546.714 -0.418
546.795 -0.419
546.876 -0.42
546.958 -0.421
547.039 -0.422
547.12 -0.423
547.201 -0.424
547.283 -0.425
547.364 -0.426
547.445 -0.427
547.526 -0.428
547.608 -0.429
547.689 -0.43
547.77 -0.431
547.851 -0.432
547.933 -0.433
548.014 -0.434
548.095 -0.435
548.177 -0.436
548.258 -0.437
548.339 -0.438
548.42 -0.439
548.502 -0.44
548.583 -0.441
548.664 -0.442
548.746 -0.443
548.827 -0.444
548.908 -0.445
548.99 -0.446
549.071 -0.447
549.152 -0.448
549.234 -0.449
549.315 -0.45
549.396 -0.451
549.478 -0.452
549.559 -0.453
549.641 -0.454
549.722 -0.455
549.804 -0.456
549.885 -0.457
549.966 -0.458
550.048 -0.459
550.129 -0.46
550.211 -0.461
550.292 -0.462
550.374 -0.463
550.455 -0.464
550.537 -0.465
550.619 -0.466
550.7 -0.467
550.782 -0.468
550.863 -0.469
550.945 -0.47
551.027 -0.471
551.108 -0.472
551.19 -0.473
551.272 -0.474
551.353 -0.475
551.435 -0.476
551.517 -0.477
551.598 -0.478
551.68 -0.479
551.762 -0.48
551.844 -0.481
551.925 -0.482
552.007 -0.483
552.089 -0.484
552.171 -0.485
552.253 -0.486
552.335 -0.487
552.416 -0.488
552.498 -0.489
552.58 -0.49
552.662 -0.491
552.744 -0.492
552.826 -0.493
552.908 -0.494
552.99 -0.495
553.072 -0.496
553.154 -0.497
553.236 -0.498
553.318 -0.499
553.4 -0.5
553.482 -0.501
553.564 -0.502
553.646 -0.503
553.728 -0.504
553.811 -0.505
553.893 -0.506
553.975 -0.507
554.057 -0.508
554.139 -0.509
554.221 -0.51
554.304 -0.511
554.386 -0.512
554.468 -0.513
554.55 -0.514
554.633 -0.515
554.715 -0.516
554.797 -0.517
554.879 -0.518
554.962 -0.519
555.044 -0.52
555.126 -0.521
555.209 -0.522
555.291 -0.523
555.373 -0.524
555.456 -0.525
555.538 -0.526
555.62 -0.527
555.703 -0.528
555.785 -0.529
555.867 -0.53
555.949 -0.531
556.032 -0.532
556.114 -0.533
556.196 -0.534
556.278 -0.535
556.361 -0.536
556.443 -0.537
556.525 -0.538
556.607 -0.539
556.69 -0.54
556.772 -0.541
556.854 -0.542
556.937 -0.543
557.019 -0.544
557.101 -0.545
557.184 -0.546
557.266 -0.547
557.349 -0.548
557.431 -0.549
557.514 -0.55
557.596 -0.551
557.678 -0.552
557.761 -0.553
557.844 -0.554
557.926 -0.555
558.009 -0.556
558.091 -0.557
558.174 -0.558
558.256 -0.559
558.339 -0.56
558.422 -0.561
558.504 -0.562
558.587 -0.563
558.67 -0.564
558.752 -0.565
558.835 -0.566
558.917 -0.567
559 -0.568
559.082 -0.569
559.165 -0.57
559.248 -0.571
559.33 -0.572
559.413 -0.573
559.495 -0.574
559.578 -0.575
559.66 -0.576
559.743 -0.577
559.826 -0.578
559.908 -0.579
559.991 -0.58
560.074 -0.581
560.156 -0.582
560.239 -0.583
560.322 -0.584
560.404 -0.585
560.487 -0.586
560.57 -0.587
560.653 -0.588
560.735 -0.589
560.818 -0.59
560.901 -0.591
560.984 -0.592
561.067 -0.593
561.15 -0.594
561.233 -0.595
561.315 -0.596
561.398 -0.597
561.481 -0.598
561.564 -0.599
561.647 -0.6
561.73 -0.601
561.813 -0.602
561.896 -0.603
561.979 -0.604
562.062 -0.605
562.145 -0.606
562.229 -0.607
562.312 -0.608
562.395 -0.609
562.478 -0.61
562.561 -0.611
562.644 -0.612
562.727 -0.613
562.81 -0.614
562.893 -0.615
562.977 -0.616
563.06 -0.617
563.143 -0.618
563.226 -0.619
563.31 -0.62
563.393 -0.621
563.476 -0.622
563.559 -0.623
563.643 -0.624
563.726 -0.625
563.809 -0.626
563.893 -0.627
563.976 -0.628
564.059 -0.629
564.143 -0.63
564.226 -0.631
564.31 -0.632
564.393 -0.633
564.477 -0.634
564.56 -0.635
564.643 -0.636
564.727 -0.637
564.81 -0.638
564.894 -0.639
564.978 -0.64
565.061 -0.641
565.145 -0.642
565.228 -0.643
565.312 -0.644
565.395 -0.645
565.479 -0.646
565.563 -0.647
565.646 -0.648
565.73 -0.649
565.814 -0.65
565.897 -0.651
565.981 -0.652
566.065 -0.653
566.148 -0.654
566.232 -0.655
566.316 -0.656
566.4 -0.657
566.483 -0.658
566.567 -0.659
566.651 -0.66
566.735 -0.661
566.819 -0.662
566.902 -0.663
566.986 -0.664
567.07 -0.665
567.154 -0.666
567.238 -0.667
567.322 -0.668
567.406 -0.669
567.49 -0.67
567.573 -0.671
567.657 -0.672
567.741 -0.673
567.825 -0.674
567.909 -0.675
567.993 -0.676
568.077 -0.677
568.16 -0.678
568.243 -0.679
568.327 -0.68
568.411 -0.681
568.494 -0.682
568.578 -0.683
568.661 -0.684
568.745 -0.685
568.828 -0.686
568.91 -0.687
568.993 -0.688
569.077 -0.689
569.16 -0.69
569.243 -0.691
569.326 -0.692
569.41 -0.693
569.493 -0.694
569.576 -0.695
569.659 -0.696
569.743 -0.697
569.826 -0.698
569.909 -0.699
569.992 -0.7
570.076 -0.701
570.159 -0.702
570.242 -0.703
570.325 -0.704
570.408 -0.705
570.492 -0.706
570.575 -0.707
570.658 -0.708
570.741 -0.709
570.824 -0.71
570.908 -0.711
570.991 -0.712
571.074 -0.713
571.157 -0.714
571.24 -0.715
571.323 -0.716
571.406 -0.717
571.489 -0.718
571.573 -0.719
571.656 -0.72
571.739 -0.721
571.823 -0.722
571.905 -0.723
571.988 -0.724
572.071 -0.725
572.155 -0.726
572.238 -0.727
572.321 -0.728
572.405 -0.729
572.488 -0.73
572.571 -0.731
572.655 -0.732
572.738 -0.733
572.821 -0.734
572.905 -0.735
572.988 -0.736
573.071 -0.737
573.155 -0.738
573.238 -0.739
573.322 -0.74
573.405 -0.741
573.488 -0.742
573.572 -0.743
573.655 -0.744
573.739 -0.745
573.822 -0.746
573.906 -0.747
573.989 -0.748
574.072 -0.749
574.156 -0.75
574.239 -0.751
574.322 -0.752
574.406 -0.753
574.489 -0.754
574.572 -0.755
574.656 -0.756
574.74 -0.757
574.823 -0.758
574.907 -0.759
574.991 -0.76
575.075 -0.761
575.159 -0.762
575.244 -0.763
575.328 -0.764
575.412 -0.765
575.497 -0.766
575.581 -0.767
575.666 -0.768
575.75 -0.769
575.835 -0.77
575.919 -0.771
576.003 -0.772
576.088 -0.773
576.172 -0.774
576.257 -0.775
576.342 -0.776
576.426 -0.777
576.511 -0.778
576.595 -0.779
576.68 -0.78
576.764 -0.781
576.849 -0.782
576.934 -0.783
577.018 -0.784
577.103 -0.785
577.188 -0.786
577.272 -0.787
577.357 -0.788
577.441 -0.789
577.525 -0.79
577.609 -0.791
577.694 -0.792
577.778 -0.793
577.862 -0.794
577.946 -0.795
578.03 -0.796
578.114 -0.797
578.198 -0.798
578.282 -0.799
578.366 -0.8
578.45 -0.801
578.534 -0.802
578.618 -0.803
578.701 -0.804
578.785 -0.805
578.869 -0.806
578.953 -0.807
579.036 -0.808
579.12 -0.809
579.203 -0.81
579.286 -0.811
579.368 -0.812
579.45 -0.813
579.531 -0.814
579.611 -0.815
579.691 -0.816
579.77 -0.817
579.848 -0.818
579.928 -0.819
580.009 -0.82
580.092 -0.821
580.175 -0.822
580.258 -0.823
580.329 -0.824
580.383 -0.825
580.411 -0.826
580.41 -0.827
580.395 -0.828
580.362 -0.829
580.312 -0.83
580.255 -0.831
580.188 -0.832
580.102 -0.833
580.001 -0.834
579.898 -0.835
579.804 -0.836
579.71 -0.837
579.616 -0.838
579.546 -0.839
579.494 -0.84
579.446 -0.841
579.41 -0.842
579.381 -0.843
579.365 -0.844
579.359 -0.845
579.354 -0.846
579.351 -0.847
579.358 -0.848
579.371 -0.849
579.384 -0.85
579.457 -0.851
579.536 -0.852
579.618 -0.853
579.703 -0.854
579.789 -0.855
579.874 -0.856
579.952 -0.857
580.029 -0.858
580.107 -0.859
580.182 -0.86
580.271 -0.861
580.391 -0.862
580.515 -0.863
580.637 -0.864
580.755 -0.865
580.871 -0.866
580.985 -0.867
581.09 -0.868
581.19 -0.869
581.286 -0.87
581.391 -0.871
581.517 -0.872
581.641 -0.873
581.765 -0.874
581.887 -0.875
582.008 -0.876
582.123 -0.877
582.228 -0.878
582.328 -0.879
582.43 -0.88
582.553 -0.881
582.68 -0.882
582.804 -0.883
582.917 -0.884
583.03 -0.885
583.141 -0.886
583.25 -0.887
583.355 -0.888
583.456 -0.889
583.553 -0.89
583.658 -0.891
583.771 -0.892
583.885 -0.893
583.997 -0.894
584.108 -0.895
584.217 -0.896
584.326 -0.897
584.432 -0.898
584.535 -0.899
584.632 -0.9
584.734 -0.901
584.846 -0.902
584.963 -0.903
585.085 -0.904
585.208 -0.905
585.329 -0.906
585.451 -0.907
585.571 -0.908
585.692 -0.909
585.813 -0.91
585.933 -0.911
586.049 -0.912
586.16 -0.913
586.272 -0.914
586.382 -0.915
586.492 -0.916
586.601 -0.917
586.708 -0.918
586.81 -0.919
586.909 -0.92
587.007 -0.921
587.105 -0.922
587.204 -0.923
587.303 -0.924
587.397 -0.925
587.486 -0.926
587.573 -0.927
587.661 -0.928
587.748 -0.929
587.836 -0.93
587.924 -0.931
588.012 -0.932
588.1 -0.933
588.188 -0.934
588.276 -0.935
588.364 -0.936
588.452 -0.937
588.54 -0.938
588.628 -0.939
588.716 -0.94
588.804 -0.941
588.892 -0.942
588.981 -0.943
589.069 -0.944
589.157 -0.945
589.246 -0.946
589.334 -0.947
589.422 -0.948
589.511 -0.949
589.599 -0.95
589.688 -0.951
589.776 -0.952
589.865 -0.953
589.953 -0.954
590.042 -0.955
590.13 -0.956
590.219 -0.957
590.307 -0.958
590.396 -0.959
590.484 -0.96
590.573 -0.961
590.661 -0.962
590.75 -0.963
590.838 -0.964
590.927 -0.965
591.015 -0.966
591.104 -0.967
591.193 -0.968
591.282 -0.969
591.37 -0.97
591.459 -0.971
591.548 -0.972
591.637 -0.973
591.726 -0.974
591.816 -0.975
591.905 -0.976
591.995 -0.977
592.084 -0.978
592.173 -0.979
592.263 -0.98
592.352 -0.981
592.441 -0.982
592.53 -0.983
592.619 -0.984
592.708 -0.985
592.798 -0.986
592.888 -0.987
592.978 -0.988
593.068 -0.989
593.158 -0.99
593.248 -0.991
593.338 -0.992
593.428 -0.993
593.518 -0.994
593.608 -0.995
593.698 -0.996
593.788 -0.997
593.878 -0.998
593.968 -0.999
594.058 -1
594.148 -1.001
594.239 -1.002
594.329 -1.003
594.419 -1.004
594.509 -1.005
594.599 -1.006
594.69 -1.007
594.78 -1.008
594.871 -1.009
594.962 -1.01
595.053 -1.011
595.144 -1.012
595.235 -1.013
595.326 -1.014
595.417 -1.015
595.508 -1.016
595.6 -1.017
595.691 -1.018
595.782 -1.019
595.874 -1.02
595.965 -1.021
596.057 -1.022
596.148 -1.023
596.24 -1.024
596.332 -1.025
596.424 -1.026
596.516 -1.027
596.608 -1.028
596.701 -1.029
596.793 -1.03
596.885 -1.031
596.978 -1.032
597.07 -1.033
597.163 -1.034
597.255 -1.035
597.347 -1.036
597.44 -1.037
597.532 -1.038
597.625 -1.039
597.718 -1.04
597.81 -1.041
597.903 -1.042
597.996 -1.043
598.089 -1.044
598.182 -1.045
598.275 -1.046
598.368 -1.047
598.461 -1.048
598.554 -1.049
598.647 -1.05
598.74 -1.051
598.834 -1.052
598.927 -1.053
599.021 -1.054
599.114 -1.055
599.208 -1.056
599.302 -1.057
599.395 -1.058
599.489 -1.059
599.583 -1.06
599.677 -1.061
599.77 -1.062
599.864 -1.063
599.958 -1.064
600.052 -1.065
600.146 -1.066
600.24 -1.067
600.334 -1.068
600.428 -1.069
600.522 -1.07
600.617 -1.071
600.711 -1.072
600.806 -1.073
600.9 -1.074
600.995 -1.075
601.089 -1.076
601.184 -1.077
601.278 -1.078
601.373 -1.079
601.467 -1.08
601.562 -1.081
601.656 -1.082
601.751 -1.083
601.846 -1.084
601.94 -1.085
602.035 -1.086
602.13 -1.087
602.224 -1.088
602.319 -1.089
602.414 -1.09
602.509 -1.091
602.604 -1.092
602.699 -1.093
602.794 -1.094
602.889 -1.095
602.984 -1.096
603.079 -1.097
603.174 -1.098
603.27 -1.099
603.365 -1.1
