8.79168 -0.001
17.5771 -0.002
26.3563 -0.003
35.1292 -0.004
43.8958 -0.005
52.6561 -0.006
61.41 -0.007
70.1575 -0.008
78.8985 -0.009
87.6331 -0.01
96.3612 -0.011
105.083 -0.012
113.798 -0.013
122.506 -0.014
131.208 -0.015
139.903 -0.016
148.591 -0.017
157.273 -0.018
165.948 -0.019
174.616 -0.02
183.277 -0.021
191.931 -0.022
200.578 -0.023
209.219 -0.024
217.852 -0.025
226.479 -0.026
235.098 -0.027
243.71 -0.028
252.315 -0.029
260.913 -0.03
269.503 -0.031
278.087 -0.032
286.662 -0.033
295.231 -0.034
303.792 -0.035
312.346 -0.036
320.892 -0.037
329.431 -0.038
337.962 -0.039
346.485 -0.04
355.001 -0.041
363.509 -0.042
372.009 -0.043
380.47 -0.044
388.454 -0.045
394.869 -0.046
399.554 -0.047
402.947 -0.048
406.22 -0.049
409.45 -0.05
412.657 -0.051
415.847 -0.052
419.022 -0.053
422.182 -0.054
425.271 -0.055
428.244 -0.056
430.996 -0.057
433.244 -0.058
435.338 -0.059
437.426 -0.06
439.513 -0.061
441.605 -0.062
443.692 -0.063
445.772 -0.064
447.844 -0.065
449.908 -0.066
451.962 -0.067
454.005 -0.068
456.038 -0.069
458.059 -0.07
460.069 -0.071
462.067 -0.072
464.057 -0.073
466.038 -0.074
468.003 -0.075
469.943 -0.076
471.816 -0.077
473.609 -0.078
475.28 -0.079
476.793 -0.08
478.113 -0.081
479.173 -0.082
479.811 -0.083
480.266 -0.084
480.709 -0.085
481.135 -0.086
481.548 -0.087
481.944 -0.088
482.324 -0.089
482.687 -0.09
483.042 -0.091
483.381 -0.092
483.714 -0.093
484.036 -0.094
484.355 -0.095
484.668 -0.096
484.972 -0.097
485.274 -0.098
485.572 -0.099
485.868 -0.1
486.163 -0.101
486.456 -0.102
486.749 -0.103
487.04 -0.104
487.329 -0.105
487.617 -0.106
487.903 -0.107
488.187 -0.108
488.47 -0.109
488.751 -0.11
489.031 -0.111
489.309 -0.112
489.582 -0.113
489.853 -0.114
490.122 -0.115
490.389 -0.116
490.652 -0.117
490.913 -0.118
491.172 -0.119
491.427 -0.12
491.676 -0.121
491.925 -0.122
492.171 -0.123
492.415 -0.124
492.653 -0.125
492.888 -0.126
493.122 -0.127
493.355 -0.128
493.584 -0.129
493.807 -0.13
494.027 -0.131
494.245 -0.132
494.463 -0.133
494.677 -0.134
494.886 -0.135
495.091 -0.136
495.292 -0.137
495.491 -0.138
495.687 -0.139
495.88 -0.14
496.068 -0.141
496.254 -0.142
496.44 -0.143
496.624 -0.144
496.807 -0.145
496.986 -0.146
497.16 -0.147
497.332 -0.148
497.504 -0.149
497.674 -0.15
497.844 -0.151
498.013 -0.152
498.179 -0.153
498.343 -0.154
498.506 -0.155
498.667 -0.156
498.827 -0.157
498.987 -0.158
499.145 -0.159
499.302 -0.16
499.458 -0.161
499.611 -0.162
499.763 -0.163
499.913 -0.164
500.063 -0.165
500.212 -0.166
500.36 -0.167
500.507 -0.168
500.654 -0.169
500.8 -0.17
500.944 -0.171
501.088 -0.172
501.231 -0.173
501.373 -0.174
501.513 -0.175
501.653 -0.176
501.792 -0.177
501.93 -0.178
502.068 -0.179
502.204 -0.18
502.34 -0.181
502.475 -0.182
502.609 -0.183
502.743 -0.184
502.876 -0.185
503.008 -0.186
503.139 -0.187
503.27 -0.188
503.399 -0.189
503.528 -0.19
503.656 -0.191
503.784 -0.192
503.91 -0.193
504.036 -0.194
504.161 -0.195
504.285 -0.196
504.408 -0.197
504.531 -0.198
504.652 -0.199
504.773 -0.2
504.894 -0.201
505.013 -0.202
505.132 -0.203
505.25 -0.204
505.367 -0.205
505.483 -0.206
505.598 -0.207
505.713 -0.208
505.827 -0.209
505.94 -0.21
506.052 -0.211
506.163 -0.212
506.274 -0.213
506.383 -0.214
506.492 -0.215
506.6 -0.216
506.707 -0.217
506.813 -0.218
506.919 -0.219
507.024 -0.22
507.128 -0.221
507.231 -0.222
507.333 -0.223
507.434 -0.224
507.535 -0.225
507.634 -0.226
507.733 -0.227
507.831 -0.228
507.929 -0.229
508.026 -0.23
508.121 -0.231
508.217 -0.232
508.311 -0.233
508.405 -0.234
508.498 -0.235
508.59 -0.236
508.682 -0.237
508.773 -0.238
508.863 -0.239
508.953 -0.24
509.041 -0.241
509.13 -0.242
509.217 -0.243
509.304 -0.244
509.39 -0.245
509.475 -0.246
509.56 -0.247
509.644 -0.248
509.728 -0.249
509.811 -0.25
509.894 -0.251
509.976 -0.252
510.057 -0.253
510.138 -0.254
510.218 -0.255
510.298 -0.256
510.377 -0.257
510.455 -0.258
510.533 -0.259
510.611 -0.26
510.688 -0.261
510.764 -0.262
510.841 -0.263
510.916 -0.264
510.991 -0.265
511.066 -0.266
511.14 -0.267
511.214 -0.268
511.287 -0.269
511.36 -0.27
511.432 -0.271
511.503 -0.272
511.574 -0.273
511.645 -0.274
511.715 -0.275
511.786 -0.276
511.855 -0.277
511.925 -0.278
511.994 -0.279
512.062 -0.28
512.13 -0.281
512.198 -0.282
512.266 -0.283
512.333 -0.284
512.4 -0.285
512.466 -0.286
512.533 -0.287
512.598 -0.288
512.664 -0.289
512.729 -0.29
512.794 -0.291
512.859 -0.292
512.923 -0.293
512.988 -0.294
513.052 -0.295
513.115 -0.296
513.179 -0.297
513.242 -0.298
513.305 -0.299
513.368 -0.3
513.43 -0.301
513.493 -0.302
513.555 -0.303
513.617 -0.304
513.679 -0.305
513.74 -0.306
513.801 -0.307
513.863 -0.308
513.924 -0.309
513.984 -0.31
514.045 -0.311
514.105 -0.312
514.165 -0.313
514.225 -0.314
514.285 -0.315
514.344 -0.316
514.404 -0.317
514.463 -0.318
514.523 -0.319
514.582 -0.32
514.641 -0.321
514.699 -0.322
514.758 -0.323
514.816 -0.324
514.875 -0.325
514.933 -0.326
514.991 -0.327
515.049 -0.328
515.107 -0.329
515.165 -0.33
515.223 -0.331
515.28 -0.332
515.338 -0.333
515.395 -0.334
515.452 -0.335
515.51 -0.336
515.567 -0.337
515.624 -0.338
515.681 -0.339
515.738 -0.34
515.794 -0.341
515.851 -0.342
515.907 -0.343
515.964 -0.344
516.02 -0.345
516.077 -0.346
516.133 -0.347
516.189 -0.348
516.245 -0.349
516.301 -0.35
516.357 -0.351
516.413 -0.352
516.469 -0.353
516.525 -0.354
516.58 -0.355
516.636 -0.356
516.691 -0.357
516.747 -0.358
516.802 -0.359
516.857 -0.36
516.913 -0.361
516.968 -0.362
517.023 -0.363
517.078 -0.364
517.133 -0.365
517.188 -0.366
517.243 -0.367
517.298 -0.368
517.353 -0.369
517.407 -0.37
517.462 -0.371
517.517 -0.372
517.572 -0.373
517.626 -0.374
517.681 -0.375
517.736 -0.376
517.791 -0.377
517.845 -0.378
517.9 -0.379
517.955 -0.38
518.009 -0.381
518.064 -0.382
518.118 -0.383
518.173 -0.384
518.227 -0.385
518.282 -0.386
518.336 -0.387
518.391 -0.388
518.445 -0.389
518.5 -0.39
518.554 -0.391
518.608 -0.392
518.662 -0.393
518.717 -0.394
518.771 -0.395
518.825 -0.396
518.879 -0.397
518.933 -0.398
518.988 -0.399
519.042 -0.4
519.096 -0.401
519.15 -0.402
519.204 -0.403
519.258 -0.404
519.312 -0.405
519.366 -0.406
519.42 -0.407
519.475 -0.408
519.529 -0.409
519.583 -0.41
519.637 -0.411
519.691 -0.412
519.745 -0.413
519.799 -0.414
519.853 -0.415
519.907 -0.416
519.961 -0.417
520.015 -0.418
520.07 -0.419
520.124 -0.42
520.178 -0.421
520.232 -0.422
520.286 -0.423
520.34 -0.424
520.394 -0.425
520.448 -0.426
520.502 -0.427
520.556 -0.428
520.61 -0.429
520.664 -0.43
520.718 -0.431
520.772 -0.432
520.826 -0.433
520.881 -0.434
520.935 -0.435
520.989 -0.436
521.043 -0.437
521.097 -0.438
521.151 -0.439
521.205 -0.44
521.259 -0.441
521.313 -0.442
521.367 -0.443
521.421 -0.444
521.475 -0.445
521.529 -0.446
521.584 -0.447
521.638 -0.448
521.692 -0.449
521.746 -0.45
521.8 -0.451
521.854 -0.452
521.908 -0.453
521.962 -0.454
522.016 -0.455
522.07 -0.456
522.125 -0.457
522.179 -0.458
522.233 -0.459
522.287 -0.46
522.341 -0.461
522.395 -0.462
522.449 -0.463
522.503 -0.464
522.557 -0.465
522.612 -0.466
522.666 -0.467
522.72 -0.468
522.774 -0.469
522.828 -0.47
522.882 -0.471
522.936 -0.472
522.99 -0.473
523.045 -0.474
523.099 -0.475
523.153 -0.476
523.207 -0.477
523.261 -0.478
523.315 -0.479
523.37 -0.48
523.424 -0.481
523.478 -0.482
523.532 -0.483
523.586 -0.484
523.641 -0.485
523.695 -0.486
523.749 -0.487
523.803 -0.488
523.857 -0.489
523.912 -0.49
523.966 -0.491
524.02 -0.492
524.074 -0.493
524.129 -0.494
524.183 -0.495
524.237 -0.496
524.291 -0.497
524.346 -0.498
524.4 -0.499
524.454 -0.5
524.509 -0.501
524.563 -0.502
524.617 -0.503
524.671 -0.504
524.726 -0.505
524.78 -0.506
524.834 -0.507
524.889 -0.508
524.943 -0.509
524.997 -0.51
525.052 -0.511
525.106 -0.512
525.16 -0.513
525.214 -0.514
525.269 -0.515
525.323 -0.516
525.377 -0.517
525.432 -0.518
525.486 -0.519
525.541 -0.52
525.595 -0.521
525.649 -0.522
525.704 -0.523
525.758 -0.524
525.812 -0.525
525.867 -0.526
525.921 -0.527
525.976 -0.528
526.03 -0.529
526.084 -0.53
526.139 -0.531
526.193 -0.532
526.248 -0.533
526.302 -0.534
526.357 -0.535
526.411 -0.536
526.465 -0.537
526.52 -0.538
526.574 -0.539
526.629 -0.54
526.683 -0.541
526.738 -0.542
526.792 -0.543
526.847 -0.544
526.901 -0.545
526.956 -0.546
527.01 -0.547
527.065 -0.548
527.119 -0.549
527.174 -0.55
527.228 -0.551
527.283 -0.552
527.337 -0.553
527.392 -0.554
527.446 -0.555
527.501 -0.556
527.555 -0.557
527.61 -0.558
527.664 -0.559
527.719 -0.56
527.773 -0.561
527.828 -0.562
527.883 -0.563
527.937 -0.564
527.992 -0.565
528.046 -0.566
528.101 -0.567
528.155 -0.568
528.21 -0.569
528.265 -0.57
528.319 -0.571
528.374 -0.572
528.429 -0.573
528.483 -0.574
528.538 -0.575
528.593 -0.576
528.647 -0.577
528.702 -0.578
528.756 -0.579
528.811 -0.58
528.866 -0.581
528.92 -0.582
528.975 -0.583
529.03 -0.584
529.084 -0.585
529.139 -0.586
529.194 -0.587
529.249 -0.588
529.303 -0.589
529.358 -0.59
529.413 -0.591
529.467 -0.592
529.522 -0.593
529.577 -0.594
529.632 -0.595
529.686 -0.596
529.741 -0.597
529.796 -0.598
529.851 -0.599
529.905 -0.6
529.96 -0.601
530.015 -0.602
530.07 -0.603
530.125 -0.604
530.179 -0.605
530.234 -0.606
530.289 -0.607
530.344 -0.608
530.399 -0.609
530.454 -0.61
530.509 -0.611
530.563 -0.612
530.618 -0.613
530.673 -0.614
530.728 -0.615
530.783 -0.616
530.838 -0.617
530.893 -0.618
530.948 -0.619
531.003 -0.62
531.058 -0.621
531.112 -0.622
531.167 -0.623
531.222 -0.624
531.277 -0.625
531.332 -0.626
531.387 -0.627
531.442 -0.628
531.497 -0.629
531.552 -0.63
531.607 -0.631
531.662 -0.632
531.717 -0.633
531.772 -0.634
531.827 -0.635
531.882 -0.636
531.938 -0.637
531.993 -0.638
532.048 -0.639
532.103 -0.64
532.158 -0.641
532.213 -0.642
532.268 -0.643
532.323 -0.644
532.378 -0.645
532.433 -0.646
532.489 -0.647
532.544 -0.648
532.599 -0.649
532.654 -0.65
532.709 -0.651
532.765 -0.652
532.82 -0.653
532.875 -0.654
532.93 -0.655
532.986 -0.656
533.041 -0.657
533.096 -0.658
533.151 -0.659
533.207 -0.66
533.262 -0.661
533.317 -0.662
533.372 -0.663
533.428 -0.664
533.483 -0.665
533.538 -0.666
533.594 -0.667
533.649 -0.668
533.704 -0.669
533.76 -0.67
533.815 -0.671
533.871 -0.672
533.926 -0.673
533.981 -0.674
534.037 -0.675
534.092 -0.676
534.148 -0.677
534.203 -0.678
534.258 -0.679
534.314 -0.68
534.369 -0.681
534.425 -0.682
534.48 -0.683
534.536 -0.684
534.591 -0.685
534.646 -0.686
534.702 -0.687
534.757 -0.688
534.813 -0.689
534.868 -0.69
534.924 -0.691
534.979 -0.692
535.035 -0.693
535.09 -0.694
535.146 -0.695
535.202 -0.696
535.257 -0.697
535.313 -0.698
535.368 -0.699
535.424 -0.7
535.479 -0.701
535.535 -0.702
535.591 -0.703
535.646 -0.704
535.702 -0.705
535.758 -0.706
535.813 -0.707
535.869 -0.708
535.925 -0.709
535.98 -0.71
536.036 -0.711
536.092 -0.712
536.148 -0.713
536.204 -0.714
536.259 -0.715
536.315 -0.716
536.371 -0.717
536.427 -0.718
536.483 -0.719
536.539 -0.72
536.594 -0.721
536.65 -0.722
536.706 -0.723
536.762 -0.724
536.818 -0.725
536.874 -0.726
536.93 -0.727
536.986 -0.728
537.042 -0.729
537.098 -0.73
537.154 -0.731
537.21 -0.732
537.266 -0.733
537.322 -0.734
537.378 -0.735
537.434 -0.736
537.49 -0.737
537.546 -0.738
537.602 -0.739
537.658 -0.74
537.715 -0.741
537.771 -0.742
537.827 -0.743
537.883 -0.744
537.939 -0.745
537.995 -0.746
538.051 -0.747
538.108 -0.748
538.164 -0.749
538.22 -0.75
538.276 -0.751
538.332 -0.752
538.389 -0.753
538.445 -0.754
538.501 -0.755
538.557 -0.756
538.613 -0.757
538.67 -0.758
538.726 -0.759
538.782 -0.76
538.838 -0.761
538.895 -0.762
538.951 -0.763
539.007 -0.764
539.063 -0.765
539.12 -0.766
539.176 -0.767
539.232 -0.768
539.289 -0.769
539.345 -0.77
539.401 -0.771
539.458 -0.772
539.514 -0.773
539.571 -0.774
539.627 -0.775
539.683 -0.776
539.74 -0.777
539.796 -0.778
539.853 -0.779
539.909 -0.78
539.966 -0.781
540.022 -0.782
540.079 -0.783
540.136 -0.784
540.192 -0.785
540.249 -0.786
540.305 -0.787
540.362 -0.788
540.418 -0.789
540.475 -0.79
540.532 -0.791
540.588 -0.792
540.645 -0.793
540.702 -0.794
540.759 -0.795
540.815 -0.796
540.872 -0.797
540.929 -0.798
540.986 -0.799
541.042 -0.8
541.099 -0.801
541.156 -0.802
541.213 -0.803
541.27 -0.804
541.327 -0.805
541.384 -0.806
541.44 -0.807
541.497 -0.808
541.554 -0.809
541.611 -0.81
541.668 -0.811
541.725 -0.812
541.782 -0.813
541.839 -0.814
541.896 -0.815
541.953 -0.816
542.01 -0.817
542.067 -0.818
542.124 -0.819
542.181 -0.82
542.238 -0.821
542.295 -0.822
542.352 -0.823
542.409 -0.824
542.466 -0.825
542.523 -0.826
542.58 -0.827
542.637 -0.828
542.695 -0.829
542.752 -0.83
542.809 -0.831
542.866 -0.832
542.923 -0.833
542.98 -0.834
543.038 -0.835
543.095 -0.836
543.152 -0.837
543.209 -0.838
543.267 -0.839
543.324 -0.84
543.381 -0.841
543.438 -0.842
543.496 -0.843
543.553 -0.844
543.61 -0.845
543.668 -0.846
543.725 -0.847
543.782 -0.848
543.84 -0.849
543.897 -0.85
543.954 -0.851
544.012 -0.852
544.069 -0.853
544.127 -0.854
544.184 -0.855
544.242 -0.856
544.299 -0.857
544.357 -0.858
544.414 -0.859
544.472 -0.86
544.53 -0.861
544.587 -0.862
544.645 -0.863
544.702 -0.864
544.76 -0.865
544.818 -0.866
544.875 -0.867
544.933 -0.868
544.991 -0.869
545.049 -0.87
545.106 -0.871
545.164 -0.872
545.222 -0.873
545.28 -0.874
545.337 -0.875
545.395 -0.876
545.453 -0.877
545.51 -0.878
545.568 -0.879
545.626 -0.88
545.684 -0.881
545.742 -0.882
545.799 -0.883
545.857 -0.884
545.915 -0.885
545.973 -0.886
546.031 -0.887
546.089 -0.888
546.147 -0.889
546.205 -0.89
546.263 -0.891
546.321 -0.892
546.379 -0.893
546.437 -0.894
546.495 -0.895
546.553 -0.896
546.611 -0.897
546.669 -0.898
546.727 -0.899
546.785 -0.9
546.843 -0.901
546.901 -0.902
546.959 -0.903
547.017 -0.904
547.075 -0.905
547.134 -0.906
547.192 -0.907
547.25 -0.908
547.308 -0.909
547.367 -0.91
547.425 -0.911
547.483 -0.912
547.541 -0.913
547.6 -0.914
547.658 -0.915
547.717 -0.916
547.775 -0.917
547.834 -0.918
547.892 -0.919
547.95 -0.92
548.009 -0.921
548.068 -0.922
548.126 -0.923
548.185 -0.924
548.243 -0.925
548.302 -0.926
548.36 -0.927
548.419 -0.928
548.478 -0.929
548.536 -0.93
548.595 -0.931
548.654 -0.932
548.713 -0.933
548.771 -0.934
548.83 -0.935
548.889 -0.936
548.948 -0.937
549.007 -0.938
549.066 -0.939
549.124 -0.94
549.183 -0.941
549.242 -0.942
549.301 -0.943
549.36 -0.944
549.419 -0.945
549.478 -0.946
549.537 -0.947
549.595 -0.948
549.654 -0.949
549.713 -0.95
549.772 -0.951
549.831 -0.952
549.89 -0.953
549.949 -0.954
550.009 -0.955
550.068 -0.956
550.127 -0.957
550.186 -0.958
550.245 -0.959
550.304 -0.96
550.363 -0.961
550.423 -0.962
550.482 -0.963
550.541 -0.964
550.6 -0.965
550.66 -0.966
550.719 -0.967
550.778 -0.968
550.838 -0.969
550.897 -0.97
550.956 -0.971
551.016 -0.972
551.075 -0.973
551.135 -0.974
551.194 -0.975
551.254 -0.976
551.313 -0.977
551.372 -0.978
551.432 -0.979
551.491 -0.98
551.551 -0.981
551.61 -0.982
551.67 -0.983
551.729 -0.984
551.789 -0.985
551.848 -0.986
551.908 -0.987
551.968 -0.988
552.027 -0.989
552.087 -0.99
552.147 -0.991
552.206 -0.992
552.266 -0.993
552.326 -0.994
552.386 -0.995
552.446 -0.996
552.505 -0.997
552.565 -0.998
552.625 -0.999
552.685 -1
552.745 -1.001
552.805 -1.002
552.865 -1.003
552.925 -1.004
552.985 -1.005
553.045 -1.006
553.105 -1.007
553.165 -1.008
553.225 -1.009
553.285 -1.01
553.345 -1.011
553.405 -1.012
553.465 -1.013
553.526 -1.014
553.586 -1.015
553.646 -1.016
553.706 -1.017
553.767 -1.018
553.827 -1.019
553.887 -1.02
553.947 -1.021
554.008 -1.022
554.068 -1.023
554.129 -1.024
554.189 -1.025
554.249 -1.026
554.31 -1.027
554.37 -1.028
554.431 -1.029
554.492 -1.03
554.552 -1.031
554.613 -1.032
554.674 -1.033
554.734 -1.034
554.795 -1.035
554.856 -1.036
554.917 -1.037
554.978 -1.038
555.038 -1.039
555.099 -1.04
555.16 -1.041
555.221 -1.042
555.282 -1.043
555.343 -1.044
555.404 -1.045
555.465 -1.046
555.526 -1.047
555.587 -1.048
555.648 -1.049
555.71 -1.05
555.771 -1.051
555.832 -1.052
555.893 -1.053
555.954 -1.054
556.015 -1.055
556.076 -1.056
556.138 -1.057
556.199 -1.058
556.26 -1.059
556.321 -1.06
556.383 -1.061
556.444 -1.062
556.505 -1.063
556.567 -1.064
556.628 -1.065
556.689 -1.066
556.751 -1.067
556.812 -1.068
556.874 -1.069
556.935 -1.07
556.997 -1.071
557.058 -1.072
557.12 -1.073
557.181 -1.074
557.243 -1.075
557.305 -1.076
557.366 -1.077
557.428 -1.078
557.49 -1.079
557.551 -1.08
557.613 -1.081
557.675 -1.082
557.737 -1.083
557.798 -1.084
557.86 -1.085
557.922 -1.086
557.984 -1.087
558.046 -1.088
558.108 -1.089
558.17 -1.09
558.232 -1.091
558.294 -1.092
558.356 -1.093
558.418 -1.094
558.48 -1.095
558.542 -1.096
558.605 -1.097
558.667 -1.098
558.729 -1.099
558.791 -1.1
558.853 -1.101
558.915 -1.102
558.977 -1.103
559.04 -1.104
559.102 -1.105
559.164 -1.106
559.226 -1.107
559.289 -1.108
559.351 -1.109
559.414 -1.11
559.476 -1.111
559.538 -1.112
559.601 -1.113
559.663 -1.114
559.726 -1.115
559.788 -1.116
559.851 -1.117
559.913 -1.118
559.976 -1.119
560.038 -1.12
560.101 -1.121
560.164 -1.122
560.226 -1.123
560.289 -1.124
560.352 -1.125
560.415 -1.126
560.477 -1.127
560.54 -1.128
560.603 -1.129
560.666 -1.13
560.729 -1.131
560.792 -1.132
560.855 -1.133
560.918 -1.134
560.981 -1.135
561.044 -1.136
561.107 -1.137
561.17 -1.138
561.233 -1.139
561.296 -1.14
561.359 -1.141
561.422 -1.142
561.485 -1.143
561.549 -1.144
561.612 -1.145
561.675 -1.146
561.738 -1.147
561.802 -1.148
561.865 -1.149
561.929 -1.15
561.992 -1.151
562.055 -1.152
562.119 -1.153
562.182 -1.154
562.246 -1.155
562.309 -1.156
562.373 -1.157
562.437 -1.158
562.5 -1.159
562.564 -1.16
562.628 -1.161
562.691 -1.162
562.755 -1.163
562.819 -1.164
562.882 -1.165
562.946 -1.166
563.01 -1.167
563.074 -1.168
563.138 -1.169
563.202 -1.17
563.266 -1.171
563.33 -1.172
563.394 -1.173
563.458 -1.174
563.522 -1.175
563.586 -1.176
563.65 -1.177
563.714 -1.178
563.778 -1.179
563.842 -1.18
563.906 -1.181
563.971 -1.182
564.035 -1.183
564.099 -1.184
564.163 -1.185
564.228 -1.186
564.292 -1.187
564.356 -1.188
564.421 -1.189
564.485 -1.19
564.55 -1.191
564.614 -1.192
564.678 -1.193
564.743 -1.194
564.808 -1.195
564.872 -1.196
564.937 -1.197
565.001 -1.198
565.066 -1.199
565.131 -1.2
565.195 -1.201
565.26 -1.202
565.325 -1.203
565.39 -1.204
565.454 -1.205
565.519 -1.206
565.584 -1.207
565.649 -1.208
565.714 -1.209
565.779 -1.21
565.844 -1.211
565.909 -1.212
565.974 -1.213
566.039 -1.214
566.104 -1.215
566.169 -1.216
566.234 -1.217
566.299 -1.218
566.364 -1.219
566.43 -1.22
566.495 -1.221
566.56 -1.222
566.625 -1.223
566.691 -1.224
566.756 -1.225
566.821 -1.226
566.887 -1.227
566.952 -1.228
567.017 -1.229
567.083 -1.23
567.148 -1.231
567.214 -1.232
567.28 -1.233
567.345 -1.234
567.411 -1.235
567.476 -1.236
567.542 -1.237
567.607 -1.238
567.673 -1.239
567.739 -1.24
567.804 -1.241
567.87 -1.242
567.935 -1.243
568.001 -1.244
568.067 -1.245
568.133 -1.246
568.198 -1.247
568.264 -1.248
568.33 -1.249
568.396 -1.25
568.462 -1.251
568.527 -1.252
568.593 -1.253
568.659 -1.254
568.725 -1.255
568.791 -1.256
568.857 -1.257
568.923 -1.258
568.99 -1.259
569.056 -1.26
569.122 -1.261
569.188 -1.262
569.254 -1.263
569.32 -1.264
569.387 -1.265
569.453 -1.266
569.519 -1.267
569.586 -1.268
569.652 -1.269
569.718 -1.27
569.785 -1.271
569.851 -1.272
569.918 -1.273
569.984 -1.274
570.051 -1.275
570.117 -1.276
570.184 -1.277
570.251 -1.278
570.317 -1.279
570.384 -1.28
570.451 -1.281
570.517 -1.282
570.584 -1.283
570.651 -1.284
570.718 -1.285
570.785 -1.286
570.851 -1.287
570.918 -1.288
570.985 -1.289
571.052 -1.29
571.119 -1.291
571.186 -1.292
571.253 -1.293
571.32 -1.294
571.387 -1.295
571.454 -1.296
571.522 -1.297
571.589 -1.298
571.656 -1.299
571.723 -1.3
571.79 -1.301
571.858 -1.302
571.925 -1.303
571.992 -1.304
572.06 -1.305
572.127 -1.306
572.194 -1.307
572.262 -1.308
572.329 -1.309
572.397 -1.31
572.464 -1.311
572.532 -1.312
572.6 -1.313
572.667 -1.314
572.735 -1.315
572.802 -1.316
572.87 -1.317
572.938 -1.318
573.006 -1.319
573.073 -1.32
573.141 -1.321
573.209 -1.322
573.277 -1.323
573.345 -1.324
573.413 -1.325
573.48 -1.326
573.548 -1.327
573.616 -1.328
573.684 -1.329
573.752 -1.33
573.82 -1.331
573.889 -1.332
573.957 -1.333
574.025 -1.334
574.093 -1.335
574.161 -1.336
574.229 -1.337
574.298 -1.338
574.366 -1.339
574.434 -1.34
574.503 -1.341
574.571 -1.342
574.639 -1.343
574.708 -1.344
574.776 -1.345
574.844 -1.346
574.913 -1.347
574.981 -1.348
575.05 -1.349
575.118 -1.35
575.187 -1.351
575.256 -1.352
575.324 -1.353
575.393 -1.354
575.461 -1.355
575.53 -1.356
575.599 -1.357
575.668 -1.358
575.736 -1.359
575.805 -1.36
575.874 -1.361
575.943 -1.362
576.012 -1.363
576.08 -1.364
576.149 -1.365
576.218 -1.366
576.287 -1.367
576.356 -1.368
576.425 -1.369
576.494 -1.37
576.563 -1.371
576.632 -1.372
576.701 -1.373
576.77 -1.374
576.839 -1.375
576.909 -1.376
576.978 -1.377
577.047 -1.378
577.116 -1.379
577.185 -1.38
577.254 -1.381
577.324 -1.382
577.393 -1.383
577.462 -1.384
577.531 -1.385
577.601 -1.386
577.67 -1.387
577.739 -1.388
577.809 -1.389
577.878 -1.39
577.948 -1.391
578.017 -1.392
578.086 -1.393
578.156 -1.394
578.225 -1.395
578.295 -1.396
578.364 -1.397
578.434 -1.398
578.504 -1.399
578.573 -1.4
578.643 -1.401
578.712 -1.402
578.782 -1.403
578.852 -1.404
578.921 -1.405
578.991 -1.406
579.061 -1.407
579.131 -1.408
579.2 -1.409
579.27 -1.41
579.34 -1.411
579.41 -1.412
579.479 -1.413
579.549 -1.414
579.619 -1.415
579.689 -1.416
579.759 -1.417
579.828 -1.418
579.898 -1.419
579.968 -1.42
580.038 -1.421
580.108 -1.422
580.178 -1.423
580.248 -1.424
580.318 -1.425
580.388 -1.426
580.458 -1.427
580.528 -1.428
580.598 -1.429
580.668 -1.43
580.738 -1.431
580.808 -1.432
580.878 -1.433
580.948 -1.434
581.018 -1.435
581.088 -1.436
581.158 -1.437
581.228 -1.438
581.299 -1.439
581.369 -1.44
581.439 -1.441
581.509 -1.442
581.579 -1.443
581.649 -1.444
581.719 -1.445
581.789 -1.446
581.86 -1.447
581.93 -1.448
582 -1.449
582.07 -1.45
582.14 -1.451
582.21 -1.452
582.281 -1.453
582.351 -1.454
582.421 -1.455
582.491 -1.456
582.561 -1.457
582.632 -1.458
582.702 -1.459
582.772 -1.46
582.842 -1.461
582.912 -1.462
582.983 -1.463
583.053 -1.464
583.123 -1.465
583.193 -1.466
583.263 -1.467
583.333 -1.468
583.403 -1.469
583.473 -1.47
583.543 -1.471
583.613 -1.472
583.683 -1.473
583.752 -1.474
583.822 -1.475
583.892 -1.476
583.962 -1.477
584.032 -1.478
584.101 -1.479
584.171 -1.48
584.241 -1.481
584.311 -1.482
584.38 -1.483
584.45 -1.484
584.52 -1.485
584.589 -1.486
584.659 -1.487
584.729 -1.488
584.798 -1.489
584.868 -1.49
584.938 -1.491
585.007 -1.492
585.077 -1.493
585.146 -1.494
585.216 -1.495
585.285 -1.496
585.355 -1.497
585.424 -1.498
585.494 -1.499
585.563 -1.5
585.633 -1.501
585.702 -1.502
585.771 -1.503
585.841 -1.504
585.91 -1.505
585.979 -1.506
586.048 -1.507
586.118 -1.508
586.187 -1.509
586.256 -1.51
586.325 -1.511
586.394 -1.512
586.464 -1.513
586.533 -1.514
586.602 -1.515
586.671 -1.516
586.74 -1.517
586.809 -1.518
586.878 -1.519
586.947 -1.52
587.016 -1.521
587.085 -1.522
587.154 -1.523
587.222 -1.524
587.291 -1.525
587.36 -1.526
587.429 -1.527
587.497 -1.528
587.566 -1.529
587.635 -1.53
587.703 -1.531
587.771 -1.532
587.84 -1.533
587.908 -1.534
587.976 -1.535
588.044 -1.536
588.112 -1.537
588.179 -1.538
588.247 -1.539
588.314 -1.54
588.382 -1.541
588.449 -1.542
588.515 -1.543
588.582 -1.544
588.648 -1.545
588.715 -1.546
588.781 -1.547
588.847 -1.548
588.913 -1.549
588.979 -1.55
589.044 -1.551
589.11 -1.552
589.174 -1.553
589.238 -1.554
589.301 -1.555
589.364 -1.556
589.425 -1.557
589.485 -1.558
589.542 -1.559
589.597 -1.56
589.649 -1.561
589.694 -1.562
589.738 -1.563
589.782 -1.564
589.821 -1.565
589.851 -1.566
589.872 -1.567
589.886 -1.568
589.895 -1.569
589.899 -1.57
589.889 -1.571
589.86 -1.572
589.821 -1.573
589.774 -1.574
589.726 -1.575
589.687 -1.576
589.635 -1.577
589.571 -1.578
589.499 -1.579
589.437 -1.58
589.379 -1.581
589.313 -1.582
589.246 -1.583
589.187 -1.584
589.143 -1.585
589.103 -1.586
589.063 -1.587
589.021 -1.588
588.988 -1.589
588.966 -1.59
588.947 -1.591
588.925 -1.592
588.901 -1.593
588.873 -1.594
588.851 -1.595
588.829 -1.596
588.805 -1.597
588.783 -1.598
588.757 -1.599
588.732 -1.6
