9.92005 -0.001
19.8198 -0.002
29.6989 -0.003
39.5571 -0.004
49.394 -0.005
59.2094 -0.006
69.0028 -0.007
78.7739 -0.008
88.5224 -0.009
98.2478 -0.01
107.95 -0.011
117.628 -0.012
127.282 -0.013
136.911 -0.014
146.515 -0.015
156.094 -0.016
165.646 -0.017
175.172 -0.018
184.671 -0.019
194.142 -0.02
203.585 -0.021
212.999 -0.022
222.384 -0.023
231.597 -0.024
239.528 -0.025
246.499 -0.026
253.451 -0.027
260.369 -0.028
267.257 -0.029
274.111 -0.03
280.929 -0.031
287.714 -0.032
294.47 -0.033
301.196 -0.034
307.892 -0.035
314.549 -0.036
320.999 -0.037
326.952 -0.038
332.188 -0.039
336.312 -0.04
339.858 -0.041
343.291 -0.042
346.56 -0.043
349.72 -0.044
352.617 -0.045
355.406 -0.046
357.846 -0.047
359.943 -0.048
361.985 -0.049
364.005 -0.05
366 -0.051
367.976 -0.052
369.933 -0.053
371.864 -0.054
373.767 -0.055
375.644 -0.056
377.497 -0.057
379.326 -0.058
381.113 -0.059
382.849 -0.06
384.479 -0.061
385.997 -0.062
387.367 -0.063
388.587 -0.064
389.625 -0.065
390.595 -0.066
391.539 -0.067
392.361 -0.068
393.009 -0.069
393.595 -0.07
394.126 -0.071
394.553 -0.072
394.846 -0.073
395.097 -0.074
395.339 -0.075
395.575 -0.076
395.805 -0.077
396.029 -0.078
396.238 -0.079
396.427 -0.08
396.598 -0.081
396.754 -0.082
396.891 -0.083
397.023 -0.084
397.152 -0.085
397.277 -0.086
397.4 -0.087
397.52 -0.088
397.636 -0.089
397.749 -0.09
397.855 -0.091
397.959 -0.092
398.059 -0.093
398.154 -0.094
398.246 -0.095
398.335 -0.096
398.422 -0.097
398.506 -0.098
398.589 -0.099
398.668 -0.1
398.746 -0.101
398.822 -0.102
398.894 -0.103
398.963 -0.104
399.029 -0.105
399.093 -0.106
399.155 -0.107
399.212 -0.108
399.268 -0.109
399.321 -0.11
399.373 -0.111
399.423 -0.112
399.472 -0.113
399.521 -0.114
399.569 -0.115
399.617 -0.116
399.664 -0.117
399.71 -0.118
399.755 -0.119
399.8 -0.12
399.845 -0.121
399.888 -0.122
399.932 -0.123
399.974 -0.124
400.017 -0.125
400.058 -0.126
400.099 -0.127
400.139 -0.128
400.178 -0.129
400.217 -0.13
400.255 -0.131
400.293 -0.132
400.329 -0.133
400.365 -0.134
400.401 -0.135
400.435 -0.136
400.469 -0.137
400.502 -0.138
400.534 -0.139
400.565 -0.14
400.596 -0.141
400.626 -0.142
400.654 -0.143
400.682 -0.144
400.709 -0.145
400.734 -0.146
400.758 -0.147
400.781 -0.148
400.804 -0.149
400.826 -0.15
400.846 -0.151
400.866 -0.152
400.885 -0.153
400.903 -0.154
400.919 -0.155
400.935 -0.156
400.951 -0.157
400.966 -0.158
400.98 -0.159
400.994 -0.16
401.007 -0.161
401.019 -0.162
401.03 -0.163
401.04 -0.164
401.05 -0.165
401.059 -0.166
401.068 -0.167
401.076 -0.168
401.085 -0.169
401.092 -0.17
401.099 -0.171
401.104 -0.172
401.109 -0.173
401.113 -0.174
401.115 -0.175
401.116 -0.176
401.116 -0.177
401.114 -0.178
401.111 -0.179
401.107 -0.18
401.102 -0.181
401.096 -0.182
401.091 -0.183
401.084 -0.184
401.077 -0.185
401.068 -0.186
401.058 -0.187
401.047 -0.188
401.035 -0.189
401.023 -0.19
401.009 -0.191
400.994 -0.192
400.979 -0.193
400.962 -0.194
400.944 -0.195
400.925 -0.196
400.905 -0.197
400.884 -0.198
400.863 -0.199
400.841 -0.2
400.818 -0.201
400.793 -0.202
400.767 -0.203
400.739 -0.204
400.71 -0.205
400.679 -0.206
400.646 -0.207
400.611 -0.208
400.575 -0.209
400.537 -0.21
400.501 -0.211
400.467 -0.212
400.431 -0.213
400.394 -0.214
400.356 -0.215
400.315 -0.216
400.275 -0.217
400.235 -0.218
400.196 -0.219
400.157 -0.22
400.119 -0.221
400.085 -0.222
400.058 -0.223
400.035 -0.224
400.014 -0.225
399.993 -0.226
399.971 -0.227
399.949 -0.228
399.927 -0.229
399.906 -0.23
399.884 -0.231
399.863 -0.232
399.843 -0.233
399.826 -0.234
399.81 -0.235
399.794 -0.236
399.778 -0.237
399.761 -0.238
399.744 -0.239
399.727 -0.24
399.709 -0.241
399.692 -0.242
399.675 -0.243
399.657 -0.244
399.641 -0.245
399.625 -0.246
399.61 -0.247
399.597 -0.248
399.587 -0.249
399.58 -0.25
399.577 -0.251
399.577 -0.252
399.579 -0.253
399.585 -0.254
399.592 -0.255
399.603 -0.256
399.616 -0.257
399.632 -0.258
399.648 -0.259
399.665 -0.26
399.681 -0.261
399.697 -0.262
399.713 -0.263
399.729 -0.264
399.746 -0.265
399.763 -0.266
399.779 -0.267
399.795 -0.268
399.811 -0.269
399.827 -0.27
399.842 -0.271
399.858 -0.272
399.873 -0.273
399.888 -0.274
399.902 -0.275
399.917 -0.276
399.931 -0.277
399.945 -0.278
399.959 -0.279
399.973 -0.28
399.986 -0.281
400 -0.282
400.014 -0.283
400.028 -0.284
400.042 -0.285
400.056 -0.286
400.07 -0.287
400.084 -0.288
400.099 -0.289
400.115 -0.29
400.131 -0.291
400.149 -0.292
400.167 -0.293
400.185 -0.294
400.205 -0.295
400.225 -0.296
400.246 -0.297
400.269 -0.298
400.292 -0.299
400.317 -0.3
400.343 -0.301
400.371 -0.302
400.399 -0.303
400.428 -0.304
400.457 -0.305
400.485 -0.306
400.514 -0.307
400.543 -0.308
400.573 -0.309
400.602 -0.31
400.631 -0.311
400.661 -0.312
400.691 -0.313
400.72 -0.314
400.751 -0.315
400.781 -0.316
400.811 -0.317
400.841 -0.318
400.87 -0.319
400.9 -0.32
400.93 -0.321
400.96 -0.322
400.99 -0.323
401.02 -0.324
401.05 -0.325
401.08 -0.326
401.109 -0.327
401.139 -0.328
401.168 -0.329
401.197 -0.33
401.226 -0.331
401.255 -0.332
401.284 -0.333
401.312 -0.334
401.341 -0.335
401.369 -0.336
401.397 -0.337
401.425 -0.338
401.453 -0.339
401.481 -0.34
401.509 -0.341
401.536 -0.342
401.564 -0.343
401.591 -0.344
401.619 -0.345
401.647 -0.346
401.675 -0.347
401.705 -0.348
401.734 -0.349
401.764 -0.35
401.795 -0.351
401.827 -0.352
401.86 -0.353
401.894 -0.354
401.928 -0.355
401.963 -0.356
402 -0.357
402.037 -0.358
402.075 -0.359
402.114 -0.36
402.153 -0.361
402.193 -0.362
402.232 -0.363
402.273 -0.364
402.314 -0.365
402.355 -0.366
402.396 -0.367
402.439 -0.368
402.481 -0.369
402.524 -0.37
402.566 -0.371
402.609 -0.372
402.653 -0.373
402.697 -0.374
402.74 -0.375
402.784 -0.376
402.827 -0.377
402.87 -0.378
402.913 -0.379
402.957 -0.38
402.999 -0.381
403.042 -0.382
403.085 -0.383
403.128 -0.384
403.17 -0.385
403.213 -0.386
403.256 -0.387
403.3 -0.388
403.344 -0.389
403.388 -0.39
403.432 -0.391
403.476 -0.392
403.521 -0.393
403.565 -0.394
403.61 -0.395
403.654 -0.396
403.699 -0.397
403.744 -0.398
403.788 -0.399
403.833 -0.4
403.878 -0.401
403.922 -0.402
403.967 -0.403
404.013 -0.404
404.058 -0.405
404.103 -0.406
404.148 -0.407
404.193 -0.408
404.239 -0.409
404.285 -0.41
404.33 -0.411
404.376 -0.412
404.422 -0.413
404.469 -0.414
404.516 -0.415
404.564 -0.416
404.612 -0.417
404.661 -0.418
404.71 -0.419
404.759 -0.42
404.809 -0.421
404.859 -0.422
404.909 -0.423
404.96 -0.424
405.011 -0.425
405.062 -0.426
405.114 -0.427
405.165 -0.428
405.218 -0.429
405.27 -0.43
405.323 -0.431
405.376 -0.432
405.428 -0.433
405.481 -0.434
405.534 -0.435
405.586 -0.436
405.639 -0.437
405.692 -0.438
405.745 -0.439
405.798 -0.44
405.851 -0.441
405.904 -0.442
405.957 -0.443
406.01 -0.444
406.063 -0.445
406.116 -0.446
406.169 -0.447
406.222 -0.448
406.275 -0.449
406.329 -0.45
406.382 -0.451
406.435 -0.452
406.488 -0.453
406.542 -0.454
406.595 -0.455
406.649 -0.456
406.702 -0.457
406.756 -0.458
406.809 -0.459
406.863 -0.46
406.917 -0.461
406.97 -0.462
407.024 -0.463
407.078 -0.464
407.133 -0.465
407.187 -0.466
407.242 -0.467
407.297 -0.468
407.352 -0.469
407.407 -0.47
407.463 -0.471
407.518 -0.472
407.574 -0.473
407.63 -0.474
407.686 -0.475
407.743 -0.476
407.799 -0.477
407.856 -0.478
407.913 -0.479
407.97 -0.48
408.027 -0.481
408.085 -0.482
408.143 -0.483
408.201 -0.484
408.259 -0.485
408.317 -0.486
408.376 -0.487
408.435 -0.488
408.494 -0.489
408.553 -0.49
408.612 -0.491
408.671 -0.492
408.732 -0.493
408.792 -0.494
408.852 -0.495
408.913 -0.496
408.973 -0.497
409.034 -0.498
409.095 -0.499
409.155 -0.5
409.216 -0.501
409.277 -0.502
409.338 -0.503
409.399 -0.504
409.461 -0.505
409.522 -0.506
409.583 -0.507
409.645 -0.508
409.707 -0.509
409.768 -0.51
409.83 -0.511
409.892 -0.512
409.955 -0.513
410.018 -0.514
410.081 -0.515
410.144 -0.516
410.208 -0.517
410.272 -0.518
410.337 -0.519
410.401 -0.52
410.466 -0.521
410.531 -0.522
410.596 -0.523
410.662 -0.524
410.728 -0.525
410.794 -0.526
410.861 -0.527
410.928 -0.528
410.995 -0.529
411.063 -0.53
411.13 -0.531
411.199 -0.532
411.268 -0.533
411.336 -0.534
411.405 -0.535
411.474 -0.536
411.543 -0.537
411.613 -0.538
411.682 -0.539
411.752 -0.54
411.821 -0.541
411.891 -0.542
411.961 -0.543
412.031 -0.544
412.102 -0.545
412.172 -0.546
412.243 -0.547
412.314 -0.548
412.384 -0.549
412.456 -0.55
412.527 -0.551
412.598 -0.552
412.669 -0.553
412.741 -0.554
412.813 -0.555
412.885 -0.556
412.957 -0.557
413.029 -0.558
413.101 -0.559
413.174 -0.56
413.246 -0.561
413.319 -0.562
413.392 -0.563
413.465 -0.564
413.538 -0.565
413.612 -0.566
413.685 -0.567
413.759 -0.568
413.833 -0.569
413.907 -0.57
413.981 -0.571
414.055 -0.572
414.129 -0.573
414.204 -0.574
414.279 -0.575
414.354 -0.576
414.429 -0.577
414.504 -0.578
414.579 -0.579
414.655 -0.58
414.731 -0.581
414.807 -0.582
414.883 -0.583
414.959 -0.584
415.035 -0.585
415.112 -0.586
415.189 -0.587
415.266 -0.588
415.343 -0.589
415.42 -0.59
415.498 -0.591
415.575 -0.592
415.653 -0.593
415.731 -0.594
415.81 -0.595
415.888 -0.596
415.967 -0.597
416.046 -0.598
416.124 -0.599
416.203 -0.6
416.282 -0.601
416.362 -0.602
416.441 -0.603
416.521 -0.604
416.601 -0.605
416.682 -0.606
416.762 -0.607
416.842 -0.608
416.923 -0.609
417.003 -0.61
417.084 -0.611
417.165 -0.612
417.247 -0.613
417.328 -0.614
417.41 -0.615
417.492 -0.616
417.574 -0.617
417.656 -0.618
417.738 -0.619
417.82 -0.62
417.903 -0.621
417.985 -0.622
418.068 -0.623
418.151 -0.624
418.234 -0.625
418.318 -0.626
418.401 -0.627
418.485 -0.628
418.569 -0.629
418.653 -0.63
418.737 -0.631
418.822 -0.632
418.906 -0.633
418.991 -0.634
419.076 -0.635
419.161 -0.636
419.246 -0.637
419.331 -0.638
419.416 -0.639
419.502 -0.64
419.588 -0.641
419.673 -0.642
419.759 -0.643
419.845 -0.644
419.931 -0.645
420.018 -0.646
420.104 -0.647
420.191 -0.648
420.278 -0.649
420.365 -0.65
420.452 -0.651
420.539 -0.652
420.627 -0.653
420.715 -0.654
420.803 -0.655
420.891 -0.656
420.979 -0.657
421.067 -0.658
421.156 -0.659
421.244 -0.66
421.333 -0.661
421.422 -0.662
421.511 -0.663
421.6 -0.664
421.69 -0.665
421.779 -0.666
421.869 -0.667
421.959 -0.668
422.049 -0.669
422.139 -0.67
422.23 -0.671
422.32 -0.672
422.411 -0.673
422.502 -0.674
422.593 -0.675
422.684 -0.676
422.776 -0.677
422.868 -0.678
422.959 -0.679
423.051 -0.68
423.144 -0.681
423.236 -0.682
423.328 -0.683
423.421 -0.684
423.514 -0.685
423.607 -0.686
423.7 -0.687
423.793 -0.688
423.886 -0.689
423.98 -0.69
424.074 -0.691
424.168 -0.692
424.262 -0.693
424.356 -0.694
424.451 -0.695
424.546 -0.696
424.641 -0.697
424.736 -0.698
424.831 -0.699
424.927 -0.7
425.023 -0.701
425.119 -0.702
425.216 -0.703
425.312 -0.704
425.409 -0.705
425.507 -0.706
425.604 -0.707
425.702 -0.708
425.8 -0.709
425.898 -0.71
425.997 -0.711
426.095 -0.712
426.195 -0.713
426.294 -0.714
426.394 -0.715
426.494 -0.716
426.594 -0.717
426.695 -0.718
426.796 -0.719
426.897 -0.72
426.998 -0.721
427.1 -0.722
427.202 -0.723
427.304 -0.724
427.406 -0.725
427.508 -0.726
427.611 -0.727
427.714 -0.728
427.817 -0.729
427.921 -0.73
428.025 -0.731
428.129 -0.732
428.233 -0.733
428.338 -0.734
428.444 -0.735
428.549 -0.736
428.656 -0.737
428.762 -0.738
428.869 -0.739
428.976 -0.74
429.084 -0.741
429.191 -0.742
429.299 -0.743
429.407 -0.744
429.515 -0.745
429.623 -0.746
429.732 -0.747
429.841 -0.748
429.95 -0.749
430.059 -0.75
430.169 -0.751
430.279 -0.752
430.389 -0.753
430.499 -0.754
430.61 -0.755
430.721 -0.756
430.832 -0.757
430.944 -0.758
431.056 -0.759
431.168 -0.76
431.28 -0.761
431.392 -0.762
431.505 -0.763
431.618 -0.764
431.731 -0.765
431.845 -0.766
431.958 -0.767
432.072 -0.768
432.185 -0.769
432.299 -0.77
432.413 -0.771
432.527 -0.772
432.642 -0.773
432.757 -0.774
432.872 -0.775
432.987 -0.776
433.102 -0.777
433.218 -0.778
433.333 -0.779
433.449 -0.78
433.566 -0.781
433.682 -0.782
433.799 -0.783
433.915 -0.784
434.033 -0.785
434.15 -0.786
434.267 -0.787
434.385 -0.788
434.503 -0.789
434.621 -0.79
434.739 -0.791
434.858 -0.792
434.976 -0.793
435.095 -0.794
435.213 -0.795
435.332 -0.796
435.451 -0.797
435.57 -0.798
435.689 -0.799
435.809 -0.8
435.929 -0.801
436.049 -0.802
436.169 -0.803
436.289 -0.804
436.409 -0.805
436.53 -0.806
436.651 -0.807
436.772 -0.808
436.893 -0.809
437.015 -0.81
437.136 -0.811
437.258 -0.812
437.38 -0.813
437.502 -0.814
437.624 -0.815
437.746 -0.816
437.867 -0.817
437.988 -0.818
438.11 -0.819
438.232 -0.82
438.353 -0.821
438.475 -0.822
438.597 -0.823
438.719 -0.824
438.841 -0.825
438.964 -0.826
439.086 -0.827
439.206 -0.828
439.323 -0.829
439.433 -0.83
439.539 -0.831
439.64 -0.832
439.71 -0.833
439.755 -0.834
439.778 -0.835
439.792 -0.836
439.802 -0.837
439.81 -0.838
439.819 -0.839
439.828 -0.84
439.837 -0.841
439.846 -0.842
439.856 -0.843
439.868 -0.844
439.883 -0.845
439.901 -0.846
439.921 -0.847
439.943 -0.848
439.967 -0.849
439.994 -0.85
440.023 -0.851
440.054 -0.852
440.088 -0.853
440.131 -0.854
440.186 -0.855
440.256 -0.856
440.338 -0.857
440.434 -0.858
440.536 -0.859
440.64 -0.86
440.746 -0.861
440.855 -0.862
440.964 -0.863
441.076 -0.864
441.189 -0.865
441.304 -0.866
441.42 -0.867
441.563 -0.868
441.726 -0.869
441.901 -0.87
442.077 -0.871
442.253 -0.872
442.432 -0.873
442.606 -0.874
442.775 -0.875
442.958 -0.876
443.153 -0.877
443.354 -0.878
443.55 -0.879
443.74 -0.88
443.921 -0.881
444.095 -0.882
444.263 -0.883
444.428 -0.884
444.596 -0.885
444.771 -0.886
444.946 -0.887
445.119 -0.888
445.292 -0.889
445.465 -0.89
445.636 -0.891
445.808 -0.892
445.977 -0.893
446.15 -0.894
446.326 -0.895
446.504 -0.896
446.68 -0.897
446.855 -0.898
447.029 -0.899
447.202 -0.9
447.374 -0.901
447.546 -0.902
447.715 -0.903
447.886 -0.904
448.061 -0.905
448.236 -0.906
448.409 -0.907
448.581 -0.908
448.752 -0.909
448.923 -0.91
449.093 -0.911
449.262 -0.912
449.43 -0.913
449.593 -0.914
449.753 -0.915
449.916 -0.916
450.083 -0.917
450.249 -0.918
450.412 -0.919
450.576 -0.92
450.746 -0.921
450.912 -0.922
451.07 -0.923
451.224 -0.924
451.377 -0.925
451.531 -0.926
451.685 -0.927
451.839 -0.928
451.994 -0.929
452.148 -0.93
452.304 -0.931
452.459 -0.932
452.615 -0.933
452.771 -0.934
452.927 -0.935
453.084 -0.936
453.241 -0.937
453.398 -0.938
453.556 -0.939
453.714 -0.94
453.872 -0.941
454.03 -0.942
454.189 -0.943
454.348 -0.944
454.507 -0.945
454.667 -0.946
454.827 -0.947
454.987 -0.948
455.148 -0.949
455.309 -0.95
455.47 -0.951
455.631 -0.952
455.793 -0.953
455.955 -0.954
456.118 -0.955
456.28 -0.956
456.443 -0.957
456.606 -0.958
456.77 -0.959
456.934 -0.96
457.098 -0.961
457.262 -0.962
457.426 -0.963
457.59 -0.964
457.755 -0.965
457.92 -0.966
458.084 -0.967
458.249 -0.968
458.415 -0.969
458.58 -0.97
458.746 -0.971
458.912 -0.972
459.079 -0.973
459.246 -0.974
459.414 -0.975
459.581 -0.976
459.749 -0.977
459.918 -0.978
460.088 -0.979
460.258 -0.98
460.428 -0.981
460.598 -0.982
460.769 -0.983
460.94 -0.984
461.111 -0.985
461.283 -0.986
461.455 -0.987
461.627 -0.988
461.8 -0.989
461.973 -0.99
462.146 -0.991
462.319 -0.992
462.493 -0.993
462.667 -0.994
462.841 -0.995
463.016 -0.996
463.191 -0.997
463.366 -0.998
463.541 -0.999
463.717 -1
463.893 -1.001
464.069 -1.002
464.245 -1.003
464.422 -1.004
464.599 -1.005
464.777 -1.006
464.955 -1.007
465.133 -1.008
465.311 -1.009
465.49 -1.01
465.669 -1.011
465.848 -1.012
466.027 -1.013
466.206 -1.014
466.386 -1.015
466.565 -1.016
466.745 -1.017
466.925 -1.018
467.107 -1.019
467.289 -1.02
467.471 -1.021
467.653 -1.022
467.836 -1.023
468.018 -1.024
468.2 -1.025
468.383 -1.026
468.566 -1.027
468.748 -1.028
468.932 -1.029
469.116 -1.03
469.301 -1.031
469.486 -1.032
469.672 -1.033
469.858 -1.034
470.044 -1.035
470.23 -1.036
470.417 -1.037
470.604 -1.038
470.792 -1.039
470.98 -1.04
471.168 -1.041
471.356 -1.042
471.545 -1.043
471.734 -1.044
471.923 -1.045
472.113 -1.046
472.303 -1.047
472.494 -1.048
472.685 -1.049
472.876 -1.05
473.068 -1.051
473.26 -1.052
473.453 -1.053
473.645 -1.054
473.838 -1.055
474.031 -1.056
474.225 -1.057
474.419 -1.058
474.614 -1.059
474.808 -1.06
475.003 -1.061
475.199 -1.062
475.395 -1.063
475.591 -1.064
475.788 -1.065
475.985 -1.066
476.182 -1.067
476.379 -1.068
476.577 -1.069
476.775 -1.07
476.973 -1.071
477.172 -1.072
477.371 -1.073
477.571 -1.074
477.772 -1.075
477.972 -1.076
478.174 -1.077
478.375 -1.078
478.577 -1.079
478.779 -1.08
478.982 -1.081
479.185 -1.082
479.388 -1.083
479.591 -1.084
479.795 -1.085
479.999 -1.086
480.203 -1.087
480.408 -1.088
480.613 -1.089
480.818 -1.09
481.024 -1.091
481.231 -1.092
481.438 -1.093
481.645 -1.094
481.853 -1.095
482.061 -1.096
482.269 -1.097
482.478 -1.098
482.687 -1.099
482.897 -1.1
483.107 -1.101
483.317 -1.102
483.528 -1.103
483.739 -1.104
483.95 -1.105
484.162 -1.106
484.374 -1.107
484.587 -1.108
484.8 -1.109
485.013 -1.11
485.227 -1.111
485.441 -1.112
485.655 -1.113
485.87 -1.114
486.085 -1.115
486.301 -1.116
486.517 -1.117
486.733 -1.118
486.95 -1.119
487.167 -1.12
487.384 -1.121
487.602 -1.122
487.82 -1.123
488.039 -1.124
488.258 -1.125
488.477 -1.126
488.697 -1.127
488.917 -1.128
489.138 -1.129
489.358 -1.13
489.579 -1.131
489.8 -1.132
490.022 -1.133
490.244 -1.134
490.466 -1.135
490.688 -1.136
490.911 -1.137
491.134 -1.138
491.357 -1.139
491.581 -1.14
491.806 -1.141
492.031 -1.142
492.257 -1.143
492.483 -1.144
492.71 -1.145
492.937 -1.146
493.164 -1.147
493.392 -1.148
493.62 -1.149
493.849 -1.15
494.077 -1.151
494.307 -1.152
494.536 -1.153
494.766 -1.154
494.997 -1.155
495.227 -1.156
495.458 -1.157
495.689 -1.158
495.92 -1.159
496.152 -1.16
496.384 -1.161
496.616 -1.162
496.849 -1.163
497.082 -1.164
497.315 -1.165
497.549 -1.166
497.782 -1.167
498.016 -1.168
498.252 -1.169
498.487 -1.17
498.723 -1.171
498.96 -1.172
499.197 -1.173
499.434 -1.174
499.671 -1.175
499.909 -1.176
500.147 -1.177
500.386 -1.178
500.625 -1.179
500.864 -1.18
501.104 -1.181
501.345 -1.182
501.585 -1.183
501.826 -1.184
502.067 -1.185
502.309 -1.186
502.55 -1.187
502.792 -1.188
503.033 -1.189
503.275 -1.19
503.518 -1.191
503.76 -1.192
504.003 -1.193
504.246 -1.194
504.489 -1.195
504.733 -1.196
504.976 -1.197
505.219 -1.198
505.462 -1.199
505.709 -1.2
