13.5022 -0.001
26.9849 -0.002
40.4481 -0.003
53.8915 -0.004
67.3152 -0.005
80.7189 -0.006
94.1025 -0.007
107.466 -0.008
120.809 -0.009
134.132 -0.01
147.434 -0.011
160.715 -0.012
173.975 -0.013
187.215 -0.014
200.433 -0.015
213.629 -0.016
226.805 -0.017
239.958 -0.018
253.09 -0.019
266.2 -0.02
279.287 -0.021
292.352 -0.022
305.395 -0.023
318.415 -0.024
331.412 -0.025
344.386 -0.026
357.337 -0.027
370.265 -0.028
383.168 -0.029
396.048 -0.03
408.904 -0.031
421.721 -0.032
434.201 -0.033
445.529 -0.034
455.724 -0.035
465.897 -0.036
476.044 -0.037
486.18 -0.038
496.317 -0.039
506.43 -0.04
516.52 -0.041
526.596 -0.042
536.651 -0.043
546.676 -0.044
556.67 -0.045
566.636 -0.046
576.573 -0.047
586.445 -0.048
596.04 -0.049
605.042 -0.05
613.253 -0.051
620.561 -0.052
626.314 -0.053
631.043 -0.054
635.582 -0.055
639.811 -0.056
643.732 -0.057
647.423 -0.058
650.538 -0.059
653.044 -0.06
655.21 -0.061
657.151 -0.062
658.78 -0.063
660.016 -0.064
661.118 -0.065
662.183 -0.066
663.215 -0.067
664.21 -0.068
665.17 -0.069
666.106 -0.07
667.01 -0.071
667.889 -0.072
668.752 -0.073
669.595 -0.074
670.427 -0.075
671.245 -0.076
672.05 -0.077
672.846 -0.078
673.633 -0.079
674.411 -0.08
675.176 -0.081
675.932 -0.082
676.679 -0.083
677.414 -0.084
678.141 -0.085
678.858 -0.086
679.565 -0.087
680.261 -0.088
680.949 -0.089
681.628 -0.09
682.295 -0.091
682.953 -0.092
683.602 -0.093
684.243 -0.094
684.871 -0.095
685.488 -0.096
686.097 -0.097
686.698 -0.098
687.29 -0.099
687.868 -0.1
688.439 -0.101
689.003 -0.102
689.56 -0.103
690.109 -0.104
690.649 -0.105
691.183 -0.106
691.713 -0.107
692.238 -0.108
692.755 -0.109
693.266 -0.11
693.773 -0.111
694.276 -0.112
694.772 -0.113
695.263 -0.114
695.749 -0.115
696.232 -0.116
696.711 -0.117
697.185 -0.118
697.655 -0.119
698.119 -0.12
698.581 -0.121
699.039 -0.122
699.494 -0.123
699.945 -0.124
700.394 -0.125
700.838 -0.126
701.28 -0.127
701.718 -0.128
702.152 -0.129
702.585 -0.13
703.014 -0.131
703.439 -0.132
703.86 -0.133
704.276 -0.134
704.69 -0.135
705.102 -0.136
705.511 -0.137
705.918 -0.138
706.321 -0.139
706.72 -0.14
707.115 -0.141
707.507 -0.142
707.896 -0.143
708.284 -0.144
708.669 -0.145
709.049 -0.146
709.426 -0.147
709.799 -0.148
710.169 -0.149
710.536 -0.15
710.9 -0.151
711.26 -0.152
711.618 -0.153
711.973 -0.154
712.325 -0.155
712.675 -0.156
713.023 -0.157
713.368 -0.158
713.711 -0.159
714.048 -0.16
714.382 -0.161
714.714 -0.162
715.043 -0.163
715.371 -0.164
715.696 -0.165
716.019 -0.166
716.34 -0.167
716.659 -0.168
716.974 -0.169
717.287 -0.17
717.596 -0.171
717.899 -0.172
718.199 -0.173
718.495 -0.174
718.788 -0.175
719.079 -0.176
719.369 -0.177
719.656 -0.178
719.94 -0.179
720.222 -0.18
720.502 -0.181
720.777 -0.182
721.046 -0.183
721.312 -0.184
721.577 -0.185
721.839 -0.186
722.1 -0.187
722.359 -0.188
722.616 -0.189
722.87 -0.19
723.121 -0.191
723.369 -0.192
723.614 -0.193
723.858 -0.194
724.099 -0.195
724.335 -0.196
724.565 -0.197
724.792 -0.198
725.016 -0.199
725.239 -0.2
725.46 -0.201
725.679 -0.202
725.896 -0.203
726.111 -0.204
726.325 -0.205
726.537 -0.206
726.747 -0.207
726.955 -0.208
727.161 -0.209
727.359 -0.21
727.547 -0.211
727.729 -0.212
727.909 -0.213
728.087 -0.214
728.262 -0.215
728.434 -0.216
728.605 -0.217
728.774 -0.218
728.937 -0.219
729.092 -0.22
729.243 -0.221
729.392 -0.222
729.54 -0.223
729.685 -0.224
729.827 -0.225
729.969 -0.226
730.108 -0.227
730.237 -0.228
730.358 -0.229
730.477 -0.23
730.593 -0.231
730.708 -0.232
730.82 -0.233
730.93 -0.234
731.03 -0.235
731.124 -0.236
731.212 -0.237
731.298 -0.238
731.387 -0.239
731.475 -0.24
731.56 -0.241
731.645 -0.242
731.727 -0.243
731.808 -0.244
731.889 -0.245
731.969 -0.246
732.047 -0.247
732.126 -0.248
732.206 -0.249
732.284 -0.25
732.36 -0.251
732.436 -0.252
732.511 -0.253
732.585 -0.254
732.658 -0.255
732.73 -0.256
732.801 -0.257
732.872 -0.258
732.941 -0.259
733.008 -0.26
733.075 -0.261
733.139 -0.262
733.201 -0.263
733.262 -0.264
733.321 -0.265
733.379 -0.266
733.436 -0.267
733.492 -0.268
733.547 -0.269
733.601 -0.27
733.653 -0.271
733.704 -0.272
733.753 -0.273
733.8 -0.274
733.846 -0.275
733.891 -0.276
733.934 -0.277
733.976 -0.278
734.017 -0.279
734.055 -0.28
734.092 -0.281
734.127 -0.282
734.161 -0.283
734.191 -0.284
734.219 -0.285
734.246 -0.286
734.271 -0.287
734.295 -0.288
734.319 -0.289
734.342 -0.29
734.363 -0.291
734.382 -0.292
734.401 -0.293
734.417 -0.294
734.433 -0.295
734.447 -0.296
734.46 -0.297
734.469 -0.298
734.476 -0.299
734.482 -0.3
734.487 -0.301
734.491 -0.302
734.493 -0.303
734.494 -0.304
734.494 -0.305
734.494 -0.306
734.492 -0.307
734.49 -0.308
734.486 -0.309
734.482 -0.31
734.476 -0.311
734.469 -0.312
734.458 -0.313
734.445 -0.314
734.43 -0.315
734.413 -0.316
734.395 -0.317
734.375 -0.318
734.353 -0.319
734.33 -0.32
734.306 -0.321
734.281 -0.322
734.254 -0.323
734.225 -0.324
734.195 -0.325
734.162 -0.326
734.125 -0.327
734.085 -0.328
734.044 -0.329
734.002 -0.33
733.959 -0.331
733.915 -0.332
733.869 -0.333
733.823 -0.334
733.775 -0.335
733.725 -0.336
733.674 -0.337
733.622 -0.338
733.568 -0.339
733.513 -0.34
733.456 -0.341
733.398 -0.342
733.339 -0.343
733.278 -0.344
733.216 -0.345
733.152 -0.346
733.088 -0.347
733.022 -0.348
732.954 -0.349
732.883 -0.35
732.811 -0.351
732.736 -0.352
732.66 -0.353
732.583 -0.354
732.505 -0.355
732.425 -0.356
732.344 -0.357
732.261 -0.358
732.176 -0.359
732.089 -0.36
732.001 -0.361
731.911 -0.362
731.822 -0.363
731.731 -0.364
731.639 -0.365
731.545 -0.366
731.449 -0.367
731.355 -0.368
731.259 -0.369
731.161 -0.37
731.062 -0.371
730.961 -0.372
730.859 -0.373
730.755 -0.374
730.651 -0.375
730.546 -0.376
730.44 -0.377
730.333 -0.378
730.224 -0.379
730.114 -0.38
730.006 -0.381
729.896 -0.382
729.785 -0.383
729.673 -0.384
729.559 -0.385
729.443 -0.386
729.329 -0.387
729.215 -0.388
729.099 -0.389
728.981 -0.39
728.862 -0.391
728.743 -0.392
728.626 -0.393
728.508 -0.394
728.389 -0.395
728.268 -0.396
728.146 -0.397
728.026 -0.398
727.906 -0.399
727.784 -0.4
727.661 -0.401
727.537 -0.402
727.412 -0.403
727.289 -0.404
727.166 -0.405
727.041 -0.406
726.915 -0.407
726.788 -0.408
726.66 -0.409
726.532 -0.41
726.405 -0.411
726.277 -0.412
726.149 -0.413
726.02 -0.414
725.891 -0.415
725.765 -0.416
725.639 -0.417
725.512 -0.418
725.384 -0.419
725.256 -0.42
725.128 -0.421
724.999 -0.422
724.87 -0.423
724.74 -0.424
724.61 -0.425
724.479 -0.426
724.349 -0.427
724.218 -0.428
724.087 -0.429
723.954 -0.43
723.822 -0.431
723.691 -0.432
723.559 -0.433
723.428 -0.434
723.295 -0.435
723.162 -0.436
723.029 -0.437
722.897 -0.438
722.766 -0.439
722.634 -0.44
722.503 -0.441
722.371 -0.442
722.238 -0.443
722.104 -0.444
721.971 -0.445
721.837 -0.446
721.703 -0.447
721.568 -0.448
721.432 -0.449
721.296 -0.45
721.16 -0.451
721.023 -0.452
720.885 -0.453
720.747 -0.454
720.609 -0.455
720.47 -0.456
720.331 -0.457
720.193 -0.458
720.055 -0.459
719.917 -0.46
719.778 -0.461
719.64 -0.462
719.501 -0.463
719.361 -0.464
719.222 -0.465
719.082 -0.466
718.943 -0.467
718.805 -0.468
718.666 -0.469
718.526 -0.47
718.387 -0.471
718.247 -0.472
718.107 -0.473
717.967 -0.474
717.827 -0.475
717.686 -0.476
717.546 -0.477
717.407 -0.478
717.268 -0.479
717.129 -0.48
716.99 -0.481
716.85 -0.482
716.711 -0.483
716.571 -0.484
716.431 -0.485
716.29 -0.486
716.151 -0.487
716.012 -0.488
715.875 -0.489
715.739 -0.49
715.602 -0.491
715.466 -0.492
715.329 -0.493
715.193 -0.494
715.056 -0.495
714.92 -0.496
714.783 -0.497
714.646 -0.498
714.51 -0.499
714.376 -0.5
714.243 -0.501
714.11 -0.502
713.978 -0.503
713.846 -0.504
713.713 -0.505
713.581 -0.506
713.449 -0.507
713.317 -0.508
713.184 -0.509
713.054 -0.51
712.924 -0.511
712.794 -0.512
712.664 -0.513
712.534 -0.514
712.405 -0.515
712.276 -0.516
712.148 -0.517
712.019 -0.518
711.89 -0.519
711.762 -0.52
711.634 -0.521
711.506 -0.522
711.379 -0.523
711.252 -0.524
711.126 -0.525
710.999 -0.526
710.872 -0.527
710.745 -0.528
710.619 -0.529
710.493 -0.53
710.367 -0.531
710.242 -0.532
710.118 -0.533
709.994 -0.534
709.87 -0.535
709.747 -0.536
709.625 -0.537
709.503 -0.538
709.382 -0.539
709.261 -0.54
709.141 -0.541
709.021 -0.542
708.902 -0.543
708.783 -0.544
708.665 -0.545
708.547 -0.546
708.43 -0.547
708.313 -0.548
708.197 -0.549
708.08 -0.55
707.964 -0.551
707.848 -0.552
707.733 -0.553
707.617 -0.554
707.502 -0.555
707.387 -0.556
707.272 -0.557
707.158 -0.558
707.044 -0.559
706.93 -0.56
706.816 -0.561
706.703 -0.562
706.59 -0.563
706.477 -0.564
706.364 -0.565
706.252 -0.566
706.14 -0.567
706.028 -0.568
705.917 -0.569
705.806 -0.57
705.695 -0.571
705.584 -0.572
705.474 -0.573
705.364 -0.574
705.254 -0.575
705.145 -0.576
705.036 -0.577
704.928 -0.578
704.819 -0.579
704.711 -0.58
704.604 -0.581
704.496 -0.582
704.389 -0.583
704.283 -0.584
704.176 -0.585
704.07 -0.586
703.964 -0.587
703.859 -0.588
703.753 -0.589
703.648 -0.59
703.543 -0.591
703.438 -0.592
703.333 -0.593
703.227 -0.594
703.119 -0.595
703.009 -0.596
702.91 -0.597
702.81 -0.598
702.71 -0.599
702.612 -0.6
702.513 -0.601
702.415 -0.602
702.318 -0.603
702.221 -0.604
702.125 -0.605
702.029 -0.606
701.934 -0.607
701.84 -0.608
701.745 -0.609
701.652 -0.61
701.559 -0.611
701.467 -0.612
701.375 -0.613
701.284 -0.614
701.193 -0.615
701.103 -0.616
701.013 -0.617
700.924 -0.618
700.836 -0.619
700.748 -0.62
700.661 -0.621
700.574 -0.622
700.487 -0.623
700.401 -0.624
700.316 -0.625
700.232 -0.626
700.148 -0.627
700.064 -0.628
699.981 -0.629
699.899 -0.63
699.817 -0.631
699.737 -0.632
699.657 -0.633
699.577 -0.634
699.499 -0.635
699.42 -0.636
699.343 -0.637
699.266 -0.638
699.189 -0.639
699.114 -0.64
699.039 -0.641
698.964 -0.642
698.891 -0.643
698.818 -0.644
698.745 -0.645
698.673 -0.646
698.602 -0.647
698.531 -0.648
698.461 -0.649
698.392 -0.65
698.323 -0.651
698.255 -0.652
698.186 -0.653
698.119 -0.654
698.052 -0.655
697.985 -0.656
697.919 -0.657
697.853 -0.658
697.788 -0.659
697.724 -0.66
697.66 -0.661
697.597 -0.662
697.534 -0.663
697.472 -0.664
697.41 -0.665
697.349 -0.666
697.289 -0.667
697.229 -0.668
697.169 -0.669
697.111 -0.67
697.053 -0.671
696.995 -0.672
696.938 -0.673
696.882 -0.674
696.826 -0.675
696.771 -0.676
696.716 -0.677
696.662 -0.678
696.609 -0.679
696.556 -0.68
696.504 -0.681
696.453 -0.682
696.402 -0.683
696.352 -0.684
696.303 -0.685
696.254 -0.686
696.205 -0.687
696.158 -0.688
696.111 -0.689
696.065 -0.69
696.019 -0.691
695.974 -0.692
695.93 -0.693
695.886 -0.694
695.843 -0.695
695.801 -0.696
695.759 -0.697
695.718 -0.698
695.678 -0.699
695.639 -0.7
695.6 -0.701
695.562 -0.702
695.524 -0.703
695.487 -0.704
695.451 -0.705
695.416 -0.706
695.381 -0.707
695.347 -0.708
695.314 -0.709
695.281 -0.71
695.25 -0.711
695.219 -0.712
695.188 -0.713
695.159 -0.714
695.13 -0.715
695.102 -0.716
695.074 -0.717
695.048 -0.718
695.022 -0.719
694.997 -0.72
694.972 -0.721
694.949 -0.722
694.926 -0.723
694.904 -0.724
694.883 -0.725
694.862 -0.726
694.842 -0.727
694.823 -0.728
694.805 -0.729
694.788 -0.73
694.771 -0.731
694.755 -0.732
694.74 -0.733
694.726 -0.734
694.712 -0.735
694.7 -0.736
694.688 -0.737
694.677 -0.738
694.666 -0.739
694.657 -0.74
694.648 -0.741
694.64 -0.742
694.632 -0.743
694.625 -0.744
694.619 -0.745
694.613 -0.746
694.608 -0.747
694.604 -0.748
694.6 -0.749
694.596 -0.75
694.592 -0.751
694.587 -0.752
694.58 -0.753
694.569 -0.754
694.553 -0.755
694.531 -0.756
694.507 -0.757
694.479 -0.758
694.447 -0.759
694.413 -0.76
694.375 -0.761
694.335 -0.762
694.29 -0.763
694.243 -0.764
694.194 -0.765
694.143 -0.766
694.091 -0.767
694.039 -0.768
693.988 -0.769
693.938 -0.77
693.888 -0.771
693.839 -0.772
693.79 -0.773
693.743 -0.774
693.695 -0.775
693.648 -0.776
693.602 -0.777
693.556 -0.778
693.515 -0.779
693.519 -0.78
693.524 -0.781
693.53 -0.782
693.534 -0.783
693.538 -0.784
693.543 -0.785
693.546 -0.786
693.545 -0.787
693.55 -0.788
693.579 -0.789
693.607 -0.79
693.634 -0.791
693.661 -0.792
693.688 -0.793
693.716 -0.794
693.752 -0.795
693.802 -0.796
693.854 -0.797
693.903 -0.798
693.952 -0.799
694.004 -0.8
694.073 -0.801
694.142 -0.802
694.204 -0.803
694.265 -0.804
694.326 -0.805
694.392 -0.806
694.465 -0.807
694.539 -0.808
694.612 -0.809
694.685 -0.81
694.759 -0.811
694.832 -0.812
694.907 -0.813
694.985 -0.814
695.063 -0.815
695.135 -0.816
695.203 -0.817
695.267 -0.818
695.326 -0.819
695.381 -0.82
695.43 -0.821
695.473 -0.822
695.511 -0.823
695.542 -0.824
695.567 -0.825
695.586 -0.826
695.598 -0.827
695.608 -0.828
695.617 -0.829
695.623 -0.83
695.629 -0.831
695.633 -0.832
695.635 -0.833
695.639 -0.834
695.658 -0.835
695.676 -0.836
695.693 -0.837
695.708 -0.838
695.721 -0.839
695.733 -0.84
695.744 -0.841
695.752 -0.842
695.761 -0.843
695.77 -0.844
695.775 -0.845
695.781 -0.846
695.787 -0.847
695.794 -0.848
695.802 -0.849
695.809 -0.85
695.818 -0.851
695.826 -0.852
695.835 -0.853
695.844 -0.854
695.854 -0.855
695.908 -0.856
695.973 -0.857
696.04 -0.858
696.107 -0.859
696.198 -0.86
696.294 -0.861
696.39 -0.862
696.505 -0.863
696.63 -0.864
696.764 -0.865
696.917 -0.866
697.074 -0.867
697.245 -0.868
697.415 -0.869
697.593 -0.87
697.773 -0.871
697.953 -0.872
698.131 -0.873
698.303 -0.874
698.466 -0.875
698.621 -0.876
698.765 -0.877
698.909 -0.878
699.053 -0.879
699.199 -0.88
699.345 -0.881
699.491 -0.882
699.639 -0.883
699.787 -0.884
699.935 -0.885
700.085 -0.886
700.236 -0.887
700.388 -0.888
700.541 -0.889
700.694 -0.89
700.848 -0.891
701.002 -0.892
701.157 -0.893
701.312 -0.894
701.467 -0.895
701.622 -0.896
701.776 -0.897
701.929 -0.898
702.08 -0.899
702.23 -0.9
702.38 -0.901
702.526 -0.902
702.669 -0.903
702.808 -0.904
702.942 -0.905
703.071 -0.906
703.217 -0.907
703.382 -0.908
703.547 -0.909
703.711 -0.91
703.873 -0.911
704.033 -0.912
704.199 -0.913
704.369 -0.914
704.538 -0.915
704.706 -0.916
704.877 -0.917
705.059 -0.918
705.246 -0.919
705.434 -0.92
705.624 -0.921
705.822 -0.922
706.023 -0.923
706.221 -0.924
706.419 -0.925
706.621 -0.926
706.821 -0.927
707.022 -0.928
707.224 -0.929
707.423 -0.93
707.621 -0.931
707.82 -0.932
708.018 -0.933
708.211 -0.934
708.405 -0.935
708.598 -0.936
708.792 -0.937
708.987 -0.938
709.182 -0.939
709.378 -0.94
709.575 -0.941
709.772 -0.942
709.968 -0.943
710.166 -0.944
710.363 -0.945
710.561 -0.946
710.759 -0.947
710.957 -0.948
711.154 -0.949
711.353 -0.95
711.554 -0.951
711.756 -0.952
711.959 -0.953
712.163 -0.954
712.367 -0.955
712.573 -0.956
712.78 -0.957
712.988 -0.958
713.198 -0.959
713.41 -0.96
713.621 -0.961
713.833 -0.962
714.047 -0.963
714.262 -0.964
714.479 -0.965
714.697 -0.966
714.914 -0.967
715.133 -0.968
715.353 -0.969
715.574 -0.97
715.797 -0.971
716.022 -0.972
716.248 -0.973
716.476 -0.974
716.705 -0.975
716.935 -0.976
717.167 -0.977
717.401 -0.978
717.635 -0.979
717.872 -0.98
718.11 -0.981
718.349 -0.982
718.59 -0.983
718.833 -0.984
719.077 -0.985
719.322 -0.986
719.569 -0.987
719.818 -0.988
720.068 -0.989
720.32 -0.99
720.573 -0.991
720.827 -0.992
721.084 -0.993
721.341 -0.994
721.601 -0.995
721.861 -0.996
722.124 -0.997
722.388 -0.998
722.653 -0.999
722.921 -1
723.189 -1.001
723.46 -1.002
723.732 -1.003
724.005 -1.004
724.28 -1.005
724.557 -1.006
724.835 -1.007
725.115 -1.008
725.396 -1.009
725.679 -1.01
725.964 -1.011
726.249 -1.012
726.536 -1.013
726.825 -1.014
727.115 -1.015
727.407 -1.016
727.701 -1.017
727.996 -1.018
728.293 -1.019
728.591 -1.02
728.89 -1.021
729.191 -1.022
729.494 -1.023
729.798 -1.024
730.103 -1.025
730.411 -1.026
730.72 -1.027
731.03 -1.028
731.342 -1.029
731.656 -1.03
731.971 -1.031
732.287 -1.032
732.605 -1.033
732.925 -1.034
733.246 -1.035
733.569 -1.036
733.894 -1.037
734.22 -1.038
734.547 -1.039
734.877 -1.04
735.208 -1.041
735.54 -1.042
735.874 -1.043
736.21 -1.044
736.547 -1.045
736.886 -1.046
737.227 -1.047
737.569 -1.048
737.914 -1.049
738.259 -1.05
738.606 -1.051
738.955 -1.052
739.306 -1.053
739.658 -1.054
740.012 -1.055
740.367 -1.056
740.725 -1.057
741.084 -1.058
741.445 -1.059
741.807 -1.06
742.169 -1.061
742.534 -1.062
742.898 -1.063
743.265 -1.064
743.633 -1.065
744.003 -1.066
744.375 -1.067
744.748 -1.068
745.122 -1.069
745.497 -1.07
745.874 -1.071
746.253 -1.072
746.634 -1.073
747.015 -1.074
747.397 -1.075
747.782 -1.076
748.166 -1.077
748.552 -1.078
748.94 -1.079
749.33 -1.08
749.722 -1.081
750.116 -1.082
750.511 -1.083
750.908 -1.084
751.306 -1.085
751.705 -1.086
752.105 -1.087
752.507 -1.088
752.91 -1.089
753.315 -1.09
753.722 -1.091
754.13 -1.092
754.538 -1.093
754.949 -1.094
755.361 -1.095
755.775 -1.096
756.19 -1.097
756.606 -1.098
757.025 -1.099
757.445 -1.1
757.866 -1.101
758.289 -1.102
758.714 -1.103
759.141 -1.104
759.569 -1.105
759.998 -1.106
760.429 -1.107
760.861 -1.108
761.296 -1.109
761.732 -1.11
762.17 -1.111
762.611 -1.112
763.053 -1.113
763.497 -1.114
763.943 -1.115
764.39 -1.116
764.838 -1.117
765.288 -1.118
765.74 -1.119
766.193 -1.12
766.649 -1.121
767.106 -1.122
767.565 -1.123
768.026 -1.124
768.488 -1.125
768.952 -1.126
769.418 -1.127
769.885 -1.128
770.354 -1.129
770.825 -1.13
771.299 -1.131
771.774 -1.132
772.251 -1.133
772.73 -1.134
773.21 -1.135
773.692 -1.136
774.176 -1.137
774.662 -1.138
775.15 -1.139
775.639 -1.14
776.131 -1.141
776.624 -1.142
777.119 -1.143
777.616 -1.144
778.116 -1.145
778.617 -1.146
779.119 -1.147
779.623 -1.148
780.129 -1.149
780.637 -1.15
781.147 -1.151
781.658 -1.152
782.171 -1.153
782.686 -1.154
783.204 -1.155
783.723 -1.156
784.245 -1.157
784.768 -1.158
785.292 -1.159
785.819 -1.16
786.348 -1.161
786.878 -1.162
787.411 -1.163
787.945 -1.164
788.482 -1.165
789.02 -1.166
789.56 -1.167
790.102 -1.168
790.646 -1.169
791.192 -1.17
791.74 -1.171
792.29 -1.172
792.842 -1.173
793.395 -1.174
793.95 -1.175
794.506 -1.176
795.065 -1.177
795.626 -1.178
796.189 -1.179
796.753 -1.18
797.32 -1.181
797.889 -1.182
798.461 -1.183
799.033 -1.184
799.608 -1.185
800.184 -1.186
800.763 -1.187
801.343 -1.188
801.925 -1.189
802.509 -1.19
803.095 -1.191
803.684 -1.192
804.274 -1.193
804.867 -1.194
805.462 -1.195
806.059 -1.196
806.659 -1.197
807.26 -1.198
807.863 -1.199
808.469 -1.2
809.076 -1.201
809.686 -1.202
810.298 -1.203
810.911 -1.204
811.527 -1.205
812.145 -1.206
812.765 -1.207
813.387 -1.208
814.011 -1.209
814.638 -1.21
815.267 -1.211
815.898 -1.212
816.531 -1.213
817.166 -1.214
817.804 -1.215
818.443 -1.216
819.085 -1.217
819.728 -1.218
820.375 -1.219
821.023 -1.22
821.674 -1.221
822.326 -1.222
822.981 -1.223
823.639 -1.224
824.298 -1.225
824.96 -1.226
825.624 -1.227
826.29 -1.228
826.959 -1.229
827.63 -1.23
828.303 -1.231
828.979 -1.232
829.656 -1.233
830.336 -1.234
831.018 -1.235
831.702 -1.236
832.389 -1.237
833.078 -1.238
833.769 -1.239
834.463 -1.24
835.159 -1.241
835.857 -1.242
836.558 -1.243
837.26 -1.244
837.965 -1.245
838.672 -1.246
839.382 -1.247
840.094 -1.248
840.808 -1.249
841.525 -1.25
842.245 -1.251
842.966 -1.252
843.69 -1.253
844.416 -1.254
845.145 -1.255
845.876 -1.256
846.61 -1.257
847.346 -1.258
848.084 -1.259
848.824 -1.26
849.567 -1.261
850.312 -1.262
851.059 -1.263
851.808 -1.264
852.56 -1.265
853.315 -1.266
854.071 -1.267
854.831 -1.268
855.592 -1.269
856.356 -1.27
857.123 -1.271
857.892 -1.272
858.663 -1.273
859.437 -1.274
860.213 -1.275
860.992 -1.276
861.773 -1.277
862.556 -1.278
863.341 -1.279
864.129 -1.28
864.92 -1.281
865.713 -1.282
866.508 -1.283
867.306 -1.284
868.106 -1.285
868.909 -1.286
869.714 -1.287
870.522 -1.288
871.332 -1.289
872.144 -1.29
872.959 -1.291
873.776 -1.292
874.596 -1.293
875.418 -1.294
876.242 -1.295
877.07 -1.296
877.899 -1.297
878.731 -1.298
879.565 -1.299
880.402 -1.3
881.241 -1.301
882.082 -1.302
882.926 -1.303
883.773 -1.304
884.622 -1.305
885.473 -1.306
886.327 -1.307
887.184 -1.308
888.043 -1.309
888.904 -1.31
889.768 -1.311
890.635 -1.312
891.503 -1.313
892.373 -1.314
893.245 -1.315
894.12 -1.316
894.998 -1.317
895.878 -1.318
896.76 -1.319
897.645 -1.32
898.533 -1.321
899.423 -1.322
900.316 -1.323
901.212 -1.324
902.11 -1.325
903.01 -1.326
903.913 -1.327
904.818 -1.328
905.726 -1.329
906.636 -1.33
907.549 -1.331
908.463 -1.332
909.38 -1.333
910.299 -1.334
911.22 -1.335
912.144 -1.336
913.071 -1.337
913.999 -1.338
914.93 -1.339
915.864 -1.34
916.799 -1.341
917.738 -1.342
918.679 -1.343
919.622 -1.344
920.568 -1.345
921.517 -1.346
922.468 -1.347
923.421 -1.348
924.377 -1.349
925.336 -1.35
926.297 -1.351
927.261 -1.352
928.227 -1.353
929.195 -1.354
930.166 -1.355
931.139 -1.356
932.114 -1.357
933.091 -1.358
934.072 -1.359
935.055 -1.36
936.041 -1.361
937.029 -1.362
938.02 -1.363
939.014 -1.364
940.01 -1.365
941.009 -1.366
942.01 -1.367
943.014 -1.368
944.02 -1.369
945.028 -1.37
946.04 -1.371
947.054 -1.372
948.07 -1.373
949.089 -1.374
950.111 -1.375
951.135 -1.376
952.162 -1.377
953.191 -1.378
954.222 -1.379
955.255 -1.38
956.291 -1.381
957.33 -1.382
958.371 -1.383
959.415 -1.384
960.462 -1.385
961.511 -1.386
962.563 -1.387
963.617 -1.388
964.674 -1.389
965.733 -1.39
966.795 -1.391
967.86 -1.392
968.927 -1.393
969.996 -1.394
971.068 -1.395
972.142 -1.396
973.218 -1.397
974.296 -1.398
975.377 -1.399
976.46 -1.4
