4.14726 -0.001
8.28366 -0.002
12.4092 -0.003
16.524 -0.004
20.628 -0.005
24.7213 -0.006
28.8038 -0.007
32.8756 -0.008
36.9368 -0.009
40.9873 -0.01
45.0272 -0.011
49.0565 -0.012
53.0752 -0.013
57.0834 -0.014
61.0811 -0.015
65.0682 -0.016
69.045 -0.017
73.0112 -0.018
76.967 -0.019
80.9125 -0.02
84.8476 -0.021
88.7723 -0.022
92.6867 -0.023
96.5908 -0.024
100.485 -0.025
104.368 -0.026
108.242 -0.027
112.105 -0.028
115.958 -0.029
119.8 -0.03
123.633 -0.031
127.456 -0.032
131.268 -0.033
135.07 -0.034
138.863 -0.035
142.645 -0.036
146.417 -0.037
150.179 -0.038
153.932 -0.039
157.674 -0.04
161.407 -0.041
165.124 -0.042
168.761 -0.043
172.265 -0.044
175.552 -0.045
178.68 -0.046
181.801 -0.047
184.917 -0.048
188.024 -0.049
191.124 -0.05
194.213 -0.051
197.278 -0.052
200.213 -0.053
202.954 -0.054
205.373 -0.055
207.241 -0.056
208.946 -0.057
210.643 -0.058
212.329 -0.059
214.003 -0.06
215.667 -0.061
217.32 -0.062
218.95 -0.063
220.546 -0.064
222.114 -0.065
223.611 -0.066
225.071 -0.067
226.377 -0.068
227.633 -0.069
228.686 -0.07
229.547 -0.071
230.292 -0.072
231.017 -0.073
231.658 -0.074
232.226 -0.075
232.712 -0.076
233.179 -0.077
233.635 -0.078
234.084 -0.079
234.526 -0.08
234.962 -0.081
235.392 -0.082
235.816 -0.083
236.234 -0.084
236.647 -0.085
237.053 -0.086
237.453 -0.087
237.848 -0.088
238.236 -0.089
238.619 -0.09
238.996 -0.091
239.367 -0.092
239.731 -0.093
240.089 -0.094
240.439 -0.095
240.782 -0.096
241.12 -0.097
241.451 -0.098
241.773 -0.099
242.087 -0.1
242.393 -0.101
242.692 -0.102
242.986 -0.103
243.273 -0.104
243.554 -0.105
243.828 -0.106
244.093 -0.107
244.348 -0.108
244.595 -0.109
244.837 -0.11
245.071 -0.111
245.298 -0.112
245.517 -0.113
245.726 -0.114
245.924 -0.115
246.114 -0.116
246.292 -0.117
246.46 -0.118
246.617 -0.119
246.762 -0.12
246.899 -0.121
247.029 -0.122
247.153 -0.123
247.271 -0.124
247.385 -0.125
247.493 -0.126
247.592 -0.127
247.684 -0.128
247.767 -0.129
247.843 -0.13
247.911 -0.131
247.974 -0.132
248.032 -0.133
248.085 -0.134
248.133 -0.135
248.177 -0.136
248.216 -0.137
248.251 -0.138
248.281 -0.139
248.306 -0.14
248.327 -0.141
248.342 -0.142
248.353 -0.143
248.359 -0.144
248.36 -0.145
248.356 -0.146
248.347 -0.147
248.332 -0.148
248.313 -0.149
248.289 -0.15
248.259 -0.151
248.225 -0.152
248.187 -0.153
248.145 -0.154
248.099 -0.155
248.05 -0.156
247.998 -0.157
247.943 -0.158
247.884 -0.159
247.819 -0.16
247.752 -0.161
247.681 -0.162
247.607 -0.163
247.528 -0.164
247.447 -0.165
247.363 -0.166
247.276 -0.167
247.184 -0.168
247.089 -0.169
246.991 -0.17
246.891 -0.171
246.788 -0.172
246.68 -0.173
246.57 -0.174
246.457 -0.175
246.342 -0.176
246.225 -0.177
246.106 -0.178
245.985 -0.179
245.861 -0.18
245.736 -0.181
245.607 -0.182
245.476 -0.183
245.342 -0.184
245.207 -0.185
245.069 -0.186
244.93 -0.187
244.786 -0.188
244.641 -0.189
244.494 -0.19
244.345 -0.191
244.195 -0.192
244.042 -0.193
243.886 -0.194
243.729 -0.195
243.57 -0.196
243.41 -0.197
243.248 -0.198
243.084 -0.199
242.918 -0.2
242.75 -0.201
242.58 -0.202
242.409 -0.203
242.237 -0.204
242.064 -0.205
241.889 -0.206
241.713 -0.207
241.535 -0.208
241.357 -0.209
241.178 -0.21
240.997 -0.211
240.816 -0.212
240.633 -0.213
240.45 -0.214
240.265 -0.215
240.08 -0.216
239.894 -0.217
239.707 -0.218
239.519 -0.219
239.33 -0.22
239.141 -0.221
238.951 -0.222
238.76 -0.223
238.568 -0.224
238.376 -0.225
238.183 -0.226
237.989 -0.227
237.795 -0.228
237.6 -0.229
237.405 -0.23
237.209 -0.231
237.013 -0.232
236.815 -0.233
236.618 -0.234
236.42 -0.235
236.221 -0.236
236.022 -0.237
235.822 -0.238
235.622 -0.239
235.421 -0.24
235.22 -0.241
235.018 -0.242
234.816 -0.243
234.614 -0.244
234.411 -0.245
234.208 -0.246
234.004 -0.247
233.8 -0.248
233.595 -0.249
233.391 -0.25
233.186 -0.251
232.981 -0.252
232.775 -0.253
232.569 -0.254
232.364 -0.255
232.157 -0.256
231.951 -0.257
231.745 -0.258
231.538 -0.259
231.331 -0.26
231.124 -0.261
230.917 -0.262
230.71 -0.263
230.503 -0.264
230.295 -0.265
230.087 -0.266
229.88 -0.267
229.672 -0.268
229.464 -0.269
229.256 -0.27
229.048 -0.271
228.84 -0.272
228.633 -0.273
228.425 -0.274
228.217 -0.275
228.009 -0.276
227.802 -0.277
227.594 -0.278
227.387 -0.279
227.18 -0.28
226.972 -0.281
226.765 -0.282
226.558 -0.283
226.351 -0.284
226.144 -0.285
225.937 -0.286
225.73 -0.287
225.523 -0.288
225.317 -0.289
225.11 -0.29
224.903 -0.291
224.697 -0.292
224.491 -0.293
224.285 -0.294
224.079 -0.295
223.874 -0.296
223.669 -0.297
223.464 -0.298
223.259 -0.299
223.055 -0.3
222.851 -0.301
222.647 -0.302
222.444 -0.303
222.24 -0.304
222.037 -0.305
221.834 -0.306
221.631 -0.307
221.429 -0.308
221.227 -0.309
221.026 -0.31
220.824 -0.311
220.624 -0.312
220.423 -0.313
220.224 -0.314
220.024 -0.315
219.825 -0.316
219.626 -0.317
219.427 -0.318
219.229 -0.319
219.031 -0.32
218.833 -0.321
218.636 -0.322
218.439 -0.323
218.243 -0.324
218.047 -0.325
217.852 -0.326
217.657 -0.327
217.463 -0.328
217.269 -0.329
217.075 -0.33
216.882 -0.331
216.69 -0.332
216.497 -0.333
216.305 -0.334
216.114 -0.335
215.923 -0.336
215.733 -0.337
215.543 -0.338
215.355 -0.339
215.167 -0.34
214.979 -0.341
214.793 -0.342
214.607 -0.343
214.422 -0.344
214.237 -0.345
214.053 -0.346
213.87 -0.347
213.688 -0.348
213.507 -0.349
213.326 -0.35
213.146 -0.351
212.967 -0.352
212.788 -0.353
212.611 -0.354
212.434 -0.355
212.257 -0.356
212.082 -0.357
211.907 -0.358
211.733 -0.359
211.56 -0.36
211.388 -0.361
211.216 -0.362
211.046 -0.363
210.876 -0.364
210.707 -0.365
210.539 -0.366
210.372 -0.367
210.206 -0.368
210.041 -0.369
209.876 -0.37
209.712 -0.371
209.549 -0.372
209.387 -0.373
209.226 -0.374
209.066 -0.375
208.906 -0.376
208.748 -0.377
208.591 -0.378
208.435 -0.379
208.28 -0.38
208.125 -0.381
207.971 -0.382
207.818 -0.383
207.666 -0.384
207.515 -0.385
207.365 -0.386
207.216 -0.387
207.068 -0.388
206.921 -0.389
206.774 -0.39
206.629 -0.391
206.484 -0.392
206.341 -0.393
206.198 -0.394
206.057 -0.395
205.917 -0.396
205.778 -0.397
205.638 -0.398
205.5 -0.399
205.363 -0.4
205.228 -0.401
205.093 -0.402
204.959 -0.403
204.827 -0.404
204.694 -0.405
204.562 -0.406
204.431 -0.407
204.302 -0.408
204.174 -0.409
204.047 -0.41
203.921 -0.411
203.796 -0.412
203.672 -0.413
203.55 -0.414
203.428 -0.415
203.308 -0.416
203.189 -0.417
203.071 -0.418
202.954 -0.419
202.839 -0.42
202.724 -0.421
202.611 -0.422
202.5 -0.423
202.39 -0.424
202.281 -0.425
202.174 -0.426
202.067 -0.427
201.963 -0.428
201.86 -0.429
201.758 -0.43
201.657 -0.431
201.558 -0.432
201.461 -0.433
201.365 -0.434
201.27 -0.435
201.177 -0.436
201.086 -0.437
200.996 -0.438
200.907 -0.439
200.82 -0.44
200.735 -0.441
200.651 -0.442
200.568 -0.443
200.488 -0.444
200.408 -0.445
200.331 -0.446
200.255 -0.447
200.18 -0.448
200.108 -0.449
200.037 -0.45
199.967 -0.451
199.899 -0.452
199.833 -0.453
199.769 -0.454
199.706 -0.455
199.646 -0.456
199.586 -0.457
199.529 -0.458
199.472 -0.459
199.417 -0.46
199.364 -0.461
199.311 -0.462
199.261 -0.463
199.212 -0.464
199.163 -0.465
199.117 -0.466
199.072 -0.467
199.029 -0.468
198.987 -0.469
198.947 -0.47
198.908 -0.471
198.871 -0.472
198.835 -0.473
198.801 -0.474
198.769 -0.475
198.738 -0.476
198.708 -0.477
198.68 -0.478
198.654 -0.479
198.629 -0.48
198.605 -0.481
198.583 -0.482
198.563 -0.483
198.544 -0.484
198.526 -0.485
198.511 -0.486
198.495 -0.487
198.48 -0.488
198.466 -0.489
198.455 -0.49
198.443 -0.491
198.431 -0.492
198.421 -0.493
198.411 -0.494
198.403 -0.495
198.393 -0.496
198.384 -0.497
198.375 -0.498
198.367 -0.499
198.358 -0.5
198.35 -0.501
198.344 -0.502
198.337 -0.503
198.331 -0.504
198.326 -0.505
198.322 -0.506
198.316 -0.507
198.31 -0.508
198.307 -0.509
198.305 -0.51
198.304 -0.511
198.305 -0.512
198.307 -0.513
198.311 -0.514
198.316 -0.515
198.323 -0.516
198.331 -0.517
198.34 -0.518
198.352 -0.519
198.364 -0.52
198.378 -0.521
198.393 -0.522
198.411 -0.523
198.428 -0.524
198.448 -0.525
198.469 -0.526
198.493 -0.527
198.518 -0.528
198.546 -0.529
198.575 -0.53
198.606 -0.531
198.639 -0.532
198.674 -0.533
198.711 -0.534
198.748 -0.535
198.787 -0.536
198.827 -0.537
198.867 -0.538
198.909 -0.539
198.951 -0.54
198.995 -0.541
199.04 -0.542
199.085 -0.543
199.13 -0.544
199.177 -0.545
199.224 -0.546
199.273 -0.547
199.321 -0.548
199.371 -0.549
199.422 -0.55
199.476 -0.551
199.531 -0.552
199.587 -0.553
199.645 -0.554
199.705 -0.555
199.767 -0.556
199.829 -0.557
199.894 -0.558
199.961 -0.559
200.029 -0.56
200.099 -0.561
200.171 -0.562
200.243 -0.563
200.317 -0.564
200.393 -0.565
200.472 -0.566
200.551 -0.567
200.633 -0.568
200.717 -0.569
200.803 -0.57
200.89 -0.571
200.979 -0.572
201.07 -0.573
201.163 -0.574
201.258 -0.575
201.354 -0.576
201.452 -0.577
201.552 -0.578
201.654 -0.579
201.758 -0.58
201.863 -0.581
201.97 -0.582
202.078 -0.583
202.189 -0.584
202.301 -0.585
202.415 -0.586
202.531 -0.587
202.65 -0.588
202.77 -0.589
202.893 -0.59
203.018 -0.591
203.145 -0.592
203.275 -0.593
203.406 -0.594
203.539 -0.595
203.675 -0.596
203.814 -0.597
203.955 -0.598
204.097 -0.599
204.241 -0.6
204.382 -0.601
204.521 -0.602
204.657 -0.603
204.79 -0.604
204.919 -0.605
205.05 -0.606
205.182 -0.607
205.317 -0.608
205.454 -0.609
205.594 -0.61
205.734 -0.611
205.878 -0.612
206.023 -0.613
206.171 -0.614
206.32 -0.615
206.471 -0.616
206.625 -0.617
206.78 -0.618
206.937 -0.619
207.097 -0.62
207.258 -0.621
207.421 -0.622
207.586 -0.623
207.753 -0.624
207.923 -0.625
208.095 -0.626
208.269 -0.627
208.445 -0.628
208.624 -0.629
208.805 -0.63
208.988 -0.631
209.174 -0.632
209.362 -0.633
209.552 -0.634
209.743 -0.635
209.937 -0.636
210.132 -0.637
210.33 -0.638
210.529 -0.639
210.731 -0.64
210.935 -0.641
211.141 -0.642
211.35 -0.643
211.56 -0.644
211.774 -0.645
211.989 -0.646
212.207 -0.647
212.426 -0.648
212.649 -0.649
212.873 -0.65
213.1 -0.651
213.329 -0.652
213.56 -0.653
213.793 -0.654
214.028 -0.655
214.265 -0.656
214.505 -0.657
214.741 -0.658
214.967 -0.659
215.193 -0.66
215.42 -0.661
215.65 -0.662
215.881 -0.663
216.115 -0.664
216.35 -0.665
216.587 -0.666
216.826 -0.667
217.067 -0.668
217.309 -0.669
217.552 -0.67
217.794 -0.671
218.038 -0.672
218.283 -0.673
218.529 -0.674
218.777 -0.675
219.025 -0.676
219.275 -0.677
219.525 -0.678
219.776 -0.679
220.028 -0.68
220.28 -0.681
220.528 -0.682
220.774 -0.683
221.021 -0.684
221.269 -0.685
221.519 -0.686
221.771 -0.687
222.025 -0.688
222.28 -0.689
222.537 -0.69
222.795 -0.691
223.054 -0.692
223.315 -0.693
223.575 -0.694
223.834 -0.695
224.092 -0.696
224.348 -0.697
224.603 -0.698
224.859 -0.699
225.116 -0.7
225.375 -0.701
225.636 -0.702
225.898 -0.703
226.162 -0.704
226.426 -0.705
226.692 -0.706
226.959 -0.707
227.227 -0.708
227.496 -0.709
227.767 -0.71
228.04 -0.711
228.314 -0.712
228.591 -0.713
228.868 -0.714
229.147 -0.715
229.427 -0.716
229.709 -0.717
229.993 -0.718
230.277 -0.719
230.561 -0.72
230.847 -0.721
231.133 -0.722
231.419 -0.723
231.707 -0.724
231.997 -0.725
232.287 -0.726
232.578 -0.727
232.869 -0.728
233.159 -0.729
233.45 -0.73
233.741 -0.731
234.034 -0.732
234.327 -0.733
234.622 -0.734
234.918 -0.735
235.216 -0.736
235.515 -0.737
235.815 -0.738
236.118 -0.739
236.422 -0.74
236.725 -0.741
237.029 -0.742
237.334 -0.743
237.64 -0.744
237.948 -0.745
238.256 -0.746
238.566 -0.747
238.876 -0.748
239.189 -0.749
239.502 -0.75
239.816 -0.751
240.13 -0.752
240.443 -0.753
240.756 -0.754
241.07 -0.755
241.384 -0.756
241.697 -0.757
242.011 -0.758
242.324 -0.759
242.638 -0.76
242.954 -0.761
243.272 -0.762
243.591 -0.763
243.913 -0.764
244.236 -0.765
244.56 -0.766
244.887 -0.767
245.215 -0.768
245.545 -0.769
245.876 -0.77
246.209 -0.771
246.541 -0.772
246.876 -0.773
247.211 -0.774
247.549 -0.775
247.888 -0.776
248.229 -0.777
248.572 -0.778
248.917 -0.779
249.263 -0.78
249.612 -0.781
249.961 -0.782
250.31 -0.783
250.66 -0.784
251.012 -0.785
251.365 -0.786
251.72 -0.787
252.077 -0.788
252.434 -0.789
252.79 -0.79
253.145 -0.791
253.501 -0.792
253.857 -0.793
254.214 -0.794
254.57 -0.795
254.927 -0.796
255.284 -0.797
255.641 -0.798
255.999 -0.799
256.358 -0.8
256.717 -0.801
257.078 -0.802
257.439 -0.803
257.803 -0.804
258.167 -0.805
258.533 -0.806
258.898 -0.807
259.264 -0.808
259.63 -0.809
259.995 -0.81
260.362 -0.811
260.729 -0.812
261.095 -0.813
261.46 -0.814
261.824 -0.815
262.187 -0.816
262.55 -0.817
262.911 -0.818
263.272 -0.819
263.636 -0.82
264 -0.821
264.366 -0.822
264.733 -0.823
265.101 -0.824
265.469 -0.825
265.838 -0.826
266.208 -0.827
266.577 -0.828
266.947 -0.829
267.317 -0.83
267.686 -0.831
268.056 -0.832
268.425 -0.833
268.793 -0.834
269.16 -0.835
269.526 -0.836
269.893 -0.837
270.26 -0.838
270.628 -0.839
270.998 -0.84
271.368 -0.841
271.738 -0.842
272.107 -0.843
272.476 -0.844
272.843 -0.845
273.211 -0.846
273.577 -0.847
273.942 -0.848
274.306 -0.849
274.67 -0.85
275.034 -0.851
275.397 -0.852
275.761 -0.853
276.126 -0.854
276.492 -0.855
276.859 -0.856
277.227 -0.857
277.596 -0.858
277.967 -0.859
278.338 -0.86
278.71 -0.861
279.084 -0.862
279.459 -0.863
279.835 -0.864
280.212 -0.865
280.59 -0.866
280.97 -0.867
281.35 -0.868
281.73 -0.869
282.111 -0.87
282.492 -0.871
282.874 -0.872
283.257 -0.873
283.642 -0.874
284.027 -0.875
284.414 -0.876
284.802 -0.877
285.191 -0.878
285.582 -0.879
285.974 -0.88
286.368 -0.881
286.764 -0.882
287.161 -0.883
287.559 -0.884
287.959 -0.885
288.361 -0.886
288.764 -0.887
289.169 -0.888
289.575 -0.889
289.983 -0.89
290.392 -0.891
290.803 -0.892
291.215 -0.893
291.629 -0.894
292.045 -0.895
292.462 -0.896
292.88 -0.897
293.3 -0.898
293.722 -0.899
294.145 -0.9
294.569 -0.901
294.995 -0.902
295.423 -0.903
295.85 -0.904
296.274 -0.905
296.69 -0.906
297.1 -0.907
297.512 -0.908
297.926 -0.909
298.341 -0.91
298.758 -0.911
299.176 -0.912
299.596 -0.913
300.018 -0.914
300.441 -0.915
300.866 -0.916
301.292 -0.917
301.719 -0.918
302.148 -0.919
302.579 -0.92
303.008 -0.921
303.439 -0.922
303.871 -0.923
304.304 -0.924
304.737 -0.925
305.173 -0.926
305.61 -0.927
306.048 -0.928
306.486 -0.929
306.924 -0.93
307.361 -0.931
307.796 -0.932
308.23 -0.933
308.665 -0.934
309.095 -0.935
309.525 -0.936
309.95 -0.937
310.375 -0.938
310.798 -0.939
311.222 -0.94
311.644 -0.941
312.066 -0.942
312.487 -0.943
312.908 -0.944
313.327 -0.945
313.744 -0.946
314.162 -0.947
314.577 -0.948
314.99 -0.949
315.4 -0.95
315.811 -0.951
316.222 -0.952
316.633 -0.953
317.044 -0.954
317.453 -0.955
317.861 -0.956
318.266 -0.957
318.67 -0.958
319.073 -0.959
319.471 -0.96
319.869 -0.961
320.264 -0.962
320.656 -0.963
321.045 -0.964
321.423 -0.965
321.774 -0.966
322.01 -0.967
322.233 -0.968
322.455 -0.969
322.678 -0.97
322.901 -0.971
323.123 -0.972
323.345 -0.973
323.567 -0.974
323.789 -0.975
324.011 -0.976
324.234 -0.977
324.456 -0.978
324.679 -0.979
324.902 -0.98
325.125 -0.981
325.348 -0.982
325.571 -0.983
325.795 -0.984
326.018 -0.985
326.242 -0.986
326.466 -0.987
326.691 -0.988
326.915 -0.989
327.139 -0.99
327.364 -0.991
327.589 -0.992
327.814 -0.993
328.039 -0.994
328.265 -0.995
328.49 -0.996
328.716 -0.997
328.942 -0.998
329.168 -0.999
329.394 -1
329.62 -1.001
329.846 -1.002
330.072 -1.003
330.299 -1.004
330.526 -1.005
330.753 -1.006
330.98 -1.007
331.207 -1.008
331.434 -1.009
331.662 -1.01
331.89 -1.011
332.118 -1.012
332.346 -1.013
332.574 -1.014
332.803 -1.015
333.032 -1.016
333.261 -1.017
333.49 -1.018
333.719 -1.019
333.948 -1.02
334.178 -1.021
334.407 -1.022
334.637 -1.023
334.867 -1.024
335.097 -1.025
335.328 -1.026
335.558 -1.027
335.789 -1.028
336.02 -1.029
336.251 -1.03
336.482 -1.031
336.713 -1.032
336.943 -1.033
337.172 -1.034
337.401 -1.035
337.63 -1.036
337.859 -1.037
338.088 -1.038
338.317 -1.039
338.545 -1.04
338.774 -1.041
339.003 -1.042
339.232 -1.043
339.461 -1.044
339.689 -1.045
339.918 -1.046
340.146 -1.047
340.374 -1.048
340.598 -1.049
340.805 -1.05
341.009 -1.051
341.213 -1.052
341.416 -1.053
341.619 -1.054
341.823 -1.055
342.026 -1.056
342.229 -1.057
342.432 -1.058
342.635 -1.059
342.838 -1.06
343.041 -1.061
343.244 -1.062
343.447 -1.063
343.65 -1.064
343.853 -1.065
344.056 -1.066
344.258 -1.067
344.461 -1.068
344.664 -1.069
344.866 -1.07
345.069 -1.071
345.272 -1.072
345.475 -1.073
345.677 -1.074
345.88 -1.075
346.083 -1.076
346.285 -1.077
346.488 -1.078
346.69 -1.079
346.893 -1.08
347.095 -1.081
347.298 -1.082
347.501 -1.083
347.703 -1.084
347.906 -1.085
348.109 -1.086
348.311 -1.087
348.514 -1.088
348.717 -1.089
348.92 -1.09
349.123 -1.091
349.326 -1.092
349.529 -1.093
349.731 -1.094
349.934 -1.095
350.137 -1.096
350.34 -1.097
350.543 -1.098
350.746 -1.099
350.949 -1.1
351.152 -1.101
351.355 -1.102
351.559 -1.103
351.762 -1.104
351.965 -1.105
352.168 -1.106
352.371 -1.107
352.574 -1.108
352.777 -1.109
352.98 -1.11
353.183 -1.111
353.386 -1.112
353.59 -1.113
353.793 -1.114
353.996 -1.115
354.199 -1.116
354.402 -1.117
354.606 -1.118
354.809 -1.119
355.012 -1.12
355.216 -1.121
355.419 -1.122
355.622 -1.123
355.826 -1.124
356.029 -1.125
356.233 -1.126
356.436 -1.127
356.64 -1.128
356.844 -1.129
357.047 -1.13
357.251 -1.131
357.455 -1.132
357.658 -1.133
357.862 -1.134
358.066 -1.135
358.27 -1.136
358.474 -1.137
358.677 -1.138
358.881 -1.139
359.085 -1.14
359.289 -1.141
359.493 -1.142
359.697 -1.143
359.901 -1.144
360.105 -1.145
360.309 -1.146
360.514 -1.147
360.718 -1.148
360.922 -1.149
361.126 -1.15
361.33 -1.151
361.535 -1.152
361.739 -1.153
361.943 -1.154
362.148 -1.155
362.352 -1.156
362.556 -1.157
362.761 -1.158
362.965 -1.159
363.17 -1.16
363.374 -1.161
363.579 -1.162
363.784 -1.163
363.988 -1.164
364.193 -1.165
364.397 -1.166
364.602 -1.167
364.807 -1.168
365.012 -1.169
365.216 -1.17
365.421 -1.171
365.626 -1.172
365.831 -1.173
366.036 -1.174
366.241 -1.175
366.446 -1.176
366.651 -1.177
366.856 -1.178
367.061 -1.179
367.266 -1.18
367.471 -1.181
367.676 -1.182
367.881 -1.183
368.086 -1.184
368.291 -1.185
368.496 -1.186
368.702 -1.187
368.907 -1.188
369.112 -1.189
369.317 -1.19
369.523 -1.191
369.728 -1.192
369.933 -1.193
370.139 -1.194
370.344 -1.195
370.55 -1.196
370.755 -1.197
370.961 -1.198
371.166 -1.199
371.372 -1.2
371.578 -1.201
371.783 -1.202
371.989 -1.203
372.195 -1.204
372.401 -1.205
372.607 -1.206
372.812 -1.207
373.018 -1.208
373.224 -1.209
373.43 -1.21
373.636 -1.211
373.842 -1.212
374.048 -1.213
374.254 -1.214
374.46 -1.215
374.666 -1.216
374.873 -1.217
375.079 -1.218
375.285 -1.219
375.491 -1.22
375.698 -1.221
375.904 -1.222
376.11 -1.223
376.317 -1.224
376.523 -1.225
376.729 -1.226
376.936 -1.227
377.142 -1.228
377.349 -1.229
377.555 -1.23
377.762 -1.231
377.969 -1.232
378.175 -1.233
378.382 -1.234
378.589 -1.235
378.795 -1.236
379.002 -1.237
379.209 -1.238
379.416 -1.239
379.623 -1.24
379.83 -1.241
380.037 -1.242
380.244 -1.243
380.451 -1.244
380.658 -1.245
380.865 -1.246
381.072 -1.247
381.279 -1.248
381.487 -1.249
381.694 -1.25
381.901 -1.251
382.108 -1.252
382.316 -1.253
382.523 -1.254
382.73 -1.255
382.938 -1.256
383.145 -1.257
383.353 -1.258
383.56 -1.259
383.768 -1.26
383.976 -1.261
384.183 -1.262
384.391 -1.263
384.598 -1.264
384.806 -1.265
385.014 -1.266
385.222 -1.267
385.43 -1.268
385.637 -1.269
385.845 -1.27
386.053 -1.271
386.261 -1.272
386.469 -1.273
386.677 -1.274
386.885 -1.275
387.093 -1.276
387.301 -1.277
387.51 -1.278
387.718 -1.279
387.926 -1.28
388.134 -1.281
388.342 -1.282
388.551 -1.283
388.759 -1.284
388.968 -1.285
389.176 -1.286
389.385 -1.287
389.593 -1.288
389.802 -1.289
390.01 -1.29
390.219 -1.291
390.427 -1.292
390.636 -1.293
390.845 -1.294
391.054 -1.295
391.262 -1.296
391.471 -1.297
391.68 -1.298
391.889 -1.299
392.098 -1.3
