17.2217 -0.001
34.3874 -0.002
51.497 -0.003
68.5502 -0.004
85.5469 -0.005
102.487 -0.006
119.369 -0.007
136.194 -0.008
152.962 -0.009
169.671 -0.01
186.322 -0.011
202.915 -0.012
219.448 -0.013
235.923 -0.014
252.337 -0.015
268.692 -0.016
284.986 -0.017
301.22 -0.018
317.392 -0.019
333.503 -0.02
349.552 -0.021
365.538 -0.022
381.462 -0.023
397.323 -0.024
413.12 -0.025
428.852 -0.026
444.52 -0.027
460.012 -0.028
474.74 -0.029
488.111 -0.03
500.726 -0.031
513.259 -0.032
525.659 -0.033
537.841 -0.034
549.769 -0.035
561.377 -0.036
572.44 -0.037
583.19 -0.038
593.851 -0.039
604.415 -0.04
614.894 -0.041
625.212 -0.042
634.99 -0.043
644.063 -0.044
652.12 -0.045
658.868 -0.046
664.492 -0.047
670.013 -0.048
675.466 -0.049
680.837 -0.05
686.123 -0.051
691.344 -0.052
696.5 -0.053
701.588 -0.054
706.604 -0.055
711.563 -0.056
716.471 -0.057
721.324 -0.058
726.12 -0.059
730.853 -0.06
735.496 -0.061
740.044 -0.062
744.459 -0.063
748.69 -0.064
752.694 -0.065
756.584 -0.066
760.399 -0.067
763.975 -0.068
767.223 -0.069
770.352 -0.07
773.449 -0.071
776.513 -0.072
779.487 -0.073
782.124 -0.074
784.448 -0.075
786.659 -0.076
788.817 -0.077
790.779 -0.078
792.497 -0.079
793.925 -0.08
795.291 -0.081
796.628 -0.082
797.939 -0.083
799.224 -0.084
800.485 -0.085
801.693 -0.086
802.771 -0.087
803.712 -0.088
804.509 -0.089
805.244 -0.09
805.947 -0.091
806.618 -0.092
807.256 -0.093
807.863 -0.094
808.438 -0.095
808.981 -0.096
809.493 -0.097
809.973 -0.098
810.426 -0.099
810.856 -0.1
811.266 -0.101
811.652 -0.102
812.022 -0.103
812.372 -0.104
812.705 -0.105
813.02 -0.106
813.319 -0.107
813.601 -0.108
813.867 -0.109
814.117 -0.11
814.351 -0.111
814.57 -0.112
814.771 -0.113
814.954 -0.114
815.118 -0.115
815.257 -0.116
815.369 -0.117
815.447 -0.118
815.503 -0.119
815.528 -0.12
815.518 -0.121
815.485 -0.122
815.439 -0.123
815.377 -0.124
815.303 -0.125
815.22 -0.126
815.123 -0.127
815.012 -0.128
814.892 -0.129
814.764 -0.13
814.625 -0.131
814.477 -0.132
814.321 -0.133
814.157 -0.134
813.982 -0.135
813.799 -0.136
813.607 -0.137
813.411 -0.138
813.212 -0.139
813.007 -0.14
812.795 -0.141
812.573 -0.142
812.335 -0.143
812.09 -0.144
811.841 -0.145
811.582 -0.146
811.313 -0.147
811.035 -0.148
810.741 -0.149
810.434 -0.15
810.117 -0.151
809.789 -0.152
809.45 -0.153
809.102 -0.154
808.748 -0.155
808.385 -0.156
808.01 -0.157
807.62 -0.158
807.222 -0.159
806.816 -0.16
806.401 -0.161
805.981 -0.162
805.554 -0.163
805.119 -0.164
804.676 -0.165
804.227 -0.166
803.767 -0.167
803.294 -0.168
802.814 -0.169
802.33 -0.17
801.84 -0.171
801.342 -0.172
800.84 -0.173
800.334 -0.174
799.819 -0.175
799.292 -0.176
798.761 -0.177
798.225 -0.178
797.693 -0.179
797.179 -0.18
796.681 -0.181
796.196 -0.182
795.723 -0.183
795.255 -0.184
794.776 -0.185
794.295 -0.186
793.81 -0.187
793.321 -0.188
792.828 -0.189
792.331 -0.19
791.831 -0.191
791.327 -0.192
790.811 -0.193
790.29 -0.194
789.772 -0.195
789.259 -0.196
788.761 -0.197
788.286 -0.198
787.831 -0.199
787.393 -0.2
786.975 -0.201
786.563 -0.202
786.167 -0.203
785.777 -0.204
785.386 -0.205
784.992 -0.206
784.596 -0.207
784.199 -0.208
783.801 -0.209
783.401 -0.21
782.999 -0.211
782.596 -0.212
782.193 -0.213
781.788 -0.214
781.383 -0.215
780.976 -0.216
780.569 -0.217
780.166 -0.218
779.771 -0.219
779.381 -0.22
779.001 -0.221
778.628 -0.222
778.26 -0.223
777.902 -0.224
777.547 -0.225
777.201 -0.226
776.858 -0.227
776.52 -0.228
776.188 -0.229
775.853 -0.23
775.517 -0.231
775.173 -0.232
774.824 -0.233
774.462 -0.234
774.084 -0.235
773.677 -0.236
773.265 -0.237
772.851 -0.238
772.432 -0.239
772.001 -0.24
771.551 -0.241
771.062 -0.242
770.527 -0.243
769.988 -0.244
769.447 -0.245
768.903 -0.246
768.355 -0.247
767.805 -0.248
767.252 -0.249
766.696 -0.25
766.137 -0.251
765.575 -0.252
765.01 -0.253
764.443 -0.254
763.874 -0.255
763.303 -0.256
762.731 -0.257
762.156 -0.258
761.579 -0.259
760.999 -0.26
760.416 -0.261
759.831 -0.262
759.244 -0.263
758.653 -0.264
758.059 -0.265
757.463 -0.266
756.864 -0.267
756.264 -0.268
755.66 -0.269
755.055 -0.27
754.448 -0.271
753.838 -0.272
753.238 -0.273
752.679 -0.274
752.15 -0.275
751.621 -0.276
751.09 -0.277
750.556 -0.278
750.022 -0.279
749.486 -0.28
748.948 -0.281
748.409 -0.282
747.869 -0.283
747.327 -0.284
746.785 -0.285
746.241 -0.286
745.696 -0.287
745.15 -0.288
744.602 -0.289
744.054 -0.29
743.52 -0.291
743.009 -0.292
742.549 -0.293
742.133 -0.294
741.741 -0.295
741.349 -0.296
740.957 -0.297
740.561 -0.298
740.167 -0.299
739.773 -0.3
739.378 -0.301
738.983 -0.302
738.589 -0.303
738.194 -0.304
737.8 -0.305
737.406 -0.306
737.012 -0.307
736.619 -0.308
736.225 -0.309
735.832 -0.31
735.438 -0.311
735.045 -0.312
734.652 -0.313
734.259 -0.314
733.867 -0.315
733.491 -0.316
733.133 -0.317
732.79 -0.318
732.462 -0.319
732.14 -0.32
731.823 -0.321
731.51 -0.322
731.201 -0.323
730.895 -0.324
730.588 -0.325
730.277 -0.326
729.96 -0.327
729.63 -0.328
729.29 -0.329
728.943 -0.33
728.589 -0.331
728.233 -0.332
727.874 -0.333
727.513 -0.334
727.15 -0.335
726.787 -0.336
726.424 -0.337
726.062 -0.338
725.699 -0.339
725.336 -0.34
724.974 -0.341
724.613 -0.342
724.252 -0.343
723.891 -0.344
723.53 -0.345
723.169 -0.346
722.809 -0.347
722.45 -0.348
722.091 -0.349
721.733 -0.35
721.376 -0.351
721.02 -0.352
720.665 -0.353
720.31 -0.354
719.957 -0.355
719.604 -0.356
719.252 -0.357
718.901 -0.358
718.551 -0.359
718.202 -0.36
717.854 -0.361
717.505 -0.362
717.157 -0.363
716.809 -0.364
716.463 -0.365
716.117 -0.366
715.773 -0.367
715.429 -0.368
715.087 -0.369
714.747 -0.37
714.409 -0.371
714.072 -0.372
713.739 -0.373
713.409 -0.374
713.083 -0.375
712.76 -0.376
712.44 -0.377
712.123 -0.378
711.808 -0.379
711.496 -0.38
711.188 -0.381
710.883 -0.382
710.583 -0.383
710.284 -0.384
709.99 -0.385
709.7 -0.386
709.411 -0.387
709.123 -0.388
708.839 -0.389
708.556 -0.39
708.275 -0.391
707.995 -0.392
707.716 -0.393
707.437 -0.394
707.157 -0.395
706.878 -0.396
706.601 -0.397
706.324 -0.398
706.049 -0.399
705.775 -0.4
705.503 -0.401
705.232 -0.402
704.962 -0.403
704.693 -0.404
704.426 -0.405
704.161 -0.406
703.896 -0.407
703.633 -0.408
703.372 -0.409
703.113 -0.41
702.856 -0.411
702.6 -0.412
702.345 -0.413
702.092 -0.414
701.841 -0.415
701.592 -0.416
701.344 -0.417
701.098 -0.418
700.853 -0.419
700.61 -0.42
700.369 -0.421
700.13 -0.422
699.892 -0.423
699.655 -0.424
699.421 -0.425
699.189 -0.426
698.958 -0.427
698.729 -0.428
698.502 -0.429
698.277 -0.43
698.053 -0.431
697.832 -0.432
697.613 -0.433
697.395 -0.434
697.179 -0.435
696.965 -0.436
696.754 -0.437
696.544 -0.438
696.336 -0.439
696.13 -0.44
695.926 -0.441
695.724 -0.442
695.523 -0.443
695.324 -0.444
695.128 -0.445
694.933 -0.446
694.74 -0.447
694.549 -0.448
694.359 -0.449
694.172 -0.45
693.987 -0.451
693.804 -0.452
693.622 -0.453
693.443 -0.454
693.267 -0.455
693.094 -0.456
692.923 -0.457
692.755 -0.458
692.59 -0.459
692.426 -0.46
692.267 -0.461
692.11 -0.462
691.955 -0.463
691.803 -0.464
691.654 -0.465
691.508 -0.466
691.364 -0.467
691.224 -0.468
691.086 -0.469
690.951 -0.47
690.819 -0.471
690.689 -0.472
690.562 -0.473
690.436 -0.474
690.311 -0.475
690.188 -0.476
690.067 -0.477
689.947 -0.478
689.83 -0.479
689.713 -0.48
689.599 -0.481
689.487 -0.482
689.377 -0.483
689.269 -0.484
689.163 -0.485
689.058 -0.486
688.956 -0.487
688.857 -0.488
688.759 -0.489
688.663 -0.49
688.569 -0.491
688.478 -0.492
688.389 -0.493
688.301 -0.494
688.215 -0.495
688.132 -0.496
688.052 -0.497
687.973 -0.498
687.896 -0.499
687.821 -0.5
687.749 -0.501
687.679 -0.502
687.612 -0.503
687.548 -0.504
687.485 -0.505
687.426 -0.506
687.369 -0.507
687.314 -0.508
687.262 -0.509
687.213 -0.51
687.166 -0.511
687.121 -0.512
687.08 -0.513
687.041 -0.514
687.004 -0.515
686.97 -0.516
686.939 -0.517
686.91 -0.518
686.882 -0.519
686.856 -0.52
686.833 -0.521
686.812 -0.522
686.794 -0.523
686.778 -0.524
686.764 -0.525
686.751 -0.526
686.744 -0.527
686.741 -0.528
686.739 -0.529
686.741 -0.53
686.747 -0.531
686.755 -0.532
686.767 -0.533
686.781 -0.534
686.799 -0.535
686.819 -0.536
686.842 -0.537
686.869 -0.538
686.899 -0.539
686.932 -0.54
686.967 -0.541
687.006 -0.542
687.047 -0.543
687.092 -0.544
687.139 -0.545
687.187 -0.546
687.235 -0.547
687.293 -0.548
687.355 -0.549
687.42 -0.55
687.488 -0.551
687.56 -0.552
687.636 -0.553
687.714 -0.554
687.795 -0.555
687.879 -0.556
687.96 -0.557
688.028 -0.558
688.075 -0.559
688.104 -0.56
688.136 -0.561
688.17 -0.562
688.207 -0.563
688.246 -0.564
688.288 -0.565
688.332 -0.566
688.379 -0.567
688.429 -0.568
688.481 -0.569
688.535 -0.57
688.589 -0.571
688.643 -0.572
688.694 -0.573
688.746 -0.574
688.795 -0.575
688.844 -0.576
688.889 -0.577
688.935 -0.578
688.978 -0.579
689.02 -0.58
689.059 -0.581
689.099 -0.582
689.142 -0.583
689.187 -0.584
689.234 -0.585
689.284 -0.586
689.336 -0.587
689.391 -0.588
689.447 -0.589
689.505 -0.59
689.565 -0.591
689.628 -0.592
689.694 -0.593
689.762 -0.594
689.831 -0.595
689.903 -0.596
689.977 -0.597
690.053 -0.598
690.133 -0.599
690.213 -0.6
690.296 -0.601
690.381 -0.602
690.469 -0.603
690.558 -0.604
690.649 -0.605
690.743 -0.606
690.839 -0.607
690.937 -0.608
691.037 -0.609
691.139 -0.61
691.244 -0.611
691.352 -0.612
691.463 -0.613
691.576 -0.614
691.692 -0.615
691.811 -0.616
691.932 -0.617
692.056 -0.618
692.183 -0.619
692.312 -0.62
692.445 -0.621
692.58 -0.622
692.718 -0.623
692.859 -0.624
693.002 -0.625
693.149 -0.626
693.298 -0.627
693.45 -0.628
693.606 -0.629
693.764 -0.63
693.924 -0.631
694.088 -0.632
694.255 -0.633
694.425 -0.634
694.597 -0.635
694.773 -0.636
694.952 -0.637
695.133 -0.638
695.317 -0.639
695.505 -0.64
695.695 -0.641
695.888 -0.642
696.084 -0.643
696.282 -0.644
696.484 -0.645
696.689 -0.646
696.897 -0.647
697.108 -0.648
697.322 -0.649
697.539 -0.65
697.759 -0.651
697.976 -0.652
698.184 -0.653
698.364 -0.654
698.538 -0.655
698.714 -0.656
698.892 -0.657
699.072 -0.658
699.254 -0.659
699.439 -0.66
699.626 -0.661
699.815 -0.662
700.007 -0.663
700.201 -0.664
700.396 -0.665
700.592 -0.666
700.791 -0.667
700.992 -0.668
701.196 -0.669
701.403 -0.67
701.613 -0.671
701.826 -0.672
702.041 -0.673
702.259 -0.674
702.48 -0.675
702.704 -0.676
702.93 -0.677
703.159 -0.678
703.391 -0.679
703.626 -0.68
703.864 -0.681
704.104 -0.682
704.347 -0.683
704.593 -0.684
704.841 -0.685
705.092 -0.686
705.345 -0.687
705.601 -0.688
705.859 -0.689
706.12 -0.69
706.382 -0.691
706.638 -0.692
706.893 -0.693
707.145 -0.694
707.394 -0.695
707.643 -0.696
707.887 -0.697
708.132 -0.698
708.372 -0.699
708.612 -0.7
708.849 -0.701
709.085 -0.702
709.31 -0.703
709.524 -0.704
709.724 -0.705
709.923 -0.706
710.125 -0.707
710.328 -0.708
710.534 -0.709
710.736 -0.71
710.939 -0.711
711.139 -0.712
711.34 -0.713
711.538 -0.714
711.738 -0.715
711.935 -0.716
712.133 -0.717
712.331 -0.718
712.526 -0.719
712.723 -0.72
712.918 -0.721
713.112 -0.722
713.308 -0.723
713.506 -0.724
713.706 -0.725
713.909 -0.726
714.113 -0.727
714.319 -0.728
714.528 -0.729
714.739 -0.73
714.951 -0.731
715.166 -0.732
715.383 -0.733
715.602 -0.734
715.823 -0.735
716.047 -0.736
716.272 -0.737
716.5 -0.738
716.73 -0.739
716.962 -0.74
717.196 -0.741
717.433 -0.742
717.671 -0.743
717.912 -0.744
718.156 -0.745
718.401 -0.746
718.649 -0.747
718.899 -0.748
719.152 -0.749
719.406 -0.75
719.663 -0.751
719.922 -0.752
720.184 -0.753
720.448 -0.754
720.714 -0.755
720.982 -0.756
721.253 -0.757
721.526 -0.758
721.801 -0.759
722.078 -0.76
722.358 -0.761
722.641 -0.762
722.925 -0.763
723.212 -0.764
723.502 -0.765
723.793 -0.766
724.088 -0.767
724.384 -0.768
724.684 -0.769
724.985 -0.77
725.29 -0.771
725.596 -0.772
725.905 -0.773
726.217 -0.774
726.531 -0.775
726.848 -0.776
727.167 -0.777
727.489 -0.778
727.813 -0.779
728.139 -0.78
728.468 -0.781
728.8 -0.782
729.134 -0.783
729.471 -0.784
729.802 -0.785
730.134 -0.786
730.466 -0.787
730.794 -0.788
731.125 -0.789
731.45 -0.79
731.776 -0.791
732.103 -0.792
732.423 -0.793
732.747 -0.794
733.068 -0.795
733.386 -0.796
733.706 -0.797
734.022 -0.798
734.337 -0.799
734.653 -0.8
734.972 -0.801
735.286 -0.802
735.6 -0.803
735.912 -0.804
736.22 -0.805
736.528 -0.806
736.833 -0.807
737.138 -0.808
737.441 -0.809
737.743 -0.81
738.044 -0.811
738.346 -0.812
738.65 -0.813
738.956 -0.814
739.265 -0.815
739.575 -0.816
739.888 -0.817
740.202 -0.818
740.519 -0.819
740.838 -0.82
741.159 -0.821
741.482 -0.822
741.807 -0.823
742.135 -0.824
742.464 -0.825
742.796 -0.826
743.13 -0.827
743.467 -0.828
743.805 -0.829
744.146 -0.83
744.489 -0.831
744.834 -0.832
745.181 -0.833
745.531 -0.834
745.883 -0.835
746.238 -0.836
746.594 -0.837
746.953 -0.838
747.314 -0.839
747.677 -0.84
748.039 -0.841
748.399 -0.842
748.76 -0.843
749.124 -0.844
749.483 -0.845
749.845 -0.846
750.202 -0.847
750.466 -0.848
750.748 -0.849
751.029 -0.85
751.313 -0.851
751.6 -0.852
751.882 -0.853
752.165 -0.854
752.467 -0.855
752.778 -0.856
753.089 -0.857
753.355 -0.858
753.591 -0.859
753.829 -0.86
754.069 -0.861
754.307 -0.862
754.545 -0.863
754.786 -0.864
755.045 -0.865
755.348 -0.866
755.731 -0.867
756.117 -0.868
756.502 -0.869
756.889 -0.87
757.278 -0.871
757.669 -0.872
758.063 -0.873
758.455 -0.874
758.85 -0.875
759.248 -0.876
759.627 -0.877
760.088 -0.878
760.565 -0.879
761.044 -0.88
761.526 -0.881
762.01 -0.882
762.496 -0.883
762.986 -0.884
763.476 -0.885
763.969 -0.886
764.464 -0.887
764.942 -0.888
765.407 -0.889
765.859 -0.89
766.307 -0.891
766.754 -0.892
767.205 -0.893
767.658 -0.894
768.113 -0.895
768.571 -0.896
769.031 -0.897
769.494 -0.898
769.957 -0.899
770.421 -0.9
770.876 -0.901
771.322 -0.902
771.77 -0.903
772.22 -0.904
772.672 -0.905
773.121 -0.906
773.573 -0.907
774.027 -0.908
774.484 -0.909
774.941 -0.91
775.396 -0.911
775.854 -0.912
776.314 -0.913
776.777 -0.914
777.239 -0.915
777.701 -0.916
778.165 -0.917
778.632 -0.918
779.101 -0.919
779.572 -0.92
780.04 -0.921
780.511 -0.922
780.984 -0.923
781.46 -0.924
781.939 -0.925
782.414 -0.926
782.891 -0.927
783.371 -0.928
783.854 -0.929
784.339 -0.93
784.823 -0.931
785.303 -0.932
785.785 -0.933
786.269 -0.934
786.755 -0.935
787.24 -0.936
787.727 -0.937
788.217 -0.938
788.71 -0.939
789.201 -0.94
789.694 -0.941
790.19 -0.942
790.688 -0.943
791.187 -0.944
791.687 -0.945
792.188 -0.946
792.693 -0.947
793.2 -0.948
793.709 -0.949
794.218 -0.95
794.729 -0.951
795.243 -0.952
795.76 -0.953
796.279 -0.954
796.798 -0.955
797.318 -0.956
797.841 -0.957
798.367 -0.958
798.896 -0.959
799.427 -0.96
799.961 -0.961
800.498 -0.962
801.038 -0.963
801.58 -0.964
802.125 -0.965
802.673 -0.966
803.224 -0.967
803.777 -0.968
804.334 -0.969
804.893 -0.97
805.455 -0.971
806.02 -0.972
806.587 -0.973
807.158 -0.974
807.731 -0.975
808.307 -0.976
808.885 -0.977
809.466 -0.978
810.05 -0.979
810.638 -0.98
811.228 -0.981
811.821 -0.982
812.416 -0.983
813.014 -0.984
813.616 -0.985
814.22 -0.986
814.827 -0.987
815.437 -0.988
816.05 -0.989
816.666 -0.99
817.285 -0.991
817.906 -0.992
818.53 -0.993
819.157 -0.994
819.787 -0.995
820.42 -0.996
821.056 -0.997
821.695 -0.998
822.336 -0.999
822.981 -1
