19.4565 -0.001
38.8205 -0.002
58.0889 -0.003
77.2581 -0.004
96.3245 -0.005
115.284 -0.006
134.132 -0.007
152.865 -0.008
171.476 -0.009
189.961 -0.01
208.314 -0.011
226.527 -0.012
244.282 -0.013
256.962 -0.014
263.516 -0.015
267.465 -0.016
270.549 -0.017
273.473 -0.018
276.262 -0.019
278.976 -0.02
281.636 -0.021
284.253 -0.022
286.812 -0.023
289.322 -0.024
291.791 -0.025
294.221 -0.026
296.624 -0.027
299.003 -0.028
301.357 -0.029
303.689 -0.03
306.003 -0.031
308.301 -0.032
310.585 -0.033
312.858 -0.034
315.123 -0.035
317.38 -0.036
319.632 -0.037
321.88 -0.038
324.123 -0.039
326.363 -0.04
328.598 -0.041
330.83 -0.042
333.058 -0.043
335.283 -0.044
337.503 -0.045
339.716 -0.046
341.877 -0.047
343.872 -0.048
345.555 -0.049
346.741 -0.05
347.775 -0.051
348.807 -0.052
349.837 -0.053
350.869 -0.054
351.905 -0.055
352.94 -0.056
353.974 -0.057
355.007 -0.058
356.037 -0.059
357.065 -0.06
358.091 -0.061
359.113 -0.062
360.133 -0.063
361.15 -0.064
362.164 -0.065
363.176 -0.066
364.185 -0.067
365.191 -0.068
366.194 -0.069
367.194 -0.07
368.191 -0.071
369.184 -0.072
370.174 -0.073
371.159 -0.074
372.141 -0.075
373.119 -0.076
374.094 -0.077
375.066 -0.078
376.036 -0.079
377.004 -0.08
377.968 -0.081
378.929 -0.082
379.888 -0.083
380.844 -0.084
381.798 -0.085
382.749 -0.086
383.696 -0.087
384.641 -0.088
385.582 -0.089
386.52 -0.09
387.454 -0.091
388.386 -0.092
389.315 -0.093
390.242 -0.094
391.166 -0.095
392.088 -0.096
393.007 -0.097
393.918 -0.098
394.825 -0.099
395.724 -0.1
396.608 -0.101
397.474 -0.102
398.316 -0.103
399.14 -0.104
399.934 -0.105
400.686 -0.106
401.393 -0.107
402.073 -0.108
402.712 -0.109
403.313 -0.11
403.888 -0.111
404.434 -0.112
404.946 -0.113
405.42 -0.114
405.853 -0.115
406.246 -0.116
406.603 -0.117
406.915 -0.118
407.189 -0.119
407.459 -0.12
407.725 -0.121
407.985 -0.122
408.243 -0.123
408.496 -0.124
408.746 -0.125
408.994 -0.126
409.24 -0.127
409.482 -0.128
409.718 -0.129
409.953 -0.13
410.188 -0.131
410.418 -0.132
410.645 -0.133
410.871 -0.134
411.095 -0.135
411.319 -0.136
411.541 -0.137
411.758 -0.138
411.971 -0.139
412.181 -0.14
412.391 -0.141
412.599 -0.142
412.804 -0.143
413.002 -0.144
413.2 -0.145
413.397 -0.146
413.591 -0.147
413.783 -0.148
413.971 -0.149
414.158 -0.15
414.344 -0.151
414.528 -0.152
414.708 -0.153
414.887 -0.154
415.064 -0.155
415.239 -0.156
415.413 -0.157
415.583 -0.158
415.752 -0.159
415.92 -0.16
416.087 -0.161
416.253 -0.162
416.417 -0.163
416.578 -0.164
416.739 -0.165
416.899 -0.166
417.057 -0.167
417.214 -0.168
417.368 -0.169
417.521 -0.17
417.674 -0.171
417.826 -0.172
417.977 -0.173
418.126 -0.174
418.273 -0.175
418.42 -0.176
418.566 -0.177
418.711 -0.178
418.857 -0.179
419.001 -0.18
419.146 -0.181
419.29 -0.182
419.434 -0.183
419.576 -0.184
419.718 -0.185
419.859 -0.186
420 -0.187
420.141 -0.188
420.282 -0.189
420.423 -0.19
420.563 -0.191
420.702 -0.192
420.842 -0.193
420.981 -0.194
421.119 -0.195
421.258 -0.196
421.395 -0.197
421.533 -0.198
421.67 -0.199
421.807 -0.2
421.943 -0.201
422.079 -0.202
422.214 -0.203
422.349 -0.204
422.483 -0.205
422.616 -0.206
422.749 -0.207
422.881 -0.208
423.014 -0.209
423.145 -0.21
423.277 -0.211
423.407 -0.212
423.538 -0.213
423.667 -0.214
423.797 -0.215
423.926 -0.216
424.054 -0.217
424.183 -0.218
424.311 -0.219
424.439 -0.22
424.566 -0.221
424.692 -0.222
424.818 -0.223
424.944 -0.224
425.069 -0.225
425.194 -0.226
425.319 -0.227
425.444 -0.228
425.569 -0.229
425.693 -0.23
425.817 -0.231
425.941 -0.232
426.064 -0.233
426.186 -0.234
426.308 -0.235
426.43 -0.236
426.552 -0.237
426.674 -0.238
426.796 -0.239
426.917 -0.24
427.039 -0.241
427.16 -0.242
427.281 -0.243
427.403 -0.244
427.524 -0.245
427.645 -0.246
427.765 -0.247
427.886 -0.248
428.006 -0.249
428.126 -0.25
428.245 -0.251
428.365 -0.252
428.484 -0.253
428.603 -0.254
428.722 -0.255
428.841 -0.256
428.959 -0.257
429.077 -0.258
429.195 -0.259
429.313 -0.26
429.43 -0.261
429.547 -0.262
429.663 -0.263
429.78 -0.264
429.896 -0.265
430.012 -0.266
430.129 -0.267
430.244 -0.268
430.36 -0.269
430.474 -0.27
430.588 -0.271
430.702 -0.272
430.815 -0.273
430.929 -0.274
431.042 -0.275
431.156 -0.276
431.27 -0.277
431.383 -0.278
431.497 -0.279
431.61 -0.28
431.723 -0.281
431.835 -0.282
431.946 -0.283
432.055 -0.284
432.163 -0.285
432.27 -0.286
432.377 -0.287
432.483 -0.288
432.589 -0.289
432.694 -0.29
432.798 -0.291
432.903 -0.292
433.006 -0.293
433.111 -0.294
433.215 -0.295
433.318 -0.296
433.421 -0.297
433.522 -0.298
433.624 -0.299
433.723 -0.3
433.82 -0.301
433.918 -0.302
434.019 -0.303
434.121 -0.304
434.222 -0.305
434.323 -0.306
434.424 -0.307
434.523 -0.308
434.617 -0.309
434.709 -0.31
434.797 -0.311
434.88 -0.312
434.975 -0.313
435.038 -0.314
435.043 -0.315
434.704 -0.316
434.488 -0.317
434.259 -0.318
434.052 -0.319
433.877 -0.32
433.727 -0.321
433.59 -0.322
433.479 -0.323
433.403 -0.324
433.445 -0.325
433.647 -0.326
433.846 -0.327
434.035 -0.328
434.285 -0.329
434.532 -0.33
434.689 -0.331
434.849 -0.332
435.029 -0.333
435.219 -0.334
435.387 -0.335
435.545 -0.336
435.713 -0.337
435.904 -0.338
436.083 -0.339
436.237 -0.34
436.397 -0.341
436.575 -0.342
436.734 -0.343
436.858 -0.344
436.957 -0.345
437.055 -0.346
437.15 -0.347
437.248 -0.348
437.347 -0.349
437.448 -0.35
437.549 -0.351
437.651 -0.352
437.755 -0.353
437.859 -0.354
437.962 -0.355
438.066 -0.356
438.169 -0.357
438.273 -0.358
438.376 -0.359
438.48 -0.36
438.584 -0.361
438.689 -0.362
438.793 -0.363
438.898 -0.364
439.003 -0.365
439.108 -0.366
439.213 -0.367
439.317 -0.368
439.422 -0.369
439.526 -0.37
439.63 -0.371
439.734 -0.372
439.838 -0.373
439.942 -0.374
440.046 -0.375
440.151 -0.376
440.255 -0.377
440.36 -0.378
440.464 -0.379
440.568 -0.38
440.672 -0.381
440.775 -0.382
440.879 -0.383
440.983 -0.384
441.087 -0.385
441.19 -0.386
441.295 -0.387
441.401 -0.388
441.507 -0.389
441.614 -0.39
441.72 -0.391
441.826 -0.392
441.933 -0.393
442.039 -0.394
442.145 -0.395
442.251 -0.396
442.358 -0.397
442.465 -0.398
442.572 -0.399
442.679 -0.4
442.786 -0.401
442.894 -0.402
443.001 -0.403
443.109 -0.404
443.217 -0.405
443.325 -0.406
443.433 -0.407
443.541 -0.408
443.649 -0.409
443.758 -0.41
443.867 -0.411
443.975 -0.412
444.084 -0.413
444.193 -0.414
444.303 -0.415
444.414 -0.416
444.525 -0.417
444.637 -0.418
444.749 -0.419
444.861 -0.42
444.973 -0.421
445.085 -0.422
445.198 -0.423
445.311 -0.424
445.424 -0.425
445.537 -0.426
445.65 -0.427
445.763 -0.428
445.876 -0.429
445.989 -0.43
446.102 -0.431
446.215 -0.432
446.329 -0.433
446.442 -0.434
446.556 -0.435
446.67 -0.436
446.785 -0.437
446.899 -0.438
447.014 -0.439
447.129 -0.44
447.244 -0.441
447.359 -0.442
447.475 -0.443
447.591 -0.444
447.707 -0.445
447.823 -0.446
447.94 -0.447
448.057 -0.448
448.175 -0.449
448.292 -0.45
448.41 -0.451
448.528 -0.452
448.646 -0.453
448.765 -0.454
448.884 -0.455
449.003 -0.456
449.123 -0.457
449.242 -0.458
449.362 -0.459
449.483 -0.46
449.604 -0.461
449.725 -0.462
449.847 -0.463
449.969 -0.464
450.092 -0.465
450.214 -0.466
450.337 -0.467
450.461 -0.468
450.585 -0.469
450.709 -0.47
450.834 -0.471
450.959 -0.472
451.084 -0.473
451.21 -0.474
451.335 -0.475
451.462 -0.476
451.59 -0.477
451.717 -0.478
451.846 -0.479
451.975 -0.48
452.104 -0.481
452.234 -0.482
452.364 -0.483
452.494 -0.484
452.624 -0.485
452.754 -0.486
452.885 -0.487
453.016 -0.488
453.147 -0.489
453.278 -0.49
453.41 -0.491
453.542 -0.492
453.674 -0.493
453.806 -0.494
453.939 -0.495
454.072 -0.496
454.205 -0.497
454.338 -0.498
454.471 -0.499
454.604 -0.5
454.737 -0.501
454.87 -0.502
455.003 -0.503
455.136 -0.504
455.269 -0.505
455.402 -0.506
455.535 -0.507
455.668 -0.508
455.801 -0.509
455.933 -0.51
456.065 -0.511
456.198 -0.512
456.331 -0.513
456.465 -0.514
456.6 -0.515
456.736 -0.516
456.872 -0.517
457.007 -0.518
457.142 -0.519
457.276 -0.52
457.408 -0.521
457.541 -0.522
457.675 -0.523
457.808 -0.524
457.941 -0.525
458.074 -0.526
458.21 -0.527
458.347 -0.528
458.484 -0.529
458.624 -0.53
458.765 -0.531
458.907 -0.532
459.051 -0.533
459.197 -0.534
459.346 -0.535
459.495 -0.536
459.646 -0.537
459.798 -0.538
459.95 -0.539
460.101 -0.54
460.249 -0.541
460.397 -0.542
460.545 -0.543
460.692 -0.544
460.838 -0.545
460.984 -0.546
461.131 -0.547
461.277 -0.548
461.424 -0.549
461.57 -0.55
461.717 -0.551
461.863 -0.552
462.01 -0.553
462.157 -0.554
462.304 -0.555
462.451 -0.556
462.599 -0.557
462.746 -0.558
462.894 -0.559
463.041 -0.56
463.189 -0.561
463.337 -0.562
463.478 -0.563
463.599 -0.564
463.681 -0.565
463.726 -0.566
463.75 -0.567
463.763 -0.568
463.758 -0.569
463.703 -0.57
463.591 -0.571
463.459 -0.572
463.326 -0.573
463.194 -0.574
463.063 -0.575
462.931 -0.576
462.8 -0.577
462.623 -0.578
462.372 -0.579
462.06 -0.58
461.752 -0.581
461.447 -0.582
461.142 -0.583
460.838 -0.584
460.534 -0.585
460.225 -0.586
459.852 -0.587
459.401 -0.588
458.936 -0.589
458.439 -0.59
457.898 -0.591
457.303 -0.592
456.664 -0.593
455.988 -0.594
455.31 -0.595
454.632 -0.596
453.955 -0.597
453.278 -0.598
452.601 -0.599
451.924 -0.6
