16.2543 -0.001
32.4902 -0.002
48.7077 -0.003
64.9067 -0.004
81.0872 -0.005
97.249 -0.006
113.392 -0.007
129.516 -0.008
145.621 -0.009
161.708 -0.01
177.775 -0.011
193.823 -0.012
209.851 -0.013
225.86 -0.014
241.85 -0.015
257.82 -0.016
273.77 -0.017
289.701 -0.018
305.611 -0.019
321.501 -0.02
337.372 -0.021
353.222 -0.022
369.051 -0.023
384.86 -0.024
400.649 -0.025
416.416 -0.026
432.163 -0.027
447.889 -0.028
463.593 -0.029
479.277 -0.03
494.939 -0.031
510.579 -0.032
526.172 -0.033
541.111 -0.034
554.005 -0.035
565.585 -0.036
577.099 -0.037
588.355 -0.038
598.759 -0.039
607.587 -0.04
613.981 -0.041
620.12 -0.042
626.27 -0.043
632.4 -0.044
638.453 -0.045
644.352 -0.046
650.032 -0.047
655.383 -0.048
660.295 -0.049
664.475 -0.05
668.029 -0.051
671.512 -0.052
674.944 -0.053
678.282 -0.054
681.448 -0.055
684.36 -0.056
686.911 -0.057
688.932 -0.058
690.193 -0.059
691.301 -0.06
692.374 -0.061
693.404 -0.062
694.398 -0.063
695.362 -0.064
696.305 -0.065
697.23 -0.066
698.134 -0.067
699.029 -0.068
699.908 -0.069
700.781 -0.07
701.644 -0.071
702.501 -0.072
703.35 -0.073
704.186 -0.074
705.015 -0.075
705.834 -0.076
706.641 -0.077
707.443 -0.078
708.232 -0.079
709.007 -0.08
709.772 -0.081
710.523 -0.082
711.261 -0.083
711.99 -0.084
712.703 -0.085
713.402 -0.086
714.093 -0.087
714.771 -0.088
715.437 -0.089
716.095 -0.09
716.738 -0.091
717.37 -0.092
717.997 -0.093
718.613 -0.094
719.216 -0.095
719.809 -0.096
720.397 -0.097
720.975 -0.098
721.54 -0.099
722.099 -0.1
722.654 -0.101
723.201 -0.102
723.739 -0.103
724.273 -0.104
724.801 -0.105
725.324 -0.106
725.839 -0.107
726.349 -0.108
726.857 -0.109
727.36 -0.11
727.861 -0.111
728.357 -0.112
728.845 -0.113
729.33 -0.114
729.811 -0.115
730.289 -0.116
730.763 -0.117
731.233 -0.118
731.7 -0.119
732.162 -0.12
732.621 -0.121
733.075 -0.122
733.526 -0.123
733.974 -0.124
734.418 -0.125
734.858 -0.126
735.296 -0.127
735.729 -0.128
736.16 -0.129
736.587 -0.13
737.01 -0.131
737.431 -0.132
737.848 -0.133
738.261 -0.134
738.671 -0.135
739.077 -0.136
739.48 -0.137
739.879 -0.138
740.275 -0.139
740.668 -0.14
741.057 -0.141
741.443 -0.142
741.825 -0.143
742.204 -0.144
742.58 -0.145
742.952 -0.146
743.32 -0.147
743.685 -0.148
744.047 -0.149
744.405 -0.15
744.759 -0.151
745.11 -0.152
745.458 -0.153
745.802 -0.154
746.143 -0.155
746.481 -0.156
746.815 -0.157
747.146 -0.158
747.474 -0.159
747.798 -0.16
748.119 -0.161
748.437 -0.162
748.751 -0.163
749.062 -0.164
749.37 -0.165
749.675 -0.166
749.976 -0.167
750.275 -0.168
750.57 -0.169
750.862 -0.17
751.15 -0.171
751.436 -0.172
751.718 -0.173
751.998 -0.174
752.274 -0.175
752.548 -0.176
752.818 -0.177
753.085 -0.178
753.349 -0.179
753.61 -0.18
753.868 -0.181
754.124 -0.182
754.377 -0.183
754.626 -0.184
754.873 -0.185
755.116 -0.186
755.357 -0.187
755.595 -0.188
755.831 -0.189
756.064 -0.19
756.294 -0.191
756.521 -0.192
756.746 -0.193
756.968 -0.194
757.187 -0.195
757.405 -0.196
757.619 -0.197
757.831 -0.198
758.041 -0.199
758.248 -0.2
758.453 -0.201
758.655 -0.202
758.855 -0.203
759.053 -0.204
759.248 -0.205
759.441 -0.206
759.633 -0.207
759.821 -0.208
760.008 -0.209
760.192 -0.21
760.374 -0.211
760.554 -0.212
760.732 -0.213
760.909 -0.214
761.083 -0.215
761.255 -0.216
761.426 -0.217
761.594 -0.218
761.761 -0.219
761.926 -0.22
762.088 -0.221
762.248 -0.222
762.407 -0.223
762.564 -0.224
762.719 -0.225
762.872 -0.226
763.024 -0.227
763.174 -0.228
763.322 -0.229
763.469 -0.23
763.614 -0.231
763.757 -0.232
763.898 -0.233
764.037 -0.234
764.175 -0.235
764.311 -0.236
764.446 -0.237
764.579 -0.238
764.71 -0.239
764.84 -0.24
764.968 -0.241
765.095 -0.242
765.221 -0.243
765.344 -0.244
765.467 -0.245
765.587 -0.246
765.706 -0.247
765.824 -0.248
765.94 -0.249
766.055 -0.25
766.168 -0.251
766.279 -0.252
766.39 -0.253
766.499 -0.254
766.606 -0.255
766.712 -0.256
766.817 -0.257
766.92 -0.258
767.022 -0.259
767.122 -0.26
767.221 -0.261
767.319 -0.262
767.416 -0.263
767.511 -0.264
767.605 -0.265
767.697 -0.266
767.788 -0.267
767.878 -0.268
767.967 -0.269
768.054 -0.27
768.14 -0.271
768.224 -0.272
768.308 -0.273
768.39 -0.274
768.47 -0.275
768.55 -0.276
768.628 -0.277
768.705 -0.278
768.781 -0.279
768.855 -0.28
768.929 -0.281
769.001 -0.282
769.072 -0.283
769.142 -0.284
769.21 -0.285
769.277 -0.286
769.343 -0.287
769.408 -0.288
769.472 -0.289
769.534 -0.29
769.595 -0.291
769.655 -0.292
769.714 -0.293
769.772 -0.294
769.829 -0.295
769.884 -0.296
769.939 -0.297
769.992 -0.298
770.044 -0.299
770.095 -0.3
770.146 -0.301
770.194 -0.302
770.242 -0.303
770.289 -0.304
770.335 -0.305
770.379 -0.306
770.423 -0.307
770.465 -0.308
770.507 -0.309
770.547 -0.31
770.586 -0.311
770.624 -0.312
770.661 -0.313
770.698 -0.314
770.733 -0.315
770.767 -0.316
770.8 -0.317
770.832 -0.318
770.862 -0.319
770.892 -0.32
770.921 -0.321
770.949 -0.322
770.976 -0.323
771.002 -0.324
771.027 -0.325
771.05 -0.326
771.072 -0.327
771.093 -0.328
771.114 -0.329
771.133 -0.33
771.151 -0.331
771.168 -0.332
771.185 -0.333
771.2 -0.334
771.214 -0.335
771.228 -0.336
771.241 -0.337
771.252 -0.338
771.263 -0.339
771.273 -0.34
771.282 -0.341
771.29 -0.342
771.297 -0.343
771.303 -0.344
771.309 -0.345
771.313 -0.346
771.317 -0.347
771.319 -0.348
771.321 -0.349
771.322 -0.35
771.322 -0.351
771.321 -0.352
771.32 -0.353
771.317 -0.354
771.314 -0.355
771.31 -0.356
771.305 -0.357
771.299 -0.358
771.292 -0.359
771.284 -0.36
771.276 -0.361
771.267 -0.362
771.257 -0.363
771.246 -0.364
771.234 -0.365
771.221 -0.366
771.207 -0.367
771.193 -0.368
771.177 -0.369
771.161 -0.37
771.144 -0.371
771.126 -0.372
771.107 -0.373
771.087 -0.374
771.067 -0.375
771.046 -0.376
771.024 -0.377
771.001 -0.378
770.977 -0.379
770.953 -0.38
770.928 -0.381
770.902 -0.382
770.876 -0.383
770.849 -0.384
770.821 -0.385
770.792 -0.386
770.763 -0.387
770.733 -0.388
770.702 -0.389
770.67 -0.39
770.637 -0.391
770.604 -0.392
770.57 -0.393
770.535 -0.394
770.499 -0.395
770.463 -0.396
770.426 -0.397
770.388 -0.398
770.35 -0.399
770.311 -0.4
770.271 -0.401
770.231 -0.402
770.19 -0.403
770.148 -0.404
770.106 -0.405
770.063 -0.406
770.019 -0.407
769.974 -0.408
769.929 -0.409
769.884 -0.41
769.838 -0.411
769.79 -0.412
769.742 -0.413
769.694 -0.414
769.644 -0.415
769.594 -0.416
769.544 -0.417
769.493 -0.418
769.441 -0.419
769.389 -0.42
769.336 -0.421
769.282 -0.422
769.228 -0.423
769.174 -0.424
769.118 -0.425
769.062 -0.426
769.006 -0.427
768.949 -0.428
768.891 -0.429
768.833 -0.43
768.774 -0.431
768.715 -0.432
768.655 -0.433
768.594 -0.434
768.533 -0.435
768.471 -0.436
768.408 -0.437
768.345 -0.438
768.282 -0.439
768.218 -0.44
768.153 -0.441
768.088 -0.442
768.023 -0.443
767.957 -0.444
767.89 -0.445
767.823 -0.446
767.756 -0.447
767.688 -0.448
767.62 -0.449
767.551 -0.45
767.482 -0.451
767.412 -0.452
767.342 -0.453
767.271 -0.454
767.2 -0.455
767.129 -0.456
767.057 -0.457
766.985 -0.458
766.912 -0.459
766.839 -0.46
766.766 -0.461
766.691 -0.462
766.616 -0.463
766.541 -0.464
766.465 -0.465
766.388 -0.466
766.311 -0.467
766.234 -0.468
766.156 -0.469
766.078 -0.47
765.999 -0.471
765.921 -0.472
765.841 -0.473
765.762 -0.474
765.682 -0.475
765.602 -0.476
765.521 -0.477
765.44 -0.478
765.359 -0.479
765.277 -0.48
765.195 -0.481
765.112 -0.482
765.029 -0.483
764.946 -0.484
764.862 -0.485
764.777 -0.486
764.693 -0.487
764.607 -0.488
764.522 -0.489
764.436 -0.49
764.35 -0.491
764.264 -0.492
764.177 -0.493
764.09 -0.494
764.003 -0.495
763.916 -0.496
763.828 -0.497
763.74 -0.498
763.651 -0.499
763.562 -0.5
763.473 -0.501
763.384 -0.502
763.294 -0.503
763.204 -0.504
763.114 -0.505
763.024 -0.506
762.933 -0.507
762.842 -0.508
762.751 -0.509
762.66 -0.51
762.568 -0.511
762.476 -0.512
762.384 -0.513
762.291 -0.514
762.199 -0.515
762.106 -0.516
762.013 -0.517
761.92 -0.518
761.827 -0.519
761.733 -0.52
761.64 -0.521
761.546 -0.522
761.452 -0.523
761.358 -0.524
761.264 -0.525
761.169 -0.526
761.075 -0.527
760.98 -0.528
760.885 -0.529
760.79 -0.53
760.695 -0.531
760.6 -0.532
760.504 -0.533
760.409 -0.534
760.313 -0.535
760.217 -0.536
760.12 -0.537
760.024 -0.538
759.927 -0.539
759.83 -0.54
759.732 -0.541
759.635 -0.542
759.538 -0.543
759.44 -0.544
759.343 -0.545
759.245 -0.546
759.147 -0.547
759.049 -0.548
758.951 -0.549
758.853 -0.55
758.755 -0.551
758.657 -0.552
758.559 -0.553
758.461 -0.554
758.362 -0.555
758.264 -0.556
758.165 -0.557
758.067 -0.558
757.968 -0.559
757.869 -0.56
757.771 -0.561
757.672 -0.562
757.573 -0.563
757.475 -0.564
757.376 -0.565
757.278 -0.566
757.179 -0.567
757.08 -0.568
756.981 -0.569
756.883 -0.57
756.784 -0.571
756.685 -0.572
756.586 -0.573
756.488 -0.574
756.389 -0.575
756.291 -0.576
756.192 -0.577
756.094 -0.578
755.995 -0.579
755.897 -0.58
755.799 -0.581
755.7 -0.582
755.602 -0.583
755.504 -0.584
755.406 -0.585
755.308 -0.586
755.21 -0.587
755.112 -0.588
755.014 -0.589
754.916 -0.59
754.818 -0.591
754.721 -0.592
754.623 -0.593
754.526 -0.594
754.429 -0.595
754.332 -0.596
754.235 -0.597
754.138 -0.598
754.041 -0.599
753.945 -0.6
753.848 -0.601
753.752 -0.602
753.656 -0.603
753.56 -0.604
753.464 -0.605
753.369 -0.606
753.273 -0.607
753.178 -0.608
753.083 -0.609
752.988 -0.61
752.893 -0.611
752.799 -0.612
752.705 -0.613
752.611 -0.614
752.517 -0.615
752.423 -0.616
752.329 -0.617
752.236 -0.618
752.143 -0.619
752.05 -0.62
751.957 -0.621
751.864 -0.622
751.772 -0.623
751.68 -0.624
751.588 -0.625
751.496 -0.626
751.404 -0.627
751.313 -0.628
751.221 -0.629
751.131 -0.63
751.04 -0.631
750.949 -0.632
750.859 -0.633
750.769 -0.634
750.68 -0.635
750.59 -0.636
750.501 -0.637
750.412 -0.638
750.324 -0.639
750.236 -0.64
750.147 -0.641
750.06 -0.642
749.972 -0.643
749.885 -0.644
749.798 -0.645
749.711 -0.646
749.625 -0.647
749.539 -0.648
749.453 -0.649
749.368 -0.65
749.283 -0.651
749.199 -0.652
749.114 -0.653
749.031 -0.654
748.947 -0.655
748.864 -0.656
748.781 -0.657
748.699 -0.658
748.617 -0.659
748.535 -0.66
748.454 -0.661
748.373 -0.662
748.292 -0.663
748.212 -0.664
748.132 -0.665
748.053 -0.666
747.974 -0.667
747.895 -0.668
747.817 -0.669
747.739 -0.67
747.662 -0.671
747.585 -0.672
747.508 -0.673
747.432 -0.674
747.356 -0.675
747.281 -0.676
747.206 -0.677
747.132 -0.678
747.058 -0.679
746.985 -0.68
746.912 -0.681
746.839 -0.682
746.767 -0.683
746.695 -0.684
746.624 -0.685
746.553 -0.686
746.483 -0.687
746.414 -0.688
746.344 -0.689
746.276 -0.69
746.207 -0.691
746.14 -0.692
746.072 -0.693
746.006 -0.694
745.939 -0.695
745.874 -0.696
745.808 -0.697
745.744 -0.698
745.679 -0.699
745.616 -0.7
745.553 -0.701
745.49 -0.702
745.428 -0.703
745.366 -0.704
745.305 -0.705
745.245 -0.706
745.185 -0.707
745.126 -0.708
745.067 -0.709
745.009 -0.71
744.951 -0.711
744.894 -0.712
744.837 -0.713
744.781 -0.714
744.725 -0.715
744.67 -0.716
744.616 -0.717
744.562 -0.718
744.509 -0.719
744.456 -0.72
744.404 -0.721
744.353 -0.722
744.302 -0.723
744.252 -0.724
744.203 -0.725
744.154 -0.726
744.106 -0.727
744.058 -0.728
744.011 -0.729
743.965 -0.73
743.919 -0.731
743.874 -0.732
743.829 -0.733
743.785 -0.734
743.742 -0.735
743.699 -0.736
743.657 -0.737
743.616 -0.738
743.575 -0.739
743.535 -0.74
743.496 -0.741
743.457 -0.742
743.419 -0.743
743.382 -0.744
743.346 -0.745
743.31 -0.746
743.275 -0.747
743.24 -0.748
743.206 -0.749
743.173 -0.75
743.141 -0.751
743.109 -0.752
743.078 -0.753
743.048 -0.754
743.019 -0.755
742.99 -0.756
742.962 -0.757
742.935 -0.758
742.908 -0.759
742.883 -0.76
742.858 -0.761
742.834 -0.762
742.81 -0.763
742.788 -0.764
742.766 -0.765
742.745 -0.766
742.724 -0.767
742.705 -0.768
742.686 -0.769
742.668 -0.77
742.651 -0.771
742.635 -0.772
742.62 -0.773
742.605 -0.774
742.591 -0.775
742.578 -0.776
742.566 -0.777
742.554 -0.778
742.544 -0.779
742.534 -0.78
742.525 -0.781
742.517 -0.782
742.51 -0.783
742.504 -0.784
742.498 -0.785
742.494 -0.786
742.49 -0.787
742.487 -0.788
742.485 -0.789
742.484 -0.79
742.484 -0.791
742.485 -0.792
742.486 -0.793
742.488 -0.794
742.492 -0.795
742.496 -0.796
742.501 -0.797
742.507 -0.798
742.514 -0.799
742.521 -0.8
742.53 -0.801
742.54 -0.802
742.55 -0.803
742.562 -0.804
742.574 -0.805
742.588 -0.806
742.602 -0.807
742.617 -0.808
742.633 -0.809
742.65 -0.81
742.669 -0.811
742.688 -0.812
742.708 -0.813
742.729 -0.814
742.751 -0.815
742.774 -0.816
742.797 -0.817
742.822 -0.818
742.848 -0.819
742.875 -0.82
742.903 -0.821
742.931 -0.822
742.961 -0.823
742.992 -0.824
743.023 -0.825
743.056 -0.826
743.089 -0.827
743.124 -0.828
743.16 -0.829
743.196 -0.83
743.234 -0.831
743.273 -0.832
743.313 -0.833
743.354 -0.834
743.395 -0.835
743.438 -0.836
743.482 -0.837
743.528 -0.838
743.574 -0.839
743.621 -0.84
743.669 -0.841
743.719 -0.842
743.769 -0.843
743.82 -0.844
743.873 -0.845
743.926 -0.846
743.981 -0.847
744.037 -0.848
744.093 -0.849
744.151 -0.85
744.21 -0.851
744.27 -0.852
744.331 -0.853
744.393 -0.854
744.456 -0.855
744.521 -0.856
744.586 -0.857
744.653 -0.858
744.721 -0.859
744.79 -0.86
744.86 -0.861
744.932 -0.862
745.004 -0.863
745.078 -0.864
745.152 -0.865
745.228 -0.866
745.305 -0.867
745.384 -0.868
745.463 -0.869
745.544 -0.87
745.626 -0.871
745.709 -0.872
745.793 -0.873
745.878 -0.874
745.965 -0.875
746.053 -0.876
746.142 -0.877
746.232 -0.878
746.323 -0.879
746.416 -0.88
746.51 -0.881
746.605 -0.882
746.701 -0.883
746.799 -0.884
746.898 -0.885
746.998 -0.886
747.099 -0.887
747.201 -0.888
747.305 -0.889
747.41 -0.89
747.516 -0.891
747.624 -0.892
747.733 -0.893
747.843 -0.894
747.954 -0.895
748.067 -0.896
748.181 -0.897
748.296 -0.898
748.412 -0.899
748.529 -0.9
748.647 -0.901
748.767 -0.902
748.888 -0.903
749.011 -0.904
749.134 -0.905
749.259 -0.906
749.386 -0.907
749.513 -0.908
749.642 -0.909
749.773 -0.91
749.904 -0.911
750.037 -0.912
750.172 -0.913
750.307 -0.914
750.444 -0.915
750.583 -0.916
750.723 -0.917
750.864 -0.918
751.006 -0.919
751.15 -0.92
751.295 -0.921
751.442 -0.922
751.59 -0.923
751.739 -0.924
751.89 -0.925
752.042 -0.926
752.196 -0.927
752.351 -0.928
752.507 -0.929
752.665 -0.93
752.824 -0.931
752.985 -0.932
753.147 -0.933
753.31 -0.934
753.475 -0.935
753.641 -0.936
753.809 -0.937
753.978 -0.938
754.149 -0.939
754.321 -0.94
754.494 -0.941
754.669 -0.942
754.846 -0.943
755.024 -0.944
755.203 -0.945
755.384 -0.946
755.566 -0.947
755.75 -0.948
755.935 -0.949
756.122 -0.95
756.31 -0.951
756.5 -0.952
756.691 -0.953
756.884 -0.954
757.078 -0.955
757.274 -0.956
757.471 -0.957
757.67 -0.958
757.87 -0.959
758.072 -0.96
758.275 -0.961
758.48 -0.962
758.686 -0.963
758.894 -0.964
759.104 -0.965
759.314 -0.966
759.527 -0.967
759.741 -0.968
759.956 -0.969
760.174 -0.97
760.392 -0.971
760.613 -0.972
760.834 -0.973
761.058 -0.974
761.283 -0.975
761.509 -0.976
761.738 -0.977
761.967 -0.978
762.199 -0.979
762.432 -0.98
762.666 -0.981
762.902 -0.982
763.14 -0.983
763.38 -0.984
763.621 -0.985
763.863 -0.986
764.107 -0.987
764.353 -0.988
764.601 -0.989
764.85 -0.99
765.101 -0.991
765.353 -0.992
765.607 -0.993
765.863 -0.994
766.12 -0.995
766.379 -0.996
766.64 -0.997
766.902 -0.998
767.166 -0.999
767.432 -1
767.699 -1.001
767.968 -1.002
768.238 -1.003
768.51 -1.004
768.784 -1.005
769.059 -1.006
769.337 -1.007
769.616 -1.008
769.896 -1.009
770.179 -1.01
770.463 -1.011
770.748 -1.012
771.036 -1.013
771.325 -1.014
771.616 -1.015
771.909 -1.016
772.203 -1.017
772.5 -1.018
772.798 -1.019
773.097 -1.02
773.399 -1.021
773.702 -1.022
774.006 -1.023
774.312 -1.024
774.62 -1.025
774.93 -1.026
775.241 -1.027
775.553 -1.028
775.868 -1.029
776.184 -1.03
776.501 -1.031
776.821 -1.032
777.141 -1.033
777.463 -1.034
777.787 -1.035
778.113 -1.036
778.44 -1.037
778.77 -1.038
779.101 -1.039
779.434 -1.04
779.768 -1.041
780.105 -1.042
780.443 -1.043
780.784 -1.044
781.126 -1.045
781.47 -1.046
781.815 -1.047
782.163 -1.048
782.512 -1.049
782.864 -1.05
783.217 -1.051
783.572 -1.052
783.928 -1.053
784.287 -1.054
784.648 -1.055
785.01 -1.056
785.374 -1.057
785.741 -1.058
786.109 -1.059
786.479 -1.06
786.85 -1.061
787.224 -1.062
787.6 -1.063
787.977 -1.064
788.357 -1.065
788.738 -1.066
789.121 -1.067
789.506 -1.068
789.894 -1.069
790.283 -1.07
790.674 -1.071
791.067 -1.072
791.462 -1.073
791.858 -1.074
792.257 -1.075
792.658 -1.076
793.061 -1.077
793.465 -1.078
793.872 -1.079
794.281 -1.08
794.691 -1.081
795.104 -1.082
795.519 -1.083
795.935 -1.084
796.354 -1.085
796.774 -1.086
797.197 -1.087
797.621 -1.088
798.048 -1.089
798.477 -1.09
798.907 -1.091
799.34 -1.092
799.774 -1.093
800.211 -1.094
800.65 -1.095
801.091 -1.096
801.533 -1.097
801.978 -1.098
802.425 -1.099
802.874 -1.1
803.325 -1.101
803.778 -1.102
804.233 -1.103
804.69 -1.104
805.15 -1.105
805.611 -1.106
806.074 -1.107
806.54 -1.108
807.008 -1.109
807.477 -1.11
807.949 -1.111
808.423 -1.112
808.899 -1.113
809.377 -1.114
809.857 -1.115
810.339 -1.116
810.824 -1.117
811.31 -1.118
811.799 -1.119
812.29 -1.12
812.782 -1.121
813.277 -1.122
813.774 -1.123
814.273 -1.124
814.774 -1.125
815.277 -1.126
815.783 -1.127
816.29 -1.128
816.8 -1.129
817.312 -1.13
817.827 -1.131
818.343 -1.132
818.861 -1.133
819.382 -1.134
819.905 -1.135
820.43 -1.136
820.957 -1.137
821.487 -1.138
822.019 -1.139
822.553 -1.14
823.089 -1.141
823.627 -1.142
824.168 -1.143
824.71 -1.144
825.256 -1.145
825.803 -1.146
826.352 -1.147
826.902 -1.148
827.454 -1.149
828.009 -1.15
828.566 -1.151
829.124 -1.152
829.686 -1.153
830.249 -1.154
830.815 -1.155
831.382 -1.156
831.952 -1.157
832.525 -1.158
833.099 -1.159
833.676 -1.16
834.255 -1.161
834.836 -1.162
835.419 -1.163
836.005 -1.164
836.593 -1.165
837.183 -1.166
837.775 -1.167
838.37 -1.168
838.967 -1.169
839.566 -1.17
840.167 -1.171
840.77 -1.172
841.376 -1.173
841.984 -1.174
842.594 -1.175
843.207 -1.176
843.822 -1.177
844.439 -1.178
845.058 -1.179
845.679 -1.18
846.303 -1.181
846.929 -1.182
847.557 -1.183
848.188 -1.184
848.82 -1.185
849.455 -1.186
850.093 -1.187
850.733 -1.188
851.375 -1.189
852.019 -1.19
852.666 -1.191
853.315 -1.192
853.967 -1.193
854.62 -1.194
855.275 -1.195
855.933 -1.196
856.594 -1.197
857.257 -1.198
857.922 -1.199
858.589 -1.2
859.259 -1.201
859.932 -1.202
860.607 -1.203
861.284 -1.204
861.964 -1.205
862.646 -1.206
863.331 -1.207
864.018 -1.208
864.707 -1.209
865.399 -1.21
866.092 -1.211
866.788 -1.212
867.486 -1.213
868.187 -1.214
868.89 -1.215
869.595 -1.216
870.303 -1.217
871.014 -1.218
871.727 -1.219
872.442 -1.22
873.16 -1.221
873.881 -1.222
874.604 -1.223
875.33 -1.224
876.058 -1.225
876.788 -1.226
877.522 -1.227
878.257 -1.228
878.995 -1.229
879.735 -1.23
880.477 -1.231
881.222 -1.232
881.97 -1.233
882.72 -1.234
883.472 -1.235
884.228 -1.236
884.985 -1.237
885.746 -1.238
886.509 -1.239
887.274 -1.24
888.042 -1.241
888.813 -1.242
889.586 -1.243
890.362 -1.244
891.141 -1.245
891.922 -1.246
892.705 -1.247
893.491 -1.248
894.28 -1.249
895.071 -1.25
895.864 -1.251
896.66 -1.252
897.458 -1.253
898.258 -1.254
899.061 -1.255
899.867 -1.256
900.675 -1.257
901.485 -1.258
902.299 -1.259
903.115 -1.26
903.933 -1.261
904.754 -1.262
905.577 -1.263
906.404 -1.264
907.232 -1.265
908.064 -1.266
908.898 -1.267
909.734 -1.268
910.573 -1.269
911.414 -1.27
912.258 -1.271
913.104 -1.272
913.953 -1.273
914.804 -1.274
915.658 -1.275
916.515 -1.276
917.373 -1.277
918.235 -1.278
919.099 -1.279
919.965 -1.28
920.834 -1.281
921.706 -1.282
922.579 -1.283
923.455 -1.284
924.334 -1.285
925.213 -1.286
926.093 -1.287
926.975 -1.288
927.859 -1.289
928.746 -1.29
929.635 -1.291
930.527 -1.292
931.422 -1.293
932.318 -1.294
933.217 -1.295
934.119 -1.296
935.023 -1.297
935.93 -1.298
936.839 -1.299
937.751 -1.3
938.665 -1.301
939.582 -1.302
940.501 -1.303
941.423 -1.304
942.347 -1.305
943.274 -1.306
944.203 -1.307
945.134 -1.308
946.068 -1.309
947.004 -1.31
947.942 -1.311
948.883 -1.312
949.827 -1.313
950.774 -1.314
951.722 -1.315
952.674 -1.316
953.628 -1.317
954.584 -1.318
955.542 -1.319
956.502 -1.32
957.466 -1.321
958.432 -1.322
959.4 -1.323
960.371 -1.324
961.344 -1.325
962.319 -1.326
963.298 -1.327
964.278 -1.328
965.261 -1.329
966.246 -1.33
967.234 -1.331
968.225 -1.332
969.218 -1.333
970.215 -1.334
971.213 -1.335
972.215 -1.336
973.218 -1.337
974.225 -1.338
975.234 -1.339
976.245 -1.34
977.259 -1.341
978.276 -1.342
979.294 -1.343
980.316 -1.344
981.339 -1.345
982.364 -1.346
983.391 -1.347
984.421 -1.348
985.453 -1.349
986.488 -1.35
987.525 -1.351
988.564 -1.352
989.606 -1.353
990.65 -1.354
991.696 -1.355
992.744 -1.356
993.795 -1.357
994.848 -1.358
995.903 -1.359
996.961 -1.36
998.022 -1.361
999.085 -1.362
1000.15 -1.363
1001.22 -1.364
1002.29 -1.365
1003.37 -1.366
1004.45 -1.367
1005.53 -1.368
1006.61 -1.369
1007.7 -1.37
1008.79 -1.371
1009.88 -1.372
1010.98 -1.373
1012.08 -1.374
1013.18 -1.375
1014.29 -1.376
1015.39 -1.377
1016.51 -1.378
1017.62 -1.379
1018.74 -1.38
1019.86 -1.381
1020.98 -1.382
1022.11 -1.383
1023.24 -1.384
1024.37 -1.385
1025.51 -1.386
1026.65 -1.387
1027.79 -1.388
1028.94 -1.389
1030.08 -1.39
1031.24 -1.391
1032.39 -1.392
1033.55 -1.393
1034.71 -1.394
1035.87 -1.395
1037.03 -1.396
1038.2 -1.397
1039.38 -1.398
1040.55 -1.399
1041.73 -1.4
