9.16056 -0.001
18.3103 -0.002
27.4494 -0.003
36.5778 -0.004
45.6953 -0.005
54.8019 -0.006
63.8976 -0.007
72.9821 -0.008
82.0555 -0.009
91.1176 -0.01
100.168 -0.011
109.208 -0.012
118.236 -0.013
127.252 -0.014
136.256 -0.015
145.249 -0.016
154.23 -0.017
163.199 -0.018
172.156 -0.019
181.101 -0.02
190.033 -0.021
198.953 -0.022
207.861 -0.023
216.755 -0.024
225.638 -0.025
234.507 -0.026
243.364 -0.027
252.207 -0.028
261.037 -0.029
269.854 -0.03
278.658 -0.031
287.448 -0.032
296.224 -0.033
304.987 -0.034
313.736 -0.035
322.47 -0.036
331.191 -0.037
339.897 -0.038
348.588 -0.039
357.265 -0.04
365.927 -0.041
374.575 -0.042
383.201 -0.043
391.712 -0.044
399.913 -0.045
407.678 -0.046
414.936 -0.047
421.426 -0.048
427.422 -0.049
433.261 -0.05
438.967 -0.051
444.401 -0.052
449.567 -0.053
454.696 -0.054
459.806 -0.055
464.896 -0.056
469.89 -0.057
474.611 -0.058
479.009 -0.059
482.802 -0.06
485.965 -0.061
488.116 -0.062
490.09 -0.063
492.041 -0.064
493.97 -0.065
495.891 -0.066
497.807 -0.067
499.716 -0.068
501.616 -0.069
503.494 -0.07
505.335 -0.071
507.135 -0.072
508.85 -0.073
510.464 -0.074
512.044 -0.075
513.474 -0.076
514.723 -0.077
515.956 -0.078
516.969 -0.079
517.765 -0.08
518.25 -0.081
518.644 -0.082
519.029 -0.083
519.4 -0.084
519.76 -0.085
520.108 -0.086
520.447 -0.087
520.777 -0.088
521.095 -0.089
521.402 -0.09
521.696 -0.091
521.979 -0.092
522.252 -0.093
522.517 -0.094
522.77 -0.095
523.013 -0.096
523.247 -0.097
523.473 -0.098
523.689 -0.099
523.899 -0.1
524.102 -0.101
524.3 -0.102
524.491 -0.103
524.679 -0.104
524.862 -0.105
525.04 -0.106
525.215 -0.107
525.388 -0.108
525.559 -0.109
525.728 -0.11
525.893 -0.111
526.056 -0.112
526.218 -0.113
526.379 -0.114
526.539 -0.115
526.698 -0.116
526.855 -0.117
527.011 -0.118
527.165 -0.119
527.319 -0.12
527.472 -0.121
527.624 -0.122
527.774 -0.123
527.922 -0.124
528.07 -0.125
528.215 -0.126
528.36 -0.127
528.503 -0.128
528.646 -0.129
528.787 -0.13
528.927 -0.131
529.067 -0.132
529.205 -0.133
529.342 -0.134
529.478 -0.135
529.612 -0.136
529.745 -0.137
529.877 -0.138
530.008 -0.139
530.137 -0.14
530.265 -0.141
530.393 -0.142
530.519 -0.143
530.644 -0.144
530.768 -0.145
530.891 -0.146
531.014 -0.147
531.135 -0.148
531.255 -0.149
531.376 -0.15
531.495 -0.151
531.613 -0.152
531.73 -0.153
531.846 -0.154
531.962 -0.155
532.076 -0.156
532.19 -0.157
532.303 -0.158
532.416 -0.159
532.527 -0.16
532.637 -0.161
532.746 -0.162
532.854 -0.163
532.962 -0.164
533.069 -0.165
533.176 -0.166
533.282 -0.167
533.387 -0.168
533.491 -0.169
533.594 -0.17
533.696 -0.171
533.798 -0.172
533.899 -0.173
534 -0.174
534.101 -0.175
534.201 -0.176
534.3 -0.177
534.397 -0.178
534.495 -0.179
534.592 -0.18
534.689 -0.181
534.785 -0.182
534.88 -0.183
534.975 -0.184
535.069 -0.185
535.163 -0.186
535.256 -0.187
535.348 -0.188
535.439 -0.189
535.53 -0.19
535.62 -0.191
535.71 -0.192
535.8 -0.193
535.89 -0.194
535.979 -0.195
536.067 -0.196
536.155 -0.197
536.241 -0.198
536.327 -0.199
536.412 -0.2
536.497 -0.201
536.581 -0.202
536.665 -0.203
536.748 -0.204
536.831 -0.205
536.914 -0.206
536.996 -0.207
537.078 -0.208
537.159 -0.209
537.239 -0.21
537.32 -0.211
537.4 -0.212
537.48 -0.213
537.56 -0.214
537.639 -0.215
537.719 -0.216
537.798 -0.217
537.877 -0.218
537.955 -0.219
538.033 -0.22
538.11 -0.221
538.186 -0.222
538.263 -0.223
538.339 -0.224
538.416 -0.225
538.492 -0.226
538.568 -0.227
538.644 -0.228
538.72 -0.229
538.796 -0.23
538.872 -0.231
538.948 -0.232
539.023 -0.233
539.098 -0.234
539.173 -0.235
539.248 -0.236
539.323 -0.237
539.398 -0.238
539.472 -0.239
539.546 -0.24
539.62 -0.241
539.694 -0.242
539.767 -0.243
539.841 -0.244
539.915 -0.245
539.988 -0.246
540.062 -0.247
540.135 -0.248
540.209 -0.249
540.282 -0.25
540.355 -0.251
540.428 -0.252
540.501 -0.253
540.574 -0.254
540.646 -0.255
540.719 -0.256
540.791 -0.257
540.864 -0.258
540.936 -0.259
541.009 -0.26
541.081 -0.261
541.154 -0.262
541.226 -0.263
541.298 -0.264
541.371 -0.265
541.443 -0.266
541.515 -0.267
541.588 -0.268
541.66 -0.269
541.732 -0.27
541.804 -0.271
541.877 -0.272
541.949 -0.273
542.021 -0.274
542.092 -0.275
542.164 -0.276
542.236 -0.277
542.307 -0.278
542.379 -0.279
542.45 -0.28
542.522 -0.281
542.593 -0.282
542.664 -0.283
542.736 -0.284
542.807 -0.285
542.879 -0.286
542.95 -0.287
543.021 -0.288
543.092 -0.289
543.164 -0.29
543.235 -0.291
543.306 -0.292
543.377 -0.293
543.448 -0.294
543.519 -0.295
543.59 -0.296
543.662 -0.297
543.733 -0.298
543.804 -0.299
543.875 -0.3
543.946 -0.301
544.017 -0.302
544.088 -0.303
544.159 -0.304
544.23 -0.305
544.301 -0.306
544.372 -0.307
544.443 -0.308
544.513 -0.309
544.584 -0.31
544.655 -0.311
544.726 -0.312
544.797 -0.313
544.868 -0.314
544.938 -0.315
545.009 -0.316
545.08 -0.317
545.151 -0.318
545.221 -0.319
545.292 -0.32
545.362 -0.321
545.433 -0.322
545.504 -0.323
545.574 -0.324
545.645 -0.325
545.715 -0.326
545.786 -0.327
545.856 -0.328
545.927 -0.329
545.997 -0.33
546.068 -0.331
546.138 -0.332
546.209 -0.333
546.279 -0.334
546.35 -0.335
546.42 -0.336
546.49 -0.337
546.561 -0.338
546.631 -0.339
546.701 -0.34
546.772 -0.341
546.842 -0.342
546.912 -0.343
546.983 -0.344
547.053 -0.345
547.123 -0.346
547.194 -0.347
547.264 -0.348
547.334 -0.349
547.405 -0.35
547.475 -0.351
547.545 -0.352
547.615 -0.353
547.686 -0.354
547.756 -0.355
547.826 -0.356
547.896 -0.357
547.966 -0.358
548.037 -0.359
548.107 -0.36
548.177 -0.361
548.247 -0.362
548.317 -0.363
548.387 -0.364
548.458 -0.365
548.528 -0.366
548.598 -0.367
548.668 -0.368
548.738 -0.369
548.808 -0.37
548.878 -0.371
548.948 -0.372
549.018 -0.373
549.088 -0.374
549.158 -0.375
549.229 -0.376
549.299 -0.377
549.369 -0.378
549.439 -0.379
549.509 -0.38
549.579 -0.381
549.649 -0.382
549.719 -0.383
549.789 -0.384
549.859 -0.385
549.929 -0.386
549.999 -0.387
550.069 -0.388
550.139 -0.389
550.209 -0.39
550.279 -0.391
550.349 -0.392
550.419 -0.393
550.489 -0.394
550.559 -0.395
550.629 -0.396
550.699 -0.397
550.768 -0.398
550.838 -0.399
550.908 -0.4
550.978 -0.401
551.048 -0.402
551.118 -0.403
551.188 -0.404
551.258 -0.405
551.328 -0.406
551.398 -0.407
551.468 -0.408
551.538 -0.409
551.608 -0.41
551.678 -0.411
551.748 -0.412
551.818 -0.413
551.888 -0.414
551.958 -0.415
552.028 -0.416
552.098 -0.417
552.168 -0.418
552.238 -0.419
552.308 -0.42
552.378 -0.421
552.448 -0.422
552.518 -0.423
552.589 -0.424
552.659 -0.425
552.729 -0.426
552.799 -0.427
552.869 -0.428
552.939 -0.429
553.009 -0.43
553.079 -0.431
553.149 -0.432
553.219 -0.433
553.289 -0.434
553.359 -0.435
553.429 -0.436
553.499 -0.437
553.569 -0.438
553.639 -0.439
553.71 -0.44
553.78 -0.441
553.85 -0.442
553.92 -0.443
553.99 -0.444
554.06 -0.445
554.13 -0.446
554.2 -0.447
554.27 -0.448
554.34 -0.449
554.41 -0.45
554.48 -0.451
554.55 -0.452
554.62 -0.453
554.689 -0.454
554.759 -0.455
554.829 -0.456
554.899 -0.457
554.969 -0.458
555.039 -0.459
555.109 -0.46
555.179 -0.461
555.249 -0.462
555.319 -0.463
555.389 -0.464
555.459 -0.465
555.529 -0.466
555.599 -0.467
555.669 -0.468
555.739 -0.469
555.809 -0.47
555.879 -0.471
555.949 -0.472
556.019 -0.473
556.089 -0.474
556.159 -0.475
556.229 -0.476
556.299 -0.477
556.369 -0.478
556.439 -0.479
556.509 -0.48
556.579 -0.481
556.65 -0.482
556.72 -0.483
556.79 -0.484
556.86 -0.485
556.93 -0.486
557.001 -0.487
557.071 -0.488
557.141 -0.489
557.211 -0.49
557.282 -0.491
557.352 -0.492
557.422 -0.493
557.493 -0.494
557.563 -0.495
557.633 -0.496
557.703 -0.497
557.773 -0.498
557.843 -0.499
557.913 -0.5
557.984 -0.501
558.054 -0.502
558.124 -0.503
558.194 -0.504
558.264 -0.505
558.335 -0.506
558.405 -0.507
558.475 -0.508
558.545 -0.509
558.615 -0.51
558.685 -0.511
558.755 -0.512
558.825 -0.513
558.895 -0.514
558.965 -0.515
559.035 -0.516
559.106 -0.517
559.176 -0.518
559.246 -0.519
559.316 -0.52
559.386 -0.521
559.457 -0.522
559.527 -0.523
559.597 -0.524
559.667 -0.525
559.734 -0.526
559.8 -0.527
559.867 -0.528
559.934 -0.529
560.004 -0.53
560.073 -0.531
560.143 -0.532
560.212 -0.533
560.282 -0.534
560.352 -0.535
560.421 -0.536
560.489 -0.537
560.555 -0.538
560.621 -0.539
560.687 -0.54
560.753 -0.541
560.82 -0.542
560.889 -0.543
560.958 -0.544
561.027 -0.545
561.096 -0.546
561.166 -0.547
561.235 -0.548
561.304 -0.549
561.373 -0.55
561.443 -0.551
561.512 -0.552
561.582 -0.553
561.651 -0.554
561.721 -0.555
561.79 -0.556
561.86 -0.557
561.93 -0.558
561.999 -0.559
562.069 -0.56
562.139 -0.561
562.209 -0.562
562.278 -0.563
562.349 -0.564
562.419 -0.565
562.489 -0.566
562.559 -0.567
562.629 -0.568
562.699 -0.569
562.77 -0.57
562.84 -0.571
562.91 -0.572
562.981 -0.573
563.051 -0.574
563.121 -0.575
563.192 -0.576
563.262 -0.577
563.333 -0.578
563.403 -0.579
563.474 -0.58
563.544 -0.581
563.615 -0.582
563.685 -0.583
563.756 -0.584
563.827 -0.585
563.898 -0.586
563.969 -0.587
564.039 -0.588
564.11 -0.589
564.181 -0.59
564.252 -0.591
564.323 -0.592
564.394 -0.593
564.465 -0.594
564.536 -0.595
564.608 -0.596
564.679 -0.597
564.75 -0.598
564.821 -0.599
564.893 -0.6
564.964 -0.601
565.036 -0.602
565.107 -0.603
565.178 -0.604
565.25 -0.605
565.321 -0.606
565.393 -0.607
565.465 -0.608
565.536 -0.609
565.608 -0.61
565.68 -0.611
565.751 -0.612
565.823 -0.613
565.895 -0.614
565.967 -0.615
566.039 -0.616
566.11 -0.617
566.182 -0.618
566.254 -0.619
566.326 -0.62
566.398 -0.621
566.47 -0.622
566.542 -0.623
566.615 -0.624
566.687 -0.625
566.759 -0.626
566.831 -0.627
566.904 -0.628
566.976 -0.629
567.048 -0.63
567.121 -0.631
567.193 -0.632
567.266 -0.633
567.339 -0.634
567.411 -0.635
567.484 -0.636
567.557 -0.637
567.629 -0.638
567.702 -0.639
567.775 -0.64
567.848 -0.641
567.921 -0.642
567.994 -0.643
568.067 -0.644
568.14 -0.645
568.213 -0.646
568.286 -0.647
568.359 -0.648
568.432 -0.649
568.505 -0.65
568.579 -0.651
568.652 -0.652
568.725 -0.653
568.799 -0.654
568.872 -0.655
568.945 -0.656
569.019 -0.657
569.092 -0.658
569.166 -0.659
569.24 -0.66
569.313 -0.661
569.387 -0.662
569.461 -0.663
569.534 -0.664
569.608 -0.665
569.682 -0.666
569.756 -0.667
569.83 -0.668
569.904 -0.669
569.978 -0.67
570.052 -0.671
570.126 -0.672
570.201 -0.673
570.275 -0.674
570.349 -0.675
570.424 -0.676
570.498 -0.677
570.572 -0.678
570.647 -0.679
570.721 -0.68
570.796 -0.681
570.871 -0.682
570.945 -0.683
571.02 -0.684
571.095 -0.685
571.17 -0.686
571.244 -0.687
571.319 -0.688
571.394 -0.689
571.469 -0.69
571.544 -0.691
571.619 -0.692
571.694 -0.693
571.769 -0.694
571.845 -0.695
571.92 -0.696
571.995 -0.697
572.071 -0.698
572.146 -0.699
572.221 -0.7
572.297 -0.701
572.372 -0.702
572.448 -0.703
572.523 -0.704
572.599 -0.705
572.675 -0.706
572.751 -0.707
572.826 -0.708
572.902 -0.709
572.978 -0.71
573.054 -0.711
573.13 -0.712
573.206 -0.713
573.283 -0.714
573.359 -0.715
573.435 -0.716
573.511 -0.717
573.588 -0.718
573.664 -0.719
573.741 -0.72
573.817 -0.721
573.894 -0.722
573.97 -0.723
574.047 -0.724
574.124 -0.725
574.2 -0.726
574.277 -0.727
574.354 -0.728
574.431 -0.729
574.508 -0.73
574.585 -0.731
574.662 -0.732
574.739 -0.733
574.816 -0.734
574.893 -0.735
574.97 -0.736
575.048 -0.737
575.125 -0.738
575.202 -0.739
575.28 -0.74
575.357 -0.741
575.435 -0.742
575.513 -0.743
575.59 -0.744
575.668 -0.745
575.746 -0.746
575.823 -0.747
575.901 -0.748
575.979 -0.749
576.057 -0.75
576.135 -0.751
576.213 -0.752
576.291 -0.753
576.369 -0.754
576.447 -0.755
576.526 -0.756
576.604 -0.757
576.682 -0.758
576.761 -0.759
576.839 -0.76
576.917 -0.761
576.996 -0.762
577.074 -0.763
577.153 -0.764
577.232 -0.765
577.31 -0.766
577.389 -0.767
577.468 -0.768
577.547 -0.769
577.626 -0.77
577.705 -0.771
577.784 -0.772
577.863 -0.773
577.942 -0.774
578.022 -0.775
578.101 -0.776
578.18 -0.777
578.26 -0.778
578.339 -0.779
578.419 -0.78
578.498 -0.781
578.578 -0.782
578.657 -0.783
578.737 -0.784
578.817 -0.785
578.897 -0.786
578.977 -0.787
579.057 -0.788
579.137 -0.789
579.217 -0.79
579.297 -0.791
579.377 -0.792
579.457 -0.793
579.538 -0.794
579.618 -0.795
579.699 -0.796
579.779 -0.797
579.86 -0.798
579.94 -0.799
580.021 -0.8
580.102 -0.801
580.183 -0.802
580.263 -0.803
580.344 -0.804
580.425 -0.805
580.506 -0.806
580.587 -0.807
580.669 -0.808
580.75 -0.809
580.831 -0.81
580.912 -0.811
580.993 -0.812
581.075 -0.813
581.156 -0.814
581.238 -0.815
581.319 -0.816
581.401 -0.817
581.483 -0.818
581.565 -0.819
581.646 -0.82
581.728 -0.821
581.81 -0.822
581.892 -0.823
581.974 -0.824
582.057 -0.825
582.139 -0.826
582.221 -0.827
582.303 -0.828
582.386 -0.829
582.468 -0.83
582.551 -0.831
582.633 -0.832
582.716 -0.833
582.798 -0.834
582.881 -0.835
582.964 -0.836
583.046 -0.837
583.129 -0.838
583.212 -0.839
583.295 -0.84
583.378 -0.841
583.461 -0.842
583.544 -0.843
583.628 -0.844
583.711 -0.845
583.794 -0.846
583.877 -0.847
583.961 -0.848
584.044 -0.849
584.127 -0.85
584.211 -0.851
584.294 -0.852
584.378 -0.853
584.461 -0.854
584.545 -0.855
584.628 -0.856
584.712 -0.857
584.796 -0.858
584.88 -0.859
584.964 -0.86
585.048 -0.861
585.131 -0.862
585.215 -0.863
585.299 -0.864
585.383 -0.865
585.467 -0.866
585.552 -0.867
585.636 -0.868
585.72 -0.869
585.804 -0.87
585.888 -0.871
585.973 -0.872
586.057 -0.873
586.141 -0.874
586.226 -0.875
586.31 -0.876
586.395 -0.877
586.479 -0.878
586.564 -0.879
586.648 -0.88
586.732 -0.881
586.816 -0.882
586.9 -0.883
586.984 -0.884
587.068 -0.885
587.152 -0.886
587.234 -0.887
587.315 -0.888
587.398 -0.889
587.482 -0.89
587.566 -0.891
587.649 -0.892
587.733 -0.893
587.815 -0.894
587.896 -0.895
587.978 -0.896
588.063 -0.897
588.148 -0.898
588.232 -0.899
588.317 -0.9
588.403 -0.901
588.488 -0.902
588.574 -0.903
588.659 -0.904
588.745 -0.905
588.831 -0.906
588.917 -0.907
589.003 -0.908
589.089 -0.909
589.176 -0.91
589.262 -0.911
589.348 -0.912
589.435 -0.913
589.522 -0.914
589.609 -0.915
589.696 -0.916
589.783 -0.917
589.87 -0.918
589.957 -0.919
590.045 -0.92
590.132 -0.921
590.22 -0.922
590.308 -0.923
590.396 -0.924
590.484 -0.925
590.572 -0.926
590.66 -0.927
590.748 -0.928
590.837 -0.929
590.925 -0.93
591.014 -0.931
591.102 -0.932
591.191 -0.933
591.28 -0.934
591.368 -0.935
591.457 -0.936
591.546 -0.937
591.635 -0.938
591.725 -0.939
591.814 -0.94
591.903 -0.941
591.992 -0.942
592.082 -0.943
592.171 -0.944
592.261 -0.945
592.351 -0.946
592.441 -0.947
592.531 -0.948
592.621 -0.949
592.711 -0.95
592.801 -0.951
592.891 -0.952
592.981 -0.953
593.072 -0.954
593.162 -0.955
593.253 -0.956
593.343 -0.957
593.434 -0.958
593.525 -0.959
593.616 -0.96
593.707 -0.961
593.798 -0.962
593.889 -0.963
593.98 -0.964
594.071 -0.965
594.162 -0.966
594.254 -0.967
594.345 -0.968
594.437 -0.969
594.528 -0.97
594.62 -0.971
594.712 -0.972
594.803 -0.973
594.895 -0.974
594.987 -0.975
595.079 -0.976
595.171 -0.977
595.264 -0.978
595.356 -0.979
595.449 -0.98
595.541 -0.981
595.634 -0.982
595.726 -0.983
595.819 -0.984
595.912 -0.985
596.005 -0.986
596.098 -0.987
596.191 -0.988
596.284 -0.989
596.378 -0.99
596.471 -0.991
596.565 -0.992
596.658 -0.993
596.752 -0.994
596.846 -0.995
596.94 -0.996
597.034 -0.997
597.128 -0.998
597.222 -0.999
597.316 -1
597.41 -1.001
597.505 -1.002
597.599 -1.003
597.694 -1.004
597.789 -1.005
597.883 -1.006
597.978 -1.007
598.073 -1.008
598.168 -1.009
598.264 -1.01
598.359 -1.011
598.454 -1.012
598.55 -1.013
598.645 -1.014
598.741 -1.015
598.837 -1.016
598.932 -1.017
599.028 -1.018
599.124 -1.019
599.22 -1.02
599.317 -1.021
599.413 -1.022
599.509 -1.023
599.606 -1.024
599.702 -1.025
599.799 -1.026
599.896 -1.027
599.993 -1.028
600.09 -1.029
600.187 -1.03
600.284 -1.031
600.381 -1.032
600.479 -1.033
600.576 -1.034
600.673 -1.035
600.771 -1.036
600.869 -1.037
600.966 -1.038
601.064 -1.039
601.162 -1.04
601.26 -1.041
601.358 -1.042
601.457 -1.043
601.555 -1.044
601.653 -1.045
601.752 -1.046
601.851 -1.047
601.949 -1.048
602.048 -1.049
602.147 -1.05
602.246 -1.051
602.345 -1.052
602.444 -1.053
602.543 -1.054
602.642 -1.055
602.741 -1.056
602.84 -1.057
602.939 -1.058
603.038 -1.059
603.137 -1.06
603.236 -1.061
603.335 -1.062
603.435 -1.063
603.534 -1.064
603.634 -1.065
603.734 -1.066
603.833 -1.067
603.933 -1.068
604.033 -1.069
604.133 -1.07
604.234 -1.071
604.334 -1.072
604.434 -1.073
604.535 -1.074
604.635 -1.075
604.736 -1.076
604.837 -1.077
604.938 -1.078
605.039 -1.079
605.14 -1.08
605.241 -1.081
605.343 -1.082
605.444 -1.083
605.546 -1.084
605.647 -1.085
605.749 -1.086
605.851 -1.087
605.953 -1.088
606.055 -1.089
606.157 -1.09
606.259 -1.091
606.362 -1.092
606.464 -1.093
606.567 -1.094
606.67 -1.095
606.772 -1.096
606.875 -1.097
606.978 -1.098
607.081 -1.099
607.185 -1.1
607.288 -1.101
607.391 -1.102
607.495 -1.103
607.598 -1.104
607.702 -1.105
607.806 -1.106
607.91 -1.107
608.014 -1.108
608.118 -1.109
608.222 -1.11
608.326 -1.111
608.43 -1.112
608.534 -1.113
608.638 -1.114
608.742 -1.115
608.845 -1.116
608.949 -1.117
609.053 -1.118
609.157 -1.119
609.261 -1.12
609.365 -1.121
609.469 -1.122
609.573 -1.123
609.678 -1.124
609.782 -1.125
609.887 -1.126
609.992 -1.127
610.096 -1.128
610.201 -1.129
610.307 -1.13
610.412 -1.131
610.517 -1.132
610.622 -1.133
610.728 -1.134
610.833 -1.135
610.939 -1.136
611.045 -1.137
611.151 -1.138
611.257 -1.139
611.363 -1.14
611.469 -1.141
611.576 -1.142
611.682 -1.143
611.789 -1.144
611.895 -1.145
612.002 -1.146
612.109 -1.147
612.216 -1.148
612.323 -1.149
612.43 -1.15
612.538 -1.151
612.645 -1.152
612.753 -1.153
612.86 -1.154
612.968 -1.155
613.076 -1.156
613.184 -1.157
613.292 -1.158
613.4 -1.159
613.509 -1.16
613.617 -1.161
613.726 -1.162
613.834 -1.163
613.943 -1.164
614.052 -1.165
614.161 -1.166
614.27 -1.167
614.379 -1.168
614.489 -1.169
614.598 -1.17
614.708 -1.171
614.818 -1.172
614.926 -1.173
615.033 -1.174
615.141 -1.175
615.248 -1.176
615.356 -1.177
615.463 -1.178
615.571 -1.179
615.678 -1.18
615.786 -1.181
615.894 -1.182
616.001 -1.183
616.107 -1.184
616.211 -1.185
616.315 -1.186
616.42 -1.187
616.524 -1.188
616.629 -1.189
616.734 -1.19
616.838 -1.191
616.931 -1.192
616.977 -1.193
617.023 -1.194
617.07 -1.195
617.116 -1.196
617.163 -1.197
617.209 -1.198
617.256 -1.199
617.31 -1.2
