15.4559 -0.001
30.8763 -0.002
46.2607 -0.003
61.6092 -0.004
76.9212 -0.005
92.1965 -0.006
107.435 -0.007
122.635 -0.008
137.799 -0.009
152.923 -0.01
168.01 -0.011
183.057 -0.012
198.066 -0.013
213.034 -0.014
227.963 -0.015
242.851 -0.016
257.698 -0.017
272.503 -0.018
287.267 -0.019
301.988 -0.02
316.667 -0.021
331.302 -0.022
345.894 -0.023
360.441 -0.024
374.942 -0.025
389.399 -0.026
403.809 -0.027
418.172 -0.028
432.488 -0.029
446.756 -0.03
460.975 -0.031
475.144 -0.032
489.26 -0.033
503.019 -0.034
515.594 -0.035
526.183 -0.036
536.38 -0.037
546.52 -0.038
556.613 -0.039
566.663 -0.04
576.674 -0.041
586.647 -0.042
596.579 -0.043
606.47 -0.044
616.276 -0.045
625.793 -0.046
634.799 -0.047
643.077 -0.048
650.542 -0.049
656.737 -0.05
662.503 -0.051
668.105 -0.052
673.536 -0.053
678.761 -0.054
683.737 -0.055
688.569 -0.056
693.033 -0.057
697.125 -0.058
700.96 -0.059
704.751 -0.06
708.494 -0.061
712.192 -0.062
715.851 -0.063
719.48 -0.064
723.072 -0.065
726.62 -0.066
730.119 -0.067
733.573 -0.068
736.979 -0.069
740.346 -0.07
743.671 -0.071
746.955 -0.072
750.201 -0.073
753.411 -0.074
756.586 -0.075
759.725 -0.076
762.826 -0.077
765.871 -0.078
768.866 -0.079
771.811 -0.08
774.663 -0.081
777.379 -0.082
779.973 -0.083
782.426 -0.084
784.754 -0.085
786.97 -0.086
788.974 -0.087
790.727 -0.088
792.166 -0.089
793.415 -0.09
794.515 -0.091
795.454 -0.092
796.36 -0.093
797.237 -0.094
798.062 -0.095
798.781 -0.096
799.375 -0.097
799.85 -0.098
800.218 -0.099
800.519 -0.1
800.802 -0.101
801.07 -0.102
801.326 -0.103
801.567 -0.104
801.797 -0.105
802.016 -0.106
802.222 -0.107
802.415 -0.108
802.597 -0.109
802.766 -0.11
802.92 -0.111
803.064 -0.112
803.195 -0.113
803.315 -0.114
803.423 -0.115
803.521 -0.116
803.608 -0.117
803.684 -0.118
803.751 -0.119
803.81 -0.12
803.86 -0.121
803.9 -0.122
803.926 -0.123
803.944 -0.124
803.947 -0.125
803.941 -0.126
803.924 -0.127
803.898 -0.128
803.863 -0.129
803.817 -0.13
803.766 -0.131
803.711 -0.132
803.652 -0.133
803.588 -0.134
803.52 -0.135
803.447 -0.136
803.37 -0.137
803.29 -0.138
803.206 -0.139
803.119 -0.14
803.029 -0.141
802.934 -0.142
802.836 -0.143
802.736 -0.144
802.632 -0.145
802.524 -0.146
802.413 -0.147
802.299 -0.148
802.182 -0.149
802.061 -0.15
801.937 -0.151
801.81 -0.152
801.679 -0.153
801.546 -0.154
801.409 -0.155
801.27 -0.156
801.127 -0.157
800.981 -0.158
800.833 -0.159
800.682 -0.16
800.528 -0.161
800.372 -0.162
800.213 -0.163
800.051 -0.164
799.887 -0.165
799.721 -0.166
799.552 -0.167
799.381 -0.168
799.208 -0.169
799.033 -0.17
798.856 -0.171
798.676 -0.172
798.495 -0.173
798.311 -0.174
798.125 -0.175
797.937 -0.176
797.748 -0.177
797.556 -0.178
797.363 -0.179
797.168 -0.18
796.971 -0.181
796.772 -0.182
796.571 -0.183
796.369 -0.184
796.164 -0.185
795.958 -0.186
795.751 -0.187
795.541 -0.188
795.33 -0.189
795.117 -0.19
794.902 -0.191
794.685 -0.192
794.467 -0.193
794.247 -0.194
794.025 -0.195
793.802 -0.196
793.577 -0.197
793.35 -0.198
793.121 -0.199
792.891 -0.2
792.66 -0.201
792.426 -0.202
792.191 -0.203
791.955 -0.204
791.716 -0.205
791.477 -0.206
791.236 -0.207
790.993 -0.208
790.749 -0.209
790.504 -0.21
790.257 -0.211
790.008 -0.212
789.758 -0.213
789.507 -0.214
789.254 -0.215
788.999 -0.216
788.744 -0.217
788.487 -0.218
788.228 -0.219
787.969 -0.22
787.707 -0.221
787.445 -0.222
787.182 -0.223
786.917 -0.224
786.65 -0.225
786.383 -0.226
786.113 -0.227
785.843 -0.228
785.571 -0.229
785.299 -0.23
785.025 -0.231
784.749 -0.232
784.473 -0.233
784.196 -0.234
783.917 -0.235
783.638 -0.236
783.357 -0.237
783.082 -0.238
782.806 -0.239
782.535 -0.24
782.263 -0.241
781.996 -0.242
781.728 -0.243
781.465 -0.244
781.202 -0.245
780.942 -0.246
780.683 -0.247
780.426 -0.248
780.172 -0.249
779.917 -0.25
779.661 -0.251
779.405 -0.252
779.149 -0.253
778.891 -0.254
778.633 -0.255
778.375 -0.256
778.116 -0.257
777.856 -0.258
777.596 -0.259
777.336 -0.26
777.075 -0.261
776.812 -0.262
776.55 -0.263
776.287 -0.264
776.023 -0.265
775.759 -0.266
775.495 -0.267
775.231 -0.268
774.966 -0.269
774.7 -0.27
774.435 -0.271
774.17 -0.272
773.908 -0.273
773.646 -0.274
773.385 -0.275
773.126 -0.276
772.87 -0.277
772.62 -0.278
772.371 -0.279
772.13 -0.28
771.89 -0.281
771.656 -0.282
771.425 -0.283
771.197 -0.284
770.977 -0.285
770.757 -0.286
770.542 -0.287
770.333 -0.288
770.123 -0.289
769.92 -0.29
769.717 -0.291
769.514 -0.292
769.311 -0.293
769.107 -0.294
768.904 -0.295
768.7 -0.296
768.497 -0.297
768.293 -0.298
768.089 -0.299
767.885 -0.3
767.681 -0.301
767.477 -0.302
767.273 -0.303
767.069 -0.304
766.865 -0.305
766.661 -0.306
766.457 -0.307
766.253 -0.308
766.048 -0.309
765.843 -0.31
765.639 -0.311
765.434 -0.312
765.229 -0.313
765.024 -0.314
764.82 -0.315
764.615 -0.316
764.41 -0.317
764.205 -0.318
764 -0.319
763.796 -0.32
763.591 -0.321
763.387 -0.322
763.187 -0.323
762.988 -0.324
762.788 -0.325
762.592 -0.326
762.398 -0.327
762.206 -0.328
762.016 -0.329
761.828 -0.33
761.641 -0.331
761.456 -0.332
761.276 -0.333
761.096 -0.334
760.916 -0.335
760.74 -0.336
760.567 -0.337
760.395 -0.338
760.223 -0.339
760.055 -0.34
759.889 -0.341
759.724 -0.342
759.558 -0.343
759.393 -0.344
759.228 -0.345
759.065 -0.346
758.902 -0.347
758.74 -0.348
758.577 -0.349
758.417 -0.35
758.257 -0.351
758.098 -0.352
757.939 -0.353
757.78 -0.354
757.621 -0.355
757.463 -0.356
757.305 -0.357
757.148 -0.358
756.991 -0.359
756.834 -0.36
756.678 -0.361
756.522 -0.362
756.366 -0.363
756.211 -0.364
756.056 -0.365
755.9 -0.366
755.745 -0.367
755.591 -0.368
755.437 -0.369
755.283 -0.37
755.13 -0.371
754.977 -0.372
754.825 -0.373
754.673 -0.374
754.521 -0.375
754.37 -0.376
754.219 -0.377
754.069 -0.378
753.92 -0.379
753.77 -0.38
753.622 -0.381
753.474 -0.382
753.326 -0.383
753.179 -0.384
753.032 -0.385
752.887 -0.386
752.741 -0.387
752.595 -0.388
752.45 -0.389
752.306 -0.39
752.163 -0.391
752.019 -0.392
751.877 -0.393
751.735 -0.394
751.595 -0.395
751.458 -0.396
751.32 -0.397
751.184 -0.398
751.048 -0.399
750.914 -0.4
750.784 -0.401
750.656 -0.402
750.529 -0.403
750.403 -0.404
750.281 -0.405
750.161 -0.406
750.043 -0.407
749.927 -0.408
749.812 -0.409
749.699 -0.41
749.591 -0.411
749.483 -0.412
749.376 -0.413
749.273 -0.414
749.172 -0.415
749.073 -0.416
748.976 -0.417
748.881 -0.418
748.787 -0.419
748.694 -0.42
748.604 -0.421
748.514 -0.422
748.425 -0.423
748.338 -0.424
748.25 -0.425
748.164 -0.426
748.079 -0.427
747.994 -0.428
747.911 -0.429
747.828 -0.43
747.747 -0.431
747.667 -0.432
747.588 -0.433
747.509 -0.434
747.432 -0.435
747.355 -0.436
747.28 -0.437
747.206 -0.438
747.133 -0.439
747.061 -0.44
746.99 -0.441
746.92 -0.442
746.851 -0.443
746.783 -0.444
746.717 -0.445
746.651 -0.446
746.587 -0.447
746.523 -0.448
746.461 -0.449
746.399 -0.45
746.339 -0.451
746.28 -0.452
746.222 -0.453
746.166 -0.454
746.111 -0.455
746.056 -0.456
746.003 -0.457
745.951 -0.458
745.9 -0.459
745.85 -0.46
745.802 -0.461
745.755 -0.462
745.709 -0.463
745.665 -0.464
745.621 -0.465
745.578 -0.466
745.537 -0.467
745.498 -0.468
745.459 -0.469
745.422 -0.47
745.386 -0.471
745.351 -0.472
745.317 -0.473
745.284 -0.474
745.253 -0.475
745.223 -0.476
745.194 -0.477
745.166 -0.478
745.139 -0.479
745.114 -0.48
745.091 -0.481
745.07 -0.482
745.05 -0.483
745.031 -0.484
745.015 -0.485
745.001 -0.486
744.987 -0.487
744.975 -0.488
744.966 -0.489
744.958 -0.49
744.951 -0.491
744.945 -0.492
744.941 -0.493
744.939 -0.494
744.939 -0.495
744.94 -0.496
744.942 -0.497
744.948 -0.498
744.954 -0.499
744.962 -0.5
744.972 -0.501
744.983 -0.502
744.997 -0.503
745.012 -0.504
745.028 -0.505
745.046 -0.506
745.065 -0.507
745.086 -0.508
745.108 -0.509
745.131 -0.51
745.156 -0.511
745.182 -0.512
745.21 -0.513
745.239 -0.514
745.269 -0.515
745.301 -0.516
745.334 -0.517
745.369 -0.518
745.406 -0.519
745.443 -0.52
745.483 -0.521
745.523 -0.522
745.566 -0.523
745.609 -0.524
745.654 -0.525
745.701 -0.526
745.749 -0.527
745.799 -0.528
745.851 -0.529
745.903 -0.53
745.958 -0.531
746.014 -0.532
746.071 -0.533
746.13 -0.534
746.192 -0.535
746.255 -0.536
746.32 -0.537
746.386 -0.538
746.454 -0.539
746.524 -0.54
746.596 -0.541
746.669 -0.542
746.744 -0.543
746.821 -0.544
746.9 -0.545
746.98 -0.546
747.063 -0.547
747.146 -0.548
747.232 -0.549
747.319 -0.55
747.408 -0.551
747.499 -0.552
747.593 -0.553
747.688 -0.554
747.784 -0.555
747.883 -0.556
747.983 -0.557
748.084 -0.558
748.187 -0.559
748.292 -0.56
748.399 -0.561
748.507 -0.562
748.617 -0.563
748.729 -0.564
748.843 -0.565
748.958 -0.566
749.075 -0.567
749.194 -0.568
749.316 -0.569
749.439 -0.57
749.564 -0.571
749.691 -0.572
749.82 -0.573
749.951 -0.574
750.083 -0.575
750.217 -0.576
750.354 -0.577
750.493 -0.578
750.634 -0.579
750.776 -0.58
750.92 -0.581
751.067 -0.582
751.215 -0.583
751.365 -0.584
751.516 -0.585
751.67 -0.586
751.825 -0.587
751.983 -0.588
752.142 -0.589
752.303 -0.59
752.466 -0.591
752.631 -0.592
752.798 -0.593
752.966 -0.594
753.137 -0.595
753.309 -0.596
753.484 -0.597
753.66 -0.598
753.839 -0.599
754.019 -0.6
754.201 -0.601
754.385 -0.602
754.572 -0.603
754.76 -0.604
754.949 -0.605
755.139 -0.606
755.331 -0.607
755.524 -0.608
755.72 -0.609
755.918 -0.61
756.117 -0.611
756.319 -0.612
756.522 -0.613
756.728 -0.614
756.935 -0.615
757.145 -0.616
757.356 -0.617
757.569 -0.618
757.785 -0.619
758.004 -0.62
758.224 -0.621
758.446 -0.622
758.67 -0.623
758.897 -0.624
759.126 -0.625
759.357 -0.626
759.591 -0.627
759.826 -0.628
760.064 -0.629
760.304 -0.63
760.546 -0.631
760.79 -0.632
761.037 -0.633
761.286 -0.634
761.537 -0.635
761.79 -0.636
762.045 -0.637
762.304 -0.638
762.564 -0.639
762.826 -0.64
763.091 -0.641
763.357 -0.642
763.627 -0.643
763.898 -0.644
764.172 -0.645
764.448 -0.646
764.725 -0.647
765.003 -0.648
765.283 -0.649
765.565 -0.65
765.85 -0.651
766.137 -0.652
766.426 -0.653
766.718 -0.654
767.011 -0.655
767.307 -0.656
767.605 -0.657
767.905 -0.658
768.207 -0.659
768.512 -0.66
768.818 -0.661
769.127 -0.662
769.438 -0.663
769.752 -0.664
770.068 -0.665
770.386 -0.666
770.706 -0.667
771.029 -0.668
771.353 -0.669
771.68 -0.67
772.01 -0.671
772.341 -0.672
772.675 -0.673
773.012 -0.674
773.35 -0.675
773.691 -0.676
774.035 -0.677
774.38 -0.678
774.728 -0.679
775.079 -0.68
775.431 -0.681
775.786 -0.682
776.143 -0.683
776.503 -0.684
776.865 -0.685
777.228 -0.686
777.594 -0.687
777.96 -0.688
778.328 -0.689
778.698 -0.69
779.071 -0.691
779.445 -0.692
779.823 -0.693
780.202 -0.694
780.584 -0.695
780.968 -0.696
781.355 -0.697
781.744 -0.698
782.135 -0.699
782.529 -0.7
782.925 -0.701
783.323 -0.702
783.724 -0.703
784.128 -0.704
784.533 -0.705
784.942 -0.706
785.352 -0.707
785.765 -0.708
786.18 -0.709
786.598 -0.71
787.018 -0.711
787.432 -0.712
787.811 -0.713
788.174 -0.714
788.54 -0.715
788.907 -0.716
789.277 -0.717
789.649 -0.718
790.023 -0.719
790.399 -0.72
790.777 -0.721
791.158 -0.722
791.54 -0.723
791.925 -0.724
792.312 -0.725
792.701 -0.726
793.093 -0.727
793.487 -0.728
793.883 -0.729
794.281 -0.73
794.681 -0.731
795.083 -0.732
795.488 -0.733
795.894 -0.734
796.303 -0.735
796.714 -0.736
797.127 -0.737
797.542 -0.738
797.96 -0.739
798.38 -0.74
798.802 -0.741
799.227 -0.742
799.654 -0.743
800.083 -0.744
800.514 -0.745
800.947 -0.746
801.383 -0.747
801.82 -0.748
802.26 -0.749
802.702 -0.75
803.147 -0.751
803.592 -0.752
804.036 -0.753
804.477 -0.754
804.916 -0.755
805.353 -0.756
805.785 -0.757
806.215 -0.758
806.64 -0.759
807.065 -0.76
807.492 -0.761
807.921 -0.762
808.352 -0.763
808.786 -0.764
809.221 -0.765
809.659 -0.766
810.099 -0.767
810.542 -0.768
810.986 -0.769
811.433 -0.77
811.882 -0.771
812.334 -0.772
812.787 -0.773
813.242 -0.774
813.7 -0.775
814.16 -0.776
814.622 -0.777
815.086 -0.778
815.553 -0.779
816.021 -0.78
816.493 -0.781
816.966 -0.782
817.442 -0.783
817.919 -0.784
818.399 -0.785
818.882 -0.786
819.367 -0.787
819.853 -0.788
820.343 -0.789
820.834 -0.79
821.328 -0.791
821.823 -0.792
822.322 -0.793
822.822 -0.794
823.325 -0.795
823.83 -0.796
824.338 -0.797
824.848 -0.798
825.36 -0.799
825.875 -0.8
826.392 -0.801
826.911 -0.802
827.432 -0.803
827.956 -0.804
828.482 -0.805
829.011 -0.806
829.542 -0.807
830.075 -0.808
830.611 -0.809
831.15 -0.81
831.69 -0.811
832.234 -0.812
832.779 -0.813
833.327 -0.814
833.878 -0.815
834.431 -0.816
834.986 -0.817
835.543 -0.818
836.103 -0.819
836.666 -0.82
837.231 -0.821
837.799 -0.822
838.369 -0.823
838.942 -0.824
839.512 -0.825
840.073 -0.826
840.626 -0.827
841.169 -0.828
841.707 -0.829
842.247 -0.83
842.789 -0.831
843.334 -0.832
843.881 -0.833
844.43 -0.834
844.982 -0.835
845.536 -0.836
846.093 -0.837
846.651 -0.838
847.213 -0.839
847.776 -0.84
848.342 -0.841
848.911 -0.842
849.481 -0.843
850.054 -0.844
850.63 -0.845
851.207 -0.846
851.787 -0.847
852.369 -0.848
852.954 -0.849
853.54 -0.85
854.129 -0.851
854.721 -0.852
855.315 -0.853
855.911 -0.854
856.51 -0.855
857.111 -0.856
857.714 -0.857
858.32 -0.858
858.928 -0.859
859.539 -0.86
860.152 -0.861
860.767 -0.862
861.385 -0.863
862.004 -0.864
862.619 -0.865
863.229 -0.866
863.837 -0.867
864.443 -0.868
865.045 -0.869
865.64 -0.87
866.219 -0.871
866.782 -0.872
867.331 -0.873
867.879 -0.874
868.428 -0.875
868.978 -0.876
869.525 -0.877
870.076 -0.878
870.633 -0.879
871.195 -0.88
871.759 -0.881
872.325 -0.882
872.887 -0.883
873.451 -0.884
874.012 -0.885
874.575 -0.886
875.135 -0.887
875.696 -0.888
876.254 -0.889
876.813 -0.89
877.37 -0.891
877.927 -0.892
878.486 -0.893
879.042 -0.894
879.6 -0.895
880.16 -0.896
880.722 -0.897
881.286 -0.898
881.853 -0.899
882.421 -0.9
882.992 -0.901
883.565 -0.902
884.14 -0.903
884.717 -0.904
885.296 -0.905
885.878 -0.906
886.461 -0.907
887.047 -0.908
887.635 -0.909
888.226 -0.91
888.818 -0.911
889.413 -0.912
890.009 -0.913
890.609 -0.914
891.21 -0.915
891.814 -0.916
892.419 -0.917
893.027 -0.918
893.637 -0.919
894.25 -0.92
894.864 -0.921
895.481 -0.922
896.1 -0.923
896.722 -0.924
897.345 -0.925
897.971 -0.926
898.599 -0.927
899.23 -0.928
899.862 -0.929
900.497 -0.93
901.134 -0.931
901.774 -0.932
902.415 -0.933
903.059 -0.934
903.705 -0.935
904.354 -0.936
905.004 -0.937
905.658 -0.938
906.313 -0.939
906.971 -0.94
907.631 -0.941
908.294 -0.942
908.959 -0.943
909.626 -0.944
910.295 -0.945
910.967 -0.946
911.642 -0.947
912.318 -0.948
912.998 -0.949
913.679 -0.95
914.363 -0.951
915.043 -0.952
915.723 -0.953
916.405 -0.954
917.082 -0.955
917.76 -0.956
918.438 -0.957
919.112 -0.958
919.789 -0.959
920.463 -0.96
921.135 -0.961
921.81 -0.962
922.479 -0.963
923.148 -0.964
923.812 -0.965
924.468 -0.966
925.122 -0.967
925.773 -0.968
926.424 -0.969
927.073 -0.97
927.72 -0.971
928.366 -0.972
929.01 -0.973
929.653 -0.974
930.299 -0.975
930.947 -0.976
931.596 -0.977
932.248 -0.978
932.902 -0.979
933.558 -0.98
934.215 -0.981
934.875 -0.982
935.537 -0.983
936.201 -0.984
936.867 -0.985
937.536 -0.986
938.206 -0.987
938.879 -0.988
939.554 -0.989
940.23 -0.99
940.91 -0.991
941.591 -0.992
942.275 -0.993
942.96 -0.994
943.648 -0.995
944.337 -0.996
945.029 -0.997
945.723 -0.998
946.418 -0.999
947.116 -1
947.817 -1.001
948.519 -1.002
949.224 -1.003
949.93 -1.004
950.639 -1.005
951.348 -1.006
952.054 -1.007
952.763 -1.008
953.473 -1.009
954.183 -1.01
954.891 -1.011
955.601 -1.012
956.314 -1.013
957.025 -1.014
957.735 -1.015
958.447 -1.016
959.162 -1.017
959.877 -1.018
960.589 -1.019
961.304 -1.02
962.021 -1.021
962.74 -1.022
963.456 -1.023
964.173 -1.024
964.893 -1.025
965.614 -1.026
966.336 -1.027
967.056 -1.028
967.777 -1.029
968.501 -1.03
969.227 -1.031
969.955 -1.032
970.685 -1.033
971.418 -1.034
972.151 -1.035
972.885 -1.036
973.621 -1.037
974.36 -1.038
975.101 -1.039
975.842 -1.04
976.585 -1.041
977.33 -1.042
978.077 -1.043
978.826 -1.044
979.576 -1.045
980.327 -1.046
981.08 -1.047
981.835 -1.048
982.593 -1.049
983.351 -1.05
984.111 -1.051
984.872 -1.052
985.636 -1.053
986.402 -1.054
987.17 -1.055
987.939 -1.056
988.709 -1.057
989.482 -1.058
990.257 -1.059
991.034 -1.06
991.813 -1.061
992.593 -1.062
993.375 -1.063
994.159 -1.064
994.946 -1.065
995.731 -1.066
996.517 -1.067
997.304 -1.068
998.094 -1.069
998.882 -1.07
999.671 -1.071
1000.46 -1.072
1001.25 -1.073
1002.05 -1.074
1002.84 -1.075
1003.63 -1.076
1004.43 -1.077
1005.22 -1.078
1006.02 -1.079
1006.81 -1.08
1007.61 -1.081
1008.4 -1.082
1009.2 -1.083
1009.99 -1.084
1010.78 -1.085
1011.57 -1.086
1012.36 -1.087
1013.14 -1.088
1013.93 -1.089
1014.72 -1.09
1015.51 -1.091
1016.3 -1.092
1017.09 -1.093
1017.88 -1.094
1018.67 -1.095
1019.46 -1.096
1020.26 -1.097
1021.05 -1.098
1021.84 -1.099
1022.64 -1.1
1023.44 -1.101
1024.24 -1.102
1025.04 -1.103
1025.84 -1.104
1026.65 -1.105
1027.45 -1.106
1028.24 -1.107
1029.01 -1.108
1029.78 -1.109
1030.53 -1.11
1031.29 -1.111
1032.04 -1.112
1032.79 -1.113
1033.54 -1.114
1034.3 -1.115
1035.06 -1.116
1035.83 -1.117
1036.6 -1.118
1037.37 -1.119
1038.15 -1.12
1038.93 -1.121
1039.72 -1.122
1040.51 -1.123
1041.3 -1.124
1042.1 -1.125
1042.9 -1.126
1043.7 -1.127
1044.51 -1.128
1045.32 -1.129
1046.12 -1.13
1046.94 -1.131
1047.74 -1.132
1048.52 -1.133
1049.3 -1.134
1050.07 -1.135
1050.84 -1.136
1051.61 -1.137
1052.38 -1.138
1053.16 -1.139
1053.94 -1.14
1054.73 -1.141
1055.53 -1.142
1056.33 -1.143
1057.14 -1.144
1057.95 -1.145
1058.77 -1.146
1059.6 -1.147
1060.43 -1.148
1061.26 -1.149
1062.09 -1.15
1062.93 -1.151
1063.77 -1.152
1064.61 -1.153
1065.45 -1.154
1066.3 -1.155
1067.16 -1.156
1068.02 -1.157
1068.89 -1.158
1069.77 -1.159
1070.69 -1.16
1071.62 -1.161
1072.55 -1.162
1073.48 -1.163
1074.42 -1.164
1075.38 -1.165
1076.34 -1.166
1077.28 -1.167
1078.23 -1.168
1079.17 -1.169
1080.13 -1.17
1081.11 -1.171
1082.08 -1.172
1083.06 -1.173
1084.03 -1.174
1084.99 -1.175
1085.96 -1.176
1086.93 -1.177
1087.88 -1.178
1088.84 -1.179
1089.8 -1.18
1090.76 -1.181
1091.72 -1.182
1092.68 -1.183
1093.63 -1.184
1094.6 -1.185
1095.57 -1.186
1096.55 -1.187
1097.57 -1.188
1098.59 -1.189
1099.61 -1.19
1100.63 -1.191
1101.65 -1.192
1102.67 -1.193
1103.71 -1.194
1104.74 -1.195
1105.77 -1.196
1106.8 -1.197
1107.82 -1.198
1108.86 -1.199
1109.9 -1.2
1110.93 -1.201
1111.96 -1.202
1112.97 -1.203
1113.99 -1.204
1115.01 -1.205
1116.03 -1.206
1117.05 -1.207
1118.08 -1.208
1119.11 -1.209
1120.14 -1.21
1121.17 -1.211
1122.2 -1.212
1123.23 -1.213
1124.26 -1.214
1125.29 -1.215
1126.32 -1.216
1127.35 -1.217
1128.38 -1.218
1129.41 -1.219
1130.44 -1.22
1131.47 -1.221
1132.49 -1.222
1133.51 -1.223
1134.54 -1.224
1135.56 -1.225
1136.58 -1.226
1137.6 -1.227
1138.62 -1.228
1139.64 -1.229
1140.66 -1.23
1141.68 -1.231
1142.71 -1.232
1143.76 -1.233
1144.8 -1.234
1145.83 -1.235
1146.86 -1.236
1147.9 -1.237
1148.92 -1.238
1149.94 -1.239
1150.95 -1.24
1151.97 -1.241
1153 -1.242
1154.02 -1.243
1155.04 -1.244
1156.06 -1.245
1157.09 -1.246
1158.11 -1.247
1159.14 -1.248
1160.16 -1.249
1161.19 -1.25
1162.22 -1.251
1163.26 -1.252
1164.29 -1.253
1165.32 -1.254
1166.36 -1.255
1167.39 -1.256
1168.43 -1.257
1169.48 -1.258
1170.52 -1.259
1171.57 -1.26
1172.62 -1.261
1173.67 -1.262
1174.73 -1.263
1175.78 -1.264
1176.84 -1.265
1177.9 -1.266
1178.96 -1.267
1180.03 -1.268
1181.09 -1.269
1182.16 -1.27
1183.23 -1.271
1184.3 -1.272
1185.37 -1.273
1186.44 -1.274
1187.52 -1.275
1188.6 -1.276
1189.68 -1.277
1190.76 -1.278
1191.84 -1.279
1192.93 -1.28
1194.01 -1.281
1195.1 -1.282
1196.18 -1.283
1197.27 -1.284
1198.36 -1.285
1199.45 -1.286
1200.54 -1.287
1201.63 -1.288
1202.72 -1.289
1203.81 -1.29
1204.9 -1.291
1205.99 -1.292
1207.09 -1.293
1208.18 -1.294
1209.28 -1.295
1210.38 -1.296
1211.49 -1.297
1212.6 -1.298
1213.7 -1.299
1214.81 -1.3
1215.92 -1.301
1217.04 -1.302
1218.15 -1.303
1219.27 -1.304
1220.39 -1.305
1221.52 -1.306
1222.64 -1.307
1223.77 -1.308
1224.9 -1.309
1226.04 -1.31
1227.17 -1.311
1228.31 -1.312
1229.46 -1.313
1230.6 -1.314
1231.75 -1.315
1232.89 -1.316
1234.04 -1.317
1235.2 -1.318
1236.35 -1.319
1237.5 -1.32
1238.65 -1.321
1239.81 -1.322
1240.95 -1.323
1242.1 -1.324
1243.25 -1.325
1244.39 -1.326
1245.54 -1.327
1246.68 -1.328
1247.82 -1.329
1248.97 -1.33
1250.12 -1.331
1251.27 -1.332
1252.42 -1.333
1253.58 -1.334
1254.73 -1.335
1255.89 -1.336
1257.06 -1.337
1258.22 -1.338
1259.38 -1.339
1260.55 -1.34
1261.72 -1.341
1262.89 -1.342
1264.06 -1.343
1265.24 -1.344
1266.42 -1.345
1267.6 -1.346
1268.78 -1.347
1269.97 -1.348
1271.16 -1.349
1272.35 -1.35
1273.54 -1.351
1274.72 -1.352
1275.91 -1.353
1277.1 -1.354
1278.3 -1.355
1279.5 -1.356
1280.69 -1.357
1281.89 -1.358
1283.09 -1.359
1284.29 -1.36
1285.49 -1.361
1286.69 -1.362
1287.9 -1.363
1289.1 -1.364
1290.31 -1.365
1291.52 -1.366
1292.73 -1.367
1293.94 -1.368
1295.15 -1.369
1296.37 -1.37
1297.57 -1.371
1298.78 -1.372
1300 -1.373
1301.21 -1.374
1302.43 -1.375
1303.64 -1.376
1304.86 -1.377
1306.07 -1.378
1307.28 -1.379
1308.5 -1.38
1309.71 -1.381
1310.93 -1.382
1312.15 -1.383
1313.37 -1.384
1314.6 -1.385
1315.82 -1.386
1317.05 -1.387
1318.28 -1.388
1319.52 -1.389
1320.75 -1.39
1321.98 -1.391
1323.2 -1.392
1324.43 -1.393
1325.65 -1.394
1326.88 -1.395
1328.11 -1.396
1329.34 -1.397
1330.58 -1.398
1331.81 -1.399
1333.05 -1.4
