8.49578 -0.001
16.9704 -0.002
25.4238 -0.003
33.8559 -0.004
42.2665 -0.005
50.6555 -0.006
59.0228 -0.007
67.3683 -0.008
75.6918 -0.009
83.9933 -0.01
92.2725 -0.011
100.529 -0.012
108.764 -0.013
116.975 -0.014
125.164 -0.015
133.33 -0.016
141.473 -0.017
149.592 -0.018
157.688 -0.019
165.76 -0.02
173.809 -0.021
181.833 -0.022
189.808 -0.023
197.031 -0.024
202.772 -0.025
208.429 -0.026
214.057 -0.027
219.669 -0.028
225.264 -0.029
230.842 -0.03
236.401 -0.031
241.94 -0.032
247.463 -0.033
252.966 -0.034
258.351 -0.035
263.363 -0.036
267.727 -0.037
271.202 -0.038
274.582 -0.039
277.965 -0.04
281.337 -0.041
284.698 -0.042
288.046 -0.043
291.382 -0.044
294.703 -0.045
298.003 -0.046
301.283 -0.047
304.537 -0.048
307.726 -0.049
310.757 -0.05
313.663 -0.051
316.319 -0.052
318.775 -0.053
320.871 -0.054
322.73 -0.055
324.538 -0.056
326.308 -0.057
328.002 -0.058
329.616 -0.059
331.164 -0.06
332.606 -0.061
333.911 -0.062
335.177 -0.063
336.316 -0.064
337.293 -0.065
338.126 -0.066
338.825 -0.067
339.501 -0.068
340.152 -0.069
340.78 -0.07
341.383 -0.071
341.965 -0.072
342.525 -0.073
343.065 -0.074
343.586 -0.075
344.092 -0.076
344.581 -0.077
345.056 -0.078
345.517 -0.079
345.968 -0.08
346.408 -0.081
346.837 -0.082
347.254 -0.083
347.663 -0.084
348.061 -0.085
348.452 -0.086
348.832 -0.087
349.195 -0.088
349.548 -0.089
349.883 -0.09
350.206 -0.091
350.515 -0.092
350.803 -0.093
351.083 -0.094
351.354 -0.095
351.618 -0.096
351.874 -0.097
352.124 -0.098
352.359 -0.099
352.585 -0.1
352.793 -0.101
352.993 -0.102
353.177 -0.103
353.35 -0.104
353.509 -0.105
353.661 -0.106
353.808 -0.107
353.946 -0.108
354.078 -0.109
354.204 -0.11
354.321 -0.111
354.431 -0.112
354.534 -0.113
354.631 -0.114
354.719 -0.115
354.802 -0.116
354.878 -0.117
354.949 -0.118
355.014 -0.119
355.073 -0.12
355.126 -0.121
355.174 -0.122
355.217 -0.123
355.255 -0.124
355.288 -0.125
355.317 -0.126
355.34 -0.127
355.357 -0.128
355.369 -0.129
355.377 -0.13
355.377 -0.131
355.373 -0.132
355.364 -0.133
355.349 -0.134
355.329 -0.135
355.305 -0.136
355.274 -0.137
355.239 -0.138
355.2 -0.139
355.157 -0.14
355.109 -0.141
355.058 -0.142
355.003 -0.143
354.944 -0.144
354.879 -0.145
354.812 -0.146
354.741 -0.147
354.665 -0.148
354.585 -0.149
354.5 -0.15
354.411 -0.151
354.319 -0.152
354.225 -0.153
354.129 -0.154
354.029 -0.155
353.925 -0.156
353.818 -0.157
353.706 -0.158
353.594 -0.159
353.481 -0.16
353.366 -0.161
353.248 -0.162
353.127 -0.163
353.005 -0.164
352.882 -0.165
352.756 -0.166
352.629 -0.167
352.501 -0.168
352.371 -0.169
352.239 -0.17
352.104 -0.171
351.967 -0.172
351.828 -0.173
351.69 -0.174
351.55 -0.175
351.409 -0.176
351.266 -0.177
351.121 -0.178
350.975 -0.179
350.829 -0.18
350.683 -0.181
350.536 -0.182
350.388 -0.183
350.239 -0.184
350.088 -0.185
349.937 -0.186
349.784 -0.187
349.633 -0.188
349.48 -0.189
349.326 -0.19
349.171 -0.191
349.015 -0.192
348.858 -0.193
348.7 -0.194
348.54 -0.195
348.38 -0.196
348.218 -0.197
348.055 -0.198
347.891 -0.199
347.726 -0.2
347.561 -0.201
347.393 -0.202
347.225 -0.203
347.056 -0.204
346.885 -0.205
346.714 -0.206
346.541 -0.207
346.368 -0.208
346.193 -0.209
346.017 -0.21
345.841 -0.211
345.663 -0.212
345.484 -0.213
345.304 -0.214
345.123 -0.215
344.94 -0.216
344.757 -0.217
344.573 -0.218
344.388 -0.219
344.201 -0.22
344.014 -0.221
343.826 -0.222
343.637 -0.223
343.448 -0.224
343.26 -0.225
343.071 -0.226
342.881 -0.227
342.69 -0.228
342.499 -0.229
342.308 -0.23
342.116 -0.231
341.924 -0.232
341.732 -0.233
341.541 -0.234
341.349 -0.235
341.158 -0.236
340.965 -0.237
340.773 -0.238
340.58 -0.239
340.388 -0.24
340.195 -0.241
340.002 -0.242
339.81 -0.243
339.619 -0.244
339.428 -0.245
339.237 -0.246
339.046 -0.247
338.855 -0.248
338.664 -0.249
338.476 -0.25
338.29 -0.251
338.105 -0.252
337.922 -0.253
337.742 -0.254
337.563 -0.255
337.385 -0.256
337.209 -0.257
337.035 -0.258
336.862 -0.259
336.69 -0.26
336.519 -0.261
336.348 -0.262
336.177 -0.263
336.006 -0.264
335.836 -0.265
335.666 -0.266
335.497 -0.267
335.329 -0.268
335.16 -0.269
334.992 -0.27
334.825 -0.271
334.657 -0.272
334.49 -0.273
334.324 -0.274
334.158 -0.275
333.992 -0.276
333.826 -0.277
333.661 -0.278
333.497 -0.279
333.333 -0.28
333.17 -0.281
333.007 -0.282
332.845 -0.283
332.682 -0.284
332.521 -0.285
332.36 -0.286
332.198 -0.287
332.036 -0.288
331.875 -0.289
331.713 -0.29
331.549 -0.291
331.385 -0.292
331.218 -0.293
331.052 -0.294
330.883 -0.295
330.712 -0.296
330.536 -0.297
330.357 -0.298
330.172 -0.299
329.98 -0.3
329.795 -0.301
329.611 -0.302
329.45 -0.303
329.311 -0.304
329.187 -0.305
329.078 -0.306
328.98 -0.307
328.88 -0.308
328.77 -0.309
328.654 -0.31
328.537 -0.311
328.42 -0.312
328.305 -0.313
328.19 -0.314
328.075 -0.315
327.961 -0.316
327.846 -0.317
327.732 -0.318
327.618 -0.319
327.503 -0.32
327.387 -0.321
327.27 -0.322
327.15 -0.323
327.028 -0.324
326.902 -0.325
326.769 -0.326
326.628 -0.327
326.484 -0.328
326.339 -0.329
326.193 -0.33
326.057 -0.331
325.935 -0.332
325.841 -0.333
325.764 -0.334
325.684 -0.335
325.599 -0.336
325.512 -0.337
325.426 -0.338
325.342 -0.339
325.26 -0.34
325.179 -0.341
325.099 -0.342
325.02 -0.343
324.942 -0.344
324.866 -0.345
324.79 -0.346
324.716 -0.347
324.643 -0.348
324.572 -0.349
324.501 -0.35
324.432 -0.351
324.364 -0.352
324.297 -0.353
324.231 -0.354
324.167 -0.355
324.103 -0.356
324.041 -0.357
323.98 -0.358
323.92 -0.359
323.861 -0.36
323.803 -0.361
323.747 -0.362
323.691 -0.363
323.636 -0.364
323.584 -0.365
323.536 -0.366
323.492 -0.367
323.451 -0.368
323.411 -0.369
323.373 -0.37
323.335 -0.371
323.298 -0.372
323.263 -0.373
323.23 -0.374
323.198 -0.375
323.168 -0.376
323.136 -0.377
323.106 -0.378
323.076 -0.379
323.048 -0.38
323.018 -0.381
322.988 -0.382
322.959 -0.383
322.93 -0.384
322.903 -0.385
322.875 -0.386
322.848 -0.387
322.822 -0.388
322.797 -0.389
322.773 -0.39
322.75 -0.391
322.729 -0.392
322.709 -0.393
322.691 -0.394
322.673 -0.395
322.657 -0.396
322.642 -0.397
322.628 -0.398
322.615 -0.399
322.603 -0.4
322.593 -0.401
322.583 -0.402
322.574 -0.403
322.567 -0.404
322.56 -0.405
322.554 -0.406
322.548 -0.407
322.545 -0.408
322.545 -0.409
322.548 -0.41
322.551 -0.411
322.555 -0.412
322.558 -0.413
322.56 -0.414
322.556 -0.415
322.545 -0.416
322.526 -0.417
322.501 -0.418
322.476 -0.419
322.451 -0.42
322.422 -0.421
322.386 -0.422
322.347 -0.423
322.307 -0.424
322.269 -0.425
322.233 -0.426
322.198 -0.427
322.164 -0.428
322.132 -0.429
322.102 -0.43
322.074 -0.431
322.047 -0.432
322.022 -0.433
321.999 -0.434
321.978 -0.435
321.96 -0.436
321.949 -0.437
321.95 -0.438
321.956 -0.439
321.963 -0.44
321.973 -0.441
321.992 -0.442
322.021 -0.443
322.053 -0.444
322.099 -0.445
322.165 -0.446
322.247 -0.447
322.338 -0.448
322.437 -0.449
322.54 -0.45
322.645 -0.451
322.752 -0.452
322.86 -0.453
322.97 -0.454
323.082 -0.455
323.195 -0.456
323.311 -0.457
323.429 -0.458
323.549 -0.459
323.671 -0.46
323.795 -0.461
323.92 -0.462
324.046 -0.463
324.173 -0.464
324.301 -0.465
324.431 -0.466
324.563 -0.467
324.696 -0.468
324.831 -0.469
324.968 -0.47
325.107 -0.471
325.247 -0.472
325.389 -0.473
325.532 -0.474
325.678 -0.475
325.822 -0.476
325.955 -0.477
326.08 -0.478
326.205 -0.479
326.324 -0.48
326.441 -0.481
326.56 -0.482
326.682 -0.483
326.806 -0.484
326.933 -0.485
327.063 -0.486
327.195 -0.487
327.328 -0.488
327.464 -0.489
327.602 -0.49
327.741 -0.491
327.883 -0.492
328.027 -0.493
328.173 -0.494
328.322 -0.495
328.472 -0.496
328.625 -0.497
328.78 -0.498
328.937 -0.499
329.097 -0.5
329.259 -0.501
329.423 -0.502
329.589 -0.503
329.758 -0.504
329.929 -0.505
330.102 -0.506
330.276 -0.507
330.451 -0.508
330.626 -0.509
330.803 -0.51
330.981 -0.511
331.159 -0.512
331.339 -0.513
331.519 -0.514
331.701 -0.515
331.884 -0.516
332.068 -0.517
332.254 -0.518
332.44 -0.519
332.628 -0.52
332.818 -0.521
333.009 -0.522
333.203 -0.523
333.4 -0.524
333.598 -0.525
333.798 -0.526
334.001 -0.527
334.206 -0.528
334.412 -0.529
334.621 -0.53
334.832 -0.531
335.045 -0.532
335.26 -0.533
335.477 -0.534
335.697 -0.535
335.918 -0.536
336.141 -0.537
336.367 -0.538
336.594 -0.539
336.823 -0.54
337.05 -0.541
337.279 -0.542
337.509 -0.543
337.736 -0.544
337.965 -0.545
338.193 -0.546
338.419 -0.547
338.643 -0.548
338.866 -0.549
339.086 -0.55
339.301 -0.551
339.513 -0.552
339.726 -0.553
339.956 -0.554
340.196 -0.555
340.457 -0.556
340.72 -0.557
340.979 -0.558
341.236 -0.559
341.492 -0.56
341.746 -0.561
342.002 -0.562
342.262 -0.563
342.525 -0.564
342.79 -0.565
343.058 -0.566
343.327 -0.567
343.597 -0.568
343.869 -0.569
344.144 -0.57
344.424 -0.571
344.705 -0.572
344.988 -0.573
345.273 -0.574
345.561 -0.575
345.85 -0.576
346.14 -0.577
346.433 -0.578
346.728 -0.579
347.026 -0.58
347.327 -0.581
347.628 -0.582
347.931 -0.583
348.237 -0.584
348.545 -0.585
348.856 -0.586
349.17 -0.587
349.485 -0.588
349.801 -0.589
350.12 -0.59
350.441 -0.591
350.766 -0.592
351.092 -0.593
351.421 -0.594
351.753 -0.595
352.088 -0.596
352.421 -0.597
352.757 -0.598
353.095 -0.599
353.435 -0.6
353.775 -0.601
354.117 -0.602
354.461 -0.603
354.808 -0.604
355.156 -0.605
355.504 -0.606
355.855 -0.607
356.209 -0.608
356.565 -0.609
356.921 -0.61
357.279 -0.611
357.64 -0.612
358.003 -0.613
358.368 -0.614
358.733 -0.615
359.1 -0.616
359.47 -0.617
359.843 -0.618
360.218 -0.619
360.592 -0.62
360.969 -0.621
361.349 -0.622
361.731 -0.623
362.114 -0.624
362.5 -0.625
362.888 -0.626
363.279 -0.627
363.672 -0.628
364.067 -0.629
364.464 -0.63
364.864 -0.631
365.266 -0.632
365.671 -0.633
366.077 -0.634
366.486 -0.635
366.897 -0.636
367.312 -0.637
367.728 -0.638
368.146 -0.639
368.567 -0.64
368.99 -0.641
369.416 -0.642
369.845 -0.643
370.276 -0.644
370.709 -0.645
371.144 -0.646
371.582 -0.647
372.023 -0.648
372.466 -0.649
372.912 -0.65
373.359 -0.651
373.807 -0.652
374.257 -0.653
374.709 -0.654
375.163 -0.655
375.618 -0.656
376.074 -0.657
376.531 -0.658
376.986 -0.659
377.441 -0.66
377.897 -0.661
378.355 -0.662
378.815 -0.663
379.276 -0.664
379.737 -0.665
380.2 -0.666
380.666 -0.667
381.134 -0.668
381.604 -0.669
382.073 -0.67
382.543 -0.671
383.014 -0.672
383.487 -0.673
383.961 -0.674
384.435 -0.675
384.91 -0.676
385.396 -0.677
385.889 -0.678
386.388 -0.679
386.891 -0.68
387.401 -0.681
387.915 -0.682
388.432 -0.683
388.952 -0.684
389.475 -0.685
390.001 -0.686
390.53 -0.687
391.061 -0.688
391.596 -0.689
392.133 -0.69
392.681 -0.691
393.235 -0.692
393.794 -0.693
394.358 -0.694
394.927 -0.695
395.501 -0.696
396.08 -0.697
396.663 -0.698
397.249 -0.699
397.839 -0.7
398.433 -0.701
399.026 -0.702
399.617 -0.703
400.21 -0.704
400.805 -0.705
401.404 -0.706
402.005 -0.707
402.61 -0.708
403.217 -0.709
403.828 -0.71
404.44 -0.711
405.055 -0.712
405.673 -0.713
406.295 -0.714
406.919 -0.715
407.543 -0.716
408.165 -0.717
408.787 -0.718
409.41 -0.719
410.037 -0.72
410.667 -0.721
411.3 -0.722
411.937 -0.723
412.577 -0.724
413.219 -0.725
413.865 -0.726
414.512 -0.727
415.16 -0.728
415.811 -0.729
416.466 -0.73
417.124 -0.731
417.785 -0.732
418.449 -0.733
419.116 -0.734
419.787 -0.735
420.461 -0.736
421.137 -0.737
421.816 -0.738
422.498 -0.739
423.184 -0.74
423.873 -0.741
424.563 -0.742
425.256 -0.743
425.952 -0.744
426.652 -0.745
427.355 -0.746
428.059 -0.747
428.766 -0.748
429.475 -0.749
430.186 -0.75
430.901 -0.751
431.617 -0.752
432.337 -0.753
433.06 -0.754
433.785 -0.755
434.513 -0.756
435.244 -0.757
435.978 -0.758
436.715 -0.759
437.454 -0.76
438.196 -0.761
438.94 -0.762
439.686 -0.763
440.435 -0.764
441.187 -0.765
441.942 -0.766
442.7 -0.767
443.46 -0.768
444.222 -0.769
444.987 -0.77
445.754 -0.771
446.524 -0.772
447.297 -0.773
448.072 -0.774
448.85 -0.775
449.63 -0.776
450.413 -0.777
451.199 -0.778
451.989 -0.779
452.782 -0.78
453.577 -0.781
454.377 -0.782
455.179 -0.783
455.985 -0.784
456.794 -0.785
457.605 -0.786
458.42 -0.787
459.237 -0.788
460.057 -0.789
460.88 -0.79
461.706 -0.791
462.533 -0.792
463.361 -0.793
464.19 -0.794
465.022 -0.795
465.856 -0.796
466.693 -0.797
467.531 -0.798
468.371 -0.799
469.211 -0.8
470.053 -0.801
470.897 -0.802
471.741 -0.803
472.587 -0.804
473.436 -0.805
474.284 -0.806
475.135 -0.807
475.989 -0.808
476.845 -0.809
477.703 -0.81
478.562 -0.811
479.42 -0.812
480.28 -0.813
481.14 -0.814
482.004 -0.815
482.871 -0.816
483.74 -0.817
484.611 -0.818
485.486 -0.819
486.363 -0.82
487.242 -0.821
488.124 -0.822
489.008 -0.823
489.894 -0.824
490.779 -0.825
491.667 -0.826
492.556 -0.827
493.449 -0.828
494.345 -0.829
495.24 -0.83
496.131 -0.831
496.995 -0.832
497.858 -0.833
498.722 -0.834
499.588 -0.835
500.458 -0.836
501.331 -0.837
502.204 -0.838
503.08 -0.839
503.96 -0.84
504.842 -0.841
505.723 -0.842
506.606 -0.843
507.492 -0.844
508.381 -0.845
509.265 -0.846
510.151 -0.847
511.041 -0.848
511.934 -0.849
512.831 -0.85
513.731 -0.851
514.63 -0.852
515.532 -0.853
516.438 -0.854
517.347 -0.855
518.25 -0.856
519.154 -0.857
520.06 -0.858
520.964 -0.859
521.868 -0.86
522.773 -0.861
523.676 -0.862
524.579 -0.863
525.485 -0.864
526.395 -0.865
527.307 -0.866
528.224 -0.867
529.143 -0.868
530.066 -0.869
530.993 -0.87
531.921 -0.871
532.845 -0.872
533.77 -0.873
534.696 -0.874
535.623 -0.875
536.555 -0.876
537.488 -0.877
538.42 -0.878
539.349 -0.879
540.279 -0.88
541.213 -0.881
542.147 -0.882
543.084 -0.883
544.025 -0.884
544.969 -0.885
545.916 -0.886
546.867 -0.887
547.82 -0.888
548.776 -0.889
549.732 -0.89
550.692 -0.891
551.652 -0.892
552.613 -0.893
553.577 -0.894
554.544 -0.895
555.514 -0.896
556.488 -0.897
557.465 -0.898
558.446 -0.899
559.429 -0.9
