11.4485 -0.001
22.8789 -0.002
34.2912 -0.003
45.685 -0.004
57.0603 -0.005
68.4168 -0.006
79.7543 -0.007
91.0727 -0.008
102.372 -0.009
113.651 -0.01
124.911 -0.011
136.15 -0.012
147.37 -0.013
158.569 -0.014
169.747 -0.015
180.904 -0.016
192.04 -0.017
203.154 -0.018
214.247 -0.019
225.318 -0.02
236.366 -0.021
247.392 -0.022
258.395 -0.023
269.375 -0.024
280.331 -0.025
291.264 -0.026
302.172 -0.027
313.056 -0.028
323.916 -0.029
334.75 -0.03
345.558 -0.031
356.341 -0.032
367.098 -0.033
377.692 -0.034
387.513 -0.035
395.942 -0.036
403.486 -0.037
411.005 -0.038
418.462 -0.039
425.875 -0.04
433.251 -0.041
440.627 -0.042
447.989 -0.043
455.328 -0.044
462.568 -0.045
469.429 -0.046
475.805 -0.047
481.536 -0.048
486.098 -0.049
490.128 -0.05
494.109 -0.051
498.032 -0.052
501.919 -0.053
505.787 -0.054
509.635 -0.055
513.426 -0.056
517.156 -0.057
520.749 -0.058
524.263 -0.059
527.706 -0.06
530.875 -0.061
533.982 -0.062
536.994 -0.063
539.574 -0.064
541.946 -0.065
543.82 -0.066
545.661 -0.067
547.383 -0.068
548.812 -0.069
550.215 -0.07
551.577 -0.071
552.565 -0.072
553.533 -0.073
554.222 -0.074
554.774 -0.075
555.313 -0.076
555.831 -0.077
556.309 -0.078
556.768 -0.079
557.2 -0.08
557.623 -0.081
558.037 -0.082
558.445 -0.083
558.844 -0.084
559.234 -0.085
559.617 -0.086
559.99 -0.087
560.35 -0.088
560.699 -0.089
561.038 -0.09
561.372 -0.091
561.698 -0.092
562.002 -0.093
562.282 -0.094
562.556 -0.095
562.828 -0.096
563.097 -0.097
563.365 -0.098
563.632 -0.099
563.88 -0.1
564.095 -0.101
564.3 -0.102
564.5 -0.103
564.694 -0.104
564.887 -0.105
565.08 -0.106
565.272 -0.107
565.463 -0.108
565.654 -0.109
565.844 -0.11
566.033 -0.111
566.221 -0.112
566.409 -0.113
566.592 -0.114
566.759 -0.115
566.909 -0.116
567.055 -0.117
567.199 -0.118
567.343 -0.119
567.485 -0.12
567.627 -0.121
567.766 -0.122
567.905 -0.123
568.043 -0.124
568.179 -0.125
568.314 -0.126
568.448 -0.127
568.581 -0.128
568.71 -0.129
568.836 -0.13
568.961 -0.131
569.085 -0.132
569.207 -0.133
569.329 -0.134
569.45 -0.135
569.571 -0.136
569.69 -0.137
569.809 -0.138
569.925 -0.139
570.041 -0.14
570.156 -0.141
570.271 -0.142
570.384 -0.143
570.495 -0.144
570.607 -0.145
570.717 -0.146
570.828 -0.147
570.936 -0.148
571.045 -0.149
571.152 -0.15
571.26 -0.151
571.367 -0.152
571.472 -0.153
571.575 -0.154
571.676 -0.155
571.774 -0.156
571.871 -0.157
571.963 -0.158
572.054 -0.159
572.145 -0.16
572.235 -0.161
572.324 -0.162
572.413 -0.163
572.5 -0.164
572.587 -0.165
572.673 -0.166
572.758 -0.167
572.843 -0.168
572.927 -0.169
573.012 -0.17
573.095 -0.171
573.178 -0.172
573.261 -0.173
573.342 -0.174
573.424 -0.175
573.504 -0.176
573.583 -0.177
573.662 -0.178
573.74 -0.179
573.818 -0.18
573.895 -0.181
573.971 -0.182
574.047 -0.183
574.122 -0.184
574.196 -0.185
574.27 -0.186
574.344 -0.187
574.417 -0.188
574.49 -0.189
574.562 -0.19
574.635 -0.191
574.707 -0.192
574.779 -0.193
574.85 -0.194
574.921 -0.195
574.991 -0.196
575.061 -0.197
575.13 -0.198
575.2 -0.199
575.269 -0.2
575.338 -0.201
575.407 -0.202
575.475 -0.203
575.544 -0.204
575.612 -0.205
575.68 -0.206
575.748 -0.207
575.815 -0.208
575.882 -0.209
575.949 -0.21
576.016 -0.211
576.082 -0.212
576.149 -0.213
576.215 -0.214
576.281 -0.215
576.347 -0.216
576.412 -0.217
576.478 -0.218
576.543 -0.219
576.608 -0.22
576.672 -0.221
576.736 -0.222
576.8 -0.223
576.864 -0.224
576.928 -0.225
576.991 -0.226
577.055 -0.227
577.118 -0.228
577.181 -0.229
577.244 -0.23
577.306 -0.231
577.369 -0.232
577.431 -0.233
577.493 -0.234
577.555 -0.235
577.616 -0.236
577.678 -0.237
577.739 -0.238
577.8 -0.239
577.861 -0.24
577.922 -0.241
577.983 -0.242
578.043 -0.243
578.103 -0.244
578.163 -0.245
578.223 -0.246
578.282 -0.247
578.341 -0.248
578.4 -0.249
578.459 -0.25
578.518 -0.251
578.576 -0.252
578.634 -0.253
578.692 -0.254
578.75 -0.255
578.807 -0.256
578.864 -0.257
578.921 -0.258
578.978 -0.259
579.034 -0.26
579.09 -0.261
579.146 -0.262
579.201 -0.263
579.256 -0.264
579.311 -0.265
579.365 -0.266
579.419 -0.267
579.472 -0.268
579.525 -0.269
579.578 -0.27
579.63 -0.271
579.681 -0.272
579.733 -0.273
579.783 -0.274
579.834 -0.275
579.884 -0.276
579.934 -0.277
579.983 -0.278
580.032 -0.279
580.08 -0.28
580.128 -0.281
580.176 -0.282
580.223 -0.283
580.27 -0.284
580.317 -0.285
580.363 -0.286
580.408 -0.287
580.453 -0.288
580.498 -0.289
580.542 -0.29
580.586 -0.291
580.629 -0.292
580.671 -0.293
580.712 -0.294
580.752 -0.295
580.791 -0.296
580.829 -0.297
580.866 -0.298
580.9 -0.299
580.933 -0.3
580.963 -0.301
580.989 -0.302
581.01 -0.303
581.025 -0.304
581.032 -0.305
581.031 -0.306
581.021 -0.307
581.004 -0.308
580.979 -0.309
580.948 -0.31
580.911 -0.311
580.87 -0.312
580.84 -0.313
580.817 -0.314
580.807 -0.315
580.811 -0.316
580.822 -0.317
580.842 -0.318
580.87 -0.319
580.902 -0.32
580.942 -0.321
580.985 -0.322
581.03 -0.323
581.076 -0.324
581.121 -0.325
581.166 -0.326
581.212 -0.327
581.257 -0.328
581.303 -0.329
581.347 -0.33
581.386 -0.331
581.423 -0.332
581.456 -0.333
581.487 -0.334
581.517 -0.335
581.547 -0.336
581.577 -0.337
581.606 -0.338
581.635 -0.339
581.663 -0.34
581.69 -0.341
581.717 -0.342
581.743 -0.343
581.768 -0.344
581.792 -0.345
581.815 -0.346
581.837 -0.347
581.859 -0.348
581.88 -0.349
581.899 -0.35
581.917 -0.351
581.935 -0.352
581.953 -0.353
581.969 -0.354
581.987 -0.355
582.008 -0.356
582.031 -0.357
582.055 -0.358
582.083 -0.359
582.113 -0.36
582.146 -0.361
582.179 -0.362
582.213 -0.363
582.246 -0.364
582.28 -0.365
582.313 -0.366
582.347 -0.367
582.382 -0.368
582.417 -0.369
582.452 -0.37
582.488 -0.371
582.525 -0.372
582.561 -0.373
582.598 -0.374
582.636 -0.375
582.674 -0.376
582.712 -0.377
582.751 -0.378
582.79 -0.379
582.829 -0.38
582.868 -0.381
582.906 -0.382
582.945 -0.383
582.984 -0.384
583.023 -0.385
583.061 -0.386
583.1 -0.387
583.138 -0.388
583.176 -0.389
583.214 -0.39
583.252 -0.391
583.29 -0.392
583.327 -0.393
583.365 -0.394
583.402 -0.395
583.439 -0.396
583.476 -0.397
583.513 -0.398
583.55 -0.399
583.586 -0.4
583.622 -0.401
583.658 -0.402
583.694 -0.403
583.729 -0.404
583.765 -0.405
583.799 -0.406
583.834 -0.407
583.869 -0.408
583.907 -0.409
583.948 -0.41
583.993 -0.411
584.039 -0.412
584.086 -0.413
584.132 -0.414
584.178 -0.415
584.224 -0.416
584.27 -0.417
584.315 -0.418
584.359 -0.419
584.403 -0.42
584.446 -0.421
584.488 -0.422
584.529 -0.423
584.569 -0.424
584.608 -0.425
584.647 -0.426
584.687 -0.427
584.728 -0.428
584.77 -0.429
584.811 -0.43
584.85 -0.431
584.888 -0.432
584.923 -0.433
584.956 -0.434
584.988 -0.435
585.016 -0.436
585.042 -0.437
585.065 -0.438
585.084 -0.439
585.109 -0.44
585.133 -0.441
585.165 -0.442
585.2 -0.443
585.234 -0.444
585.274 -0.445
585.315 -0.446
585.36 -0.447
585.41 -0.448
585.463 -0.449
585.522 -0.45
585.583 -0.451
585.646 -0.452
585.707 -0.453
585.765 -0.454
585.82 -0.455
585.873 -0.456
585.925 -0.457
585.977 -0.458
586.029 -0.459
586.081 -0.46
586.133 -0.461
586.185 -0.462
586.238 -0.463
586.29 -0.464
586.342 -0.465
586.395 -0.466
586.447 -0.467
586.499 -0.468
586.552 -0.469
586.604 -0.47
586.657 -0.471
586.71 -0.472
586.762 -0.473
586.815 -0.474
586.868 -0.475
586.92 -0.476
586.973 -0.477
587.026 -0.478
587.079 -0.479
587.132 -0.48
587.185 -0.481
587.238 -0.482
587.291 -0.483
587.344 -0.484
587.397 -0.485
587.451 -0.486
587.504 -0.487
587.557 -0.488
587.61 -0.489
587.664 -0.49
587.719 -0.491
587.776 -0.492
587.835 -0.493
587.895 -0.494
587.956 -0.495
588.017 -0.496
588.078 -0.497
588.14 -0.498
588.201 -0.499
588.262 -0.5
588.324 -0.501
588.385 -0.502
588.447 -0.503
588.509 -0.504
588.571 -0.505
588.632 -0.506
588.694 -0.507
588.756 -0.508
588.819 -0.509
588.881 -0.51
588.943 -0.511
589.005 -0.512
589.067 -0.513
589.128 -0.514
589.19 -0.515
589.252 -0.516
589.314 -0.517
589.376 -0.518
589.439 -0.519
589.501 -0.52
589.563 -0.521
589.624 -0.522
589.685 -0.523
589.744 -0.524
589.804 -0.525
589.864 -0.526
589.925 -0.527
589.939 -0.528
589.974 -0.529
590.007 -0.53
590.04 -0.531
590.072 -0.532
590.1 -0.533
590.131 -0.534
590.161 -0.535
590.187 -0.536
590.212 -0.537
590.236 -0.538
590.056 -0.539
590.059 -0.54
590.063 -0.541
590.067 -0.542
590.071 -0.543
590.075 -0.544
590.08 -0.545
590.085 -0.546
590.089 -0.547
590.093 -0.548
590.097 -0.549
590.101 -0.55
590.105 -0.551
590.123 -0.552
590.154 -0.553
590.197 -0.554
590.246 -0.555
590.306 -0.556
590.37 -0.557
590.441 -0.558
590.541 -0.559
590.649 -0.56
590.771 -0.561
590.9 -0.562
591.035 -0.563
591.178 -0.564
591.314 -0.565
591.431 -0.566
591.544 -0.567
591.658 -0.568
591.773 -0.569
591.887 -0.57
592.002 -0.571
592.114 -0.572
592.208 -0.573
592.28 -0.574
592.35 -0.575
592.42 -0.576
592.489 -0.577
592.557 -0.578
592.623 -0.579
592.686 -0.58
592.748 -0.581
592.807 -0.582
592.863 -0.583
592.918 -0.584
592.969 -0.585
593.019 -0.586
593.067 -0.587
593.114 -0.588
593.16 -0.589
593.205 -0.59
593.25 -0.591
593.295 -0.592
593.34 -0.593
593.385 -0.594
593.431 -0.595
593.477 -0.596
593.523 -0.597
593.569 -0.598
593.616 -0.599
593.663 -0.6
593.71 -0.601
593.757 -0.602
593.804 -0.603
593.852 -0.604
593.9 -0.605
593.948 -0.606
593.997 -0.607
594.045 -0.608
594.094 -0.609
594.143 -0.61
594.193 -0.611
594.242 -0.612
594.292 -0.613
594.342 -0.614
594.392 -0.615
594.443 -0.616
594.496 -0.617
594.552 -0.618
594.611 -0.619
594.673 -0.62
594.738 -0.621
594.803 -0.622
594.869 -0.623
594.935 -0.624
595.002 -0.625
595.068 -0.626
595.134 -0.627
595.201 -0.628
595.267 -0.629
595.334 -0.63
595.401 -0.631
595.468 -0.632
595.534 -0.633
595.601 -0.634
595.666 -0.635
595.731 -0.636
595.795 -0.637
595.859 -0.638
595.924 -0.639
595.988 -0.64
596.053 -0.641
596.118 -0.642
596.182 -0.643
596.247 -0.644
596.312 -0.645
596.376 -0.646
596.443 -0.647
596.513 -0.648
596.585 -0.649
596.657 -0.65
596.735 -0.651
596.814 -0.652
596.894 -0.653
596.972 -0.654
597.04 -0.655
597.085 -0.656
597.093 -0.657
597.156 -0.658
597.328 -0.659
597.452 -0.66
597.556 -0.661
597.661 -0.662
597.766 -0.663
597.871 -0.664
597.976 -0.665
598.082 -0.666
598.188 -0.667
598.294 -0.668
598.401 -0.669
598.507 -0.67
598.614 -0.671
598.721 -0.672
598.828 -0.673
598.936 -0.674
599.043 -0.675
599.151 -0.676
599.259 -0.677
599.367 -0.678
599.476 -0.679
599.584 -0.68
599.693 -0.681
599.802 -0.682
599.911 -0.683
600.021 -0.684
600.13 -0.685
600.24 -0.686
600.35 -0.687
600.46 -0.688
600.57 -0.689
600.681 -0.69
600.792 -0.691
600.903 -0.692
601.014 -0.693
601.125 -0.694
601.237 -0.695
601.349 -0.696
601.461 -0.697
601.573 -0.698
601.685 -0.699
601.798 -0.7
601.911 -0.701
602.024 -0.702
602.137 -0.703
602.251 -0.704
602.365 -0.705
602.479 -0.706
602.595 -0.707
602.711 -0.708
602.827 -0.709
602.945 -0.71
603.062 -0.711
603.179 -0.712
603.297 -0.713
603.415 -0.714
603.533 -0.715
603.651 -0.716
603.769 -0.717
603.884 -0.718
603.996 -0.719
604.108 -0.72
604.221 -0.721
604.331 -0.722
604.437 -0.723
604.544 -0.724
604.65 -0.725
604.757 -0.726
604.864 -0.727
604.972 -0.728
605.079 -0.729
605.187 -0.73
605.295 -0.731
605.404 -0.732
605.512 -0.733
605.621 -0.734
605.73 -0.735
605.839 -0.736
605.949 -0.737
606.059 -0.738
606.169 -0.739
606.279 -0.74
606.389 -0.741
606.5 -0.742
606.611 -0.743
606.723 -0.744
606.835 -0.745
606.948 -0.746
607.06 -0.747
607.174 -0.748
607.287 -0.749
607.401 -0.75
607.516 -0.751
607.63 -0.752
607.745 -0.753
607.86 -0.754
607.976 -0.755
608.091 -0.756
608.207 -0.757
608.323 -0.758
608.439 -0.759
608.556 -0.76
608.672 -0.761
608.789 -0.762
608.906 -0.763
609.024 -0.764
609.141 -0.765
609.259 -0.766
609.377 -0.767
609.496 -0.768
609.615 -0.769
609.734 -0.77
609.853 -0.771
609.972 -0.772
610.092 -0.773
610.212 -0.774
610.332 -0.775
610.452 -0.776
610.572 -0.777
610.693 -0.778
610.814 -0.779
610.936 -0.78
611.057 -0.781
611.179 -0.782
611.301 -0.783
611.423 -0.784
611.546 -0.785
611.669 -0.786
611.792 -0.787
611.915 -0.788
612.039 -0.789
612.163 -0.79
612.287 -0.791
612.411 -0.792
612.535 -0.793
612.66 -0.794
612.785 -0.795
612.91 -0.796
613.036 -0.797
613.162 -0.798
613.288 -0.799
613.414 -0.8
613.541 -0.801
613.667 -0.802
613.794 -0.803
613.922 -0.804
614.049 -0.805
614.177 -0.806
614.305 -0.807
614.434 -0.808
614.563 -0.809
614.691 -0.81
614.82 -0.811
614.949 -0.812
615.079 -0.813
615.209 -0.814
615.339 -0.815
615.469 -0.816
615.599 -0.817
615.73 -0.818
615.861 -0.819
615.992 -0.82
616.124 -0.821
616.256 -0.822
616.388 -0.823
616.52 -0.824
616.652 -0.825
616.785 -0.826
616.919 -0.827
617.053 -0.828
617.187 -0.829
617.321 -0.83
617.456 -0.831
617.592 -0.832
617.727 -0.833
617.863 -0.834
617.999 -0.835
618.136 -0.836
618.273 -0.837
618.41 -0.838
618.548 -0.839
618.686 -0.84
618.824 -0.841
618.963 -0.842
619.102 -0.843
619.241 -0.844
619.381 -0.845
619.521 -0.846
619.661 -0.847
619.802 -0.848
619.943 -0.849
620.084 -0.85
620.225 -0.851
620.367 -0.852
620.508 -0.853
620.65 -0.854
620.792 -0.855
620.935 -0.856
621.077 -0.857
621.22 -0.858
621.362 -0.859
621.505 -0.86
621.648 -0.861
621.791 -0.862
621.933 -0.863
622.075 -0.864
622.217 -0.865
622.359 -0.866
622.501 -0.867
622.642 -0.868
622.782 -0.869
622.921 -0.87
623.058 -0.871
623.19 -0.872
623.316 -0.873
623.432 -0.874
623.538 -0.875
623.634 -0.876
623.719 -0.877
623.793 -0.878
623.859 -0.879
623.917 -0.88
623.97 -0.881
624.024 -0.882
624.078 -0.883
624.132 -0.884
624.186 -0.885
624.241 -0.886
624.296 -0.887
624.352 -0.888
624.408 -0.889
624.464 -0.89
624.52 -0.891
624.577 -0.892
624.634 -0.893
624.691 -0.894
624.749 -0.895
624.807 -0.896
624.866 -0.897
624.961 -0.898
625.092 -0.899
625.223 -0.9
625.369 -0.901
625.543 -0.902
625.72 -0.903
625.897 -0.904
626.088 -0.905
626.298 -0.906
626.508 -0.907
626.719 -0.908
626.926 -0.909
627.117 -0.91
627.307 -0.911
627.496 -0.912
627.685 -0.913
627.875 -0.914
628.066 -0.915
628.257 -0.916
628.452 -0.917
628.648 -0.918
628.845 -0.919
629.043 -0.92
629.242 -0.921
629.44 -0.922
629.639 -0.923
629.839 -0.924
630.04 -0.925
630.243 -0.926
630.447 -0.927
630.653 -0.928
630.858 -0.929
631.063 -0.93
631.27 -0.931
631.477 -0.932
631.684 -0.933
631.891 -0.934
632.093 -0.935
632.278 -0.936
632.45 -0.937
632.622 -0.938
632.793 -0.939
632.965 -0.94
633.138 -0.941
633.311 -0.942
633.484 -0.943
633.658 -0.944
633.832 -0.945
634.007 -0.946
634.182 -0.947
634.358 -0.948
634.533 -0.949
634.71 -0.95
634.887 -0.951
635.064 -0.952
635.242 -0.953
635.42 -0.954
635.598 -0.955
635.777 -0.956
635.956 -0.957
636.135 -0.958
636.315 -0.959
636.495 -0.96
636.675 -0.961
636.856 -0.962
637.037 -0.963
637.218 -0.964
637.399 -0.965
637.581 -0.966
637.763 -0.967
637.946 -0.968
638.129 -0.969
638.312 -0.97
638.496 -0.971
638.679 -0.972
638.864 -0.973
639.048 -0.974
639.233 -0.975
639.418 -0.976
639.603 -0.977
639.788 -0.978
639.974 -0.979
640.161 -0.98
640.347 -0.981
640.534 -0.982
640.721 -0.983
640.909 -0.984
641.096 -0.985
641.284 -0.986
641.473 -0.987
641.661 -0.988
641.85 -0.989
642.04 -0.99
642.229 -0.991
642.419 -0.992
642.609 -0.993
642.8 -0.994
642.991 -0.995
643.182 -0.996
643.373 -0.997
643.565 -0.998
643.757 -0.999
643.949 -1
644.141 -1.001
644.334 -1.002
644.526 -1.003
644.718 -1.004
644.91 -1.005
645.102 -1.006
645.294 -1.007
645.485 -1.008
645.676 -1.009
645.867 -1.01
646.056 -1.011
646.244 -1.012
646.431 -1.013
646.617 -1.014
646.801 -1.015
646.983 -1.016
647.162 -1.017
647.34 -1.018
647.516 -1.019
647.69 -1.02
647.861 -1.021
648.031 -1.022
648.198 -1.023
648.364 -1.024
648.529 -1.025
648.692 -1.026
648.854 -1.027
649.015 -1.028
649.176 -1.029
649.338 -1.03
649.501 -1.031
649.675 -1.032
649.857 -1.033
650.041 -1.034
650.226 -1.035
650.431 -1.036
650.636 -1.037
650.842 -1.038
651.046 -1.039
651.251 -1.04
651.456 -1.041
651.659 -1.042
651.865 -1.043
652.078 -1.044
652.291 -1.045
652.503 -1.046
652.723 -1.047
652.946 -1.048
653.169 -1.049
653.392 -1.05
653.614 -1.051
653.835 -1.052
654.055 -1.053
654.275 -1.054
654.5 -1.055
654.726 -1.056
654.953 -1.057
655.178 -1.058
655.41 -1.059
655.644 -1.06
655.878 -1.061
656.11 -1.062
656.341 -1.063
656.57 -1.064
656.798 -1.065
657.025 -1.066
657.253 -1.067
657.483 -1.068
657.711 -1.069
657.938 -1.07
658.164 -1.071
658.391 -1.072
658.619 -1.073
658.845 -1.074
659.068 -1.075
659.292 -1.076
659.517 -1.077
659.741 -1.078
659.966 -1.079
660.191 -1.08
660.417 -1.081
660.643 -1.082
660.869 -1.083
661.095 -1.084
661.322 -1.085
661.549 -1.086
661.777 -1.087
662.005 -1.088
662.233 -1.089
662.461 -1.09
662.689 -1.091
662.918 -1.092
663.146 -1.093
663.375 -1.094
663.603 -1.095
663.833 -1.096
664.064 -1.097
664.294 -1.098
664.525 -1.099
664.756 -1.1
664.987 -1.101
665.219 -1.102
665.452 -1.103
665.684 -1.104
665.917 -1.105
666.15 -1.106
666.384 -1.107
666.617 -1.108
666.851 -1.109
667.086 -1.11
667.32 -1.111
667.555 -1.112
667.789 -1.113
668.024 -1.114
668.257 -1.115
668.491 -1.116
668.725 -1.117
668.959 -1.118
669.193 -1.119
669.427 -1.12
669.66 -1.121
669.894 -1.122
670.127 -1.123
670.359 -1.124
670.591 -1.125
670.825 -1.126
671.059 -1.127
671.293 -1.128
671.526 -1.129
671.759 -1.13
671.991 -1.131
672.228 -1.132
672.465 -1.133
672.701 -1.134
672.938 -1.135
673.175 -1.136
673.413 -1.137
673.65 -1.138
673.887 -1.139
674.125 -1.14
674.361 -1.141
674.597 -1.142
674.842 -1.143
675.086 -1.144
675.33 -1.145
675.574 -1.146
675.818 -1.147
676.064 -1.148
676.314 -1.149
676.565 -1.15
676.816 -1.151
677.068 -1.152
677.32 -1.153
677.572 -1.154
677.825 -1.155
678.078 -1.156
678.332 -1.157
678.586 -1.158
678.841 -1.159
679.096 -1.16
679.351 -1.161
679.607 -1.162
679.864 -1.163
680.12 -1.164
680.378 -1.165
680.635 -1.166
680.893 -1.167
681.151 -1.168
681.41 -1.169
681.669 -1.17
681.929 -1.171
682.189 -1.172
682.45 -1.173
682.71 -1.174
682.972 -1.175
683.233 -1.176
683.495 -1.177
683.758 -1.178
684.021 -1.179
684.284 -1.18
684.548 -1.181
684.812 -1.182
685.077 -1.183
685.341 -1.184
685.607 -1.185
685.872 -1.186
686.138 -1.187
686.405 -1.188
686.672 -1.189
686.939 -1.19
687.207 -1.191
687.476 -1.192
687.746 -1.193
688.016 -1.194
688.287 -1.195
688.558 -1.196
688.83 -1.197
689.102 -1.198
689.375 -1.199
689.648 -1.2
689.922 -1.201
690.197 -1.202
690.473 -1.203
690.749 -1.204
691.026 -1.205
691.303 -1.206
691.58 -1.207
691.858 -1.208
692.137 -1.209
692.416 -1.21
692.695 -1.211
692.975 -1.212
693.256 -1.213
693.537 -1.214
693.818 -1.215
694.1 -1.216
694.382 -1.217
694.665 -1.218
694.949 -1.219
695.233 -1.22
695.517 -1.221
695.802 -1.222
696.087 -1.223
696.374 -1.224
696.66 -1.225
696.947 -1.226
697.234 -1.227
697.522 -1.228
697.81 -1.229
698.099 -1.23
698.389 -1.231
698.678 -1.232
698.968 -1.233
699.259 -1.234
699.55 -1.235
699.842 -1.236
700.134 -1.237
700.427 -1.238
700.72 -1.239
701.013 -1.24
701.307 -1.241
701.602 -1.242
701.897 -1.243
702.192 -1.244
702.488 -1.245
702.784 -1.246
703.081 -1.247
703.378 -1.248
703.676 -1.249
703.974 -1.25
704.272 -1.251
704.571 -1.252
704.871 -1.253
705.171 -1.254
705.471 -1.255
705.772 -1.256
706.075 -1.257
706.378 -1.258
706.681 -1.259
706.985 -1.26
707.29 -1.261
707.595 -1.262
707.901 -1.263
708.207 -1.264
708.513 -1.265
708.82 -1.266
709.127 -1.267
709.435 -1.268
709.743 -1.269
710.052 -1.27
710.361 -1.271
710.672 -1.272
710.983 -1.273
711.295 -1.274
711.608 -1.275
711.921 -1.276
712.234 -1.277
712.548 -1.278
712.863 -1.279
713.178 -1.28
713.494 -1.281
713.81 -1.282
714.127 -1.283
714.444 -1.284
714.762 -1.285
715.081 -1.286
715.4 -1.287
715.719 -1.288
716.039 -1.289
716.36 -1.29
716.681 -1.291
717.002 -1.292
717.325 -1.293
717.647 -1.294
717.971 -1.295
718.294 -1.296
718.619 -1.297
718.944 -1.298
719.269 -1.299
719.595 -1.3
