19.1962 -0.001
38.3252 -0.002
57.3853 -0.003
76.3742 -0.004
95.2898 -0.005
114.13 -0.006
132.892 -0.007
151.573 -0.008
169.253 -0.009
179.162 -0.01
188.853 -0.011
198.46 -0.012
207.957 -0.013
217.362 -0.014
226.691 -0.015
235.949 -0.016
245.164 -0.017
254.337 -0.018
263.463 -0.019
272.507 -0.02
280.627 -0.021
286.917 -0.022
291.081 -0.023
294.882 -0.024
298.63 -0.025
302.354 -0.026
306.03 -0.027
309.625 -0.028
313.133 -0.029
316.455 -0.03
319.196 -0.031
320.917 -0.032
322.453 -0.033
323.972 -0.034
325.463 -0.035
326.919 -0.036
328.352 -0.037
329.768 -0.038
331.166 -0.039
332.547 -0.04
333.916 -0.041
335.275 -0.042
336.614 -0.043
337.935 -0.044
339.242 -0.045
340.538 -0.046
341.825 -0.047
343.104 -0.048
344.375 -0.049
345.64 -0.05
346.9 -0.051
348.156 -0.052
349.406 -0.053
350.651 -0.054
351.891 -0.055
353.125 -0.056
354.352 -0.057
355.566 -0.058
356.752 -0.059
357.902 -0.06
358.997 -0.061
360.006 -0.062
360.926 -0.063
361.716 -0.064
362.381 -0.065
362.847 -0.066
363.158 -0.067
363.448 -0.068
363.725 -0.069
363.996 -0.07
364.261 -0.071
364.517 -0.072
364.769 -0.073
365.011 -0.074
365.25 -0.075
365.482 -0.076
365.706 -0.077
365.925 -0.078
366.137 -0.079
366.342 -0.08
366.538 -0.081
366.726 -0.082
366.909 -0.083
367.086 -0.084
367.256 -0.085
367.42 -0.086
367.579 -0.087
367.732 -0.088
367.877 -0.089
368.015 -0.09
368.15 -0.091
368.28 -0.092
368.402 -0.093
368.516 -0.094
368.625 -0.095
368.731 -0.096
368.834 -0.097
368.934 -0.098
369.033 -0.099
369.132 -0.1
369.228 -0.101
369.325 -0.102
369.422 -0.103
369.517 -0.104
369.61 -0.105
369.702 -0.106
369.789 -0.107
369.875 -0.108
369.959 -0.109
370.042 -0.11
370.122 -0.111
370.197 -0.112
370.27 -0.113
370.342 -0.114
370.409 -0.115
370.471 -0.116
370.533 -0.117
370.593 -0.118
370.649 -0.119
370.703 -0.12
370.757 -0.121
370.811 -0.122
370.862 -0.123
370.912 -0.124
370.964 -0.125
371.012 -0.126
371.058 -0.127
371.106 -0.128
371.148 -0.129
371.185 -0.13
371.218 -0.131
371.252 -0.132
371.287 -0.133
371.322 -0.134
371.358 -0.135
371.39 -0.136
371.41 -0.137
371.408 -0.138
371.36 -0.139
371.249 -0.14
371.078 -0.141
370.877 -0.142
370.659 -0.143
370.464 -0.144
370.308 -0.145
370.171 -0.146
370.097 -0.147
370.032 -0.148
370.001 -0.149
369.976 -0.15
369.97 -0.151
369.986 -0.152
370.006 -0.153
370.044 -0.154
370.09 -0.155
370.144 -0.156
370.205 -0.157
370.278 -0.158
370.347 -0.159
370.417 -0.16
370.48 -0.161
370.54 -0.162
370.6 -0.163
370.658 -0.164
370.718 -0.165
370.777 -0.166
370.834 -0.167
370.889 -0.168
370.942 -0.169
370.995 -0.17
371.048 -0.171
371.1 -0.172
371.155 -0.173
371.209 -0.174
371.262 -0.175
371.313 -0.176
371.365 -0.177
371.419 -0.178
371.478 -0.179
371.538 -0.18
371.599 -0.181
371.662 -0.182
371.729 -0.183
371.8 -0.184
371.874 -0.185
371.949 -0.186
372.025 -0.187
372.101 -0.188
372.177 -0.189
372.252 -0.19
372.327 -0.191
372.402 -0.192
372.478 -0.193
372.554 -0.194
372.628 -0.195
372.7 -0.196
372.768 -0.197
372.832 -0.198
372.888 -0.199
372.942 -0.2
373.001 -0.201
373.05 -0.202
373.09 -0.203
373.152 -0.204
373.205 -0.205
373.256 -0.206
373.307 -0.207
373.356 -0.208
373.408 -0.209
373.453 -0.21
373.493 -0.211
373.54 -0.212
373.58 -0.213
373.631 -0.214
373.682 -0.215
373.739 -0.216
373.793 -0.217
373.858 -0.218
373.927 -0.219
373.997 -0.22
374.07 -0.221
374.146 -0.222
374.221 -0.223
374.302 -0.224
374.383 -0.225
374.465 -0.226
374.548 -0.227
374.632 -0.228
374.717 -0.229
374.803 -0.23
374.89 -0.231
374.979 -0.232
375.068 -0.233
375.16 -0.234
375.252 -0.235
375.344 -0.236
375.435 -0.237
375.527 -0.238
375.619 -0.239
375.71 -0.24
375.801 -0.241
375.892 -0.242
375.983 -0.243
376.074 -0.244
376.165 -0.245
376.255 -0.246
376.346 -0.247
376.436 -0.248
376.525 -0.249
376.615 -0.25
376.704 -0.251
376.793 -0.252
376.881 -0.253
376.969 -0.254
377.056 -0.255
377.142 -0.256
377.227 -0.257
377.311 -0.258
377.394 -0.259
377.476 -0.26
377.556 -0.261
377.635 -0.262
377.71 -0.263
377.784 -0.264
377.852 -0.265
377.917 -0.266
377.977 -0.267
378.03 -0.268
378.077 -0.269
378.115 -0.27
378.146 -0.271
378.167 -0.272
378.065 -0.273
378.016 -0.274
378.009 -0.275
378.003 -0.276
377.982 -0.277
377.743 -0.278
377.776 -0.279
377.755 -0.28
377.734 -0.281
377.713 -0.282
377.693 -0.283
377.673 -0.284
377.653 -0.285
377.673 -0.286
377.69 -0.287
377.706 -0.288
377.731 -0.289
377.769 -0.29
377.856 -0.291
377.94 -0.292
378.026 -0.293
378.116 -0.294
378.217 -0.295
378.322 -0.296
378.433 -0.297
378.548 -0.298
378.664 -0.299
378.782 -0.3
378.901 -0.301
379.024 -0.302
379.15 -0.303
379.277 -0.304
379.407 -0.305
379.539 -0.306
379.67 -0.307
379.802 -0.308
379.933 -0.309
380.064 -0.31
380.198 -0.311
380.331 -0.312
380.465 -0.313
380.6 -0.314
380.735 -0.315
380.869 -0.316
381.004 -0.317
381.136 -0.318
381.27 -0.319
381.403 -0.32
381.534 -0.321
381.664 -0.322
381.793 -0.323
381.917 -0.324
382.042 -0.325
382.159 -0.326
382.273 -0.327
382.388 -0.328
382.499 -0.329
382.61 -0.33
382.717 -0.331
382.822 -0.332
382.926 -0.333
383.031 -0.334
383.135 -0.335
383.24 -0.336
383.344 -0.337
383.449 -0.338
383.553 -0.339
383.658 -0.34
383.762 -0.341
383.867 -0.342
383.971 -0.343
384.076 -0.344
384.18 -0.345
384.285 -0.346
384.389 -0.347
384.493 -0.348
384.597 -0.349
384.701 -0.35
384.804 -0.351
384.908 -0.352
385.012 -0.353
385.116 -0.354
385.221 -0.355
385.325 -0.356
385.43 -0.357
385.534 -0.358
385.638 -0.359
385.743 -0.36
385.847 -0.361
385.951 -0.362
386.056 -0.363
386.16 -0.364
386.265 -0.365
386.37 -0.366
386.476 -0.367
386.581 -0.368
386.686 -0.369
386.791 -0.37
386.896 -0.371
387.001 -0.372
387.106 -0.373
387.212 -0.374
387.317 -0.375
387.423 -0.376
387.528 -0.377
387.634 -0.378
387.739 -0.379
387.844 -0.38
387.949 -0.381
388.054 -0.382
388.159 -0.383
388.264 -0.384
388.369 -0.385
388.473 -0.386
388.578 -0.387
388.683 -0.388
388.788 -0.389
388.892 -0.39
388.996 -0.391
389.101 -0.392
389.204 -0.393
389.308 -0.394
389.412 -0.395
389.514 -0.396
389.616 -0.397
389.717 -0.398
389.817 -0.399
389.917 -0.4
390.015 -0.401
390.112 -0.402
390.206 -0.403
390.298 -0.404
390.388 -0.405
390.476 -0.406
390.56 -0.407
390.642 -0.408
390.719 -0.409
390.792 -0.41
390.859 -0.411
390.92 -0.412
390.98 -0.413
391.043 -0.414
391.105 -0.415
391.166 -0.416
391.23 -0.417
391.294 -0.418
391.364 -0.419
391.449 -0.42
391.541 -0.421
391.637 -0.422
391.742 -0.423
391.856 -0.424
391.975 -0.425
392.099 -0.426
392.225 -0.427
392.351 -0.428
392.477 -0.429
392.601 -0.43
392.723 -0.431
392.841 -0.432
392.957 -0.433
393.071 -0.434
393.185 -0.435
393.296 -0.436
393.406 -0.437
393.515 -0.438
393.62 -0.439
393.724 -0.44
393.824 -0.441
393.922 -0.442
394.015 -0.443
394.104 -0.444
394.185 -0.445
394.266 -0.446
394.356 -0.447
394.449 -0.448
394.545 -0.449
394.643 -0.45
394.761 -0.451
394.877 -0.452
395.003 -0.453
395.136 -0.454
395.273 -0.455
395.398 -0.456
395.52 -0.457
395.641 -0.458
395.764 -0.459
395.889 -0.46
396.017 -0.461
396.145 -0.462
396.273 -0.463
396.401 -0.464
396.53 -0.465
396.659 -0.466
396.788 -0.467
396.917 -0.468
397.046 -0.469
397.176 -0.47
397.305 -0.471
397.435 -0.472
397.565 -0.473
397.696 -0.474
397.826 -0.475
397.957 -0.476
398.088 -0.477
398.22 -0.478
398.351 -0.479
398.483 -0.48
398.615 -0.481
398.747 -0.482
398.88 -0.483
399.013 -0.484
399.146 -0.485
399.279 -0.486
399.413 -0.487
399.547 -0.488
399.682 -0.489
399.816 -0.49
399.951 -0.491
400.086 -0.492
400.222 -0.493
400.358 -0.494
400.494 -0.495
400.63 -0.496
400.767 -0.497
400.905 -0.498
401.043 -0.499
401.181 -0.5
401.303 -0.501
401.284 -0.502
401.107 -0.503
400.901 -0.504
400.696 -0.505
400.491 -0.506
400.287 -0.507
400.082 -0.508
399.878 -0.509
399.674 -0.51
399.471 -0.511
399.267 -0.512
399.064 -0.513
398.862 -0.514
398.66 -0.515
398.459 -0.516
398.258 -0.517
398.058 -0.518
397.858 -0.519
397.658 -0.52
397.459 -0.521
397.261 -0.522
397.064 -0.523
396.867 -0.524
396.671 -0.525
396.476 -0.526
396.281 -0.527
396.087 -0.528
395.893 -0.529
395.699 -0.53
395.505 -0.531
395.312 -0.532
395.119 -0.533
394.927 -0.534
394.735 -0.535
394.543 -0.536
394.352 -0.537
394.161 -0.538
393.97 -0.539
393.779 -0.54
393.571 -0.541
393.287 -0.542
392.987 -0.543
392.686 -0.544
392.386 -0.545
392.086 -0.546
391.786 -0.547
391.486 -0.548
391.186 -0.549
390.886 -0.55
390.586 -0.551
390.287 -0.552
389.987 -0.553
389.687 -0.554
389.387 -0.555
389.086 -0.556
388.785 -0.557
388.484 -0.558
388.182 -0.559
387.879 -0.56
387.573 -0.561
387.265 -0.562
386.954 -0.563
386.64 -0.564
386.323 -0.565
386.006 -0.566
385.689 -0.567
385.371 -0.568
385.053 -0.569
384.736 -0.57
384.418 -0.571
384.098 -0.572
383.78 -0.573
383.462 -0.574
383.145 -0.575
382.83 -0.576
382.515 -0.577
382.203 -0.578
381.891 -0.579
381.582 -0.58
381.273 -0.581
380.965 -0.582
380.66 -0.583
380.355 -0.584
380.051 -0.585
379.749 -0.586
379.447 -0.587
379.145 -0.588
378.845 -0.589
378.545 -0.59
378.244 -0.591
377.943 -0.592
377.642 -0.593
377.34 -0.594
377.038 -0.595
376.735 -0.596
376.433 -0.597
376.129 -0.598
375.825 -0.599
375.521 -0.6
