8.81737 -0.001
17.6158 -0.002
26.3952 -0.003
35.1553 -0.004
43.8961 -0.005
52.6174 -0.006
61.319 -0.007
70.0008 -0.008
78.6626 -0.009
87.3043 -0.01
95.9257 -0.011
104.527 -0.012
113.107 -0.013
121.666 -0.014
130.205 -0.015
138.722 -0.016
147.218 -0.017
155.692 -0.018
164.144 -0.019
172.575 -0.02
180.983 -0.021
189.368 -0.022
197.731 -0.023
206.071 -0.024
214.388 -0.025
222.681 -0.026
230.948 -0.027
238.913 -0.028
245.609 -0.029
251.204 -0.03
256.743 -0.031
262.239 -0.032
267.7 -0.033
272.869 -0.034
277.096 -0.035
280.62 -0.036
284.135 -0.037
287.648 -0.038
291.151 -0.039
294.636 -0.04
298.107 -0.041
301.547 -0.042
304.889 -0.043
308.053 -0.044
310.963 -0.045
313.463 -0.046
315.523 -0.047
317.511 -0.048
319.462 -0.049
321.386 -0.05
323.285 -0.051
325.164 -0.052
327.026 -0.053
328.872 -0.054
330.703 -0.055
332.518 -0.056
334.317 -0.057
336.097 -0.058
337.85 -0.059
339.557 -0.06
341.178 -0.061
342.678 -0.062
344.094 -0.063
345.3 -0.064
346.428 -0.065
347.333 -0.066
348.043 -0.067
348.519 -0.068
348.972 -0.069
349.41 -0.07
349.833 -0.071
350.24 -0.072
350.633 -0.073
351.011 -0.074
351.376 -0.075
351.729 -0.076
352.073 -0.077
352.405 -0.078
352.726 -0.079
353.038 -0.08
353.339 -0.081
353.632 -0.082
353.917 -0.083
354.194 -0.084
354.465 -0.085
354.728 -0.086
354.985 -0.087
355.235 -0.088
355.48 -0.089
355.721 -0.09
355.958 -0.091
356.188 -0.092
356.414 -0.093
356.636 -0.094
356.855 -0.095
357.07 -0.096
357.282 -0.097
357.489 -0.098
357.692 -0.099
357.892 -0.1
358.09 -0.101
358.284 -0.102
358.476 -0.103
358.664 -0.104
358.848 -0.105
359.03 -0.106
359.208 -0.107
359.385 -0.108
359.558 -0.109
359.729 -0.11
359.898 -0.111
360.064 -0.112
360.226 -0.113
360.385 -0.114
360.543 -0.115
360.697 -0.116
360.85 -0.117
361 -0.118
361.145 -0.119
361.288 -0.12
361.427 -0.121
361.563 -0.122
361.694 -0.123
361.822 -0.124
361.946 -0.125
362.068 -0.126
362.187 -0.127
362.304 -0.128
362.418 -0.129
362.531 -0.13
362.639 -0.131
362.743 -0.132
362.844 -0.133
362.94 -0.134
363.032 -0.135
363.119 -0.136
363.202 -0.137
363.28 -0.138
363.352 -0.139
363.421 -0.14
363.488 -0.141
363.553 -0.142
363.615 -0.143
363.676 -0.144
363.734 -0.145
363.79 -0.146
363.844 -0.147
363.897 -0.148
363.947 -0.149
363.996 -0.15
364.042 -0.151
364.087 -0.152
364.13 -0.153
364.171 -0.154
364.207 -0.155
364.24 -0.156
364.271 -0.157
364.296 -0.158
364.318 -0.159
364.338 -0.16
364.352 -0.161
364.364 -0.162
364.37 -0.163
364.372 -0.164
364.373 -0.165
364.372 -0.166
364.369 -0.167
364.364 -0.168
364.358 -0.169
364.351 -0.17
364.342 -0.171
364.333 -0.172
364.321 -0.173
364.308 -0.174
364.294 -0.175
364.277 -0.176
364.259 -0.177
364.24 -0.178
364.219 -0.179
364.197 -0.18
364.173 -0.181
364.149 -0.182
364.123 -0.183
364.097 -0.184
364.068 -0.185
364.039 -0.186
364.007 -0.187
363.975 -0.188
363.941 -0.189
363.906 -0.19
363.869 -0.191
363.831 -0.192
363.791 -0.193
363.751 -0.194
363.709 -0.195
363.665 -0.196
363.621 -0.197
363.575 -0.198
363.527 -0.199
363.479 -0.2
363.429 -0.201
363.377 -0.202
363.325 -0.203
363.271 -0.204
363.215 -0.205
363.158 -0.206
363.099 -0.207
363.039 -0.208
362.978 -0.209
362.916 -0.21
362.851 -0.211
362.786 -0.212
362.719 -0.213
362.651 -0.214
362.582 -0.215
362.512 -0.216
362.441 -0.217
362.368 -0.218
362.293 -0.219
362.216 -0.22
362.137 -0.221
362.057 -0.222
361.975 -0.223
361.892 -0.224
361.808 -0.225
361.721 -0.226
361.633 -0.227
361.543 -0.228
361.452 -0.229
361.36 -0.23
361.267 -0.231
361.172 -0.232
361.075 -0.233
360.976 -0.234
360.875 -0.235
360.773 -0.236
360.669 -0.237
360.562 -0.238
360.452 -0.239
360.34 -0.24
360.227 -0.241
360.112 -0.242
359.995 -0.243
359.875 -0.244
359.756 -0.245
359.634 -0.246
359.512 -0.247
359.387 -0.248
359.261 -0.249
359.133 -0.25
359.003 -0.251
358.874 -0.252
358.743 -0.253
358.613 -0.254
358.483 -0.255
358.352 -0.256
358.22 -0.257
358.085 -0.258
357.95 -0.259
357.812 -0.26
357.677 -0.261
357.54 -0.262
357.404 -0.263
357.268 -0.264
357.132 -0.265
356.994 -0.266
356.857 -0.267
356.719 -0.268
356.582 -0.269
356.445 -0.27
356.308 -0.271
356.17 -0.272
356.03 -0.273
355.89 -0.274
355.748 -0.275
355.606 -0.276
355.464 -0.277
355.321 -0.278
355.177 -0.279
355.032 -0.28
354.889 -0.281
354.746 -0.282
354.602 -0.283
354.46 -0.284
354.317 -0.285
354.173 -0.286
354.029 -0.287
353.884 -0.288
353.737 -0.289
353.589 -0.29
353.443 -0.291
353.297 -0.292
353.15 -0.293
353.003 -0.294
352.858 -0.295
352.712 -0.296
352.564 -0.297
352.418 -0.298
352.274 -0.299
352.129 -0.3
351.983 -0.301
351.844 -0.302
351.706 -0.303
351.57 -0.304
351.438 -0.305
351.309 -0.306
351.18 -0.307
351.056 -0.308
350.935 -0.309
350.815 -0.31
350.695 -0.311
350.575 -0.312
350.456 -0.313
350.338 -0.314
350.22 -0.315
350.102 -0.316
349.987 -0.317
349.872 -0.318
349.757 -0.319
349.643 -0.32
349.53 -0.321
349.418 -0.322
349.306 -0.323
349.194 -0.324
349.082 -0.325
348.97 -0.326
348.858 -0.327
348.747 -0.328
348.636 -0.329
348.525 -0.33
348.414 -0.331
348.304 -0.332
348.195 -0.333
348.086 -0.334
347.978 -0.335
347.87 -0.336
347.763 -0.337
347.657 -0.338
347.554 -0.339
347.451 -0.34
347.35 -0.341
347.251 -0.342
347.153 -0.343
347.058 -0.344
346.963 -0.345
346.871 -0.346
346.78 -0.347
346.69 -0.348
346.602 -0.349
346.516 -0.35
346.431 -0.351
346.348 -0.352
346.265 -0.353
346.183 -0.354
346.101 -0.355
346.021 -0.356
345.941 -0.357
345.861 -0.358
345.783 -0.359
345.706 -0.36
345.629 -0.361
345.554 -0.362
345.48 -0.363
345.407 -0.364
345.335 -0.365
345.263 -0.366
345.193 -0.367
345.124 -0.368
345.056 -0.369
344.988 -0.37
344.922 -0.371
344.856 -0.372
344.792 -0.373
344.729 -0.374
344.666 -0.375
344.604 -0.376
344.542 -0.377
344.482 -0.378
344.422 -0.379
344.362 -0.38
344.303 -0.381
344.245 -0.382
344.188 -0.383
344.131 -0.384
344.075 -0.385
344.02 -0.386
343.965 -0.387
343.911 -0.388
343.858 -0.389
343.805 -0.39
343.754 -0.391
343.703 -0.392
343.652 -0.393
343.603 -0.394
343.554 -0.395
343.505 -0.396
343.458 -0.397
343.411 -0.398
343.365 -0.399
343.32 -0.4
343.276 -0.401
343.232 -0.402
343.189 -0.403
343.147 -0.404
343.105 -0.405
343.065 -0.406
343.025 -0.407
342.986 -0.408
342.948 -0.409
342.911 -0.41
342.874 -0.411
342.839 -0.412
342.804 -0.413
342.77 -0.414
342.736 -0.415
342.704 -0.416
342.672 -0.417
342.641 -0.418
342.612 -0.419
342.582 -0.42
342.554 -0.421
342.527 -0.422
342.5 -0.423
342.475 -0.424
342.45 -0.425
342.426 -0.426
342.402 -0.427
342.38 -0.428
342.359 -0.429
342.338 -0.43
342.318 -0.431
342.3 -0.432
342.282 -0.433
342.266 -0.434
342.25 -0.435
342.236 -0.436
342.222 -0.437
342.21 -0.438
342.199 -0.439
342.189 -0.44
342.18 -0.441
342.171 -0.442
342.165 -0.443
342.159 -0.444
342.154 -0.445
342.15 -0.446
342.148 -0.447
342.146 -0.448
342.146 -0.449
342.147 -0.45
342.149 -0.451
342.152 -0.452
342.155 -0.453
342.16 -0.454
342.165 -0.455
342.172 -0.456
342.18 -0.457
342.188 -0.458
342.197 -0.459
342.208 -0.46
342.219 -0.461
342.232 -0.462
342.246 -0.463
342.26 -0.464
342.276 -0.465
342.293 -0.466
342.311 -0.467
342.33 -0.468
342.35 -0.469
342.37 -0.47
342.392 -0.471
342.415 -0.472
342.439 -0.473
342.463 -0.474
342.488 -0.475
342.514 -0.476
342.54 -0.477
342.566 -0.478
342.594 -0.479
342.623 -0.48
342.653 -0.481
342.684 -0.482
342.716 -0.483
342.75 -0.484
342.784 -0.485
342.82 -0.486
342.857 -0.487
342.895 -0.488
342.934 -0.489
342.974 -0.49
343.016 -0.491
343.059 -0.492
343.103 -0.493
343.149 -0.494
343.195 -0.495
343.243 -0.496
343.292 -0.497
343.343 -0.498
343.394 -0.499
343.447 -0.5
343.501 -0.501
343.556 -0.502
343.613 -0.503
343.671 -0.504
343.731 -0.505
343.791 -0.506
343.853 -0.507
343.916 -0.508
343.981 -0.509
344.047 -0.51
344.114 -0.511
344.182 -0.512
344.252 -0.513
344.323 -0.514
344.395 -0.515
344.468 -0.516
344.543 -0.517
344.618 -0.518
344.694 -0.519
344.771 -0.52
344.849 -0.521
344.929 -0.522
345.01 -0.523
345.092 -0.524
345.175 -0.525
345.26 -0.526
345.345 -0.527
345.431 -0.528
345.517 -0.529
345.604 -0.53
345.692 -0.531
345.782 -0.532
345.873 -0.533
345.964 -0.534
346.057 -0.535
346.128 -0.536
346.189 -0.537
346.259 -0.538
346.36 -0.539
346.472 -0.54
346.583 -0.541
346.684 -0.542
346.784 -0.543
346.885 -0.544
346.983 -0.545
346.965 -0.546
347.094 -0.547
347.23 -0.548
347.363 -0.549
347.472 -0.55
347.583 -0.551
347.695 -0.552
347.808 -0.553
347.923 -0.554
348.038 -0.555
348.153 -0.556
348.271 -0.557
348.389 -0.558
348.508 -0.559
348.629 -0.56
348.752 -0.561
348.874 -0.562
348.998 -0.563
349.122 -0.564
349.247 -0.565
349.374 -0.566
349.502 -0.567
349.631 -0.568
349.762 -0.569
349.894 -0.57
350.028 -0.571
350.163 -0.572
350.299 -0.573
350.437 -0.574
350.577 -0.575
350.718 -0.576
350.86 -0.577
351.004 -0.578
351.15 -0.579
351.297 -0.58
351.445 -0.581
351.595 -0.582
351.746 -0.583
351.899 -0.584
352.053 -0.585
352.209 -0.586
352.366 -0.587
352.524 -0.588
352.684 -0.589
352.846 -0.59
353.009 -0.591
353.174 -0.592
353.34 -0.593
353.507 -0.594
353.676 -0.595
353.847 -0.596
354.019 -0.597
354.193 -0.598
354.368 -0.599
354.545 -0.6
354.724 -0.601
354.904 -0.602
355.085 -0.603
355.268 -0.604
355.453 -0.605
355.639 -0.606
355.827 -0.607
356.017 -0.608
356.208 -0.609
356.4 -0.61
356.595 -0.611
356.791 -0.612
356.988 -0.613
357.188 -0.614
357.388 -0.615
357.591 -0.616
357.795 -0.617
358.001 -0.618
358.208 -0.619
358.415 -0.62
358.623 -0.621
358.833 -0.622
359.043 -0.623
359.253 -0.624
359.465 -0.625
359.677 -0.626
359.888 -0.627
360.1 -0.628
360.312 -0.629
360.523 -0.63
360.733 -0.631
360.942 -0.632
361.151 -0.633
361.362 -0.634
361.574 -0.635
361.788 -0.636
362.004 -0.637
362.221 -0.638
362.44 -0.639
362.661 -0.64
362.883 -0.641
363.107 -0.642
363.333 -0.643
363.561 -0.644
363.79 -0.645
364.021 -0.646
364.254 -0.647
364.488 -0.648
364.724 -0.649
364.962 -0.65
365.202 -0.651
365.443 -0.652
365.686 -0.653
365.931 -0.654
366.178 -0.655
366.426 -0.656
366.677 -0.657
366.929 -0.658
367.183 -0.659
367.438 -0.66
367.696 -0.661
367.955 -0.662
368.216 -0.663
368.479 -0.664
368.744 -0.665
369.01 -0.666
369.279 -0.667
369.549 -0.668
369.821 -0.669
370.095 -0.67
370.371 -0.671
370.649 -0.672
370.928 -0.673
371.209 -0.674
371.493 -0.675
371.778 -0.676
372.065 -0.677
372.354 -0.678
372.645 -0.679
372.937 -0.68
373.232 -0.681
373.529 -0.682
373.827 -0.683
374.128 -0.684
374.43 -0.685
374.734 -0.686
375.04 -0.687
375.348 -0.688
375.659 -0.689
375.971 -0.69
376.285 -0.691
376.601 -0.692
376.918 -0.693
377.238 -0.694
377.56 -0.695
377.884 -0.696
378.21 -0.697
378.537 -0.698
378.867 -0.699
379.199 -0.7
379.533 -0.701
379.869 -0.702
380.206 -0.703
380.546 -0.704
380.888 -0.705
381.232 -0.706
381.578 -0.707
381.926 -0.708
382.276 -0.709
382.628 -0.71
382.983 -0.711
383.339 -0.712
383.697 -0.713
384.058 -0.714
384.42 -0.715
384.773 -0.716
385.121 -0.717
385.47 -0.718
385.819 -0.719
386.169 -0.72
386.519 -0.721
386.869 -0.722
387.218 -0.723
387.568 -0.724
387.921 -0.725
388.276 -0.726
388.633 -0.727
388.992 -0.728
389.353 -0.729
389.715 -0.73
390.08 -0.731
390.447 -0.732
390.816 -0.733
391.187 -0.734
391.56 -0.735
391.935 -0.736
392.312 -0.737
392.691 -0.738
393.072 -0.739
393.455 -0.74
393.84 -0.741
394.228 -0.742
394.617 -0.743
395.009 -0.744
395.403 -0.745
395.799 -0.746
396.197 -0.747
396.597 -0.748
396.999 -0.749
397.404 -0.75
397.81 -0.751
398.217 -0.752
398.623 -0.753
399.03 -0.754
399.436 -0.755
399.843 -0.756
400.252 -0.757
400.663 -0.758
401.077 -0.759
401.492 -0.76
401.909 -0.761
402.329 -0.762
402.751 -0.763
403.174 -0.764
403.6 -0.765
404.028 -0.766
404.458 -0.767
404.89 -0.768
405.324 -0.769
405.76 -0.77
406.199 -0.771
406.639 -0.772
407.082 -0.773
407.527 -0.774
407.974 -0.775
408.424 -0.776
408.875 -0.777
409.329 -0.778
409.785 -0.779
410.244 -0.78
410.704 -0.781
411.167 -0.782
411.631 -0.783
412.098 -0.784
412.567 -0.785
413.039 -0.786
413.512 -0.787
413.988 -0.788
414.466 -0.789
414.946 -0.79
415.428 -0.791
415.913 -0.792
416.399 -0.793
416.888 -0.794
417.379 -0.795
417.872 -0.796
418.366 -0.797
418.863 -0.798
419.362 -0.799
419.862 -0.8
420.366 -0.801
420.871 -0.802
421.379 -0.803
421.889 -0.804
422.402 -0.805
422.916 -0.806
423.434 -0.807
423.953 -0.808
424.475 -0.809
424.999 -0.81
425.525 -0.811
426.054 -0.812
426.585 -0.813
427.118 -0.814
427.653 -0.815
428.19 -0.816
428.727 -0.817
429.266 -0.818
429.807 -0.819
430.35 -0.82
430.895 -0.821
431.443 -0.822
431.993 -0.823
432.545 -0.824
433.1 -0.825
433.658 -0.826
434.217 -0.827
434.779 -0.828
435.344 -0.829
435.911 -0.83
436.481 -0.831
437.052 -0.832
437.625 -0.833
438.199 -0.834
438.776 -0.835
439.355 -0.836
439.934 -0.837
440.516 -0.838
441.1 -0.839
441.685 -0.84
442.27 -0.841
442.857 -0.842
443.446 -0.843
444.038 -0.844
444.632 -0.845
445.227 -0.846
445.823 -0.847
446.423 -0.848
447.024 -0.849
447.628 -0.85
448.232 -0.851
448.839 -0.852
449.448 -0.853
450.06 -0.854
450.673 -0.855
451.286 -0.856
451.901 -0.857
452.518 -0.858
453.138 -0.859
453.76 -0.86
454.385 -0.861
455.012 -0.862
455.641 -0.863
456.273 -0.864
456.908 -0.865
457.545 -0.866
458.184 -0.867
458.827 -0.868
459.471 -0.869
460.118 -0.87
460.768 -0.871
461.42 -0.872
462.075 -0.873
462.732 -0.874
463.392 -0.875
464.054 -0.876
464.718 -0.877
465.385 -0.878
466.055 -0.879
466.727 -0.88
467.401 -0.881
468.078 -0.882
468.757 -0.883
469.438 -0.884
470.122 -0.885
470.809 -0.886
471.498 -0.887
472.19 -0.888
472.884 -0.889
473.578 -0.89
474.276 -0.891
474.976 -0.892
475.678 -0.893
476.383 -0.894
477.09 -0.895
477.798 -0.896
478.508 -0.897
479.222 -0.898
479.938 -0.899
480.656 -0.9
481.376 -0.901
482.097 -0.902
482.82 -0.903
483.546 -0.904
484.273 -0.905
485.003 -0.906
485.734 -0.907
486.467 -0.908
487.201 -0.909
487.937 -0.91
488.675 -0.911
489.415 -0.912
490.158 -0.913
490.902 -0.914
491.648 -0.915
492.394 -0.916
493.142 -0.917
493.892 -0.918
494.645 -0.919
495.399 -0.92
496.155 -0.921
496.913 -0.922
497.673 -0.923
498.434 -0.924
499.196 -0.925
499.958 -0.926
500.724 -0.927
501.489 -0.928
502.255 -0.929
503.022 -0.93
503.789 -0.931
504.556 -0.932
505.325 -0.933
506.09 -0.934
506.856 -0.935
507.623 -0.936
508.388 -0.937
509.145 -0.938
509.893 -0.939
510.633 -0.94
511.369 -0.941
512.099 -0.942
512.805 -0.943
513.492 -0.944
514.172 -0.945
514.849 -0.946
515.518 -0.947
516.175 -0.948
516.83 -0.949
517.482 -0.95
518.131 -0.951
518.779 -0.952
519.421 -0.953
520.063 -0.954
520.705 -0.955
521.351 -0.956
522.005 -0.957
522.658 -0.958
523.317 -0.959
523.985 -0.96
524.654 -0.961
525.33 -0.962
526.004 -0.963
526.685 -0.964
527.374 -0.965
528.067 -0.966
528.765 -0.967
529.466 -0.968
530.173 -0.969
530.884 -0.97
531.6 -0.971
532.317 -0.972
533.038 -0.973
533.761 -0.974
534.486 -0.975
535.214 -0.976
535.946 -0.977
536.678 -0.978
537.412 -0.979
538.151 -0.98
538.892 -0.981
539.635 -0.982
540.378 -0.983
541.122 -0.984
541.867 -0.985
542.613 -0.986
543.36 -0.987
544.109 -0.988
544.858 -0.989
545.629 -0.99
546.42 -0.991
547.21 -0.992
548.001 -0.993
548.791 -0.994
549.577 -0.995
550.362 -0.996
551.146 -0.997
551.927 -0.998
552.726 -0.999
553.541 -1
554.384 -1.001
555.227 -1.002
556.069 -1.003
556.908 -1.004
557.743 -1.005
558.588 -1.006
559.445 -1.007
560.303 -1.008
561.159 -1.009
562.036 -1.01
562.908 -1.011
563.788 -1.012
564.678 -1.013
565.563 -1.014
566.444 -1.015
567.322 -1.016
568.2 -1.017
569.095 -1.018
569.994 -1.019
570.894 -1.02
571.793 -1.021
572.691 -1.022
573.577 -1.023
574.462 -1.024
575.356 -1.025
576.254 -1.026
577.152 -1.027
578.049 -1.028
578.943 -1.029
579.834 -1.03
580.725 -1.031
581.618 -1.032
582.508 -1.033
583.4 -1.034
584.296 -1.035
585.189 -1.036
586.079 -1.037
586.966 -1.038
587.861 -1.039
588.767 -1.04
589.675 -1.041
590.584 -1.042
591.496 -1.043
592.408 -1.044
593.321 -1.045
594.233 -1.046
595.144 -1.047
596.052 -1.048
596.961 -1.049
597.873 -1.05
598.784 -1.051
599.697 -1.052
600.608 -1.053
601.517 -1.054
602.428 -1.055
603.356 -1.056
604.291 -1.057
605.223 -1.058
606.157 -1.059
607.089 -1.06
608.019 -1.061
608.951 -1.062
609.881 -1.063
610.808 -1.064
611.737 -1.065
612.664 -1.066
613.585 -1.067
614.499 -1.068
615.41 -1.069
616.318 -1.07
617.227 -1.071
618.128 -1.072
619.021 -1.073
619.907 -1.074
620.792 -1.075
621.676 -1.076
622.559 -1.077
623.44 -1.078
624.32 -1.079
625.198 -1.08
626.077 -1.081
626.953 -1.082
627.826 -1.083
628.7 -1.084
629.574 -1.085
630.448 -1.086
631.325 -1.087
632.203 -1.088
633.082 -1.089
633.956 -1.09
634.829 -1.091
635.704 -1.092
636.581 -1.093
637.46 -1.094
638.341 -1.095
639.224 -1.096
640.106 -1.097
640.986 -1.098
641.867 -1.099
642.749 -1.1
