5.77417 -0.001
11.5414 -0.002
17.3018 -0.003
23.0553 -0.004
28.8018 -0.005
34.5413 -0.006
40.2738 -0.007
45.9993 -0.008
51.7178 -0.009
57.4292 -0.01
63.1336 -0.011
68.8308 -0.012
74.5209 -0.013
80.2038 -0.014
85.8796 -0.015
91.5481 -0.016
97.2094 -0.017
102.863 -0.018
108.51 -0.019
114.15 -0.02
119.782 -0.021
125.407 -0.022
131.024 -0.023
136.634 -0.024
142.236 -0.025
147.831 -0.026
153.419 -0.027
158.999 -0.028
164.571 -0.029
170.136 -0.03
175.693 -0.031
181.243 -0.032
186.784 -0.033
192.319 -0.034
197.845 -0.035
203.363 -0.036
208.874 -0.037
214.377 -0.038
219.872 -0.039
225.359 -0.04
230.838 -0.041
236.309 -0.042
241.772 -0.043
247.227 -0.044
252.674 -0.045
258.113 -0.046
263.543 -0.047
268.965 -0.048
274.379 -0.049
279.785 -0.05
285.182 -0.051
290.571 -0.052
295.951 -0.053
301.323 -0.054
306.686 -0.055
312.041 -0.056
317.387 -0.057
322.725 -0.058
328.053 -0.059
333.373 -0.06
338.684 -0.061
343.986 -0.062
349.28 -0.063
354.564 -0.064
359.839 -0.065
365.105 -0.066
370.362 -0.067
375.609 -0.068
380.808 -0.069
385.885 -0.07
390.733 -0.071
395.292 -0.072
399.616 -0.073
403.576 -0.074
407.254 -0.075
410.628 -0.076
413.726 -0.077
416.276 -0.078
418.684 -0.079
420.811 -0.08
422.794 -0.081
424.706 -0.082
426.446 -0.083
428.053 -0.084
429.407 -0.085
430.46 -0.086
431.381 -0.087
432.291 -0.088
433.145 -0.089
433.903 -0.09
434.646 -0.091
435.33 -0.092
435.884 -0.093
436.344 -0.094
436.728 -0.095
437.098 -0.096
437.454 -0.097
437.797 -0.098
438.128 -0.099
438.449 -0.1
438.757 -0.101
439.057 -0.102
439.348 -0.103
439.634 -0.104
439.915 -0.105
440.191 -0.106
440.46 -0.107
440.725 -0.108
440.986 -0.109
441.242 -0.11
441.495 -0.111
441.744 -0.112
441.99 -0.113
442.233 -0.114
442.471 -0.115
442.705 -0.116
442.936 -0.117
443.162 -0.118
443.384 -0.119
443.603 -0.12
443.817 -0.121
444.027 -0.122
444.233 -0.123
444.436 -0.124
444.634 -0.125
444.829 -0.126
445.02 -0.127
445.208 -0.128
445.393 -0.129
445.574 -0.13
445.752 -0.131
445.926 -0.132
446.097 -0.133
446.266 -0.134
446.431 -0.135
446.594 -0.136
446.754 -0.137
446.911 -0.138
447.065 -0.139
447.216 -0.14
447.364 -0.141
447.51 -0.142
447.652 -0.143
447.793 -0.144
447.93 -0.145
448.065 -0.146
448.197 -0.147
448.327 -0.148
448.455 -0.149
448.58 -0.15
448.704 -0.151
448.825 -0.152
448.944 -0.153
449.061 -0.154
449.175 -0.155
449.286 -0.156
449.395 -0.157
449.503 -0.158
449.608 -0.159
449.71 -0.16
449.811 -0.161
449.91 -0.162
450.006 -0.163
450.1 -0.164
450.193 -0.165
450.284 -0.166
450.372 -0.167
450.459 -0.168
450.545 -0.169
450.628 -0.17
450.708 -0.171
450.788 -0.172
450.866 -0.173
450.942 -0.174
451.016 -0.175
451.088 -0.176
451.159 -0.177
451.229 -0.178
451.297 -0.179
451.363 -0.18
451.428 -0.181
451.492 -0.182
451.554 -0.183
451.615 -0.184
451.675 -0.185
451.733 -0.186
451.791 -0.187
451.846 -0.188
451.901 -0.189
451.956 -0.19
452.009 -0.191
452.061 -0.192
452.111 -0.193
452.161 -0.194
452.211 -0.195
452.259 -0.196
452.306 -0.197
452.351 -0.198
452.397 -0.199
452.441 -0.2
452.484 -0.201
452.527 -0.202
452.569 -0.203
452.609 -0.204
452.65 -0.205
452.689 -0.206
452.727 -0.207
452.765 -0.208
452.802 -0.209
452.838 -0.21
452.873 -0.211
452.908 -0.212
452.941 -0.213
452.974 -0.214
453.007 -0.215
453.038 -0.216
453.069 -0.217
453.099 -0.218
453.128 -0.219
453.157 -0.22
453.184 -0.221
453.212 -0.222
453.238 -0.223
453.264 -0.224
453.289 -0.225
453.313 -0.226
453.337 -0.227
453.36 -0.228
453.382 -0.229
453.404 -0.23
453.425 -0.231
453.446 -0.232
453.465 -0.233
453.484 -0.234
453.503 -0.235
453.521 -0.236
453.538 -0.237
453.555 -0.238
453.571 -0.239
453.586 -0.24
453.601 -0.241
453.616 -0.242
453.629 -0.243
453.643 -0.244
453.655 -0.245
453.667 -0.246
453.679 -0.247
453.69 -0.248
453.7 -0.249
453.71 -0.25
453.719 -0.251
453.728 -0.252
453.736 -0.253
453.744 -0.254
453.751 -0.255
453.758 -0.256
453.764 -0.257
453.77 -0.258
453.775 -0.259
453.78 -0.26
453.784 -0.261
453.788 -0.262
453.791 -0.263
453.794 -0.264
453.796 -0.265
453.798 -0.266
453.8 -0.267
453.801 -0.268
453.801 -0.269
453.802 -0.27
453.801 -0.271
453.801 -0.272
453.799 -0.273
453.798 -0.274
453.796 -0.275
453.793 -0.276
453.79 -0.277
453.787 -0.278
453.783 -0.279
453.779 -0.28
453.775 -0.281
453.77 -0.282
453.765 -0.283
453.759 -0.284
453.753 -0.285
453.747 -0.286
453.74 -0.287
453.733 -0.288
453.725 -0.289
453.718 -0.29
453.71 -0.291
453.701 -0.292
453.692 -0.293
453.683 -0.294
453.674 -0.295
453.664 -0.296
453.654 -0.297
453.643 -0.298
453.632 -0.299
453.621 -0.3
453.61 -0.301
453.598 -0.302
453.586 -0.303
453.574 -0.304
453.561 -0.305
453.549 -0.306
453.536 -0.307
453.522 -0.308
453.509 -0.309
453.495 -0.31
453.481 -0.311
453.466 -0.312
453.452 -0.313
453.437 -0.314
453.422 -0.315
453.407 -0.316
453.391 -0.317
453.375 -0.318
453.359 -0.319
453.343 -0.32
453.327 -0.321
453.31 -0.322
453.293 -0.323
453.276 -0.324
453.259 -0.325
453.242 -0.326
453.224 -0.327
453.207 -0.328
453.189 -0.329
453.171 -0.33
453.152 -0.331
453.134 -0.332
453.115 -0.333
453.097 -0.334
453.078 -0.335
453.059 -0.336
453.04 -0.337
453.02 -0.338
453.001 -0.339
452.981 -0.34
452.961 -0.341
452.941 -0.342
452.921 -0.343
452.901 -0.344
452.881 -0.345
452.86 -0.346
452.84 -0.347
452.819 -0.348
452.798 -0.349
452.778 -0.35
452.757 -0.351
452.736 -0.352
452.714 -0.353
452.693 -0.354
452.672 -0.355
452.65 -0.356
452.629 -0.357
452.607 -0.358
452.586 -0.359
452.564 -0.36
452.542 -0.361
452.52 -0.362
452.499 -0.363
452.477 -0.364
452.455 -0.365
452.432 -0.366
452.41 -0.367
452.388 -0.368
452.366 -0.369
452.344 -0.37
452.321 -0.371
452.299 -0.372
452.277 -0.373
452.254 -0.374
452.232 -0.375
452.21 -0.376
452.187 -0.377
452.165 -0.378
452.142 -0.379
452.12 -0.38
452.097 -0.381
452.075 -0.382
452.052 -0.383
452.03 -0.384
452.007 -0.385
451.985 -0.386
451.962 -0.387
451.94 -0.388
451.918 -0.389
451.895 -0.39
451.873 -0.391
451.85 -0.392
451.828 -0.393
451.806 -0.394
451.784 -0.395
451.762 -0.396
451.739 -0.397
451.717 -0.398
451.695 -0.399
451.673 -0.4
451.651 -0.401
451.63 -0.402
451.608 -0.403
451.586 -0.404
451.564 -0.405
451.543 -0.406
451.521 -0.407
451.5 -0.408
451.479 -0.409
451.457 -0.41
451.436 -0.411
451.415 -0.412
451.394 -0.413
451.373 -0.414
451.353 -0.415
451.332 -0.416
451.312 -0.417
451.291 -0.418
451.271 -0.419
451.251 -0.42
451.231 -0.421
451.211 -0.422
451.191 -0.423
451.171 -0.424
451.152 -0.425
451.132 -0.426
451.113 -0.427
451.094 -0.428
451.075 -0.429
451.056 -0.43
451.037 -0.431
451.019 -0.432
451.001 -0.433
450.983 -0.434
450.965 -0.435
450.947 -0.436
450.929 -0.437
450.912 -0.438
450.894 -0.439
450.877 -0.44
450.86 -0.441
450.844 -0.442
450.827 -0.443
450.811 -0.444
450.795 -0.445
450.779 -0.446
450.763 -0.447
450.748 -0.448
450.732 -0.449
450.717 -0.45
450.702 -0.451
450.688 -0.452
450.673 -0.453
450.659 -0.454
450.645 -0.455
450.632 -0.456
450.618 -0.457
450.605 -0.458
450.592 -0.459
450.579 -0.46
450.567 -0.461
450.554 -0.462
450.542 -0.463
450.531 -0.464
450.519 -0.465
450.508 -0.466
450.497 -0.467
450.486 -0.468
450.476 -0.469
450.466 -0.47
450.456 -0.471
450.447 -0.472
450.437 -0.473
450.428 -0.474
450.42 -0.475
450.411 -0.476
450.403 -0.477
450.396 -0.478
450.388 -0.479
450.381 -0.48
450.374 -0.481
450.368 -0.482
450.362 -0.483
450.356 -0.484
450.35 -0.485
450.345 -0.486
450.34 -0.487
450.336 -0.488
450.332 -0.489
450.328 -0.49
450.324 -0.491
450.321 -0.492
450.318 -0.493
450.316 -0.494
450.314 -0.495
450.312 -0.496
450.311 -0.497
450.31 -0.498
450.31 -0.499
450.309 -0.5
450.31 -0.501
450.31 -0.502
450.311 -0.503
450.313 -0.504
450.314 -0.505
450.316 -0.506
450.319 -0.507
450.322 -0.508
450.325 -0.509
450.329 -0.51
450.333 -0.511
450.338 -0.512
450.343 -0.513
450.348 -0.514
450.354 -0.515
450.361 -0.516
450.367 -0.517
450.375 -0.518
450.382 -0.519
450.39 -0.52
450.399 -0.521
450.408 -0.522
450.417 -0.523
450.427 -0.524
450.437 -0.525
450.448 -0.526
450.459 -0.527
450.471 -0.528
450.483 -0.529
450.495 -0.53
450.508 -0.531
450.522 -0.532
450.536 -0.533
450.55 -0.534
450.566 -0.535
450.581 -0.536
450.597 -0.537
450.613 -0.538
450.63 -0.539
450.648 -0.54
450.666 -0.541
450.684 -0.542
450.703 -0.543
450.723 -0.544
450.742 -0.545
450.763 -0.546
450.784 -0.547
450.805 -0.548
450.827 -0.549
450.85 -0.55
450.873 -0.551
450.896 -0.552
450.92 -0.553
450.945 -0.554
450.97 -0.555
450.996 -0.556
451.022 -0.557
451.049 -0.558
451.076 -0.559
451.104 -0.56
451.132 -0.561
451.161 -0.562
451.19 -0.563
451.22 -0.564
451.251 -0.565
451.282 -0.566
451.314 -0.567
451.346 -0.568
451.379 -0.569
451.413 -0.57
451.447 -0.571
451.482 -0.572
451.517 -0.573
451.553 -0.574
451.589 -0.575
451.626 -0.576
451.664 -0.577
451.703 -0.578
451.742 -0.579
451.781 -0.58
451.821 -0.581
451.862 -0.582
451.904 -0.583
451.946 -0.584
451.989 -0.585
452.033 -0.586
452.077 -0.587
452.122 -0.588
452.167 -0.589
452.213 -0.59
452.26 -0.591
452.308 -0.592
452.356 -0.593
452.404 -0.594
452.454 -0.595
452.503 -0.596
452.554 -0.597
452.605 -0.598
452.656 -0.599
452.709 -0.6
452.762 -0.601
452.815 -0.602
452.87 -0.603
452.925 -0.604
452.98 -0.605
453.037 -0.606
453.094 -0.607
453.152 -0.608
453.21 -0.609
453.269 -0.61
453.329 -0.611
453.39 -0.612
453.451 -0.613
453.513 -0.614
453.576 -0.615
453.639 -0.616
453.703 -0.617
453.768 -0.618
453.833 -0.619
453.899 -0.62
453.966 -0.621
454.034 -0.622
454.102 -0.623
454.171 -0.624
454.241 -0.625
454.311 -0.626
454.383 -0.627
454.455 -0.628
454.528 -0.629
454.601 -0.63
454.676 -0.631
454.751 -0.632
454.827 -0.633
454.903 -0.634
454.981 -0.635
455.059 -0.636
455.138 -0.637
455.218 -0.638
455.299 -0.639
455.381 -0.64
455.463 -0.641
455.546 -0.642
455.631 -0.643
455.715 -0.644
455.801 -0.645
455.888 -0.646
455.975 -0.647
456.063 -0.648
456.152 -0.649
456.242 -0.65
456.333 -0.651
456.424 -0.652
456.517 -0.653
456.61 -0.654
456.704 -0.655
456.799 -0.656
456.895 -0.657
456.991 -0.658
457.089 -0.659
457.187 -0.66
457.286 -0.661
457.386 -0.662
457.487 -0.663
457.588 -0.664
457.691 -0.665
457.794 -0.666
457.898 -0.667
458.003 -0.668
458.109 -0.669
458.216 -0.67
458.324 -0.671
458.433 -0.672
458.542 -0.673
458.653 -0.674
458.764 -0.675
458.876 -0.676
458.989 -0.677
459.104 -0.678
459.219 -0.679
459.335 -0.68
459.451 -0.681
459.569 -0.682
459.688 -0.683
459.807 -0.684
459.928 -0.685
460.049 -0.686
460.171 -0.687
460.294 -0.688
460.419 -0.689
460.544 -0.69
460.67 -0.691
460.797 -0.692
460.924 -0.693
461.053 -0.694
461.183 -0.695
461.313 -0.696
461.445 -0.697
461.577 -0.698
461.711 -0.699
461.846 -0.7
461.981 -0.701
462.118 -0.702
462.255 -0.703
462.393 -0.704
462.533 -0.705
462.673 -0.706
462.814 -0.707
462.956 -0.708
463.1 -0.709
463.244 -0.71
463.389 -0.711
463.535 -0.712
463.683 -0.713
463.831 -0.714
463.98 -0.715
464.131 -0.716
464.282 -0.717
464.435 -0.718
464.588 -0.719
464.742 -0.72
464.898 -0.721
465.054 -0.722
465.212 -0.723
465.37 -0.724
465.53 -0.725
465.69 -0.726
465.852 -0.727
466.015 -0.728
466.179 -0.729
466.343 -0.73
466.509 -0.731
466.677 -0.732
466.845 -0.733
467.014 -0.734
467.184 -0.735
467.355 -0.736
467.527 -0.737
467.701 -0.738
467.875 -0.739
468.051 -0.74
468.227 -0.741
468.405 -0.742
468.584 -0.743
468.764 -0.744
468.945 -0.745
469.128 -0.746
469.311 -0.747
469.496 -0.748
469.682 -0.749
469.868 -0.75
470.056 -0.751
470.245 -0.752
470.436 -0.753
470.627 -0.754
470.819 -0.755
471.013 -0.756
471.207 -0.757
471.403 -0.758
471.6 -0.759
471.798 -0.76
471.997 -0.761
472.198 -0.762
472.399 -0.763
472.602 -0.764
472.805 -0.765
473.01 -0.766
473.216 -0.767
473.424 -0.768
473.632 -0.769
473.842 -0.77
474.053 -0.771
474.265 -0.772
474.478 -0.773
474.692 -0.774
474.908 -0.775
475.125 -0.776
475.342 -0.777
475.562 -0.778
475.782 -0.779
476.003 -0.78
476.226 -0.781
476.45 -0.782
476.675 -0.783
476.901 -0.784
477.129 -0.785
477.358 -0.786
477.588 -0.787
477.819 -0.788
478.052 -0.789
478.286 -0.79
478.521 -0.791
478.758 -0.792
478.995 -0.793
479.234 -0.794
479.475 -0.795
479.716 -0.796
479.959 -0.797
480.203 -0.798
480.448 -0.799
480.694 -0.8
480.942 -0.801
481.191 -0.802
481.441 -0.803
481.692 -0.804
481.945 -0.805
482.199 -0.806
482.455 -0.807
482.711 -0.808
482.969 -0.809
483.228 -0.81
483.489 -0.811
483.751 -0.812
484.014 -0.813
484.279 -0.814
484.545 -0.815
484.812 -0.816
485.081 -0.817
485.351 -0.818
485.622 -0.819
485.895 -0.82
486.169 -0.821
486.444 -0.822
486.72 -0.823
486.998 -0.824
487.278 -0.825
487.559 -0.826
487.841 -0.827
488.124 -0.828
488.409 -0.829
488.695 -0.83
488.982 -0.831
489.271 -0.832
489.561 -0.833
489.853 -0.834
490.145 -0.835
490.44 -0.836
490.735 -0.837
491.032 -0.838
491.331 -0.839
491.631 -0.84
491.932 -0.841
492.234 -0.842
492.539 -0.843
492.844 -0.844
493.151 -0.845
493.459 -0.846
493.769 -0.847
494.08 -0.848
494.393 -0.849
494.707 -0.85
495.023 -0.851
495.34 -0.852
495.658 -0.853
495.978 -0.854
496.299 -0.855
496.621 -0.856
496.945 -0.857
497.271 -0.858
497.598 -0.859
497.927 -0.86
498.257 -0.861
498.588 -0.862
498.921 -0.863
499.256 -0.864
499.592 -0.865
499.929 -0.866
500.268 -0.867
500.608 -0.868
500.95 -0.869
501.294 -0.87
501.639 -0.871
501.985 -0.872
502.333 -0.873
502.683 -0.874
503.034 -0.875
503.386 -0.876
503.74 -0.877
504.096 -0.878
504.453 -0.879
504.812 -0.88
505.172 -0.881
505.534 -0.882
505.897 -0.883
506.262 -0.884
506.628 -0.885
506.996 -0.886
507.366 -0.887
507.737 -0.888
508.109 -0.889
508.483 -0.89
508.859 -0.891
509.236 -0.892
509.615 -0.893
509.996 -0.894
510.378 -0.895
510.762 -0.896
511.147 -0.897
511.534 -0.898
511.922 -0.899
512.312 -0.9
512.704 -0.901
513.097 -0.902
513.491 -0.903
513.888 -0.904
514.286 -0.905
514.685 -0.906
515.087 -0.907
515.489 -0.908
515.894 -0.909
516.3 -0.91
516.708 -0.911
517.117 -0.912
517.528 -0.913
517.941 -0.914
518.355 -0.915
518.771 -0.916
519.189 -0.917
519.608 -0.918
520.029 -0.919
520.452 -0.92
520.876 -0.921
521.302 -0.922
521.729 -0.923
522.158 -0.924
522.589 -0.925
523.022 -0.926
523.456 -0.927
523.892 -0.928
524.329 -0.929
524.769 -0.93
525.21 -0.931
525.653 -0.932
526.097 -0.933
526.543 -0.934
526.991 -0.935
527.44 -0.936
527.891 -0.937
528.344 -0.938
528.799 -0.939
529.255 -0.94
529.713 -0.941
530.173 -0.942
530.635 -0.943
531.098 -0.944
531.563 -0.945
532.03 -0.946
532.498 -0.947
532.969 -0.948
533.441 -0.949
533.915 -0.95
534.39 -0.951
534.868 -0.952
535.347 -0.953
535.828 -0.954
536.311 -0.955
536.795 -0.956
537.281 -0.957
537.769 -0.958
538.259 -0.959
538.751 -0.96
539.244 -0.961
539.74 -0.962
540.237 -0.963
540.735 -0.964
541.236 -0.965
541.739 -0.966
542.243 -0.967
542.749 -0.968
543.257 -0.969
543.767 -0.97
544.278 -0.971
544.791 -0.972
545.307 -0.973
545.824 -0.974
546.343 -0.975
546.863 -0.976
547.386 -0.977
547.91 -0.978
548.436 -0.979
548.964 -0.98
549.494 -0.981
550.026 -0.982
550.56 -0.983
551.095 -0.984
551.633 -0.985
552.172 -0.986
552.713 -0.987
553.256 -0.988
553.801 -0.989
554.348 -0.99
554.897 -0.991
555.447 -0.992
556 -0.993
556.554 -0.994
557.11 -0.995
557.669 -0.996
558.229 -0.997
558.791 -0.998
559.355 -0.999
559.92 -1
560.488 -1.001
561.058 -1.002
561.629 -1.003
562.203 -1.004
562.778 -1.005
563.355 -1.006
563.935 -1.007
564.516 -1.008
565.099 -1.009
565.684 -1.01
566.271 -1.011
566.86 -1.012
567.451 -1.013
568.044 -1.014
568.639 -1.015
569.236 -1.016
569.835 -1.017
570.435 -1.018
571.038 -1.019
571.643 -1.02
572.249 -1.021
572.858 -1.022
573.468 -1.023
574.081 -1.024
574.696 -1.025
575.312 -1.026
575.931 -1.027
576.551 -1.028
577.174 -1.029
577.798 -1.03
578.425 -1.031
579.054 -1.032
579.684 -1.033
580.317 -1.034
580.952 -1.035
581.588 -1.036
582.227 -1.037
582.868 -1.038
583.511 -1.039
584.156 -1.04
584.802 -1.041
585.451 -1.042
586.102 -1.043
586.755 -1.044
587.41 -1.045
588.068 -1.046
588.727 -1.047
589.388 -1.048
590.051 -1.049
590.717 -1.05
591.384 -1.051
592.053 -1.052
592.725 -1.053
593.399 -1.054
594.074 -1.055
594.752 -1.056
595.432 -1.057
596.114 -1.058
596.798 -1.059
597.485 -1.06
598.173 -1.061
598.863 -1.062
599.556 -1.063
600.25 -1.064
600.947 -1.065
601.646 -1.066
602.347 -1.067
603.05 -1.068
603.755 -1.069
604.462 -1.07
605.172 -1.071
605.884 -1.072
606.597 -1.073
607.313 -1.074
608.032 -1.075
608.752 -1.076
609.474 -1.077
610.199 -1.078
610.925 -1.079
611.654 -1.08
612.385 -1.081
613.118 -1.082
613.854 -1.083
614.591 -1.084
615.331 -1.085
616.073 -1.086
616.817 -1.087
617.563 -1.088
618.311 -1.089
619.062 -1.09
619.814 -1.091
620.569 -1.092
621.326 -1.093
622.086 -1.094
622.847 -1.095
623.611 -1.096
624.377 -1.097
625.145 -1.098
625.916 -1.099
626.688 -1.1
627.463 -1.101
628.24 -1.102
629.02 -1.103
629.801 -1.104
630.585 -1.105
631.371 -1.106
632.159 -1.107
632.95 -1.108
633.742 -1.109
634.537 -1.11
635.335 -1.111
636.134 -1.112
636.936 -1.113
637.74 -1.114
638.546 -1.115
639.354 -1.116
640.165 -1.117
640.978 -1.118
641.794 -1.119
642.611 -1.12
643.431 -1.121
644.253 -1.122
645.078 -1.123
645.905 -1.124
646.734 -1.125
647.565 -1.126
648.399 -1.127
649.235 -1.128
650.073 -1.129
650.913 -1.13
651.756 -1.131
652.601 -1.132
653.449 -1.133
654.299 -1.134
655.151 -1.135
656.005 -1.136
656.862 -1.137
657.721 -1.138
658.582 -1.139
659.446 -1.14
660.312 -1.141
661.181 -1.142
662.052 -1.143
662.925 -1.144
663.8 -1.145
664.678 -1.146
665.558 -1.147
666.441 -1.148
667.325 -1.149
668.213 -1.15
669.102 -1.151
669.994 -1.152
670.889 -1.153
671.786 -1.154
672.685 -1.155
673.586 -1.156
674.49 -1.157
675.396 -1.158
676.305 -1.159
677.216 -1.16
678.129 -1.161
679.045 -1.162
679.963 -1.163
680.884 -1.164
681.806 -1.165
682.732 -1.166
683.66 -1.167
684.59 -1.168
685.522 -1.169
686.457 -1.17
687.395 -1.171
688.335 -1.172
689.277 -1.173
690.221 -1.174
691.168 -1.175
692.118 -1.176
693.07 -1.177
694.024 -1.178
694.981 -1.179
695.94 -1.18
696.902 -1.181
697.866 -1.182
698.833 -1.183
699.802 -1.184
700.773 -1.185
701.747 -1.186
702.723 -1.187
703.702 -1.188
704.683 -1.189
705.666 -1.19
706.652 -1.191
707.641 -1.192
708.632 -1.193
709.625 -1.194
710.621 -1.195
711.619 -1.196
712.62 -1.197
713.624 -1.198
714.63 -1.199
715.638 -1.2
716.649 -1.201
717.662 -1.202
718.677 -1.203
719.696 -1.204
720.716 -1.205
721.739 -1.206
722.765 -1.207
723.793 -1.208
724.824 -1.209
725.857 -1.21
726.892 -1.211
727.931 -1.212
728.971 -1.213
730.014 -1.214
731.06 -1.215
732.108 -1.216
733.159 -1.217
734.212 -1.218
735.268 -1.219
736.326 -1.22
737.387 -1.221
738.45 -1.222
739.516 -1.223
740.585 -1.224
741.656 -1.225
742.729 -1.226
743.806 -1.227
744.884 -1.228
745.966 -1.229
747.049 -1.23
748.136 -1.231
749.225 -1.232
750.316 -1.233
751.41 -1.234
752.507 -1.235
753.607 -1.236
754.708 -1.237
755.813 -1.238
756.92 -1.239
758.03 -1.24
759.142 -1.241
760.257 -1.242
761.374 -1.243
762.494 -1.244
763.617 -1.245
764.742 -1.246
765.87 -1.247
767 -1.248
768.133 -1.249
769.269 -1.25
770.407 -1.251
771.547 -1.252
772.691 -1.253
773.837 -1.254
774.985 -1.255
776.136 -1.256
777.29 -1.257
778.447 -1.258
779.606 -1.259
780.767 -1.26
781.932 -1.261
783.099 -1.262
784.268 -1.263
785.44 -1.264
786.615 -1.265
787.793 -1.266
788.973 -1.267
790.155 -1.268
791.341 -1.269
792.529 -1.27
793.719 -1.271
794.912 -1.272
796.108 -1.273
797.306 -1.274
798.507 -1.275
799.711 -1.276
800.917 -1.277
802.126 -1.278
803.338 -1.279
804.552 -1.28
805.769 -1.281
806.989 -1.282
808.211 -1.283
809.436 -1.284
810.664 -1.285
811.894 -1.286
813.127 -1.287
814.363 -1.288
815.601 -1.289
816.842 -1.29
818.086 -1.291
819.332 -1.292
820.581 -1.293
821.833 -1.294
823.087 -1.295
824.344 -1.296
825.604 -1.297
826.866 -1.298
828.131 -1.299
829.399 -1.3
830.669 -1.301
831.942 -1.302
833.218 -1.303
834.496 -1.304
835.777 -1.305
837.061 -1.306
838.348 -1.307
839.637 -1.308
840.929 -1.309
842.224 -1.31
843.522 -1.311
844.822 -1.312
846.125 -1.313
847.431 -1.314
848.739 -1.315
850.05 -1.316
851.364 -1.317
852.68 -1.318
854 -1.319
855.322 -1.32
856.647 -1.321
857.975 -1.322
859.305 -1.323
860.638 -1.324
861.974 -1.325
863.313 -1.326
864.655 -1.327
865.999 -1.328
867.347 -1.329
868.697 -1.33
870.05 -1.331
871.405 -1.332
872.764 -1.333
874.125 -1.334
875.489 -1.335
876.856 -1.336
878.226 -1.337
879.598 -1.338
880.974 -1.339
882.352 -1.34
883.733 -1.341
885.116 -1.342
886.503 -1.343
887.893 -1.344
889.285 -1.345
890.681 -1.346
892.079 -1.347
893.479 -1.348
894.883 -1.349
896.289 -1.35
897.699 -1.351
899.111 -1.352
900.526 -1.353
901.944 -1.354
903.365 -1.355
904.789 -1.356
906.216 -1.357
907.645 -1.358
909.078 -1.359
910.514 -1.36
911.953 -1.361
913.394 -1.362
914.839 -1.363
916.287 -1.364
917.737 -1.365
919.191 -1.366
920.648 -1.367
922.108 -1.368
923.57 -1.369
925.036 -1.37
926.505 -1.371
927.977 -1.372
929.451 -1.373
930.929 -1.374
932.41 -1.375
933.894 -1.376
935.381 -1.377
936.871 -1.378
938.363 -1.379
939.859 -1.38
941.358 -1.381
942.86 -1.382
944.365 -1.383
945.873 -1.384
947.383 -1.385
948.897 -1.386
950.414 -1.387
951.934 -1.388
953.457 -1.389
954.982 -1.39
956.511 -1.391
958.043 -1.392
959.578 -1.393
961.116 -1.394
962.658 -1.395
964.202 -1.396
965.75 -1.397
967.301 -1.398
968.855 -1.399
970.412 -1.4
971.973 -1.401
973.536 -1.402
975.103 -1.403
976.673 -1.404
978.246 -1.405
979.822 -1.406
981.402 -1.407
982.985 -1.408
984.571 -1.409
986.16 -1.41
987.752 -1.411
989.347 -1.412
990.946 -1.413
992.547 -1.414
994.152 -1.415
995.76 -1.416
997.371 -1.417
998.985 -1.418
1000.6 -1.419
1002.22 -1.42
1003.85 -1.421
1005.47 -1.422
1007.1 -1.423
1008.74 -1.424
1010.37 -1.425
1012.01 -1.426
1013.65 -1.427
1015.3 -1.428
1016.95 -1.429
1018.6 -1.43
1020.26 -1.431
1021.92 -1.432
1023.58 -1.433
1025.24 -1.434
1026.91 -1.435
1028.58 -1.436
1030.26 -1.437
1031.94 -1.438
1033.62 -1.439
1035.3 -1.44
1036.99 -1.441
1038.68 -1.442
1040.38 -1.443
1042.07 -1.444
1043.78 -1.445
1045.48 -1.446
1047.19 -1.447
1048.9 -1.448
1050.61 -1.449
1052.33 -1.45
1054.05 -1.451
1055.78 -1.452
1057.5 -1.453
1059.24 -1.454
1060.97 -1.455
1062.71 -1.456
1064.45 -1.457
1066.19 -1.458
1067.94 -1.459
1069.69 -1.46
1071.45 -1.461
1073.2 -1.462
1074.96 -1.463
1076.73 -1.464
1078.49 -1.465
1080.27 -1.466
1082.04 -1.467
1083.82 -1.468
1085.6 -1.469
1087.38 -1.47
1089.17 -1.471
1090.96 -1.472
1092.75 -1.473
1094.55 -1.474
1096.35 -1.475
1098.16 -1.476
1099.96 -1.477
1101.77 -1.478
1103.59 -1.479
1105.41 -1.48
1107.23 -1.481
1109.05 -1.482
1110.88 -1.483
1112.71 -1.484
1114.55 -1.485
1116.39 -1.486
1118.23 -1.487
1120.07 -1.488
1121.92 -1.489
1123.77 -1.49
1125.63 -1.491
1127.49 -1.492
1129.35 -1.493
1131.22 -1.494
1133.09 -1.495
1134.96 -1.496
1136.83 -1.497
1138.71 -1.498
1140.6 -1.499
1142.48 -1.5
