14.8826 -0.001
29.7444 -0.002
44.5851 -0.003
59.4047 -0.004
74.2028 -0.005
88.9795 -0.006
103.734 -0.007
118.468 -0.008
133.179 -0.009
147.867 -0.01
162.534 -0.011
177.178 -0.012
191.799 -0.013
206.397 -0.014
220.972 -0.015
235.523 -0.016
250.051 -0.017
264.555 -0.018
279.035 -0.019
293.491 -0.02
307.922 -0.021
322.329 -0.022
336.711 -0.023
351.068 -0.024
365.399 -0.025
379.705 -0.026
393.984 -0.027
408.238 -0.028
422.465 -0.029
436.665 -0.03
450.838 -0.031
464.985 -0.032
479.103 -0.033
493.194 -0.034
507.256 -0.035
521.29 -0.036
535.294 -0.037
549.27 -0.038
563.216 -0.039
576.952 -0.04
590.026 -0.041
601.954 -0.042
612.701 -0.043
623.426 -0.044
634.129 -0.045
644.803 -0.046
655.447 -0.047
666.066 -0.048
676.653 -0.049
687.209 -0.05
697.737 -0.051
708.236 -0.052
718.706 -0.053
729.156 -0.054
739.59 -0.055
749.988 -0.056
760.193 -0.057
769.876 -0.058
778.694 -0.059
786.718 -0.06
793.673 -0.061
799.725 -0.062
804.757 -0.063
808.34 -0.064
811.352 -0.065
813.88 -0.066
816.196 -0.067
818.461 -0.068
820.471 -0.069
822.284 -0.07
824.041 -0.071
825.382 -0.072
826.491 -0.073
827.245 -0.074
827.961 -0.075
828.637 -0.076
829.279 -0.077
829.893 -0.078
830.481 -0.079
831.045 -0.08
831.591 -0.081
832.123 -0.082
832.633 -0.083
833.133 -0.084
833.623 -0.085
834.102 -0.086
834.568 -0.087
835.025 -0.088
835.475 -0.089
835.917 -0.09
836.352 -0.091
836.78 -0.092
837.2 -0.093
837.609 -0.094
838.011 -0.095
838.404 -0.096
838.788 -0.097
839.165 -0.098
839.534 -0.099
839.896 -0.1
840.249 -0.101
840.591 -0.102
840.927 -0.103
841.253 -0.104
841.57 -0.105
841.883 -0.106
842.187 -0.107
842.482 -0.108
842.773 -0.109
843.056 -0.11
843.332 -0.111
843.604 -0.112
843.867 -0.113
844.123 -0.114
844.377 -0.115
844.627 -0.116
844.871 -0.117
845.109 -0.118
845.344 -0.119
845.574 -0.12
845.8 -0.121
846.023 -0.122
846.243 -0.123
846.458 -0.124
846.67 -0.125
846.879 -0.126
847.083 -0.127
847.281 -0.128
847.476 -0.129
847.668 -0.13
847.859 -0.131
848.045 -0.132
848.227 -0.133
848.406 -0.134
848.583 -0.135
848.758 -0.136
848.93 -0.137
849.1 -0.138
849.266 -0.139
849.43 -0.14
849.594 -0.141
849.756 -0.142
849.916 -0.143
850.071 -0.144
850.224 -0.145
850.377 -0.146
850.53 -0.147
850.681 -0.148
850.831 -0.149
850.977 -0.15
851.123 -0.151
851.268 -0.152
851.412 -0.153
851.555 -0.154
851.697 -0.155
851.837 -0.156
851.977 -0.157
852.116 -0.158
852.255 -0.159
852.393 -0.16
852.531 -0.161
852.668 -0.162
852.803 -0.163
852.939 -0.164
853.073 -0.165
853.208 -0.166
853.341 -0.167
853.475 -0.168
853.608 -0.169
853.74 -0.17
853.873 -0.171
854.005 -0.172
854.136 -0.173
854.268 -0.174
854.399 -0.175
854.529 -0.176
854.66 -0.177
854.79 -0.178
854.919 -0.179
855.049 -0.18
855.178 -0.181
855.307 -0.182
855.436 -0.183
855.564 -0.184
855.692 -0.185
855.82 -0.186
855.948 -0.187
856.075 -0.188
856.202 -0.189
856.329 -0.19
856.456 -0.191
856.583 -0.192
856.709 -0.193
856.835 -0.194
856.961 -0.195
857.087 -0.196
857.212 -0.197
857.338 -0.198
857.463 -0.199
857.588 -0.2
857.712 -0.201
857.836 -0.202
857.961 -0.203
858.084 -0.204
858.208 -0.205
858.332 -0.206
858.455 -0.207
858.579 -0.208
858.702 -0.209
858.825 -0.21
858.947 -0.211
859.07 -0.212
859.192 -0.213
859.315 -0.214
859.437 -0.215
859.558 -0.216
859.68 -0.217
859.801 -0.218
859.922 -0.219
860.042 -0.22
860.163 -0.221
860.283 -0.222
860.403 -0.223
860.523 -0.224
860.643 -0.225
860.762 -0.226
860.881 -0.227
861.001 -0.228
861.12 -0.229
861.238 -0.23
861.357 -0.231
861.475 -0.232
861.593 -0.233
861.711 -0.234
861.829 -0.235
861.946 -0.236
862.063 -0.237
862.179 -0.238
862.296 -0.239
862.412 -0.24
862.528 -0.241
862.644 -0.242
862.76 -0.243
862.876 -0.244
862.991 -0.245
863.107 -0.246
863.222 -0.247
863.337 -0.248
863.452 -0.249
863.567 -0.25
863.682 -0.251
863.796 -0.252
863.911 -0.253
864.025 -0.254
864.139 -0.255
864.253 -0.256
864.367 -0.257
864.48 -0.258
864.593 -0.259
864.705 -0.26
864.818 -0.261
864.93 -0.262
865.042 -0.263
865.153 -0.264
865.264 -0.265
865.375 -0.266
865.486 -0.267
865.596 -0.268
865.706 -0.269
865.816 -0.27
865.925 -0.271
866.034 -0.272
866.142 -0.273
866.25 -0.274
866.357 -0.275
866.464 -0.276
866.571 -0.277
866.678 -0.278
866.785 -0.279
866.892 -0.28
866.998 -0.281
867.105 -0.282
867.211 -0.283
867.317 -0.284
867.423 -0.285
867.529 -0.286
867.635 -0.287
867.741 -0.288
867.847 -0.289
867.952 -0.29
868.057 -0.291
868.163 -0.292
868.268 -0.293
868.373 -0.294
868.478 -0.295
868.582 -0.296
868.687 -0.297
868.791 -0.298
868.896 -0.299
869 -0.3
869.104 -0.301
869.208 -0.302
869.312 -0.303
869.416 -0.304
869.52 -0.305
869.623 -0.306
869.727 -0.307
869.83 -0.308
869.933 -0.309
870.036 -0.31
870.139 -0.311
870.242 -0.312
870.345 -0.313
870.448 -0.314
870.55 -0.315
870.653 -0.316
870.755 -0.317
870.857 -0.318
870.96 -0.319
871.062 -0.32
871.164 -0.321
871.266 -0.322
871.367 -0.323
871.469 -0.324
871.57 -0.325
871.672 -0.326
871.773 -0.327
871.873 -0.328
871.974 -0.329
872.074 -0.33
872.174 -0.331
872.274 -0.332
872.374 -0.333
872.474 -0.334
872.574 -0.335
872.673 -0.336
872.773 -0.337
872.872 -0.338
872.971 -0.339
873.069 -0.34
873.168 -0.341
873.266 -0.342
873.364 -0.343
873.463 -0.344
873.561 -0.345
873.658 -0.346
873.756 -0.347
873.854 -0.348
873.951 -0.349
874.048 -0.35
874.145 -0.351
874.242 -0.352
874.338 -0.353
874.435 -0.354
874.531 -0.355
874.627 -0.356
874.724 -0.357
874.82 -0.358
874.916 -0.359
875.011 -0.36
875.107 -0.361
875.202 -0.362
875.297 -0.363
875.392 -0.364
875.487 -0.365
875.581 -0.366
875.676 -0.367
875.77 -0.368
875.865 -0.369
875.959 -0.37
876.054 -0.371
876.148 -0.372
876.242 -0.373
876.337 -0.374
876.431 -0.375
876.525 -0.376
876.619 -0.377
876.713 -0.378
876.807 -0.379
876.901 -0.38
876.995 -0.381
877.089 -0.382
877.182 -0.383
877.276 -0.384
877.37 -0.385
877.463 -0.386
877.557 -0.387
877.65 -0.388
877.744 -0.389
877.837 -0.39
877.93 -0.391
878.024 -0.392
878.117 -0.393
878.21 -0.394
878.303 -0.395
878.396 -0.396
878.489 -0.397
878.582 -0.398
878.675 -0.399
878.768 -0.4
878.861 -0.401
878.954 -0.402
879.047 -0.403
879.14 -0.404
879.232 -0.405
879.325 -0.406
879.418 -0.407
879.51 -0.408
879.603 -0.409
879.695 -0.41
879.788 -0.411
879.88 -0.412
879.972 -0.413
880.065 -0.414
880.157 -0.415
880.249 -0.416
880.342 -0.417
880.434 -0.418
880.526 -0.419
880.618 -0.42
880.71 -0.421
880.802 -0.422
880.894 -0.423
880.986 -0.424
881.078 -0.425
881.17 -0.426
881.262 -0.427
881.354 -0.428
881.446 -0.429
881.537 -0.43
881.629 -0.431
881.721 -0.432
881.812 -0.433
881.904 -0.434
881.995 -0.435
882.086 -0.436
882.177 -0.437
882.268 -0.438
882.359 -0.439
882.45 -0.44
882.54 -0.441
882.631 -0.442
882.721 -0.443
882.812 -0.444
882.902 -0.445
882.992 -0.446
883.083 -0.447
883.173 -0.448
883.263 -0.449
883.353 -0.45
883.443 -0.451
883.533 -0.452
883.623 -0.453
883.713 -0.454
883.803 -0.455
883.892 -0.456
883.982 -0.457
884.072 -0.458
884.161 -0.459
884.251 -0.46
884.34 -0.461
884.43 -0.462
884.519 -0.463
884.608 -0.464
884.698 -0.465
884.787 -0.466
884.876 -0.467
884.965 -0.468
885.053 -0.469
885.142 -0.47
885.231 -0.471
885.32 -0.472
885.408 -0.473
885.497 -0.474
885.585 -0.475
885.673 -0.476
885.762 -0.477
885.85 -0.478
885.938 -0.479
886.026 -0.48
886.114 -0.481
886.202 -0.482
886.289 -0.483
886.377 -0.484
886.464 -0.485
886.552 -0.486
886.639 -0.487
886.726 -0.488
886.813 -0.489
886.9 -0.49
886.987 -0.491
887.073 -0.492
887.16 -0.493
887.246 -0.494
887.333 -0.495
887.419 -0.496
887.505 -0.497
887.591 -0.498
887.677 -0.499
887.763 -0.5
887.848 -0.501
887.934 -0.502
888.019 -0.503
888.104 -0.504
888.189 -0.505
888.274 -0.506
888.359 -0.507
888.444 -0.508
888.528 -0.509
888.613 -0.51
888.697 -0.511
888.78 -0.512
888.864 -0.513
888.947 -0.514
889.031 -0.515
889.113 -0.516
889.196 -0.517
889.278 -0.518
889.36 -0.519
889.441 -0.52
889.522 -0.521
889.602 -0.522
889.681 -0.523
889.76 -0.524
889.838 -0.525
889.916 -0.526
889.995 -0.527
890.073 -0.528
890.15 -0.529
890.227 -0.53
890.303 -0.531
890.381 -0.532
890.459 -0.533
890.536 -0.534
890.612 -0.535
890.688 -0.536
890.764 -0.537
890.84 -0.538
890.916 -0.539
890.991 -0.54
891.066 -0.541
891.14 -0.542
891.215 -0.543
891.289 -0.544
891.362 -0.545
891.434 -0.546
891.506 -0.547
891.578 -0.548
891.649 -0.549
891.719 -0.55
891.789 -0.551
891.858 -0.552
891.924 -0.553
891.989 -0.554
892.052 -0.555
892.114 -0.556
892.174 -0.557
892.226 -0.558
892.268 -0.559
892.304 -0.56
892.335 -0.561
892.357 -0.562
892.368 -0.563
892.362 -0.564
892.338 -0.565
892.301 -0.566
892.253 -0.567
892.206 -0.568
892.156 -0.569
892.098 -0.57
892.024 -0.571
891.935 -0.572
891.842 -0.573
891.758 -0.574
891.665 -0.575
891.564 -0.576
891.455 -0.577
891.344 -0.578
891.231 -0.579
891.113 -0.58
890.993 -0.581
890.876 -0.582
890.761 -0.583
890.67 -0.584
890.602 -0.585
890.538 -0.586
890.505 -0.587
890.486 -0.588
890.48 -0.589
890.511 -0.59
890.58 -0.591
890.668 -0.592
890.791 -0.593
890.923 -0.594
891.076 -0.595
891.235 -0.596
891.413 -0.597
891.595 -0.598
891.778 -0.599
891.949 -0.6
892.115 -0.601
892.278 -0.602
892.436 -0.603
892.583 -0.604
892.718 -0.605
892.84 -0.606
892.959 -0.607
893.075 -0.608
893.189 -0.609
893.3 -0.61
893.409 -0.611
893.514 -0.612
893.616 -0.613
893.715 -0.614
893.809 -0.615
893.898 -0.616
893.981 -0.617
894.059 -0.618
894.156 -0.619
894.249 -0.62
894.336 -0.621
894.418 -0.622
894.493 -0.623
894.578 -0.624
894.682 -0.625
894.784 -0.626
894.883 -0.627
894.979 -0.628
895.072 -0.629
895.17 -0.63
895.278 -0.631
895.384 -0.632
895.488 -0.633
895.589 -0.634
895.687 -0.635
895.798 -0.636
895.914 -0.637
896.029 -0.638
896.144 -0.639
896.258 -0.64
896.381 -0.641
896.506 -0.642
896.625 -0.643
896.735 -0.644
896.842 -0.645
896.954 -0.646
897.068 -0.647
897.179 -0.648
897.285 -0.649
897.386 -0.65
897.479 -0.651
897.568 -0.652
897.658 -0.653
897.748 -0.654
897.838 -0.655
897.929 -0.656
898.019 -0.657
898.11 -0.658
898.201 -0.659
898.292 -0.66
898.382 -0.661
898.473 -0.662
898.564 -0.663
898.655 -0.664
898.747 -0.665
898.838 -0.666
898.929 -0.667
899.021 -0.668
899.113 -0.669
899.205 -0.67
899.297 -0.671
899.389 -0.672
899.482 -0.673
899.575 -0.674
899.667 -0.675
899.76 -0.676
899.854 -0.677
899.947 -0.678
900.041 -0.679
900.135 -0.68
900.229 -0.681
900.323 -0.682
900.418 -0.683
900.512 -0.684
900.607 -0.685
900.703 -0.686
900.798 -0.687
900.894 -0.688
900.989 -0.689
901.085 -0.69
901.182 -0.691
901.279 -0.692
901.375 -0.693
901.472 -0.694
901.569 -0.695
901.666 -0.696
901.762 -0.697
901.859 -0.698
901.956 -0.699
902.053 -0.7
902.15 -0.701
902.247 -0.702
902.344 -0.703
902.442 -0.704
902.539 -0.705
902.636 -0.706
902.734 -0.707
902.831 -0.708
902.929 -0.709
903.026 -0.71
903.124 -0.711
903.222 -0.712
903.319 -0.713
903.417 -0.714
903.515 -0.715
903.613 -0.716
903.711 -0.717
903.809 -0.718
903.907 -0.719
904.005 -0.72
904.103 -0.721
904.202 -0.722
904.3 -0.723
904.398 -0.724
904.497 -0.725
904.595 -0.726
904.694 -0.727
904.793 -0.728
904.892 -0.729
904.992 -0.73
905.092 -0.731
905.192 -0.732
905.292 -0.733
905.392 -0.734
905.493 -0.735
905.593 -0.736
905.694 -0.737
905.795 -0.738
905.897 -0.739
905.999 -0.74
906.101 -0.741
906.203 -0.742
906.306 -0.743
906.409 -0.744
906.512 -0.745
906.615 -0.746
906.718 -0.747
906.822 -0.748
906.926 -0.749
907.03 -0.75
907.134 -0.751
907.238 -0.752
907.342 -0.753
907.447 -0.754
907.551 -0.755
907.656 -0.756
907.76 -0.757
907.865 -0.758
907.969 -0.759
908.074 -0.76
908.179 -0.761
908.284 -0.762
908.389 -0.763
908.494 -0.764
908.599 -0.765
908.704 -0.766
908.81 -0.767
908.915 -0.768
909.021 -0.769
909.127 -0.77
909.232 -0.771
909.338 -0.772
909.444 -0.773
909.55 -0.774
909.656 -0.775
909.762 -0.776
909.868 -0.777
909.974 -0.778
910.081 -0.779
910.187 -0.78
910.294 -0.781
910.4 -0.782
910.507 -0.783
910.614 -0.784
910.72 -0.785
910.827 -0.786
910.935 -0.787
911.042 -0.788
911.149 -0.789
911.256 -0.79
911.363 -0.791
911.471 -0.792
911.579 -0.793
911.686 -0.794
911.794 -0.795
911.902 -0.796
912.01 -0.797
912.118 -0.798
912.226 -0.799
912.334 -0.8
912.443 -0.801
912.551 -0.802
912.66 -0.803
912.768 -0.804
912.877 -0.805
912.986 -0.806
913.095 -0.807
913.204 -0.808
913.314 -0.809
913.423 -0.81
913.532 -0.811
913.642 -0.812
913.752 -0.813
913.861 -0.814
913.971 -0.815
914.081 -0.816
914.191 -0.817
914.301 -0.818
914.411 -0.819
914.521 -0.82
914.631 -0.821
914.741 -0.822
914.852 -0.823
914.962 -0.824
915.073 -0.825
915.183 -0.826
915.294 -0.827
915.405 -0.828
915.516 -0.829
915.627 -0.83
915.738 -0.831
915.849 -0.832
915.96 -0.833
916.071 -0.834
916.183 -0.835
916.294 -0.836
916.406 -0.837
916.517 -0.838
916.629 -0.839
916.74 -0.84
916.852 -0.841
916.963 -0.842
917.075 -0.843
917.187 -0.844
917.299 -0.845
917.41 -0.846
917.522 -0.847
917.634 -0.848
917.746 -0.849
917.857 -0.85
917.969 -0.851
918.08 -0.852
918.192 -0.853
918.303 -0.854
918.414 -0.855
918.524 -0.856
918.635 -0.857
918.744 -0.858
918.851 -0.859
918.957 -0.86
919.06 -0.861
919.161 -0.862
919.259 -0.863
919.355 -0.864
919.448 -0.865
919.537 -0.866
919.624 -0.867
919.708 -0.868
919.791 -0.869
919.873 -0.87
919.953 -0.871
920.032 -0.872
920.108 -0.873
920.182 -0.874
920.253 -0.875
920.321 -0.876
920.387 -0.877
920.45 -0.878
920.51 -0.879
920.567 -0.88
920.621 -0.881
920.675 -0.882
920.729 -0.883
920.783 -0.884
920.838 -0.885
920.893 -0.886
920.949 -0.887
921.006 -0.888
921.062 -0.889
921.118 -0.89
921.172 -0.891
921.226 -0.892
921.28 -0.893
921.334 -0.894
921.388 -0.895
921.442 -0.896
921.497 -0.897
921.552 -0.898
921.609 -0.899
921.665 -0.9
921.721 -0.901
921.776 -0.902
921.83 -0.903
921.886 -0.904
921.942 -0.905
921.998 -0.906
922.055 -0.907
922.113 -0.908
922.171 -0.909
922.23 -0.91
922.29 -0.911
922.351 -0.912
922.417 -0.913
922.499 -0.914
922.582 -0.915
922.666 -0.916
922.764 -0.917
922.863 -0.918
922.963 -0.919
923.069 -0.92
923.182 -0.921
923.296 -0.922
923.408 -0.923
923.523 -0.924
923.634 -0.925
923.741 -0.926
923.848 -0.927
923.97 -0.928
924.102 -0.929
924.235 -0.93
924.376 -0.931
924.523 -0.932
924.671 -0.933
924.819 -0.934
924.978 -0.935
925.136 -0.936
925.29 -0.937
925.439 -0.938
925.591 -0.939
925.744 -0.94
925.897 -0.941
926.049 -0.942
926.202 -0.943
926.357 -0.944
926.514 -0.945
926.67 -0.946
926.826 -0.947
926.982 -0.948
927.139 -0.949
927.297 -0.95
927.455 -0.951
927.613 -0.952
927.771 -0.953
927.929 -0.954
928.088 -0.955
928.245 -0.956
928.404 -0.957
928.564 -0.958
928.725 -0.959
928.885 -0.96
929.046 -0.961
929.207 -0.962
929.368 -0.963
929.53 -0.964
929.693 -0.965
929.856 -0.966
930.02 -0.967
930.184 -0.968
930.347 -0.969
930.511 -0.97
930.674 -0.971
930.837 -0.972
931.001 -0.973
931.164 -0.974
931.326 -0.975
931.486 -0.976
931.644 -0.977
931.799 -0.978
931.95 -0.979
932.1 -0.98
932.251 -0.981
932.402 -0.982
932.553 -0.983
932.705 -0.984
932.856 -0.985
933.007 -0.986
933.156 -0.987
933.303 -0.988
933.447 -0.989
933.585 -0.99
933.724 -0.991
933.862 -0.992
934.001 -0.993
934.141 -0.994
934.28 -0.995
934.42 -0.996
934.56 -0.997
934.7 -0.998
934.84 -0.999
934.98 -1
935.12 -1.001
935.261 -1.002
935.401 -1.003
935.542 -1.004
935.683 -1.005
935.824 -1.006
935.966 -1.007
936.107 -1.008
936.248 -1.009
936.39 -1.01
936.532 -1.011
936.674 -1.012
936.816 -1.013
936.958 -1.014
937.101 -1.015
937.244 -1.016
937.387 -1.017
937.53 -1.018
937.673 -1.019
937.817 -1.02
937.961 -1.021
938.105 -1.022
938.249 -1.023
938.393 -1.024
938.537 -1.025
938.682 -1.026
938.827 -1.027
938.972 -1.028
939.117 -1.029
939.263 -1.03
939.408 -1.031
939.554 -1.032
939.7 -1.033
939.846 -1.034
939.992 -1.035
940.139 -1.036
940.286 -1.037
940.433 -1.038
940.58 -1.039
940.727 -1.04
940.874 -1.041
941.022 -1.042
941.17 -1.043
941.318 -1.044
941.466 -1.045
941.615 -1.046
941.763 -1.047
941.912 -1.048
942.06 -1.049
942.209 -1.05
942.359 -1.051
942.508 -1.052
942.658 -1.053
942.807 -1.054
942.957 -1.055
943.107 -1.056
943.258 -1.057
943.408 -1.058
943.559 -1.059
943.71 -1.06
943.861 -1.061
944.013 -1.062
944.165 -1.063
944.316 -1.064
944.468 -1.065
944.62 -1.066
944.773 -1.067
944.925 -1.068
945.078 -1.069
945.231 -1.07
945.385 -1.071
945.538 -1.072
945.692 -1.073
945.846 -1.074
946.001 -1.075
946.156 -1.076
946.311 -1.077
946.466 -1.078
946.621 -1.079
946.777 -1.08
946.933 -1.081
947.089 -1.082
947.245 -1.083
947.402 -1.084
947.559 -1.085
947.716 -1.086
947.874 -1.087
948.032 -1.088
948.19 -1.089
948.349 -1.09
948.508 -1.091
948.667 -1.092
948.827 -1.093
948.986 -1.094
949.146 -1.095
949.306 -1.096
949.466 -1.097
949.627 -1.098
949.787 -1.099
949.948 -1.1
950.109 -1.101
950.27 -1.102
950.431 -1.103
950.593 -1.104
950.754 -1.105
950.916 -1.106
951.079 -1.107
951.242 -1.108
951.406 -1.109
951.57 -1.11
951.734 -1.111
951.898 -1.112
952.062 -1.113
952.226 -1.114
952.391 -1.115
952.555 -1.116
952.719 -1.117
952.883 -1.118
953.047 -1.119
953.209 -1.12
953.37 -1.121
953.53 -1.122
953.687 -1.123
953.841 -1.124
953.992 -1.125
954.142 -1.126
954.293 -1.127
954.445 -1.128
954.597 -1.129
954.75 -1.13
954.902 -1.131
955.055 -1.132
955.208 -1.133
955.362 -1.134
955.515 -1.135
955.669 -1.136
955.823 -1.137
955.977 -1.138
956.132 -1.139
956.286 -1.14
956.441 -1.141
956.596 -1.142
956.752 -1.143
956.907 -1.144
957.063 -1.145
957.219 -1.146
957.375 -1.147
957.532 -1.148
957.689 -1.149
957.846 -1.15
958.003 -1.151
958.16 -1.152
958.318 -1.153
958.476 -1.154
958.634 -1.155
958.792 -1.156
958.951 -1.157
959.109 -1.158
959.269 -1.159
959.438 -1.16
959.607 -1.161
959.775 -1.162
959.943 -1.163
960.111 -1.164
960.278 -1.165
960.446 -1.166
960.614 -1.167
960.782 -1.168
960.949 -1.169
961.117 -1.17
961.28 -1.171
961.441 -1.172
961.603 -1.173
961.764 -1.174
961.924 -1.175
962.082 -1.176
962.239 -1.177
962.395 -1.178
962.55 -1.179
962.705 -1.18
962.862 -1.181
963.024 -1.182
963.186 -1.183
963.348 -1.184
963.513 -1.185
963.683 -1.186
963.854 -1.187
964.026 -1.188
964.202 -1.189
964.379 -1.19
964.555 -1.191
964.734 -1.192
964.913 -1.193
965.092 -1.194
965.272 -1.195
965.451 -1.196
965.631 -1.197
965.812 -1.198
965.992 -1.199
966.173 -1.2
966.354 -1.201
966.535 -1.202
966.717 -1.203
966.898 -1.204
967.08 -1.205
967.269 -1.206
967.461 -1.207
967.652 -1.208
967.844 -1.209
968.035 -1.21
968.226 -1.211
968.417 -1.212
968.609 -1.213
968.8 -1.214
968.991 -1.215
969.183 -1.216
969.374 -1.217
969.566 -1.218
969.757 -1.219
969.949 -1.22
970.139 -1.221
970.327 -1.222
970.515 -1.223
970.702 -1.224
970.89 -1.225
971.081 -1.226
971.272 -1.227
971.462 -1.228
971.653 -1.229
971.843 -1.23
972.034 -1.231
972.225 -1.232
972.415 -1.233
972.605 -1.234
972.795 -1.235
972.986 -1.236
973.176 -1.237
973.372 -1.238
973.569 -1.239
973.765 -1.24
973.963 -1.241
974.161 -1.242
974.363 -1.243
974.568 -1.244
974.774 -1.245
974.98 -1.246
975.186 -1.247
975.397 -1.248
975.608 -1.249
975.82 -1.25
976.032 -1.251
976.243 -1.252
976.457 -1.253
976.671 -1.254
976.886 -1.255
977.1 -1.256
977.315 -1.257
977.53 -1.258
977.745 -1.259
977.96 -1.26
978.175 -1.261
978.39 -1.262
978.605 -1.263
978.82 -1.264
979.035 -1.265
979.251 -1.266
979.466 -1.267
979.681 -1.268
979.896 -1.269
980.111 -1.27
980.326 -1.271
980.542 -1.272
980.757 -1.273
980.972 -1.274
981.186 -1.275
981.4 -1.276
981.613 -1.277
981.827 -1.278
982.041 -1.279
982.255 -1.28
982.468 -1.281
982.68 -1.282
982.893 -1.283
983.105 -1.284
983.317 -1.285
983.53 -1.286
983.741 -1.287
983.951 -1.288
984.162 -1.289
984.372 -1.29
984.583 -1.291
984.791 -1.292
984.999 -1.293
985.207 -1.294
985.415 -1.295
985.623 -1.296
985.831 -1.297
986.04 -1.298
986.249 -1.299
986.458 -1.3
