6.46582 -0.001
12.9247 -0.002
19.3766 -0.003
25.8216 -0.004
32.2594 -0.005
38.6902 -0.006
45.1138 -0.007
51.5301 -0.008
57.9393 -0.009
64.3411 -0.01
70.7355 -0.011
77.1226 -0.012
83.5021 -0.013
89.8742 -0.014
96.2386 -0.015
102.595 -0.016
108.945 -0.017
115.286 -0.018
121.619 -0.019
127.945 -0.02
134.263 -0.021
140.572 -0.022
146.874 -0.023
153.168 -0.024
159.453 -0.025
165.73 -0.026
171.998 -0.027
178.259 -0.028
184.51 -0.029
190.754 -0.03
196.988 -0.031
203.214 -0.032
209.431 -0.033
215.639 -0.034
221.838 -0.035
228.028 -0.036
234.209 -0.037
240.381 -0.038
246.543 -0.039
252.696 -0.04
258.84 -0.041
264.974 -0.042
271.098 -0.043
277.213 -0.044
283.317 -0.045
289.412 -0.046
295.496 -0.047
301.57 -0.048
307.634 -0.049
313.687 -0.05
319.698 -0.051
325.582 -0.052
331.234 -0.053
336.612 -0.054
341.721 -0.055
346.288 -0.056
350.12 -0.057
353.592 -0.058
356.583 -0.059
358.749 -0.06
360.707 -0.061
362.528 -0.062
364.201 -0.063
365.679 -0.064
367.084 -0.065
368.473 -0.066
369.849 -0.067
371.208 -0.068
372.555 -0.069
373.886 -0.07
375.197 -0.071
376.497 -0.072
377.795 -0.073
379.087 -0.074
380.369 -0.075
381.641 -0.076
382.901 -0.077
384.154 -0.078
385.407 -0.079
386.657 -0.08
387.903 -0.081
389.145 -0.082
390.382 -0.083
391.615 -0.084
392.844 -0.085
394.071 -0.086
395.295 -0.087
396.514 -0.088
397.727 -0.089
398.934 -0.09
400.136 -0.091
401.332 -0.092
402.523 -0.093
403.708 -0.094
404.889 -0.095
406.061 -0.096
407.217 -0.097
408.356 -0.098
409.472 -0.099
410.547 -0.1
411.567 -0.101
412.542 -0.102
413.512 -0.103
414.417 -0.104
415.23 -0.105
415.962 -0.106
416.688 -0.107
417.407 -0.108
418.072 -0.109
418.63 -0.11
419.116 -0.111
419.59 -0.112
419.975 -0.113
420.24 -0.114
420.491 -0.115
420.733 -0.116
420.967 -0.117
421.195 -0.118
421.416 -0.119
421.633 -0.12
421.845 -0.121
422.054 -0.122
422.259 -0.123
422.463 -0.124
422.663 -0.125
422.863 -0.126
423.063 -0.127
423.261 -0.128
423.458 -0.129
423.654 -0.13
423.848 -0.131
424.041 -0.132
424.232 -0.133
424.422 -0.134
424.61 -0.135
424.796 -0.136
424.98 -0.137
425.161 -0.138
425.34 -0.139
425.518 -0.14
425.694 -0.141
425.868 -0.142
426.042 -0.143
426.214 -0.144
426.384 -0.145
426.554 -0.146
426.718 -0.147
426.882 -0.148
427.042 -0.149
427.2 -0.15
427.357 -0.151
427.509 -0.152
427.66 -0.153
427.81 -0.154
427.955 -0.155
428.099 -0.156
428.242 -0.157
428.38 -0.158
428.517 -0.159
428.652 -0.16
428.785 -0.161
428.915 -0.162
429.041 -0.163
429.166 -0.164
429.29 -0.165
429.407 -0.166
429.523 -0.167
429.639 -0.168
429.753 -0.169
429.862 -0.17
429.97 -0.171
430.078 -0.172
430.185 -0.173
430.288 -0.174
430.39 -0.175
430.492 -0.176
430.592 -0.177
430.692 -0.178
430.791 -0.179
430.89 -0.18
430.988 -0.181
431.086 -0.182
431.183 -0.183
431.281 -0.184
431.378 -0.185
431.473 -0.186
431.569 -0.187
431.664 -0.188
431.758 -0.189
431.851 -0.19
431.941 -0.191
432.031 -0.192
432.12 -0.193
432.209 -0.194
432.296 -0.195
432.38 -0.196
432.463 -0.197
432.546 -0.198
432.628 -0.199
432.707 -0.2
432.783 -0.201
432.858 -0.202
432.932 -0.203
433.006 -0.204
433.076 -0.205
433.144 -0.206
433.211 -0.207
433.278 -0.208
433.345 -0.209
433.411 -0.21
433.477 -0.211
433.542 -0.212
433.607 -0.213
433.672 -0.214
433.736 -0.215
433.8 -0.216
433.862 -0.217
433.925 -0.218
433.988 -0.219
434.05 -0.22
434.111 -0.221
434.172 -0.222
434.232 -0.223
434.292 -0.224
434.352 -0.225
434.411 -0.226
434.47 -0.227
434.528 -0.228
434.586 -0.229
434.644 -0.23
434.701 -0.231
434.757 -0.232
434.814 -0.233
434.869 -0.234
434.925 -0.235
434.98 -0.236
435.035 -0.237
435.09 -0.238
435.144 -0.239
435.198 -0.24
435.251 -0.241
435.303 -0.242
435.355 -0.243
435.407 -0.244
435.458 -0.245
435.509 -0.246
435.559 -0.247
435.61 -0.248
435.66 -0.249
435.709 -0.25
435.759 -0.251
435.808 -0.252
435.856 -0.253
435.904 -0.254
435.951 -0.255
435.999 -0.256
436.046 -0.257
436.093 -0.258
436.139 -0.259
436.185 -0.26
436.231 -0.261
436.276 -0.262
436.322 -0.263
436.367 -0.264
436.412 -0.265
436.456 -0.266
436.499 -0.267
436.541 -0.268
436.584 -0.269
436.626 -0.27
436.668 -0.271
436.709 -0.272
436.75 -0.273
436.79 -0.274
436.83 -0.275
436.87 -0.276
436.91 -0.277
436.949 -0.278
436.989 -0.279
437.028 -0.28
437.066 -0.281
437.104 -0.282
437.141 -0.283
437.179 -0.284
437.217 -0.285
437.254 -0.286
437.291 -0.287
437.329 -0.288
437.365 -0.289
437.401 -0.29
437.437 -0.291
437.472 -0.292
437.508 -0.293
437.542 -0.294
437.577 -0.295
437.612 -0.296
437.646 -0.297
437.681 -0.298
437.715 -0.299
437.75 -0.3
437.784 -0.301
437.819 -0.302
437.853 -0.303
437.887 -0.304
437.921 -0.305
437.955 -0.306
437.989 -0.307
438.023 -0.308
438.056 -0.309
438.09 -0.31
438.124 -0.311
438.157 -0.312
438.191 -0.313
438.224 -0.314
438.257 -0.315
438.291 -0.316
438.324 -0.317
438.357 -0.318
438.39 -0.319
438.423 -0.32
438.456 -0.321
438.488 -0.322
438.521 -0.323
438.554 -0.324
438.586 -0.325
438.618 -0.326
438.651 -0.327
438.683 -0.328
438.715 -0.329
438.747 -0.33
438.779 -0.331
438.811 -0.332
438.842 -0.333
438.874 -0.334
438.905 -0.335
438.936 -0.336
438.968 -0.337
438.999 -0.338
439.03 -0.339
439.061 -0.34
439.092 -0.341
439.123 -0.342
439.155 -0.343
439.185 -0.344
439.216 -0.345
439.247 -0.346
439.278 -0.347
439.309 -0.348
439.339 -0.349
439.37 -0.35
439.4 -0.351
439.43 -0.352
439.459 -0.353
439.489 -0.354
439.519 -0.355
439.549 -0.356
439.579 -0.357
439.608 -0.358
439.638 -0.359
439.667 -0.36
439.696 -0.361
439.726 -0.362
439.755 -0.363
439.784 -0.364
439.814 -0.365
439.843 -0.366
439.872 -0.367
439.901 -0.368
439.93 -0.369
439.959 -0.37
439.988 -0.371
440.017 -0.372
440.045 -0.373
440.073 -0.374
440.101 -0.375
440.129 -0.376
440.157 -0.377
440.185 -0.378
440.213 -0.379
440.241 -0.38
440.269 -0.381
440.297 -0.382
440.325 -0.383
440.353 -0.384
440.38 -0.385
440.407 -0.386
440.435 -0.387
440.462 -0.388
440.49 -0.389
440.517 -0.39
440.544 -0.391
440.572 -0.392
440.599 -0.393
440.627 -0.394
440.654 -0.395
440.681 -0.396
440.708 -0.397
440.736 -0.398
440.763 -0.399
440.79 -0.4
440.817 -0.401
440.844 -0.402
440.871 -0.403
440.898 -0.404
440.925 -0.405
440.951 -0.406
440.978 -0.407
441.005 -0.408
441.032 -0.409
441.059 -0.41
441.086 -0.411
441.113 -0.412
441.139 -0.413
441.166 -0.414
441.193 -0.415
441.22 -0.416
441.247 -0.417
441.274 -0.418
441.301 -0.419
441.328 -0.42
441.354 -0.421
441.381 -0.422
441.408 -0.423
441.435 -0.424
441.461 -0.425
441.488 -0.426
441.515 -0.427
441.541 -0.428
441.568 -0.429
441.595 -0.43
441.622 -0.431
441.649 -0.432
441.676 -0.433
441.703 -0.434
441.73 -0.435
441.757 -0.436
441.784 -0.437
441.811 -0.438
441.838 -0.439
441.865 -0.44
441.892 -0.441
441.919 -0.442
441.946 -0.443
441.973 -0.444
442 -0.445
442.027 -0.446
442.054 -0.447
442.081 -0.448
442.109 -0.449
442.136 -0.45
442.163 -0.451
442.191 -0.452
442.218 -0.453
442.246 -0.454
442.273 -0.455
442.3 -0.456
442.328 -0.457
442.355 -0.458
442.383 -0.459
442.41 -0.46
442.438 -0.461
442.465 -0.462
442.493 -0.463
442.52 -0.464
442.548 -0.465
442.575 -0.466
442.603 -0.467
442.631 -0.468
442.659 -0.469
442.686 -0.47
442.714 -0.471
442.742 -0.472
442.769 -0.473
442.797 -0.474
442.825 -0.475
442.853 -0.476
442.88 -0.477
442.908 -0.478
442.936 -0.479
442.964 -0.48
442.992 -0.481
443.02 -0.482
443.048 -0.483
443.076 -0.484
443.104 -0.485
443.132 -0.486
443.16 -0.487
443.188 -0.488
443.216 -0.489
443.244 -0.49
443.272 -0.491
443.3 -0.492
443.329 -0.493
443.357 -0.494
443.385 -0.495
443.413 -0.496
443.442 -0.497
443.47 -0.498
443.498 -0.499
443.527 -0.5
443.555 -0.501
443.583 -0.502
443.612 -0.503
443.64 -0.504
443.669 -0.505
443.697 -0.506
443.726 -0.507
443.755 -0.508
443.783 -0.509
443.812 -0.51
443.841 -0.511
443.869 -0.512
443.898 -0.513
443.927 -0.514
443.956 -0.515
443.985 -0.516
444.013 -0.517
444.042 -0.518
444.071 -0.519
444.1 -0.52
444.129 -0.521
444.158 -0.522
444.188 -0.523
444.217 -0.524
444.246 -0.525
444.275 -0.526
444.304 -0.527
444.333 -0.528
444.363 -0.529
444.392 -0.53
444.421 -0.531
444.451 -0.532
444.48 -0.533
444.51 -0.534
444.539 -0.535
444.569 -0.536
444.598 -0.537
444.628 -0.538
444.657 -0.539
444.687 -0.54
444.716 -0.541
444.746 -0.542
444.776 -0.543
444.805 -0.544
444.835 -0.545
444.865 -0.546
444.895 -0.547
444.925 -0.548
444.955 -0.549
444.985 -0.55
445.015 -0.551
445.045 -0.552
445.076 -0.553
445.106 -0.554
445.136 -0.555
445.166 -0.556
445.197 -0.557
445.227 -0.558
445.258 -0.559
445.288 -0.56
445.319 -0.561
445.349 -0.562
445.38 -0.563
445.411 -0.564
445.441 -0.565
445.472 -0.566
445.503 -0.567
445.533 -0.568
445.564 -0.569
445.595 -0.57
445.626 -0.571
445.656 -0.572
445.687 -0.573
445.718 -0.574
445.749 -0.575
445.779 -0.576
445.81 -0.577
445.84 -0.578
445.871 -0.579
445.901 -0.58
445.932 -0.581
445.962 -0.582
445.992 -0.583
446.021 -0.584
446.051 -0.585
446.08 -0.586
446.109 -0.587
446.136 -0.588
446.164 -0.589
446.189 -0.59
446.213 -0.591
446.235 -0.592
446.253 -0.593
446.269 -0.594
446.28 -0.595
446.287 -0.596
446.291 -0.597
446.291 -0.598
446.288 -0.599
446.284 -0.6
446.279 -0.601
446.275 -0.602
446.272 -0.603
446.271 -0.604
446.271 -0.605
446.271 -0.606
446.272 -0.607
446.271 -0.608
446.27 -0.609
446.27 -0.61
446.269 -0.611
446.268 -0.612
446.268 -0.613
446.268 -0.614
446.268 -0.615
446.268 -0.616
446.268 -0.617
446.27 -0.618
446.274 -0.619
446.28 -0.62
446.288 -0.621
446.298 -0.622
446.31 -0.623
446.324 -0.624
446.34 -0.625
446.355 -0.626
446.372 -0.627
446.388 -0.628
446.408 -0.629
446.43 -0.63
446.453 -0.631
446.483 -0.632
446.514 -0.633
446.547 -0.634
446.583 -0.635
446.621 -0.636
446.66 -0.637
446.701 -0.638
446.744 -0.639
446.787 -0.64
446.832 -0.641
446.879 -0.642
446.926 -0.643
446.974 -0.644
447.024 -0.645
447.074 -0.646
447.125 -0.647
447.177 -0.648
447.229 -0.649
447.281 -0.65
447.333 -0.651
447.385 -0.652
447.437 -0.653
447.489 -0.654
447.541 -0.655
447.594 -0.656
447.647 -0.657
447.7 -0.658
447.753 -0.659
447.806 -0.66
447.859 -0.661
447.913 -0.662
447.967 -0.663
448.021 -0.664
448.075 -0.665
448.129 -0.666
448.183 -0.667
448.236 -0.668
448.289 -0.669
448.341 -0.67
448.393 -0.671
448.443 -0.672
448.492 -0.673
448.539 -0.674
448.585 -0.675
448.631 -0.676
448.675 -0.677
448.719 -0.678
448.764 -0.679
448.808 -0.68
448.853 -0.681
448.898 -0.682
448.943 -0.683
448.988 -0.684
449.033 -0.685
449.079 -0.686
449.125 -0.687
449.172 -0.688
449.22 -0.689
449.269 -0.69
449.319 -0.691
449.369 -0.692
449.421 -0.693
449.473 -0.694
449.526 -0.695
449.579 -0.696
449.631 -0.697
449.685 -0.698
449.738 -0.699
449.791 -0.7
449.845 -0.701
449.899 -0.702
449.953 -0.703
450.007 -0.704
450.061 -0.705
450.116 -0.706
450.171 -0.707
450.226 -0.708
450.281 -0.709
450.336 -0.71
450.391 -0.711
450.447 -0.712
450.503 -0.713
450.559 -0.714
450.615 -0.715
450.671 -0.716
450.727 -0.717
450.784 -0.718
450.841 -0.719
450.898 -0.72
450.955 -0.721
451.013 -0.722
451.07 -0.723
451.128 -0.724
451.186 -0.725
451.244 -0.726
451.302 -0.727
451.361 -0.728
451.42 -0.729
451.478 -0.73
451.537 -0.731
451.597 -0.732
451.656 -0.733
451.716 -0.734
451.776 -0.735
451.836 -0.736
451.896 -0.737
451.956 -0.738
452.017 -0.739
452.079 -0.74
452.142 -0.741
452.205 -0.742
452.268 -0.743
452.332 -0.744
452.396 -0.745
452.46 -0.746
452.524 -0.747
452.588 -0.748
452.653 -0.749
452.718 -0.75
452.782 -0.751
452.847 -0.752
452.913 -0.753
452.978 -0.754
453.043 -0.755
453.109 -0.756
453.175 -0.757
453.241 -0.758
453.307 -0.759
453.374 -0.76
453.44 -0.761
453.507 -0.762
453.574 -0.763
453.642 -0.764
453.709 -0.765
453.777 -0.766
453.845 -0.767
453.913 -0.768
453.981 -0.769
454.05 -0.77
454.118 -0.771
454.187 -0.772
454.256 -0.773
454.326 -0.774
454.395 -0.775
454.465 -0.776
454.535 -0.777
454.605 -0.778
454.676 -0.779
454.746 -0.78
454.817 -0.781
454.888 -0.782
454.96 -0.783
455.031 -0.784
455.103 -0.785
455.175 -0.786
455.247 -0.787
455.319 -0.788
455.392 -0.789
455.465 -0.79
455.538 -0.791
455.611 -0.792
455.684 -0.793
455.758 -0.794
455.832 -0.795
455.906 -0.796
455.98 -0.797
456.055 -0.798
456.13 -0.799
456.205 -0.8
456.28 -0.801
456.355 -0.802
456.431 -0.803
456.507 -0.804
456.583 -0.805
456.659 -0.806
456.736 -0.807
456.813 -0.808
456.89 -0.809
456.967 -0.81
457.044 -0.811
457.122 -0.812
457.2 -0.813
457.278 -0.814
457.357 -0.815
457.435 -0.816
457.514 -0.817
457.593 -0.818
457.673 -0.819
457.752 -0.82
457.832 -0.821
457.912 -0.822
457.992 -0.823
458.073 -0.824
458.153 -0.825
458.234 -0.826
458.316 -0.827
458.397 -0.828
458.479 -0.829
458.561 -0.83
458.643 -0.831
458.725 -0.832
458.808 -0.833
458.891 -0.834
458.974 -0.835
459.057 -0.836
459.141 -0.837
459.225 -0.838
459.309 -0.839
459.393 -0.84
459.478 -0.841
459.562 -0.842
459.648 -0.843
459.733 -0.844
459.818 -0.845
459.904 -0.846
459.99 -0.847
460.077 -0.848
460.163 -0.849
460.25 -0.85
460.337 -0.851
460.424 -0.852
460.512 -0.853
460.6 -0.854
460.688 -0.855
460.776 -0.856
460.864 -0.857
460.953 -0.858
461.042 -0.859
461.132 -0.86
461.221 -0.861
461.311 -0.862
461.401 -0.863
461.491 -0.864
461.582 -0.865
461.673 -0.866
461.764 -0.867
461.855 -0.868
461.947 -0.869
462.039 -0.87
462.131 -0.871
462.223 -0.872
462.316 -0.873
462.409 -0.874
462.502 -0.875
462.596 -0.876
462.689 -0.877
462.783 -0.878
462.878 -0.879
462.972 -0.88
463.067 -0.881
463.162 -0.882
463.257 -0.883
463.353 -0.884
463.449 -0.885
463.545 -0.886
463.641 -0.887
463.738 -0.888
463.835 -0.889
463.932 -0.89
464.03 -0.891
464.128 -0.892
464.226 -0.893
464.325 -0.894
464.424 -0.895
464.524 -0.896
464.624 -0.897
464.724 -0.898
464.825 -0.899
464.926 -0.9
465.027 -0.901
465.129 -0.902
465.231 -0.903
465.333 -0.904
465.436 -0.905
465.539 -0.906
465.643 -0.907
465.746 -0.908
465.85 -0.909
465.955 -0.91
466.06 -0.911
466.165 -0.912
466.27 -0.913
466.376 -0.914
466.482 -0.915
466.588 -0.916
466.695 -0.917
466.802 -0.918
466.909 -0.919
467.017 -0.92
467.125 -0.921
467.233 -0.922
467.341 -0.923
467.45 -0.924
467.559 -0.925
467.668 -0.926
467.778 -0.927
467.888 -0.928
467.998 -0.929
468.108 -0.93
468.219 -0.931
468.33 -0.932
468.442 -0.933
468.553 -0.934
468.665 -0.935
468.777 -0.936
468.89 -0.937
469.002 -0.938
469.115 -0.939
469.229 -0.94
469.342 -0.941
469.456 -0.942
469.57 -0.943
469.685 -0.944
469.8 -0.945
469.915 -0.946
470.03 -0.947
470.146 -0.948
470.262 -0.949
470.378 -0.95
470.495 -0.951
470.612 -0.952
470.729 -0.953
470.846 -0.954
470.964 -0.955
471.082 -0.956
471.2 -0.957
471.319 -0.958
471.438 -0.959
471.557 -0.96
471.677 -0.961
471.797 -0.962
471.917 -0.963
472.037 -0.964
472.158 -0.965
472.279 -0.966
472.4 -0.967
472.522 -0.968
472.644 -0.969
472.766 -0.97
472.889 -0.971
473.012 -0.972
473.135 -0.973
473.259 -0.974
473.383 -0.975
473.507 -0.976
473.631 -0.977
473.756 -0.978
473.881 -0.979
474.006 -0.98
474.132 -0.981
474.258 -0.982
474.384 -0.983
474.511 -0.984
474.638 -0.985
474.766 -0.986
474.894 -0.987
475.022 -0.988
475.151 -0.989
475.28 -0.99
475.409 -0.991
475.539 -0.992
475.669 -0.993
475.8 -0.994
475.931 -0.995
476.062 -0.996
476.194 -0.997
476.326 -0.998
476.458 -0.999
476.591 -1
476.724 -1.001
476.857 -1.002
476.991 -1.003
477.125 -1.004
477.26 -1.005
477.395 -1.006
477.53 -1.007
477.666 -1.008
477.802 -1.009
477.938 -1.01
478.075 -1.011
478.212 -1.012
478.349 -1.013
478.487 -1.014
478.625 -1.015
478.764 -1.016
478.903 -1.017
479.042 -1.018
479.181 -1.019
479.321 -1.02
479.461 -1.021
479.602 -1.022
479.743 -1.023
479.884 -1.024
480.025 -1.025
480.167 -1.026
480.309 -1.027
480.452 -1.028
480.595 -1.029
480.738 -1.03
480.881 -1.031
481.025 -1.032
481.169 -1.033
481.314 -1.034
481.458 -1.035
481.603 -1.036
481.749 -1.037
481.895 -1.038
482.041 -1.039
482.187 -1.04
482.334 -1.041
482.481 -1.042
482.629 -1.043
482.777 -1.044
482.925 -1.045
483.074 -1.046
483.222 -1.047
483.371 -1.048
483.521 -1.049
483.671 -1.05
483.821 -1.051
483.971 -1.052
484.122 -1.053
484.273 -1.054
484.424 -1.055
484.576 -1.056
484.728 -1.057
484.881 -1.058
485.034 -1.059
485.186 -1.06
485.339 -1.061
485.492 -1.062
485.646 -1.063
485.799 -1.064
485.953 -1.065
486.106 -1.066
486.257 -1.067
486.405 -1.068
486.55 -1.069
486.689 -1.07
486.824 -1.071
486.956 -1.072
487.086 -1.073
487.216 -1.074
487.346 -1.075
487.477 -1.076
487.608 -1.077
487.739 -1.078
487.87 -1.079
488.001 -1.08
488.132 -1.081
488.261 -1.082
488.386 -1.083
488.509 -1.084
488.628 -1.085
488.746 -1.086
488.879 -1.087
489.011 -1.088
489.15 -1.089
489.294 -1.09
489.439 -1.091
489.587 -1.092
489.74 -1.093
489.894 -1.094
490.047 -1.095
490.198 -1.096
490.347 -1.097
490.496 -1.098
490.645 -1.099
490.795 -1.1
490.968 -1.101
491.145 -1.102
491.326 -1.103
491.518 -1.104
491.71 -1.105
491.904 -1.106
492.106 -1.107
492.309 -1.108
492.507 -1.109
492.701 -1.11
492.899 -1.111
493.095 -1.112
493.282 -1.113
493.467 -1.114
493.651 -1.115
493.836 -1.116
494.022 -1.117
494.21 -1.118
494.398 -1.119
494.586 -1.12
494.775 -1.121
494.964 -1.122
495.154 -1.123
495.344 -1.124
495.534 -1.125
495.719 -1.126
495.898 -1.127
496.075 -1.128
496.254 -1.129
496.432 -1.13
496.612 -1.131
496.791 -1.132
496.971 -1.133
497.151 -1.134
497.332 -1.135
497.513 -1.136
497.695 -1.137
497.876 -1.138
498.059 -1.139
498.241 -1.14
498.424 -1.141
498.607 -1.142
498.79 -1.143
498.973 -1.144
499.157 -1.145
499.342 -1.146
499.526 -1.147
499.712 -1.148
499.897 -1.149
500.083 -1.15
500.269 -1.151
500.456 -1.152
500.643 -1.153
500.831 -1.154
501.019 -1.155
501.207 -1.156
501.396 -1.157
501.585 -1.158
501.775 -1.159
501.965 -1.16
502.155 -1.161
502.346 -1.162
502.537 -1.163
502.729 -1.164
502.921 -1.165
503.113 -1.166
503.306 -1.167
503.499 -1.168
503.693 -1.169
503.887 -1.17
504.082 -1.171
504.277 -1.172
504.472 -1.173
504.668 -1.174
504.864 -1.175
505.06 -1.176
505.257 -1.177
505.455 -1.178
505.653 -1.179
505.851 -1.18
506.05 -1.181
506.249 -1.182
506.448 -1.183
506.648 -1.184
506.848 -1.185
507.049 -1.186
507.25 -1.187
507.451 -1.188
507.653 -1.189
507.855 -1.19
508.058 -1.191
508.261 -1.192
508.464 -1.193
508.667 -1.194
508.87 -1.195
509.074 -1.196
509.278 -1.197
509.482 -1.198
509.687 -1.199
509.892 -1.2
510.098 -1.201
510.304 -1.202
510.51 -1.203
510.717 -1.204
510.924 -1.205
511.131 -1.206
511.339 -1.207
511.547 -1.208
511.756 -1.209
511.965 -1.21
512.175 -1.211
512.385 -1.212
512.595 -1.213
512.806 -1.214
513.016 -1.215
513.228 -1.216
513.44 -1.217
513.652 -1.218
513.864 -1.219
514.077 -1.22
514.291 -1.221
514.505 -1.222
514.719 -1.223
514.934 -1.224
515.149 -1.225
515.365 -1.226
515.581 -1.227
515.797 -1.228
516.014 -1.229
516.232 -1.23
516.449 -1.231
516.668 -1.232
516.886 -1.233
517.105 -1.234
517.324 -1.235
517.544 -1.236
517.764 -1.237
517.984 -1.238
518.204 -1.239
518.425 -1.24
518.645 -1.241
518.866 -1.242
519.088 -1.243
519.309 -1.244
519.531 -1.245
519.754 -1.246
519.977 -1.247
520.2 -1.248
520.424 -1.249
520.648 -1.25
520.872 -1.251
521.097 -1.252
521.322 -1.253
521.548 -1.254
521.774 -1.255
522.001 -1.256
522.228 -1.257
522.455 -1.258
522.683 -1.259
522.912 -1.26
523.14 -1.261
523.37 -1.262
523.599 -1.263
523.829 -1.264
524.059 -1.265
524.29 -1.266
524.521 -1.267
524.752 -1.268
524.983 -1.269
525.214 -1.27
525.446 -1.271
525.677 -1.272
525.907 -1.273
526.136 -1.274
526.365 -1.275
526.592 -1.276
526.819 -1.277
527.043 -1.278
527.266 -1.279
527.488 -1.28
527.71 -1.281
527.931 -1.282
528.151 -1.283
528.372 -1.284
528.592 -1.285
528.812 -1.286
529.033 -1.287
529.255 -1.288
529.477 -1.289
529.701 -1.29
529.926 -1.291
530.151 -1.292
530.378 -1.293
530.605 -1.294
530.833 -1.295
531.063 -1.296
531.293 -1.297
531.527 -1.298
531.775 -1.299
532.023 -1.3
