10.5137 -0.001
20.9748 -0.002
31.384 -0.003
41.741 -0.004
52.0457 -0.005
62.298 -0.006
72.4979 -0.007
82.6451 -0.008
92.7396 -0.009
102.781 -0.01
112.77 -0.011
122.706 -0.012
132.588 -0.013
142.417 -0.014
152.192 -0.015
161.914 -0.016
171.582 -0.017
181.195 -0.018
190.754 -0.019
200.154 -0.02
208.046 -0.021
214.654 -0.022
220.995 -0.023
227.25 -0.024
233.429 -0.025
239.538 -0.026
245.589 -0.027
251.588 -0.028
257.537 -0.029
263.437 -0.03
269.287 -0.031
275.086 -0.032
280.827 -0.033
286.334 -0.034
291.331 -0.035
295.562 -0.036
299.042 -0.037
302.428 -0.038
305.759 -0.039
309.038 -0.04
312.271 -0.041
315.462 -0.042
318.605 -0.043
321.702 -0.044
324.751 -0.045
327.754 -0.046
330.711 -0.047
333.622 -0.048
336.488 -0.049
339.31 -0.05
342.087 -0.051
344.816 -0.052
347.498 -0.053
350.135 -0.054
352.724 -0.055
355.269 -0.056
357.77 -0.057
360.226 -0.058
362.633 -0.059
364.98 -0.06
367.264 -0.061
369.464 -0.062
371.557 -0.063
373.538 -0.064
375.394 -0.065
377.213 -0.066
378.875 -0.067
380.336 -0.068
381.546 -0.069
382.559 -0.07
383.404 -0.071
384.195 -0.072
384.945 -0.073
385.651 -0.074
386.249 -0.075
386.732 -0.076
387.096 -0.077
387.4 -0.078
387.647 -0.079
387.86 -0.08
388.042 -0.081
388.197 -0.082
388.326 -0.083
388.434 -0.084
388.523 -0.085
388.593 -0.086
388.647 -0.087
388.684 -0.088
388.707 -0.089
388.715 -0.09
388.708 -0.091
388.687 -0.092
388.65 -0.093
388.598 -0.094
388.531 -0.095
388.449 -0.096
388.346 -0.097
388.225 -0.098
388.088 -0.099
387.931 -0.1
387.756 -0.101
387.566 -0.102
387.366 -0.103
387.156 -0.104
386.937 -0.105
386.709 -0.106
386.473 -0.107
386.23 -0.108
385.978 -0.109
385.719 -0.11
385.453 -0.111
385.179 -0.112
384.9 -0.113
384.613 -0.114
384.32 -0.115
384.021 -0.116
383.716 -0.117
383.406 -0.118
383.089 -0.119
382.768 -0.12
382.441 -0.121
382.109 -0.122
381.772 -0.123
381.429 -0.124
381.081 -0.125
380.728 -0.126
380.37 -0.127
380.007 -0.128
379.639 -0.129
379.266 -0.13
378.888 -0.131
378.507 -0.132
378.12 -0.133
377.729 -0.134
377.334 -0.135
376.935 -0.136
376.532 -0.137
376.125 -0.138
375.714 -0.139
375.299 -0.14
374.878 -0.141
374.454 -0.142
374.027 -0.143
373.597 -0.144
373.164 -0.145
372.729 -0.146
372.289 -0.147
371.846 -0.148
371.401 -0.149
370.952 -0.15
370.5 -0.151
370.045 -0.152
369.587 -0.153
369.126 -0.154
368.661 -0.155
368.194 -0.156
367.724 -0.157
367.251 -0.158
366.775 -0.159
366.298 -0.16
365.818 -0.161
365.336 -0.162
364.852 -0.163
364.365 -0.164
363.876 -0.165
363.385 -0.166
362.891 -0.167
362.396 -0.168
361.899 -0.169
361.399 -0.17
360.898 -0.171
360.396 -0.172
359.892 -0.173
359.385 -0.174
358.881 -0.175
358.379 -0.176
357.879 -0.177
357.38 -0.178
356.882 -0.179
356.385 -0.18
355.887 -0.181
355.394 -0.182
354.901 -0.183
354.412 -0.184
353.923 -0.185
353.431 -0.186
352.938 -0.187
352.445 -0.188
351.951 -0.189
351.455 -0.19
350.959 -0.191
350.463 -0.192
349.966 -0.193
349.469 -0.194
348.97 -0.195
348.471 -0.196
347.972 -0.197
347.472 -0.198
346.972 -0.199
346.472 -0.2
345.973 -0.201
345.475 -0.202
344.977 -0.203
344.482 -0.204
343.99 -0.205
343.503 -0.206
343.02 -0.207
342.541 -0.208
342.067 -0.209
341.597 -0.21
341.131 -0.211
340.67 -0.212
340.214 -0.213
339.761 -0.214
339.313 -0.215
338.864 -0.216
338.416 -0.217
337.967 -0.218
337.52 -0.219
337.072 -0.22
336.623 -0.221
336.172 -0.222
335.726 -0.223
335.28 -0.224
334.835 -0.225
334.39 -0.226
333.946 -0.227
333.502 -0.228
333.059 -0.229
332.617 -0.23
332.174 -0.231
331.732 -0.232
331.288 -0.233
330.844 -0.234
330.405 -0.235
329.966 -0.236
329.531 -0.237
329.099 -0.238
328.668 -0.239
328.238 -0.24
327.81 -0.241
327.382 -0.242
326.956 -0.243
326.532 -0.244
326.11 -0.245
325.69 -0.246
325.271 -0.247
324.863 -0.248
324.458 -0.249
324.055 -0.25
323.655 -0.251
323.257 -0.252
322.861 -0.253
322.469 -0.254
322.079 -0.255
321.691 -0.256
321.305 -0.257
320.922 -0.258
320.541 -0.259
320.161 -0.26
319.783 -0.261
319.406 -0.262
319.031 -0.263
318.659 -0.264
318.289 -0.265
317.92 -0.266
317.554 -0.267
317.189 -0.268
316.826 -0.269
316.465 -0.27
316.106 -0.271
315.748 -0.272
315.393 -0.273
315.039 -0.274
314.687 -0.275
314.338 -0.276
313.99 -0.277
313.645 -0.278
313.301 -0.279
312.959 -0.28
312.62 -0.281
312.282 -0.282
311.947 -0.283
311.614 -0.284
311.282 -0.285
310.954 -0.286
310.627 -0.287
310.303 -0.288
309.981 -0.289
309.661 -0.29
309.343 -0.291
309.028 -0.292
308.715 -0.293
308.404 -0.294
308.095 -0.295
307.79 -0.296
307.487 -0.297
307.189 -0.298
306.894 -0.299
306.601 -0.3
306.31 -0.301
306.022 -0.302
305.736 -0.303
305.452 -0.304
305.171 -0.305
304.893 -0.306
304.618 -0.307
304.345 -0.308
304.075 -0.309
303.808 -0.31
303.545 -0.311
303.285 -0.312
303.031 -0.313
302.783 -0.314
302.541 -0.315
302.303 -0.316
302.07 -0.317
301.839 -0.318
301.613 -0.319
301.389 -0.32
301.169 -0.321
300.951 -0.322
300.737 -0.323
300.526 -0.324
300.319 -0.325
300.114 -0.326
299.912 -0.327
299.713 -0.328
299.516 -0.329
299.324 -0.33
299.135 -0.331
298.948 -0.332
298.765 -0.333
298.586 -0.334
298.409 -0.335
298.235 -0.336
298.065 -0.337
297.898 -0.338
297.734 -0.339
297.575 -0.34
297.419 -0.341
297.266 -0.342
297.117 -0.343
296.972 -0.344
296.829 -0.345
296.69 -0.346
296.555 -0.347
296.423 -0.348
296.295 -0.349
296.169 -0.35
296.046 -0.351
295.926 -0.352
295.81 -0.353
295.698 -0.354
295.59 -0.355
295.486 -0.356
295.385 -0.357
295.289 -0.358
295.197 -0.359
295.108 -0.36
295.024 -0.361
294.943 -0.362
294.866 -0.363
294.793 -0.364
294.724 -0.365
294.659 -0.366
294.599 -0.367
294.542 -0.368
294.489 -0.369
294.44 -0.37
294.393 -0.371
294.351 -0.372
294.312 -0.373
294.277 -0.374
294.247 -0.375
294.221 -0.376
294.199 -0.377
294.18 -0.378
294.166 -0.379
294.155 -0.38
294.149 -0.381
294.147 -0.382
294.149 -0.383
294.155 -0.384
294.165 -0.385
294.178 -0.386
294.197 -0.387
294.219 -0.388
294.244 -0.389
294.273 -0.39
294.306 -0.391
294.34 -0.392
294.37 -0.393
294.371 -0.394
294.368 -0.395
294.359 -0.396
294.347 -0.397
294.338 -0.398
294.33 -0.399
294.312 -0.4
294.294 -0.401
294.279 -0.402
294.266 -0.403
294.256 -0.404
294.25 -0.405
294.245 -0.406
294.243 -0.407
294.244 -0.408
294.249 -0.409
294.254 -0.41
294.262 -0.411
294.274 -0.412
294.29 -0.413
294.309 -0.414
294.332 -0.415
294.359 -0.416
294.39 -0.417
294.424 -0.418
294.462 -0.419
294.504 -0.42
294.55 -0.421
294.599 -0.422
294.653 -0.423
294.709 -0.424
294.77 -0.425
294.835 -0.426
294.904 -0.427
294.977 -0.428
295.054 -0.429
295.131 -0.43
295.212 -0.431
295.297 -0.432
295.385 -0.433
295.478 -0.434
295.574 -0.435
295.675 -0.436
295.779 -0.437
295.887 -0.438
295.997 -0.439
296.108 -0.44
296.224 -0.441
296.344 -0.442
296.468 -0.443
296.596 -0.444
296.728 -0.445
296.861 -0.446
296.992 -0.447
297.124 -0.448
297.253 -0.449
297.376 -0.45
297.502 -0.451
297.628 -0.452
297.758 -0.453
297.892 -0.454
298.03 -0.455
298.168 -0.456
298.31 -0.457
298.453 -0.458
298.598 -0.459
298.748 -0.46
298.902 -0.461
299.06 -0.462
299.222 -0.463
299.387 -0.464
299.557 -0.465
299.728 -0.466
299.902 -0.467
300.08 -0.468
300.262 -0.469
300.447 -0.47
300.637 -0.471
300.83 -0.472
301.027 -0.473
301.224 -0.474
301.426 -0.475
301.631 -0.476
301.84 -0.477
302.048 -0.478
302.252 -0.479
302.45 -0.48
302.642 -0.481
302.831 -0.482
303.009 -0.483
303.172 -0.484
303.332 -0.485
303.493 -0.486
303.654 -0.487
303.817 -0.488
303.982 -0.489
304.15 -0.49
304.32 -0.491
304.484 -0.492
304.641 -0.493
304.8 -0.494
304.96 -0.495
305.123 -0.496
305.286 -0.497
305.453 -0.498
305.623 -0.499
305.796 -0.5
305.972 -0.501
306.152 -0.502
306.335 -0.503
306.521 -0.504
306.711 -0.505
306.904 -0.506
307.1 -0.507
307.3 -0.508
307.503 -0.509
307.709 -0.51
307.919 -0.511
308.132 -0.512
308.349 -0.513
308.57 -0.514
308.794 -0.515
309.021 -0.516
309.252 -0.517
309.487 -0.518
309.725 -0.519
309.966 -0.52
310.212 -0.521
310.46 -0.522
310.713 -0.523
310.969 -0.524
311.228 -0.525
311.49 -0.526
311.756 -0.527
312.025 -0.528
312.297 -0.529
312.572 -0.53
312.851 -0.531
313.134 -0.532
313.42 -0.533
313.709 -0.534
314.003 -0.535
314.299 -0.536
314.6 -0.537
314.904 -0.538
315.211 -0.539
315.522 -0.54
315.815 -0.541
316.091 -0.542
316.365 -0.543
316.642 -0.544
316.922 -0.545
317.205 -0.546
317.493 -0.547
317.784 -0.548
318.079 -0.549
318.378 -0.55
318.681 -0.551
318.987 -0.552
319.297 -0.553
319.611 -0.554
319.919 -0.555
320.214 -0.556
320.508 -0.557
320.805 -0.558
321.107 -0.559
321.412 -0.56
321.72 -0.561
322.032 -0.562
322.348 -0.563
322.667 -0.564
322.99 -0.565
323.316 -0.566
323.646 -0.567
323.979 -0.568
324.317 -0.569
324.658 -0.57
325.003 -0.571
325.352 -0.572
325.705 -0.573
326.062 -0.574
326.422 -0.575
326.787 -0.576
327.156 -0.577
327.528 -0.578
327.902 -0.579
328.271 -0.58
328.624 -0.581
328.972 -0.582
329.322 -0.583
329.676 -0.584
330.034 -0.585
330.396 -0.586
330.761 -0.587
331.131 -0.588
331.505 -0.589
331.882 -0.59
332.264 -0.591
332.649 -0.592
333.038 -0.593
333.431 -0.594
333.828 -0.595
334.228 -0.596
334.632 -0.597
335.039 -0.598
335.45 -0.599
335.863 -0.6
336.275 -0.601
336.685 -0.602
337.095 -0.603
337.506 -0.604
337.919 -0.605
338.334 -0.606
338.752 -0.607
339.174 -0.608
339.6 -0.609
340.03 -0.61
340.464 -0.611
340.902 -0.612
341.343 -0.613
341.789 -0.614
342.238 -0.615
342.69 -0.616
343.147 -0.617
343.607 -0.618
344.071 -0.619
344.539 -0.62
345.01 -0.621
345.486 -0.622
345.966 -0.623
346.45 -0.624
346.939 -0.625
347.431 -0.626
347.926 -0.627
348.422 -0.628
348.917 -0.629
349.409 -0.63
349.899 -0.631
350.387 -0.632
350.874 -0.633
351.364 -0.634
351.858 -0.635
352.355 -0.636
352.857 -0.637
353.363 -0.638
353.874 -0.639
354.388 -0.64
354.908 -0.641
355.431 -0.642
355.959 -0.643
356.491 -0.644
357.027 -0.645
357.567 -0.646
358.111 -0.647
358.66 -0.648
359.212 -0.649
359.769 -0.65
360.329 -0.651
360.892 -0.652
361.46 -0.653
362.032 -0.654
362.606 -0.655
363.183 -0.656
363.761 -0.657
364.341 -0.658
364.923 -0.659
365.507 -0.66
366.095 -0.661
366.683 -0.662
367.275 -0.663
367.868 -0.664
368.464 -0.665
369.065 -0.666
369.671 -0.667
370.281 -0.668
370.895 -0.669
371.512 -0.67
372.131 -0.671
372.752 -0.672
373.375 -0.673
373.999 -0.674
374.626 -0.675
375.254 -0.676
375.885 -0.677
376.517 -0.678
377.152 -0.679
377.79 -0.68
378.433 -0.681
379.079 -0.682
379.731 -0.683
380.387 -0.684
381.048 -0.685
381.714 -0.686
382.384 -0.687
383.058 -0.688
383.738 -0.689
384.422 -0.69
385.11 -0.691
385.803 -0.692
386.501 -0.693
387.203 -0.694
387.91 -0.695
388.621 -0.696
389.337 -0.697
390.058 -0.698
390.784 -0.699
391.515 -0.7
392.25 -0.701
392.99 -0.702
393.735 -0.703
394.485 -0.704
395.239 -0.705
395.999 -0.706
396.763 -0.707
397.532 -0.708
398.306 -0.709
399.084 -0.71
399.868 -0.711
400.656 -0.712
401.449 -0.713
402.247 -0.714
403.049 -0.715
403.857 -0.716
404.67 -0.717
405.488 -0.718
406.311 -0.719
407.139 -0.72
407.971 -0.721
408.807 -0.722
409.647 -0.723
410.488 -0.724
411.334 -0.725
412.181 -0.726
413.031 -0.727
413.883 -0.728
414.737 -0.729
415.594 -0.73
416.454 -0.731
417.315 -0.732
418.182 -0.733
419.05 -0.734
419.921 -0.735
420.797 -0.736
421.675 -0.737
422.555 -0.738
423.44 -0.739
424.33 -0.74
425.224 -0.741
426.122 -0.742
427.025 -0.743
427.931 -0.744
428.843 -0.745
429.759 -0.746
430.681 -0.747
431.607 -0.748
432.538 -0.749
433.473 -0.75
434.412 -0.751
435.355 -0.752
436.302 -0.753
437.252 -0.754
438.207 -0.755
439.166 -0.756
440.13 -0.757
441.099 -0.758
442.073 -0.759
443.052 -0.76
444.036 -0.761
445.026 -0.762
446.02 -0.763
447.02 -0.764
448.025 -0.765
449.035 -0.766
450.05 -0.767
451.07 -0.768
452.095 -0.769
453.124 -0.77
454.157 -0.771
455.195 -0.772
456.237 -0.773
457.282 -0.774
458.33 -0.775
459.381 -0.776
460.436 -0.777
461.493 -0.778
462.555 -0.779
463.619 -0.78
464.688 -0.781
465.76 -0.782
466.835 -0.783
467.914 -0.784
468.996 -0.785
470.081 -0.786
471.168 -0.787
472.257 -0.788
473.347 -0.789
474.436 -0.79
475.527 -0.791
476.621 -0.792
477.719 -0.793
478.821 -0.794
479.927 -0.795
481.035 -0.796
482.147 -0.797
483.261 -0.798
484.375 -0.799
485.491 -0.8
