14.2982 -0.001
28.5703 -0.002
42.8175 -0.003
57.0392 -0.004
71.235 -0.005
85.4048 -0.006
99.5484 -0.007
113.665 -0.008
127.756 -0.009
141.819 -0.01
155.855 -0.011
169.864 -0.012
183.845 -0.013
197.798 -0.014
211.722 -0.015
225.618 -0.016
239.485 -0.017
253.323 -0.018
267.131 -0.019
280.909 -0.02
294.657 -0.021
308.375 -0.022
322.062 -0.023
335.717 -0.024
349.341 -0.025
362.933 -0.026
376.492 -0.027
390.018 -0.028
403.512 -0.029
416.971 -0.03
430.396 -0.031
443.786 -0.032
456.973 -0.033
469.508 -0.034
480.974 -0.035
492.263 -0.036
503.51 -0.037
514.721 -0.038
525.899 -0.039
537.048 -0.04
548.168 -0.041
559.259 -0.042
570.32 -0.043
581.35 -0.044
592.349 -0.045
603.316 -0.046
614.25 -0.047
625.137 -0.048
635.737 -0.049
645.608 -0.05
654.753 -0.051
663 -0.052
669.697 -0.053
674.914 -0.054
679.978 -0.055
684.921 -0.056
689.589 -0.057
694.184 -0.058
698.456 -0.059
702.369 -0.06
706.237 -0.061
709.559 -0.062
712.548 -0.063
714.936 -0.064
717.261 -0.065
719.572 -0.066
721.837 -0.067
724.044 -0.068
726.195 -0.069
728.309 -0.07
730.381 -0.071
732.399 -0.072
734.36 -0.073
736.209 -0.074
737.955 -0.075
739.6 -0.076
741.164 -0.077
742.656 -0.078
744.031 -0.079
745.279 -0.08
746.459 -0.081
747.6 -0.082
748.687 -0.083
749.725 -0.084
750.66 -0.085
751.47 -0.086
752.161 -0.087
752.789 -0.088
753.401 -0.089
753.995 -0.09
754.573 -0.091
755.136 -0.092
755.662 -0.093
756.149 -0.094
756.598 -0.095
757.009 -0.096
757.397 -0.097
757.77 -0.098
758.128 -0.099
758.471 -0.1
758.8 -0.101
759.114 -0.102
759.419 -0.103
759.717 -0.104
760.009 -0.105
760.292 -0.106
760.563 -0.107
760.821 -0.108
761.067 -0.109
761.302 -0.11
761.527 -0.111
761.741 -0.112
761.945 -0.113
762.14 -0.114
762.325 -0.115
762.502 -0.116
762.669 -0.117
762.828 -0.118
762.979 -0.119
763.124 -0.12
763.263 -0.121
763.397 -0.122
763.527 -0.123
763.649 -0.124
763.766 -0.125
763.877 -0.126
763.985 -0.127
764.087 -0.128
764.186 -0.129
764.279 -0.13
764.364 -0.131
764.445 -0.132
764.522 -0.133
764.594 -0.134
764.665 -0.135
764.731 -0.136
764.796 -0.137
764.858 -0.138
764.916 -0.139
764.971 -0.14
765.025 -0.141
765.077 -0.142
765.127 -0.143
765.175 -0.144
765.221 -0.145
765.266 -0.146
765.309 -0.147
765.352 -0.148
765.393 -0.149
765.433 -0.15
765.47 -0.151
765.504 -0.152
765.535 -0.153
765.563 -0.154
765.589 -0.155
765.612 -0.156
765.632 -0.157
765.65 -0.158
765.665 -0.159
765.678 -0.16
765.688 -0.161
765.695 -0.162
765.7 -0.163
765.703 -0.164
765.705 -0.165
765.704 -0.166
765.701 -0.167
765.696 -0.168
765.689 -0.169
765.679 -0.17
765.667 -0.171
765.653 -0.172
765.636 -0.173
765.619 -0.174
765.599 -0.175
765.577 -0.176
765.552 -0.177
765.526 -0.178
765.499 -0.179
765.47 -0.18
765.438 -0.181
765.405 -0.182
765.369 -0.183
765.332 -0.184
765.293 -0.185
765.251 -0.186
765.207 -0.187
765.162 -0.188
765.114 -0.189
765.065 -0.19
765.014 -0.191
764.961 -0.192
764.908 -0.193
764.854 -0.194
764.799 -0.195
764.741 -0.196
764.682 -0.197
764.621 -0.198
764.56 -0.199
764.496 -0.2
764.43 -0.201
764.362 -0.202
764.294 -0.203
764.225 -0.204
764.152 -0.205
764.078 -0.206
764.002 -0.207
763.926 -0.208
763.847 -0.209
763.766 -0.21
763.682 -0.211
763.598 -0.212
763.513 -0.213
763.427 -0.214
763.34 -0.215
763.253 -0.216
763.164 -0.217
763.075 -0.218
762.985 -0.219
762.894 -0.22
762.802 -0.221
762.71 -0.222
762.617 -0.223
762.524 -0.224
762.429 -0.225
762.334 -0.226
762.238 -0.227
762.141 -0.228
762.044 -0.229
761.947 -0.23
761.851 -0.231
761.757 -0.232
761.664 -0.233
761.572 -0.234
761.481 -0.235
761.392 -0.236
761.303 -0.237
761.216 -0.238
761.129 -0.239
761.044 -0.24
760.959 -0.241
760.876 -0.242
760.794 -0.243
760.711 -0.244
760.628 -0.245
760.544 -0.246
760.46 -0.247
760.377 -0.248
760.292 -0.249
760.208 -0.25
760.122 -0.251
760.036 -0.252
759.95 -0.253
759.864 -0.254
759.777 -0.255
759.691 -0.256
759.603 -0.257
759.515 -0.258
759.426 -0.259
759.337 -0.26
759.248 -0.261
759.159 -0.262
759.069 -0.263
758.979 -0.264
758.887 -0.265
758.798 -0.266
758.708 -0.267
758.619 -0.268
758.531 -0.269
758.444 -0.27
758.359 -0.271
758.274 -0.272
758.193 -0.273
758.112 -0.274
758.034 -0.275
757.959 -0.276
757.885 -0.277
757.813 -0.278
757.744 -0.279
757.675 -0.28
757.609 -0.281
757.546 -0.282
757.483 -0.283
757.423 -0.284
757.363 -0.285
757.304 -0.286
757.244 -0.287
757.185 -0.288
757.126 -0.289
757.068 -0.29
757.009 -0.291
756.951 -0.292
756.893 -0.293
756.835 -0.294
756.777 -0.295
756.72 -0.296
756.662 -0.297
756.605 -0.298
756.549 -0.299
756.492 -0.3
756.436 -0.301
756.38 -0.302
756.325 -0.303
756.27 -0.304
756.215 -0.305
756.16 -0.306
756.106 -0.307
756.052 -0.308
755.998 -0.309
755.945 -0.31
755.892 -0.311
755.84 -0.312
755.787 -0.313
755.736 -0.314
755.684 -0.315
755.636 -0.316
755.587 -0.317
755.54 -0.318
755.493 -0.319
755.448 -0.32
755.405 -0.321
755.362 -0.322
755.321 -0.323
755.282 -0.324
755.242 -0.325
755.204 -0.326
755.169 -0.327
755.134 -0.328
755.1 -0.329
755.067 -0.33
755.036 -0.331
755.007 -0.332
754.978 -0.333
754.949 -0.334
754.923 -0.335
754.898 -0.336
754.874 -0.337
754.851 -0.338
754.828 -0.339
754.805 -0.34
754.784 -0.341
754.763 -0.342
754.743 -0.343
754.724 -0.344
754.705 -0.345
754.687 -0.346
754.67 -0.347
754.654 -0.348
754.638 -0.349
754.623 -0.35
754.608 -0.351
754.594 -0.352
754.581 -0.353
754.568 -0.354
754.556 -0.355
754.544 -0.356
754.533 -0.357
754.522 -0.358
754.513 -0.359
754.503 -0.36
754.495 -0.361
754.487 -0.362
754.48 -0.363
754.473 -0.364
754.467 -0.365
754.462 -0.366
754.457 -0.367
754.453 -0.368
754.45 -0.369
754.447 -0.37
754.445 -0.371
754.444 -0.372
754.443 -0.373
754.444 -0.374
754.444 -0.375
754.446 -0.376
754.448 -0.377
754.451 -0.378
754.455 -0.379
754.46 -0.38
754.465 -0.381
754.471 -0.382
754.478 -0.383
754.485 -0.384
754.494 -0.385
754.503 -0.386
754.513 -0.387
754.523 -0.388
754.535 -0.389
754.549 -0.39
754.563 -0.391
754.578 -0.392
754.594 -0.393
754.611 -0.394
754.631 -0.395
754.652 -0.396
754.674 -0.397
754.697 -0.398
754.722 -0.399
754.748 -0.4
754.775 -0.401
754.804 -0.402
754.835 -0.403
754.867 -0.404
754.9 -0.405
754.934 -0.406
754.97 -0.407
755.008 -0.408
755.046 -0.409
755.087 -0.41
755.129 -0.411
755.171 -0.412
755.214 -0.413
755.261 -0.414
755.308 -0.415
755.357 -0.416
755.406 -0.417
755.456 -0.418
755.507 -0.419
755.559 -0.42
755.613 -0.421
755.668 -0.422
755.724 -0.423
755.781 -0.424
755.838 -0.425
755.897 -0.426
755.957 -0.427
756.018 -0.428
756.08 -0.429
756.143 -0.43
756.207 -0.431
756.271 -0.432
756.337 -0.433
756.404 -0.434
756.472 -0.435
756.541 -0.436
756.611 -0.437
756.682 -0.438
756.754 -0.439
756.827 -0.44
756.902 -0.441
756.977 -0.442
757.053 -0.443
757.13 -0.444
757.209 -0.445
757.289 -0.446
757.37 -0.447
757.452 -0.448
757.535 -0.449
757.619 -0.45
757.704 -0.451
757.79 -0.452
757.878 -0.453
757.966 -0.454
758.056 -0.455
758.147 -0.456
758.239 -0.457
758.332 -0.458
758.426 -0.459
758.522 -0.46
758.618 -0.461
758.716 -0.462
758.815 -0.463
758.915 -0.464
759.016 -0.465
759.119 -0.466
759.222 -0.467
759.327 -0.468
759.433 -0.469
759.541 -0.47
759.649 -0.471
759.759 -0.472
759.869 -0.473
759.981 -0.474
760.094 -0.475
760.209 -0.476
760.325 -0.477
760.442 -0.478
760.56 -0.479
760.681 -0.48
760.802 -0.481
760.925 -0.482
761.049 -0.483
761.174 -0.484
761.301 -0.485
761.429 -0.486
761.558 -0.487
761.689 -0.488
761.821 -0.489
761.954 -0.49
762.089 -0.491
762.226 -0.492
762.363 -0.493
762.501 -0.494
762.641 -0.495
762.782 -0.496
762.924 -0.497
763.068 -0.498
763.213 -0.499
763.359 -0.5
763.506 -0.501
763.654 -0.502
763.804 -0.503
763.955 -0.504
764.108 -0.505
764.261 -0.506
764.415 -0.507
764.569 -0.508
764.724 -0.509
764.881 -0.51
765.038 -0.511
765.198 -0.512
765.355 -0.513
765.514 -0.514
765.674 -0.515
765.835 -0.516
765.997 -0.517
766.157 -0.518
766.317 -0.519
766.479 -0.52
766.642 -0.521
766.806 -0.522
766.965 -0.523
767.124 -0.524
767.285 -0.525
767.447 -0.526
767.61 -0.527
767.774 -0.528
767.94 -0.529
768.107 -0.53
768.275 -0.531
768.444 -0.532
768.615 -0.533
768.786 -0.534
768.958 -0.535
769.131 -0.536
769.305 -0.537
769.48 -0.538
769.655 -0.539
769.831 -0.54
770.007 -0.541
770.185 -0.542
770.364 -0.543
770.543 -0.544
770.722 -0.545
770.902 -0.546
771.084 -0.547
771.267 -0.548
771.451 -0.549
771.634 -0.55
771.819 -0.551
772.005 -0.552
772.192 -0.553
772.381 -0.554
772.568 -0.555
772.757 -0.556
772.947 -0.557
773.138 -0.558
773.33 -0.559
773.523 -0.56
773.715 -0.561
773.908 -0.562
774.103 -0.563
774.299 -0.564
774.496 -0.565
774.695 -0.566
774.895 -0.567
775.096 -0.568
775.299 -0.569
775.503 -0.57
775.708 -0.571
775.915 -0.572
776.123 -0.573
776.333 -0.574
776.543 -0.575
776.755 -0.576
776.969 -0.577
777.184 -0.578
777.4 -0.579
777.618 -0.58
777.836 -0.581
778.057 -0.582
778.279 -0.583
778.502 -0.584
778.726 -0.585
778.952 -0.586
779.18 -0.587
779.409 -0.588
779.639 -0.589
779.871 -0.59
780.104 -0.591
780.339 -0.592
780.575 -0.593
780.812 -0.594
781.051 -0.595
781.292 -0.596
781.534 -0.597
781.777 -0.598
782.022 -0.599
782.268 -0.6
782.516 -0.601
782.765 -0.602
783.016 -0.603
783.268 -0.604
783.521 -0.605
783.776 -0.606
784.033 -0.607
784.291 -0.608
784.55 -0.609
784.808 -0.61
785.067 -0.611
785.328 -0.612
785.59 -0.613
785.854 -0.614
786.119 -0.615
786.385 -0.616
786.654 -0.617
786.923 -0.618
787.195 -0.619
787.465 -0.62
787.736 -0.621
788.008 -0.622
788.282 -0.623
788.558 -0.624
788.835 -0.625
789.113 -0.626
789.393 -0.627
789.674 -0.628
789.953 -0.629
790.234 -0.63
790.517 -0.631
790.801 -0.632
791.087 -0.633
791.374 -0.634
791.662 -0.635
791.95 -0.636
792.238 -0.637
792.528 -0.638
792.819 -0.639
793.112 -0.64
793.406 -0.641
793.7 -0.642
793.994 -0.643
794.289 -0.644
794.585 -0.645
794.883 -0.646
795.182 -0.647
795.479 -0.648
795.777 -0.649
796.077 -0.65
796.379 -0.651
796.682 -0.652
796.987 -0.653
797.293 -0.654
797.601 -0.655
797.911 -0.656
798.222 -0.657
798.535 -0.658
798.849 -0.659
799.162 -0.66
799.476 -0.661
799.791 -0.662
800.108 -0.663
800.427 -0.664
800.747 -0.665
801.068 -0.666
801.389 -0.667
801.71 -0.668
802.033 -0.669
802.357 -0.67
802.683 -0.671
803.01 -0.672
803.334 -0.673
803.659 -0.674
803.985 -0.675
804.31 -0.676
804.636 -0.677
804.963 -0.678
805.286 -0.679
805.609 -0.68
805.934 -0.681
806.258 -0.682
806.579 -0.683
806.897 -0.684
807.213 -0.685
807.531 -0.686
807.847 -0.687
808.158 -0.688
808.467 -0.689
808.778 -0.69
809.091 -0.691
809.404 -0.692
809.719 -0.693
810.032 -0.694
810.347 -0.695
810.663 -0.696
810.98 -0.697
811.298 -0.698
811.616 -0.699
811.935 -0.7
812.255 -0.701
812.577 -0.702
812.9 -0.703
813.222 -0.704
813.545 -0.705
813.87 -0.706
814.196 -0.707
814.523 -0.708
814.85 -0.709
815.178 -0.71
815.507 -0.711
815.838 -0.712
816.17 -0.713
816.504 -0.714
816.839 -0.715
817.175 -0.716
817.513 -0.717
817.852 -0.718
818.193 -0.719
818.535 -0.72
818.879 -0.721
819.224 -0.722
819.571 -0.723
819.919 -0.724
820.268 -0.725
820.619 -0.726
820.972 -0.727
821.325 -0.728
821.681 -0.729
822.038 -0.73
822.396 -0.731
822.756 -0.732
823.117 -0.733
823.48 -0.734
823.844 -0.735
824.209 -0.736
824.577 -0.737
824.945 -0.738
825.315 -0.739
825.687 -0.74
826.06 -0.741
826.434 -0.742
826.81 -0.743
827.188 -0.744
827.567 -0.745
827.948 -0.746
828.33 -0.747
828.714 -0.748
829.099 -0.749
829.486 -0.75
829.875 -0.751
830.265 -0.752
830.656 -0.753
831.049 -0.754
831.443 -0.755
831.84 -0.756
832.237 -0.757
832.637 -0.758
833.038 -0.759
833.44 -0.76
833.843 -0.761
834.246 -0.762
834.649 -0.763
835.052 -0.764
835.455 -0.765
835.858 -0.766
836.261 -0.767
836.663 -0.768
837.067 -0.769
837.468 -0.77
837.87 -0.771
838.268 -0.772
838.664 -0.773
839.056 -0.774
839.444 -0.775
839.83 -0.776
840.214 -0.777
840.597 -0.778
840.98 -0.779
841.364 -0.78
841.749 -0.781
842.136 -0.782
842.524 -0.783
842.914 -0.784
843.305 -0.785
843.697 -0.786
844.092 -0.787
844.487 -0.788
844.884 -0.789
845.283 -0.79
845.683 -0.791
846.085 -0.792
846.488 -0.793
846.892 -0.794
847.298 -0.795
847.706 -0.796
848.115 -0.797
848.525 -0.798
848.937 -0.799
849.351 -0.8
849.766 -0.801
850.183 -0.802
850.601 -0.803
851.021 -0.804
851.442 -0.805
851.865 -0.806
852.289 -0.807
852.715 -0.808
853.143 -0.809
853.572 -0.81
854.002 -0.811
854.433 -0.812
854.867 -0.813
855.302 -0.814
855.737 -0.815
856.172 -0.816
856.607 -0.817
857.041 -0.818
857.475 -0.819
857.909 -0.82
858.341 -0.821
858.773 -0.822
859.204 -0.823
859.628 -0.824
860.033 -0.825
860.406 -0.826
860.751 -0.827
861.089 -0.828
861.426 -0.829
861.764 -0.83
862.104 -0.831
862.445 -0.832
862.788 -0.833
863.133 -0.834
863.479 -0.835
863.827 -0.836
864.177 -0.837
864.528 -0.838
864.88 -0.839
865.235 -0.84
865.623 -0.841
866.058 -0.842
866.513 -0.843
866.98 -0.844
867.458 -0.845
867.922 -0.846
868.34 -0.847
868.742 -0.848
869.136 -0.849
869.525 -0.85
869.914 -0.851
870.304 -0.852
870.695 -0.853
871.087 -0.854
871.479 -0.855
871.872 -0.856
872.268 -0.857
872.664 -0.858
873.062 -0.859
873.529 -0.86
874.043 -0.861
874.589 -0.862
875.165 -0.863
875.758 -0.864
876.367 -0.865
876.963 -0.866
877.491 -0.867
878.016 -0.868
878.545 -0.869
879.076 -0.87
879.608 -0.871
880.143 -0.872
880.676 -0.873
881.207 -0.874
881.736 -0.875
882.263 -0.876
882.786 -0.877
883.308 -0.878
883.83 -0.879
884.354 -0.88
884.88 -0.881
885.391 -0.882
885.871 -0.883
886.341 -0.884
886.81 -0.885
887.281 -0.886
887.754 -0.887
888.228 -0.888
888.704 -0.889
889.181 -0.89
889.66 -0.891
890.141 -0.892
890.623 -0.893
891.107 -0.894
891.592 -0.895
892.079 -0.896
892.567 -0.897
893.058 -0.898
893.549 -0.899
894.043 -0.9
894.538 -0.901
895.035 -0.902
895.533 -0.903
896.033 -0.904
896.535 -0.905
897.038 -0.906
897.543 -0.907
898.05 -0.908
898.558 -0.909
899.068 -0.91
899.579 -0.911
900.093 -0.912
900.608 -0.913
901.124 -0.914
901.642 -0.915
902.162 -0.916
902.683 -0.917
903.206 -0.918
903.73 -0.919
904.257 -0.92
904.785 -0.921
905.314 -0.922
905.846 -0.923
906.379 -0.924
906.913 -0.925
907.45 -0.926
907.988 -0.927
908.528 -0.928
909.069 -0.929
909.613 -0.93
910.157 -0.931
910.701 -0.932
911.247 -0.933
911.795 -0.934
912.342 -0.935
912.891 -0.936
913.441 -0.937
913.994 -0.938
914.548 -0.939
915.103 -0.94
915.66 -0.941
916.217 -0.942
916.775 -0.943
917.335 -0.944
917.897 -0.945
918.461 -0.946
919.026 -0.947
919.591 -0.948
920.158 -0.949
920.726 -0.95
921.297 -0.951
921.869 -0.952
922.442 -0.953
923.016 -0.954
923.591 -0.955
924.167 -0.956
924.745 -0.957
925.324 -0.958
925.906 -0.959
926.487 -0.96
927.07 -0.961
927.654 -0.962
928.241 -0.963
928.828 -0.964
929.418 -0.965
930.01 -0.966
930.603 -0.967
931.198 -0.968
931.795 -0.969
932.394 -0.97
932.995 -0.971
933.597 -0.972
934.202 -0.973
934.808 -0.974
935.416 -0.975
936.025 -0.976
936.637 -0.977
937.25 -0.978
937.865 -0.979
938.482 -0.98
939.101 -0.981
939.721 -0.982
940.343 -0.983
940.967 -0.984
941.593 -0.985
942.211 -0.986
942.826 -0.987
943.442 -0.988
944.06 -0.989
944.68 -0.99
945.302 -0.991
945.925 -0.992
946.55 -0.993
947.177 -0.994
947.805 -0.995
948.435 -0.996
949.067 -0.997
949.7 -0.998
950.336 -0.999
950.973 -1
951.611 -1.001
952.251 -1.002
952.893 -1.003
953.537 -1.004
954.182 -1.005
954.829 -1.006
955.478 -1.007
956.129 -1.008
956.78 -1.009
957.433 -1.01
958.087 -1.011
958.743 -1.012
959.4 -1.013
960.059 -1.014
960.719 -1.015
961.381 -1.016
962.043 -1.017
962.708 -1.018
963.374 -1.019
964.041 -1.02
964.709 -1.021
965.38 -1.022
966.051 -1.023
966.711 -1.024
967.368 -1.025
968.026 -1.026
968.686 -1.027
969.344 -1.028
969.996 -1.029
970.646 -1.03
971.296 -1.031
971.946 -1.032
972.595 -1.033
973.243 -1.034
973.892 -1.035
974.543 -1.036
975.195 -1.037
975.848 -1.038
976.503 -1.039
977.159 -1.04
977.816 -1.041
978.474 -1.042
979.133 -1.043
979.791 -1.044
980.449 -1.045
981.107 -1.046
981.763 -1.047
982.412 -1.048
983.052 -1.049
983.681 -1.05
984.296 -1.051
984.896 -1.052
985.485 -1.053
986.067 -1.054
986.648 -1.055
987.233 -1.056
987.824 -1.057
988.42 -1.058
989.021 -1.059
989.623 -1.06
990.225 -1.061
990.827 -1.062
991.463 -1.063
992.11 -1.064
992.755 -1.065
993.394 -1.066
994.04 -1.067
994.673 -1.068
995.321 -1.069
995.996 -1.07
996.68 -1.071
997.344 -1.072
997.987 -1.073
998.616 -1.074
999.24 -1.075
999.868 -1.076
1000.5 -1.077
1001.14 -1.078
1001.78 -1.079
1002.43 -1.08
1003.15 -1.081
1003.88 -1.082
1004.61 -1.083
1005.34 -1.084
1006.11 -1.085
1006.86 -1.086
1007.6 -1.087
1008.31 -1.088
1009.04 -1.089
1009.78 -1.09
1010.51 -1.091
1011.25 -1.092
1011.99 -1.093
1012.75 -1.094
1013.5 -1.095
1014.25 -1.096
1015.01 -1.097
1015.78 -1.098
1016.54 -1.099
1017.31 -1.1
1018.07 -1.101
1018.82 -1.102
1019.57 -1.103
1020.31 -1.104
1021.03 -1.105
1021.76 -1.106
1022.49 -1.107
1023.21 -1.108
1023.94 -1.109
1024.67 -1.11
1025.4 -1.111
1026.14 -1.112
1026.87 -1.113
1027.61 -1.114
1028.35 -1.115
1029.09 -1.116
1029.83 -1.117
1030.58 -1.118
1031.33 -1.119
1032.07 -1.12
1032.82 -1.121
1033.58 -1.122
1034.33 -1.123
1035.09 -1.124
1035.85 -1.125
1036.61 -1.126
1037.37 -1.127
1038.13 -1.128
1038.9 -1.129
1039.66 -1.13
1040.43 -1.131
1041.2 -1.132
1041.97 -1.133
1042.75 -1.134
1043.52 -1.135
1044.3 -1.136
1045.08 -1.137
1045.86 -1.138
1046.64 -1.139
1047.42 -1.14
1048.21 -1.141
1048.99 -1.142
1049.78 -1.143
1050.57 -1.144
1051.35 -1.145
1052.14 -1.146
1052.94 -1.147
1053.73 -1.148
1054.52 -1.149
1055.32 -1.15
1056.11 -1.151
1056.91 -1.152
1057.7 -1.153
1058.5 -1.154
1059.3 -1.155
1060.1 -1.156
1060.89 -1.157
1061.69 -1.158
1062.48 -1.159
1063.28 -1.16
1064.07 -1.161
1064.86 -1.162
1065.66 -1.163
1066.45 -1.164
1067.24 -1.165
1068.04 -1.166
1068.83 -1.167
1069.63 -1.168
1070.42 -1.169
1071.22 -1.17
1072.01 -1.171
1072.81 -1.172
1073.6 -1.173
1074.39 -1.174
1075.19 -1.175
1075.98 -1.176
1076.78 -1.177
1077.57 -1.178
1078.37 -1.179
1079.16 -1.18
1079.96 -1.181
1080.75 -1.182
1081.55 -1.183
1082.34 -1.184
1083.14 -1.185
1083.93 -1.186
1084.72 -1.187
1085.52 -1.188
1086.31 -1.189
1087.11 -1.19
1087.9 -1.191
1088.7 -1.192
1089.5 -1.193
1090.29 -1.194
1091.09 -1.195
1091.88 -1.196
1092.68 -1.197
1093.47 -1.198
1094.27 -1.199
1095.06 -1.2
1095.86 -1.201
1096.65 -1.202
1097.44 -1.203
1098.24 -1.204
1099.03 -1.205
1099.83 -1.206
1100.63 -1.207
1101.43 -1.208
1102.23 -1.209
1103.03 -1.21
1103.83 -1.211
1104.64 -1.212
1105.45 -1.213
1106.25 -1.214
1107.06 -1.215
1107.88 -1.216
1108.69 -1.217
1109.51 -1.218
1110.32 -1.219
1111.14 -1.22
1111.96 -1.221
1112.78 -1.222
1113.6 -1.223
1114.42 -1.224
1115.24 -1.225
1116.06 -1.226
1116.87 -1.227
1117.69 -1.228
1118.5 -1.229
1119.32 -1.23
1120.14 -1.231
1120.95 -1.232
1121.76 -1.233
1122.58 -1.234
1123.39 -1.235
1124.2 -1.236
1125.02 -1.237
1125.83 -1.238
1126.65 -1.239
1127.47 -1.24
1128.28 -1.241
1129.09 -1.242
1129.89 -1.243
1130.69 -1.244
1131.47 -1.245
1132.25 -1.246
1133.01 -1.247
1133.78 -1.248
1134.53 -1.249
1135.28 -1.25
1136.02 -1.251
1136.75 -1.252
1137.48 -1.253
1138.2 -1.254
1138.93 -1.255
1139.66 -1.256
1140.39 -1.257
1141.12 -1.258
1141.85 -1.259
1142.58 -1.26
1143.31 -1.261
1144.04 -1.262
1144.76 -1.263
1145.49 -1.264
1146.22 -1.265
1146.95 -1.266
1147.68 -1.267
1148.41 -1.268
1149.13 -1.269
1149.86 -1.27
1150.6 -1.271
1151.34 -1.272
1152.09 -1.273
1152.85 -1.274
1153.62 -1.275
1154.39 -1.276
1155.16 -1.277
1155.93 -1.278
1156.7 -1.279
1157.47 -1.28
1158.24 -1.281
1159.02 -1.282
1159.79 -1.283
1160.65 -1.284
1161.52 -1.285
1162.38 -1.286
1163.23 -1.287
1164.09 -1.288
1164.94 -1.289
1165.77 -1.29
1166.59 -1.291
1167.41 -1.292
1168.24 -1.293
1169.06 -1.294
1169.88 -1.295
1170.7 -1.296
1171.52 -1.297
1172.34 -1.298
1173.15 -1.299
1173.97 -1.3
1174.79 -1.301
1175.6 -1.302
1176.42 -1.303
1177.23 -1.304
1178.02 -1.305
1178.81 -1.306
1179.61 -1.307
1180.39 -1.308
1181.18 -1.309
1181.95 -1.31
1182.73 -1.311
1183.49 -1.312
1184.24 -1.313
1184.94 -1.314
1185.57 -1.315
1186.21 -1.316
1186.85 -1.317
1187.48 -1.318
1188.12 -1.319
1188.73 -1.32
1189.32 -1.321
1189.92 -1.322
1190.51 -1.323
1191.1 -1.324
1191.69 -1.325
1192.28 -1.326
1192.88 -1.327
1193.47 -1.328
1194.06 -1.329
1194.65 -1.33
1195.24 -1.331
1195.84 -1.332
1196.43 -1.333
1197.03 -1.334
1197.62 -1.335
1198.21 -1.336
1198.81 -1.337
1199.41 -1.338
1200 -1.339
1200.6 -1.34
1201.19 -1.341
1201.79 -1.342
1202.39 -1.343
1202.99 -1.344
1203.58 -1.345
1204.18 -1.346
1204.78 -1.347
1205.38 -1.348
1205.98 -1.349
1206.58 -1.35
1207.18 -1.351
1207.78 -1.352
1208.38 -1.353
1208.98 -1.354
1209.58 -1.355
1210.19 -1.356
1210.79 -1.357
1211.39 -1.358
1211.99 -1.359
1212.59 -1.36
1213.2 -1.361
1213.8 -1.362
1214.41 -1.363
1215.01 -1.364
1215.61 -1.365
1216.22 -1.366
1216.82 -1.367
1217.43 -1.368
1218.03 -1.369
1218.64 -1.37
1219.24 -1.371
1219.85 -1.372
1220.45 -1.373
1221.06 -1.374
1221.67 -1.375
1222.27 -1.376
1222.88 -1.377
1223.49 -1.378
1224.09 -1.379
1224.7 -1.38
1225.31 -1.381
1225.91 -1.382
1226.52 -1.383
1227.13 -1.384
1227.73 -1.385
1228.31 -1.386
1228.87 -1.387
1229.43 -1.388
1229.99 -1.389
1230.55 -1.39
1231.1 -1.391
1231.66 -1.392
1232.21 -1.393
1232.76 -1.394
1233.32 -1.395
1233.87 -1.396
1234.43 -1.397
1234.98 -1.398
1235.53 -1.399
1236.09 -1.4
