15.9597 -0.001
31.8994 -0.002
47.8189 -0.003
63.7181 -0.004
79.5967 -0.005
95.4547 -0.006
111.292 -0.007
127.108 -0.008
142.903 -0.009
158.676 -0.01
174.428 -0.011
190.157 -0.012
205.865 -0.013
221.551 -0.014
237.214 -0.015
252.854 -0.016
268.471 -0.017
284.065 -0.018
299.636 -0.019
315.183 -0.02
330.707 -0.021
346.206 -0.022
361.681 -0.023
377.131 -0.024
392.556 -0.025
407.957 -0.026
423.331 -0.027
438.68 -0.028
454.003 -0.029
469.3 -0.03
484.569 -0.031
499.812 -0.032
515.028 -0.033
530.216 -0.034
545.376 -0.035
560.507 -0.036
575.419 -0.037
589.413 -0.038
602.195 -0.039
614.845 -0.04
627.227 -0.041
638.937 -0.042
649.496 -0.043
658.695 -0.044
665.846 -0.045
671.401 -0.046
676.649 -0.047
681.553 -0.048
685.938 -0.049
689.759 -0.05
692.7 -0.051
695.088 -0.052
696.792 -0.053
697.885 -0.054
698.882 -0.055
699.851 -0.056
700.79 -0.057
701.693 -0.058
702.559 -0.059
703.396 -0.06
704.182 -0.061
704.936 -0.062
705.649 -0.063
706.327 -0.064
706.962 -0.065
707.575 -0.066
708.153 -0.067
708.713 -0.068
709.237 -0.069
709.746 -0.07
710.241 -0.071
710.719 -0.072
711.187 -0.073
711.647 -0.074
712.098 -0.075
712.537 -0.076
712.968 -0.077
713.391 -0.078
713.804 -0.079
714.213 -0.08
714.612 -0.081
715.009 -0.082
715.394 -0.083
715.772 -0.084
716.146 -0.085
716.512 -0.086
716.874 -0.087
717.23 -0.088
717.581 -0.089
717.919 -0.09
718.254 -0.091
718.583 -0.092
718.905 -0.093
719.223 -0.094
719.531 -0.095
719.832 -0.096
720.128 -0.097
720.418 -0.098
720.701 -0.099
720.978 -0.1
721.251 -0.101
721.523 -0.102
721.789 -0.103
722.052 -0.104
722.31 -0.105
722.565 -0.106
722.817 -0.107
723.064 -0.108
723.309 -0.109
723.55 -0.11
723.788 -0.111
724.024 -0.112
724.259 -0.113
724.492 -0.114
724.721 -0.115
724.949 -0.116
725.175 -0.117
725.398 -0.118
725.62 -0.119
725.839 -0.12
726.057 -0.121
726.273 -0.122
726.487 -0.123
726.701 -0.124
726.913 -0.125
727.122 -0.126
727.33 -0.127
727.535 -0.128
727.738 -0.129
727.941 -0.13
728.143 -0.131
728.343 -0.132
728.543 -0.133
728.741 -0.134
728.938 -0.135
729.133 -0.136
729.326 -0.137
729.517 -0.138
729.707 -0.139
729.897 -0.14
730.085 -0.141
730.273 -0.142
730.46 -0.143
730.647 -0.144
730.832 -0.145
731.015 -0.146
731.196 -0.147
731.376 -0.148
731.556 -0.149
731.735 -0.15
731.913 -0.151
732.09 -0.152
732.267 -0.153
732.443 -0.154
732.617 -0.155
732.789 -0.156
732.959 -0.157
733.127 -0.158
733.295 -0.159
733.462 -0.16
733.629 -0.161
733.795 -0.162
733.961 -0.163
734.127 -0.164
734.292 -0.165
734.456 -0.166
734.62 -0.167
734.782 -0.168
734.943 -0.169
735.103 -0.17
735.263 -0.171
735.423 -0.172
735.583 -0.173
735.742 -0.174
735.9 -0.175
736.059 -0.176
736.216 -0.177
736.371 -0.178
736.526 -0.179
736.679 -0.18
736.831 -0.181
736.982 -0.182
737.132 -0.183
737.282 -0.184
737.432 -0.185
737.582 -0.186
737.732 -0.187
737.88 -0.188
738.027 -0.189
738.174 -0.19
738.321 -0.191
738.468 -0.192
738.614 -0.193
738.76 -0.194
738.905 -0.195
739.051 -0.196
739.196 -0.197
739.34 -0.198
739.485 -0.199
739.629 -0.2
739.772 -0.201
739.914 -0.202
740.056 -0.203
740.198 -0.204
740.338 -0.205
740.478 -0.206
740.618 -0.207
740.756 -0.208
740.894 -0.209
741.03 -0.21
741.166 -0.211
741.301 -0.212
741.435 -0.213
741.569 -0.214
741.703 -0.215
741.837 -0.216
741.97 -0.217
742.103 -0.218
742.236 -0.219
742.369 -0.22
742.502 -0.221
742.635 -0.222
742.767 -0.223
742.9 -0.224
743.033 -0.225
743.166 -0.226
743.299 -0.227
743.431 -0.228
743.564 -0.229
743.697 -0.23
743.83 -0.231
743.962 -0.232
744.095 -0.233
744.227 -0.234
744.36 -0.235
744.492 -0.236
744.624 -0.237
744.756 -0.238
744.887 -0.239
745.018 -0.24
745.148 -0.241
745.278 -0.242
745.408 -0.243
745.538 -0.244
745.667 -0.245
745.797 -0.246
745.927 -0.247
746.056 -0.248
746.185 -0.249
746.314 -0.25
746.442 -0.251
746.57 -0.252
746.698 -0.253
746.826 -0.254
746.954 -0.255
747.082 -0.256
747.21 -0.257
747.337 -0.258
747.465 -0.259
747.593 -0.26
747.721 -0.261
747.849 -0.262
747.976 -0.263
748.104 -0.264
748.232 -0.265
748.36 -0.266
748.487 -0.267
748.615 -0.268
748.742 -0.269
748.87 -0.27
748.997 -0.271
749.125 -0.272
749.252 -0.273
749.379 -0.274
749.507 -0.275
749.634 -0.276
749.761 -0.277
749.889 -0.278
750.016 -0.279
750.143 -0.28
750.271 -0.281
750.398 -0.282
750.525 -0.283
750.652 -0.284
750.778 -0.285
750.905 -0.286
751.031 -0.287
751.157 -0.288
751.283 -0.289
751.409 -0.29
751.534 -0.291
751.66 -0.292
751.786 -0.293
751.912 -0.294
752.037 -0.295
752.163 -0.296
752.289 -0.297
752.414 -0.298
752.54 -0.299
752.666 -0.3
752.791 -0.301
752.917 -0.302
753.043 -0.303
753.168 -0.304
753.294 -0.305
753.42 -0.306
753.545 -0.307
753.671 -0.308
753.797 -0.309
753.922 -0.31
754.048 -0.311
754.173 -0.312
754.299 -0.313
754.424 -0.314
754.55 -0.315
754.676 -0.316
754.801 -0.317
754.927 -0.318
755.052 -0.319
755.178 -0.32
755.303 -0.321
755.428 -0.322
755.554 -0.323
755.679 -0.324
755.805 -0.325
755.93 -0.326
756.055 -0.327
756.181 -0.328
756.306 -0.329
756.431 -0.33
756.557 -0.331
756.682 -0.332
756.808 -0.333
756.933 -0.334
757.058 -0.335
757.183 -0.336
757.307 -0.337
757.432 -0.338
757.556 -0.339
757.681 -0.34
757.804 -0.341
757.928 -0.342
758.051 -0.343
758.175 -0.344
758.299 -0.345
758.422 -0.346
758.546 -0.347
758.669 -0.348
758.793 -0.349
758.916 -0.35
759.04 -0.351
759.164 -0.352
759.287 -0.353
759.411 -0.354
759.534 -0.355
759.658 -0.356
759.781 -0.357
759.905 -0.358
760.029 -0.359
760.152 -0.36
760.276 -0.361
760.399 -0.362
760.523 -0.363
760.646 -0.364
760.77 -0.365
760.893 -0.366
761.017 -0.367
761.141 -0.368
761.264 -0.369
761.388 -0.37
761.511 -0.371
761.635 -0.372
761.758 -0.373
761.882 -0.374
762.005 -0.375
762.129 -0.376
762.252 -0.377
762.376 -0.378
762.5 -0.379
762.623 -0.38
762.747 -0.381
762.87 -0.382
762.994 -0.383
763.117 -0.384
763.241 -0.385
763.364 -0.386
763.488 -0.387
763.612 -0.388
763.735 -0.389
763.859 -0.39
763.982 -0.391
764.106 -0.392
764.23 -0.393
764.353 -0.394
764.477 -0.395
764.6 -0.396
764.724 -0.397
764.847 -0.398
764.971 -0.399
765.095 -0.4
765.218 -0.401
765.342 -0.402
765.466 -0.403
765.589 -0.404
765.713 -0.405
765.836 -0.406
765.96 -0.407
766.083 -0.408
766.207 -0.409
766.33 -0.41
766.454 -0.411
766.578 -0.412
766.701 -0.413
766.825 -0.414
766.948 -0.415
767.071 -0.416
767.195 -0.417
767.318 -0.418
767.442 -0.419
767.565 -0.42
767.689 -0.421
767.813 -0.422
767.936 -0.423
768.06 -0.424
768.183 -0.425
768.307 -0.426
768.43 -0.427
768.554 -0.428
768.677 -0.429
768.801 -0.43
768.925 -0.431
769.048 -0.432
769.172 -0.433
769.295 -0.434
769.419 -0.435
769.543 -0.436
769.666 -0.437
769.79 -0.438
769.914 -0.439
770.037 -0.44
770.161 -0.441
770.285 -0.442
770.408 -0.443
770.532 -0.444
770.656 -0.445
770.779 -0.446
770.903 -0.447
771.027 -0.448
771.151 -0.449
771.274 -0.45
771.398 -0.451
771.522 -0.452
771.646 -0.453
771.769 -0.454
771.893 -0.455
772.017 -0.456
772.141 -0.457
772.265 -0.458
772.389 -0.459
772.512 -0.46
772.636 -0.461
772.76 -0.462
772.884 -0.463
773.008 -0.464
773.132 -0.465
773.256 -0.466
773.38 -0.467
773.504 -0.468
773.628 -0.469
773.752 -0.47
773.876 -0.471
774 -0.472
774.124 -0.473
774.248 -0.474
774.373 -0.475
774.497 -0.476
774.621 -0.477
774.745 -0.478
774.869 -0.479
774.993 -0.48
775.118 -0.481
775.242 -0.482
775.366 -0.483
775.49 -0.484
775.615 -0.485
775.739 -0.486
775.863 -0.487
775.987 -0.488
776.111 -0.489
776.236 -0.49
776.36 -0.491
776.484 -0.492
776.608 -0.493
776.733 -0.494
776.857 -0.495
776.981 -0.496
777.106 -0.497
777.23 -0.498
777.354 -0.499
777.478 -0.5
777.602 -0.501
777.726 -0.502
777.851 -0.503
777.975 -0.504
778.099 -0.505
778.223 -0.506
778.347 -0.507
778.472 -0.508
778.596 -0.509
778.72 -0.51
778.844 -0.511
778.969 -0.512
779.093 -0.513
779.217 -0.514
779.342 -0.515
779.466 -0.516
779.591 -0.517
779.715 -0.518
779.84 -0.519
779.964 -0.52
780.089 -0.521
780.213 -0.522
780.338 -0.523
780.463 -0.524
780.587 -0.525
780.712 -0.526
780.837 -0.527
780.961 -0.528
781.086 -0.529
781.211 -0.53
781.336 -0.531
781.46 -0.532
781.585 -0.533
781.71 -0.534
781.835 -0.535
781.96 -0.536
782.085 -0.537
782.209 -0.538
782.334 -0.539
782.459 -0.54
782.584 -0.541
782.709 -0.542
782.834 -0.543
782.959 -0.544
783.084 -0.545
783.21 -0.546
783.335 -0.547
783.46 -0.548
783.585 -0.549
783.71 -0.55
783.835 -0.551
783.96 -0.552
784.085 -0.553
784.21 -0.554
784.335 -0.555
784.461 -0.556
784.586 -0.557
784.711 -0.558
784.836 -0.559
784.961 -0.56
785.086 -0.561
785.211 -0.562
785.336 -0.563
785.461 -0.564
785.586 -0.565
785.711 -0.566
785.836 -0.567
785.961 -0.568
786.086 -0.569
786.211 -0.57
786.337 -0.571
786.461 -0.572
786.586 -0.573
786.711 -0.574
786.836 -0.575
786.961 -0.576
787.086 -0.577
787.211 -0.578
787.336 -0.579
787.462 -0.58
787.587 -0.581
787.712 -0.582
787.838 -0.583
787.963 -0.584
788.088 -0.585
788.214 -0.586
788.339 -0.587
788.465 -0.588
788.59 -0.589
788.716 -0.59
788.841 -0.591
788.967 -0.592
789.092 -0.593
789.218 -0.594
789.343 -0.595
789.469 -0.596
789.595 -0.597
789.721 -0.598
789.847 -0.599
789.973 -0.6
790.099 -0.601
790.225 -0.602
790.351 -0.603
790.477 -0.604
790.603 -0.605
790.729 -0.606
790.855 -0.607
790.981 -0.608
791.108 -0.609
791.234 -0.61
791.36 -0.611
791.486 -0.612
791.613 -0.613
791.739 -0.614
791.865 -0.615
791.992 -0.616
792.118 -0.617
792.244 -0.618
792.371 -0.619
792.497 -0.62
792.624 -0.621
792.75 -0.622
792.877 -0.623
793.003 -0.624
793.129 -0.625
793.255 -0.626
793.381 -0.627
793.507 -0.628
793.633 -0.629
793.759 -0.63
793.886 -0.631
794.012 -0.632
794.138 -0.633
794.264 -0.634
794.39 -0.635
794.516 -0.636
794.641 -0.637
794.767 -0.638
794.893 -0.639
795.019 -0.64
795.145 -0.641
795.271 -0.642
795.397 -0.643
795.523 -0.644
795.65 -0.645
795.776 -0.646
795.902 -0.647
796.028 -0.648
796.154 -0.649
796.28 -0.65
796.406 -0.651
796.532 -0.652
796.658 -0.653
796.784 -0.654
796.911 -0.655
797.037 -0.656
797.163 -0.657
797.289 -0.658
797.416 -0.659
797.542 -0.66
797.668 -0.661
797.795 -0.662
797.921 -0.663
798.048 -0.664
798.174 -0.665
798.3 -0.666
798.427 -0.667
798.553 -0.668
798.679 -0.669
798.806 -0.67
798.932 -0.671
799.059 -0.672
799.185 -0.673
799.312 -0.674
799.438 -0.675
799.565 -0.676
799.691 -0.677
799.818 -0.678
799.944 -0.679
800.071 -0.68
800.198 -0.681
800.324 -0.682
800.45 -0.683
800.577 -0.684
800.703 -0.685
800.829 -0.686
800.956 -0.687
801.082 -0.688
801.208 -0.689
801.335 -0.69
801.461 -0.691
801.587 -0.692
801.714 -0.693
801.84 -0.694
801.966 -0.695
802.093 -0.696
802.219 -0.697
802.345 -0.698
802.471 -0.699
802.597 -0.7
802.723 -0.701
802.849 -0.702
802.974 -0.703
803.099 -0.704
803.223 -0.705
803.346 -0.706
803.469 -0.707
803.59 -0.708
803.711 -0.709
803.83 -0.71
803.943 -0.711
804.044 -0.712
804.132 -0.713
804.203 -0.714
804.255 -0.715
804.361 -0.716
804.458 -0.717
804.551 -0.718
804.678 -0.719
804.804 -0.72
804.929 -0.721
805.056 -0.722
805.201 -0.723
805.339 -0.724
805.46 -0.725
805.575 -0.726
805.686 -0.727
805.785 -0.728
805.87 -0.729
805.94 -0.73
805.989 -0.731
806.025 -0.732
806.089 -0.733
806.178 -0.734
806.268 -0.735
806.393 -0.736
806.517 -0.737
806.641 -0.738
806.774 -0.739
806.92 -0.74
807.066 -0.741
807.212 -0.742
807.355 -0.743
807.494 -0.744
807.613 -0.745
807.735 -0.746
807.856 -0.747
807.978 -0.748
808.1 -0.749
808.223 -0.75
808.346 -0.751
808.469 -0.752
808.591 -0.753
808.714 -0.754
808.837 -0.755
808.96 -0.756
809.083 -0.757
809.206 -0.758
809.33 -0.759
809.454 -0.76
809.578 -0.761
809.702 -0.762
809.826 -0.763
809.951 -0.764
810.075 -0.765
810.199 -0.766
810.324 -0.767
810.448 -0.768
810.573 -0.769
810.699 -0.77
810.824 -0.771
810.949 -0.772
811.074 -0.773
811.2 -0.774
811.325 -0.775
811.451 -0.776
811.576 -0.777
811.703 -0.778
811.829 -0.779
811.955 -0.78
812.082 -0.781
812.208 -0.782
812.335 -0.783
812.461 -0.784
812.588 -0.785
812.714 -0.786
812.841 -0.787
812.968 -0.788
813.094 -0.789
813.221 -0.79
813.348 -0.791
813.475 -0.792
813.602 -0.793
813.729 -0.794
813.856 -0.795
813.983 -0.796
814.11 -0.797
814.237 -0.798
814.365 -0.799
814.492 -0.8
814.619 -0.801
814.746 -0.802
814.874 -0.803
815.001 -0.804
815.129 -0.805
815.256 -0.806
815.384 -0.807
815.512 -0.808
815.639 -0.809
815.767 -0.81
815.895 -0.811
816.023 -0.812
816.151 -0.813
816.278 -0.814
816.406 -0.815
816.534 -0.816
816.662 -0.817
816.791 -0.818
816.919 -0.819
817.047 -0.82
817.175 -0.821
817.303 -0.822
817.432 -0.823
817.56 -0.824
817.689 -0.825
817.817 -0.826
817.946 -0.827
818.074 -0.828
818.203 -0.829
818.331 -0.83
818.46 -0.831
818.589 -0.832
818.717 -0.833
818.846 -0.834
818.975 -0.835
819.104 -0.836
819.232 -0.837
819.361 -0.838
819.49 -0.839
819.619 -0.84
819.749 -0.841
819.878 -0.842
820.007 -0.843
820.136 -0.844
820.265 -0.845
820.394 -0.846
820.523 -0.847
820.652 -0.848
820.781 -0.849
820.911 -0.85
821.04 -0.851
821.169 -0.852
821.299 -0.853
821.428 -0.854
821.557 -0.855
821.686 -0.856
821.815 -0.857
821.944 -0.858
822.073 -0.859
822.202 -0.86
822.331 -0.861
822.459 -0.862
822.588 -0.863
822.716 -0.864
822.843 -0.865
822.971 -0.866
823.098 -0.867
823.226 -0.868
823.353 -0.869
823.48 -0.87
823.606 -0.871
823.732 -0.872
823.858 -0.873
823.984 -0.874
824.11 -0.875
824.235 -0.876
824.361 -0.877
824.486 -0.878
824.611 -0.879
824.736 -0.88
824.86 -0.881
824.984 -0.882
825.108 -0.883
825.231 -0.884
825.354 -0.885
825.476 -0.886
825.598 -0.887
825.718 -0.888
825.837 -0.889
825.954 -0.89
826.067 -0.891
826.173 -0.892
826.268 -0.893
826.349 -0.894
826.413 -0.895
826.461 -0.896
826.497 -0.897
826.526 -0.898
826.546 -0.899
826.557 -0.9
826.556 -0.901
826.542 -0.902
826.514 -0.903
826.476 -0.904
826.428 -0.905
826.377 -0.906
826.326 -0.907
826.274 -0.908
826.223 -0.909
826.172 -0.91
826.121 -0.911
826.07 -0.912
826.019 -0.913
825.968 -0.914
825.917 -0.915
825.866 -0.916
825.815 -0.917
825.839 -0.918
825.93 -0.919
826.091 -0.92
826.273 -0.921
826.455 -0.922
826.597 -0.923
826.696 -0.924
826.814 -0.925
827.03 -0.926
827.345 -0.927
827.679 -0.928
828.013 -0.929
828.348 -0.93
828.616 -0.931
828.871 -0.932
829.128 -0.933
829.385 -0.934
829.642 -0.935
829.893 -0.936
830.111 -0.937
830.308 -0.938
830.505 -0.939
830.703 -0.94
830.899 -0.941
831.093 -0.942
831.284 -0.943
831.47 -0.944
831.619 -0.945
831.753 -0.946
831.887 -0.947
832.021 -0.948
832.155 -0.949
832.289 -0.95
832.423 -0.951
832.557 -0.952
832.69 -0.953
832.824 -0.954
832.958 -0.955
833.092 -0.956
833.226 -0.957
833.36 -0.958
833.495 -0.959
833.629 -0.96
833.763 -0.961
833.897 -0.962
834.031 -0.963
834.165 -0.964
834.299 -0.965
834.434 -0.966
834.568 -0.967
834.702 -0.968
834.836 -0.969
834.97 -0.97
835.105 -0.971
835.239 -0.972
835.373 -0.973
835.507 -0.974
835.642 -0.975
835.776 -0.976
835.91 -0.977
836.044 -0.978
836.178 -0.979
836.312 -0.98
836.446 -0.981
836.581 -0.982
836.715 -0.983
836.848 -0.984
836.982 -0.985
837.116 -0.986
837.25 -0.987
837.384 -0.988
837.517 -0.989
837.651 -0.99
837.784 -0.991
837.917 -0.992
838.05 -0.993
838.183 -0.994
838.315 -0.995
838.447 -0.996
838.579 -0.997
838.711 -0.998
838.842 -0.999
838.972 -1
839.101 -1.001
839.229 -1.002
839.355 -1.003
839.477 -1.004
839.589 -1.005
839.685 -1.006
839.759 -1.007
839.81 -1.008
839.841 -1.009
839.855 -1.01
839.859 -1.011
839.859 -1.012
839.859 -1.013
839.86 -1.014
839.86 -1.015
839.86 -1.016
839.861 -1.017
839.861 -1.018
839.862 -1.019
839.862 -1.02
839.863 -1.021
839.88 -1.022
839.995 -1.023
840.175 -1.024
840.392 -1.025
840.638 -1.026
840.854 -1.027
841.066 -1.028
841.291 -1.029
841.519 -1.03
841.748 -1.031
841.976 -1.032
842.212 -1.033
842.456 -1.034
842.695 -1.035
842.918 -1.036
843.116 -1.037
843.292 -1.038
843.444 -1.039
843.582 -1.04
843.72 -1.041
843.858 -1.042
843.995 -1.043
844.133 -1.044
844.271 -1.045
844.409 -1.046
844.547 -1.047
844.685 -1.048
844.823 -1.049
844.961 -1.05
845.099 -1.051
845.238 -1.052
845.376 -1.053
845.514 -1.054
845.653 -1.055
845.791 -1.056
845.93 -1.057
846.068 -1.058
846.207 -1.059
846.345 -1.06
846.484 -1.061
846.623 -1.062
846.761 -1.063
846.9 -1.064
847.039 -1.065
847.178 -1.066
847.317 -1.067
847.455 -1.068
847.594 -1.069
847.732 -1.07
847.871 -1.071
848.009 -1.072
848.148 -1.073
848.286 -1.074
848.425 -1.075
848.564 -1.076
848.703 -1.077
848.841 -1.078
848.98 -1.079
849.119 -1.08
849.258 -1.081
849.397 -1.082
849.537 -1.083
849.676 -1.084
849.815 -1.085
849.954 -1.086
850.094 -1.087
850.233 -1.088
850.372 -1.089
850.512 -1.09
850.651 -1.091
850.791 -1.092
850.931 -1.093
851.07 -1.094
851.21 -1.095
851.35 -1.096
851.49 -1.097
851.63 -1.098
851.77 -1.099
851.909 -1.1
852.049 -1.101
852.189 -1.102
852.329 -1.103
852.469 -1.104
852.609 -1.105
852.749 -1.106
852.889 -1.107
853.03 -1.108
853.17 -1.109
853.31 -1.11
853.45 -1.111
853.591 -1.112
853.731 -1.113
853.872 -1.114
854.012 -1.115
854.153 -1.116
854.293 -1.117
854.434 -1.118
854.575 -1.119
854.716 -1.12
854.857 -1.121
854.998 -1.122
855.139 -1.123
855.28 -1.124
855.421 -1.125
855.563 -1.126
855.704 -1.127
855.846 -1.128
855.987 -1.129
856.129 -1.13
856.271 -1.131
856.413 -1.132
856.554 -1.133
856.696 -1.134
856.838 -1.135
856.98 -1.136
857.122 -1.137
857.264 -1.138
857.407 -1.139
857.549 -1.14
857.691 -1.141
857.834 -1.142
857.976 -1.143
858.119 -1.144
858.261 -1.145
858.404 -1.146
858.546 -1.147
858.689 -1.148
858.831 -1.149
858.972 -1.15
859.114 -1.151
859.256 -1.152
859.397 -1.153
859.539 -1.154
859.681 -1.155
859.823 -1.156
859.965 -1.157
860.107 -1.158
860.249 -1.159
860.391 -1.16
860.534 -1.161
860.676 -1.162
860.818 -1.163
860.961 -1.164
861.103 -1.165
861.246 -1.166
861.388 -1.167
861.531 -1.168
861.674 -1.169
861.816 -1.17
861.959 -1.171
862.101 -1.172
862.244 -1.173
862.386 -1.174
862.529 -1.175
862.672 -1.176
862.815 -1.177
862.958 -1.178
863.101 -1.179
863.244 -1.18
863.387 -1.181
863.53 -1.182
863.673 -1.183
863.816 -1.184
863.96 -1.185
864.103 -1.186
864.246 -1.187
864.39 -1.188
864.534 -1.189
864.677 -1.19
864.821 -1.191
864.964 -1.192
865.108 -1.193
865.252 -1.194
865.395 -1.195
865.539 -1.196
865.683 -1.197
865.827 -1.198
865.971 -1.199
866.115 -1.2
866.259 -1.201
866.403 -1.202
866.547 -1.203
866.691 -1.204
866.836 -1.205
866.98 -1.206
867.124 -1.207
867.268 -1.208
867.412 -1.209
867.556 -1.21
867.701 -1.211
867.845 -1.212
867.99 -1.213
868.134 -1.214
868.279 -1.215
868.423 -1.216
868.568 -1.217
868.712 -1.218
868.856 -1.219
869 -1.22
869.144 -1.221
869.288 -1.222
869.431 -1.223
869.575 -1.224
869.719 -1.225
869.862 -1.226
870.005 -1.227
870.149 -1.228
870.292 -1.229
870.436 -1.23
870.579 -1.231
870.722 -1.232
870.866 -1.233
871.009 -1.234
871.152 -1.235
871.295 -1.236
871.438 -1.237
871.582 -1.238
871.725 -1.239
871.868 -1.24
872.011 -1.241
872.154 -1.242
872.297 -1.243
872.44 -1.244
872.583 -1.245
872.726 -1.246
872.869 -1.247
873.012 -1.248
873.155 -1.249
873.298 -1.25
873.441 -1.251
873.584 -1.252
873.727 -1.253
873.87 -1.254
874.013 -1.255
874.155 -1.256
874.298 -1.257
874.441 -1.258
874.584 -1.259
874.727 -1.26
874.87 -1.261
875.013 -1.262
875.156 -1.263
875.299 -1.264
875.441 -1.265
875.584 -1.266
875.727 -1.267
875.87 -1.268
876.012 -1.269
876.155 -1.27
876.297 -1.271
876.44 -1.272
876.582 -1.273
876.725 -1.274
876.867 -1.275
877.009 -1.276
877.152 -1.277
877.294 -1.278
877.436 -1.279
877.577 -1.28
877.718 -1.281
877.858 -1.282
877.998 -1.283
878.138 -1.284
878.278 -1.285
878.417 -1.286
878.555 -1.287
878.693 -1.288
878.831 -1.289
878.969 -1.29
879.106 -1.291
879.24 -1.292
879.37 -1.293
879.498 -1.294
879.624 -1.295
879.749 -1.296
879.873 -1.297
880.001 -1.298
880.129 -1.299
880.254 -1.3
