7.74319 -0.001
15.4705 -0.002
23.1822 -0.003
30.8781 -0.004
38.5583 -0.005
46.2226 -0.006
53.8712 -0.007
61.5038 -0.008
69.1205 -0.009
76.7212 -0.01
84.306 -0.011
91.8747 -0.012
99.4273 -0.013
106.964 -0.014
114.484 -0.015
121.988 -0.016
129.476 -0.017
136.948 -0.018
144.403 -0.019
151.842 -0.02
159.264 -0.021
166.67 -0.022
174.059 -0.023
181.432 -0.024
188.788 -0.025
196.127 -0.026
203.45 -0.027
210.756 -0.028
218.045 -0.029
225.317 -0.03
232.572 -0.031
239.809 -0.032
247.03 -0.033
254.234 -0.034
261.42 -0.035
268.589 -0.036
275.74 -0.037
282.874 -0.038
289.991 -0.039
297.09 -0.04
304.171 -0.041
311.234 -0.042
318.28 -0.043
325.307 -0.044
332.317 -0.045
339.292 -0.046
346.117 -0.047
352.688 -0.048
358.836 -0.049
364.349 -0.05
369.582 -0.051
374.73 -0.052
379.662 -0.053
384.383 -0.054
389.075 -0.055
393.744 -0.056
398.394 -0.057
403.027 -0.058
407.643 -0.059
412.242 -0.06
416.825 -0.061
421.35 -0.062
425.755 -0.063
429.836 -0.064
433.821 -0.065
437.279 -0.066
440.615 -0.067
443.313 -0.068
445.455 -0.069
447.548 -0.07
449.615 -0.071
451.624 -0.072
453.587 -0.073
455.522 -0.074
457.315 -0.075
459.044 -0.076
460.752 -0.077
462.404 -0.078
463.82 -0.079
465.191 -0.08
466.539 -0.081
467.827 -0.082
468.84 -0.083
469.82 -0.084
470.605 -0.085
471.26 -0.086
471.897 -0.087
472.519 -0.088
473.125 -0.089
473.719 -0.09
474.302 -0.091
474.874 -0.092
475.437 -0.093
475.992 -0.094
476.538 -0.095
477.076 -0.096
477.606 -0.097
478.129 -0.098
478.645 -0.099
479.155 -0.1
479.658 -0.101
480.155 -0.102
480.644 -0.103
481.126 -0.104
481.601 -0.105
482.069 -0.106
482.531 -0.107
482.987 -0.108
483.436 -0.109
483.878 -0.11
484.314 -0.111
484.743 -0.112
485.166 -0.113
485.583 -0.114
485.993 -0.115
486.398 -0.116
486.797 -0.117
487.19 -0.118
487.578 -0.119
487.96 -0.12
488.337 -0.121
488.708 -0.122
489.075 -0.123
489.436 -0.124
489.79 -0.125
490.139 -0.126
490.484 -0.127
490.823 -0.128
491.157 -0.129
491.487 -0.13
491.812 -0.131
492.132 -0.132
492.448 -0.133
492.759 -0.134
493.066 -0.135
493.369 -0.136
493.667 -0.137
493.96 -0.138
494.251 -0.139
494.537 -0.14
494.818 -0.141
495.095 -0.142
495.369 -0.143
495.638 -0.144
495.904 -0.145
496.164 -0.146
496.42 -0.147
496.669 -0.148
496.91 -0.149
497.146 -0.15
497.377 -0.151
497.6 -0.152
497.819 -0.153
498.034 -0.154
498.246 -0.155
498.455 -0.156
498.66 -0.157
498.862 -0.158
499.061 -0.159
499.256 -0.16
499.448 -0.161
499.633 -0.162
499.81 -0.163
499.977 -0.164
500.137 -0.165
500.282 -0.166
500.416 -0.167
500.539 -0.168
500.659 -0.169
500.776 -0.17
500.89 -0.171
501.001 -0.172
501.109 -0.173
501.215 -0.174
501.317 -0.175
501.417 -0.176
501.514 -0.177
501.608 -0.178
501.7 -0.179
501.788 -0.18
501.875 -0.181
501.958 -0.182
502.038 -0.183
502.116 -0.184
502.192 -0.185
502.264 -0.186
502.334 -0.187
502.398 -0.188
502.452 -0.189
502.496 -0.19
502.533 -0.191
502.554 -0.192
502.566 -0.193
502.564 -0.194
502.558 -0.195
502.551 -0.196
502.541 -0.197
502.528 -0.198
502.512 -0.199
502.493 -0.2
502.471 -0.201
502.447 -0.202
502.421 -0.203
502.393 -0.204
502.362 -0.205
502.328 -0.206
502.292 -0.207
502.253 -0.208
502.213 -0.209
502.17 -0.21
502.125 -0.211
502.077 -0.212
502.027 -0.213
501.974 -0.214
501.919 -0.215
501.862 -0.216
501.802 -0.217
501.74 -0.218
501.676 -0.219
501.61 -0.22
501.541 -0.221
501.471 -0.222
501.398 -0.223
501.324 -0.224
501.249 -0.225
501.171 -0.226
501.092 -0.227
501.01 -0.228
500.927 -0.229
500.842 -0.23
500.755 -0.231
500.665 -0.232
500.573 -0.233
500.479 -0.234
500.383 -0.235
500.285 -0.236
500.184 -0.237
500.08 -0.238
499.975 -0.239
499.867 -0.24
499.758 -0.241
499.647 -0.242
499.534 -0.243
499.42 -0.244
499.303 -0.245
499.185 -0.246
499.065 -0.247
498.944 -0.248
498.82 -0.249
498.695 -0.25
498.568 -0.251
498.44 -0.252
498.309 -0.253
498.178 -0.254
498.045 -0.255
497.911 -0.256
497.775 -0.257
497.638 -0.258
497.5 -0.259
497.359 -0.26
497.217 -0.261
497.071 -0.262
496.923 -0.263
496.772 -0.264
496.62 -0.265
496.463 -0.266
496.304 -0.267
496.143 -0.268
495.978 -0.269
495.81 -0.27
495.639 -0.271
495.464 -0.272
495.287 -0.273
495.106 -0.274
494.924 -0.275
494.741 -0.276
494.558 -0.277
494.374 -0.278
494.189 -0.279
494.003 -0.28
493.816 -0.281
493.627 -0.282
493.438 -0.283
493.248 -0.284
493.057 -0.285
492.865 -0.286
492.672 -0.287
492.479 -0.288
492.285 -0.289
492.09 -0.29
491.894 -0.291
491.697 -0.292
491.5 -0.293
491.302 -0.294
491.102 -0.295
490.903 -0.296
490.704 -0.297
490.504 -0.298
490.303 -0.299
490.102 -0.3
489.899 -0.301
489.697 -0.302
489.494 -0.303
489.29 -0.304
489.085 -0.305
488.881 -0.306
488.677 -0.307
488.472 -0.308
488.266 -0.309
488.06 -0.31
487.853 -0.311
487.646 -0.312
487.438 -0.313
487.23 -0.314
487.021 -0.315
486.812 -0.316
486.603 -0.317
486.393 -0.318
486.183 -0.319
485.972 -0.32
485.761 -0.321
485.549 -0.322
485.337 -0.323
485.125 -0.324
484.912 -0.325
484.699 -0.326
484.485 -0.327
484.271 -0.328
484.056 -0.329
483.841 -0.33
483.625 -0.331
483.41 -0.332
483.194 -0.333
482.977 -0.334
482.761 -0.335
482.544 -0.336
482.327 -0.337
482.11 -0.338
481.892 -0.339
481.675 -0.34
481.457 -0.341
481.239 -0.342
481.021 -0.343
480.803 -0.344
480.585 -0.345
480.367 -0.346
480.149 -0.347
479.931 -0.348
479.713 -0.349
479.496 -0.35
479.278 -0.351
479.06 -0.352
478.842 -0.353
478.625 -0.354
478.407 -0.355
478.19 -0.356
477.973 -0.357
477.757 -0.358
477.541 -0.359
477.325 -0.36
477.109 -0.361
476.894 -0.362
476.679 -0.363
476.465 -0.364
476.251 -0.365
476.037 -0.366
475.823 -0.367
475.61 -0.368
475.398 -0.369
475.186 -0.37
474.974 -0.371
474.763 -0.372
474.552 -0.373
474.342 -0.374
474.132 -0.375
473.923 -0.376
473.714 -0.377
473.506 -0.378
473.299 -0.379
473.091 -0.38
472.884 -0.381
472.678 -0.382
472.472 -0.383
472.267 -0.384
472.062 -0.385
471.858 -0.386
471.654 -0.387
471.451 -0.388
471.249 -0.389
471.047 -0.39
470.845 -0.391
470.644 -0.392
470.444 -0.393
470.244 -0.394
470.045 -0.395
469.847 -0.396
469.649 -0.397
469.451 -0.398
469.254 -0.399
469.058 -0.4
468.862 -0.401
468.667 -0.402
468.472 -0.403
468.278 -0.404
468.084 -0.405
467.892 -0.406
467.699 -0.407
467.508 -0.408
467.316 -0.409
467.126 -0.41
466.935 -0.411
466.746 -0.412
466.557 -0.413
466.369 -0.414
466.182 -0.415
465.995 -0.416
465.808 -0.417
465.622 -0.418
465.437 -0.419
465.252 -0.42
465.068 -0.421
464.884 -0.422
464.702 -0.423
464.52 -0.424
464.338 -0.425
464.157 -0.426
463.976 -0.427
463.796 -0.428
463.617 -0.429
463.438 -0.43
463.26 -0.431
463.083 -0.432
462.906 -0.433
462.729 -0.434
462.553 -0.435
462.377 -0.436
462.202 -0.437
462.028 -0.438
461.855 -0.439
461.682 -0.44
461.51 -0.441
461.339 -0.442
461.168 -0.443
460.998 -0.444
460.829 -0.445
460.66 -0.446
460.493 -0.447
460.325 -0.448
460.159 -0.449
459.994 -0.45
459.83 -0.451
459.666 -0.452
459.504 -0.453
459.343 -0.454
459.183 -0.455
459.025 -0.456
458.867 -0.457
458.71 -0.458
458.554 -0.459
458.399 -0.46
458.245 -0.461
458.092 -0.462
457.94 -0.463
457.789 -0.464
457.64 -0.465
457.49 -0.466
457.342 -0.467
457.194 -0.468
457.047 -0.469
456.901 -0.47
456.755 -0.471
456.61 -0.472
456.465 -0.473
456.32 -0.474
456.175 -0.475
456.031 -0.476
455.887 -0.477
455.744 -0.478
455.601 -0.479
455.459 -0.48
455.317 -0.481
455.176 -0.482
455.035 -0.483
454.895 -0.484
454.756 -0.485
454.617 -0.486
454.48 -0.487
454.342 -0.488
454.205 -0.489
454.069 -0.49
453.934 -0.491
453.799 -0.492
453.665 -0.493
453.532 -0.494
453.4 -0.495
453.269 -0.496
453.139 -0.497
453.009 -0.498
452.88 -0.499
452.753 -0.5
452.626 -0.501
452.499 -0.502
452.374 -0.503
452.25 -0.504
452.126 -0.505
452.004 -0.506
451.882 -0.507
451.761 -0.508
451.641 -0.509
451.522 -0.51
451.404 -0.511
451.287 -0.512
451.171 -0.513
451.055 -0.514
450.941 -0.515
450.828 -0.516
450.715 -0.517
450.604 -0.518
450.493 -0.519
450.384 -0.52
450.275 -0.521
450.168 -0.522
450.061 -0.523
449.956 -0.524
449.851 -0.525
449.748 -0.526
449.645 -0.527
449.544 -0.528
449.443 -0.529
449.344 -0.53
449.246 -0.531
449.148 -0.532
449.052 -0.533
448.957 -0.534
448.863 -0.535
448.77 -0.536
448.679 -0.537
448.588 -0.538
448.498 -0.539
448.41 -0.54
448.323 -0.541
448.236 -0.542
448.151 -0.543
448.067 -0.544
447.985 -0.545
447.903 -0.546
447.823 -0.547
447.743 -0.548
447.665 -0.549
447.588 -0.55
447.513 -0.551
447.438 -0.552
447.365 -0.553
447.293 -0.554
447.222 -0.555
447.152 -0.556
447.084 -0.557
447.017 -0.558
446.951 -0.559
446.887 -0.56
446.823 -0.561
446.761 -0.562
446.7 -0.563
446.641 -0.564
446.583 -0.565
446.526 -0.566
446.47 -0.567
446.417 -0.568
446.364 -0.569
446.314 -0.57
446.264 -0.571
446.216 -0.572
446.17 -0.573
446.125 -0.574
446.082 -0.575
446.04 -0.576
446 -0.577
445.961 -0.578
445.924 -0.579
445.888 -0.58
445.854 -0.581
445.822 -0.582
445.791 -0.583
445.761 -0.584
445.733 -0.585
445.706 -0.586
445.681 -0.587
445.657 -0.588
445.635 -0.589
445.614 -0.59
445.594 -0.591
445.576 -0.592
445.56 -0.593
445.544 -0.594
445.529 -0.595
445.515 -0.596
445.501 -0.597
445.487 -0.598
445.473 -0.599
445.46 -0.6
445.445 -0.601
445.43 -0.602
445.414 -0.603
445.396 -0.604
445.378 -0.605
445.358 -0.606
445.34 -0.607
445.323 -0.608
445.308 -0.609
445.294 -0.61
445.281 -0.611
445.27 -0.612
445.26 -0.613
445.252 -0.614
445.245 -0.615
445.239 -0.616
445.235 -0.617
445.232 -0.618
445.231 -0.619
445.231 -0.62
445.232 -0.621
445.235 -0.622
445.239 -0.623
445.245 -0.624
445.253 -0.625
445.261 -0.626
445.272 -0.627
445.283 -0.628
445.297 -0.629
445.311 -0.63
445.328 -0.631
445.346 -0.632
445.365 -0.633
445.386 -0.634
445.408 -0.635
445.432 -0.636
445.458 -0.637
445.485 -0.638
445.514 -0.639
445.544 -0.64
445.576 -0.641
445.61 -0.642
445.645 -0.643
445.682 -0.644
445.72 -0.645
445.76 -0.646
445.802 -0.647
445.845 -0.648
445.89 -0.649
445.937 -0.65
445.985 -0.651
446.035 -0.652
446.087 -0.653
446.14 -0.654
446.195 -0.655
446.252 -0.656
446.31 -0.657
446.37 -0.658
446.432 -0.659
446.496 -0.66
446.561 -0.661
446.628 -0.662
446.696 -0.663
446.767 -0.664
446.839 -0.665
446.913 -0.666
446.989 -0.667
447.066 -0.668
447.146 -0.669
447.227 -0.67
447.31 -0.671
447.394 -0.672
447.481 -0.673
447.569 -0.674
447.659 -0.675
447.751 -0.676
447.845 -0.677
447.94 -0.678
448.038 -0.679
448.137 -0.68
448.239 -0.681
448.342 -0.682
448.446 -0.683
448.553 -0.684
448.662 -0.685
448.773 -0.686
448.885 -0.687
449 -0.688
449.116 -0.689
449.234 -0.69
449.355 -0.691
449.477 -0.692
449.601 -0.693
449.727 -0.694
449.854 -0.695
449.981 -0.696
450.11 -0.697
450.239 -0.698
450.369 -0.699
450.5 -0.7
450.633 -0.701
450.766 -0.702
450.902 -0.703
451.038 -0.704
451.176 -0.705
451.315 -0.706
451.456 -0.707
451.598 -0.708
451.743 -0.709
451.889 -0.71
452.038 -0.711
452.189 -0.712
452.342 -0.713
452.497 -0.714
452.653 -0.715
452.812 -0.716
452.973 -0.717
453.137 -0.718
453.301 -0.719
453.465 -0.72
453.63 -0.721
453.794 -0.722
453.959 -0.723
454.125 -0.724
454.289 -0.725
454.456 -0.726
454.623 -0.727
454.789 -0.728
454.957 -0.729
455.126 -0.73
455.294 -0.731
455.465 -0.732
455.636 -0.733
455.806 -0.734
455.979 -0.735
456.153 -0.736
456.33 -0.737
456.509 -0.738
456.69 -0.739
456.873 -0.74
457.058 -0.741
457.246 -0.742
457.435 -0.743
457.627 -0.744
457.821 -0.745
458.017 -0.746
458.215 -0.747
458.415 -0.748
458.618 -0.749
458.823 -0.75
459.03 -0.751
459.239 -0.752
459.451 -0.753
459.664 -0.754
459.88 -0.755
460.097 -0.756
460.315 -0.757
460.535 -0.758
460.757 -0.759
460.979 -0.76
461.203 -0.761
461.43 -0.762
461.658 -0.763
461.886 -0.764
462.117 -0.765
462.351 -0.766
462.585 -0.767
462.821 -0.768
463.058 -0.769
463.298 -0.77
463.54 -0.771
463.783 -0.772
464.028 -0.773
464.275 -0.774
464.524 -0.775
464.776 -0.776
465.029 -0.777
465.283 -0.778
465.539 -0.779
465.798 -0.78
466.059 -0.781
466.323 -0.782
466.588 -0.783
466.856 -0.784
467.127 -0.785
467.399 -0.786
467.674 -0.787
467.951 -0.788
468.231 -0.789
468.513 -0.79
468.797 -0.791
469.083 -0.792
469.371 -0.793
469.662 -0.794
469.955 -0.795
470.25 -0.796
470.548 -0.797
470.848 -0.798
471.15 -0.799
471.455 -0.8
471.762 -0.801
472.072 -0.802
472.385 -0.803
472.699 -0.804
473.017 -0.805
473.337 -0.806
473.659 -0.807
473.984 -0.808
474.311 -0.809
474.641 -0.81
474.973 -0.811
475.308 -0.812
475.646 -0.813
475.986 -0.814
476.329 -0.815
476.674 -0.816
477.022 -0.817
477.372 -0.818
477.725 -0.819
478.08 -0.82
478.438 -0.821
478.798 -0.822
479.162 -0.823
479.527 -0.824
479.896 -0.825
480.267 -0.826
480.64 -0.827
481.017 -0.828
481.396 -0.829
481.777 -0.83
482.162 -0.831
482.549 -0.832
482.939 -0.833
483.331 -0.834
483.727 -0.835
484.125 -0.836
484.526 -0.837
484.929 -0.838
485.335 -0.839
485.744 -0.84
486.156 -0.841
486.571 -0.842
486.988 -0.843
487.408 -0.844
487.83 -0.845
488.256 -0.846
488.684 -0.847
489.113 -0.848
489.544 -0.849
489.977 -0.85
490.412 -0.851
490.851 -0.852
491.292 -0.853
491.734 -0.854
492.178 -0.855
492.625 -0.856
493.074 -0.857
493.527 -0.858
493.982 -0.859
494.439 -0.86
494.896 -0.861
495.357 -0.862
495.82 -0.863
496.286 -0.864
496.755 -0.865
497.226 -0.866
497.699 -0.867
498.174 -0.868
498.651 -0.869
499.131 -0.87
499.614 -0.871
500.1 -0.872
500.588 -0.873
501.079 -0.874
501.57 -0.875
502.064 -0.876
502.561 -0.877
503.061 -0.878
503.563 -0.879
504.069 -0.88
504.577 -0.881
505.086 -0.882
505.598 -0.883
506.112 -0.884
506.63 -0.885
507.15 -0.886
507.673 -0.887
508.199 -0.888
508.728 -0.889
509.26 -0.89
509.794 -0.891
510.332 -0.892
510.872 -0.893
511.415 -0.894
511.961 -0.895
512.51 -0.896
513.062 -0.897
513.617 -0.898
514.175 -0.899
514.736 -0.9
515.301 -0.901
515.868 -0.902
516.438 -0.903
517.011 -0.904
517.587 -0.905
518.165 -0.906
518.745 -0.907
519.327 -0.908
519.912 -0.909
520.499 -0.91
521.089 -0.911
521.683 -0.912
522.28 -0.913
522.879 -0.914
523.482 -0.915
524.085 -0.916
524.691 -0.917
525.3 -0.918
525.911 -0.919
526.526 -0.92
527.144 -0.921
527.765 -0.922
528.389 -0.923
529.015 -0.924
529.642 -0.925
530.273 -0.926
530.906 -0.927
531.543 -0.928
532.182 -0.929
532.825 -0.93
533.47 -0.931
534.119 -0.932
534.77 -0.933
535.423 -0.934
536.077 -0.935
536.733 -0.936
537.391 -0.937
538.052 -0.938
538.716 -0.939
539.384 -0.94
540.054 -0.941
540.727 -0.942
541.403 -0.943
542.082 -0.944
542.762 -0.945
543.443 -0.946
544.127 -0.947
544.814 -0.948
545.505 -0.949
546.198 -0.95
546.894 -0.951
547.593 -0.952
548.295 -0.953
549 -0.954
549.709 -0.955
550.419 -0.956
551.131 -0.957
551.844 -0.958
552.56 -0.959
553.278 -0.96
553.999 -0.961
554.723 -0.962
555.45 -0.963
556.18 -0.964
556.913 -0.965
557.65 -0.966
558.389 -0.967
559.13 -0.968
559.873 -0.969
560.62 -0.97
561.37 -0.971
562.122 -0.972
562.877 -0.973
563.636 -0.974
564.397 -0.975
565.162 -0.976
565.928 -0.977
566.699 -0.978
567.472 -0.979
568.249 -0.98
569.028 -0.981
569.81 -0.982
570.595 -0.983
571.382 -0.984
572.172 -0.985
572.964 -0.986
573.76 -0.987
574.559 -0.988
575.36 -0.989
576.164 -0.99
576.972 -0.991
577.783 -0.992
578.597 -0.993
579.414 -0.994
580.232 -0.995
581.052 -0.996
581.876 -0.997
582.702 -0.998
583.531 -0.999
584.363 -1
585.199 -1.001
586.039 -1.002
586.881 -1.003
587.726 -1.004
588.572 -1.005
589.422 -1.006
590.275 -1.007
591.13 -1.008
591.988 -1.009
592.849 -1.01
593.712 -1.011
594.578 -1.012
595.447 -1.013
596.318 -1.014
597.192 -1.015
598.069 -1.016
598.95 -1.017
599.833 -1.018
600.719 -1.019
601.609 -1.02
602.501 -1.021
603.396 -1.022
604.293 -1.023
605.193 -1.024
606.095 -1.025
607.001 -1.026
607.908 -1.027
608.817 -1.028
609.73 -1.029
610.645 -1.03
611.564 -1.031
612.485 -1.032
613.408 -1.033
614.334 -1.034
615.262 -1.035
616.192 -1.036
617.126 -1.037
618.062 -1.038
619 -1.039
619.942 -1.04
620.887 -1.041
621.835 -1.042
622.786 -1.043
623.739 -1.044
624.694 -1.045
625.651 -1.046
626.611 -1.047
627.573 -1.048
628.539 -1.049
629.508 -1.05
630.478 -1.051
631.452 -1.052
632.428 -1.053
633.407 -1.054
634.39 -1.055
635.374 -1.056
636.36 -1.057
637.347 -1.058
638.339 -1.059
639.333 -1.06
640.33 -1.061
641.331 -1.062
642.334 -1.063
643.339 -1.064
644.347 -1.065
645.358 -1.066
646.372 -1.067
647.389 -1.068
648.409 -1.069
649.431 -1.07
650.455 -1.071
651.483 -1.072
652.513 -1.073
653.547 -1.074
654.583 -1.075
655.621 -1.076
656.663 -1.077
657.707 -1.078
658.755 -1.079
659.805 -1.08
660.858 -1.081
661.914 -1.082
662.972 -1.083
664.033 -1.084
665.095 -1.085
666.16 -1.086
667.227 -1.087
668.297 -1.088
669.37 -1.089
670.446 -1.09
671.524 -1.091
672.607 -1.092
673.692 -1.093
674.78 -1.094
675.871 -1.095
676.965 -1.096
678.06 -1.097
679.159 -1.098
680.26 -1.099
681.363 -1.1
682.47 -1.101
683.578 -1.102
684.689 -1.103
685.803 -1.104
686.92 -1.105
688.039 -1.106
689.161 -1.107
690.287 -1.108
691.414 -1.109
692.542 -1.11
693.673 -1.111
694.807 -1.112
695.942 -1.113
697.08 -1.114
698.221 -1.115
699.366 -1.116
700.512 -1.117
701.661 -1.118
702.813 -1.119
703.966 -1.12
705.121 -1.121
706.276 -1.122
707.43 -1.123
708.585 -1.124
709.744 -1.125
710.906 -1.126
712.072 -1.127
713.241 -1.128
714.412 -1.129
715.586 -1.13
716.763 -1.131
717.942 -1.132
719.125 -1.133
720.309 -1.134
721.496 -1.135
722.687 -1.136
723.879 -1.137
725.074 -1.138
726.273 -1.139
727.472 -1.14
728.67 -1.141
729.87 -1.142
731.073 -1.143
732.279 -1.144
733.487 -1.145
734.698 -1.146
735.913 -1.147
737.13 -1.148
738.349 -1.149
739.569 -1.15
740.789 -1.151
742.013 -1.152
743.238 -1.153
744.464 -1.154
745.693 -1.155
746.922 -1.156
748.155 -1.157
749.391 -1.158
750.631 -1.159
751.87 -1.16
753.11 -1.161
754.349 -1.162
755.593 -1.163
756.839 -1.164
758.09 -1.165
759.343 -1.166
760.598 -1.167
761.856 -1.168
763.114 -1.169
764.372 -1.17
765.633 -1.171
766.896 -1.172
768.162 -1.173
769.431 -1.174
770.703 -1.175
771.978 -1.176
773.256 -1.177
774.538 -1.178
775.823 -1.179
777.11 -1.18
778.4 -1.181
779.693 -1.182
780.99 -1.183
782.29 -1.184
783.592 -1.185
784.898 -1.186
786.207 -1.187
787.52 -1.188
788.837 -1.189
790.157 -1.19
791.481 -1.191
792.809 -1.192
794.139 -1.193
795.472 -1.194
796.807 -1.195
798.145 -1.196
799.488 -1.197
800.833 -1.198
802.183 -1.199
803.536 -1.2
