3.92078 -0.001
7.83814 -0.002
11.7521 -0.003
15.6625 -0.004
19.5695 -0.005
23.4729 -0.006
27.3728 -0.007
31.2692 -0.008
35.162 -0.009
39.0512 -0.01
42.9368 -0.011
46.8187 -0.012
50.6969 -0.013
54.5715 -0.014
58.4423 -0.015
62.3094 -0.016
66.1727 -0.017
70.0323 -0.018
73.888 -0.019
77.7398 -0.02
81.5878 -0.021
85.4319 -0.022
89.272 -0.023
93.1082 -0.024
96.9404 -0.025
100.769 -0.026
104.593 -0.027
108.413 -0.028
112.229 -0.029
116.041 -0.03
119.848 -0.031
123.652 -0.032
127.451 -0.033
131.246 -0.034
135.029 -0.035
138.687 -0.036
141.962 -0.037
144.558 -0.038
146.962 -0.039
149.352 -0.04
151.726 -0.041
154.084 -0.042
156.428 -0.043
158.763 -0.044
161.09 -0.045
163.413 -0.046
165.732 -0.047
168.03 -0.048
170.168 -0.049
171.915 -0.05
173.374 -0.051
174.823 -0.052
176.26 -0.053
177.664 -0.054
179.03 -0.055
180.322 -0.056
181.54 -0.057
182.649 -0.058
183.583 -0.059
184.375 -0.06
185.152 -0.061
185.923 -0.062
186.688 -0.063
187.446 -0.064
188.197 -0.065
188.94 -0.066
189.674 -0.067
190.403 -0.068
191.128 -0.069
191.849 -0.07
192.567 -0.071
193.281 -0.072
193.993 -0.073
194.704 -0.074
195.413 -0.075
196.119 -0.076
196.823 -0.077
197.525 -0.078
198.225 -0.079
198.923 -0.08
199.61 -0.081
200.271 -0.082
200.887 -0.083
201.46 -0.084
201.952 -0.085
202.328 -0.086
202.524 -0.087
202.688 -0.088
202.843 -0.089
202.995 -0.09
203.143 -0.091
203.289 -0.092
203.432 -0.093
203.573 -0.094
203.711 -0.095
203.847 -0.096
203.982 -0.097
204.114 -0.098
204.244 -0.099
204.372 -0.1
204.498 -0.101
204.621 -0.102
204.743 -0.103
204.864 -0.104
204.984 -0.105
205.103 -0.106
205.219 -0.107
205.336 -0.108
205.45 -0.109
205.563 -0.11
205.675 -0.111
205.785 -0.112
205.895 -0.113
206.003 -0.114
206.109 -0.115
206.213 -0.116
206.317 -0.117
206.419 -0.118
206.52 -0.119
206.619 -0.12
206.717 -0.121
206.814 -0.122
206.909 -0.123
207.002 -0.124
207.095 -0.125
207.186 -0.126
207.276 -0.127
207.365 -0.128
207.453 -0.129
207.539 -0.13
207.625 -0.131
207.709 -0.132
207.791 -0.133
207.873 -0.134
207.954 -0.135
208.033 -0.136
208.11 -0.137
208.188 -0.138
208.264 -0.139
208.338 -0.14
208.413 -0.141
208.486 -0.142
208.559 -0.143
208.63 -0.144
208.702 -0.145
208.772 -0.146
208.843 -0.147
208.912 -0.148
208.98 -0.149
209.048 -0.15
209.116 -0.151
209.183 -0.152
209.249 -0.153
209.315 -0.154
209.381 -0.155
209.446 -0.156
209.511 -0.157
209.576 -0.158
209.639 -0.159
209.703 -0.16
209.766 -0.161
209.828 -0.162
209.89 -0.163
209.952 -0.164
210.013 -0.165
210.074 -0.166
210.135 -0.167
210.195 -0.168
210.255 -0.169
210.314 -0.17
210.373 -0.171
210.431 -0.172
210.489 -0.173
210.547 -0.174
210.604 -0.175
210.661 -0.176
210.717 -0.177
210.773 -0.178
210.829 -0.179
210.884 -0.18
210.938 -0.181
210.992 -0.182
211.046 -0.183
211.1 -0.184
211.153 -0.185
211.205 -0.186
211.257 -0.187
211.308 -0.188
211.359 -0.189
211.41 -0.19
211.46 -0.191
211.51 -0.192
211.559 -0.193
211.608 -0.194
211.656 -0.195
211.705 -0.196
211.752 -0.197
211.8 -0.198
211.847 -0.199
211.893 -0.2
211.939 -0.201
211.985 -0.202
212.03 -0.203
212.075 -0.204
212.119 -0.205
212.163 -0.206
212.207 -0.207
212.25 -0.208
212.293 -0.209
212.336 -0.21
212.378 -0.211
212.42 -0.212
212.462 -0.213
212.503 -0.214
212.544 -0.215
212.584 -0.216
212.624 -0.217
212.664 -0.218
212.704 -0.219
212.743 -0.22
212.782 -0.221
212.821 -0.222
212.859 -0.223
212.898 -0.224
212.936 -0.225
212.973 -0.226
213.011 -0.227
213.048 -0.228
213.085 -0.229
213.122 -0.23
213.159 -0.231
213.195 -0.232
213.231 -0.233
213.267 -0.234
213.302 -0.235
213.338 -0.236
213.373 -0.237
213.408 -0.238
213.443 -0.239
213.478 -0.24
213.513 -0.241
213.548 -0.242
213.582 -0.243
213.616 -0.244
213.65 -0.245
213.685 -0.246
213.719 -0.247
213.752 -0.248
213.786 -0.249
213.82 -0.25
213.854 -0.251
213.887 -0.252
213.92 -0.253
213.953 -0.254
213.986 -0.255
214.019 -0.256
214.052 -0.257
214.085 -0.258
214.117 -0.259
214.15 -0.26
214.183 -0.261
214.216 -0.262
214.248 -0.263
214.281 -0.264
214.314 -0.265
214.347 -0.266
214.379 -0.267
214.412 -0.268
214.445 -0.269
214.478 -0.27
214.51 -0.271
214.543 -0.272
214.575 -0.273
214.607 -0.274
214.639 -0.275
214.672 -0.276
214.704 -0.277
214.736 -0.278
214.768 -0.279
214.8 -0.28
214.832 -0.281
214.864 -0.282
214.896 -0.283
214.927 -0.284
214.959 -0.285
214.991 -0.286
215.023 -0.287
215.054 -0.288
215.086 -0.289
215.118 -0.29
215.149 -0.291
215.181 -0.292
215.213 -0.293
215.244 -0.294
215.276 -0.295
215.308 -0.296
215.339 -0.297
215.371 -0.298
215.403 -0.299
215.434 -0.3
215.466 -0.301
215.498 -0.302
215.529 -0.303
215.561 -0.304
215.593 -0.305
215.624 -0.306
215.656 -0.307
215.687 -0.308
215.719 -0.309
215.751 -0.31
215.782 -0.311
215.814 -0.312
215.845 -0.313
215.877 -0.314
215.908 -0.315
215.94 -0.316
215.971 -0.317
216.002 -0.318
216.033 -0.319
216.065 -0.32
216.096 -0.321
216.127 -0.322
216.159 -0.323
216.19 -0.324
216.221 -0.325
216.252 -0.326
216.284 -0.327
216.315 -0.328
216.346 -0.329
216.377 -0.33
216.409 -0.331
216.44 -0.332
216.471 -0.333
216.502 -0.334
216.534 -0.335
216.565 -0.336
216.596 -0.337
216.627 -0.338
216.659 -0.339
216.69 -0.34
216.721 -0.341
216.752 -0.342
216.784 -0.343
216.815 -0.344
216.846 -0.345
216.877 -0.346
216.909 -0.347
216.94 -0.348
216.971 -0.349
217.002 -0.35
217.033 -0.351
217.064 -0.352
217.095 -0.353
217.126 -0.354
217.157 -0.355
217.188 -0.356
217.219 -0.357
217.25 -0.358
217.281 -0.359
217.311 -0.36
217.342 -0.361
217.373 -0.362
217.404 -0.363
217.435 -0.364
217.466 -0.365
217.496 -0.366
217.527 -0.367
217.558 -0.368
217.589 -0.369
217.62 -0.37
217.651 -0.371
217.681 -0.372
217.712 -0.373
217.743 -0.374
217.774 -0.375
217.805 -0.376
217.835 -0.377
217.866 -0.378
217.897 -0.379
217.928 -0.38
217.959 -0.381
217.989 -0.382
218.02 -0.383
218.051 -0.384
218.082 -0.385
218.113 -0.386
218.144 -0.387
218.174 -0.388
218.205 -0.389
218.236 -0.39
218.267 -0.391
218.298 -0.392
218.328 -0.393
218.359 -0.394
218.39 -0.395
218.421 -0.396
218.452 -0.397
218.482 -0.398
218.513 -0.399
218.544 -0.4
218.575 -0.401
218.606 -0.402
218.636 -0.403
218.667 -0.404
218.698 -0.405
218.729 -0.406
218.76 -0.407
218.79 -0.408
218.821 -0.409
218.852 -0.41
218.883 -0.411
218.914 -0.412
218.945 -0.413
218.975 -0.414
219.006 -0.415
219.037 -0.416
219.068 -0.417
219.099 -0.418
219.129 -0.419
219.16 -0.42
219.191 -0.421
219.222 -0.422
219.253 -0.423
219.283 -0.424
219.314 -0.425
219.345 -0.426
219.376 -0.427
219.407 -0.428
219.437 -0.429
219.468 -0.43
219.499 -0.431
219.53 -0.432
219.561 -0.433
219.591 -0.434
219.622 -0.435
219.653 -0.436
219.684 -0.437
219.714 -0.438
219.745 -0.439
219.776 -0.44
219.807 -0.441
219.837 -0.442
219.868 -0.443
219.899 -0.444
219.929 -0.445
219.96 -0.446
219.991 -0.447
220.022 -0.448
220.052 -0.449
220.083 -0.45
220.114 -0.451
220.145 -0.452
220.175 -0.453
220.206 -0.454
220.237 -0.455
220.268 -0.456
220.298 -0.457
220.329 -0.458
220.36 -0.459
220.391 -0.46
220.421 -0.461
220.452 -0.462
220.483 -0.463
220.514 -0.464
220.544 -0.465
220.575 -0.466
220.606 -0.467
220.637 -0.468
220.668 -0.469
220.698 -0.47
220.729 -0.471
220.76 -0.472
220.791 -0.473
220.822 -0.474
220.852 -0.475
220.883 -0.476
220.914 -0.477
220.945 -0.478
220.976 -0.479
221.006 -0.48
221.037 -0.481
221.068 -0.482
221.099 -0.483
221.13 -0.484
221.161 -0.485
221.191 -0.486
221.222 -0.487
221.253 -0.488
221.284 -0.489
221.315 -0.49
221.346 -0.491
221.376 -0.492
221.407 -0.493
221.438 -0.494
221.469 -0.495
221.5 -0.496
221.531 -0.497
221.562 -0.498
221.593 -0.499
221.623 -0.5
221.654 -0.501
221.685 -0.502
221.716 -0.503
221.747 -0.504
221.778 -0.505
221.809 -0.506
221.84 -0.507
221.871 -0.508
221.902 -0.509
221.932 -0.51
221.963 -0.511
221.994 -0.512
222.025 -0.513
222.056 -0.514
222.087 -0.515
222.118 -0.516
222.148 -0.517
222.179 -0.518
222.21 -0.519
222.241 -0.52
222.272 -0.521
222.303 -0.522
222.334 -0.523
222.365 -0.524
222.396 -0.525
222.427 -0.526
222.457 -0.527
222.488 -0.528
222.519 -0.529
222.55 -0.53
222.581 -0.531
222.612 -0.532
222.643 -0.533
222.674 -0.534
222.705 -0.535
222.736 -0.536
222.767 -0.537
222.798 -0.538
222.829 -0.539
222.86 -0.54
222.891 -0.541
222.922 -0.542
222.953 -0.543
222.984 -0.544
223.015 -0.545
223.046 -0.546
223.077 -0.547
223.108 -0.548
223.139 -0.549
223.17 -0.55
223.201 -0.551
223.232 -0.552
223.263 -0.553
223.294 -0.554
223.325 -0.555
223.356 -0.556
223.387 -0.557
223.418 -0.558
223.449 -0.559
223.48 -0.56
223.511 -0.561
223.542 -0.562
223.573 -0.563
223.604 -0.564
223.635 -0.565
223.666 -0.566
223.697 -0.567
223.728 -0.568
223.759 -0.569
223.79 -0.57
223.821 -0.571
223.852 -0.572
223.883 -0.573
223.914 -0.574
223.944 -0.575
223.975 -0.576
224.006 -0.577
224.037 -0.578
224.068 -0.579
224.099 -0.58
224.13 -0.581
224.161 -0.582
224.192 -0.583
224.223 -0.584
224.254 -0.585
224.285 -0.586
224.316 -0.587
224.347 -0.588
224.378 -0.589
224.409 -0.59
224.44 -0.591
224.471 -0.592
224.502 -0.593
224.533 -0.594
224.564 -0.595
224.595 -0.596
224.626 -0.597
224.657 -0.598
224.688 -0.599
224.719 -0.6
224.75 -0.601
224.781 -0.602
224.812 -0.603
224.843 -0.604
224.874 -0.605
224.905 -0.606
224.936 -0.607
224.967 -0.608
224.998 -0.609
225.029 -0.61
225.06 -0.611
225.091 -0.612
225.122 -0.613
225.153 -0.614
225.185 -0.615
225.216 -0.616
225.247 -0.617
225.278 -0.618
225.309 -0.619
225.34 -0.62
225.371 -0.621
225.402 -0.622
225.433 -0.623
225.464 -0.624
225.495 -0.625
225.526 -0.626
225.557 -0.627
225.588 -0.628
225.62 -0.629
225.651 -0.63
225.682 -0.631
225.713 -0.632
225.744 -0.633
225.775 -0.634
225.806 -0.635
225.837 -0.636
225.868 -0.637
225.899 -0.638
225.93 -0.639
225.962 -0.64
225.993 -0.641
226.024 -0.642
226.055 -0.643
226.086 -0.644
226.117 -0.645
226.148 -0.646
226.179 -0.647
226.21 -0.648
226.241 -0.649
226.273 -0.65
226.304 -0.651
226.335 -0.652
226.366 -0.653
226.397 -0.654
226.428 -0.655
226.459 -0.656
226.49 -0.657
226.521 -0.658
226.552 -0.659
226.583 -0.66
226.614 -0.661
226.645 -0.662
226.677 -0.663
226.708 -0.664
226.739 -0.665
226.77 -0.666
226.801 -0.667
226.832 -0.668
226.863 -0.669
226.894 -0.67
226.925 -0.671
226.956 -0.672
226.987 -0.673
227.018 -0.674
227.049 -0.675
227.081 -0.676
227.112 -0.677
227.143 -0.678
227.174 -0.679
227.205 -0.68
227.236 -0.681
227.267 -0.682
227.299 -0.683
227.33 -0.684
227.361 -0.685
227.392 -0.686
227.423 -0.687
227.454 -0.688
227.486 -0.689
227.517 -0.69
227.548 -0.691
227.579 -0.692
227.61 -0.693
227.642 -0.694
227.673 -0.695
227.704 -0.696
227.735 -0.697
227.766 -0.698
227.798 -0.699
227.829 -0.7
227.86 -0.701
227.891 -0.702
227.923 -0.703
227.954 -0.704
227.985 -0.705
228.016 -0.706
228.048 -0.707
228.079 -0.708
228.11 -0.709
228.141 -0.71
228.173 -0.711
228.204 -0.712
228.235 -0.713
228.266 -0.714
228.298 -0.715
228.329 -0.716
228.36 -0.717
228.391 -0.718
228.423 -0.719
228.454 -0.72
228.485 -0.721
228.516 -0.722
228.548 -0.723
228.579 -0.724
228.61 -0.725
228.642 -0.726
228.673 -0.727
228.704 -0.728
228.735 -0.729
228.767 -0.73
228.798 -0.731
228.829 -0.732
228.86 -0.733
228.892 -0.734
228.923 -0.735
228.954 -0.736
228.985 -0.737
229.016 -0.738
229.048 -0.739
229.079 -0.74
229.11 -0.741
229.141 -0.742
229.173 -0.743
229.204 -0.744
229.235 -0.745
229.266 -0.746
229.298 -0.747
229.329 -0.748
229.36 -0.749
229.392 -0.75
229.423 -0.751
229.454 -0.752
229.485 -0.753
229.517 -0.754
229.548 -0.755
229.579 -0.756
229.61 -0.757
229.642 -0.758
229.673 -0.759
229.704 -0.76
229.736 -0.761
229.767 -0.762
229.798 -0.763
229.83 -0.764
229.861 -0.765
229.892 -0.766
229.923 -0.767
229.955 -0.768
229.986 -0.769
230.017 -0.77
230.049 -0.771
230.08 -0.772
230.111 -0.773
230.142 -0.774
230.174 -0.775
230.205 -0.776
230.236 -0.777
230.268 -0.778
230.299 -0.779
230.33 -0.78
230.361 -0.781
230.392 -0.782
230.424 -0.783
230.455 -0.784
230.486 -0.785
230.517 -0.786
230.548 -0.787
230.58 -0.788
230.611 -0.789
230.642 -0.79
230.673 -0.791
230.704 -0.792
230.735 -0.793
230.766 -0.794
230.797 -0.795
230.828 -0.796
230.858 -0.797
230.889 -0.798
230.92 -0.799
230.95 -0.8
230.98 -0.801
230.993 -0.802
230.996 -0.803
231.029 -0.804
231.067 -0.805
231.107 -0.806
231.144 -0.807
231.174 -0.808
231.204 -0.809
231.219 -0.81
231.251 -0.811
231.286 -0.812
231.318 -0.813
231.35 -0.814
231.381 -0.815
231.413 -0.816
231.444 -0.817
231.476 -0.818
231.507 -0.819
231.538 -0.82
231.57 -0.821
231.601 -0.822
231.633 -0.823
231.664 -0.824
231.695 -0.825
231.727 -0.826
231.758 -0.827
231.79 -0.828
231.821 -0.829
231.853 -0.83
231.884 -0.831
231.916 -0.832
231.947 -0.833
231.979 -0.834
232.01 -0.835
232.042 -0.836
232.073 -0.837
232.105 -0.838
232.136 -0.839
232.168 -0.84
232.199 -0.841
232.231 -0.842
232.262 -0.843
232.294 -0.844
232.326 -0.845
232.357 -0.846
232.389 -0.847
232.421 -0.848
232.452 -0.849
232.484 -0.85
232.516 -0.851
232.547 -0.852
232.579 -0.853
232.611 -0.854
232.642 -0.855
232.674 -0.856
232.706 -0.857
232.738 -0.858
232.769 -0.859
232.801 -0.86
232.833 -0.861
232.864 -0.862
232.896 -0.863
232.928 -0.864
232.959 -0.865
232.991 -0.866
233.023 -0.867
233.055 -0.868
233.086 -0.869
233.118 -0.87
233.15 -0.871
233.182 -0.872
233.213 -0.873
233.245 -0.874
233.277 -0.875
233.309 -0.876
233.341 -0.877
233.372 -0.878
233.404 -0.879
233.436 -0.88
233.468 -0.881
233.5 -0.882
233.531 -0.883
233.563 -0.884
233.595 -0.885
233.627 -0.886
233.659 -0.887
233.69 -0.888
233.722 -0.889
233.754 -0.89
233.786 -0.891
233.818 -0.892
233.85 -0.893
233.881 -0.894
233.913 -0.895
233.945 -0.896
233.977 -0.897
234.009 -0.898
234.041 -0.899
234.073 -0.9
234.105 -0.901
234.137 -0.902
234.168 -0.903
234.2 -0.904
234.232 -0.905
234.264 -0.906
234.296 -0.907
234.328 -0.908
234.36 -0.909
234.392 -0.91
234.423 -0.911
234.455 -0.912
234.487 -0.913
234.519 -0.914
234.551 -0.915
234.583 -0.916
234.615 -0.917
234.647 -0.918
234.679 -0.919
234.711 -0.92
234.743 -0.921
234.775 -0.922
234.807 -0.923
234.839 -0.924
234.871 -0.925
234.903 -0.926
234.935 -0.927
234.967 -0.928
234.999 -0.929
235.031 -0.93
235.063 -0.931
235.095 -0.932
235.127 -0.933
235.159 -0.934
235.191 -0.935
235.223 -0.936
235.255 -0.937
235.287 -0.938
235.32 -0.939
235.352 -0.94
235.384 -0.941
235.416 -0.942
235.448 -0.943
235.48 -0.944
235.512 -0.945
235.544 -0.946
235.577 -0.947
235.609 -0.948
235.641 -0.949
235.673 -0.95
235.705 -0.951
235.737 -0.952
235.77 -0.953
235.802 -0.954
235.834 -0.955
235.866 -0.956
235.898 -0.957
235.93 -0.958
235.963 -0.959
235.995 -0.96
236.027 -0.961
236.059 -0.962
236.091 -0.963
236.123 -0.964
236.155 -0.965
236.187 -0.966
236.22 -0.967
236.252 -0.968
236.284 -0.969
236.316 -0.97
236.348 -0.971
236.38 -0.972
236.413 -0.973
236.445 -0.974
236.478 -0.975
236.51 -0.976
236.542 -0.977
236.575 -0.978
236.607 -0.979
236.639 -0.98
236.672 -0.981
236.704 -0.982
236.736 -0.983
236.768 -0.984
236.8 -0.985
236.832 -0.986
236.865 -0.987
236.897 -0.988
236.929 -0.989
236.96 -0.99
236.992 -0.991
237.024 -0.992
237.055 -0.993
237.087 -0.994
237.119 -0.995
237.15 -0.996
237.182 -0.997
237.213 -0.998
237.244 -0.999
237.276 -1
237.307 -1.001
237.338 -1.002
237.369 -1.003
237.401 -1.004
237.432 -1.005
237.463 -1.006
237.493 -1.007
237.524 -1.008
237.555 -1.009
237.584 -1.01
237.613 -1.011
237.641 -1.012
237.668 -1.013
237.693 -1.014
237.716 -1.015
237.736 -1.016
237.754 -1.017
237.77 -1.018
237.783 -1.019
237.791 -1.02
237.796 -1.021
237.798 -1.022
237.797 -1.023
237.791 -1.024
237.782 -1.025
237.771 -1.026
237.761 -1.027
237.748 -1.028
237.733 -1.029
237.721 -1.03
237.709 -1.031
237.708 -1.032
237.729 -1.033
237.751 -1.034
237.773 -1.035
237.796 -1.036
237.815 -1.037
237.834 -1.038
237.854 -1.039
237.872 -1.04
237.892 -1.041
237.927 -1.042
237.964 -1.043
238 -1.044
238.037 -1.045
238.073 -1.046
238.106 -1.047
238.138 -1.048
238.17 -1.049
238.2 -1.05
238.24 -1.051
238.283 -1.052
238.325 -1.053
238.366 -1.054
238.407 -1.055
238.447 -1.056
238.484 -1.057
238.518 -1.058
238.552 -1.059
238.589 -1.06
238.633 -1.061
238.675 -1.062
238.717 -1.063
238.758 -1.064
238.798 -1.065
238.836 -1.066
238.872 -1.067
238.906 -1.068
238.938 -1.069
238.971 -1.07
239.009 -1.071
239.047 -1.072
239.083 -1.073
239.117 -1.074
239.15 -1.075
239.183 -1.076
239.215 -1.077
239.246 -1.078
239.276 -1.079
239.304 -1.08
239.343 -1.081
239.383 -1.082
239.422 -1.083
239.455 -1.084
239.484 -1.085
239.51 -1.086
239.536 -1.087
239.558 -1.088
239.577 -1.089
239.595 -1.09
239.608 -1.091
239.616 -1.092
239.619 -1.093
239.618 -1.094
239.614 -1.095
239.606 -1.096
239.591 -1.097
239.581 -1.098
239.577 -1.099
239.582 -1.1
