12.0635 -0.001
24.1096 -0.002
36.1387 -0.003
48.1507 -0.004
60.1455 -0.005
72.123 -0.006
84.0831 -0.007
96.0258 -0.008
107.951 -0.009
119.858 -0.01
131.748 -0.011
143.62 -0.012
155.474 -0.013
167.311 -0.014
179.129 -0.015
190.929 -0.016
202.711 -0.017
214.474 -0.018
226.22 -0.019
237.946 -0.02
249.654 -0.021
261.344 -0.022
273.014 -0.023
284.666 -0.024
296.299 -0.025
307.913 -0.026
319.507 -0.027
331.082 -0.028
342.638 -0.029
354.174 -0.03
365.691 -0.031
377.188 -0.032
388.665 -0.033
400.122 -0.034
411.559 -0.035
422.975 -0.036
434.371 -0.037
445.747 -0.038
457.102 -0.039
468.435 -0.04
479.545 -0.041
490.049 -0.042
499.596 -0.043
507.547 -0.044
514.869 -0.045
522.067 -0.046
529.029 -0.047
535.86 -0.048
542.086 -0.049
547.544 -0.05
551.281 -0.051
554.06 -0.052
556.801 -0.053
559.508 -0.054
562.186 -0.055
564.829 -0.056
567.436 -0.057
570.015 -0.058
572.56 -0.059
575.082 -0.06
577.585 -0.061
580.054 -0.062
582.496 -0.063
584.917 -0.064
587.312 -0.065
589.655 -0.066
591.894 -0.067
594.013 -0.068
595.936 -0.069
597.668 -0.07
599.015 -0.071
599.988 -0.072
600.916 -0.073
601.819 -0.074
602.701 -0.075
603.564 -0.076
604.407 -0.077
605.24 -0.078
606.061 -0.079
606.873 -0.08
607.676 -0.081
608.472 -0.082
609.259 -0.083
610.037 -0.084
610.807 -0.085
611.57 -0.086
612.324 -0.087
613.072 -0.088
613.812 -0.089
614.547 -0.09
615.275 -0.091
615.994 -0.092
616.707 -0.093
617.413 -0.094
618.11 -0.095
618.802 -0.096
619.487 -0.097
620.165 -0.098
620.837 -0.099
621.501 -0.1
622.159 -0.101
622.812 -0.102
623.456 -0.103
624.091 -0.104
624.72 -0.105
625.342 -0.106
625.954 -0.107
626.561 -0.108
627.162 -0.109
627.754 -0.11
628.341 -0.111
628.922 -0.112
629.496 -0.113
630.061 -0.114
630.62 -0.115
631.173 -0.116
631.72 -0.117
632.26 -0.118
632.793 -0.119
633.321 -0.12
633.844 -0.121
634.359 -0.122
634.869 -0.123
635.374 -0.124
635.874 -0.125
636.366 -0.126
636.852 -0.127
637.333 -0.128
637.81 -0.129
638.282 -0.13
638.747 -0.131
639.206 -0.132
639.661 -0.133
640.111 -0.134
640.557 -0.135
640.998 -0.136
641.431 -0.137
641.86 -0.138
642.285 -0.139
642.705 -0.14
643.121 -0.141
643.531 -0.142
643.936 -0.143
644.337 -0.144
644.733 -0.145
645.126 -0.146
645.515 -0.147
645.899 -0.148
646.279 -0.149
646.654 -0.15
647.025 -0.151
647.392 -0.152
647.755 -0.153
648.114 -0.154
648.469 -0.155
648.82 -0.156
649.167 -0.157
649.51 -0.158
649.849 -0.159
650.184 -0.16
650.516 -0.161
650.843 -0.162
651.166 -0.163
651.486 -0.164
651.801 -0.165
652.114 -0.166
652.422 -0.167
652.727 -0.168
653.028 -0.169
653.326 -0.17
653.62 -0.171
653.911 -0.172
654.198 -0.173
654.482 -0.174
654.762 -0.175
655.039 -0.176
655.313 -0.177
655.582 -0.178
655.849 -0.179
656.112 -0.18
656.373 -0.181
656.63 -0.182
656.883 -0.183
657.133 -0.184
657.38 -0.185
657.624 -0.186
657.864 -0.187
658.101 -0.188
658.335 -0.189
658.565 -0.19
658.793 -0.191
659.018 -0.192
659.239 -0.193
659.458 -0.194
659.673 -0.195
659.886 -0.196
660.095 -0.197
660.301 -0.198
660.505 -0.199
660.705 -0.2
660.902 -0.201
661.097 -0.202
661.288 -0.203
661.477 -0.204
661.662 -0.205
661.845 -0.206
662.026 -0.207
662.203 -0.208
662.377 -0.209
662.549 -0.21
662.718 -0.211
662.884 -0.212
663.047 -0.213
663.208 -0.214
663.366 -0.215
663.521 -0.216
663.674 -0.217
663.825 -0.218
663.972 -0.219
664.118 -0.22
664.26 -0.221
664.4 -0.222
664.538 -0.223
664.674 -0.224
664.806 -0.225
664.937 -0.226
665.065 -0.227
665.19 -0.228
665.314 -0.229
665.435 -0.23
665.553 -0.231
665.67 -0.232
665.784 -0.233
665.896 -0.234
666.006 -0.235
666.114 -0.236
666.219 -0.237
666.322 -0.238
666.424 -0.239
666.523 -0.24
666.62 -0.241
666.714 -0.242
666.807 -0.243
666.898 -0.244
666.987 -0.245
667.074 -0.246
667.159 -0.247
667.242 -0.248
667.323 -0.249
667.402 -0.25
667.479 -0.251
667.555 -0.252
667.628 -0.253
667.7 -0.254
667.77 -0.255
667.838 -0.256
667.904 -0.257
667.969 -0.258
668.031 -0.259
668.092 -0.26
668.15 -0.261
668.207 -0.262
668.262 -0.263
668.315 -0.264
668.366 -0.265
668.416 -0.266
668.464 -0.267
668.511 -0.268
668.555 -0.269
668.599 -0.27
668.64 -0.271
668.68 -0.272
668.718 -0.273
668.755 -0.274
668.789 -0.275
668.823 -0.276
668.854 -0.277
668.883 -0.278
668.911 -0.279
668.937 -0.28
668.961 -0.281
668.984 -0.282
669.006 -0.283
669.026 -0.284
669.044 -0.285
669.061 -0.286
669.076 -0.287
669.09 -0.288
669.102 -0.289
669.113 -0.29
669.122 -0.291
669.128 -0.292
669.132 -0.293
669.135 -0.294
669.135 -0.295
669.134 -0.296
669.131 -0.297
669.127 -0.298
669.121 -0.299
669.114 -0.3
669.105 -0.301
669.095 -0.302
669.083 -0.303
669.07 -0.304
669.055 -0.305
669.038 -0.306
669.019 -0.307
668.997 -0.308
668.974 -0.309
668.95 -0.31
668.924 -0.311
668.897 -0.312
668.868 -0.313
668.837 -0.314
668.804 -0.315
668.77 -0.316
668.734 -0.317
668.698 -0.318
668.659 -0.319
668.619 -0.32
668.577 -0.321
668.532 -0.322
668.484 -0.323
668.436 -0.324
668.386 -0.325
668.334 -0.326
668.281 -0.327
668.226 -0.328
668.171 -0.329
668.113 -0.33
668.055 -0.331
667.994 -0.332
667.933 -0.333
667.87 -0.334
667.806 -0.335
667.738 -0.336
667.668 -0.337
667.594 -0.338
667.519 -0.339
667.443 -0.34
667.363 -0.341
667.279 -0.342
667.194 -0.343
667.109 -0.344
667.023 -0.345
666.936 -0.346
666.848 -0.347
666.758 -0.348
666.667 -0.349
666.574 -0.35
666.477 -0.351
666.377 -0.352
666.275 -0.353
666.172 -0.354
666.067 -0.355
665.96 -0.356
665.851 -0.357
665.74 -0.358
665.628 -0.359
665.51 -0.36
665.387 -0.361
665.264 -0.362
665.139 -0.363
665.015 -0.364
664.888 -0.365
664.76 -0.366
664.629 -0.367
664.49 -0.368
664.346 -0.369
664.198 -0.37
664.048 -0.371
663.894 -0.372
663.737 -0.373
663.582 -0.374
663.426 -0.375
663.273 -0.376
663.119 -0.377
662.963 -0.378
662.805 -0.379
662.647 -0.38
662.489 -0.381
662.331 -0.382
662.176 -0.383
662.022 -0.384
661.871 -0.385
661.719 -0.386
661.565 -0.387
661.411 -0.388
661.255 -0.389
661.099 -0.39
660.942 -0.391
660.785 -0.392
660.63 -0.393
660.477 -0.394
660.323 -0.395
660.168 -0.396
660.013 -0.397
659.856 -0.398
659.698 -0.399
659.541 -0.4
659.383 -0.401
659.225 -0.402
659.068 -0.403
658.912 -0.404
658.756 -0.405
658.598 -0.406
658.44 -0.407
658.281 -0.408
658.121 -0.409
657.961 -0.41
657.799 -0.411
657.637 -0.412
657.474 -0.413
657.31 -0.414
657.146 -0.415
656.981 -0.416
656.815 -0.417
656.648 -0.418
656.481 -0.419
656.313 -0.42
656.145 -0.421
655.976 -0.422
655.807 -0.423
655.638 -0.424
655.468 -0.425
655.297 -0.426
655.126 -0.427
654.955 -0.428
654.782 -0.429
654.609 -0.43
654.436 -0.431
654.262 -0.432
654.087 -0.433
653.912 -0.434
653.736 -0.435
653.56 -0.436
653.383 -0.437
653.206 -0.438
653.028 -0.439
652.849 -0.44
652.67 -0.441
652.491 -0.442
652.311 -0.443
652.13 -0.444
651.949 -0.445
651.767 -0.446
651.586 -0.447
651.403 -0.448
651.221 -0.449
651.038 -0.45
650.854 -0.451
650.67 -0.452
650.486 -0.453
650.301 -0.454
650.116 -0.455
649.93 -0.456
649.744 -0.457
649.557 -0.458
649.37 -0.459
649.183 -0.46
648.995 -0.461
648.807 -0.462
648.618 -0.463
648.428 -0.464
648.238 -0.465
648.047 -0.466
647.856 -0.467
647.665 -0.468
647.474 -0.469
647.283 -0.47
647.092 -0.471
646.9 -0.472
646.708 -0.473
646.515 -0.474
646.322 -0.475
646.129 -0.476
645.936 -0.477
645.742 -0.478
645.548 -0.479
645.354 -0.48
645.159 -0.481
644.964 -0.482
644.768 -0.483
644.572 -0.484
644.375 -0.485
644.178 -0.486
643.981 -0.487
643.784 -0.488
643.586 -0.489
643.388 -0.49
643.19 -0.491
642.991 -0.492
642.793 -0.493
642.594 -0.494
642.395 -0.495
642.197 -0.496
641.998 -0.497
641.798 -0.498
641.599 -0.499
641.399 -0.5
641.199 -0.501
640.999 -0.502
640.799 -0.503
640.597 -0.504
640.396 -0.505
640.195 -0.506
639.993 -0.507
639.791 -0.508
639.589 -0.509
639.387 -0.51
639.184 -0.511
638.982 -0.512
638.779 -0.513
638.576 -0.514
638.373 -0.515
638.17 -0.516
637.967 -0.517
637.764 -0.518
637.56 -0.519
637.357 -0.52
637.153 -0.521
636.95 -0.522
636.746 -0.523
636.542 -0.524
636.338 -0.525
636.134 -0.526
635.93 -0.527
635.725 -0.528
635.521 -0.529
635.317 -0.53
635.113 -0.531
634.908 -0.532
634.704 -0.533
634.499 -0.534
634.295 -0.535
634.09 -0.536
633.886 -0.537
633.681 -0.538
633.476 -0.539
633.272 -0.54
633.067 -0.541
632.862 -0.542
632.658 -0.543
632.453 -0.544
632.249 -0.545
632.044 -0.546
631.84 -0.547
631.635 -0.548
631.431 -0.549
631.226 -0.55
631.022 -0.551
630.817 -0.552
630.613 -0.553
630.409 -0.554
630.205 -0.555
630.001 -0.556
629.797 -0.557
629.593 -0.558
629.389 -0.559
629.185 -0.56
628.981 -0.561
628.778 -0.562
628.574 -0.563
628.371 -0.564
628.168 -0.565
627.964 -0.566
627.761 -0.567
627.558 -0.568
627.356 -0.569
627.153 -0.57
626.951 -0.571
626.748 -0.572
626.546 -0.573
626.344 -0.574
626.142 -0.575
625.941 -0.576
625.739 -0.577
625.538 -0.578
625.337 -0.579
625.136 -0.58
624.935 -0.581
624.734 -0.582
624.534 -0.583
624.334 -0.584
624.134 -0.585
623.934 -0.586
623.734 -0.587
623.535 -0.588
623.336 -0.589
623.137 -0.59
622.938 -0.591
622.74 -0.592
622.542 -0.593
622.344 -0.594
622.146 -0.595
621.949 -0.596
621.752 -0.597
621.555 -0.598
621.358 -0.599
621.162 -0.6
620.966 -0.601
620.77 -0.602
620.575 -0.603
620.38 -0.604
620.185 -0.605
619.991 -0.606
619.796 -0.607
619.602 -0.608
619.409 -0.609
619.216 -0.61
619.023 -0.611
618.83 -0.612
618.638 -0.613
618.446 -0.614
618.255 -0.615
618.063 -0.616
617.873 -0.617
617.682 -0.618
617.492 -0.619
617.302 -0.62
617.113 -0.621
616.924 -0.622
616.736 -0.623
616.547 -0.624
616.36 -0.625
616.172 -0.626
615.985 -0.627
615.799 -0.628
615.613 -0.629
615.427 -0.63
615.241 -0.631
615.057 -0.632
614.872 -0.633
614.688 -0.634
614.505 -0.635
614.321 -0.636
614.139 -0.637
613.957 -0.638
613.775 -0.639
613.594 -0.64
613.413 -0.641
613.232 -0.642
613.053 -0.643
612.873 -0.644
612.694 -0.645
612.516 -0.646
612.338 -0.647
612.161 -0.648
611.984 -0.649
611.808 -0.65
611.632 -0.651
611.456 -0.652
611.282 -0.653
611.107 -0.654
610.934 -0.655
610.76 -0.656
610.588 -0.657
610.416 -0.658
610.244 -0.659
610.073 -0.66
609.903 -0.661
609.733 -0.662
609.564 -0.663
609.395 -0.664
609.227 -0.665
609.059 -0.666
608.892 -0.667
608.726 -0.668
608.56 -0.669
608.395 -0.67
608.231 -0.671
608.067 -0.672
607.904 -0.673
607.741 -0.674
607.579 -0.675
607.417 -0.676
607.257 -0.677
607.097 -0.678
606.937 -0.679
606.778 -0.68
606.62 -0.681
606.463 -0.682
606.306 -0.683
606.15 -0.684
605.994 -0.685
605.839 -0.686
605.685 -0.687
605.532 -0.688
605.379 -0.689
605.227 -0.69
605.076 -0.691
604.925 -0.692
604.775 -0.693
604.626 -0.694
604.477 -0.695
604.33 -0.696
604.182 -0.697
604.036 -0.698
603.891 -0.699
603.746 -0.7
603.602 -0.701
603.458 -0.702
603.316 -0.703
603.174 -0.704
603.033 -0.705
602.893 -0.706
602.753 -0.707
602.615 -0.708
602.477 -0.709
602.34 -0.71
602.203 -0.711
602.068 -0.712
601.933 -0.713
601.799 -0.714
601.666 -0.715
601.534 -0.716
601.402 -0.717
601.272 -0.718
601.142 -0.719
601.013 -0.72
600.885 -0.721
600.758 -0.722
600.631 -0.723
600.506 -0.724
600.381 -0.725
600.257 -0.726
600.134 -0.727
600.012 -0.728
599.891 -0.729
599.77 -0.73
599.651 -0.731
599.532 -0.732
599.415 -0.733
599.298 -0.734
599.182 -0.735
599.067 -0.736
598.953 -0.737
598.84 -0.738
598.728 -0.739
598.617 -0.74
598.507 -0.741
598.397 -0.742
598.289 -0.743
598.182 -0.744
598.075 -0.745
597.97 -0.746
597.865 -0.747
597.761 -0.748
597.659 -0.749
597.557 -0.75
597.457 -0.751
597.357 -0.752
597.258 -0.753
597.161 -0.754
597.064 -0.755
596.968 -0.756
596.874 -0.757
596.78 -0.758
596.687 -0.759
596.596 -0.76
596.505 -0.761
596.416 -0.762
596.327 -0.763
596.24 -0.764
596.154 -0.765
596.068 -0.766
595.984 -0.767
595.901 -0.768
595.819 -0.769
595.738 -0.77
595.658 -0.771
595.579 -0.772
595.501 -0.773
595.425 -0.774
595.349 -0.775
595.275 -0.776
595.201 -0.777
595.129 -0.778
595.058 -0.779
594.988 -0.78
594.919 -0.781
594.851 -0.782
594.785 -0.783
594.719 -0.784
594.655 -0.785
594.592 -0.786
594.53 -0.787
594.469 -0.788
594.409 -0.789
594.351 -0.79
594.293 -0.791
594.237 -0.792
594.182 -0.793
594.128 -0.794
594.076 -0.795
594.024 -0.796
593.974 -0.797
593.925 -0.798
593.878 -0.799
593.831 -0.8
593.786 -0.801
593.742 -0.802
593.699 -0.803
593.657 -0.804
593.617 -0.805
593.578 -0.806
593.54 -0.807
593.503 -0.808
593.468 -0.809
593.434 -0.81
593.401 -0.811
593.369 -0.812
593.339 -0.813
593.31 -0.814
593.283 -0.815
593.256 -0.816
593.231 -0.817
593.207 -0.818
593.185 -0.819
593.164 -0.82
593.144 -0.821
593.126 -0.822
593.108 -0.823
593.09 -0.824
593.074 -0.825
593.058 -0.826
593.043 -0.827
593.029 -0.828
593.015 -0.829
593.001 -0.83
592.989 -0.831
592.977 -0.832
592.965 -0.833
592.955 -0.834
592.945 -0.835
592.936 -0.836
592.927 -0.837
592.919 -0.838
592.911 -0.839
592.905 -0.84
592.899 -0.841
592.895 -0.842
592.892 -0.843
592.891 -0.844
592.89 -0.845
592.891 -0.846
592.893 -0.847
592.896 -0.848
592.9 -0.849
592.906 -0.85
592.912 -0.851
592.92 -0.852
592.929 -0.853
592.938 -0.854
592.95 -0.855
592.962 -0.856
592.976 -0.857
592.992 -0.858
593.008 -0.859
593.026 -0.86
593.046 -0.861
593.066 -0.862
593.088 -0.863
593.112 -0.864
593.137 -0.865
593.163 -0.866
593.19 -0.867
593.219 -0.868
593.25 -0.869
593.282 -0.87
593.315 -0.871
593.349 -0.872
593.385 -0.873
593.423 -0.874
593.461 -0.875
593.502 -0.876
593.543 -0.877
593.587 -0.878
593.631 -0.879
593.677 -0.88
593.725 -0.881
593.774 -0.882
593.824 -0.883
593.876 -0.884
593.929 -0.885
593.983 -0.886
594.038 -0.887
594.095 -0.888
594.154 -0.889
594.214 -0.89
594.275 -0.891
594.338 -0.892
594.403 -0.893
594.469 -0.894
594.536 -0.895
594.605 -0.896
594.675 -0.897
594.747 -0.898
594.82 -0.899
594.894 -0.9
594.97 -0.901
595.047 -0.902
595.126 -0.903
595.207 -0.904
595.289 -0.905
595.372 -0.906
595.457 -0.907
595.544 -0.908
595.632 -0.909
595.722 -0.91
595.813 -0.911
595.906 -0.912
596.001 -0.913
596.096 -0.914
596.193 -0.915
596.292 -0.916
596.392 -0.917
596.493 -0.918
596.596 -0.919
596.7 -0.92
596.806 -0.921
596.913 -0.922
597.023 -0.923
597.134 -0.924
597.246 -0.925
597.36 -0.926
597.476 -0.927
597.593 -0.928
597.712 -0.929
597.833 -0.93
597.956 -0.931
598.079 -0.932
598.204 -0.933
598.327 -0.934
598.452 -0.935
598.578 -0.936
598.706 -0.937
598.835 -0.938
598.966 -0.939
599.099 -0.94
599.232 -0.941
599.364 -0.942
599.498 -0.943
599.634 -0.944
599.772 -0.945
599.911 -0.946
600.052 -0.947
600.194 -0.948
600.338 -0.949
600.48 -0.95
600.624 -0.951
600.77 -0.952
600.917 -0.953
601.065 -0.954
601.215 -0.955
601.367 -0.956
601.521 -0.957
601.676 -0.958
601.833 -0.959
601.989 -0.96
602.147 -0.961
602.306 -0.962
602.467 -0.963
602.63 -0.964
602.794 -0.965
602.961 -0.966
603.129 -0.967
603.298 -0.968
603.469 -0.969
603.642 -0.97
603.817 -0.971
603.993 -0.972
604.169 -0.973
604.346 -0.974
604.524 -0.975
604.705 -0.976
604.887 -0.977
605.071 -0.978
605.256 -0.979
605.442 -0.98
605.631 -0.981
605.821 -0.982
606.014 -0.983
606.208 -0.984
606.404 -0.985
606.601 -0.986
606.801 -0.987
607.002 -0.988
607.203 -0.989
607.404 -0.99
607.607 -0.991
607.812 -0.992
608.018 -0.993
608.226 -0.994
608.436 -0.995
608.649 -0.996
608.862 -0.997
609.078 -0.998
609.296 -0.999
609.516 -1
609.737 -1.001
609.96 -1.002
610.186 -1.003
610.413 -1.004
610.641 -1.005
610.872 -1.006
611.104 -1.007
611.338 -1.008
611.574 -1.009
611.812 -1.01
612.051 -1.011
612.292 -1.012
612.535 -1.013
612.78 -1.014
613.027 -1.015
613.275 -1.016
613.525 -1.017
613.777 -1.018
614.031 -1.019
614.287 -1.02
614.544 -1.021
614.803 -1.022
615.064 -1.023
615.326 -1.024
615.591 -1.025
615.857 -1.026
616.125 -1.027
616.395 -1.028
616.667 -1.029
616.941 -1.03
617.216 -1.031
617.493 -1.032
617.772 -1.033
618.053 -1.034
618.336 -1.035
618.621 -1.036
618.908 -1.037
619.197 -1.038
619.488 -1.039
619.781 -1.04
620.075 -1.041
620.371 -1.042
620.669 -1.043
620.969 -1.044
621.271 -1.045
621.575 -1.046
621.88 -1.047
622.188 -1.048
622.496 -1.049
622.807 -1.05
623.12 -1.051
623.435 -1.052
623.752 -1.053
624.071 -1.054
624.391 -1.055
624.714 -1.056
625.038 -1.057
625.365 -1.058
625.693 -1.059
626.023 -1.06
626.356 -1.061
626.69 -1.062
627.026 -1.063
627.364 -1.064
627.705 -1.065
628.047 -1.066
628.392 -1.067
628.739 -1.068
629.087 -1.069
629.438 -1.07
629.791 -1.071
630.146 -1.072
630.503 -1.073
630.863 -1.074
631.224 -1.075
631.587 -1.076
631.953 -1.077
632.32 -1.078
632.69 -1.079
633.061 -1.08
633.435 -1.081
633.811 -1.082
634.189 -1.083
634.569 -1.084
634.951 -1.085
635.335 -1.086
635.722 -1.087
636.11 -1.088
636.501 -1.089
636.894 -1.09
637.289 -1.091
637.686 -1.092
638.085 -1.093
638.487 -1.094
638.891 -1.095
639.297 -1.096
639.705 -1.097
640.115 -1.098
640.527 -1.099
640.941 -1.1
641.358 -1.101
641.777 -1.102
642.198 -1.103
642.621 -1.104
643.046 -1.105
643.473 -1.106
643.902 -1.107
644.333 -1.108
644.766 -1.109
645.201 -1.11
645.639 -1.111
646.078 -1.112
646.52 -1.113
646.964 -1.114
647.409 -1.115
647.857 -1.116
648.307 -1.117
648.758 -1.118
649.211 -1.119
649.667 -1.12
650.124 -1.121
650.584 -1.122
651.046 -1.123
651.51 -1.124
651.976 -1.125
652.444 -1.126
652.914 -1.127
653.385 -1.128
653.858 -1.129
654.332 -1.13
654.809 -1.131
655.288 -1.132
655.77 -1.133
656.253 -1.134
656.739 -1.135
657.227 -1.136
657.717 -1.137
658.209 -1.138
658.704 -1.139
659.2 -1.14
659.699 -1.141
660.2 -1.142
660.703 -1.143
661.207 -1.144
661.712 -1.145
662.218 -1.146
662.727 -1.147
663.238 -1.148
663.752 -1.149
664.267 -1.15
664.785 -1.151
665.304 -1.152
665.826 -1.153
666.35 -1.154
666.876 -1.155
667.404 -1.156
667.934 -1.157
668.466 -1.158
669.001 -1.159
669.538 -1.16
670.077 -1.161
670.618 -1.162
671.159 -1.163
671.702 -1.164
672.248 -1.165
672.795 -1.166
673.345 -1.167
673.898 -1.168
674.452 -1.169
675.009 -1.17
675.568 -1.171
676.129 -1.172
676.693 -1.173
677.259 -1.174
677.828 -1.175
678.399 -1.176
678.972 -1.177
679.548 -1.178
680.126 -1.179
680.706 -1.18
681.288 -1.181
681.873 -1.182
682.46 -1.183
683.049 -1.184
683.641 -1.185
684.235 -1.186
684.829 -1.187
685.426 -1.188
686.025 -1.189
686.627 -1.19
687.231 -1.191
687.837 -1.192
688.446 -1.193
689.057 -1.194
689.67 -1.195
690.286 -1.196
690.904 -1.197
691.525 -1.198
692.149 -1.199
692.775 -1.2
