9.08204 -0.001
18.1439 -0.002
27.1852 -0.003
36.2057 -0.004
45.2048 -0.005
54.1824 -0.006
63.1378 -0.007
72.0708 -0.008
80.9808 -0.009
89.8675 -0.01
98.7302 -0.011
107.569 -0.012
116.382 -0.013
125.17 -0.014
133.932 -0.015
142.667 -0.016
151.375 -0.017
160.055 -0.018
168.507 -0.019
175.275 -0.02
181.568 -0.021
187.856 -0.022
194.134 -0.023
200.408 -0.024
206.667 -0.025
212.907 -0.026
219.125 -0.027
225.318 -0.028
231.492 -0.029
237.646 -0.03
243.774 -0.031
249.877 -0.032
255.957 -0.033
262.013 -0.034
268.01 -0.035
273.839 -0.036
279.411 -0.037
284.701 -0.038
289.538 -0.039
294.201 -0.04
298.839 -0.041
303.448 -0.042
308.034 -0.043
312.596 -0.044
317.133 -0.045
321.64 -0.046
326.024 -0.047
330.089 -0.048
333.893 -0.049
337.134 -0.05
339.952 -0.051
342.006 -0.052
343.555 -0.053
345.051 -0.054
346.387 -0.055
347.526 -0.056
348.639 -0.057
349.605 -0.058
350.327 -0.059
350.876 -0.06
351.238 -0.061
351.594 -0.062
351.945 -0.063
352.288 -0.064
352.622 -0.065
352.948 -0.066
353.266 -0.067
353.576 -0.068
353.877 -0.069
354.168 -0.07
354.449 -0.071
354.722 -0.072
354.983 -0.073
355.236 -0.074
355.482 -0.075
355.717 -0.076
355.94 -0.077
356.153 -0.078
356.361 -0.079
356.563 -0.08
356.76 -0.081
356.954 -0.082
357.145 -0.083
357.335 -0.084
357.52 -0.085
357.702 -0.086
357.879 -0.087
358.052 -0.088
358.222 -0.089
358.388 -0.09
358.551 -0.091
358.711 -0.092
358.868 -0.093
359.021 -0.094
359.172 -0.095
359.322 -0.096
359.468 -0.097
359.613 -0.098
359.756 -0.099
359.896 -0.1
360.034 -0.101
360.17 -0.102
360.304 -0.103
360.435 -0.104
360.564 -0.105
360.692 -0.106
360.817 -0.107
360.94 -0.108
361.06 -0.109
361.178 -0.11
361.295 -0.111
361.41 -0.112
361.524 -0.113
361.637 -0.114
361.748 -0.115
361.856 -0.116
361.961 -0.117
362.066 -0.118
362.168 -0.119
362.269 -0.12
362.369 -0.121
362.468 -0.122
362.565 -0.123
362.662 -0.124
362.758 -0.125
362.853 -0.126
362.948 -0.127
363.042 -0.128
363.136 -0.129
363.23 -0.13
363.323 -0.131
363.416 -0.132
363.508 -0.133
363.6 -0.134
363.692 -0.135
363.784 -0.136
363.876 -0.137
363.967 -0.138
364.059 -0.139
364.15 -0.14
364.241 -0.141
364.33 -0.142
364.42 -0.143
364.509 -0.144
364.598 -0.145
364.686 -0.146
364.774 -0.147
364.863 -0.148
364.951 -0.149
365.039 -0.15
365.127 -0.151
365.214 -0.152
365.302 -0.153
365.389 -0.154
365.476 -0.155
365.563 -0.156
365.65 -0.157
365.737 -0.158
365.823 -0.159
365.91 -0.16
365.996 -0.161
366.081 -0.162
366.166 -0.163
366.251 -0.164
366.336 -0.165
366.42 -0.166
366.503 -0.167
366.587 -0.168
366.671 -0.169
366.754 -0.17
366.836 -0.171
366.918 -0.172
366.999 -0.173
367.081 -0.174
367.163 -0.175
367.245 -0.176
367.326 -0.177
367.407 -0.178
367.487 -0.179
367.568 -0.18
367.648 -0.181
367.728 -0.182
367.807 -0.183
367.885 -0.184
367.963 -0.185
368.041 -0.186
368.118 -0.187
368.195 -0.188
368.271 -0.189
368.346 -0.19
368.422 -0.191
368.497 -0.192
368.572 -0.193
368.647 -0.194
368.721 -0.195
368.795 -0.196
368.868 -0.197
368.941 -0.198
369.012 -0.199
369.084 -0.2
369.154 -0.201
369.225 -0.202
369.296 -0.203
369.365 -0.204
369.435 -0.205
369.504 -0.206
369.573 -0.207
369.641 -0.208
369.709 -0.209
369.776 -0.21
369.843 -0.211
369.909 -0.212
369.973 -0.213
370.038 -0.214
370.102 -0.215
370.166 -0.216
370.229 -0.217
370.291 -0.218
370.353 -0.219
370.414 -0.22
370.474 -0.221
370.534 -0.222
370.593 -0.223
370.652 -0.224
370.711 -0.225
370.77 -0.226
370.827 -0.227
370.884 -0.228
370.94 -0.229
370.994 -0.23
371.049 -0.231
371.104 -0.232
371.158 -0.233
371.212 -0.234
371.265 -0.235
371.316 -0.236
371.364 -0.237
371.413 -0.238
371.46 -0.239
371.508 -0.24
371.558 -0.241
371.607 -0.242
371.653 -0.243
371.696 -0.244
371.738 -0.245
371.78 -0.246
371.822 -0.247
371.868 -0.248
371.912 -0.249
371.953 -0.25
371.997 -0.251
372.039 -0.252
372.085 -0.253
372.13 -0.254
372.174 -0.255
372.215 -0.256
372.245 -0.257
372.268 -0.258
372.289 -0.259
372.305 -0.26
372.322 -0.261
372.322 -0.262
372.332 -0.263
372.329 -0.264
372.334 -0.265
372.347 -0.266
372.351 -0.267
372.366 -0.268
372.388 -0.269
372.422 -0.27
372.471 -0.271
372.531 -0.272
372.587 -0.273
372.645 -0.274
372.699 -0.275
372.757 -0.276
372.808 -0.277
372.86 -0.278
372.909 -0.279
372.957 -0.28
373.005 -0.281
373.053 -0.282
373.101 -0.283
373.148 -0.284
373.195 -0.285
373.241 -0.286
373.287 -0.287
373.332 -0.288
373.378 -0.289
373.423 -0.29
373.47 -0.291
373.519 -0.292
373.569 -0.293
373.618 -0.294
373.669 -0.295
373.719 -0.296
373.768 -0.297
373.819 -0.298
373.869 -0.299
373.919 -0.3
373.969 -0.301
374.018 -0.302
374.067 -0.303
374.117 -0.304
374.169 -0.305
374.222 -0.306
374.275 -0.307
374.328 -0.308
374.381 -0.309
374.433 -0.31
374.486 -0.311
374.538 -0.312
374.59 -0.313
374.641 -0.314
374.691 -0.315
374.74 -0.316
374.788 -0.317
374.837 -0.318
374.887 -0.319
374.938 -0.32
374.99 -0.321
375.042 -0.322
375.093 -0.323
375.145 -0.324
375.196 -0.325
375.247 -0.326
375.298 -0.327
375.348 -0.328
375.397 -0.329
375.446 -0.33
375.494 -0.331
375.541 -0.332
375.589 -0.333
375.637 -0.334
375.687 -0.335
375.736 -0.336
375.786 -0.337
375.834 -0.338
375.883 -0.339
375.93 -0.34
375.976 -0.341
376.021 -0.342
376.065 -0.343
376.106 -0.344
376.146 -0.345
376.181 -0.346
376.213 -0.347
376.244 -0.348
376.271 -0.349
376.3 -0.35
376.332 -0.351
376.363 -0.352
376.394 -0.353
376.428 -0.354
376.462 -0.355
376.495 -0.356
376.525 -0.357
376.553 -0.358
376.58 -0.359
376.605 -0.36
376.631 -0.361
376.659 -0.362
376.687 -0.363
376.726 -0.364
376.768 -0.365
376.822 -0.366
376.875 -0.367
376.93 -0.368
376.984 -0.369
377.039 -0.37
377.092 -0.371
377.152 -0.372
377.211 -0.373
377.276 -0.374
377.341 -0.375
377.405 -0.376
377.468 -0.377
377.53 -0.378
377.59 -0.379
377.65 -0.38
377.712 -0.381
377.774 -0.382
377.837 -0.383
377.898 -0.384
377.957 -0.385
378.015 -0.386
378.074 -0.387
378.132 -0.388
378.19 -0.389
378.248 -0.39
378.306 -0.391
378.365 -0.392
378.423 -0.393
378.48 -0.394
378.538 -0.395
378.596 -0.396
378.653 -0.397
378.711 -0.398
378.769 -0.399
378.829 -0.4
378.888 -0.401
378.948 -0.402
379.008 -0.403
379.068 -0.404
379.127 -0.405
379.187 -0.406
379.247 -0.407
379.307 -0.408
379.367 -0.409
379.427 -0.41
379.486 -0.411
379.546 -0.412
379.605 -0.413
379.665 -0.414
379.724 -0.415
379.784 -0.416
379.844 -0.417
379.903 -0.418
379.962 -0.419
380.021 -0.42
380.081 -0.421
380.142 -0.422
380.203 -0.423
380.264 -0.424
380.325 -0.425
380.387 -0.426
380.448 -0.427
380.509 -0.428
380.57 -0.429
380.631 -0.43
380.692 -0.431
380.753 -0.432
380.814 -0.433
380.875 -0.434
380.936 -0.435
380.996 -0.436
381.057 -0.437
381.117 -0.438
381.177 -0.439
381.237 -0.44
381.297 -0.441
381.357 -0.442
381.418 -0.443
381.479 -0.444
381.541 -0.445
381.603 -0.446
381.664 -0.447
381.726 -0.448
381.788 -0.449
381.849 -0.45
381.911 -0.451
381.972 -0.452
382.034 -0.453
382.095 -0.454
382.156 -0.455
382.217 -0.456
382.278 -0.457
382.339 -0.458
382.4 -0.459
382.462 -0.46
382.525 -0.461
382.587 -0.462
382.648 -0.463
382.71 -0.464
382.773 -0.465
382.835 -0.466
382.898 -0.467
382.96 -0.468
383.023 -0.469
383.085 -0.47
383.148 -0.471
383.211 -0.472
383.273 -0.473
383.336 -0.474
383.399 -0.475
383.463 -0.476
383.526 -0.477
383.588 -0.478
383.651 -0.479
383.713 -0.48
383.777 -0.481
383.84 -0.482
383.903 -0.483
383.965 -0.484
384.027 -0.485
384.089 -0.486
384.152 -0.487
384.213 -0.488
384.273 -0.489
384.33 -0.49
384.395 -0.491
384.458 -0.492
384.522 -0.493
384.585 -0.494
384.647 -0.495
384.709 -0.496
384.769 -0.497
384.829 -0.498
384.888 -0.499
384.947 -0.5
385.005 -0.501
385.064 -0.502
385.13 -0.503
385.196 -0.504
385.26 -0.505
385.325 -0.506
385.389 -0.507
385.453 -0.508
385.517 -0.509
385.581 -0.51
385.644 -0.511
385.708 -0.512
385.771 -0.513
385.836 -0.514
385.902 -0.515
385.968 -0.516
386.034 -0.517
386.1 -0.518
386.166 -0.519
386.232 -0.52
386.298 -0.521
386.363 -0.522
386.429 -0.523
386.494 -0.524
386.56 -0.525
386.625 -0.526
386.69 -0.527
386.755 -0.528
386.82 -0.529
386.886 -0.53
386.953 -0.531
387.019 -0.532
387.085 -0.533
387.151 -0.534
387.217 -0.535
387.283 -0.536
387.349 -0.537
387.415 -0.538
387.481 -0.539
387.546 -0.54
387.611 -0.541
387.675 -0.542
387.74 -0.543
387.804 -0.544
387.868 -0.545
387.932 -0.546
387.996 -0.547
388.061 -0.548
388.126 -0.549
388.19 -0.55
388.255 -0.551
388.319 -0.552
388.383 -0.553
388.447 -0.554
388.51 -0.555
388.573 -0.556
388.635 -0.557
388.697 -0.558
388.757 -0.559
388.816 -0.56
388.874 -0.561
388.931 -0.562
388.986 -0.563
389.041 -0.564
389.094 -0.565
389.146 -0.566
389.195 -0.567
389.243 -0.568
389.29 -0.569
389.336 -0.57
389.36 -0.571
389.387 -0.572
389.406 -0.573
389.424 -0.574
389.452 -0.575
389.486 -0.576
389.522 -0.577
389.556 -0.578
389.605 -0.579
389.673 -0.58
389.757 -0.581
389.842 -0.582
389.92 -0.583
389.999 -0.584
390.083 -0.585
390.167 -0.586
390.238 -0.587
390.309 -0.588
390.38 -0.589
390.45 -0.59
390.521 -0.591
390.592 -0.592
390.664 -0.593
390.735 -0.594
390.807 -0.595
390.877 -0.596
390.947 -0.597
391.015 -0.598
391.083 -0.599
391.151 -0.6
391.219 -0.601
391.287 -0.602
391.354 -0.603
391.422 -0.604
391.49 -0.605
391.558 -0.606
391.626 -0.607
391.695 -0.608
391.763 -0.609
391.831 -0.61
391.899 -0.611
391.967 -0.612
392.036 -0.613
392.105 -0.614
392.174 -0.615
392.243 -0.616
392.312 -0.617
392.381 -0.618
392.451 -0.619
392.52 -0.62
392.59 -0.621
392.659 -0.622
392.729 -0.623
392.798 -0.624
392.868 -0.625
392.938 -0.626
393.007 -0.627
393.077 -0.628
393.147 -0.629
393.217 -0.63
393.287 -0.631
393.357 -0.632
393.427 -0.633
393.497 -0.634
393.567 -0.635
393.638 -0.636
393.708 -0.637
393.779 -0.638
393.849 -0.639
393.92 -0.64
393.991 -0.641
394.062 -0.642
394.133 -0.643
394.204 -0.644
394.275 -0.645
394.347 -0.646
394.418 -0.647
394.49 -0.648
394.561 -0.649
394.633 -0.65
394.705 -0.651
394.776 -0.652
394.848 -0.653
394.92 -0.654
394.993 -0.655
395.065 -0.656
395.137 -0.657
395.209 -0.658
395.281 -0.659
395.354 -0.66
395.426 -0.661
395.499 -0.662
395.571 -0.663
395.644 -0.664
395.717 -0.665
395.79 -0.666
395.863 -0.667
395.936 -0.668
396.009 -0.669
396.082 -0.67
396.155 -0.671
396.229 -0.672
396.302 -0.673
396.376 -0.674
396.449 -0.675
396.523 -0.676
396.596 -0.677
396.67 -0.678
396.744 -0.679
396.818 -0.68
396.892 -0.681
396.965 -0.682
397.039 -0.683
397.113 -0.684
397.187 -0.685
397.261 -0.686
397.334 -0.687
397.408 -0.688
397.482 -0.689
397.556 -0.69
397.63 -0.691
397.704 -0.692
397.778 -0.693
397.852 -0.694
397.927 -0.695
398.001 -0.696
398.075 -0.697
398.149 -0.698
398.223 -0.699
398.297 -0.7
398.372 -0.701
398.446 -0.702
398.521 -0.703
398.595 -0.704
398.67 -0.705
398.744 -0.706
398.818 -0.707
398.893 -0.708
398.967 -0.709
399.042 -0.71
399.116 -0.711
399.191 -0.712
399.265 -0.713
399.339 -0.714
399.414 -0.715
399.488 -0.716
399.563 -0.717
399.637 -0.718
399.712 -0.719
399.787 -0.72
399.861 -0.721
399.936 -0.722
400.011 -0.723
400.085 -0.724
400.16 -0.725
400.235 -0.726
400.31 -0.727
400.385 -0.728
400.46 -0.729
400.535 -0.73
400.61 -0.731
400.684 -0.732
400.759 -0.733
400.833 -0.734
400.908 -0.735
400.982 -0.736
401.057 -0.737
401.132 -0.738
401.206 -0.739
401.281 -0.74
401.355 -0.741
401.43 -0.742
401.504 -0.743
401.579 -0.744
401.653 -0.745
401.728 -0.746
401.801 -0.747
401.874 -0.748
401.947 -0.749
402.018 -0.75
402.088 -0.751
402.157 -0.752
402.225 -0.753
402.291 -0.754
402.345 -0.755
402.395 -0.756
402.438 -0.757
402.471 -0.758
402.5 -0.759
402.53 -0.76
402.573 -0.761
402.612 -0.762
402.662 -0.763
402.726 -0.764
402.789 -0.765
402.852 -0.766
402.917 -0.767
402.99 -0.768
403.064 -0.769
403.144 -0.77
403.225 -0.771
403.303 -0.772
403.38 -0.773
403.457 -0.774
403.541 -0.775
403.624 -0.776
403.712 -0.777
403.801 -0.778
403.888 -0.779
403.972 -0.78
404.052 -0.781
404.132 -0.782
404.215 -0.783
404.297 -0.784
404.378 -0.785
404.459 -0.786
404.54 -0.787
404.619 -0.788
404.696 -0.789
404.773 -0.79
404.849 -0.791
404.925 -0.792
405.001 -0.793
405.075 -0.794
405.15 -0.795
405.225 -0.796
405.299 -0.797
405.373 -0.798
405.446 -0.799
405.522 -0.8
