14.6522 -0.001
29.2464 -0.002
43.7812 -0.003
58.2547 -0.004
72.6653 -0.005
87.011 -0.006
101.29 -0.007
115.5 -0.008
129.638 -0.009
143.702 -0.01
157.689 -0.011
171.595 -0.012
185.418 -0.013
198.142 -0.014
205.421 -0.015
210.544 -0.016
215.611 -0.017
220.635 -0.018
225.612 -0.019
230.534 -0.02
235.406 -0.021
240.208 -0.022
244.977 -0.023
249.695 -0.024
254.361 -0.025
258.994 -0.026
263.594 -0.027
268.16 -0.028
272.701 -0.029
277.221 -0.03
281.721 -0.031
286.201 -0.032
290.663 -0.033
295.111 -0.034
299.544 -0.035
303.962 -0.036
308.365 -0.037
312.756 -0.038
317.135 -0.039
321.503 -0.04
325.861 -0.041
330.208 -0.042
334.547 -0.043
338.876 -0.044
343.195 -0.045
347.504 -0.046
351.804 -0.047
356.093 -0.048
360.373 -0.049
364.643 -0.05
368.903 -0.051
373.152 -0.052
377.392 -0.053
381.621 -0.054
385.84 -0.055
390.048 -0.056
394.208 -0.057
398.21 -0.058
401.944 -0.059
405.273 -0.06
408.111 -0.061
410.085 -0.062
411.834 -0.063
413.574 -0.064
415.307 -0.065
417.028 -0.066
418.737 -0.067
420.436 -0.068
422.124 -0.069
423.799 -0.07
425.463 -0.071
427.115 -0.072
428.757 -0.073
430.388 -0.074
432.009 -0.075
433.616 -0.076
435.216 -0.077
436.803 -0.078
438.382 -0.079
439.947 -0.08
441.504 -0.081
443.058 -0.082
444.61 -0.083
446.156 -0.084
447.694 -0.085
449.228 -0.086
450.753 -0.087
452.269 -0.088
453.781 -0.089
455.286 -0.09
456.779 -0.091
458.257 -0.092
459.715 -0.093
461.12 -0.094
462.477 -0.095
463.78 -0.096
465.035 -0.097
466.245 -0.098
467.374 -0.099
468.394 -0.1
469.344 -0.101
470.284 -0.102
471.171 -0.103
471.95 -0.104
472.603 -0.105
473.198 -0.106
473.684 -0.107
474.014 -0.108
474.307 -0.109
474.594 -0.11
474.87 -0.111
475.136 -0.112
475.399 -0.113
475.653 -0.114
475.901 -0.115
476.146 -0.116
476.383 -0.117
476.614 -0.118
476.842 -0.119
477.066 -0.12
477.285 -0.121
477.5 -0.122
477.711 -0.123
477.919 -0.124
478.123 -0.125
478.322 -0.126
478.517 -0.127
478.709 -0.128
478.895 -0.129
479.078 -0.13
479.258 -0.131
479.434 -0.132
479.606 -0.133
479.775 -0.134
479.938 -0.135
480.096 -0.136
480.252 -0.137
480.406 -0.138
480.552 -0.139
480.696 -0.14
480.838 -0.141
480.977 -0.142
481.11 -0.143
481.239 -0.144
481.364 -0.145
481.484 -0.146
481.6 -0.147
481.713 -0.148
481.822 -0.149
481.927 -0.15
482.029 -0.151
482.126 -0.152
482.218 -0.153
482.305 -0.154
482.389 -0.155
482.467 -0.156
482.544 -0.157
482.617 -0.158
482.685 -0.159
482.751 -0.16
482.815 -0.161
482.877 -0.162
482.937 -0.163
482.992 -0.164
483.045 -0.165
483.093 -0.166
483.139 -0.167
483.184 -0.168
483.224 -0.169
483.257 -0.17
483.286 -0.171
483.313 -0.172
483.338 -0.173
483.362 -0.174
483.385 -0.175
483.407 -0.176
483.424 -0.177
483.435 -0.178
483.439 -0.179
483.44 -0.18
483.439 -0.181
483.431 -0.182
483.412 -0.183
483.385 -0.184
483.336 -0.185
483.285 -0.186
483.225 -0.187
483.136 -0.188
483.085 -0.189
483.019 -0.19
482.985 -0.191
482.957 -0.192
482.924 -0.193
482.896 -0.194
482.867 -0.195
482.843 -0.196
482.818 -0.197
482.792 -0.198
482.765 -0.199
482.739 -0.2
482.714 -0.201
482.69 -0.202
482.664 -0.203
482.636 -0.204
482.608 -0.205
482.578 -0.206
482.548 -0.207
482.518 -0.208
482.487 -0.209
482.455 -0.21
482.421 -0.211
482.384 -0.212
482.344 -0.213
482.303 -0.214
482.259 -0.215
482.213 -0.216
482.166 -0.217
482.118 -0.218
482.069 -0.219
482.02 -0.22
481.97 -0.221
481.92 -0.222
481.868 -0.223
481.817 -0.224
481.765 -0.225
481.713 -0.226
481.659 -0.227
481.604 -0.228
481.547 -0.229
481.488 -0.23
481.429 -0.231
481.368 -0.232
481.308 -0.233
481.246 -0.234
481.183 -0.235
481.12 -0.236
481.053 -0.237
480.985 -0.238
480.896 -0.239
480.82 -0.24
480.751 -0.241
480.679 -0.242
480.596 -0.243
480.497 -0.244
480.385 -0.245
480.258 -0.246
480.12 -0.247
480.048 -0.248
479.944 -0.249
479.827 -0.25
479.698 -0.251
479.569 -0.252
479.472 -0.253
479.403 -0.254
479.325 -0.255
479.238 -0.256
479.149 -0.257
479.09 -0.258
479.025 -0.259
478.952 -0.26
478.88 -0.261
478.809 -0.262
478.74 -0.263
478.673 -0.264
478.607 -0.265
478.542 -0.266
478.478 -0.267
478.417 -0.268
478.355 -0.269
478.294 -0.27
478.233 -0.271
478.173 -0.272
478.113 -0.273
478.053 -0.274
477.994 -0.275
477.934 -0.276
477.875 -0.277
477.817 -0.278
477.758 -0.279
477.7 -0.28
477.643 -0.281
477.586 -0.282
477.529 -0.283
477.472 -0.284
477.416 -0.285
477.361 -0.286
477.306 -0.287
477.252 -0.288
477.197 -0.289
477.142 -0.29
477.088 -0.291
477.034 -0.292
476.981 -0.293
476.928 -0.294
476.875 -0.295
476.824 -0.296
476.773 -0.297
476.722 -0.298
476.671 -0.299
476.622 -0.3
476.573 -0.301
476.525 -0.302
476.476 -0.303
476.429 -0.304
476.382 -0.305
476.336 -0.306
476.291 -0.307
476.246 -0.308
476.201 -0.309
476.158 -0.31
476.116 -0.311
476.074 -0.312
476.033 -0.313
475.992 -0.314
475.953 -0.315
475.914 -0.316
475.877 -0.317
475.84 -0.318
475.803 -0.319
475.767 -0.32
475.732 -0.321
475.699 -0.322
475.666 -0.323
475.633 -0.324
475.601 -0.325
475.57 -0.326
475.54 -0.327
475.51 -0.328
475.481 -0.329
475.453 -0.33
475.426 -0.331
475.399 -0.332
475.374 -0.333
475.349 -0.334
475.325 -0.335
475.301 -0.336
475.279 -0.337
475.257 -0.338
475.236 -0.339
475.215 -0.34
475.196 -0.341
475.178 -0.342
475.16 -0.343
475.143 -0.344
475.127 -0.345
475.112 -0.346
475.098 -0.347
475.084 -0.348
475.071 -0.349
475.059 -0.35
475.048 -0.351
475.038 -0.352
475.029 -0.353
475.02 -0.354
475.012 -0.355
475.006 -0.356
475 -0.357
474.995 -0.358
474.991 -0.359
474.988 -0.36
474.986 -0.361
474.984 -0.362
474.984 -0.363
474.984 -0.364
474.986 -0.365
474.988 -0.366
474.992 -0.367
474.997 -0.368
475.002 -0.369
475.009 -0.37
475.017 -0.371
475.026 -0.372
475.035 -0.373
475.046 -0.374
475.058 -0.375
475.07 -0.376
475.084 -0.377
475.098 -0.378
475.114 -0.379
475.13 -0.38
475.148 -0.381
475.166 -0.382
475.186 -0.383
475.207 -0.384
475.228 -0.385
475.251 -0.386
475.275 -0.387
475.3 -0.388
475.326 -0.389
475.353 -0.39
475.381 -0.391
475.411 -0.392
475.441 -0.393
475.473 -0.394
475.506 -0.395
475.54 -0.396
475.575 -0.397
475.611 -0.398
475.649 -0.399
475.688 -0.4
475.727 -0.401
475.767 -0.402
475.808 -0.403
475.85 -0.404
475.893 -0.405
475.937 -0.406
475.982 -0.407
476.029 -0.408
476.077 -0.409
476.126 -0.41
476.176 -0.411
476.227 -0.412
476.279 -0.413
476.333 -0.414
476.388 -0.415
476.444 -0.416
476.502 -0.417
476.561 -0.418
476.622 -0.419
476.684 -0.42
476.747 -0.421
476.811 -0.422
476.876 -0.423
476.943 -0.424
477.01 -0.425
477.079 -0.426
477.15 -0.427
477.222 -0.428
477.295 -0.429
477.37 -0.43
477.446 -0.431
477.524 -0.432
477.603 -0.433
477.683 -0.434
477.764 -0.435
477.848 -0.436
477.932 -0.437
478.019 -0.438
478.106 -0.439
478.195 -0.44
478.286 -0.441
478.378 -0.442
478.471 -0.443
478.565 -0.444
478.66 -0.445
478.757 -0.446
478.856 -0.447
478.956 -0.448
479.057 -0.449
479.159 -0.45
479.262 -0.451
479.367 -0.452
479.474 -0.453
479.582 -0.454
479.692 -0.455
479.803 -0.456
479.917 -0.457
480.031 -0.458
480.147 -0.459
480.265 -0.46
480.385 -0.461
480.506 -0.462
480.629 -0.463
480.752 -0.464
480.877 -0.465
481.003 -0.466
481.13 -0.467
481.259 -0.468
481.389 -0.469
481.521 -0.47
481.654 -0.471
481.79 -0.472
481.927 -0.473
482.067 -0.474
482.208 -0.475
482.351 -0.476
482.496 -0.477
482.642 -0.478
482.791 -0.479
482.941 -0.48
483.091 -0.481
483.243 -0.482
483.396 -0.483
483.551 -0.484
483.708 -0.485
483.866 -0.486
484.027 -0.487
484.19 -0.488
484.354 -0.489
484.521 -0.49
484.69 -0.491
484.86 -0.492
485.033 -0.493
485.207 -0.494
485.384 -0.495
485.562 -0.496
485.743 -0.497
485.924 -0.498
486.108 -0.499
486.294 -0.5
486.482 -0.501
486.672 -0.502
486.864 -0.503
487.058 -0.504
487.254 -0.505
487.451 -0.506
487.65 -0.507
487.852 -0.508
488.055 -0.509
488.26 -0.51
488.468 -0.511
488.675 -0.512
488.884 -0.513
489.095 -0.514
489.307 -0.515
489.52 -0.516
489.734 -0.517
489.95 -0.518
490.165 -0.519
490.383 -0.52
490.601 -0.521
490.821 -0.522
491.043 -0.523
491.266 -0.524
491.491 -0.525
491.718 -0.526
491.944 -0.527
492.172 -0.528
492.401 -0.529
492.631 -0.53
492.861 -0.531
493.092 -0.532
493.322 -0.533
493.55 -0.534
493.778 -0.535
494.005 -0.536
494.231 -0.537
494.455 -0.538
494.691 -0.539
494.952 -0.54
495.213 -0.541
495.463 -0.542
495.718 -0.543
496.011 -0.544
496.306 -0.545
496.589 -0.546
496.87 -0.547
497.154 -0.548
497.44 -0.549
497.729 -0.55
498.02 -0.551
498.313 -0.552
498.609 -0.553
498.908 -0.554
499.209 -0.555
499.512 -0.556
499.817 -0.557
500.125 -0.558
500.436 -0.559
500.749 -0.56
501.064 -0.561
501.382 -0.562
501.703 -0.563
502.026 -0.564
502.351 -0.565
502.68 -0.566
503.01 -0.567
503.344 -0.568
503.68 -0.569
504.019 -0.57
504.36 -0.571
504.704 -0.572
505.051 -0.573
505.4 -0.574
505.752 -0.575
506.107 -0.576
506.464 -0.577
506.824 -0.578
507.186 -0.579
507.552 -0.58
507.919 -0.581
508.29 -0.582
508.663 -0.583
509.039 -0.584
509.417 -0.585
509.798 -0.586
510.182 -0.587
510.568 -0.588
510.957 -0.589
511.349 -0.59
511.742 -0.591
512.139 -0.592
512.538 -0.593
512.94 -0.594
513.344 -0.595
513.75 -0.596
514.158 -0.597
514.569 -0.598
514.983 -0.599
515.399 -0.6
