10.4912 -0.001
20.9741 -0.002
31.4485 -0.003
41.9144 -0.004
52.3719 -0.005
62.8207 -0.006
73.2609 -0.007
83.6925 -0.008
94.1153 -0.009
104.529 -0.01
114.935 -0.011
125.331 -0.012
135.718 -0.013
146.097 -0.014
156.466 -0.015
166.826 -0.016
177.177 -0.017
187.519 -0.018
197.852 -0.019
208.175 -0.02
218.489 -0.021
228.793 -0.022
239.088 -0.023
249.373 -0.024
259.649 -0.025
269.915 -0.026
280.171 -0.027
290.417 -0.028
300.653 -0.029
310.879 -0.03
321.096 -0.031
331.302 -0.032
341.498 -0.033
351.683 -0.034
361.858 -0.035
372.023 -0.036
382.178 -0.037
392.321 -0.038
402.454 -0.039
412.576 -0.04
422.688 -0.041
432.788 -0.042
442.878 -0.043
452.956 -0.044
463.023 -0.045
473.079 -0.046
483.124 -0.047
493.157 -0.048
503.164 -0.049
513.031 -0.05
522.507 -0.051
531.533 -0.052
539.782 -0.053
547.326 -0.054
553.661 -0.055
559.3 -0.056
564.727 -0.057
569.881 -0.058
574.916 -0.059
579.497 -0.06
583.569 -0.061
586.933 -0.062
589.866 -0.063
592.175 -0.064
593.99 -0.065
595.765 -0.066
597.504 -0.067
599.171 -0.068
600.766 -0.069
602.263 -0.07
603.656 -0.071
604.923 -0.072
606.073 -0.073
607.055 -0.074
607.804 -0.075
608.378 -0.076
608.913 -0.077
609.431 -0.078
609.935 -0.079
610.422 -0.08
610.897 -0.081
611.358 -0.082
611.807 -0.083
612.249 -0.084
612.678 -0.085
613.097 -0.086
613.502 -0.087
613.897 -0.088
614.283 -0.089
614.665 -0.09
615.04 -0.091
615.407 -0.092
615.765 -0.093
616.115 -0.094
616.461 -0.095
616.801 -0.096
617.138 -0.097
617.469 -0.098
617.794 -0.099
618.111 -0.1
618.419 -0.101
618.721 -0.102
619.018 -0.103
619.308 -0.104
619.593 -0.105
619.871 -0.106
620.143 -0.107
620.41 -0.108
620.672 -0.109
620.927 -0.11
621.178 -0.111
621.425 -0.112
621.667 -0.113
621.907 -0.114
622.143 -0.115
622.377 -0.116
622.609 -0.117
622.839 -0.118
623.068 -0.119
623.295 -0.12
623.519 -0.121
623.742 -0.122
623.963 -0.123
624.182 -0.124
624.4 -0.125
624.616 -0.126
624.831 -0.127
625.045 -0.128
625.259 -0.129
625.471 -0.13
625.682 -0.131
625.892 -0.132
626.102 -0.133
626.311 -0.134
626.519 -0.135
626.726 -0.136
626.931 -0.137
627.134 -0.138
627.337 -0.139
627.539 -0.14
627.739 -0.141
627.938 -0.142
628.136 -0.143
628.332 -0.144
628.527 -0.145
628.721 -0.146
628.914 -0.147
629.106 -0.148
629.297 -0.149
629.488 -0.15
629.678 -0.151
629.866 -0.152
630.051 -0.153
630.236 -0.154
630.419 -0.155
630.599 -0.156
630.779 -0.157
630.957 -0.158
631.134 -0.159
631.31 -0.16
631.485 -0.161
631.658 -0.162
631.829 -0.163
631.998 -0.164
632.166 -0.165
632.333 -0.166
632.498 -0.167
632.663 -0.168
632.825 -0.169
632.985 -0.17
633.143 -0.171
633.3 -0.172
633.455 -0.173
633.611 -0.174
633.764 -0.175
633.915 -0.176
634.064 -0.177
634.212 -0.178
634.36 -0.179
634.507 -0.18
634.654 -0.181
634.797 -0.182
634.938 -0.183
635.079 -0.184
635.219 -0.185
635.357 -0.186
635.496 -0.187
635.634 -0.188
635.771 -0.189
635.906 -0.19
636.041 -0.191
636.174 -0.192
636.305 -0.193
636.436 -0.194
636.565 -0.195
636.694 -0.196
636.821 -0.197
636.947 -0.198
637.072 -0.199
637.196 -0.2
637.319 -0.201
637.441 -0.202
637.563 -0.203
637.684 -0.204
637.806 -0.205
637.927 -0.206
638.048 -0.207
638.167 -0.208
638.286 -0.209
638.404 -0.21
638.52 -0.211
638.635 -0.212
638.749 -0.213
638.863 -0.214
638.976 -0.215
639.089 -0.216
639.202 -0.217
639.315 -0.218
639.427 -0.219
639.54 -0.22
639.651 -0.221
639.762 -0.222
639.873 -0.223
639.983 -0.224
640.093 -0.225
640.202 -0.226
640.31 -0.227
640.419 -0.228
640.527 -0.229
640.635 -0.23
640.743 -0.231
640.851 -0.232
640.959 -0.233
641.066 -0.234
641.172 -0.235
641.278 -0.236
641.384 -0.237
641.489 -0.238
641.594 -0.239
641.699 -0.24
641.804 -0.241
641.908 -0.242
642.012 -0.243
642.116 -0.244
642.22 -0.245
642.324 -0.246
642.427 -0.247
642.53 -0.248
642.632 -0.249
642.734 -0.25
642.836 -0.251
642.938 -0.252
643.039 -0.253
643.139 -0.254
643.24 -0.255
643.34 -0.256
643.44 -0.257
643.54 -0.258
643.639 -0.259
643.739 -0.26
643.838 -0.261
643.938 -0.262
644.037 -0.263
644.135 -0.264
644.233 -0.265
644.331 -0.266
644.429 -0.267
644.526 -0.268
644.624 -0.269
644.721 -0.27
644.818 -0.271
644.914 -0.272
645.011 -0.273
645.107 -0.274
645.204 -0.275
645.3 -0.276
645.396 -0.277
645.492 -0.278
645.587 -0.279
645.683 -0.28
645.779 -0.281
645.874 -0.282
645.97 -0.283
646.065 -0.284
646.161 -0.285
646.256 -0.286
646.351 -0.287
646.446 -0.288
646.541 -0.289
646.636 -0.29
646.73 -0.291
646.825 -0.292
646.919 -0.293
647.013 -0.294
647.107 -0.295
647.201 -0.296
647.295 -0.297
647.389 -0.298
647.482 -0.299
647.576 -0.3
647.669 -0.301
647.762 -0.302
647.856 -0.303
647.949 -0.304
648.042 -0.305
648.135 -0.306
648.228 -0.307
648.321 -0.308
648.414 -0.309
648.507 -0.31
648.6 -0.311
648.693 -0.312
648.786 -0.313
648.878 -0.314
648.971 -0.315
649.063 -0.316
649.156 -0.317
649.248 -0.318
649.341 -0.319
649.433 -0.32
649.525 -0.321
649.616 -0.322
649.708 -0.323
649.799 -0.324
649.891 -0.325
649.982 -0.326
650.073 -0.327
650.164 -0.328
650.255 -0.329
650.346 -0.33
650.437 -0.331
650.528 -0.332
650.619 -0.333
650.709 -0.334
650.8 -0.335
650.891 -0.336
650.981 -0.337
651.072 -0.338
651.162 -0.339
651.253 -0.34
651.343 -0.341
651.434 -0.342
651.524 -0.343
651.614 -0.344
651.704 -0.345
651.795 -0.346
651.885 -0.347
651.975 -0.348
652.065 -0.349
652.155 -0.35
652.245 -0.351
652.335 -0.352
652.425 -0.353
652.515 -0.354
652.605 -0.355
652.695 -0.356
652.785 -0.357
652.874 -0.358
652.964 -0.359
653.054 -0.36
653.143 -0.361
653.233 -0.362
653.323 -0.363
653.412 -0.364
653.502 -0.365
653.591 -0.366
653.681 -0.367
653.77 -0.368
653.859 -0.369
653.949 -0.37
654.038 -0.371
654.127 -0.372
654.216 -0.373
654.305 -0.374
654.394 -0.375
654.483 -0.376
654.571 -0.377
654.66 -0.378
654.749 -0.379
654.838 -0.38
654.926 -0.381
655.015 -0.382
655.104 -0.383
655.192 -0.384
655.281 -0.385
655.369 -0.386
655.457 -0.387
655.546 -0.388
655.634 -0.389
655.722 -0.39
655.81 -0.391
655.898 -0.392
655.987 -0.393
656.075 -0.394
656.163 -0.395
656.251 -0.396
656.338 -0.397
656.426 -0.398
656.513 -0.399
656.601 -0.4
656.688 -0.401
656.776 -0.402
656.863 -0.403
656.95 -0.404
657.038 -0.405
657.125 -0.406
657.212 -0.407
657.3 -0.408
657.387 -0.409
657.473 -0.41
657.56 -0.411
657.647 -0.412
657.733 -0.413
657.82 -0.414
657.907 -0.415
657.993 -0.416
658.08 -0.417
658.166 -0.418
658.253 -0.419
658.339 -0.42
658.426 -0.421
658.512 -0.422
658.599 -0.423
658.685 -0.424
658.771 -0.425
658.858 -0.426
658.944 -0.427
659.03 -0.428
659.117 -0.429
659.203 -0.43
659.289 -0.431
659.375 -0.432
659.462 -0.433
659.548 -0.434
659.634 -0.435
659.72 -0.436
659.806 -0.437
659.892 -0.438
659.978 -0.439
660.065 -0.44
660.151 -0.441
660.237 -0.442
660.323 -0.443
660.409 -0.444
660.495 -0.445
660.581 -0.446
660.667 -0.447
660.753 -0.448
660.838 -0.449
660.924 -0.45
661.009 -0.451
661.093 -0.452
661.178 -0.453
661.262 -0.454
661.346 -0.455
661.43 -0.456
661.515 -0.457
661.599 -0.458
661.683 -0.459
661.767 -0.46
661.851 -0.461
661.935 -0.462
662.02 -0.463
662.104 -0.464
662.188 -0.465
662.272 -0.466
662.355 -0.467
662.438 -0.468
662.521 -0.469
662.605 -0.47
662.688 -0.471
662.771 -0.472
662.854 -0.473
662.937 -0.474
663.02 -0.475
663.104 -0.476
663.187 -0.477
663.27 -0.478
663.353 -0.479
663.436 -0.48
663.519 -0.481
663.602 -0.482
663.685 -0.483
663.768 -0.484
663.851 -0.485
663.934 -0.486
664.017 -0.487
664.1 -0.488
664.183 -0.489
664.267 -0.49
664.35 -0.491
664.433 -0.492
664.516 -0.493
664.599 -0.494
664.683 -0.495
664.766 -0.496
664.849 -0.497
664.932 -0.498
665.016 -0.499
665.099 -0.5
665.182 -0.501
665.266 -0.502
665.349 -0.503
665.432 -0.504
665.515 -0.505
665.599 -0.506
665.682 -0.507
665.765 -0.508
665.848 -0.509
665.932 -0.51
666.015 -0.511
666.098 -0.512
666.181 -0.513
666.265 -0.514
666.348 -0.515
666.431 -0.516
666.514 -0.517
666.598 -0.518
666.681 -0.519
666.764 -0.52
666.847 -0.521
666.93 -0.522
667.014 -0.523
667.097 -0.524
667.181 -0.525
667.264 -0.526
667.347 -0.527
667.431 -0.528
667.514 -0.529
667.598 -0.53
667.681 -0.531
667.764 -0.532
667.848 -0.533
667.931 -0.534
668.014 -0.535
668.098 -0.536
668.181 -0.537
668.265 -0.538
668.348 -0.539
668.432 -0.54
668.515 -0.541
668.598 -0.542
668.682 -0.543
668.765 -0.544
668.849 -0.545
668.932 -0.546
669.016 -0.547
669.099 -0.548
669.183 -0.549
669.266 -0.55
669.35 -0.551
669.433 -0.552
669.517 -0.553
669.6 -0.554
669.684 -0.555
669.768 -0.556
669.851 -0.557
669.935 -0.558
670.019 -0.559
670.102 -0.56
670.186 -0.561
670.27 -0.562
670.353 -0.563
670.437 -0.564
670.521 -0.565
670.605 -0.566
670.688 -0.567
670.772 -0.568
670.855 -0.569
670.939 -0.57
671.022 -0.571
671.106 -0.572
671.189 -0.573
671.273 -0.574
671.357 -0.575
671.44 -0.576
671.524 -0.577
671.607 -0.578
671.69 -0.579
671.774 -0.58
671.857 -0.581
671.941 -0.582
672.024 -0.583
672.108 -0.584
672.191 -0.585
672.275 -0.586
672.358 -0.587
672.442 -0.588
672.525 -0.589
672.609 -0.59
672.693 -0.591
672.777 -0.592
672.86 -0.593
672.944 -0.594
673.028 -0.595
673.112 -0.596
673.196 -0.597
673.279 -0.598
673.363 -0.599
673.447 -0.6
673.531 -0.601
673.615 -0.602
673.699 -0.603
673.782 -0.604
673.866 -0.605
673.95 -0.606
674.034 -0.607
674.117 -0.608
674.201 -0.609
674.285 -0.61
674.369 -0.611
674.452 -0.612
674.536 -0.613
674.62 -0.614
674.704 -0.615
674.788 -0.616
674.872 -0.617
674.956 -0.618
675.04 -0.619
675.124 -0.62
675.208 -0.621
675.292 -0.622
675.376 -0.623
675.46 -0.624
675.545 -0.625
675.629 -0.626
675.713 -0.627
675.797 -0.628
675.882 -0.629
675.966 -0.63
676.05 -0.631
676.134 -0.632
676.219 -0.633
676.303 -0.634
676.387 -0.635
676.472 -0.636
676.556 -0.637
676.641 -0.638
676.725 -0.639
676.81 -0.64
676.894 -0.641
676.979 -0.642
677.064 -0.643
677.149 -0.644
677.234 -0.645
677.318 -0.646
677.403 -0.647
677.488 -0.648
677.573 -0.649
677.657 -0.65
677.742 -0.651
677.827 -0.652
677.912 -0.653
677.997 -0.654
678.081 -0.655
678.166 -0.656
678.251 -0.657
678.335 -0.658
678.42 -0.659
678.505 -0.66
678.59 -0.661
678.675 -0.662
678.76 -0.663
678.846 -0.664
678.931 -0.665
679.016 -0.666
679.101 -0.667
679.187 -0.668
679.272 -0.669
679.358 -0.67
679.443 -0.671
679.528 -0.672
679.614 -0.673
679.7 -0.674
679.785 -0.675
679.871 -0.676
679.957 -0.677
680.042 -0.678
680.128 -0.679
680.214 -0.68
680.3 -0.681
680.386 -0.682
680.471 -0.683
680.557 -0.684
680.643 -0.685
680.729 -0.686
680.816 -0.687
680.902 -0.688
680.988 -0.689
681.074 -0.69
681.16 -0.691
681.247 -0.692
681.333 -0.693
681.42 -0.694
681.506 -0.695
681.593 -0.696
681.68 -0.697
681.766 -0.698
681.852 -0.699
681.939 -0.7
682.025 -0.701
682.112 -0.702
682.198 -0.703
682.285 -0.704
682.372 -0.705
682.458 -0.706
682.545 -0.707
682.631 -0.708
682.718 -0.709
682.805 -0.71
682.891 -0.711
682.978 -0.712
683.065 -0.713
683.152 -0.714
683.239 -0.715
683.326 -0.716
683.413 -0.717
683.5 -0.718
683.587 -0.719
683.674 -0.72
683.761 -0.721
683.848 -0.722
683.936 -0.723
684.023 -0.724
684.111 -0.725
684.198 -0.726
684.286 -0.727
684.373 -0.728
684.461 -0.729
684.548 -0.73
684.636 -0.731
684.724 -0.732
684.812 -0.733
684.9 -0.734
684.988 -0.735
685.076 -0.736
685.164 -0.737
685.252 -0.738
685.34 -0.739
685.428 -0.74
685.517 -0.741
685.605 -0.742
685.693 -0.743
685.782 -0.744
685.87 -0.745
685.959 -0.746
686.047 -0.747
686.136 -0.748
686.225 -0.749
686.313 -0.75
686.402 -0.751
686.491 -0.752
686.58 -0.753
686.669 -0.754
686.758 -0.755
686.847 -0.756
686.936 -0.757
687.025 -0.758
687.115 -0.759
687.204 -0.76
687.293 -0.761
687.383 -0.762
687.472 -0.763
687.561 -0.764
687.651 -0.765
687.741 -0.766
687.83 -0.767
687.92 -0.768
688.01 -0.769
688.1 -0.77
688.189 -0.771
688.279 -0.772
688.369 -0.773
688.459 -0.774
688.55 -0.775
688.64 -0.776
688.73 -0.777
688.82 -0.778
688.911 -0.779
689.001 -0.78
689.092 -0.781
689.182 -0.782
689.273 -0.783
689.364 -0.784
689.454 -0.785
689.545 -0.786
689.636 -0.787
689.727 -0.788
689.818 -0.789
689.909 -0.79
690 -0.791
690.092 -0.792
690.183 -0.793
690.274 -0.794
690.366 -0.795
690.457 -0.796
690.548 -0.797
690.64 -0.798
690.732 -0.799
690.823 -0.8
690.915 -0.801
691.007 -0.802
691.099 -0.803
691.191 -0.804
691.283 -0.805
691.375 -0.806
691.467 -0.807
691.559 -0.808
691.651 -0.809
691.743 -0.81
691.836 -0.811
691.928 -0.812
692.021 -0.813
692.113 -0.814
692.206 -0.815
692.299 -0.816
692.392 -0.817
692.484 -0.818
692.577 -0.819
692.67 -0.82
692.763 -0.821
692.857 -0.822
692.95 -0.823
693.043 -0.824
693.137 -0.825
693.23 -0.826
693.324 -0.827
693.417 -0.828
693.511 -0.829
693.605 -0.83
693.699 -0.831
693.793 -0.832
693.886 -0.833
693.98 -0.834
694.074 -0.835
694.169 -0.836
694.263 -0.837
694.357 -0.838
694.451 -0.839
694.546 -0.84
694.64 -0.841
694.735 -0.842
694.829 -0.843
694.924 -0.844
695.018 -0.845
695.113 -0.846
695.208 -0.847
695.303 -0.848
695.397 -0.849
695.492 -0.85
695.587 -0.851
695.683 -0.852
695.778 -0.853
695.873 -0.854
695.968 -0.855
696.064 -0.856
696.159 -0.857
696.255 -0.858
696.35 -0.859
696.446 -0.86
696.542 -0.861
696.638 -0.862
696.734 -0.863
696.83 -0.864
696.926 -0.865
697.022 -0.866
697.118 -0.867
697.214 -0.868
697.311 -0.869
697.407 -0.87
697.504 -0.871
697.601 -0.872
697.697 -0.873
697.794 -0.874
697.891 -0.875
697.988 -0.876
698.085 -0.877
698.183 -0.878
698.28 -0.879
698.377 -0.88
698.475 -0.881
698.573 -0.882
698.67 -0.883
698.768 -0.884
698.866 -0.885
698.964 -0.886
699.062 -0.887
699.16 -0.888
699.258 -0.889
699.357 -0.89
699.455 -0.891
699.553 -0.892
699.652 -0.893
699.751 -0.894
699.849 -0.895
699.948 -0.896
700.047 -0.897
700.146 -0.898
700.245 -0.899
700.344 -0.9
700.443 -0.901
700.542 -0.902
700.642 -0.903
700.741 -0.904
700.84 -0.905
700.94 -0.906
701.04 -0.907
701.14 -0.908
701.24 -0.909
701.34 -0.91
701.44 -0.911
701.54 -0.912
701.641 -0.913
701.741 -0.914
701.842 -0.915
701.943 -0.916
702.043 -0.917
702.144 -0.918
702.246 -0.919
702.347 -0.92
702.448 -0.921
702.549 -0.922
702.651 -0.923
702.753 -0.924
702.854 -0.925
702.956 -0.926
703.058 -0.927
703.16 -0.928
703.262 -0.929
703.364 -0.93
703.466 -0.931
703.568 -0.932
703.671 -0.933
703.773 -0.934
703.876 -0.935
703.979 -0.936
704.081 -0.937
704.184 -0.938
704.288 -0.939
704.391 -0.94
704.494 -0.941
704.598 -0.942
704.701 -0.943
704.805 -0.944
704.909 -0.945
705.013 -0.946
705.117 -0.947
705.222 -0.948
705.326 -0.949
705.431 -0.95
705.535 -0.951
705.64 -0.952
705.745 -0.953
705.85 -0.954
705.955 -0.955
706.06 -0.956
706.165 -0.957
706.271 -0.958
706.376 -0.959
706.482 -0.96
706.587 -0.961
706.693 -0.962
706.799 -0.963
706.905 -0.964
707.011 -0.965
707.118 -0.966
707.224 -0.967
707.331 -0.968
707.437 -0.969
707.544 -0.97
707.651 -0.971
707.759 -0.972
707.866 -0.973
707.973 -0.974
708.081 -0.975
708.189 -0.976
708.296 -0.977
708.404 -0.978
708.512 -0.979
708.621 -0.98
708.729 -0.981
708.837 -0.982
708.946 -0.983
709.054 -0.984
709.163 -0.985
709.271 -0.986
709.38 -0.987
709.489 -0.988
709.598 -0.989
709.708 -0.99
709.817 -0.991
709.927 -0.992
710.036 -0.993
710.146 -0.994
710.256 -0.995
710.366 -0.996
710.476 -0.997
710.586 -0.998
710.696 -0.999
710.807 -1
710.917 -1.001
711.028 -1.002
711.139 -1.003
711.249 -1.004
711.36 -1.005
711.472 -1.006
711.583 -1.007
711.694 -1.008
711.806 -1.009
711.917 -1.01
712.029 -1.011
712.141 -1.012
712.253 -1.013
712.365 -1.014
712.477 -1.015
712.59 -1.016
712.702 -1.017
712.815 -1.018
712.927 -1.019
713.04 -1.02
713.153 -1.021
713.266 -1.022
713.379 -1.023
713.493 -1.024
713.606 -1.025
713.72 -1.026
713.833 -1.027
713.947 -1.028
714.061 -1.029
714.175 -1.03
714.289 -1.031
714.404 -1.032
714.518 -1.033
714.633 -1.034
714.747 -1.035
714.862 -1.036
714.977 -1.037
715.092 -1.038
715.207 -1.039
715.323 -1.04
715.438 -1.041
715.554 -1.042
715.67 -1.043
715.786 -1.044
715.902 -1.045
716.018 -1.046
716.134 -1.047
716.25 -1.048
716.367 -1.049
716.484 -1.05
716.6 -1.051
716.717 -1.052
716.834 -1.053
716.952 -1.054
717.069 -1.055
717.186 -1.056
717.304 -1.057
717.422 -1.058
717.54 -1.059
717.658 -1.06
717.776 -1.061
717.894 -1.062
718.012 -1.063
718.13 -1.064
718.249 -1.065
718.367 -1.066
718.486 -1.067
718.604 -1.068
718.723 -1.069
718.842 -1.07
718.961 -1.071
719.081 -1.072
719.2 -1.073
719.319 -1.074
719.439 -1.075
719.559 -1.076
719.679 -1.077
719.799 -1.078
719.919 -1.079
720.039 -1.08
720.16 -1.081
720.28 -1.082
720.401 -1.083
720.522 -1.084
720.643 -1.085
720.764 -1.086
720.885 -1.087
721.006 -1.088
721.128 -1.089
721.25 -1.09
721.372 -1.091
721.494 -1.092
721.616 -1.093
721.738 -1.094
721.86 -1.095
721.983 -1.096
722.106 -1.097
722.228 -1.098
722.351 -1.099
722.474 -1.1
722.598 -1.101
722.721 -1.102
722.845 -1.103
722.968 -1.104
723.092 -1.105
723.216 -1.106
723.34 -1.107
723.464 -1.108
723.589 -1.109
723.713 -1.11
723.838 -1.111
723.963 -1.112
724.088 -1.113
724.213 -1.114
724.338 -1.115
724.464 -1.116
724.589 -1.117
724.715 -1.118
724.841 -1.119
724.967 -1.12
725.093 -1.121
725.219 -1.122
725.346 -1.123
725.472 -1.124
725.599 -1.125
725.726 -1.126
725.853 -1.127
725.98 -1.128
726.108 -1.129
726.235 -1.13
726.363 -1.131
726.491 -1.132
726.619 -1.133
726.747 -1.134
726.875 -1.135
727.003 -1.136
727.132 -1.137
727.26 -1.138
727.389 -1.139
727.518 -1.14
727.648 -1.141
727.777 -1.142
727.906 -1.143
728.036 -1.144
728.166 -1.145
728.296 -1.146
728.426 -1.147
728.556 -1.148
728.686 -1.149
728.817 -1.15
728.948 -1.151
729.078 -1.152
729.209 -1.153
729.341 -1.154
729.472 -1.155
729.603 -1.156
729.735 -1.157
729.867 -1.158
729.999 -1.159
730.131 -1.16
730.263 -1.161
730.396 -1.162
730.528 -1.163
730.661 -1.164
730.794 -1.165
730.927 -1.166
731.06 -1.167
731.193 -1.168
731.326 -1.169
731.46 -1.17
731.593 -1.171
731.727 -1.172
731.861 -1.173
731.996 -1.174
732.13 -1.175
732.264 -1.176
732.399 -1.177
732.534 -1.178
732.669 -1.179
732.804 -1.18
732.939 -1.181
733.074 -1.182
733.21 -1.183
733.346 -1.184
733.481 -1.185
733.617 -1.186
733.753 -1.187
733.889 -1.188
734.026 -1.189
734.162 -1.19
734.299 -1.191
734.435 -1.192
734.572 -1.193
734.708 -1.194
734.845 -1.195
734.982 -1.196
735.119 -1.197
735.257 -1.198
735.394 -1.199
735.531 -1.2
735.669 -1.201
735.807 -1.202
735.945 -1.203
736.083 -1.204
736.221 -1.205
736.36 -1.206
736.498 -1.207
736.637 -1.208
736.776 -1.209
736.915 -1.21
737.054 -1.211
737.194 -1.212
737.333 -1.213
737.473 -1.214
737.613 -1.215
737.753 -1.216
737.893 -1.217
738.034 -1.218
738.174 -1.219
738.315 -1.22
738.456 -1.221
738.597 -1.222
738.738 -1.223
738.879 -1.224
739.021 -1.225
739.163 -1.226
739.305 -1.227
739.447 -1.228
739.589 -1.229
739.731 -1.23
739.874 -1.231
740.017 -1.232
740.16 -1.233
740.303 -1.234
740.446 -1.235
740.589 -1.236
740.733 -1.237
740.877 -1.238
741.02 -1.239
741.165 -1.24
741.309 -1.241
741.453 -1.242
741.597 -1.243
741.742 -1.244
741.886 -1.245
742.031 -1.246
742.176 -1.247
742.321 -1.248
742.467 -1.249
742.612 -1.25
742.758 -1.251
742.904 -1.252
743.05 -1.253
743.196 -1.254
743.342 -1.255
743.489 -1.256
743.635 -1.257
743.782 -1.258
743.929 -1.259
744.076 -1.26
744.224 -1.261
744.371 -1.262
744.519 -1.263
744.667 -1.264
744.815 -1.265
744.963 -1.266
745.111 -1.267
745.26 -1.268
745.409 -1.269
745.558 -1.27
745.707 -1.271
745.856 -1.272
746.005 -1.273
746.155 -1.274
746.305 -1.275
746.455 -1.276
746.605 -1.277
746.755 -1.278
746.906 -1.279
747.056 -1.28
747.207 -1.281
747.358 -1.282
747.509 -1.283
747.661 -1.284
747.812 -1.285
747.964 -1.286
748.116 -1.287
748.268 -1.288
748.42 -1.289
748.572 -1.29
748.725 -1.291
748.878 -1.292
749.031 -1.293
749.184 -1.294
749.337 -1.295
749.49 -1.296
749.644 -1.297
749.798 -1.298
749.952 -1.299
750.106 -1.3
750.26 -1.301
750.415 -1.302
750.569 -1.303
750.724 -1.304
750.879 -1.305
751.035 -1.306
751.19 -1.307
751.345 -1.308
751.501 -1.309
751.657 -1.31
751.813 -1.311
751.969 -1.312
752.126 -1.313
752.282 -1.314
752.439 -1.315
752.596 -1.316
752.753 -1.317
752.911 -1.318
753.068 -1.319
753.226 -1.32
753.383 -1.321
753.541 -1.322
753.7 -1.323
753.858 -1.324
754.016 -1.325
754.175 -1.326
754.334 -1.327
754.493 -1.328
754.652 -1.329
754.811 -1.33
754.97 -1.331
755.13 -1.332
755.29 -1.333
755.449 -1.334
755.609 -1.335
755.769 -1.336
755.929 -1.337
756.09 -1.338
756.25 -1.339
756.411 -1.34
756.571 -1.341
756.732 -1.342
756.893 -1.343
757.054 -1.344
757.215 -1.345
757.376 -1.346
757.538 -1.347
757.7 -1.348
757.861 -1.349
758.023 -1.35
758.185 -1.351
758.347 -1.352
758.51 -1.353
758.672 -1.354
758.834 -1.355
758.996 -1.356
759.158 -1.357
759.319 -1.358
759.481 -1.359
759.643 -1.36
759.804 -1.361
759.965 -1.362
760.125 -1.363
760.284 -1.364
760.439 -1.365
760.59 -1.366
760.737 -1.367
760.879 -1.368
761.017 -1.369
761.147 -1.37
761.271 -1.371
761.393 -1.372
761.51 -1.373
761.618 -1.374
761.729 -1.375
761.842 -1.376
761.954 -1.377
762.069 -1.378
762.186 -1.379
762.303 -1.38
762.421 -1.381
762.542 -1.382
762.663 -1.383
762.785 -1.384
762.909 -1.385
763.034 -1.386
763.16 -1.387
763.286 -1.388
763.411 -1.389
763.538 -1.39
763.664 -1.391
763.79 -1.392
763.917 -1.393
764.065 -1.394
764.242 -1.395
764.418 -1.396
764.593 -1.397
764.764 -1.398
764.936 -1.399
765.116 -1.4
765.31 -1.401
765.503 -1.402
765.697 -1.403
765.892 -1.404
766.086 -1.405
766.281 -1.406
766.476 -1.407
766.678 -1.408
766.869 -1.409
767.059 -1.41
767.247 -1.411
767.435 -1.412
767.622 -1.413
767.809 -1.414
767.994 -1.415
768.177 -1.416
768.357 -1.417
768.534 -1.418
768.713 -1.419
768.89 -1.42
769.06 -1.421
769.222 -1.422
769.382 -1.423
769.539 -1.424
769.689 -1.425
769.835 -1.426
769.983 -1.427
770.131 -1.428
770.281 -1.429
770.433 -1.43
770.586 -1.431
770.742 -1.432
770.901 -1.433
771.061 -1.434
771.221 -1.435
771.381 -1.436
771.541 -1.437
771.702 -1.438
771.863 -1.439
772.024 -1.44
772.176 -1.441
772.317 -1.442
772.458 -1.443
772.599 -1.444
772.741 -1.445
772.883 -1.446
773.026 -1.447
773.216 -1.448
773.41 -1.449
773.605 -1.45
773.8 -1.451
773.996 -1.452
774.194 -1.453
774.4 -1.454
774.619 -1.455
774.839 -1.456
775.059 -1.457
775.278 -1.458
775.494 -1.459
775.709 -1.46
775.92 -1.461
776.127 -1.462
776.332 -1.463
776.537 -1.464
776.748 -1.465
776.959 -1.466
777.17 -1.467
777.382 -1.468
777.594 -1.469
777.806 -1.47
778.019 -1.471
778.231 -1.472
778.444 -1.473
778.657 -1.474
778.87 -1.475
779.083 -1.476
779.296 -1.477
779.507 -1.478
779.718 -1.479
779.93 -1.48
780.146 -1.481
780.362 -1.482
780.578 -1.483
780.794 -1.484
781.01 -1.485
781.226 -1.486
781.442 -1.487
781.658 -1.488
781.875 -1.489
782.091 -1.49
782.306 -1.491
782.509 -1.492
782.704 -1.493
782.9 -1.494
783.096 -1.495
783.291 -1.496
783.488 -1.497
783.684 -1.498
783.881 -1.499
784.078 -1.5
