10.7554 -0.001
21.4945 -0.002
32.217 -0.003
42.9227 -0.004
53.6115 -0.005
64.2831 -0.006
74.9372 -0.007
85.5736 -0.008
96.1922 -0.009
106.793 -0.01
117.374 -0.011
127.938 -0.012
138.482 -0.013
149.007 -0.014
159.512 -0.015
169.998 -0.016
180.463 -0.017
190.796 -0.018
199.187 -0.019
206.24 -0.02
213.274 -0.021
220.31 -0.022
227.358 -0.023
234.398 -0.024
241.428 -0.025
248.446 -0.026
255.452 -0.027
262.448 -0.028
269.43 -0.029
276.394 -0.03
283.338 -0.031
290.269 -0.032
297.144 -0.033
303.494 -0.034
308.383 -0.035
312.335 -0.036
316.036 -0.037
319.359 -0.038
322.1 -0.039
324.326 -0.04
326.564 -0.041
328.799 -0.042
331.023 -0.043
333.242 -0.044
335.443 -0.045
337.619 -0.046
339.766 -0.047
341.882 -0.048
343.972 -0.049
346.032 -0.05
348.065 -0.051
350.071 -0.052
352.055 -0.053
354.03 -0.054
355.996 -0.055
357.952 -0.056
359.891 -0.057
361.797 -0.058
363.613 -0.059
365.319 -0.06
366.83 -0.061
368.11 -0.062
369.04 -0.063
369.559 -0.064
369.983 -0.065
370.383 -0.066
370.758 -0.067
371.107 -0.068
371.443 -0.069
371.764 -0.07
372.075 -0.071
372.379 -0.072
372.679 -0.073
372.977 -0.074
373.271 -0.075
373.563 -0.076
373.852 -0.077
374.137 -0.078
374.42 -0.079
374.699 -0.08
374.972 -0.081
375.244 -0.082
375.509 -0.083
375.767 -0.084
376.02 -0.085
376.269 -0.086
376.51 -0.087
376.745 -0.088
376.974 -0.089
377.196 -0.09
377.413 -0.091
377.624 -0.092
377.83 -0.093
378.027 -0.094
378.218 -0.095
378.406 -0.096
378.585 -0.097
378.759 -0.098
378.929 -0.099
379.092 -0.1
379.25 -0.101
379.406 -0.102
379.559 -0.103
379.709 -0.104
379.857 -0.105
380.002 -0.106
380.143 -0.107
380.282 -0.108
380.42 -0.109
380.557 -0.11
380.692 -0.111
380.827 -0.112
380.96 -0.113
381.093 -0.114
381.224 -0.115
381.355 -0.116
381.485 -0.117
381.615 -0.118
381.744 -0.119
381.873 -0.12
382 -0.121
382.127 -0.122
382.253 -0.123
382.378 -0.124
382.503 -0.125
382.627 -0.126
382.751 -0.127
382.874 -0.128
382.997 -0.129
383.119 -0.13
383.241 -0.131
383.363 -0.132
383.484 -0.133
383.604 -0.134
383.724 -0.135
383.844 -0.136
383.963 -0.137
384.082 -0.138
384.201 -0.139
384.319 -0.14
384.437 -0.141
384.555 -0.142
384.672 -0.143
384.789 -0.144
384.906 -0.145
385.022 -0.146
385.138 -0.147
385.254 -0.148
385.369 -0.149
385.484 -0.15
385.599 -0.151
385.713 -0.152
385.827 -0.153
385.94 -0.154
386.053 -0.155
386.165 -0.156
386.277 -0.157
386.389 -0.158
386.501 -0.159
386.612 -0.16
386.723 -0.161
386.834 -0.162
386.944 -0.163
387.053 -0.164
387.162 -0.165
387.27 -0.166
387.377 -0.167
387.484 -0.168
387.591 -0.169
387.697 -0.17
387.803 -0.171
387.908 -0.172
388.014 -0.173
388.119 -0.174
388.223 -0.175
388.326 -0.176
388.427 -0.177
388.528 -0.178
388.628 -0.179
388.728 -0.18
388.827 -0.181
388.926 -0.182
389.026 -0.183
389.124 -0.184
389.222 -0.185
389.319 -0.186
389.415 -0.187
389.509 -0.188
389.602 -0.189
389.695 -0.19
389.788 -0.191
389.881 -0.192
389.973 -0.193
390.064 -0.194
390.154 -0.195
390.244 -0.196
390.334 -0.197
390.422 -0.198
390.509 -0.199
390.595 -0.2
390.681 -0.201
390.764 -0.202
390.848 -0.203
390.931 -0.204
391.014 -0.205
391.096 -0.206
391.178 -0.207
391.26 -0.208
391.341 -0.209
391.423 -0.21
391.504 -0.211
391.585 -0.212
391.666 -0.213
391.746 -0.214
391.825 -0.215
391.901 -0.216
391.978 -0.217
392.054 -0.218
392.13 -0.219
392.205 -0.22
392.281 -0.221
392.356 -0.222
392.431 -0.223
392.507 -0.224
392.581 -0.225
392.656 -0.226
392.731 -0.227
392.806 -0.228
392.881 -0.229
392.955 -0.23
393.029 -0.231
393.103 -0.232
393.178 -0.233
393.251 -0.234
393.325 -0.235
393.397 -0.236
393.47 -0.237
393.542 -0.238
393.614 -0.239
393.686 -0.24
393.757 -0.241
393.829 -0.242
393.9 -0.243
393.972 -0.244
394.043 -0.245
394.114 -0.246
394.185 -0.247
394.256 -0.248
394.327 -0.249
394.397 -0.25
394.467 -0.251
394.538 -0.252
394.608 -0.253
394.678 -0.254
394.748 -0.255
394.818 -0.256
394.887 -0.257
394.956 -0.258
395.025 -0.259
395.093 -0.26
395.161 -0.261
395.228 -0.262
395.296 -0.263
395.363 -0.264
395.43 -0.265
395.497 -0.266
395.563 -0.267
395.63 -0.268
395.696 -0.269
395.762 -0.27
395.828 -0.271
395.893 -0.272
395.959 -0.273
396.024 -0.274
396.089 -0.275
396.153 -0.276
396.218 -0.277
396.281 -0.278
396.345 -0.279
396.408 -0.28
396.47 -0.281
396.532 -0.282
396.593 -0.283
396.654 -0.284
396.713 -0.285
396.771 -0.286
396.827 -0.287
396.882 -0.288
396.936 -0.289
396.98 -0.29
397.02 -0.291
397.068 -0.292
397.109 -0.293
397.143 -0.294
397.175 -0.295
397.204 -0.296
397.216 -0.297
397.239 -0.298
397.26 -0.299
397.274 -0.3
397.292 -0.301
397.306 -0.302
397.326 -0.303
397.34 -0.304
397.365 -0.305
397.383 -0.306
397.406 -0.307
397.434 -0.308
397.467 -0.309
397.498 -0.31
397.528 -0.311
397.561 -0.312
397.602 -0.313
397.645 -0.314
397.687 -0.315
397.732 -0.316
397.777 -0.317
397.823 -0.318
397.87 -0.319
397.918 -0.32
397.968 -0.321
398.017 -0.322
398.065 -0.323
398.113 -0.324
398.16 -0.325
398.207 -0.326
398.253 -0.327
398.3 -0.328
398.345 -0.329
398.391 -0.33
398.435 -0.331
398.479 -0.332
398.525 -0.333
398.571 -0.334
398.617 -0.335
398.662 -0.336
398.707 -0.337
398.751 -0.338
398.798 -0.339
398.846 -0.34
398.891 -0.341
398.938 -0.342
398.987 -0.343
399.036 -0.344
399.087 -0.345
399.136 -0.346
399.183 -0.347
399.228 -0.348
399.276 -0.349
399.326 -0.35
399.376 -0.351
399.425 -0.352
399.473 -0.353
399.52 -0.354
399.567 -0.355
399.617 -0.356
399.669 -0.357
399.719 -0.358
399.769 -0.359
399.818 -0.36
399.867 -0.361
399.918 -0.362
399.967 -0.363
400.017 -0.364
400.067 -0.365
400.117 -0.366
400.166 -0.367
400.213 -0.368
400.26 -0.369
400.305 -0.37
400.344 -0.371
400.375 -0.372
400.414 -0.373
400.466 -0.374
400.512 -0.375
400.549 -0.376
400.579 -0.377
400.615 -0.378
400.669 -0.379
400.72 -0.38
400.769 -0.381
400.818 -0.382
400.867 -0.383
400.915 -0.384
400.96 -0.385
401.01 -0.386
401.059 -0.387
401.106 -0.388
401.153 -0.389
401.198 -0.39
401.244 -0.391
401.291 -0.392
401.338 -0.393
401.382 -0.394
401.426 -0.395
401.474 -0.396
401.522 -0.397
401.569 -0.398
401.615 -0.399
401.664 -0.4
401.714 -0.401
401.764 -0.402
401.813 -0.403
401.865 -0.404
401.92 -0.405
401.974 -0.406
402.029 -0.407
402.085 -0.408
402.142 -0.409
402.198 -0.41
402.255 -0.411
402.314 -0.412
402.374 -0.413
402.434 -0.414
402.494 -0.415
402.554 -0.416
402.616 -0.417
402.679 -0.418
402.742 -0.419
402.804 -0.42
402.867 -0.421
402.93 -0.422
402.994 -0.423
403.057 -0.424
403.121 -0.425
403.185 -0.426
403.249 -0.427
403.313 -0.428
403.377 -0.429
403.441 -0.43
403.505 -0.431
403.57 -0.432
403.634 -0.433
403.698 -0.434
403.762 -0.435
403.827 -0.436
403.891 -0.437
403.956 -0.438
404.02 -0.439
404.085 -0.44
404.15 -0.441
404.214 -0.442
404.279 -0.443
404.343 -0.444
404.407 -0.445
404.472 -0.446
404.536 -0.447
404.6 -0.448
404.664 -0.449
404.728 -0.45
404.792 -0.451
404.856 -0.452
404.92 -0.453
404.984 -0.454
405.048 -0.455
405.111 -0.456
405.175 -0.457
405.239 -0.458
405.303 -0.459
405.366 -0.46
405.43 -0.461
405.493 -0.462
405.557 -0.463
405.62 -0.464
405.684 -0.465
405.747 -0.466
405.81 -0.467
405.873 -0.468
405.936 -0.469
405.999 -0.47
406.061 -0.471
406.124 -0.472
406.186 -0.473
406.249 -0.474
406.311 -0.475
406.373 -0.476
406.434 -0.477
406.495 -0.478
406.556 -0.479
406.617 -0.48
406.677 -0.481
406.737 -0.482
406.797 -0.483
406.855 -0.484
406.913 -0.485
406.969 -0.486
407.025 -0.487
407.078 -0.488
407.131 -0.489
407.184 -0.49
407.234 -0.491
407.286 -0.492
407.336 -0.493
407.382 -0.494
407.425 -0.495
407.462 -0.496
407.493 -0.497
407.518 -0.498
407.536 -0.499
407.545 -0.5
407.546 -0.501
407.54 -0.502
407.525 -0.503
407.502 -0.504
407.472 -0.505
407.441 -0.506
407.414 -0.507
407.384 -0.508
407.372 -0.509
407.362 -0.51
407.364 -0.511
407.37 -0.512
407.385 -0.513
407.404 -0.514
407.431 -0.515
407.461 -0.516
407.498 -0.517
407.537 -0.518
407.579 -0.519
407.624 -0.52
407.668 -0.521
407.711 -0.522
407.755 -0.523
407.797 -0.524
407.84 -0.525
407.881 -0.526
407.925 -0.527
407.969 -0.528
408.02 -0.529
408.074 -0.53
408.131 -0.531
408.196 -0.532
408.261 -0.533
408.328 -0.534
408.394 -0.535
408.46 -0.536
408.529 -0.537
408.602 -0.538
408.676 -0.539
408.754 -0.54
408.832 -0.541
408.909 -0.542
408.987 -0.543
409.066 -0.544
409.144 -0.545
409.222 -0.546
409.304 -0.547
409.385 -0.548
409.469 -0.549
409.555 -0.55
409.641 -0.551
409.727 -0.552
409.812 -0.553
409.897 -0.554
409.983 -0.555
410.069 -0.556
410.155 -0.557
410.243 -0.558
410.332 -0.559
410.423 -0.56
410.512 -0.561
410.6 -0.562
410.689 -0.563
410.775 -0.564
410.859 -0.565
410.943 -0.566
411.026 -0.567
411.105 -0.568
411.183 -0.569
411.261 -0.57
411.335 -0.571
411.407 -0.572
411.479 -0.573
411.552 -0.574
411.621 -0.575
411.689 -0.576
411.758 -0.577
411.826 -0.578
411.894 -0.579
411.962 -0.58
412.031 -0.581
412.099 -0.582
412.167 -0.583
412.235 -0.584
412.303 -0.585
412.371 -0.586
412.439 -0.587
412.507 -0.588
412.575 -0.589
412.643 -0.59
412.711 -0.591
412.779 -0.592
412.846 -0.593
412.914 -0.594
412.981 -0.595
413.049 -0.596
413.116 -0.597
413.184 -0.598
413.251 -0.599
413.319 -0.6
413.385 -0.601
413.452 -0.602
413.518 -0.603
413.585 -0.604
413.651 -0.605
413.718 -0.606
413.784 -0.607
413.85 -0.608
413.915 -0.609
413.98 -0.61
414.048 -0.611
414.116 -0.612
414.184 -0.613
414.249 -0.614
414.309 -0.615
414.208 -0.616
414.23 -0.617
414.253 -0.618
414.276 -0.619
414.296 -0.62
414.336 -0.621
414.417 -0.622
414.45 -0.623
414.503 -0.624
414.547 -0.625
414.59 -0.626
414.637 -0.627
414.689 -0.628
414.74 -0.629
414.809 -0.63
414.909 -0.631
414.982 -0.632
415.065 -0.633
415.153 -0.634
415.242 -0.635
415.33 -0.636
415.424 -0.637
415.523 -0.638
415.622 -0.639
415.719 -0.64
415.795 -0.641
415.868 -0.642
415.94 -0.643
416.012 -0.644
416.085 -0.645
416.159 -0.646
416.232 -0.647
416.306 -0.648
416.38 -0.649
416.454 -0.65
416.529 -0.651
416.603 -0.652
416.678 -0.653
416.752 -0.654
416.827 -0.655
416.903 -0.656
416.979 -0.657
417.055 -0.658
417.131 -0.659
417.207 -0.66
417.283 -0.661
417.359 -0.662
417.435 -0.663
417.512 -0.664
417.589 -0.665
417.665 -0.666
417.742 -0.667
417.818 -0.668
417.894 -0.669
417.97 -0.67
418.046 -0.671
418.122 -0.672
418.198 -0.673
418.274 -0.674
418.35 -0.675
418.425 -0.676
418.501 -0.677
418.576 -0.678
418.651 -0.679
418.726 -0.68
418.801 -0.681
418.876 -0.682
418.951 -0.683
419.027 -0.684
419.102 -0.685
419.177 -0.686
419.253 -0.687
419.328 -0.688
419.404 -0.689
419.479 -0.69
419.555 -0.691
419.631 -0.692
419.706 -0.693
419.782 -0.694
419.858 -0.695
419.934 -0.696
420.01 -0.697
420.086 -0.698
420.162 -0.699
420.239 -0.7
420.315 -0.701
420.391 -0.702
420.468 -0.703
420.545 -0.704
420.621 -0.705
420.698 -0.706
420.775 -0.707
420.852 -0.708
420.929 -0.709
421.006 -0.71
421.083 -0.711
421.16 -0.712
421.237 -0.713
421.314 -0.714
421.392 -0.715
421.469 -0.716
421.547 -0.717
421.624 -0.718
421.702 -0.719
421.78 -0.72
421.857 -0.721
421.935 -0.722
422.013 -0.723
422.091 -0.724
422.17 -0.725
422.248 -0.726
422.326 -0.727
422.404 -0.728
422.483 -0.729
422.561 -0.73
422.639 -0.731
422.718 -0.732
422.796 -0.733
422.875 -0.734
422.954 -0.735
423.032 -0.736
423.111 -0.737
423.19 -0.738
423.268 -0.739
423.346 -0.74
423.425 -0.741
423.503 -0.742
423.58 -0.743
423.658 -0.744
423.735 -0.745
423.812 -0.746
423.89 -0.747
423.968 -0.748
424.045 -0.749
424.122 -0.75
424.198 -0.751
424.272 -0.752
424.345 -0.753
424.416 -0.754
424.487 -0.755
424.557 -0.756
424.624 -0.757
424.691 -0.758
424.762 -0.759
424.834 -0.76
424.906 -0.761
424.979 -0.762
425.051 -0.763
425.123 -0.764
425.195 -0.765
425.27 -0.766
425.349 -0.767
425.427 -0.768
425.505 -0.769
425.583 -0.77
425.661 -0.771
425.744 -0.772
425.827 -0.773
425.91 -0.774
425.994 -0.775
426.078 -0.776
426.165 -0.777
426.251 -0.778
426.335 -0.779
426.42 -0.78
426.504 -0.781
426.589 -0.782
426.674 -0.783
426.758 -0.784
426.837 -0.785
426.914 -0.786
426.994 -0.787
427.073 -0.788
427.15 -0.789
427.225 -0.79
427.298 -0.791
427.371 -0.792
427.443 -0.793
427.515 -0.794
427.587 -0.795
427.659 -0.796
427.735 -0.797
427.813 -0.798
427.891 -0.799
427.969 -0.8
