6.51911 -0.001
13.0331 -0.002
19.542 -0.003
26.0457 -0.004
32.5442 -0.005
39.0376 -0.006
45.5257 -0.007
52.0086 -0.008
58.4862 -0.009
64.9586 -0.01
71.4256 -0.011
77.8874 -0.012
84.3437 -0.013
90.7947 -0.014
97.2403 -0.015
103.68 -0.016
110.115 -0.017
116.544 -0.018
122.968 -0.019
129.386 -0.02
135.799 -0.021
142.206 -0.022
148.608 -0.023
155.004 -0.024
161.394 -0.025
167.778 -0.026
174.157 -0.027
180.53 -0.028
186.898 -0.029
193.259 -0.03
199.615 -0.031
205.965 -0.032
212.309 -0.033
218.647 -0.034
224.979 -0.035
231.305 -0.036
237.626 -0.037
243.94 -0.038
250.248 -0.039
256.55 -0.04
262.846 -0.041
269.136 -0.042
275.42 -0.043
281.697 -0.044
287.968 -0.045
294.233 -0.046
300.492 -0.047
306.744 -0.048
312.99 -0.049
319.229 -0.05
325.462 -0.051
331.688 -0.052
337.908 -0.053
344.121 -0.054
350.328 -0.055
356.507 -0.056
362.505 -0.057
368.163 -0.058
373.199 -0.059
377.663 -0.06
382.115 -0.061
386.543 -0.062
390.857 -0.063
394.93 -0.064
398.67 -0.065
401.997 -0.066
404.596 -0.067
407.062 -0.068
409.528 -0.069
411.991 -0.07
414.448 -0.071
416.899 -0.072
419.34 -0.073
421.774 -0.074
424.205 -0.075
426.631 -0.076
429.048 -0.077
431.447 -0.078
433.819 -0.079
436.148 -0.08
438.395 -0.081
440.625 -0.082
442.748 -0.083
444.766 -0.084
446.744 -0.085
448.502 -0.086
450.06 -0.087
451.518 -0.088
452.963 -0.089
454.396 -0.09
455.821 -0.091
457.236 -0.092
458.64 -0.093
460.033 -0.094
461.414 -0.095
462.786 -0.096
464.148 -0.097
465.497 -0.098
466.827 -0.099
468.138 -0.1
469.403 -0.101
470.619 -0.102
471.782 -0.103
472.905 -0.104
473.926 -0.105
474.856 -0.106
475.746 -0.107
476.455 -0.108
477.003 -0.109
477.343 -0.11
477.679 -0.111
478.012 -0.112
478.344 -0.113
478.674 -0.114
479.002 -0.115
479.328 -0.116
479.651 -0.117
479.971 -0.118
480.286 -0.119
480.598 -0.12
480.904 -0.121
481.206 -0.122
481.504 -0.123
481.797 -0.124
482.084 -0.125
482.366 -0.126
482.641 -0.127
482.911 -0.128
483.177 -0.129
483.436 -0.13
483.689 -0.131
483.935 -0.132
484.176 -0.133
484.413 -0.134
484.644 -0.135
484.868 -0.136
485.088 -0.137
485.301 -0.138
485.509 -0.139
485.712 -0.14
485.912 -0.141
486.108 -0.142
486.3 -0.143
486.489 -0.144
486.674 -0.145
486.858 -0.146
487.038 -0.147
487.215 -0.148
487.389 -0.149
487.561 -0.15
487.731 -0.151
487.898 -0.152
488.063 -0.153
488.225 -0.154
488.384 -0.155
488.542 -0.156
488.697 -0.157
488.85 -0.158
489.001 -0.159
489.151 -0.16
489.298 -0.161
489.444 -0.162
489.587 -0.163
489.729 -0.164
489.869 -0.165
490.007 -0.166
490.143 -0.167
490.278 -0.168
490.41 -0.169
490.542 -0.17
490.672 -0.171
490.801 -0.172
490.927 -0.173
491.052 -0.174
491.175 -0.175
491.298 -0.176
491.419 -0.177
491.539 -0.178
491.657 -0.179
491.774 -0.18
491.889 -0.181
492.003 -0.182
492.116 -0.183
492.228 -0.184
492.338 -0.185
492.447 -0.186
492.555 -0.187
492.661 -0.188
492.767 -0.189
492.871 -0.19
492.974 -0.191
493.076 -0.192
493.177 -0.193
493.277 -0.194
493.376 -0.195
493.474 -0.196
493.571 -0.197
493.667 -0.198
493.761 -0.199
493.854 -0.2
493.947 -0.201
494.038 -0.202
494.128 -0.203
494.218 -0.204
494.306 -0.205
494.394 -0.206
494.481 -0.207
494.567 -0.208
494.652 -0.209
494.736 -0.21
494.819 -0.211
494.901 -0.212
494.983 -0.213
495.063 -0.214
495.144 -0.215
495.223 -0.216
495.302 -0.217
495.38 -0.218
495.458 -0.219
495.535 -0.22
495.611 -0.221
495.686 -0.222
495.76 -0.223
495.834 -0.224
495.908 -0.225
495.98 -0.226
496.053 -0.227
496.124 -0.228
496.196 -0.229
496.266 -0.23
496.336 -0.231
496.406 -0.232
496.475 -0.233
496.543 -0.234
496.611 -0.235
496.678 -0.236
496.745 -0.237
496.811 -0.238
496.877 -0.239
496.942 -0.24
497.006 -0.241
497.07 -0.242
497.134 -0.243
497.197 -0.244
497.26 -0.245
497.323 -0.246
497.385 -0.247
497.447 -0.248
497.508 -0.249
497.57 -0.25
497.63 -0.251
497.69 -0.252
497.75 -0.253
497.809 -0.254
497.869 -0.255
497.927 -0.256
497.986 -0.257
498.044 -0.258
498.102 -0.259
498.159 -0.26
498.217 -0.261
498.274 -0.262
498.33 -0.263
498.387 -0.264
498.442 -0.265
498.498 -0.266
498.553 -0.267
498.608 -0.268
498.663 -0.269
498.718 -0.27
498.772 -0.271
498.826 -0.272
498.88 -0.273
498.934 -0.274
498.987 -0.275
499.04 -0.276
499.092 -0.277
499.145 -0.278
499.197 -0.279
499.249 -0.28
499.301 -0.281
499.353 -0.282
499.404 -0.283
499.455 -0.284
499.506 -0.285
499.557 -0.286
499.608 -0.287
499.658 -0.288
499.708 -0.289
499.758 -0.29
499.808 -0.291
499.858 -0.292
499.907 -0.293
499.957 -0.294
500.006 -0.295
500.055 -0.296
500.104 -0.297
500.153 -0.298
500.201 -0.299
500.25 -0.3
500.298 -0.301
500.346 -0.302
500.394 -0.303
500.442 -0.304
500.489 -0.305
500.537 -0.306
500.584 -0.307
500.631 -0.308
500.678 -0.309
500.725 -0.31
500.772 -0.311
500.818 -0.312
500.865 -0.313
500.912 -0.314
500.958 -0.315
501.005 -0.316
501.051 -0.317
501.098 -0.318
501.144 -0.319
501.19 -0.32
501.236 -0.321
501.282 -0.322
501.328 -0.323
501.374 -0.324
501.42 -0.325
501.466 -0.326
501.511 -0.327
501.557 -0.328
501.603 -0.329
501.648 -0.33
501.694 -0.331
501.739 -0.332
501.785 -0.333
501.83 -0.334
501.876 -0.335
501.921 -0.336
501.966 -0.337
502.012 -0.338
502.057 -0.339
502.102 -0.34
502.148 -0.341
502.193 -0.342
502.238 -0.343
502.282 -0.344
502.327 -0.345
502.372 -0.346
502.417 -0.347
502.462 -0.348
502.507 -0.349
502.551 -0.35
502.596 -0.351
502.641 -0.352
502.685 -0.353
502.73 -0.354
502.775 -0.355
502.819 -0.356
502.864 -0.357
502.908 -0.358
502.953 -0.359
502.997 -0.36
503.041 -0.361
503.086 -0.362
503.13 -0.363
503.174 -0.364
503.219 -0.365
503.263 -0.366
503.307 -0.367
503.351 -0.368
503.395 -0.369
503.44 -0.37
503.484 -0.371
503.528 -0.372
503.572 -0.373
503.616 -0.374
503.66 -0.375
503.704 -0.376
503.748 -0.377
503.792 -0.378
503.836 -0.379
503.88 -0.38
503.924 -0.381
503.968 -0.382
504.012 -0.383
504.056 -0.384
504.099 -0.385
504.143 -0.386
504.187 -0.387
504.231 -0.388
504.275 -0.389
504.318 -0.39
504.362 -0.391
504.406 -0.392
504.449 -0.393
504.492 -0.394
504.536 -0.395
504.579 -0.396
504.623 -0.397
504.666 -0.398
504.71 -0.399
504.753 -0.4
504.796 -0.401
504.84 -0.402
504.883 -0.403
504.926 -0.404
504.97 -0.405
505.013 -0.406
505.056 -0.407
505.099 -0.408
505.142 -0.409
505.185 -0.41
505.229 -0.411
505.272 -0.412
505.315 -0.413
505.358 -0.414
505.401 -0.415
505.444 -0.416
505.487 -0.417
505.53 -0.418
505.573 -0.419
505.616 -0.42
505.659 -0.421
505.702 -0.422
505.745 -0.423
505.788 -0.424
505.831 -0.425
505.873 -0.426
505.916 -0.427
505.959 -0.428
506.002 -0.429
506.045 -0.43
506.088 -0.431
506.13 -0.432
506.173 -0.433
506.216 -0.434
506.259 -0.435
506.302 -0.436
506.344 -0.437
506.387 -0.438
506.43 -0.439
506.472 -0.44
506.515 -0.441
506.558 -0.442
506.6 -0.443
506.643 -0.444
506.686 -0.445
506.728 -0.446
506.771 -0.447
506.813 -0.448
506.856 -0.449
506.898 -0.45
506.941 -0.451
506.983 -0.452
507.026 -0.453
507.068 -0.454
507.11 -0.455
507.153 -0.456
507.195 -0.457
507.237 -0.458
507.28 -0.459
507.322 -0.46
507.364 -0.461
507.406 -0.462
507.448 -0.463
507.49 -0.464
507.532 -0.465
507.574 -0.466
507.616 -0.467
507.658 -0.468
507.7 -0.469
507.742 -0.47
507.784 -0.471
507.826 -0.472
507.868 -0.473
507.909 -0.474
507.951 -0.475
507.993 -0.476
508.035 -0.477
508.076 -0.478
508.118 -0.479
508.16 -0.48
508.201 -0.481
508.243 -0.482
508.285 -0.483
508.326 -0.484
508.367 -0.485
508.409 -0.486
508.45 -0.487
508.492 -0.488
508.533 -0.489
508.575 -0.49
508.616 -0.491
508.657 -0.492
508.699 -0.493
508.74 -0.494
508.782 -0.495
508.823 -0.496
508.864 -0.497
508.906 -0.498
508.947 -0.499
508.988 -0.5
509.03 -0.501
509.071 -0.502
509.112 -0.503
509.154 -0.504
509.195 -0.505
509.236 -0.506
509.278 -0.507
509.319 -0.508
509.36 -0.509
509.402 -0.51
509.443 -0.511
509.484 -0.512
509.526 -0.513
509.567 -0.514
509.608 -0.515
509.649 -0.516
509.691 -0.517
509.732 -0.518
509.773 -0.519
509.815 -0.52
509.856 -0.521
509.897 -0.522
509.938 -0.523
509.98 -0.524
510.021 -0.525
510.062 -0.526
510.103 -0.527
510.145 -0.528
510.186 -0.529
510.227 -0.53
510.268 -0.531
510.31 -0.532
510.351 -0.533
510.392 -0.534
510.433 -0.535
510.474 -0.536
510.516 -0.537
510.557 -0.538
510.598 -0.539
510.639 -0.54
510.68 -0.541
510.721 -0.542
510.762 -0.543
510.803 -0.544
510.844 -0.545
510.885 -0.546
510.926 -0.547
510.967 -0.548
511.007 -0.549
511.048 -0.55
511.089 -0.551
511.13 -0.552
511.171 -0.553
511.211 -0.554
511.252 -0.555
511.293 -0.556
511.334 -0.557
511.375 -0.558
511.415 -0.559
511.456 -0.56
511.497 -0.561
511.537 -0.562
511.577 -0.563
511.618 -0.564
511.658 -0.565
511.698 -0.566
511.739 -0.567
511.779 -0.568
511.82 -0.569
511.86 -0.57
511.9 -0.571
511.941 -0.572
511.981 -0.573
512.021 -0.574
512.062 -0.575
512.102 -0.576
512.141 -0.577
512.181 -0.578
512.221 -0.579
512.261 -0.58
512.301 -0.581
512.34 -0.582
512.38 -0.583
512.42 -0.584
512.46 -0.585
512.499 -0.586
512.539 -0.587
512.579 -0.588
512.619 -0.589
512.658 -0.59
512.697 -0.591
512.736 -0.592
512.775 -0.593
512.814 -0.594
512.853 -0.595
512.892 -0.596
512.931 -0.597
512.97 -0.598
513.009 -0.599
513.048 -0.6
513.087 -0.601
513.127 -0.602
513.166 -0.603
513.205 -0.604
513.244 -0.605
513.283 -0.606
513.322 -0.607
513.361 -0.608
513.4 -0.609
513.439 -0.61
513.478 -0.611
513.518 -0.612
513.557 -0.613
513.596 -0.614
513.635 -0.615
513.674 -0.616
513.713 -0.617
513.752 -0.618
513.792 -0.619
513.831 -0.62
513.87 -0.621
513.909 -0.622
513.948 -0.623
513.987 -0.624
514.027 -0.625
514.066 -0.626
514.105 -0.627
514.144 -0.628
514.183 -0.629
514.223 -0.63
514.262 -0.631
514.301 -0.632
514.34 -0.633
514.38 -0.634
514.419 -0.635
514.458 -0.636
514.497 -0.637
514.537 -0.638
514.576 -0.639
514.615 -0.64
514.654 -0.641
514.694 -0.642
514.733 -0.643
514.772 -0.644
514.812 -0.645
514.851 -0.646
514.89 -0.647
514.93 -0.648
514.969 -0.649
515.008 -0.65
515.048 -0.651
515.087 -0.652
515.126 -0.653
515.166 -0.654
515.205 -0.655
515.244 -0.656
515.284 -0.657
515.323 -0.658
515.362 -0.659
515.402 -0.66
515.441 -0.661
515.481 -0.662
515.52 -0.663
515.559 -0.664
515.599 -0.665
515.638 -0.666
515.678 -0.667
515.717 -0.668
515.757 -0.669
515.796 -0.67
515.836 -0.671
515.875 -0.672
515.915 -0.673
515.954 -0.674
515.994 -0.675
516.033 -0.676
516.073 -0.677
516.112 -0.678
516.152 -0.679
516.192 -0.68
516.231 -0.681
516.271 -0.682
516.31 -0.683
516.35 -0.684
516.39 -0.685
516.429 -0.686
516.469 -0.687
516.508 -0.688
516.548 -0.689
516.588 -0.69
516.627 -0.691
516.667 -0.692
516.707 -0.693
516.746 -0.694
516.786 -0.695
516.826 -0.696
516.866 -0.697
516.905 -0.698
516.945 -0.699
516.985 -0.7
517.025 -0.701
517.065 -0.702
517.104 -0.703
517.144 -0.704
517.184 -0.705
517.224 -0.706
517.264 -0.707
517.304 -0.708
517.344 -0.709
517.384 -0.71
517.424 -0.711
517.463 -0.712
517.503 -0.713
517.543 -0.714
517.583 -0.715
517.623 -0.716
517.663 -0.717
517.703 -0.718
517.744 -0.719
517.784 -0.72
517.824 -0.721
517.864 -0.722
517.904 -0.723
517.944 -0.724
517.984 -0.725
518.024 -0.726
518.065 -0.727
518.105 -0.728
518.145 -0.729
518.185 -0.73
518.226 -0.731
518.266 -0.732
518.306 -0.733
518.346 -0.734
518.387 -0.735
518.427 -0.736
518.468 -0.737
518.508 -0.738
518.548 -0.739
518.589 -0.74
518.629 -0.741
518.67 -0.742
518.71 -0.743
518.751 -0.744
518.791 -0.745
518.832 -0.746
518.872 -0.747
518.913 -0.748
518.953 -0.749
518.994 -0.75
519.034 -0.751
519.074 -0.752
519.115 -0.753
519.155 -0.754
519.196 -0.755
519.236 -0.756
519.277 -0.757
519.317 -0.758
519.358 -0.759
519.398 -0.76
519.439 -0.761
519.479 -0.762
519.52 -0.763
519.56 -0.764
519.601 -0.765
519.642 -0.766
519.682 -0.767
519.723 -0.768
519.763 -0.769
519.804 -0.77
519.844 -0.771
519.884 -0.772
519.925 -0.773
519.965 -0.774
520.005 -0.775
520.046 -0.776
520.086 -0.777
520.126 -0.778
520.167 -0.779
520.208 -0.78
520.248 -0.781
520.289 -0.782
520.329 -0.783
520.37 -0.784
520.411 -0.785
520.451 -0.786
520.492 -0.787
520.532 -0.788
520.572 -0.789
520.612 -0.79
520.653 -0.791
520.693 -0.792
520.733 -0.793
520.774 -0.794
520.814 -0.795
520.855 -0.796
520.896 -0.797
520.936 -0.798
520.977 -0.799
521.018 -0.8
521.058 -0.801
521.098 -0.802
521.138 -0.803
521.178 -0.804
521.218 -0.805
521.259 -0.806
521.299 -0.807
521.339 -0.808
521.38 -0.809
521.42 -0.81
521.461 -0.811
521.501 -0.812
521.542 -0.813
521.583 -0.814
521.623 -0.815
521.664 -0.816
521.705 -0.817
521.745 -0.818
521.786 -0.819
521.827 -0.82
521.868 -0.821
521.908 -0.822
521.949 -0.823
521.99 -0.824
522.031 -0.825
522.072 -0.826
522.113 -0.827
522.154 -0.828
522.195 -0.829
522.237 -0.83
522.278 -0.831
522.319 -0.832
522.36 -0.833
522.402 -0.834
522.443 -0.835
522.484 -0.836
522.526 -0.837
522.567 -0.838
522.609 -0.839
522.65 -0.84
522.692 -0.841
522.733 -0.842
522.775 -0.843
522.816 -0.844
522.858 -0.845
522.9 -0.846
522.942 -0.847
522.983 -0.848
523.025 -0.849
523.067 -0.85
523.109 -0.851
523.151 -0.852
523.193 -0.853
523.235 -0.854
523.277 -0.855
523.319 -0.856
523.361 -0.857
523.403 -0.858
523.446 -0.859
523.488 -0.86
523.53 -0.861
523.573 -0.862
523.615 -0.863
523.657 -0.864
523.7 -0.865
523.742 -0.866
523.785 -0.867
523.827 -0.868
523.87 -0.869
523.913 -0.87
523.955 -0.871
523.998 -0.872
524.041 -0.873
524.084 -0.874
524.127 -0.875
524.17 -0.876
524.212 -0.877
524.255 -0.878
524.299 -0.879
524.342 -0.88
524.385 -0.881
524.428 -0.882
524.471 -0.883
524.514 -0.884
524.558 -0.885
524.601 -0.886
524.644 -0.887
524.688 -0.888
524.731 -0.889
524.775 -0.89
524.818 -0.891
524.862 -0.892
524.905 -0.893
524.949 -0.894
524.993 -0.895
525.037 -0.896
525.08 -0.897
525.124 -0.898
525.168 -0.899
525.212 -0.9
525.256 -0.901
525.3 -0.902
525.344 -0.903
525.388 -0.904
525.432 -0.905
525.476 -0.906
525.521 -0.907
525.565 -0.908
525.609 -0.909
525.654 -0.91
525.698 -0.911
525.743 -0.912
525.787 -0.913
525.832 -0.914
525.876 -0.915
525.921 -0.916
525.965 -0.917
526.01 -0.918
526.055 -0.919
526.1 -0.92
526.145 -0.921
526.189 -0.922
526.234 -0.923
526.279 -0.924
526.324 -0.925
526.37 -0.926
526.415 -0.927
526.46 -0.928
526.505 -0.929
526.55 -0.93
526.596 -0.931
526.641 -0.932
526.686 -0.933
526.732 -0.934
526.777 -0.935
526.823 -0.936
526.868 -0.937
526.914 -0.938
526.96 -0.939
527.005 -0.94
527.051 -0.941
527.097 -0.942
527.143 -0.943
527.189 -0.944
527.235 -0.945
527.281 -0.946
527.327 -0.947
527.373 -0.948
527.419 -0.949
527.465 -0.95
527.511 -0.951
527.558 -0.952
527.604 -0.953
527.65 -0.954
527.697 -0.955
527.743 -0.956
527.79 -0.957
527.836 -0.958
527.883 -0.959
527.929 -0.96
527.976 -0.961
528.023 -0.962
528.07 -0.963
528.117 -0.964
528.163 -0.965
528.21 -0.966
528.257 -0.967
528.304 -0.968
528.351 -0.969
528.399 -0.97
528.446 -0.971
528.493 -0.972
528.54 -0.973
528.588 -0.974
528.635 -0.975
528.682 -0.976
528.73 -0.977
528.777 -0.978
528.825 -0.979
528.873 -0.98
528.92 -0.981
528.968 -0.982
529.016 -0.983
529.064 -0.984
529.111 -0.985
529.159 -0.986
529.207 -0.987
529.255 -0.988
529.303 -0.989
529.352 -0.99
529.4 -0.991
529.448 -0.992
529.496 -0.993
529.544 -0.994
529.593 -0.995
529.641 -0.996
529.69 -0.997
529.738 -0.998
529.787 -0.999
529.835 -1
529.884 -1.001
529.933 -1.002
529.982 -1.003
530.03 -1.004
530.079 -1.005
530.128 -1.006
530.177 -1.007
530.226 -1.008
530.275 -1.009
530.324 -1.01
530.374 -1.011
530.423 -1.012
530.472 -1.013
530.521 -1.014
530.571 -1.015
530.62 -1.016
530.67 -1.017
530.719 -1.018
530.769 -1.019
530.818 -1.02
530.868 -1.021
530.918 -1.022
530.968 -1.023
531.018 -1.024
531.067 -1.025
531.117 -1.026
531.167 -1.027
531.217 -1.028
531.268 -1.029
531.318 -1.03
531.368 -1.031
531.418 -1.032
531.469 -1.033
531.519 -1.034
531.569 -1.035
531.62 -1.036
531.67 -1.037
531.721 -1.038
531.772 -1.039
531.822 -1.04
531.873 -1.041
531.924 -1.042
531.975 -1.043
532.026 -1.044
532.077 -1.045
532.128 -1.046
532.179 -1.047
532.23 -1.048
532.281 -1.049
532.332 -1.05
532.383 -1.051
532.434 -1.052
532.486 -1.053
532.537 -1.054
532.589 -1.055
532.64 -1.056
532.692 -1.057
532.743 -1.058
532.795 -1.059
532.847 -1.06
532.898 -1.061
532.95 -1.062
533.002 -1.063
533.054 -1.064
533.106 -1.065
533.158 -1.066
533.21 -1.067
533.262 -1.068
533.314 -1.069
533.366 -1.07
533.418 -1.071
533.47 -1.072
533.523 -1.073
533.575 -1.074
533.627 -1.075
533.68 -1.076
533.732 -1.077
533.785 -1.078
533.838 -1.079
533.89 -1.08
533.943 -1.081
533.996 -1.082
534.048 -1.083
534.101 -1.084
534.154 -1.085
534.207 -1.086
534.26 -1.087
534.313 -1.088
534.366 -1.089
534.419 -1.09
534.473 -1.091
534.526 -1.092
534.579 -1.093
534.632 -1.094
534.686 -1.095
534.739 -1.096
534.793 -1.097
534.846 -1.098
534.9 -1.099
534.954 -1.1
535.007 -1.101
535.061 -1.102
535.115 -1.103
535.169 -1.104
535.223 -1.105
535.277 -1.106
535.331 -1.107
535.385 -1.108
535.439 -1.109
535.493 -1.11
535.547 -1.111
535.601 -1.112
535.656 -1.113
535.71 -1.114
535.764 -1.115
535.819 -1.116
535.873 -1.117
535.928 -1.118
535.983 -1.119
536.037 -1.12
536.092 -1.121
536.147 -1.122
536.201 -1.123
536.256 -1.124
536.311 -1.125
536.366 -1.126
536.421 -1.127
536.477 -1.128
536.534 -1.129
536.591 -1.13
536.648 -1.131
536.705 -1.132
536.762 -1.133
536.819 -1.134
536.876 -1.135
536.933 -1.136
536.99 -1.137
537.048 -1.138
537.105 -1.139
537.162 -1.14
537.22 -1.141
537.277 -1.142
537.335 -1.143
537.392 -1.144
537.45 -1.145
537.508 -1.146
537.566 -1.147
537.623 -1.148
537.681 -1.149
537.739 -1.15
537.797 -1.151
537.855 -1.152
537.913 -1.153
537.972 -1.154
538.03 -1.155
538.088 -1.156
538.146 -1.157
538.205 -1.158
538.263 -1.159
538.322 -1.16
538.38 -1.161
538.439 -1.162
538.498 -1.163
538.556 -1.164
538.615 -1.165
538.674 -1.166
538.733 -1.167
538.792 -1.168
538.851 -1.169
538.91 -1.17
538.969 -1.171
539.028 -1.172
539.088 -1.173
539.147 -1.174
539.206 -1.175
539.266 -1.176
539.325 -1.177
539.385 -1.178
539.444 -1.179
539.504 -1.18
539.564 -1.181
539.623 -1.182
539.683 -1.183
539.743 -1.184
539.803 -1.185
539.863 -1.186
539.923 -1.187
539.983 -1.188
540.043 -1.189
540.103 -1.19
540.164 -1.191
540.224 -1.192
540.284 -1.193
540.345 -1.194
540.405 -1.195
540.465 -1.196
540.526 -1.197
540.587 -1.198
540.647 -1.199
540.708 -1.2
540.769 -1.201
540.83 -1.202
540.891 -1.203
540.953 -1.204
541.014 -1.205
541.076 -1.206
541.138 -1.207
541.2 -1.208
541.262 -1.209
541.325 -1.21
541.387 -1.211
541.45 -1.212
541.513 -1.213
541.577 -1.214
541.64 -1.215
541.704 -1.216
541.768 -1.217
541.832 -1.218
541.896 -1.219
541.96 -1.22
542.024 -1.221
542.089 -1.222
542.153 -1.223
542.218 -1.224
542.282 -1.225
542.347 -1.226
542.411 -1.227
542.476 -1.228
542.541 -1.229
542.606 -1.23
542.671 -1.231
542.736 -1.232
542.801 -1.233
542.866 -1.234
542.931 -1.235
542.996 -1.236
543.062 -1.237
543.127 -1.238
543.192 -1.239
543.257 -1.24
543.323 -1.241
543.388 -1.242
543.454 -1.243
543.519 -1.244
543.585 -1.245
543.65 -1.246
543.716 -1.247
543.781 -1.248
543.847 -1.249
543.912 -1.25
543.978 -1.251
544.044 -1.252
544.11 -1.253
544.176 -1.254
544.242 -1.255
544.308 -1.256
544.374 -1.257
544.441 -1.258
544.507 -1.259
544.573 -1.26
544.64 -1.261
544.706 -1.262
544.773 -1.263
544.839 -1.264
544.906 -1.265
544.973 -1.266
545.04 -1.267
545.107 -1.268
545.174 -1.269
545.241 -1.27
545.308 -1.271
545.375 -1.272
545.442 -1.273
545.509 -1.274
545.577 -1.275
545.644 -1.276
545.712 -1.277
545.779 -1.278
545.847 -1.279
545.915 -1.28
545.983 -1.281
546.05 -1.282
546.118 -1.283
546.186 -1.284
546.254 -1.285
546.323 -1.286
546.391 -1.287
546.459 -1.288
546.527 -1.289
546.595 -1.29
546.663 -1.291
546.732 -1.292
546.8 -1.293
546.869 -1.294
546.937 -1.295
547.006 -1.296
547.074 -1.297
547.143 -1.298
547.211 -1.299
547.28 -1.3
547.349 -1.301
547.417 -1.302
547.486 -1.303
547.555 -1.304
547.624 -1.305
547.693 -1.306
547.763 -1.307
547.833 -1.308
547.902 -1.309
547.972 -1.31
548.042 -1.311
548.112 -1.312
548.182 -1.313
548.252 -1.314
548.322 -1.315
548.392 -1.316
548.462 -1.317
548.533 -1.318
548.604 -1.319
548.675 -1.32
548.746 -1.321
548.817 -1.322
548.888 -1.323
548.959 -1.324
549.031 -1.325
549.102 -1.326
549.173 -1.327
549.245 -1.328
549.317 -1.329
549.388 -1.33
549.461 -1.331
549.533 -1.332
549.605 -1.333
549.678 -1.334
549.75 -1.335
549.823 -1.336
549.895 -1.337
549.968 -1.338
550.041 -1.339
550.114 -1.34
550.187 -1.341
550.26 -1.342
550.334 -1.343
550.407 -1.344
550.481 -1.345
550.555 -1.346
550.629 -1.347
550.703 -1.348
550.777 -1.349
550.851 -1.35
550.925 -1.351
551 -1.352
551.074 -1.353
551.149 -1.354
551.223 -1.355
551.298 -1.356
551.373 -1.357
551.448 -1.358
551.523 -1.359
551.599 -1.36
551.674 -1.361
551.75 -1.362
551.825 -1.363
551.901 -1.364
551.977 -1.365
552.052 -1.366
552.128 -1.367
552.204 -1.368
552.28 -1.369
552.357 -1.37
552.433 -1.371
552.51 -1.372
552.587 -1.373
552.664 -1.374
552.741 -1.375
552.818 -1.376
552.895 -1.377
552.972 -1.378
553.05 -1.379
553.127 -1.38
553.205 -1.381
553.282 -1.382
553.36 -1.383
553.438 -1.384
553.516 -1.385
553.594 -1.386
553.672 -1.387
553.75 -1.388
553.829 -1.389
553.907 -1.39
553.986 -1.391
554.064 -1.392
554.143 -1.393
554.222 -1.394
554.301 -1.395
554.38 -1.396
554.459 -1.397
554.538 -1.398
554.617 -1.399
554.697 -1.4
554.776 -1.401
554.855 -1.402
554.935 -1.403
555.015 -1.404
555.094 -1.405
555.174 -1.406
555.254 -1.407
555.334 -1.408
555.414 -1.409
555.495 -1.41
555.575 -1.411
555.656 -1.412
555.736 -1.413
555.817 -1.414
555.897 -1.415
555.978 -1.416
556.058 -1.417
556.139 -1.418
556.22 -1.419
556.3 -1.42
556.381 -1.421
556.461 -1.422
556.542 -1.423
556.622 -1.424
556.703 -1.425
556.783 -1.426
556.864 -1.427
556.945 -1.428
557.025 -1.429
557.105 -1.43
557.186 -1.431
557.267 -1.432
557.347 -1.433
557.428 -1.434
557.508 -1.435
557.589 -1.436
557.67 -1.437
557.75 -1.438
557.831 -1.439
557.911 -1.44
557.993 -1.441
558.075 -1.442
558.156 -1.443
558.238 -1.444
558.32 -1.445
558.402 -1.446
558.483 -1.447
558.565 -1.448
558.647 -1.449
558.729 -1.45
558.81 -1.451
558.892 -1.452
558.974 -1.453
559.056 -1.454
559.138 -1.455
559.22 -1.456
559.302 -1.457
559.384 -1.458
559.466 -1.459
559.547 -1.46
559.629 -1.461
559.711 -1.462
559.793 -1.463
559.875 -1.464
559.957 -1.465
560.039 -1.466
560.12 -1.467
560.202 -1.468
560.284 -1.469
560.366 -1.47
560.448 -1.471
560.531 -1.472
560.615 -1.473
560.698 -1.474
560.781 -1.475
560.865 -1.476
560.948 -1.477
561.031 -1.478
561.115 -1.479
561.199 -1.48
561.282 -1.481
561.366 -1.482
561.45 -1.483
561.534 -1.484
561.618 -1.485
561.702 -1.486
561.786 -1.487
561.87 -1.488
561.954 -1.489
562.038 -1.49
562.122 -1.491
562.207 -1.492
562.292 -1.493
562.377 -1.494
562.462 -1.495
562.547 -1.496
562.633 -1.497
562.718 -1.498
562.803 -1.499
562.889 -1.5
562.974 -1.501
563.06 -1.502
563.146 -1.503
563.232 -1.504
563.317 -1.505
563.403 -1.506
563.489 -1.507
563.575 -1.508
563.662 -1.509
563.748 -1.51
563.834 -1.511
563.92 -1.512
564.007 -1.513
564.093 -1.514
564.179 -1.515
564.265 -1.516
564.351 -1.517
564.438 -1.518
564.524 -1.519
564.61 -1.52
564.697 -1.521
564.783 -1.522
564.87 -1.523
564.956 -1.524
565.043 -1.525
565.13 -1.526
565.218 -1.527
565.305 -1.528
565.393 -1.529
565.481 -1.53
565.569 -1.531
565.657 -1.532
565.745 -1.533
565.834 -1.534
565.923 -1.535
566.011 -1.536
566.1 -1.537
566.189 -1.538
566.278 -1.539
566.367 -1.54
566.455 -1.541
566.544 -1.542
566.633 -1.543
566.722 -1.544
566.811 -1.545
566.9 -1.546
566.989 -1.547
567.079 -1.548
567.168 -1.549
567.257 -1.55
567.347 -1.551
567.436 -1.552
567.526 -1.553
567.617 -1.554
567.707 -1.555
567.798 -1.556
567.889 -1.557
567.98 -1.558
568.07 -1.559
568.161 -1.56
568.252 -1.561
568.343 -1.562
568.435 -1.563
568.526 -1.564
568.618 -1.565
568.709 -1.566
568.801 -1.567
568.893 -1.568
568.985 -1.569
569.078 -1.57
569.17 -1.571
569.262 -1.572
569.355 -1.573
569.448 -1.574
569.541 -1.575
569.634 -1.576
569.727 -1.577
569.82 -1.578
569.913 -1.579
570.006 -1.58
570.1 -1.581
570.193 -1.582
570.286 -1.583
570.38 -1.584
570.474 -1.585
570.567 -1.586
570.662 -1.587
570.756 -1.588
570.851 -1.589
570.945 -1.59
571.04 -1.591
571.135 -1.592
571.23 -1.593
571.325 -1.594
571.42 -1.595
571.515 -1.596
571.611 -1.597
571.707 -1.598
571.802 -1.599
571.898 -1.6
