9.58682 -0.001
19.1652 -0.002
28.7353 -0.003
38.297 -0.004
47.8502 -0.005
57.3949 -0.006
66.931 -0.007
76.4585 -0.008
85.9773 -0.009
95.4874 -0.01
104.989 -0.011
114.481 -0.012
123.965 -0.013
133.44 -0.014
142.905 -0.015
152.362 -0.016
161.809 -0.017
171.248 -0.018
180.677 -0.019
190.097 -0.02
199.507 -0.021
208.908 -0.022
218.3 -0.023
227.682 -0.024
237.054 -0.025
246.417 -0.026
255.77 -0.027
265.113 -0.028
274.446 -0.029
283.767 -0.03
292.862 -0.031
301.104 -0.032
308.673 -0.033
316.218 -0.034
323.759 -0.035
331.292 -0.036
338.818 -0.037
346.349 -0.038
353.878 -0.039
361.4 -0.04
368.915 -0.041
376.423 -0.042
383.923 -0.043
391.398 -0.044
398.71 -0.045
405.593 -0.046
411.781 -0.047
416.933 -0.048
420.74 -0.049
424.379 -0.05
427.99 -0.051
431.577 -0.052
435.142 -0.053
438.678 -0.054
442.188 -0.055
445.679 -0.056
449.127 -0.057
452.509 -0.058
455.766 -0.059
458.855 -0.06
461.736 -0.061
464.314 -0.062
466.61 -0.063
468.46 -0.064
469.818 -0.065
470.747 -0.066
471.419 -0.067
472.066 -0.068
472.694 -0.069
473.305 -0.07
473.896 -0.071
474.465 -0.072
475.01 -0.073
475.531 -0.074
476.029 -0.075
476.501 -0.076
476.954 -0.077
477.39 -0.078
477.81 -0.079
478.213 -0.08
478.607 -0.081
478.992 -0.082
479.371 -0.083
479.746 -0.084
480.116 -0.085
480.483 -0.086
480.847 -0.087
481.207 -0.088
481.566 -0.089
481.92 -0.09
482.27 -0.091
482.615 -0.092
482.953 -0.093
483.289 -0.094
483.62 -0.095
483.946 -0.096
484.265 -0.097
484.578 -0.098
484.887 -0.099
485.189 -0.1
485.484 -0.101
485.775 -0.102
486.061 -0.103
486.339 -0.104
486.608 -0.105
486.872 -0.106
487.13 -0.107
487.382 -0.108
487.627 -0.109
487.864 -0.11
488.094 -0.111
488.319 -0.112
488.541 -0.113
488.754 -0.114
488.962 -0.115
489.167 -0.116
489.369 -0.117
489.567 -0.118
489.759 -0.119
489.948 -0.12
490.135 -0.121
490.32 -0.122
490.503 -0.123
490.683 -0.124
490.86 -0.125
491.035 -0.126
491.21 -0.127
491.383 -0.128
491.554 -0.129
491.724 -0.13
491.892 -0.131
492.06 -0.132
492.226 -0.133
492.391 -0.134
492.555 -0.135
492.718 -0.136
492.881 -0.137
493.041 -0.138
493.201 -0.139
493.36 -0.14
493.517 -0.141
493.674 -0.142
493.83 -0.143
493.985 -0.144
494.139 -0.145
494.293 -0.146
494.446 -0.147
494.599 -0.148
494.751 -0.149
494.902 -0.15
495.052 -0.151
495.203 -0.152
495.352 -0.153
495.501 -0.154
495.649 -0.155
495.796 -0.156
495.943 -0.157
496.088 -0.158
496.233 -0.159
496.378 -0.16
496.522 -0.161
496.666 -0.162
496.808 -0.163
496.95 -0.164
497.092 -0.165
497.233 -0.166
497.373 -0.167
497.513 -0.168
497.652 -0.169
497.79 -0.17
497.928 -0.171
498.064 -0.172
498.201 -0.173
498.336 -0.174
498.471 -0.175
498.604 -0.176
498.735 -0.177
498.864 -0.178
498.994 -0.179
499.122 -0.18
499.251 -0.181
499.379 -0.182
499.507 -0.183
499.634 -0.184
499.76 -0.185
499.884 -0.186
500.008 -0.187
500.131 -0.188
500.253 -0.189
500.375 -0.19
500.496 -0.191
500.615 -0.192
500.732 -0.193
500.848 -0.194
500.962 -0.195
501.077 -0.196
501.19 -0.197
501.303 -0.198
501.415 -0.199
501.527 -0.2
501.638 -0.201
501.748 -0.202
501.858 -0.203
501.967 -0.204
502.076 -0.205
502.185 -0.206
502.293 -0.207
502.399 -0.208
502.503 -0.209
502.606 -0.21
502.707 -0.211
502.808 -0.212
502.907 -0.213
503.005 -0.214
503.103 -0.215
503.2 -0.216
503.297 -0.217
503.394 -0.218
503.491 -0.219
503.587 -0.22
503.683 -0.221
503.778 -0.222
503.873 -0.223
503.967 -0.224
504.061 -0.225
504.155 -0.226
504.248 -0.227
504.341 -0.228
504.434 -0.229
504.526 -0.23
504.618 -0.231
504.71 -0.232
504.8 -0.233
504.89 -0.234
504.98 -0.235
505.069 -0.236
505.158 -0.237
505.246 -0.238
505.335 -0.239
505.422 -0.24
505.508 -0.241
505.594 -0.242
505.679 -0.243
505.764 -0.244
505.849 -0.245
505.934 -0.246
506.018 -0.247
506.102 -0.248
506.186 -0.249
506.27 -0.25
506.353 -0.251
506.436 -0.252
506.519 -0.253
506.602 -0.254
506.685 -0.255
506.767 -0.256
506.849 -0.257
506.931 -0.258
507.013 -0.259
507.095 -0.26
507.176 -0.261
507.257 -0.262
507.338 -0.263
507.418 -0.264
507.496 -0.265
507.575 -0.266
507.653 -0.267
507.731 -0.268
507.809 -0.269
507.887 -0.27
507.964 -0.271
508.041 -0.272
508.119 -0.273
508.195 -0.274
508.272 -0.275
508.349 -0.276
508.425 -0.277
508.501 -0.278
508.577 -0.279
508.653 -0.28
508.728 -0.281
508.804 -0.282
508.879 -0.283
508.954 -0.284
509.029 -0.285
509.104 -0.286
509.179 -0.287
509.253 -0.288
509.328 -0.289
509.402 -0.29
509.476 -0.291
509.55 -0.292
509.624 -0.293
509.697 -0.294
509.771 -0.295
509.844 -0.296
509.916 -0.297
509.988 -0.298
510.059 -0.299
510.13 -0.3
510.201 -0.301
510.271 -0.302
510.342 -0.303
510.412 -0.304
510.482 -0.305
510.552 -0.306
510.622 -0.307
510.692 -0.308
510.761 -0.309
510.831 -0.31
510.9 -0.311
510.969 -0.312
511.038 -0.313
511.107 -0.314
511.176 -0.315
511.244 -0.316
511.313 -0.317
511.381 -0.318
511.449 -0.319
511.517 -0.32
511.585 -0.321
511.653 -0.322
511.72 -0.323
511.788 -0.324
511.856 -0.325
511.923 -0.326
511.99 -0.327
512.057 -0.328
512.124 -0.329
512.191 -0.33
512.258 -0.331
512.325 -0.332
512.391 -0.333
512.458 -0.334
512.524 -0.335
512.589 -0.336
512.655 -0.337
512.721 -0.338
512.786 -0.339
512.851 -0.34
512.916 -0.341
512.982 -0.342
513.046 -0.343
513.111 -0.344
513.176 -0.345
513.241 -0.346
513.305 -0.347
513.369 -0.348
513.433 -0.349
513.498 -0.35
513.562 -0.351
513.625 -0.352
513.689 -0.353
513.753 -0.354
513.816 -0.355
513.88 -0.356
513.943 -0.357
514.007 -0.358
514.07 -0.359
514.133 -0.36
514.196 -0.361
514.259 -0.362
514.322 -0.363
514.384 -0.364
514.447 -0.365
514.51 -0.366
514.572 -0.367
514.634 -0.368
514.697 -0.369
514.759 -0.37
514.821 -0.371
514.883 -0.372
514.945 -0.373
515.006 -0.374
515.068 -0.375
515.129 -0.376
515.191 -0.377
515.252 -0.378
515.313 -0.379
515.374 -0.38
515.435 -0.381
515.496 -0.382
515.557 -0.383
515.617 -0.384
515.677 -0.385
515.738 -0.386
515.797 -0.387
515.857 -0.388
515.917 -0.389
515.977 -0.39
516.036 -0.391
516.096 -0.392
516.155 -0.393
516.214 -0.394
516.274 -0.395
516.333 -0.396
516.392 -0.397
516.45 -0.398
516.509 -0.399
516.568 -0.4
516.627 -0.401
516.685 -0.402
516.744 -0.403
516.802 -0.404
516.86 -0.405
516.918 -0.406
516.976 -0.407
517.034 -0.408
517.092 -0.409
517.15 -0.41
517.207 -0.411
517.265 -0.412
517.322 -0.413
517.379 -0.414
517.436 -0.415
517.492 -0.416
517.549 -0.417
517.605 -0.418
517.661 -0.419
517.716 -0.42
517.771 -0.421
517.826 -0.422
517.88 -0.423
517.932 -0.424
517.981 -0.425
518.025 -0.426
518.064 -0.427
518.098 -0.428
518.144 -0.429
518.192 -0.43
518.239 -0.431
518.282 -0.432
518.322 -0.433
518.358 -0.434
518.391 -0.435
518.436 -0.436
518.481 -0.437
518.52 -0.438
518.558 -0.439
518.591 -0.44
518.623 -0.441
518.662 -0.442
518.696 -0.443
518.725 -0.444
518.748 -0.445
518.762 -0.446
518.812 -0.447
518.858 -0.448
518.9 -0.449
518.938 -0.45
518.974 -0.451
519.005 -0.452
519.04 -0.453
519.081 -0.454
519.12 -0.455
519.156 -0.456
519.191 -0.457
519.221 -0.458
519.263 -0.459
519.312 -0.46
519.359 -0.461
519.404 -0.462
519.448 -0.463
519.498 -0.464
519.556 -0.465
519.615 -0.466
519.672 -0.467
519.729 -0.468
519.784 -0.469
519.839 -0.47
519.895 -0.471
519.952 -0.472
520.004 -0.473
520.054 -0.474
520.103 -0.475
520.152 -0.476
520.201 -0.477
520.25 -0.478
520.299 -0.479
520.348 -0.48
520.397 -0.481
520.446 -0.482
520.494 -0.483
520.543 -0.484
520.592 -0.485
520.641 -0.486
520.69 -0.487
520.74 -0.488
520.789 -0.489
520.838 -0.49
520.887 -0.491
520.936 -0.492
520.985 -0.493
521.034 -0.494
521.083 -0.495
521.132 -0.496
521.182 -0.497
521.231 -0.498
521.28 -0.499
521.329 -0.5
521.378 -0.501
521.427 -0.502
521.476 -0.503
521.525 -0.504
521.573 -0.505
521.622 -0.506
521.671 -0.507
521.72 -0.508
521.769 -0.509
521.818 -0.51
521.866 -0.511
521.915 -0.512
521.964 -0.513
522.013 -0.514
522.061 -0.515
522.11 -0.516
522.159 -0.517
522.207 -0.518
522.256 -0.519
522.305 -0.52
522.353 -0.521
522.401 -0.522
522.45 -0.523
522.498 -0.524
522.547 -0.525
522.595 -0.526
522.643 -0.527
522.692 -0.528
522.74 -0.529
522.789 -0.53
522.837 -0.531
522.885 -0.532
522.933 -0.533
522.982 -0.534
523.03 -0.535
523.078 -0.536
523.127 -0.537
523.175 -0.538
523.224 -0.539
523.272 -0.54
523.32 -0.541
523.369 -0.542
523.417 -0.543
523.465 -0.544
523.514 -0.545
523.562 -0.546
523.61 -0.547
523.659 -0.548
523.707 -0.549
523.755 -0.55
523.803 -0.551
523.852 -0.552
523.9 -0.553
523.948 -0.554
523.996 -0.555
524.044 -0.556
524.092 -0.557
524.14 -0.558
524.189 -0.559
524.237 -0.56
524.285 -0.561
524.333 -0.562
524.382 -0.563
524.43 -0.564
524.479 -0.565
524.527 -0.566
524.576 -0.567
524.625 -0.568
524.673 -0.569
524.722 -0.57
524.771 -0.571
524.819 -0.572
524.868 -0.573
524.917 -0.574
524.965 -0.575
525.014 -0.576
525.063 -0.577
525.111 -0.578
525.16 -0.579
525.209 -0.58
525.258 -0.581
525.307 -0.582
525.356 -0.583
525.404 -0.584
525.453 -0.585
525.503 -0.586
525.552 -0.587
525.601 -0.588
525.651 -0.589
525.7 -0.59
525.75 -0.591
525.799 -0.592
525.849 -0.593
525.898 -0.594
525.948 -0.595
525.997 -0.596
526.047 -0.597
526.096 -0.598
526.146 -0.599
526.196 -0.6
526.245 -0.601
526.295 -0.602
526.345 -0.603
526.395 -0.604
526.445 -0.605
526.495 -0.606
526.545 -0.607
526.596 -0.608
526.646 -0.609
526.696 -0.61
526.747 -0.611
526.797 -0.612
526.848 -0.613
526.898 -0.614
526.949 -0.615
526.999 -0.616
527.05 -0.617
527.101 -0.618
527.152 -0.619
527.202 -0.62
527.253 -0.621
527.304 -0.622
527.355 -0.623
527.406 -0.624
527.457 -0.625
527.508 -0.626
527.559 -0.627
527.61 -0.628
527.661 -0.629
527.713 -0.63
527.764 -0.631
527.815 -0.632
527.867 -0.633
527.918 -0.634
527.97 -0.635
528.022 -0.636
528.074 -0.637
528.126 -0.638
528.179 -0.639
528.231 -0.64
528.284 -0.641
528.337 -0.642
528.39 -0.643
528.443 -0.644
528.496 -0.645
528.55 -0.646
528.603 -0.647
528.657 -0.648
528.711 -0.649
528.765 -0.65
528.819 -0.651
528.873 -0.652
528.928 -0.653
528.982 -0.654
529.036 -0.655
529.091 -0.656
529.145 -0.657
529.2 -0.658
529.254 -0.659
529.309 -0.66
529.364 -0.661
529.419 -0.662
529.474 -0.663
529.529 -0.664
529.584 -0.665
529.639 -0.666
529.694 -0.667
529.749 -0.668
529.804 -0.669
529.86 -0.67
529.915 -0.671
529.971 -0.672
530.026 -0.673
530.082 -0.674
530.138 -0.675
530.193 -0.676
530.249 -0.677
530.304 -0.678
530.36 -0.679
530.416 -0.68
530.472 -0.681
530.528 -0.682
530.584 -0.683
530.64 -0.684
530.696 -0.685
530.752 -0.686
530.808 -0.687
530.865 -0.688
530.921 -0.689
530.977 -0.69
531.033 -0.691
531.09 -0.692
531.146 -0.693
531.203 -0.694
531.259 -0.695
531.316 -0.696
531.372 -0.697
531.429 -0.698
531.485 -0.699
531.542 -0.7
531.598 -0.701
531.655 -0.702
531.712 -0.703
531.769 -0.704
531.826 -0.705
531.883 -0.706
531.941 -0.707
531.998 -0.708
532.056 -0.709
532.114 -0.71
532.172 -0.711
532.23 -0.712
532.288 -0.713
532.346 -0.714
532.404 -0.715
532.462 -0.716
532.519 -0.717
532.576 -0.718
532.632 -0.719
532.686 -0.72
532.736 -0.721
532.78 -0.722
532.819 -0.723
532.851 -0.724
532.879 -0.725
532.9 -0.726
532.915 -0.727
532.929 -0.728
532.936 -0.729
532.927 -0.73
532.91 -0.731
532.88 -0.732
532.843 -0.733
532.839 -0.734
532.83 -0.735
532.814 -0.736
532.815 -0.737
532.815 -0.738
532.807 -0.739
532.794 -0.74
532.784 -0.741
532.772 -0.742
532.788 -0.743
532.822 -0.744
532.857 -0.745
532.909 -0.746
532.974 -0.747
533.038 -0.748
533.1 -0.749
533.17 -0.75
533.25 -0.751
533.328 -0.752
533.403 -0.753
533.48 -0.754
533.562 -0.755
533.643 -0.756
533.724 -0.757
533.805 -0.758
533.886 -0.759
533.972 -0.76
534.054 -0.761
534.137 -0.762
534.217 -0.763
534.295 -0.764
534.374 -0.765
534.455 -0.766
534.536 -0.767
534.618 -0.768
534.699 -0.769
534.781 -0.77
534.862 -0.771
534.942 -0.772
535.022 -0.773
535.102 -0.774
535.182 -0.775
535.261 -0.776
535.34 -0.777
535.419 -0.778
535.497 -0.779
535.575 -0.78
535.651 -0.781
535.727 -0.782
535.803 -0.783
535.877 -0.784
535.951 -0.785
536.025 -0.786
536.097 -0.787
536.169 -0.788
536.24 -0.789
536.311 -0.79
536.382 -0.791
536.453 -0.792
536.523 -0.793
536.592 -0.794
536.661 -0.795
536.731 -0.796
536.801 -0.797
536.871 -0.798
536.941 -0.799
537.011 -0.8
537.082 -0.801
537.152 -0.802
537.223 -0.803
537.294 -0.804
537.366 -0.805
537.437 -0.806
537.509 -0.807
537.581 -0.808
537.653 -0.809
537.726 -0.81
537.798 -0.811
537.871 -0.812
537.944 -0.813
538.016 -0.814
538.089 -0.815
538.162 -0.816
538.234 -0.817
538.307 -0.818
538.378 -0.819
538.449 -0.82
538.519 -0.821
538.587 -0.822
538.652 -0.823
538.716 -0.824
538.785 -0.825
538.853 -0.826
538.92 -0.827
538.985 -0.828
539.048 -0.829
539.11 -0.83
539.169 -0.831
539.231 -0.832
539.296 -0.833
539.359 -0.834
539.423 -0.835
539.485 -0.836
539.559 -0.837
539.633 -0.838
539.708 -0.839
539.789 -0.84
539.872 -0.841
539.954 -0.842
540.036 -0.843
540.119 -0.844
540.201 -0.845
540.281 -0.846
540.359 -0.847
540.435 -0.848
540.511 -0.849
540.592 -0.85
540.669 -0.851
540.743 -0.852
540.816 -0.853
540.887 -0.854
540.958 -0.855
541.028 -0.856
541.103 -0.857
541.18 -0.858
541.257 -0.859
541.335 -0.86
541.413 -0.861
541.497 -0.862
541.582 -0.863
541.667 -0.864
541.752 -0.865
541.842 -0.866
541.932 -0.867
542.022 -0.868
542.113 -0.869
542.205 -0.87
542.296 -0.871
542.387 -0.872
542.477 -0.873
542.568 -0.874
542.655 -0.875
542.743 -0.876
542.831 -0.877
542.919 -0.878
543.007 -0.879
543.095 -0.88
543.184 -0.881
543.273 -0.882
543.362 -0.883
543.451 -0.884
543.54 -0.885
543.63 -0.886
543.719 -0.887
543.809 -0.888
543.899 -0.889
543.99 -0.89
544.08 -0.891
544.171 -0.892
544.262 -0.893
544.353 -0.894
544.444 -0.895
544.536 -0.896
544.627 -0.897
544.719 -0.898
544.811 -0.899
544.903 -0.9
544.996 -0.901
545.088 -0.902
545.181 -0.903
545.274 -0.904
545.368 -0.905
545.461 -0.906
545.555 -0.907
545.648 -0.908
545.742 -0.909
545.837 -0.91
545.931 -0.911
546.026 -0.912
546.12 -0.913
546.215 -0.914
546.311 -0.915
546.406 -0.916
546.502 -0.917
546.597 -0.918
546.693 -0.919
546.79 -0.92
546.886 -0.921
546.983 -0.922
547.079 -0.923
547.176 -0.924
547.273 -0.925
547.371 -0.926
547.468 -0.927
547.566 -0.928
547.664 -0.929
547.762 -0.93
547.86 -0.931
547.958 -0.932
548.057 -0.933
548.156 -0.934
548.255 -0.935
548.354 -0.936
548.453 -0.937
548.553 -0.938
548.653 -0.939
548.753 -0.94
548.853 -0.941
548.953 -0.942
549.054 -0.943
549.155 -0.944
549.256 -0.945
549.357 -0.946
549.458 -0.947
549.56 -0.948
549.661 -0.949
549.763 -0.95
549.866 -0.951
549.968 -0.952
550.07 -0.953
550.173 -0.954
550.276 -0.955
550.379 -0.956
550.482 -0.957
550.586 -0.958
550.689 -0.959
550.792 -0.96
550.896 -0.961
550.999 -0.962
551.103 -0.963
551.207 -0.964
551.31 -0.965
551.413 -0.966
551.516 -0.967
551.616 -0.968
551.714 -0.969
551.806 -0.97
551.892 -0.971
551.974 -0.972
552.052 -0.973
552.128 -0.974
552.203 -0.975
552.277 -0.976
552.35 -0.977
552.422 -0.978
552.495 -0.979
552.568 -0.98
552.641 -0.981
552.714 -0.982
552.788 -0.983
552.862 -0.984
552.936 -0.985
553.032 -0.986
553.128 -0.987
553.228 -0.988
553.336 -0.989
553.447 -0.99
553.568 -0.991
553.696 -0.992
553.832 -0.993
553.976 -0.994
554.126 -0.995
554.266 -0.996
554.395 -0.997
554.523 -0.998
554.653 -0.999
554.782 -1
554.912 -1.001
555.042 -1.002
555.172 -1.003
555.302 -1.004
555.432 -1.005
555.563 -1.006
555.693 -1.007
555.824 -1.008
555.954 -1.009
556.077 -1.01
556.195 -1.011
556.313 -1.012
556.43 -1.013
556.548 -1.014
556.665 -1.015
556.783 -1.016
556.901 -1.017
557.019 -1.018
557.137 -1.019
557.256 -1.02
557.374 -1.021
557.491 -1.022
557.608 -1.023
557.722 -1.024
557.832 -1.025
557.935 -1.026
558.033 -1.027
558.126 -1.028
558.217 -1.029
558.306 -1.03
558.395 -1.031
558.481 -1.032
558.567 -1.033
558.651 -1.034
558.739 -1.035
558.828 -1.036
558.917 -1.037
559.008 -1.038
559.101 -1.039
559.195 -1.04
559.291 -1.041
559.389 -1.042
559.489 -1.043
559.608 -1.044
559.727 -1.045
559.854 -1.046
559.984 -1.047
560.124 -1.048
560.271 -1.049
560.427 -1.05
560.59 -1.051
560.759 -1.052
560.927 -1.053
561.075 -1.054
561.22 -1.055
561.366 -1.056
561.512 -1.057
561.658 -1.058
561.804 -1.059
561.951 -1.06
562.098 -1.061
562.245 -1.062
562.392 -1.063
562.539 -1.064
562.686 -1.065
562.834 -1.066
562.982 -1.067
563.123 -1.068
563.258 -1.069
563.393 -1.07
563.528 -1.071
563.664 -1.072
563.8 -1.073
563.936 -1.074
564.072 -1.075
564.208 -1.076
564.345 -1.077
564.482 -1.078
564.62 -1.079
564.757 -1.08
564.895 -1.081
565.034 -1.082
565.172 -1.083
565.311 -1.084
565.451 -1.085
565.59 -1.086
565.73 -1.087
565.871 -1.088
566.012 -1.089
566.153 -1.09
566.294 -1.091
566.436 -1.092
566.578 -1.093
566.721 -1.094
566.865 -1.095
567.008 -1.096
567.152 -1.097
567.296 -1.098
567.441 -1.099
567.586 -1.1
