16.5589 -0.001
33.0859 -0.002
49.5805 -0.003
66.0423 -0.004
82.4706 -0.005
98.8648 -0.006
115.225 -0.007
131.549 -0.008
147.838 -0.009
164.09 -0.01
180.305 -0.011
196.482 -0.012
212.621 -0.013
228.72 -0.014
244.721 -0.015
258.292 -0.016
267.12 -0.017
275.713 -0.018
284.195 -0.019
292.533 -0.02
300.435 -0.021
307.566 -0.022
313.344 -0.023
318.197 -0.024
322.98 -0.025
327.684 -0.026
332.298 -0.027
336.83 -0.028
341.33 -0.029
345.821 -0.03
350.303 -0.031
354.774 -0.032
359.229 -0.033
363.661 -0.034
368.067 -0.035
372.449 -0.036
376.801 -0.037
381.131 -0.038
385.431 -0.039
389.705 -0.04
393.953 -0.041
398.177 -0.042
402.384 -0.043
406.578 -0.044
410.762 -0.045
414.939 -0.046
419.11 -0.047
423.276 -0.048
427.436 -0.049
431.59 -0.05
435.74 -0.051
439.886 -0.052
444.027 -0.053
448.164 -0.054
452.296 -0.055
456.423 -0.056
460.546 -0.057
464.665 -0.058
468.778 -0.059
472.888 -0.06
476.992 -0.061
481.084 -0.062
485.117 -0.063
488.945 -0.064
492.467 -0.065
495.522 -0.066
498.064 -0.067
499.93 -0.068
501.166 -0.069
502.191 -0.07
502.976 -0.071
503.491 -0.072
503.897 -0.073
504.286 -0.074
504.661 -0.075
505.021 -0.076
505.37 -0.077
505.712 -0.078
506.048 -0.079
506.376 -0.08
506.696 -0.081
507.013 -0.082
507.328 -0.083
507.64 -0.084
507.95 -0.085
508.252 -0.086
508.551 -0.087
508.849 -0.088
509.144 -0.089
509.436 -0.09
509.728 -0.091
510.014 -0.092
510.298 -0.093
510.575 -0.094
510.851 -0.095
511.124 -0.096
511.391 -0.097
511.657 -0.098
511.92 -0.099
512.181 -0.1
512.435 -0.101
512.685 -0.102
512.932 -0.103
513.176 -0.104
513.415 -0.105
513.65 -0.106
513.882 -0.107
514.113 -0.108
514.34 -0.109
514.562 -0.11
514.78 -0.111
514.996 -0.112
515.209 -0.113
515.418 -0.114
515.621 -0.115
515.822 -0.116
516.021 -0.117
516.218 -0.118
516.414 -0.119
516.606 -0.12
516.796 -0.121
516.984 -0.122
517.17 -0.123
517.356 -0.124
517.539 -0.125
517.72 -0.126
517.899 -0.127
518.076 -0.128
518.252 -0.129
518.428 -0.13
518.603 -0.131
518.777 -0.132
518.95 -0.133
519.122 -0.134
519.293 -0.135
519.464 -0.136
519.634 -0.137
519.803 -0.138
519.972 -0.139
520.139 -0.14
520.305 -0.141
520.471 -0.142
520.637 -0.143
520.802 -0.144
520.967 -0.145
521.131 -0.146
521.295 -0.147
521.459 -0.148
521.622 -0.149
521.784 -0.15
521.947 -0.151
522.109 -0.152
522.27 -0.153
522.431 -0.154
522.592 -0.155
522.753 -0.156
522.914 -0.157
523.074 -0.158
523.234 -0.159
523.393 -0.16
523.553 -0.161
523.712 -0.162
523.87 -0.163
524.028 -0.164
524.186 -0.165
524.344 -0.166
524.501 -0.167
524.657 -0.168
524.814 -0.169
524.97 -0.17
525.126 -0.171
525.281 -0.172
525.436 -0.173
525.591 -0.174
525.746 -0.175
525.9 -0.176
526.054 -0.177
526.208 -0.178
526.362 -0.179
526.515 -0.18
526.668 -0.181
526.82 -0.182
526.972 -0.183
527.124 -0.184
527.276 -0.185
527.427 -0.186
527.578 -0.187
527.729 -0.188
527.879 -0.189
528.029 -0.19
528.179 -0.191
528.329 -0.192
528.478 -0.193
528.626 -0.194
528.775 -0.195
528.923 -0.196
529.07 -0.197
529.217 -0.198
529.364 -0.199
529.511 -0.2
529.657 -0.201
529.803 -0.202
529.949 -0.203
530.094 -0.204
530.239 -0.205
530.384 -0.206
530.529 -0.207
530.673 -0.208
530.817 -0.209
530.961 -0.21
531.104 -0.211
531.247 -0.212
531.39 -0.213
531.533 -0.214
531.675 -0.215
531.817 -0.216
531.959 -0.217
532.1 -0.218
532.242 -0.219
532.383 -0.22
532.523 -0.221
532.664 -0.222
532.804 -0.223
532.944 -0.224
533.084 -0.225
533.223 -0.226
533.362 -0.227
533.501 -0.228
533.639 -0.229
533.778 -0.23
533.915 -0.231
534.053 -0.232
534.191 -0.233
534.328 -0.234
534.464 -0.235
534.601 -0.236
534.737 -0.237
534.873 -0.238
535.008 -0.239
535.144 -0.24
535.279 -0.241
535.414 -0.242
535.549 -0.243
535.683 -0.244
535.817 -0.245
535.951 -0.246
536.085 -0.247
536.219 -0.248
536.352 -0.249
536.485 -0.25
536.618 -0.251
536.751 -0.252
536.883 -0.253
537.016 -0.254
537.148 -0.255
537.279 -0.256
537.411 -0.257
537.542 -0.258
537.674 -0.259
537.805 -0.26
537.935 -0.261
538.066 -0.262
538.196 -0.263
538.326 -0.264
538.456 -0.265
538.586 -0.266
538.715 -0.267
538.845 -0.268
538.973 -0.269
539.102 -0.27
539.23 -0.271
539.358 -0.272
539.486 -0.273
539.613 -0.274
539.74 -0.275
539.867 -0.276
539.993 -0.277
540.118 -0.278
540.244 -0.279
540.369 -0.28
540.495 -0.281
540.62 -0.282
540.746 -0.283
540.87 -0.284
540.995 -0.285
541.119 -0.286
541.243 -0.287
541.366 -0.288
541.488 -0.289
541.61 -0.29
541.731 -0.291
541.851 -0.292
541.971 -0.293
542.092 -0.294
542.213 -0.295
542.334 -0.296
542.456 -0.297
542.576 -0.298
542.695 -0.299
542.815 -0.3
542.933 -0.301
543.051 -0.302
543.168 -0.303
543.284 -0.304
543.4 -0.305
543.517 -0.306
543.635 -0.307
543.753 -0.308
543.871 -0.309
543.988 -0.31
544.104 -0.311
544.219 -0.312
544.333 -0.313
544.447 -0.314
544.56 -0.315
544.671 -0.316
544.786 -0.317
544.902 -0.318
545.016 -0.319
545.13 -0.32
545.243 -0.321
545.356 -0.322
545.468 -0.323
545.579 -0.324
545.689 -0.325
545.802 -0.326
545.916 -0.327
546.031 -0.328
546.146 -0.329
546.26 -0.33
546.373 -0.331
546.487 -0.332
546.6 -0.333
546.714 -0.334
546.827 -0.335
546.942 -0.336
547.057 -0.337
547.171 -0.338
547.286 -0.339
547.401 -0.34
547.516 -0.341
547.631 -0.342
547.746 -0.343
547.861 -0.344
547.975 -0.345
548.089 -0.346
548.203 -0.347
548.318 -0.348
548.434 -0.349
548.549 -0.35
548.664 -0.351
548.778 -0.352
548.892 -0.353
549.005 -0.354
549.118 -0.355
549.231 -0.356
549.343 -0.357
549.454 -0.358
549.565 -0.359
549.673 -0.36
549.77 -0.361
549.855 -0.362
549.962 -0.363
550.068 -0.364
550.172 -0.365
550.273 -0.366
550.368 -0.367
550.448 -0.368
550.549 -0.369
550.636 -0.37
550.704 -0.371
550.78 -0.372
550.889 -0.373
550.989 -0.374
551.087 -0.375
551.177 -0.376
551.258 -0.377
551.359 -0.378
551.462 -0.379
551.561 -0.38
551.65 -0.381
551.763 -0.382
551.872 -0.383
551.981 -0.384
552.091 -0.385
552.2 -0.386
552.306 -0.387
552.418 -0.388
552.535 -0.389
552.652 -0.39
552.768 -0.391
552.884 -0.392
553 -0.393
553.117 -0.394
553.234 -0.395
553.349 -0.396
553.464 -0.397
553.579 -0.398
553.695 -0.399
553.809 -0.4
553.926 -0.401
554.043 -0.402
554.159 -0.403
554.274 -0.404
554.388 -0.405
554.501 -0.406
554.612 -0.407
554.726 -0.408
554.842 -0.409
554.956 -0.41
555.074 -0.411
555.191 -0.412
555.307 -0.413
555.422 -0.414
555.537 -0.415
555.65 -0.416
555.761 -0.417
555.87 -0.418
555.987 -0.419
556.105 -0.42
556.222 -0.421
556.34 -0.422
556.457 -0.423
556.573 -0.424
556.687 -0.425
556.804 -0.426
556.921 -0.427
557.038 -0.428
557.155 -0.429
557.271 -0.43
557.387 -0.431
557.503 -0.432
557.617 -0.433
557.729 -0.434
557.844 -0.435
557.96 -0.436
558.075 -0.437
558.189 -0.438
558.302 -0.439
558.414 -0.44
558.53 -0.441
558.646 -0.442
558.762 -0.443
558.877 -0.444
558.992 -0.445
559.106 -0.446
559.219 -0.447
559.331 -0.448
559.447 -0.449
559.564 -0.45
559.681 -0.451
559.798 -0.452
559.915 -0.453
560.032 -0.454
560.149 -0.455
560.268 -0.456
560.386 -0.457
560.505 -0.458
560.624 -0.459
560.743 -0.46
560.862 -0.461
560.981 -0.462
561.1 -0.463
561.22 -0.464
561.341 -0.465
561.462 -0.466
561.583 -0.467
561.704 -0.468
561.826 -0.469
561.947 -0.47
562.068 -0.471
562.189 -0.472
562.311 -0.473
562.433 -0.474
562.555 -0.475
562.678 -0.476
562.801 -0.477
562.924 -0.478
563.048 -0.479
563.172 -0.48
563.296 -0.481
563.42 -0.482
563.544 -0.483
563.668 -0.484
563.794 -0.485
563.919 -0.486
564.045 -0.487
564.171 -0.488
564.297 -0.489
564.422 -0.49
564.549 -0.491
564.675 -0.492
564.801 -0.493
564.928 -0.494
565.055 -0.495
565.181 -0.496
565.308 -0.497
565.435 -0.498
565.562 -0.499
565.69 -0.5
565.817 -0.501
565.945 -0.502
566.072 -0.503
566.2 -0.504
566.328 -0.505
566.456 -0.506
566.584 -0.507
566.712 -0.508
566.841 -0.509
566.969 -0.51
567.098 -0.511
567.226 -0.512
567.355 -0.513
567.483 -0.514
567.612 -0.515
567.741 -0.516
567.87 -0.517
567.999 -0.518
568.128 -0.519
568.257 -0.52
568.386 -0.521
568.515 -0.522
568.644 -0.523
568.773 -0.524
568.902 -0.525
569.031 -0.526
569.16 -0.527
569.289 -0.528
569.419 -0.529
569.548 -0.53
569.677 -0.531
569.807 -0.532
569.936 -0.533
570.065 -0.534
570.195 -0.535
570.324 -0.536
570.454 -0.537
570.583 -0.538
570.712 -0.539
570.842 -0.54
570.971 -0.541
571.101 -0.542
571.23 -0.543
571.36 -0.544
571.489 -0.545
571.618 -0.546
571.748 -0.547
571.877 -0.548
572.006 -0.549
572.134 -0.55
572.263 -0.551
572.392 -0.552
572.521 -0.553
572.65 -0.554
572.778 -0.555
572.907 -0.556
573.035 -0.557
573.164 -0.558
573.292 -0.559
573.421 -0.56
573.549 -0.561
573.678 -0.562
573.806 -0.563
573.934 -0.564
574.063 -0.565
574.19 -0.566
574.318 -0.567
574.446 -0.568
574.572 -0.569
574.699 -0.57
574.824 -0.571
574.948 -0.572
575.068 -0.573
575.183 -0.574
575.284 -0.575
575.375 -0.576
575.453 -0.577
575.515 -0.578
575.571 -0.579
575.594 -0.58
575.684 -0.581
575.781 -0.582
575.866 -0.583
575.938 -0.584
575.996 -0.585
576.019 -0.586
576.118 -0.587
576.244 -0.588
576.371 -0.589
576.498 -0.59
576.624 -0.591
576.748 -0.592
576.873 -0.593
576.996 -0.594
577.118 -0.595
577.239 -0.596
577.361 -0.597
577.482 -0.598
577.602 -0.599
577.717 -0.6
577.833 -0.601
577.947 -0.602
578.062 -0.603
578.175 -0.604
578.285 -0.605
578.391 -0.606
578.497 -0.607
578.602 -0.608
578.706 -0.609
578.809 -0.61
578.911 -0.611
579.012 -0.612
579.111 -0.613
579.209 -0.614
579.305 -0.615
579.4 -0.616
579.493 -0.617
579.583 -0.618
579.672 -0.619
579.762 -0.62
579.876 -0.621
579.988 -0.622
580.099 -0.623
580.208 -0.624
580.317 -0.625
580.445 -0.626
580.595 -0.627
580.743 -0.628
580.891 -0.629
581.037 -0.63
581.19 -0.631
581.353 -0.632
581.514 -0.633
581.672 -0.634
581.828 -0.635
581.979 -0.636
582.135 -0.637
582.286 -0.638
582.434 -0.639
582.581 -0.64
582.727 -0.641
582.87 -0.642
583.013 -0.643
583.154 -0.644
583.293 -0.645
583.432 -0.646
583.564 -0.647
583.697 -0.648
583.829 -0.649
583.962 -0.65
584.095 -0.651
584.228 -0.652
584.361 -0.653
584.494 -0.654
584.626 -0.655
584.759 -0.656
584.892 -0.657
585.024 -0.658
585.157 -0.659
585.29 -0.66
585.423 -0.661
585.556 -0.662
585.688 -0.663
585.822 -0.664
585.955 -0.665
586.088 -0.666
586.221 -0.667
586.354 -0.668
586.488 -0.669
586.621 -0.67
586.755 -0.671
586.889 -0.672
587.023 -0.673
587.157 -0.674
587.291 -0.675
587.425 -0.676
587.56 -0.677
587.694 -0.678
587.829 -0.679
587.964 -0.68
588.099 -0.681
588.234 -0.682
588.37 -0.683
588.505 -0.684
588.64 -0.685
588.776 -0.686
588.912 -0.687
589.047 -0.688
589.183 -0.689
589.318 -0.69
589.434 -0.691
589.501 -0.692
589.482 -0.693
589.348 -0.694
589.11 -0.695
588.807 -0.696
588.495 -0.697
588.182 -0.698
587.87 -0.699
587.557 -0.7
