21.803 -0.001
43.5299 -0.002
65.1808 -0.003
86.7558 -0.004
108.255 -0.005
129.678 -0.006
151.026 -0.007
172.299 -0.008
193.496 -0.009
214.618 -0.01
235.664 -0.011
256.636 -0.012
277.533 -0.013
298.354 -0.014
319.101 -0.015
339.773 -0.016
360.371 -0.017
380.894 -0.018
401.342 -0.019
421.716 -0.02
442.016 -0.021
462.241 -0.022
482.392 -0.023
502.469 -0.024
522.472 -0.025
542.4 -0.026
562.255 -0.027
582.035 -0.028
601.742 -0.029
621.374 -0.03
640.933 -0.031
660.417 -0.032
679.828 -0.033
699.165 -0.034
718.428 -0.035
737.617 -0.036
756.732 -0.037
775.773 -0.038
794.74 -0.039
813.634 -0.04
832.453 -0.041
851.199 -0.042
869.586 -0.043
887.151 -0.044
903.56 -0.045
918.542 -0.046
931.698 -0.047
944.745 -0.048
957.718 -0.049
970.621 -0.05
983.458 -0.051
996.207 -0.052
1008.88 -0.053
1021.46 -0.054
1033.85 -0.055
1045.89 -0.056
1057.5 -0.057
1068.43 -0.058
1078.8 -0.059
1088.27 -0.06
1097.25 -0.061
1105.48 -0.062
1112.1 -0.063
1118.23 -0.064
1123.65 -0.065
1128.79 -0.066
1133.81 -0.067
1138.74 -0.068
1143.54 -0.069
1147.82 -0.07
1151.99 -0.071
1156.1 -0.072
1160.15 -0.073
1164.1 -0.074
1167.8 -0.075
1171.2 -0.076
1174.55 -0.077
1177.61 -0.078
1180.56 -0.079
1183.23 -0.08
1185.83 -0.081
1188.33 -0.082
1190.44 -0.083
1192.43 -0.084
1194.38 -0.085
1196.3 -0.086
1198.15 -0.087
1199.93 -0.088
1201.65 -0.089
1203.33 -0.09
1204.96 -0.091
1206.26 -0.092
1207.34 -0.093
1208.36 -0.094
1209.26 -0.095
1210.01 -0.096
1210.7 -0.097
1211.34 -0.098
1211.95 -0.099
1212.53 -0.1
1213.06 -0.101
1213.56 -0.102
1214.04 -0.103
1214.48 -0.104
1214.9 -0.105
1215.29 -0.106
1215.65 -0.107
1215.99 -0.108
1216.23 -0.109
1216.36 -0.11
1216.4 -0.111
1216.4 -0.112
1216.38 -0.113
1216.34 -0.114
1216.27 -0.115
1216.19 -0.116
1216.09 -0.117
1215.97 -0.118
1215.82 -0.119
1215.64 -0.12
1215.45 -0.121
1215.25 -0.122
1215.03 -0.123
1214.81 -0.124
1214.56 -0.125
1214.31 -0.126
1214.02 -0.127
1213.7 -0.128
1213.35 -0.129
1212.99 -0.13
1212.61 -0.131
1212.22 -0.132
1211.82 -0.133
1211.42 -0.134
1211 -0.135
1210.58 -0.136
1210.15 -0.137
1209.72 -0.138
1209.27 -0.139
1208.83 -0.14
1208.37 -0.141
1207.91 -0.142
1207.44 -0.143
1206.96 -0.144
1206.48 -0.145
1205.98 -0.146
1205.49 -0.147
1204.98 -0.148
1204.47 -0.149
1203.96 -0.15
1203.43 -0.151
1202.9 -0.152
1202.37 -0.153
1201.83 -0.154
1201.29 -0.155
1200.75 -0.156
1200.2 -0.157
1199.66 -0.158
1199.11 -0.159
1198.55 -0.16
1197.99 -0.161
1197.43 -0.162
1196.86 -0.163
1196.29 -0.164
1195.71 -0.165
1195.13 -0.166
1194.53 -0.167
1193.93 -0.168
1193.33 -0.169
1192.72 -0.17
1192.11 -0.171
1191.5 -0.172
1190.89 -0.173
1190.28 -0.174
1189.66 -0.175
1189.05 -0.176
1188.43 -0.177
1187.82 -0.178
1187.2 -0.179
1186.58 -0.18
1185.96 -0.181
1185.34 -0.182
1184.72 -0.183
1184.1 -0.184
1183.48 -0.185
1182.85 -0.186
1182.23 -0.187
1181.6 -0.188
1180.98 -0.189
1180.35 -0.19
1179.73 -0.191
1179.1 -0.192
1178.47 -0.193
1177.85 -0.194
1177.22 -0.195
1176.6 -0.196
1175.98 -0.197
1175.35 -0.198
1174.73 -0.199
1174.1 -0.2
1173.48 -0.201
1172.86 -0.202
1172.24 -0.203
1171.61 -0.204
1170.99 -0.205
1170.36 -0.206
1169.73 -0.207
1169.11 -0.208
1168.48 -0.209
1167.86 -0.21
1167.23 -0.211
1166.61 -0.212
1165.98 -0.213
1165.36 -0.214
1164.73 -0.215
1164.11 -0.216
1163.48 -0.217
1162.86 -0.218
1162.24 -0.219
1161.62 -0.22
1161 -0.221
1160.38 -0.222
1159.76 -0.223
1159.14 -0.224
1158.53 -0.225
1157.91 -0.226
1157.3 -0.227
1156.68 -0.228
1156.07 -0.229
1155.46 -0.23
1154.85 -0.231
1154.24 -0.232
1153.63 -0.233
1153.02 -0.234
1152.42 -0.235
1151.81 -0.236
1151.21 -0.237
1150.61 -0.238
1150 -0.239
1149.4 -0.24
1148.81 -0.241
1148.21 -0.242
1147.61 -0.243
1147.01 -0.244
1146.41 -0.245
1145.82 -0.246
1145.24 -0.247
1144.67 -0.248
1144.11 -0.249
1143.55 -0.25
1143 -0.251
1142.45 -0.252
1141.9 -0.253
1141.35 -0.254
1140.81 -0.255
1140.26 -0.256
1139.71 -0.257
1139.16 -0.258
1138.61 -0.259
1138.06 -0.26
1137.52 -0.261
1136.97 -0.262
1136.43 -0.263
1135.89 -0.264
1135.35 -0.265
1134.81 -0.266
1134.27 -0.267
1133.74 -0.268
1133.2 -0.269
1132.67 -0.27
1132.14 -0.271
1131.6 -0.272
1131.07 -0.273
1130.55 -0.274
1130.02 -0.275
1129.49 -0.276
1128.97 -0.277
1128.44 -0.278
1127.92 -0.279
1127.4 -0.28
1126.88 -0.281
1126.36 -0.282
1125.85 -0.283
1125.33 -0.284
1124.81 -0.285
1124.3 -0.286
1123.79 -0.287
1123.27 -0.288
1122.76 -0.289
1122.25 -0.29
1121.74 -0.291
1121.23 -0.292
1120.73 -0.293
1120.23 -0.294
1119.73 -0.295
1119.25 -0.296
1118.78 -0.297
1118.33 -0.298
1117.88 -0.299
1117.44 -0.3
1117.01 -0.301
1116.58 -0.302
1116.15 -0.303
1115.72 -0.304
1115.29 -0.305
1114.87 -0.306
1114.44 -0.307
1114.02 -0.308
1113.6 -0.309
1113.18 -0.31
1112.76 -0.311
1112.34 -0.312
1111.93 -0.313
1111.51 -0.314
1111.1 -0.315
1110.69 -0.316
1110.28 -0.317
1109.88 -0.318
1109.47 -0.319
1109.07 -0.32
1108.67 -0.321
1108.27 -0.322
1107.87 -0.323
1107.48 -0.324
1107.08 -0.325
1106.69 -0.326
1106.3 -0.327
1105.91 -0.328
1105.52 -0.329
1105.14 -0.33
1104.76 -0.331
1104.37 -0.332
1103.99 -0.333
1103.61 -0.334
1103.24 -0.335
1102.86 -0.336
1102.49 -0.337
1102.12 -0.338
1101.75 -0.339
1101.39 -0.34
1101.02 -0.341
1100.66 -0.342
1100.3 -0.343
1099.94 -0.344
1099.59 -0.345
1099.23 -0.346
1098.88 -0.347
1098.53 -0.348
1098.19 -0.349
1097.84 -0.35
1097.5 -0.351
1097.16 -0.352
1096.82 -0.353
1096.48 -0.354
1096.15 -0.355
1095.82 -0.356
1095.49 -0.357
1095.16 -0.358
1094.84 -0.359
1094.51 -0.36
1094.19 -0.361
1093.88 -0.362
1093.56 -0.363
1093.25 -0.364
1092.94 -0.365
1092.63 -0.366
1092.32 -0.367
1092.02 -0.368
1091.72 -0.369
1091.42 -0.37
1091.13 -0.371
1090.85 -0.372
1090.56 -0.373
1090.28 -0.374
1090 -0.375
1089.73 -0.376
1089.46 -0.377
1089.19 -0.378
1088.92 -0.379
1088.65 -0.38
1088.39 -0.381
1088.13 -0.382
1087.87 -0.383
1087.61 -0.384
1087.35 -0.385
1087.1 -0.386
1086.84 -0.387
1086.6 -0.388
1086.35 -0.389
1086.1 -0.39
1085.86 -0.391
1085.62 -0.392
1085.38 -0.393
1085.15 -0.394
1084.92 -0.395
1084.69 -0.396
1084.46 -0.397
1084.23 -0.398
1084 -0.399
1083.77 -0.4
1083.55 -0.401
1083.32 -0.402
1083.1 -0.403
1082.88 -0.404
1082.66 -0.405
1082.43 -0.406
1082.21 -0.407
1081.99 -0.408
1081.77 -0.409
1081.55 -0.41
1081.33 -0.411
1081.11 -0.412
1080.89 -0.413
1080.68 -0.414
1080.46 -0.415
1080.24 -0.416
1080.02 -0.417
1079.8 -0.418
1079.58 -0.419
1079.36 -0.42
1079.14 -0.421
1078.92 -0.422
1078.7 -0.423
1078.48 -0.424
1078.26 -0.425
1078.04 -0.426
1077.83 -0.427
1077.61 -0.428
1077.39 -0.429
1077.18 -0.43
1076.96 -0.431
1076.74 -0.432
1076.52 -0.433
1076.3 -0.434
1076.08 -0.435
1075.87 -0.436
1075.65 -0.437
1075.44 -0.438
1075.23 -0.439
1075.02 -0.44
1074.82 -0.441
1074.61 -0.442
1074.41 -0.443
1074.21 -0.444
1074 -0.445
1073.8 -0.446
1073.6 -0.447
1073.41 -0.448
1073.21 -0.449
1073.01 -0.45
1072.82 -0.451
1072.62 -0.452
1072.43 -0.453
1072.24 -0.454
1072.04 -0.455
1071.85 -0.456
1071.66 -0.457
1071.47 -0.458
1071.29 -0.459
1071.1 -0.46
1070.92 -0.461
1070.73 -0.462
1070.55 -0.463
1070.36 -0.464
1070.18 -0.465
1070 -0.466
1069.82 -0.467
1069.64 -0.468
1069.46 -0.469
1069.28 -0.47
1069.1 -0.471
1068.92 -0.472
1068.74 -0.473
1068.56 -0.474
1068.38 -0.475
1068.2 -0.476
1068.03 -0.477
1067.85 -0.478
1067.67 -0.479
1067.5 -0.48
1067.33 -0.481
1067.16 -0.482
1066.99 -0.483
1066.82 -0.484
1066.65 -0.485
1066.49 -0.486
1066.32 -0.487
1066.16 -0.488
1066 -0.489
1065.84 -0.49
1065.69 -0.491
1065.53 -0.492
1065.38 -0.493
1065.23 -0.494
1065.08 -0.495
1064.94 -0.496
1064.8 -0.497
1064.66 -0.498
1064.52 -0.499
1064.38 -0.5
1064.24 -0.501
1064.11 -0.502
1063.98 -0.503
1063.85 -0.504
1063.72 -0.505
1063.6 -0.506
1063.47 -0.507
1063.35 -0.508
1063.23 -0.509
1063.11 -0.51
1062.99 -0.511
1062.88 -0.512
1062.77 -0.513
1062.66 -0.514
1062.55 -0.515
1062.44 -0.516
1062.34 -0.517
1062.24 -0.518
1062.14 -0.519
1062.04 -0.52
1061.95 -0.521
1061.85 -0.522
1061.76 -0.523
1061.67 -0.524
1061.59 -0.525
1061.5 -0.526
1061.42 -0.527
1061.34 -0.528
1061.26 -0.529
1061.18 -0.53
1061.11 -0.531
1061.04 -0.532
1060.97 -0.533
1060.9 -0.534
1060.84 -0.535
1060.78 -0.536
1060.72 -0.537
1060.66 -0.538
1060.6 -0.539
1060.55 -0.54
1060.5 -0.541
1060.45 -0.542
1060.4 -0.543
1060.36 -0.544
1060.32 -0.545
1060.27 -0.546
1060.24 -0.547
1060.2 -0.548
1060.17 -0.549
1060.14 -0.55
1060.11 -0.551
1060.08 -0.552
1060.06 -0.553
1060.04 -0.554
1060.02 -0.555
1060 -0.556
1059.99 -0.557
1059.98 -0.558
1059.97 -0.559
1059.97 -0.56
1059.97 -0.561
1059.97 -0.562
1059.97 -0.563
1059.98 -0.564
1059.98 -0.565
1060 -0.566
1060.01 -0.567
1060.02 -0.568
1060.04 -0.569
1060.05 -0.57
1060.07 -0.571
1060.09 -0.572
1060.1 -0.573
1060.12 -0.574
1060.15 -0.575
1060.17 -0.576
1060.19 -0.577
1060.21 -0.578
1060.24 -0.579
1060.26 -0.58
1060.29 -0.581
1060.31 -0.582
1060.34 -0.583
1060.37 -0.584
1060.41 -0.585
1060.44 -0.586
1060.48 -0.587
1060.52 -0.588
1060.56 -0.589
1060.6 -0.59
1060.64 -0.591
1060.67 -0.592
1060.71 -0.593
1060.74 -0.594
1060.77 -0.595
1060.8 -0.596
1060.82 -0.597
1060.84 -0.598
1060.86 -0.599
1060.89 -0.6
1060.92 -0.601
1060.95 -0.602
1060.98 -0.603
1061.02 -0.604
1061.06 -0.605
1061.1 -0.606
1061.14 -0.607
1061.19 -0.608
1061.23 -0.609
1061.26 -0.61
1061.29 -0.611
1061.32 -0.612
1061.34 -0.613
1061.37 -0.614
1061.4 -0.615
1061.43 -0.616
1061.47 -0.617
1061.51 -0.618
1061.55 -0.619
1061.59 -0.62
1061.64 -0.621
1061.69 -0.622
1061.74 -0.623
1061.79 -0.624
1061.85 -0.625
1061.9 -0.626
1061.97 -0.627
1062.03 -0.628
1062.1 -0.629
1062.16 -0.63
1062.24 -0.631
1062.31 -0.632
1062.39 -0.633
1062.47 -0.634
1062.55 -0.635
1062.64 -0.636
1062.73 -0.637
1062.82 -0.638
1062.91 -0.639
1063.01 -0.64
1063.11 -0.641
1063.21 -0.642
1063.32 -0.643
1063.42 -0.644
1063.54 -0.645
1063.65 -0.646
1063.77 -0.647
1063.89 -0.648
1064.01 -0.649
1064.14 -0.65
1064.27 -0.651
1064.4 -0.652
1064.53 -0.653
1064.67 -0.654
1064.81 -0.655
1064.96 -0.656
1065.11 -0.657
1065.26 -0.658
1065.41 -0.659
1065.57 -0.66
1065.72 -0.661
1065.87 -0.662
1066.01 -0.663
1066.14 -0.664
1066.26 -0.665
1066.37 -0.666
1066.48 -0.667
1066.6 -0.668
1066.71 -0.669
1066.82 -0.67
1066.93 -0.671
1067.05 -0.672
1067.17 -0.673
1067.28 -0.674
1067.41 -0.675
1067.53 -0.676
1067.66 -0.677
1067.79 -0.678
1067.92 -0.679
1068.05 -0.68
1068.19 -0.681
1068.33 -0.682
1068.48 -0.683
1068.62 -0.684
1068.77 -0.685
1068.92 -0.686
1069.08 -0.687
1069.23 -0.688
1069.39 -0.689
1069.56 -0.69
1069.72 -0.691
1069.89 -0.692
1070.06 -0.693
1070.24 -0.694
1070.41 -0.695
1070.58 -0.696
1070.75 -0.697
1070.92 -0.698
1071.08 -0.699
1071.23 -0.7
1071.4 -0.701
1071.56 -0.702
1071.73 -0.703
1071.9 -0.704
1072.07 -0.705
1072.24 -0.706
1072.42 -0.707
1072.6 -0.708
1072.78 -0.709
1072.96 -0.71
1073.14 -0.711
1073.33 -0.712
1073.51 -0.713
1073.7 -0.714
1073.89 -0.715
1074.09 -0.716
1074.28 -0.717
1074.49 -0.718
1074.69 -0.719
1074.89 -0.72
1075.1 -0.721
1075.32 -0.722
1075.53 -0.723
1075.75 -0.724
1075.97 -0.725
1076.2 -0.726
1076.42 -0.727
1076.66 -0.728
1076.89 -0.729
1077.13 -0.73
1077.37 -0.731
1077.61 -0.732
1077.85 -0.733
1078.1 -0.734
1078.36 -0.735
1078.61 -0.736
1078.87 -0.737
1079.13 -0.738
1079.39 -0.739
1079.66 -0.74
1079.93 -0.741
1080.2 -0.742
1080.47 -0.743
1080.74 -0.744
1081.01 -0.745
1081.27 -0.746
1081.49 -0.747
1081.69 -0.748
1081.87 -0.749
1082.04 -0.75
1082.19 -0.751
1082.31 -0.752
1082.4 -0.753
1082.48 -0.754
1082.55 -0.755
1082.6 -0.756
1082.66 -0.757
1082.71 -0.758
1082.77 -0.759
1082.84 -0.76
1082.9 -0.761
1082.97 -0.762
1083.11 -0.763
1083.41 -0.764
1083.72 -0.765
1084.05 -0.766
1084.59 -0.767
1085.11 -0.768
1085.6 -0.769
1086.1 -0.77
1086.58 -0.771
1087.02 -0.772
1087.46 -0.773
1087.9 -0.774
1088.35 -0.775
1088.79 -0.776
1089.25 -0.777
1089.71 -0.778
1090.14 -0.779
1090.56 -0.78
1090.98 -0.781
1091.4 -0.782
1091.77 -0.783
1092.15 -0.784
1092.54 -0.785
1092.93 -0.786
1093.32 -0.787
1093.71 -0.788
1094.1 -0.789
1094.5 -0.79
1094.91 -0.791
1095.31 -0.792
1095.72 -0.793
1096.13 -0.794
1096.55 -0.795
1096.95 -0.796
1097.36 -0.797
1097.76 -0.798
1098.16 -0.799
1098.57 -0.8
1098.98 -0.801
1099.39 -0.802
1099.81 -0.803
1100.23 -0.804
1100.65 -0.805
1101.08 -0.806
1101.51 -0.807
1101.95 -0.808
1102.39 -0.809
1102.83 -0.81
1103.28 -0.811
1103.73 -0.812
1104.19 -0.813
1104.65 -0.814
1105.11 -0.815
1105.56 -0.816
1106 -0.817
1106.44 -0.818
1106.88 -0.819
1107.33 -0.82
1107.78 -0.821
1108.23 -0.822
1108.69 -0.823
1109.15 -0.824
1109.61 -0.825
1110.08 -0.826
1110.55 -0.827
1111.02 -0.828
1111.5 -0.829
1111.98 -0.83
1112.47 -0.831
1112.96 -0.832
1113.46 -0.833
1113.96 -0.834
1114.46 -0.835
1114.96 -0.836
1115.47 -0.837
1115.99 -0.838
1116.51 -0.839
1117.03 -0.84
1117.56 -0.841
1118.08 -0.842
1118.62 -0.843
1119.15 -0.844
1119.69 -0.845
1120.24 -0.846
1120.78 -0.847
1121.32 -0.848
1121.84 -0.849
1122.34 -0.85
1122.8 -0.851
1123.23 -0.852
1123.62 -0.853
1124 -0.854
1124.38 -0.855
1124.76 -0.856
1125.15 -0.857
1125.69 -0.858
1126.31 -0.859
1127.06 -0.86
1127.83 -0.861
1128.56 -0.862
1129.27 -0.863
1129.98 -0.864
1130.67 -0.865
1131.34 -0.866
1131.98 -0.867
1132.6 -0.868
1133.23 -0.869
1133.87 -0.87
1134.5 -0.871
1135.15 -0.872
1135.79 -0.873
1136.44 -0.874
1137.1 -0.875
1137.75 -0.876
1138.42 -0.877
1139.09 -0.878
1139.76 -0.879
1140.44 -0.88
1141.12 -0.881
1141.8 -0.882
1142.49 -0.883
1143.18 -0.884
1143.87 -0.885
1144.57 -0.886
1145.27 -0.887
1145.98 -0.888
1146.69 -0.889
1147.41 -0.89
1148.14 -0.891
1148.86 -0.892
1149.59 -0.893
1150.33 -0.894
1151.07 -0.895
1151.81 -0.896
1152.56 -0.897
1153.31 -0.898
1154.07 -0.899
1154.83 -0.9
1155.6 -0.901
1156.36 -0.902
1157.13 -0.903
1157.9 -0.904
1158.66 -0.905
1159.43 -0.906
1160.19 -0.907
1160.96 -0.908
1161.73 -0.909
1162.5 -0.91
1163.27 -0.911
1164.05 -0.912
1164.84 -0.913
1165.63 -0.914
1166.42 -0.915
1167.21 -0.916
1168.02 -0.917
1168.82 -0.918
1169.63 -0.919
1170.44 -0.92
1171.26 -0.921
1172.08 -0.922
1172.91 -0.923
1173.74 -0.924
1174.58 -0.925
1175.42 -0.926
1176.26 -0.927
1177.12 -0.928
1177.97 -0.929
1178.83 -0.93
1179.69 -0.931
1180.56 -0.932
1181.44 -0.933
1182.31 -0.934
1183.19 -0.935
1184.08 -0.936
1184.97 -0.937
1185.87 -0.938
1186.76 -0.939
1187.67 -0.94
1188.57 -0.941
1189.48 -0.942
1190.4 -0.943
1191.31 -0.944
1192.24 -0.945
1193.17 -0.946
1194.1 -0.947
1195.04 -0.948
1195.98 -0.949
1196.92 -0.95
1197.88 -0.951
1198.83 -0.952
1199.79 -0.953
1200.76 -0.954
1201.73 -0.955
1202.7 -0.956
1203.68 -0.957
1204.66 -0.958
1205.65 -0.959
1206.64 -0.96
1207.63 -0.961
1208.63 -0.962
1209.64 -0.963
1210.64 -0.964
1211.64 -0.965
1212.65 -0.966
1213.66 -0.967
1214.67 -0.968
1215.69 -0.969
1216.7 -0.97
1217.72 -0.971
1218.74 -0.972
1219.76 -0.973
1220.78 -0.974
1221.81 -0.975
1222.84 -0.976
1223.87 -0.977
1224.91 -0.978
1225.95 -0.979
1227 -0.98
1228.05 -0.981
1229.11 -0.982
1230.17 -0.983
1231.23 -0.984
1232.3 -0.985
1233.37 -0.986
1234.44 -0.987
1235.52 -0.988
1236.6 -0.989
1237.69 -0.99
1238.77 -0.991
1239.87 -0.992
1240.97 -0.993
1242.07 -0.994
1243.18 -0.995
1244.29 -0.996
1245.41 -0.997
1246.53 -0.998
1247.66 -0.999
1248.79 -1
1249.93 -1.001
1251.07 -1.002
1252.21 -1.003
1253.36 -1.004
1254.51 -1.005
1255.66 -1.006
1256.82 -1.007
1257.97 -1.008
1259.14 -1.009
1260.3 -1.01
1261.47 -1.011
1262.65 -1.012
1263.82 -1.013
1265 -1.014
1266.18 -1.015
1267.37 -1.016
1268.56 -1.017
1269.75 -1.018
1270.95 -1.019
1272.14 -1.02
1273.34 -1.021
1274.55 -1.022
1275.76 -1.023
1276.97 -1.024
1278.19 -1.025
1279.41 -1.026
1280.63 -1.027
1281.85 -1.028
1283.09 -1.029
1284.32 -1.03
1285.56 -1.031
1286.8 -1.032
1288.05 -1.033
1289.3 -1.034
1290.55 -1.035
1291.81 -1.036
1293.06 -1.037
1294.32 -1.038
1295.59 -1.039
1296.86 -1.04
1298.13 -1.041
1299.41 -1.042
1300.69 -1.043
1301.97 -1.044
1303.26 -1.045
1304.54 -1.046
1305.83 -1.047
1307.12 -1.048
1308.42 -1.049
1309.71 -1.05
1311.01 -1.051
1312.32 -1.052
1313.62 -1.053
1314.94 -1.054
1316.25 -1.055
1317.57 -1.056
1318.89 -1.057
1320.22 -1.058
1321.55 -1.059
1322.88 -1.06
1324.22 -1.061
1325.56 -1.062
1326.91 -1.063
1328.26 -1.064
1329.61 -1.065
1330.97 -1.066
1332.33 -1.067
1333.7 -1.068
1335.07 -1.069
1336.44 -1.07
1337.82 -1.071
1339.2 -1.072
1340.59 -1.073
1341.98 -1.074
1343.38 -1.075
1344.78 -1.076
1346.18 -1.077
1347.59 -1.078
1349 -1.079
1350.41 -1.08
1351.83 -1.081
1353.25 -1.082
1354.68 -1.083
1356.11 -1.084
1357.54 -1.085
1358.98 -1.086
1360.42 -1.087
1361.86 -1.088
1363.31 -1.089
1364.76 -1.09
1366.2 -1.091
1367.65 -1.092
1369.1 -1.093
1370.55 -1.094
1372 -1.095
1373.45 -1.096
1374.9 -1.097
1376.36 -1.098
1377.81 -1.099
1379.27 -1.1
1380.73 -1.101
1382.19 -1.102
1383.66 -1.103
1385.12 -1.104
1386.59 -1.105
1388.06 -1.106
1389.54 -1.107
1391.03 -1.108
1392.51 -1.109
1394.01 -1.11
1395.51 -1.111
1397.01 -1.112
1398.52 -1.113
1400.03 -1.114
1401.55 -1.115
1403.07 -1.116
1404.6 -1.117
1406.13 -1.118
1407.67 -1.119
1409.21 -1.12
1410.75 -1.121
1412.29 -1.122
1413.83 -1.123
1415.38 -1.124
1416.92 -1.125
1418.47 -1.126
1420.01 -1.127
1421.54 -1.128
1423.07 -1.129
1424.6 -1.13
1426.12 -1.131
1427.65 -1.132
1429.16 -1.133
1430.67 -1.134
1432.18 -1.135
1433.68 -1.136
1435.18 -1.137
1436.69 -1.138
1438.18 -1.139
1439.65 -1.14
1441.13 -1.141
1442.6 -1.142
1444.07 -1.143
1445.53 -1.144
1446.99 -1.145
1448.45 -1.146
1449.89 -1.147
1451.33 -1.148
1452.78 -1.149
1454.24 -1.15
1455.69 -1.151
1457.15 -1.152
1458.62 -1.153
1460.09 -1.154
1461.56 -1.155
1463.03 -1.156
1464.51 -1.157
1466 -1.158
1467.48 -1.159
1468.97 -1.16
1470.47 -1.161
1471.97 -1.162
1473.48 -1.163
1474.98 -1.164
1476.5 -1.165
1478.01 -1.166
1479.54 -1.167
1481.06 -1.168
1482.59 -1.169
1484.13 -1.17
1485.67 -1.171
1487.21 -1.172
1488.76 -1.173
1490.31 -1.174
1491.86 -1.175
1493.41 -1.176
1494.97 -1.177
1496.54 -1.178
1498.11 -1.179
1499.68 -1.18
1501.26 -1.181
1502.84 -1.182
1504.43 -1.183
1506.02 -1.184
1507.62 -1.185
1509.22 -1.186
1510.82 -1.187
1512.43 -1.188
1514.04 -1.189
1515.59 -1.19
1517.14 -1.191
1518.69 -1.192
1520.24 -1.193
1521.8 -1.194
1523.37 -1.195
1524.94 -1.196
1526.51 -1.197
1528.09 -1.198
1529.67 -1.199
1531.25 -1.2
1532.84 -1.201
1534.44 -1.202
1536.04 -1.203
1537.64 -1.204
1539.25 -1.205
1540.87 -1.206
1542.49 -1.207
1544.11 -1.208
1545.74 -1.209
1547.37 -1.21
1549 -1.211
1550.65 -1.212
1552.29 -1.213
1553.94 -1.214
1555.59 -1.215
1557.25 -1.216
1558.92 -1.217
1560.58 -1.218
1562.25 -1.219
1563.93 -1.22
1565.61 -1.221
1567.29 -1.222
1568.98 -1.223
1570.68 -1.224
1572.37 -1.225
1574.06 -1.226
1575.7 -1.227
1577.35 -1.228
1579 -1.229
1580.65 -1.23
1582.31 -1.231
1583.97 -1.232
1585.64 -1.233
1587.32 -1.234
1589 -1.235
1590.68 -1.236
1592.37 -1.237
1594.06 -1.238
1595.76 -1.239
1597.47 -1.24
1599.17 -1.241
1600.89 -1.242
1602.61 -1.243
1604.33 -1.244
1606.06 -1.245
1607.79 -1.246
1609.53 -1.247
1611.27 -1.248
1613.02 -1.249
1614.77 -1.25
1616.53 -1.251
1618.3 -1.252
1620.07 -1.253
1621.84 -1.254
1623.62 -1.255
1625.4 -1.256
1627.19 -1.257
1628.99 -1.258
1630.79 -1.259
1632.6 -1.26
1634.41 -1.261
1636.22 -1.262
1638.04 -1.263
1639.86 -1.264
1641.69 -1.265
1643.52 -1.266
1645.35 -1.267
1647.19 -1.268
1649.03 -1.269
1650.88 -1.27
1652.73 -1.271
1654.58 -1.272
1656.43 -1.273
1658.29 -1.274
1660.16 -1.275
1662.02 -1.276
1663.89 -1.277
1665.77 -1.278
1667.65 -1.279
1669.53 -1.28
1671.42 -1.281
1673.32 -1.282
1675.22 -1.283
1677.12 -1.284
1679.03 -1.285
1680.95 -1.286
1682.87 -1.287
1684.8 -1.288
1686.72 -1.289
1688.64 -1.29
1690.57 -1.291
1692.49 -1.292
1694.41 -1.293
1696.34 -1.294
1698.26 -1.295
1700.17 -1.296
1702.09 -1.297
1704.01 -1.298
1705.91 -1.299
1707.81 -1.3
1709.71 -1.301
1711.62 -1.302
1713.53 -1.303
1715.45 -1.304
1717.38 -1.305
1719.31 -1.306
1721.24 -1.307
1723.18 -1.308
1725.12 -1.309
1727.07 -1.31
1729.02 -1.311
1730.98 -1.312
1732.94 -1.313
1734.91 -1.314
1736.88 -1.315
1738.86 -1.316
1740.84 -1.317
1742.83 -1.318
1744.82 -1.319
1746.82 -1.32
1748.83 -1.321
1750.83 -1.322
1752.85 -1.323
1754.86 -1.324
1756.89 -1.325
1758.92 -1.326
1760.95 -1.327
1762.99 -1.328
1765.03 -1.329
1767.08 -1.33
1769.13 -1.331
1771.19 -1.332
1773.25 -1.333
1775.32 -1.334
1777.39 -1.335
1779.47 -1.336
1781.55 -1.337
1783.64 -1.338
1785.73 -1.339
1787.82 -1.34
1789.92 -1.341
1792.02 -1.342
1794.13 -1.343
1796.24 -1.344
1798.36 -1.345
1800.48 -1.346
1802.61 -1.347
1804.74 -1.348
1806.87 -1.349
1809.01 -1.35
1811.16 -1.351
1813.31 -1.352
1815.46 -1.353
1817.62 -1.354
1819.78 -1.355
1821.95 -1.356
1824.13 -1.357
1826.31 -1.358
1828.49 -1.359
1830.68 -1.36
1832.88 -1.361
1835.08 -1.362
1837.29 -1.363
1839.5 -1.364
1841.71 -1.365
1843.94 -1.366
1846.16 -1.367
1848.36 -1.368
1850.53 -1.369
1852.66 -1.37
1854.78 -1.371
1856.91 -1.372
1859.03 -1.373
1861.15 -1.374
1863.26 -1.375
1865.37 -1.376
1867.48 -1.377
1869.58 -1.378
1871.67 -1.379
1873.77 -1.38
1875.87 -1.381
1877.97 -1.382
1879.97 -1.383
1881.93 -1.384
1883.9 -1.385
1885.86 -1.386
1887.83 -1.387
1889.79 -1.388
1891.76 -1.389
1893.72 -1.39
1895.68 -1.391
1897.63 -1.392
1899.59 -1.393
1901.47 -1.394
1903.28 -1.395
1905.09 -1.396
1906.89 -1.397
1908.64 -1.398
1910.3 -1.399
1911.9 -1.4
