20.3429 -0.001
40.6481 -0.002
60.9189 -0.003
81.1536 -0.004
101.352 -0.005
121.513 -0.006
141.636 -0.007
161.721 -0.008
181.767 -0.009
201.773 -0.01
221.74 -0.011
241.665 -0.012
261.549 -0.013
281.39 -0.014
301.188 -0.015
320.942 -0.016
340.621 -0.017
358.646 -0.018
372.631 -0.019
386.385 -0.02
400.098 -0.021
413.748 -0.022
427.338 -0.023
440.873 -0.024
454.322 -0.025
467.477 -0.026
480.054 -0.027
491.625 -0.028
502.188 -0.029
512.731 -0.03
523.244 -0.031
533.713 -0.032
544.134 -0.033
554.504 -0.034
564.824 -0.035
575.089 -0.036
585.318 -0.037
595.517 -0.038
605.698 -0.039
615.865 -0.04
626.02 -0.041
636.156 -0.042
646.12 -0.043
655.535 -0.044
663.863 -0.045
670.394 -0.046
674.695 -0.047
678.69 -0.048
682.614 -0.049
686.355 -0.05
689.896 -0.051
693.119 -0.052
696.009 -0.053
698.408 -0.054
700.191 -0.055
701.182 -0.056
701.923 -0.057
702.629 -0.058
703.3 -0.059
703.951 -0.06
704.582 -0.061
705.202 -0.062
705.813 -0.063
706.416 -0.064
707.008 -0.065
707.588 -0.066
708.159 -0.067
708.721 -0.068
709.272 -0.069
709.805 -0.07
710.328 -0.071
710.834 -0.072
711.334 -0.073
711.816 -0.074
712.287 -0.075
712.742 -0.076
713.18 -0.077
713.607 -0.078
714.016 -0.079
714.417 -0.08
714.801 -0.081
715.173 -0.082
715.542 -0.083
715.901 -0.084
716.251 -0.085
716.598 -0.086
716.932 -0.087
717.261 -0.088
717.588 -0.089
717.91 -0.09
718.227 -0.091
718.542 -0.092
718.855 -0.093
719.166 -0.094
719.475 -0.095
719.782 -0.096
720.086 -0.097
720.388 -0.098
720.686 -0.099
720.982 -0.1
721.275 -0.101
721.566 -0.102
721.856 -0.103
722.143 -0.104
722.429 -0.105
722.709 -0.106
722.988 -0.107
723.265 -0.108
723.54 -0.109
723.812 -0.11
724.081 -0.111
724.348 -0.112
724.612 -0.113
724.875 -0.114
725.135 -0.115
725.393 -0.116
725.65 -0.117
725.904 -0.118
726.157 -0.119
726.407 -0.12
726.656 -0.121
726.904 -0.122
727.15 -0.123
727.395 -0.124
727.637 -0.125
727.873 -0.126
728.108 -0.127
728.342 -0.128
728.576 -0.129
728.809 -0.13
729.041 -0.131
729.27 -0.132
729.495 -0.133
729.718 -0.134
729.942 -0.135
730.165 -0.136
730.389 -0.137
730.612 -0.138
730.831 -0.139
731.044 -0.14
731.257 -0.141
731.469 -0.142
731.681 -0.143
731.894 -0.144
732.106 -0.145
732.315 -0.146
732.52 -0.147
732.723 -0.148
732.924 -0.149
733.124 -0.15
733.323 -0.151
733.522 -0.152
733.719 -0.153
733.911 -0.154
734.103 -0.155
734.293 -0.156
734.482 -0.157
734.671 -0.158
734.86 -0.159
735.048 -0.16
735.234 -0.161
735.416 -0.162
735.596 -0.163
735.775 -0.164
735.954 -0.165
736.133 -0.166
736.311 -0.167
736.49 -0.168
736.668 -0.169
736.844 -0.17
737.018 -0.171
737.192 -0.172
737.365 -0.173
737.538 -0.174
737.711 -0.175
737.885 -0.176
738.058 -0.177
738.23 -0.178
738.401 -0.179
738.57 -0.18
738.738 -0.181
738.905 -0.182
739.072 -0.183
739.24 -0.184
739.407 -0.185
739.574 -0.186
739.74 -0.187
739.907 -0.188
740.074 -0.189
740.239 -0.19
740.404 -0.191
740.568 -0.192
740.732 -0.193
740.896 -0.194
741.06 -0.195
741.224 -0.196
741.388 -0.197
741.551 -0.198
741.715 -0.199
741.878 -0.2
742.041 -0.201
742.204 -0.202
742.367 -0.203
742.531 -0.204
742.694 -0.205
742.856 -0.206
743.019 -0.207
743.182 -0.208
743.345 -0.209
743.508 -0.21
743.67 -0.211
743.833 -0.212
743.995 -0.213
744.158 -0.214
744.32 -0.215
744.482 -0.216
744.644 -0.217
744.807 -0.218
744.969 -0.219
745.131 -0.22
745.292 -0.221
745.454 -0.222
745.615 -0.223
745.777 -0.224
745.938 -0.225
746.099 -0.226
746.261 -0.227
746.422 -0.228
746.583 -0.229
746.744 -0.23
746.905 -0.231
747.066 -0.232
747.226 -0.233
747.387 -0.234
747.548 -0.235
747.708 -0.236
747.868 -0.237
748.028 -0.238
748.188 -0.239
748.348 -0.24
748.508 -0.241
748.667 -0.242
748.827 -0.243
748.987 -0.244
749.146 -0.245
749.306 -0.246
749.466 -0.247
749.625 -0.248
749.785 -0.249
749.944 -0.25
750.103 -0.251
750.262 -0.252
750.421 -0.253
750.58 -0.254
750.739 -0.255
750.897 -0.256
751.056 -0.257
751.214 -0.258
751.372 -0.259
751.53 -0.26
751.688 -0.261
751.846 -0.262
752.004 -0.263
752.162 -0.264
752.32 -0.265
752.478 -0.266
752.636 -0.267
752.794 -0.268
752.951 -0.269
753.109 -0.27
753.266 -0.271
753.423 -0.272
753.58 -0.273
753.736 -0.274
753.893 -0.275
754.05 -0.276
754.206 -0.277
754.363 -0.278
754.52 -0.279
754.677 -0.28
754.834 -0.281
754.991 -0.282
755.148 -0.283
755.304 -0.284
755.461 -0.285
755.618 -0.286
755.774 -0.287
755.931 -0.288
756.088 -0.289
756.244 -0.29
756.4 -0.291
756.554 -0.292
756.705 -0.293
756.854 -0.294
757.001 -0.295
757.146 -0.296
757.291 -0.297
757.435 -0.298
757.578 -0.299
757.718 -0.3
757.833 -0.301
757.892 -0.302
758.01 -0.303
758.124 -0.304
758.263 -0.305
758.408 -0.306
758.544 -0.307
758.674 -0.308
758.805 -0.309
758.953 -0.31
759.093 -0.311
759.23 -0.312
759.36 -0.313
759.49 -0.314
759.619 -0.315
759.748 -0.316
759.866 -0.317
759.863 -0.318
759.935 -0.319
760.035 -0.32
760.131 -0.321
760.268 -0.322
760.398 -0.323
760.525 -0.324
760.648 -0.325
760.8 -0.326
760.953 -0.327
761.101 -0.328
761.244 -0.329
761.383 -0.33
761.519 -0.331
761.661 -0.332
761.797 -0.333
761.932 -0.334
762.068 -0.335
762.205 -0.336
762.343 -0.337
762.485 -0.338
762.629 -0.339
762.774 -0.34
762.919 -0.341
763.063 -0.342
763.208 -0.343
763.353 -0.344
763.497 -0.345
763.64 -0.346
763.784 -0.347
763.929 -0.348
764.073 -0.349
764.216 -0.35
764.358 -0.351
764.502 -0.352
764.649 -0.353
764.798 -0.354
764.947 -0.355
765.096 -0.356
765.245 -0.357
765.394 -0.358
765.542 -0.359
765.69 -0.36
765.839 -0.361
765.987 -0.362
766.137 -0.363
766.286 -0.364
766.436 -0.365
766.586 -0.366
766.736 -0.367
766.886 -0.368
767.036 -0.369
767.186 -0.37
767.335 -0.371
767.485 -0.372
767.634 -0.373
767.784 -0.374
767.933 -0.375
768.083 -0.376
768.232 -0.377
768.382 -0.378
768.534 -0.379
768.685 -0.38
768.837 -0.381
768.989 -0.382
769.141 -0.383
769.293 -0.384
769.444 -0.385
769.596 -0.386
769.747 -0.387
769.899 -0.388
770.05 -0.389
770.201 -0.39
770.351 -0.391
770.501 -0.392
770.651 -0.393
770.8 -0.394
770.95 -0.395
771.1 -0.396
771.251 -0.397
771.401 -0.398
771.551 -0.399
771.701 -0.4
771.85 -0.401
772 -0.402
772.15 -0.403
772.299 -0.404
772.449 -0.405
772.598 -0.406
772.746 -0.407
772.894 -0.408
773.041 -0.409
773.188 -0.41
773.333 -0.411
773.48 -0.412
773.629 -0.413
773.779 -0.414
773.928 -0.415
774.078 -0.416
774.227 -0.417
774.376 -0.418
774.525 -0.419
774.673 -0.42
774.821 -0.421
774.967 -0.422
775.113 -0.423
775.259 -0.424
775.403 -0.425
775.548 -0.426
775.696 -0.427
775.844 -0.428
775.992 -0.429
776.137 -0.43
776.281 -0.431
776.424 -0.432
776.573 -0.433
776.722 -0.434
776.871 -0.435
777.02 -0.436
777.17 -0.437
777.321 -0.438
777.472 -0.439
777.623 -0.44
777.774 -0.441
777.923 -0.442
778.07 -0.443
778.217 -0.444
778.362 -0.445
778.513 -0.446
778.665 -0.447
778.816 -0.448
778.967 -0.449
779.12 -0.45
779.274 -0.451
779.428 -0.452
779.582 -0.453
779.736 -0.454
779.89 -0.455
780.044 -0.456
780.198 -0.457
780.351 -0.458
780.504 -0.459
780.658 -0.46
780.81 -0.461
780.963 -0.462
781.115 -0.463
781.269 -0.464
781.424 -0.465
781.578 -0.466
781.732 -0.467
781.887 -0.468
782.042 -0.469
782.196 -0.47
782.35 -0.471
782.503 -0.472
782.657 -0.473
782.812 -0.474
782.968 -0.475
783.124 -0.476
783.279 -0.477
783.435 -0.478
783.59 -0.479
783.745 -0.48
783.899 -0.481
784.054 -0.482
784.21 -0.483
784.365 -0.484
784.52 -0.485
784.676 -0.486
784.831 -0.487
784.987 -0.488
785.142 -0.489
785.296 -0.49
785.45 -0.491
785.603 -0.492
785.756 -0.493
785.911 -0.494
786.067 -0.495
786.221 -0.496
786.375 -0.497
786.529 -0.498
786.681 -0.499
786.836 -0.5
786.994 -0.501
787.152 -0.502
787.309 -0.503
787.467 -0.504
787.624 -0.505
787.781 -0.506
787.937 -0.507
788.093 -0.508
788.249 -0.509
788.404 -0.51
788.559 -0.511
788.713 -0.512
788.867 -0.513
789.02 -0.514
789.172 -0.515
789.323 -0.516
789.475 -0.517
789.627 -0.518
789.778 -0.519
789.936 -0.52
790.094 -0.521
790.252 -0.522
790.41 -0.523
790.568 -0.524
790.727 -0.525
790.886 -0.526
791.045 -0.527
791.204 -0.528
791.363 -0.529
791.522 -0.53
791.681 -0.531
791.84 -0.532
791.998 -0.533
792.156 -0.534
792.313 -0.535
792.468 -0.536
792.622 -0.537
792.776 -0.538
792.933 -0.539
793.092 -0.54
793.252 -0.541
793.414 -0.542
793.577 -0.543
793.739 -0.544
793.902 -0.545
794.064 -0.546
794.227 -0.547
794.39 -0.548
794.552 -0.549
794.716 -0.55
794.879 -0.551
795.042 -0.552
795.205 -0.553
795.368 -0.554
795.531 -0.555
795.695 -0.556
795.856 -0.557
796.017 -0.558
796.178 -0.559
796.337 -0.56
796.496 -0.561
796.661 -0.562
796.825 -0.563
796.988 -0.564
797.151 -0.565
797.314 -0.566
797.476 -0.567
797.638 -0.568
797.799 -0.569
797.963 -0.57
798.128 -0.571
798.293 -0.572
798.459 -0.573
798.626 -0.574
798.792 -0.575
798.959 -0.576
799.125 -0.577
799.292 -0.578
799.459 -0.579
799.626 -0.58
799.792 -0.581
799.958 -0.582
800.125 -0.583
800.291 -0.584
800.458 -0.585
800.626 -0.586
800.793 -0.587
800.96 -0.588
801.127 -0.589
801.294 -0.59
801.459 -0.591
801.626 -0.592
801.792 -0.593
801.957 -0.594
802.123 -0.595
802.289 -0.596
802.454 -0.597
802.619 -0.598
802.784 -0.599
802.948 -0.6
803.11 -0.601
803.269 -0.602
803.424 -0.603
803.572 -0.604
803.718 -0.605
803.884 -0.606
804.052 -0.607
804.218 -0.608
804.381 -0.609
804.541 -0.61
804.696 -0.611
804.846 -0.612
804.992 -0.613
805.135 -0.614
805.279 -0.615
805.42 -0.616
805.574 -0.617
805.745 -0.618
805.916 -0.619
806.082 -0.62
806.245 -0.621
806.407 -0.622
806.566 -0.623
806.72 -0.624
806.867 -0.625
807.008 -0.626
807.156 -0.627
807.34 -0.628
807.521 -0.629
807.698 -0.63
807.87 -0.631
808.037 -0.632
808.199 -0.633
808.36 -0.634
808.516 -0.635
808.664 -0.636
808.81 -0.637
808.954 -0.638
809.122 -0.639
809.298 -0.64
809.489 -0.641
809.671 -0.642
809.852 -0.643
810.029 -0.644
810.206 -0.645
810.382 -0.646
810.557 -0.647
810.73 -0.648
810.903 -0.649
811.076 -0.65
811.245 -0.651
811.413 -0.652
811.591 -0.653
811.769 -0.654
811.947 -0.655
812.125 -0.656
812.303 -0.657
812.481 -0.658
812.659 -0.659
812.837 -0.66
813.015 -0.661
813.193 -0.662
813.371 -0.663
813.549 -0.664
813.728 -0.665
813.906 -0.666
814.084 -0.667
814.262 -0.668
814.44 -0.669
814.618 -0.67
814.795 -0.671
814.972 -0.672
815.149 -0.673
815.325 -0.674
815.498 -0.675
815.677 -0.676
815.858 -0.677
816.039 -0.678
816.221 -0.679
816.402 -0.68
816.583 -0.681
816.764 -0.682
816.946 -0.683
817.127 -0.684
817.308 -0.685
817.49 -0.686
817.672 -0.687
817.854 -0.688
818.036 -0.689
818.219 -0.69
818.402 -0.691
818.584 -0.692
818.767 -0.693
818.949 -0.694
819.132 -0.695
819.315 -0.696
819.497 -0.697
819.68 -0.698
819.863 -0.699
820.046 -0.7
