23.2361 -0.001
46.4308 -0.002
69.5826 -0.003
92.6915 -0.004
115.757 -0.005
138.778 -0.006
161.756 -0.007
184.688 -0.008
207.575 -0.009
230.416 -0.01
253.21 -0.011
275.958 -0.012
298.658 -0.013
321.309 -0.014
343.913 -0.015
366.466 -0.016
388.97 -0.017
411.423 -0.018
433.825 -0.019
456.175 -0.02
478.473 -0.021
500.717 -0.022
522.906 -0.023
545.041 -0.024
567.12 -0.025
589.143 -0.026
611.108 -0.027
633.015 -0.028
654.862 -0.029
676.402 -0.03
696.973 -0.031
715.964 -0.032
732.681 -0.033
748.701 -0.034
764.167 -0.035
779.205 -0.036
793.415 -0.037
807.204 -0.038
820.93 -0.039
834.596 -0.04
848.206 -0.041
861.727 -0.042
874.849 -0.043
886.941 -0.044
897.785 -0.045
907.132 -0.046
913.793 -0.047
918.538 -0.048
923.028 -0.049
926.994 -0.05
930.456 -0.051
933.651 -0.052
935.961 -0.053
937.409 -0.054
938.458 -0.055
939.469 -0.056
940.444 -0.057
941.386 -0.058
942.29 -0.059
943.161 -0.06
944.011 -0.061
944.827 -0.062
945.613 -0.063
946.365 -0.064
947.097 -0.065
947.796 -0.066
948.465 -0.067
949.102 -0.068
949.707 -0.069
950.286 -0.07
950.847 -0.071
951.386 -0.072
951.911 -0.073
952.416 -0.074
952.906 -0.075
953.385 -0.076
953.851 -0.077
954.306 -0.078
954.754 -0.079
955.193 -0.08
955.626 -0.081
956.054 -0.082
956.474 -0.083
956.882 -0.084
957.288 -0.085
957.686 -0.086
958.075 -0.087
958.458 -0.088
958.835 -0.089
959.199 -0.09
959.557 -0.091
959.91 -0.092
960.257 -0.093
960.599 -0.094
960.938 -0.095
961.273 -0.096
961.604 -0.097
961.927 -0.098
962.245 -0.099
962.562 -0.1
962.875 -0.101
963.183 -0.102
963.485 -0.103
963.785 -0.104
964.083 -0.105
964.377 -0.106
964.667 -0.107
964.955 -0.108
965.24 -0.109
965.521 -0.11
965.798 -0.111
966.072 -0.112
966.344 -0.113
966.613 -0.114
966.879 -0.115
967.142 -0.116
967.402 -0.117
967.66 -0.118
967.915 -0.119
968.167 -0.12
968.416 -0.121
968.662 -0.122
968.906 -0.123
969.148 -0.124
969.389 -0.125
969.628 -0.126
969.867 -0.127
970.104 -0.128
970.34 -0.129
970.575 -0.13
970.808 -0.131
971.04 -0.132
971.272 -0.133
971.502 -0.134
971.732 -0.135
971.961 -0.136
972.189 -0.137
972.416 -0.138
972.642 -0.139
972.866 -0.14
973.09 -0.141
973.313 -0.142
973.536 -0.143
973.758 -0.144
973.981 -0.145
974.203 -0.146
974.424 -0.147
974.646 -0.148
974.866 -0.149
975.086 -0.15
975.305 -0.151
975.524 -0.152
975.743 -0.153
975.961 -0.154
976.179 -0.155
976.397 -0.156
976.615 -0.157
976.832 -0.158
977.049 -0.159
977.266 -0.16
977.483 -0.161
977.7 -0.162
977.916 -0.163
978.132 -0.164
978.348 -0.165
978.564 -0.166
978.78 -0.167
978.995 -0.168
979.209 -0.169
979.424 -0.17
979.638 -0.171
979.853 -0.172
980.067 -0.173
980.28 -0.174
980.494 -0.175
980.707 -0.176
980.921 -0.177
981.134 -0.178
981.347 -0.179
981.559 -0.18
981.771 -0.181
981.984 -0.182
982.196 -0.183
982.407 -0.184
982.619 -0.185
982.83 -0.186
983.042 -0.187
983.253 -0.188
983.464 -0.189
983.674 -0.19
983.885 -0.191
984.095 -0.192
984.305 -0.193
984.515 -0.194
984.724 -0.195
984.933 -0.196
985.142 -0.197
985.351 -0.198
985.559 -0.199
985.768 -0.2
985.976 -0.201
986.184 -0.202
986.392 -0.203
986.599 -0.204
986.807 -0.205
987.014 -0.206
987.221 -0.207
987.428 -0.208
987.635 -0.209
987.841 -0.21
988.048 -0.211
988.253 -0.212
988.459 -0.213
988.665 -0.214
988.87 -0.215
989.075 -0.216
989.28 -0.217
989.485 -0.218
989.689 -0.219
989.894 -0.22
990.098 -0.221
990.302 -0.222
990.505 -0.223
990.709 -0.224
990.912 -0.225
991.115 -0.226
991.318 -0.227
991.521 -0.228
991.724 -0.229
991.926 -0.23
992.128 -0.231
992.331 -0.232
992.533 -0.233
992.734 -0.234
992.936 -0.235
993.137 -0.236
993.339 -0.237
993.54 -0.238
993.741 -0.239
993.942 -0.24
994.142 -0.241
994.343 -0.242
994.543 -0.243
994.743 -0.244
994.943 -0.245
995.143 -0.246
995.343 -0.247
995.543 -0.248
995.742 -0.249
995.942 -0.25
996.141 -0.251
996.339 -0.252
996.538 -0.253
996.737 -0.254
996.935 -0.255
997.133 -0.256
997.331 -0.257
997.528 -0.258
997.726 -0.259
997.923 -0.26
998.12 -0.261
998.317 -0.262
998.514 -0.263
998.711 -0.264
998.907 -0.265
999.104 -0.266
999.3 -0.267
999.496 -0.268
999.692 -0.269
999.887 -0.27
1000.08 -0.271
1000.28 -0.272
1000.47 -0.273
1000.67 -0.274
1000.86 -0.275
1001.06 -0.276
1001.25 -0.277
1001.45 -0.278
1001.64 -0.279
1001.84 -0.28
1002.03 -0.281
1002.22 -0.282
1002.42 -0.283
1002.61 -0.284
1002.8 -0.285
1003 -0.286
1003.19 -0.287
1003.38 -0.288
1003.58 -0.289
1003.77 -0.29
1003.96 -0.291
1004.15 -0.292
1004.34 -0.293
1004.54 -0.294
1004.73 -0.295
1004.92 -0.296
1005.11 -0.297
1005.3 -0.298
1005.49 -0.299
1005.68 -0.3
1005.87 -0.301
1006.06 -0.302
1006.26 -0.303
1006.45 -0.304
1006.64 -0.305
1006.83 -0.306
1007.02 -0.307
1007.2 -0.308
1007.39 -0.309
1007.58 -0.31
1007.77 -0.311
1007.96 -0.312
1008.15 -0.313
1008.34 -0.314
1008.53 -0.315
1008.72 -0.316
1008.91 -0.317
1009.09 -0.318
1009.28 -0.319
1009.47 -0.32
1009.66 -0.321
1009.85 -0.322
1010.04 -0.323
1010.22 -0.324
1010.41 -0.325
1010.6 -0.326
1010.79 -0.327
1010.97 -0.328
1011.16 -0.329
1011.35 -0.33
1011.54 -0.331
1011.72 -0.332
1011.91 -0.333
1012.1 -0.334
1012.28 -0.335
1012.47 -0.336
1012.66 -0.337
1012.84 -0.338
1013.03 -0.339
1013.22 -0.34
1013.4 -0.341
1013.59 -0.342
1013.77 -0.343
1013.96 -0.344
1014.15 -0.345
1014.33 -0.346
1014.52 -0.347
1014.7 -0.348
1014.89 -0.349
1015.07 -0.35
1015.26 -0.351
1015.44 -0.352
1015.63 -0.353
1015.81 -0.354
1015.99 -0.355
1016.18 -0.356
1016.36 -0.357
1016.55 -0.358
1016.73 -0.359
1016.91 -0.36
1017.1 -0.361
1017.28 -0.362
1017.46 -0.363
1017.65 -0.364
1017.83 -0.365
1018.01 -0.366
1018.19 -0.367
1018.38 -0.368
1018.56 -0.369
1018.74 -0.37
1018.92 -0.371
1019.11 -0.372
1019.29 -0.373
1019.47 -0.374
1019.65 -0.375
1019.84 -0.376
1020.02 -0.377
1020.2 -0.378
1020.38 -0.379
1020.56 -0.38
1020.75 -0.381
1020.93 -0.382
1021.11 -0.383
1021.29 -0.384
1021.47 -0.385
1021.65 -0.386
1021.84 -0.387
1022.02 -0.388
1022.2 -0.389
1022.38 -0.39
1022.56 -0.391
1022.74 -0.392
1022.93 -0.393
1023.11 -0.394
1023.29 -0.395
1023.47 -0.396
1023.65 -0.397
1023.83 -0.398
1024.01 -0.399
1024.19 -0.4
1024.37 -0.401
1024.55 -0.402
1024.74 -0.403
1024.92 -0.404
1025.1 -0.405
1025.28 -0.406
1025.46 -0.407
1025.64 -0.408
1025.82 -0.409
1026 -0.41
1026.18 -0.411
1026.36 -0.412
1026.54 -0.413
1026.72 -0.414
1026.9 -0.415
1027.08 -0.416
1027.26 -0.417
1027.44 -0.418
1027.62 -0.419
1027.8 -0.42
1027.98 -0.421
1028.16 -0.422
1028.34 -0.423
1028.52 -0.424
1028.7 -0.425
1028.88 -0.426
1029.06 -0.427
1029.24 -0.428
1029.42 -0.429
1029.6 -0.43
1029.78 -0.431
1029.96 -0.432
1030.14 -0.433
1030.32 -0.434
1030.5 -0.435
1030.68 -0.436
1030.85 -0.437
1031.03 -0.438
1031.21 -0.439
1031.39 -0.44
1031.57 -0.441
1031.75 -0.442
1031.93 -0.443
1032.11 -0.444
1032.29 -0.445
1032.47 -0.446
1032.65 -0.447
1032.83 -0.448
1033 -0.449
1033.18 -0.45
1033.36 -0.451
1033.54 -0.452
1033.72 -0.453
1033.9 -0.454
1034.08 -0.455
1034.25 -0.456
1034.43 -0.457
1034.61 -0.458
1034.79 -0.459
1034.97 -0.46
1035.15 -0.461
1035.33 -0.462
1035.5 -0.463
1035.68 -0.464
1035.86 -0.465
1036.04 -0.466
1036.21 -0.467
1036.39 -0.468
1036.57 -0.469
1036.75 -0.47
1036.93 -0.471
1037.1 -0.472
1037.28 -0.473
1037.46 -0.474
1037.64 -0.475
1037.81 -0.476
1037.99 -0.477
1038.17 -0.478
1038.35 -0.479
1038.52 -0.48
1038.7 -0.481
1038.88 -0.482
1039.06 -0.483
1039.23 -0.484
1039.41 -0.485
1039.59 -0.486
1039.77 -0.487
1039.94 -0.488
1040.12 -0.489
1040.3 -0.49
1040.48 -0.491
1040.66 -0.492
1040.83 -0.493
1041.01 -0.494
1041.19 -0.495
1041.37 -0.496
1041.54 -0.497
1041.72 -0.498
1041.9 -0.499
1042.08 -0.5
1042.25 -0.501
1042.43 -0.502
1042.61 -0.503
1042.79 -0.504
1042.97 -0.505
1043.14 -0.506
1043.32 -0.507
1043.5 -0.508
1043.68 -0.509
1043.85 -0.51
1044.03 -0.511
1044.21 -0.512
1044.39 -0.513
1044.57 -0.514
1044.74 -0.515
1044.92 -0.516
1045.1 -0.517
1045.28 -0.518
1045.46 -0.519
1045.63 -0.52
1045.81 -0.521
1045.99 -0.522
1046.17 -0.523
1046.35 -0.524
1046.52 -0.525
1046.7 -0.526
1046.88 -0.527
1047.06 -0.528
1047.24 -0.529
1047.41 -0.53
1047.59 -0.531
1047.77 -0.532
1047.95 -0.533
1048.12 -0.534
1048.3 -0.535
1048.48 -0.536
1048.66 -0.537
1048.83 -0.538
1049.01 -0.539
1049.19 -0.54
1049.37 -0.541
1049.54 -0.542
1049.72 -0.543
1049.9 -0.544
1050.08 -0.545
1050.26 -0.546
1050.43 -0.547
1050.61 -0.548
1050.79 -0.549
1050.97 -0.55
1051.15 -0.551
1051.32 -0.552
1051.5 -0.553
1051.68 -0.554
1051.86 -0.555
1052.04 -0.556
1052.21 -0.557
1052.39 -0.558
1052.57 -0.559
1052.75 -0.56
1052.93 -0.561
1053.11 -0.562
1053.29 -0.563
1053.46 -0.564
1053.64 -0.565
1053.82 -0.566
1054 -0.567
1054.18 -0.568
1054.36 -0.569
1054.54 -0.57
1054.72 -0.571
1054.9 -0.572
1055.07 -0.573
1055.25 -0.574
1055.43 -0.575
1055.61 -0.576
1055.79 -0.577
1055.97 -0.578
1056.15 -0.579
1056.33 -0.58
1056.51 -0.581
1056.69 -0.582
1056.87 -0.583
1057.05 -0.584
1057.23 -0.585
1057.4 -0.586
1057.58 -0.587
1057.76 -0.588
1057.94 -0.589
1058.12 -0.59
1058.3 -0.591
1058.48 -0.592
1058.66 -0.593
1058.84 -0.594
1059.02 -0.595
1059.2 -0.596
1059.38 -0.597
1059.56 -0.598
1059.74 -0.599
1059.92 -0.6
1060.1 -0.601
1060.28 -0.602
1060.46 -0.603
1060.64 -0.604
1060.82 -0.605
1061 -0.606
1061.18 -0.607
1061.36 -0.608
1061.54 -0.609
1061.72 -0.61
1061.9 -0.611
1062.08 -0.612
1062.26 -0.613
1062.44 -0.614
1062.62 -0.615
1062.8 -0.616
1062.98 -0.617
1063.16 -0.618
1063.35 -0.619
1063.53 -0.62
1063.71 -0.621
1063.89 -0.622
1064.07 -0.623
1064.25 -0.624
1064.43 -0.625
1064.62 -0.626
1064.8 -0.627
1064.98 -0.628
1065.16 -0.629
1065.34 -0.63
1065.52 -0.631
1065.71 -0.632
1065.89 -0.633
1066.07 -0.634
1066.25 -0.635
1066.43 -0.636
1066.61 -0.637
1066.8 -0.638
1066.98 -0.639
1067.16 -0.64
1067.34 -0.641
1067.52 -0.642
1067.7 -0.643
1067.89 -0.644
1068.07 -0.645
1068.25 -0.646
1068.43 -0.647
1068.61 -0.648
1068.8 -0.649
1068.98 -0.65
1069.16 -0.651
1069.34 -0.652
1069.52 -0.653
1069.71 -0.654
1069.89 -0.655
1070.07 -0.656
1070.25 -0.657
1070.44 -0.658
1070.62 -0.659
1070.8 -0.66
1070.99 -0.661
1071.17 -0.662
1071.35 -0.663
1071.54 -0.664
1071.72 -0.665
1071.9 -0.666
1072.09 -0.667
1072.27 -0.668
1072.45 -0.669
1072.64 -0.67
1072.82 -0.671
1073 -0.672
1073.19 -0.673
1073.37 -0.674
1073.56 -0.675
1073.74 -0.676
1073.92 -0.677
1074.11 -0.678
1074.29 -0.679
1074.48 -0.68
1074.66 -0.681
1074.84 -0.682
1075.03 -0.683
1075.21 -0.684
1075.4 -0.685
1075.58 -0.686
1075.76 -0.687
1075.95 -0.688
1076.13 -0.689
1076.32 -0.69
1076.5 -0.691
1076.68 -0.692
1076.87 -0.693
1077.05 -0.694
1077.24 -0.695
1077.42 -0.696
1077.61 -0.697
1077.79 -0.698
1077.97 -0.699
1078.16 -0.7
1078.34 -0.701
1078.53 -0.702
1078.71 -0.703
1078.9 -0.704
1079.08 -0.705
1079.27 -0.706
1079.45 -0.707
1079.64 -0.708
1079.82 -0.709
1080.01 -0.71
1080.2 -0.711
1080.38 -0.712
1080.57 -0.713
1080.75 -0.714
1080.94 -0.715
1081.12 -0.716
1081.31 -0.717
1081.5 -0.718
1081.68 -0.719
1081.87 -0.72
1082.05 -0.721
1082.24 -0.722
1082.43 -0.723
1082.62 -0.724
1082.8 -0.725
1082.99 -0.726
1083.18 -0.727
1083.36 -0.728
1083.55 -0.729
1083.74 -0.73
1083.93 -0.731
1084.11 -0.732
1084.3 -0.733
1084.48 -0.734
1084.67 -0.735
1084.86 -0.736
1085.05 -0.737
1085.23 -0.738
1085.42 -0.739
1085.61 -0.74
1085.79 -0.741
1085.98 -0.742
1086.17 -0.743
1086.36 -0.744
1086.54 -0.745
1086.73 -0.746
1086.91 -0.747
1087.1 -0.748
1087.29 -0.749
1087.47 -0.75
1087.66 -0.751
1087.85 -0.752
1088.03 -0.753
1088.22 -0.754
1088.4 -0.755
1088.59 -0.756
1088.78 -0.757
1088.96 -0.758
1089.15 -0.759
1089.33 -0.76
1089.51 -0.761
1089.69 -0.762
1089.88 -0.763
1090.06 -0.764
1090.24 -0.765
1090.39 -0.766
1090.53 -0.767
1090.65 -0.768
1090.75 -0.769
1090.84 -0.77
1090.9 -0.771
1090.95 -0.772
1090.98 -0.773
1091 -0.774
1091.01 -0.775
1091.04 -0.776
1091.08 -0.777
1091.12 -0.778
1091.17 -0.779
1091.22 -0.78
1091.28 -0.781
1091.34 -0.782
1091.41 -0.783
1091.48 -0.784
1091.56 -0.785
1091.65 -0.786
1091.76 -0.787
1091.88 -0.788
1092.01 -0.789
1092.14 -0.79
1092.29 -0.791
1092.45 -0.792
1092.62 -0.793
1092.78 -0.794
1092.95 -0.795
1093.12 -0.796
1093.29 -0.797
1093.46 -0.798
1093.63 -0.799
1093.8 -0.8
1093.98 -0.801
1094.15 -0.802
1094.32 -0.803
1094.49 -0.804
1094.66 -0.805
1094.83 -0.806
1095 -0.807
1095.17 -0.808
1095.38 -0.809
1095.61 -0.81
1095.83 -0.811
1096.04 -0.812
1096.25 -0.813
1096.46 -0.814
1096.66 -0.815
1096.88 -0.816
1097.11 -0.817
1097.33 -0.818
1097.55 -0.819
1097.77 -0.82
1097.99 -0.821
1098.21 -0.822
1098.45 -0.823
1098.7 -0.824
1098.94 -0.825
1099.18 -0.826
1099.41 -0.827
1099.66 -0.828
1099.92 -0.829
1100.17 -0.83
1100.43 -0.831
1100.68 -0.832
1100.94 -0.833
1101.2 -0.834
1101.46 -0.835
1101.73 -0.836
1101.99 -0.837
1102.25 -0.838
1102.5 -0.839
1102.75 -0.84
1103 -0.841
1103.24 -0.842
1103.47 -0.843
1103.69 -0.844
1103.89 -0.845
1104.09 -0.846
1104.29 -0.847
1104.49 -0.848
1104.68 -0.849
1104.88 -0.85
1105.08 -0.851
1105.27 -0.852
1105.47 -0.853
1105.66 -0.854
1105.86 -0.855
1106.06 -0.856
1106.25 -0.857
1106.45 -0.858
1106.65 -0.859
1106.84 -0.86
1107.04 -0.861
1107.24 -0.862
1107.43 -0.863
1107.63 -0.864
1107.83 -0.865
1108.02 -0.866
1108.2 -0.867
1108.38 -0.868
1108.55 -0.869
1108.71 -0.87
1108.86 -0.871
1109.01 -0.872
1109.14 -0.873
1109.25 -0.874
1109.37 -0.875
1109.48 -0.876
1109.59 -0.877
1109.7 -0.878
1109.81 -0.879
1109.92 -0.88
1110.03 -0.881
1110.14 -0.882
1110.24 -0.883
1110.35 -0.884
1110.45 -0.885
1110.56 -0.886
1110.67 -0.887
1110.79 -0.888
1110.91 -0.889
1111.03 -0.89
1111.15 -0.891
1111.28 -0.892
1111.41 -0.893
1111.54 -0.894
1111.67 -0.895
1111.79 -0.896
1111.92 -0.897
1112.04 -0.898
1112.14 -0.899
1112.21 -0.9
1112.26 -0.901
1112.31 -0.902
1112.4 -0.903
1112.47 -0.904
1112.54 -0.905
1112.6 -0.906
1112.65 -0.907
1112.68 -0.908
1112.69 -0.909
1112.69 -0.91
1112.67 -0.911
1112.78 -0.912
1112.9 -0.913
1113.04 -0.914
1113.17 -0.915
1113.3 -0.916
1113.42 -0.917
1113.54 -0.918
1113.65 -0.919
1113.76 -0.92
1113.89 -0.921
1114.03 -0.922
1114.18 -0.923
1114.33 -0.924
1114.48 -0.925
1114.63 -0.926
1114.78 -0.927
1114.94 -0.928
1115.09 -0.929
1115.26 -0.93
1115.42 -0.931
1115.58 -0.932
1115.75 -0.933
1115.93 -0.934
1116.11 -0.935
1116.3 -0.936
1116.5 -0.937
1116.75 -0.938
1117.03 -0.939
1117.31 -0.94
1117.59 -0.941
1117.88 -0.942
1118.15 -0.943
1118.43 -0.944
1118.71 -0.945
1118.99 -0.946
1119.26 -0.947
1119.52 -0.948
1119.81 -0.949
1120.11 -0.95
1120.4 -0.951
1120.7 -0.952
1121 -0.953
1121.3 -0.954
1121.6 -0.955
1121.9 -0.956
1122.19 -0.957
1122.48 -0.958
1122.8 -0.959
1123.1 -0.96
1123.4 -0.961
1123.7 -0.962
1124 -0.963
1124.28 -0.964
1124.55 -0.965
1124.85 -0.966
1125.15 -0.967
1125.44 -0.968
1125.72 -0.969
1126.01 -0.97
1126.28 -0.971
1126.54 -0.972
1126.82 -0.973
1127.1 -0.974
1127.38 -0.975
1127.66 -0.976
1127.94 -0.977
1128.21 -0.978
1128.49 -0.979
1128.76 -0.98
1129.04 -0.981
1129.31 -0.982
1129.58 -0.983
1129.84 -0.984
1130.11 -0.985
1130.37 -0.986
1130.63 -0.987
1130.88 -0.988
1131.13 -0.989
1131.38 -0.99
1131.63 -0.991
1131.87 -0.992
1132.11 -0.993
1132.34 -0.994
1132.57 -0.995
1132.8 -0.996
1133.03 -0.997
1133.26 -0.998
1133.49 -0.999
1133.72 -1
