19.4293 -0.001
38.7664 -0.002
58.0115 -0.003
77.1646 -0.004
96.2259 -0.005
115.196 -0.006
134.074 -0.007
152.86 -0.008
171.556 -0.009
190.16 -0.01
208.673 -0.011
227.095 -0.012
245.426 -0.013
263.666 -0.014
281.815 -0.015
299.873 -0.016
317.841 -0.017
335.718 -0.018
353.504 -0.019
371.199 -0.02
388.804 -0.021
406.318 -0.022
423.742 -0.023
441.075 -0.024
458.317 -0.025
475.468 -0.026
492.528 -0.027
509.497 -0.028
526.375 -0.029
543.161 -0.03
559.857 -0.031
576.46 -0.032
592.934 -0.033
608.586 -0.034
622.229 -0.035
632.997 -0.036
642.254 -0.037
650.552 -0.038
658.239 -0.039
665.187 -0.04
671.217 -0.041
677.061 -0.042
682.795 -0.043
688.43 -0.044
693.985 -0.045
699.423 -0.046
704.735 -0.047
709.964 -0.048
715.106 -0.049
720.114 -0.05
725.01 -0.051
729.823 -0.052
734.536 -0.053
739.121 -0.054
743.623 -0.055
748.03 -0.056
752.341 -0.057
756.571 -0.058
760.723 -0.059
764.797 -0.06
768.792 -0.061
772.71 -0.062
776.552 -0.063
780.303 -0.064
783.926 -0.065
787.464 -0.066
790.832 -0.067
794.021 -0.068
797.07 -0.069
799.949 -0.07
802.632 -0.071
805.015 -0.072
806.919 -0.073
808.545 -0.074
810.078 -0.075
811.53 -0.076
812.908 -0.077
814.165 -0.078
815.042 -0.079
815.583 -0.08
816.032 -0.081
816.407 -0.082
816.723 -0.083
816.98 -0.084
817.191 -0.085
817.361 -0.086
817.493 -0.087
817.591 -0.088
817.658 -0.089
817.695 -0.09
817.704 -0.091
817.682 -0.092
817.628 -0.093
817.543 -0.094
817.43 -0.095
817.29 -0.096
817.125 -0.097
816.935 -0.098
816.719 -0.099
816.483 -0.1
816.229 -0.101
815.956 -0.102
815.668 -0.103
815.364 -0.104
815.046 -0.105
814.713 -0.106
814.366 -0.107
814.01 -0.108
813.65 -0.109
813.281 -0.11
812.9 -0.111
812.506 -0.112
812.1 -0.113
811.68 -0.114
811.25 -0.115
810.809 -0.116
810.359 -0.117
809.897 -0.118
809.426 -0.119
808.945 -0.12
808.454 -0.121
807.952 -0.122
807.435 -0.123
806.909 -0.124
806.371 -0.125
805.838 -0.126
805.292 -0.127
804.735 -0.128
804.162 -0.129
803.581 -0.13
802.988 -0.131
802.389 -0.132
801.784 -0.133
801.169 -0.134
800.541 -0.135
799.906 -0.136
799.265 -0.137
798.617 -0.138
797.957 -0.139
797.292 -0.14
796.622 -0.141
795.941 -0.142
795.251 -0.143
794.562 -0.144
793.871 -0.145
793.175 -0.146
792.474 -0.147
791.768 -0.148
791.058 -0.149
790.344 -0.15
789.626 -0.151
788.905 -0.152
788.179 -0.153
787.45 -0.154
786.718 -0.155
785.981 -0.156
785.237 -0.157
784.49 -0.158
783.74 -0.159
782.987 -0.16
782.231 -0.161
781.468 -0.162
780.705 -0.163
779.94 -0.164
779.174 -0.165
778.405 -0.166
777.629 -0.167
776.851 -0.168
776.07 -0.169
775.288 -0.17
774.505 -0.171
773.713 -0.172
772.921 -0.173
772.127 -0.174
771.332 -0.175
770.536 -0.176
769.739 -0.177
768.946 -0.178
768.156 -0.179
767.373 -0.18
766.593 -0.181
765.818 -0.182
765.049 -0.183
764.282 -0.184
763.522 -0.185
762.766 -0.186
762.014 -0.187
761.262 -0.188
760.509 -0.189
759.757 -0.19
759.004 -0.191
758.252 -0.192
757.499 -0.193
756.746 -0.194
755.992 -0.195
755.239 -0.196
754.485 -0.197
753.731 -0.198
752.976 -0.199
752.22 -0.2
751.465 -0.201
750.709 -0.202
749.954 -0.203
749.198 -0.204
748.442 -0.205
747.691 -0.206
746.941 -0.207
746.195 -0.208
745.451 -0.209
744.72 -0.21
743.995 -0.211
743.278 -0.212
742.571 -0.213
741.871 -0.214
741.179 -0.215
740.496 -0.216
739.819 -0.217
739.151 -0.218
738.488 -0.219
737.83 -0.22
737.171 -0.221
736.512 -0.222
735.853 -0.223
735.194 -0.224
734.537 -0.225
733.881 -0.226
733.226 -0.227
732.572 -0.228
731.918 -0.229
731.266 -0.23
730.615 -0.231
729.964 -0.232
729.313 -0.233
728.664 -0.234
728.015 -0.235
727.368 -0.236
726.722 -0.237
726.077 -0.238
725.434 -0.239
724.792 -0.24
724.151 -0.241
723.513 -0.242
722.875 -0.243
722.239 -0.244
721.605 -0.245
720.977 -0.246
720.351 -0.247
719.728 -0.248
719.112 -0.249
718.498 -0.25
717.892 -0.251
717.29 -0.252
716.691 -0.253
716.101 -0.254
715.514 -0.255
714.93 -0.256
714.354 -0.257
713.78 -0.258
713.211 -0.259
712.645 -0.26
712.082 -0.261
711.523 -0.262
710.965 -0.263
710.409 -0.264
709.857 -0.265
709.307 -0.266
708.759 -0.267
708.214 -0.268
707.672 -0.269
707.133 -0.27
706.596 -0.271
706.059 -0.272
705.523 -0.273
704.989 -0.274
704.457 -0.275
703.927 -0.276
703.398 -0.277
702.871 -0.278
702.346 -0.279
701.823 -0.28
701.302 -0.281
700.779 -0.282
700.259 -0.283
699.741 -0.284
699.225 -0.285
698.71 -0.286
698.198 -0.287
697.688 -0.288
697.18 -0.289
696.672 -0.29
696.164 -0.291
695.658 -0.292
695.155 -0.293
694.654 -0.294
694.154 -0.295
693.657 -0.296
693.162 -0.297
692.67 -0.298
692.177 -0.299
691.684 -0.3
691.195 -0.301
690.707 -0.302
690.224 -0.303
689.744 -0.304
689.267 -0.305
688.793 -0.306
688.325 -0.307
687.861 -0.308
687.398 -0.309
686.939 -0.31
686.486 -0.311
686.034 -0.312
685.587 -0.313
685.143 -0.314
684.705 -0.315
684.273 -0.316
683.844 -0.317
683.421 -0.318
682.999 -0.319
682.577 -0.32
682.158 -0.321
681.742 -0.322
681.328 -0.323
680.92 -0.324
680.515 -0.325
680.112 -0.326
679.712 -0.327
679.315 -0.328
678.919 -0.329
678.525 -0.33
678.133 -0.331
677.745 -0.332
677.36 -0.333
676.977 -0.334
676.596 -0.335
676.219 -0.336
675.844 -0.337
675.473 -0.338
675.105 -0.339
674.74 -0.34
674.376 -0.341
674.015 -0.342
673.657 -0.343
673.303 -0.344
672.952 -0.345
672.605 -0.346
672.261 -0.347
671.921 -0.348
671.583 -0.349
671.249 -0.35
670.92 -0.351
670.592 -0.352
670.266 -0.353
669.943 -0.354
669.622 -0.355
669.305 -0.356
668.991 -0.357
668.682 -0.358
668.376 -0.359
668.074 -0.36
667.776 -0.361
667.481 -0.362
667.19 -0.363
666.903 -0.364
666.621 -0.365
666.343 -0.366
666.068 -0.367
665.797 -0.368
665.532 -0.369
665.271 -0.37
665.015 -0.371
664.762 -0.372
664.515 -0.373
664.273 -0.374
664.034 -0.375
663.8 -0.376
663.571 -0.377
663.347 -0.378
663.127 -0.379
662.912 -0.38
662.702 -0.381
662.497 -0.382
662.296 -0.383
662.1 -0.384
661.91 -0.385
661.724 -0.386
661.543 -0.387
661.366 -0.388
661.196 -0.389
661.03 -0.39
660.869 -0.391
660.712 -0.392
660.56 -0.393
660.412 -0.394
660.268 -0.395
660.13 -0.396
659.995 -0.397
659.865 -0.398
659.738 -0.399
659.616 -0.4
659.498 -0.401
659.385 -0.402
659.276 -0.403
659.171 -0.404
659.07 -0.405
658.973 -0.406
658.881 -0.407
658.793 -0.408
658.709 -0.409
658.628 -0.41
658.552 -0.411
658.48 -0.412
658.414 -0.413
658.353 -0.414
658.295 -0.415
658.241 -0.416
658.191 -0.417
658.147 -0.418
658.109 -0.419
658.076 -0.42
658.046 -0.421
658.02 -0.422
657.999 -0.423
657.982 -0.424
657.97 -0.425
657.961 -0.426
657.954 -0.427
657.952 -0.428
657.953 -0.429
657.959 -0.43
657.97 -0.431
657.986 -0.432
658.008 -0.433
658.035 -0.434
658.068 -0.435
658.106 -0.436
658.151 -0.437
658.2 -0.438
658.255 -0.439
658.314 -0.44
658.376 -0.441
658.442 -0.442
658.51 -0.443
658.583 -0.444
658.658 -0.445
658.739 -0.446
658.826 -0.447
658.918 -0.448
659.015 -0.449
659.118 -0.45
659.226 -0.451
659.339 -0.452
659.457 -0.453
659.58 -0.454
659.707 -0.455
659.837 -0.456
659.97 -0.457
660.106 -0.458
660.245 -0.459
660.387 -0.46
660.534 -0.461
660.687 -0.462
660.845 -0.463
661.009 -0.464
661.179 -0.465
661.355 -0.466
661.537 -0.467
661.724 -0.468
661.915 -0.469
662.11 -0.47
662.307 -0.471
662.507 -0.472
662.711 -0.473
662.918 -0.474
663.131 -0.475
663.349 -0.476
663.573 -0.477
663.803 -0.478
664.039 -0.479
664.281 -0.48
664.528 -0.481
664.781 -0.482
665.04 -0.483
665.302 -0.484
665.567 -0.485
665.835 -0.486
666.106 -0.487
666.381 -0.488
666.659 -0.489
666.942 -0.49
667.232 -0.491
667.527 -0.492
667.827 -0.493
668.133 -0.494
668.444 -0.495
668.761 -0.496
669.084 -0.497
669.412 -0.498
669.743 -0.499
670.078 -0.5
670.415 -0.501
670.757 -0.502
671.102 -0.503
671.451 -0.504
671.806 -0.505
672.166 -0.506
672.532 -0.507
672.904 -0.508
673.282 -0.509
673.666 -0.51
674.056 -0.511
674.451 -0.512
674.852 -0.513
675.256 -0.514
675.664 -0.515
676.076 -0.516
676.492 -0.517
676.912 -0.518
677.336 -0.519
677.763 -0.52
678.195 -0.521
678.633 -0.522
679.076 -0.523
679.524 -0.524
679.961 -0.525
680.329 -0.526
680.605 -0.527
680.884 -0.528
681.168 -0.529
681.455 -0.53
681.747 -0.531
682.043 -0.532
682.344 -0.533
682.649 -0.534
682.948 -0.535
683.245 -0.536
683.54 -0.537
683.828 -0.538
684.116 -0.539
684.4 -0.54
684.68 -0.541
684.96 -0.542
685.234 -0.543
685.513 -0.544
685.795 -0.545
686.081 -0.546
686.37 -0.547
686.664 -0.548
686.961 -0.549
687.263 -0.55
687.568 -0.551
687.878 -0.552
688.191 -0.553
688.509 -0.554
688.831 -0.555
689.158 -0.556
689.488 -0.557
689.823 -0.558
690.162 -0.559
690.506 -0.56
690.853 -0.561
691.205 -0.562
691.561 -0.563
691.921 -0.564
692.285 -0.565
692.654 -0.566
693.026 -0.567
693.403 -0.568
693.785 -0.569
694.17 -0.57
694.56 -0.571
694.954 -0.572
695.352 -0.573
695.748 -0.574
696.142 -0.575
696.539 -0.576
696.934 -0.577
697.326 -0.578
697.722 -0.579
698.111 -0.58
698.502 -0.581
698.893 -0.582
699.278 -0.583
699.666 -0.584
700.045 -0.585
700.427 -0.586
700.799 -0.587
701.174 -0.588
701.553 -0.589
701.935 -0.59
702.32 -0.591
702.709 -0.592
703.101 -0.593
703.496 -0.594
703.895 -0.595
704.297 -0.596
704.703 -0.597
705.113 -0.598
705.527 -0.599
705.944 -0.6
706.365 -0.601
706.789 -0.602
707.209 -0.603
707.629 -0.604
708.051 -0.605
708.466 -0.606
708.885 -0.607
709.299 -0.608
709.713 -0.609
710.127 -0.61
710.533 -0.611
710.933 -0.612
711.317 -0.613
711.694 -0.614
712.057 -0.615
712.404 -0.616
712.748 -0.617
713.089 -0.618
713.434 -0.619
713.775 -0.62
714.118 -0.621
714.461 -0.622
714.802 -0.623
715.146 -0.624
715.488 -0.625
715.83 -0.626
716.176 -0.627
716.517 -0.628
716.861 -0.629
717.206 -0.63
717.549 -0.631
717.895 -0.632
718.243 -0.633
718.594 -0.634
718.948 -0.635
719.306 -0.636
719.666 -0.637
720.029 -0.638
720.395 -0.639
720.765 -0.64
721.137 -0.641
721.512 -0.642
721.891 -0.643
722.272 -0.644
722.657 -0.645
723.044 -0.646
723.435 -0.647
723.829 -0.648
724.226 -0.649
724.626 -0.65
725.029 -0.651
725.435 -0.652
725.844 -0.653
726.257 -0.654
726.672 -0.655
727.091 -0.656
727.513 -0.657
727.939 -0.658
728.367 -0.659
728.799 -0.66
729.233 -0.661
729.67 -0.662
730.11 -0.663
730.554 -0.664
731.001 -0.665
731.451 -0.666
731.905 -0.667
732.361 -0.668
732.821 -0.669
733.284 -0.67
733.75 -0.671
734.22 -0.672
734.693 -0.673
735.169 -0.674
735.648 -0.675
736.131 -0.676
736.609 -0.677
737.079 -0.678
737.542 -0.679
737.996 -0.68
738.44 -0.681
738.87 -0.682
739.302 -0.683
739.737 -0.684
740.175 -0.685
740.616 -0.686
741.06 -0.687
741.506 -0.688
741.956 -0.689
742.409 -0.69
742.866 -0.691
743.324 -0.692
743.773 -0.693
744.206 -0.694
744.635 -0.695
745.067 -0.696
745.502 -0.697
745.94 -0.698
746.38 -0.699
746.824 -0.7
747.27 -0.701
747.72 -0.702
748.173 -0.703
748.628 -0.704
749.087 -0.705
749.549 -0.706
750.014 -0.707
750.482 -0.708
750.953 -0.709
751.427 -0.71
751.904 -0.711
752.384 -0.712
752.867 -0.713
753.354 -0.714
753.843 -0.715
754.336 -0.716
754.832 -0.717
755.331 -0.718
755.833 -0.719
756.336 -0.72
756.83 -0.721
757.313 -0.722
757.786 -0.723
758.253 -0.724
758.723 -0.725
759.196 -0.726
759.671 -0.727
760.15 -0.728
760.631 -0.729
761.116 -0.73
761.604 -0.731
762.094 -0.732
762.588 -0.733
763.085 -0.734
763.585 -0.735
764.089 -0.736
764.595 -0.737
765.104 -0.738
765.617 -0.739
766.133 -0.74
766.652 -0.741
767.174 -0.742
767.7 -0.743
768.229 -0.744
768.757 -0.745
769.277 -0.746
769.792 -0.747
770.311 -0.748
770.833 -0.749
771.358 -0.75
771.887 -0.751
772.418 -0.752
772.953 -0.753
773.491 -0.754
774.032 -0.755
774.576 -0.756
775.123 -0.757
775.674 -0.758
776.227 -0.759
776.784 -0.76
777.344 -0.761
777.907 -0.762
778.473 -0.763
779.042 -0.764
779.615 -0.765
780.191 -0.766
780.771 -0.767
781.354 -0.768
781.94 -0.769
782.529 -0.77
783.122 -0.771
783.718 -0.772
784.317 -0.773
784.92 -0.774
785.526 -0.775
786.135 -0.776
786.748 -0.777
787.364 -0.778
787.984 -0.779
788.576 -0.78
789.159 -0.781
789.746 -0.782
790.335 -0.783
790.929 -0.784
791.525 -0.785
792.125 -0.786
792.729 -0.787
793.335 -0.788
793.945 -0.789
794.559 -0.79
795.176 -0.791
795.797 -0.792
796.421 -0.793
797.048 -0.794
797.678 -0.795
798.312 -0.796
798.949 -0.797
799.59 -0.798
800.234 -0.799
800.881 -0.8
801.532 -0.801
802.186 -0.802
802.844 -0.803
803.505 -0.804
804.169 -0.805
804.836 -0.806
805.508 -0.807
806.183 -0.808
806.862 -0.809
807.544 -0.81
808.23 -0.811
808.92 -0.812
809.614 -0.813
810.31 -0.814
810.999 -0.815
811.679 -0.816
812.357 -0.817
813.038 -0.818
813.722 -0.819
814.41 -0.82
815.101 -0.821
815.796 -0.822
816.495 -0.823
817.196 -0.824
817.9 -0.825
818.608 -0.826
819.32 -0.827
820.035 -0.828
820.754 -0.829
821.476 -0.83
822.202 -0.831
822.933 -0.832
823.666 -0.833
824.404 -0.834
825.145 -0.835
825.89 -0.836
826.639 -0.837
827.391 -0.838
828.147 -0.839
828.907 -0.84
829.67 -0.841
830.437 -0.842
831.207 -0.843
831.982 -0.844
832.76 -0.845
833.543 -0.846
834.329 -0.847
835.118 -0.848
835.912 -0.849
836.709 -0.85
837.509 -0.851
838.314 -0.852
839.123 -0.853
839.936 -0.854
840.752 -0.855
841.572 -0.856
842.392 -0.857
843.215 -0.858
844.042 -0.859
844.869 -0.86
845.698 -0.861
846.531 -0.862
847.365 -0.863
848.202 -0.864
849.042 -0.865
849.883 -0.866
850.726 -0.867
851.573 -0.868
852.421 -0.869
853.27 -0.87
854.123 -0.871
854.977 -0.872
855.833 -0.873
856.693 -0.874
857.556 -0.875
858.423 -0.876
859.293 -0.877
860.168 -0.878
861.046 -0.879
861.929 -0.88
862.815 -0.881
863.706 -0.882
864.6 -0.883
865.498 -0.884
866.399 -0.885
867.305 -0.886
868.215 -0.887
869.129 -0.888
870.047 -0.889
870.969 -0.89
871.896 -0.891
872.826 -0.892
873.76 -0.893
874.696 -0.894
875.636 -0.895
876.579 -0.896
877.526 -0.897
878.477 -0.898
879.432 -0.899
880.383 -0.9
881.338 -0.901
882.291 -0.902
883.248 -0.903
884.203 -0.904
885.161 -0.905
886.119 -0.906
887.078 -0.907
888.04 -0.908
889.003 -0.909
889.969 -0.91
890.938 -0.911
891.911 -0.912
892.888 -0.913
893.868 -0.914
894.853 -0.915
895.841 -0.916
896.834 -0.917
897.828 -0.918
898.825 -0.919
899.826 -0.92
900.83 -0.921
901.838 -0.922
902.851 -0.923
903.868 -0.924
904.888 -0.925
905.913 -0.926
906.94 -0.927
907.972 -0.928
909.007 -0.929
910.047 -0.93
911.091 -0.931
912.14 -0.932
913.192 -0.933
914.25 -0.934
915.311 -0.935
916.376 -0.936
917.446 -0.937
918.514 -0.938
919.584 -0.939
920.658 -0.94
921.736 -0.941
922.817 -0.942
923.899 -0.943
924.984 -0.944
926.071 -0.945
927.16 -0.946
928.183 -0.947
929.172 -0.948
930.159 -0.949
931.147 -0.95
932.137 -0.951
933.129 -0.952
934.122 -0.953
935.115 -0.954
936.108 -0.955
937.103 -0.956
938.099 -0.957
939.099 -0.958
940.101 -0.959
941.105 -0.96
942.11 -0.961
943.117 -0.962
944.123 -0.963
945.127 -0.964
946.131 -0.965
947.137 -0.966
948.145 -0.967
949.157 -0.968
950.174 -0.969
951.193 -0.97
952.217 -0.971
953.24 -0.972
954.265 -0.973
955.291 -0.974
956.32 -0.975
957.352 -0.976
958.387 -0.977
959.424 -0.978
960.463 -0.979
961.505 -0.98
962.549 -0.981
963.597 -0.982
964.648 -0.983
965.703 -0.984
966.76 -0.985
967.819 -0.986
968.882 -0.987
969.943 -0.988
971.004 -0.989
972.068 -0.99
973.129 -0.991
974.19 -0.992
975.252 -0.993
976.309 -0.994
977.366 -0.995
978.424 -0.996
979.47 -0.997
980.517 -0.998
981.564 -0.999
982.605 -1
983.649 -1.001
984.689 -1.002
985.726 -1.003
986.767 -1.004
987.797 -1.005
988.83 -1.006
989.866 -1.007
990.904 -1.008
991.946 -1.009
992.981 -1.01
994.017 -1.011
995.049 -1.012
996.08 -1.013
997.107 -1.014
998.13 -1.015
999.149 -1.016
1000.16 -1.017
1001.18 -1.018
1002.2 -1.019
1003.22 -1.02
1004.24 -1.021
1005.27 -1.022
1006.3 -1.023
1007.33 -1.024
1008.36 -1.025
1009.39 -1.026
1010.42 -1.027
1011.45 -1.028
1012.48 -1.029
1013.52 -1.03
1014.56 -1.031
1015.6 -1.032
1016.64 -1.033
1017.69 -1.034
1018.74 -1.035
1019.79 -1.036
1020.84 -1.037
1021.9 -1.038
1022.96 -1.039
1024.02 -1.04
1025.09 -1.041
1026.16 -1.042
1027.23 -1.043
1028.3 -1.044
1029.38 -1.045
1030.46 -1.046
1031.54 -1.047
1032.63 -1.048
1033.72 -1.049
1034.81 -1.05
1035.91 -1.051
1037.01 -1.052
1038.11 -1.053
1039.21 -1.054
1040.32 -1.055
1041.43 -1.056
1042.55 -1.057
1043.67 -1.058
1044.79 -1.059
1045.91 -1.06
1047.04 -1.061
1048.17 -1.062
1049.3 -1.063
1050.44 -1.064
1051.58 -1.065
1052.72 -1.066
1053.87 -1.067
1055.02 -1.068
1056.17 -1.069
1057.32 -1.07
1058.48 -1.071
1059.64 -1.072
1060.81 -1.073
1061.97 -1.074
1063.13 -1.075
1064.3 -1.076
1065.46 -1.077
1066.62 -1.078
1067.78 -1.079
1068.93 -1.08
1070.08 -1.081
1071.24 -1.082
1072.39 -1.083
1073.55 -1.084
1074.72 -1.085
1075.89 -1.086
1077.06 -1.087
1078.23 -1.088
1079.41 -1.089
1080.58 -1.09
1081.77 -1.091
1082.95 -1.092
1084.13 -1.093
1085.31 -1.094
1086.49 -1.095
1087.67 -1.096
1088.86 -1.097
1090.04 -1.098
1091.22 -1.099
1092.41 -1.1
1093.6 -1.101
1094.79 -1.102
1095.99 -1.103
1097.19 -1.104
1098.39 -1.105
1099.59 -1.106
1100.79 -1.107
1101.98 -1.108
1103.18 -1.109
1104.37 -1.11
1105.56 -1.111
1106.74 -1.112
1107.91 -1.113
1109.08 -1.114
1110.23 -1.115
1111.38 -1.116
1112.53 -1.117
1113.68 -1.118
1114.84 -1.119
1116 -1.12
1117.17 -1.121
1118.33 -1.122
1119.5 -1.123
1120.67 -1.124
1121.85 -1.125
1123.03 -1.126
1124.21 -1.127
1125.39 -1.128
1126.58 -1.129
1127.77 -1.13
1128.96 -1.131
1130.15 -1.132
1131.35 -1.133
1132.55 -1.134
1133.75 -1.135
1134.96 -1.136
1136.17 -1.137
1137.38 -1.138
1138.59 -1.139
1139.81 -1.14
1141.03 -1.141
1142.24 -1.142
1143.46 -1.143
1144.68 -1.144
1145.9 -1.145
1147.12 -1.146
1148.35 -1.147
1149.57 -1.148
1150.8 -1.149
1152.02 -1.15
1153.25 -1.151
1154.48 -1.152
1155.71 -1.153
1156.95 -1.154
1158.19 -1.155
1159.43 -1.156
1160.67 -1.157
1161.92 -1.158
1163.17 -1.159
1164.42 -1.16
1165.67 -1.161
1166.92 -1.162
1168.17 -1.163
1169.42 -1.164
1170.67 -1.165
1171.92 -1.166
1173.18 -1.167
1174.38 -1.168
1175.58 -1.169
1176.77 -1.17
1177.97 -1.171
1179.17 -1.172
1180.37 -1.173
1181.57 -1.174
1182.78 -1.175
1183.99 -1.176
1185.19 -1.177
1186.39 -1.178
1187.59 -1.179
1188.8 -1.18
1190.01 -1.181
1191.22 -1.182
1192.43 -1.183
1193.65 -1.184
1194.86 -1.185
1196.07 -1.186
1197.28 -1.187
1198.49 -1.188
1199.71 -1.189
1200.93 -1.19
1202.15 -1.191
1203.37 -1.192
1204.6 -1.193
1205.82 -1.194
1207.05 -1.195
1208.29 -1.196
1209.52 -1.197
1210.76 -1.198
1212 -1.199
1213.23 -1.2
