25.2411 -0.001
50.3968 -0.002
75.4657 -0.003
100.446 -0.004
125.336 -0.005
150.134 -0.006
174.839 -0.007
199.447 -0.008
223.958 -0.009
248.368 -0.01
272.676 -0.011
296.708 -0.012
315.916 -0.013
330.486 -0.014
343.85 -0.015
354.617 -0.016
364.647 -0.017
374.487 -0.018
384.182 -0.019
393.784 -0.02
403.331 -0.021
412.833 -0.022
422.293 -0.023
431.709 -0.024
441.085 -0.025
450.418 -0.026
459.71 -0.027
468.962 -0.028
478.172 -0.029
487.344 -0.03
496.477 -0.031
505.573 -0.032
514.636 -0.033
523.669 -0.034
532.672 -0.035
541.578 -0.036
549.982 -0.037
557.29 -0.038
562.662 -0.039
566.786 -0.04
570.857 -0.041
574.879 -0.042
578.843 -0.043
582.758 -0.044
586.621 -0.045
590.422 -0.046
594.17 -0.047
597.881 -0.048
601.56 -0.049
605.189 -0.05
608.777 -0.051
612.324 -0.052
615.803 -0.053
619.155 -0.054
622.388 -0.055
625.407 -0.056
628.174 -0.057
630.684 -0.058
632.875 -0.059
634.546 -0.06
635.72 -0.061
636.802 -0.062
637.859 -0.063
638.884 -0.064
639.873 -0.065
640.822 -0.066
641.735 -0.067
642.604 -0.068
643.446 -0.069
644.259 -0.07
645.03 -0.071
645.768 -0.072
646.482 -0.073
647.178 -0.074
647.839 -0.075
648.47 -0.076
649.078 -0.077
649.668 -0.078
650.231 -0.079
650.779 -0.08
651.308 -0.081
651.817 -0.082
652.313 -0.083
652.799 -0.084
653.271 -0.085
653.725 -0.086
654.157 -0.087
654.576 -0.088
654.979 -0.089
655.36 -0.09
655.717 -0.091
656.045 -0.092
656.355 -0.093
656.648 -0.094
656.913 -0.095
657.148 -0.096
657.359 -0.097
657.561 -0.098
657.751 -0.099
657.926 -0.1
658.079 -0.101
658.212 -0.102
658.329 -0.103
658.435 -0.104
658.523 -0.105
658.588 -0.106
658.627 -0.107
658.654 -0.108
658.669 -0.109
658.657 -0.11
658.639 -0.111
658.615 -0.112
658.587 -0.113
658.55 -0.114
658.505 -0.115
658.456 -0.116
658.396 -0.117
658.336 -0.118
658.277 -0.119
658.204 -0.12
658.113 -0.121
658.017 -0.122
657.912 -0.123
657.804 -0.124
657.677 -0.125
657.543 -0.126
657.402 -0.127
657.262 -0.128
657.108 -0.129
656.943 -0.13
656.785 -0.131
656.619 -0.132
656.452 -0.133
656.269 -0.134
656.07 -0.135
655.857 -0.136
655.619 -0.137
655.365 -0.138
655.088 -0.139
654.797 -0.14
654.48 -0.141
654.146 -0.142
653.832 -0.143
653.521 -0.144
653.21 -0.145
652.929 -0.146
652.691 -0.147
652.436 -0.148
652.191 -0.149
651.976 -0.15
651.768 -0.151
651.569 -0.152
651.38 -0.153
651.203 -0.154
651.021 -0.155
650.843 -0.156
650.671 -0.157
650.495 -0.158
650.324 -0.159
650.165 -0.16
650 -0.161
649.837 -0.162
649.679 -0.163
649.516 -0.164
649.35 -0.165
649.189 -0.166
649.028 -0.167
648.864 -0.168
648.702 -0.169
648.541 -0.17
648.377 -0.171
648.214 -0.172
648.057 -0.173
647.9 -0.174
647.743 -0.175
647.59 -0.176
647.44 -0.177
647.291 -0.178
647.145 -0.179
647 -0.18
646.858 -0.181
646.72 -0.182
646.581 -0.183
646.44 -0.184
646.302 -0.185
646.163 -0.186
646.024 -0.187
645.887 -0.188
645.75 -0.189
645.61 -0.19
645.469 -0.191
645.33 -0.192
645.191 -0.193
645.052 -0.194
644.914 -0.195
644.775 -0.196
644.637 -0.197
644.499 -0.198
644.362 -0.199
644.227 -0.2
644.089 -0.201
643.951 -0.202
643.812 -0.203
643.674 -0.204
643.537 -0.205
643.401 -0.206
643.265 -0.207
643.129 -0.208
642.993 -0.209
642.857 -0.21
642.721 -0.211
642.586 -0.212
642.451 -0.213
642.315 -0.214
642.178 -0.215
642.042 -0.216
641.908 -0.217
641.777 -0.218
641.646 -0.219
641.516 -0.22
641.386 -0.221
641.257 -0.222
641.13 -0.223
641.005 -0.224
640.882 -0.225
640.758 -0.226
640.635 -0.227
640.513 -0.228
640.392 -0.229
640.272 -0.23
640.153 -0.231
640.036 -0.232
639.92 -0.233
639.806 -0.234
639.693 -0.235
639.581 -0.236
639.471 -0.237
639.362 -0.238
639.253 -0.239
639.147 -0.24
639.042 -0.241
638.939 -0.242
638.836 -0.243
638.734 -0.244
638.634 -0.245
638.535 -0.246
638.438 -0.247
638.342 -0.248
638.246 -0.249
638.152 -0.25
638.059 -0.251
637.967 -0.252
637.877 -0.253
637.789 -0.254
637.702 -0.255
637.616 -0.256
637.532 -0.257
637.448 -0.258
637.366 -0.259
637.285 -0.26
637.205 -0.261
637.128 -0.262
637.051 -0.263
636.975 -0.264
636.901 -0.265
636.829 -0.266
636.758 -0.267
636.688 -0.268
636.62 -0.269
636.553 -0.27
636.488 -0.271
636.424 -0.272
636.361 -0.273
636.299 -0.274
636.239 -0.275
636.18 -0.276
636.122 -0.277
636.066 -0.278
636.011 -0.279
635.957 -0.28
635.904 -0.281
635.853 -0.282
635.804 -0.283
635.755 -0.284
635.709 -0.285
635.663 -0.286
635.619 -0.287
635.577 -0.288
635.536 -0.289
635.497 -0.29
635.46 -0.291
635.424 -0.292
635.389 -0.293
635.356 -0.294
635.325 -0.295
635.295 -0.296
635.267 -0.297
635.241 -0.298
635.216 -0.299
635.193 -0.3
635.171 -0.301
635.151 -0.302
635.132 -0.303
635.116 -0.304
635.101 -0.305
635.088 -0.306
635.077 -0.307
635.068 -0.308
635.061 -0.309
635.055 -0.31
635.052 -0.311
635.051 -0.312
635.052 -0.313
635.055 -0.314
635.059 -0.315
635.067 -0.316
635.076 -0.317
635.087 -0.318
635.1 -0.319
635.116 -0.32
635.132 -0.321
635.151 -0.322
635.172 -0.323
635.195 -0.324
635.219 -0.325
635.246 -0.326
635.275 -0.327
635.307 -0.328
635.341 -0.329
635.376 -0.33
635.413 -0.331
635.453 -0.332
635.495 -0.333
635.538 -0.334
635.583 -0.335
635.631 -0.336
635.68 -0.337
635.732 -0.338
635.786 -0.339
635.842 -0.34
635.9 -0.341
635.96 -0.342
636.023 -0.343
636.087 -0.344
636.154 -0.345
636.223 -0.346
636.295 -0.347
636.369 -0.348
636.445 -0.349
636.523 -0.35
636.604 -0.351
636.688 -0.352
636.774 -0.353
636.861 -0.354
636.95 -0.355
637.041 -0.356
637.133 -0.357
637.225 -0.358
637.32 -0.359
637.416 -0.36
637.515 -0.361
637.617 -0.362
637.721 -0.363
637.828 -0.364
637.938 -0.365
638.048 -0.366
638.16 -0.367
638.273 -0.368
638.387 -0.369
638.505 -0.37
638.625 -0.371
638.746 -0.372
638.868 -0.373
638.99 -0.374
639.111 -0.375
639.234 -0.376
639.359 -0.377
639.484 -0.378
639.613 -0.379
639.742 -0.38
639.873 -0.381
640.004 -0.382
640.136 -0.383
640.268 -0.384
640.401 -0.385
640.533 -0.386
640.666 -0.387
640.8 -0.388
640.936 -0.389
641.073 -0.39
641.211 -0.391
641.351 -0.392
641.492 -0.393
641.635 -0.394
641.78 -0.395
641.924 -0.396
642.066 -0.397
642.209 -0.398
642.354 -0.399
642.501 -0.4
642.651 -0.401
642.804 -0.402
642.953 -0.403
643.101 -0.404
643.249 -0.405
643.398 -0.406
643.551 -0.407
643.706 -0.408
643.863 -0.409
644.023 -0.41
644.185 -0.411
644.35 -0.412
644.518 -0.413
644.688 -0.414
644.86 -0.415
645.033 -0.416
645.208 -0.417
645.386 -0.418
645.566 -0.419
645.749 -0.42
645.935 -0.421
646.123 -0.422
646.314 -0.423
646.508 -0.424
646.705 -0.425
646.904 -0.426
647.104 -0.427
647.306 -0.428
647.511 -0.429
647.719 -0.43
647.93 -0.431
648.143 -0.432
648.36 -0.433
648.579 -0.434
648.801 -0.435
649.027 -0.436
649.255 -0.437
649.486 -0.438
649.721 -0.439
649.958 -0.44
650.199 -0.441
650.442 -0.442
650.688 -0.443
650.938 -0.444
651.189 -0.445
651.44 -0.446
651.694 -0.447
651.951 -0.448
652.21 -0.449
652.473 -0.45
652.739 -0.451
653.004 -0.452
653.27 -0.453
653.539 -0.454
653.811 -0.455
654.087 -0.456
654.365 -0.457
654.642 -0.458
654.92 -0.459
655.202 -0.46
655.487 -0.461
655.774 -0.462
656.061 -0.463
656.349 -0.464
656.64 -0.465
656.934 -0.466
657.23 -0.467
657.523 -0.468
657.819 -0.469
658.118 -0.47
658.419 -0.471
658.722 -0.472
659.023 -0.473
659.328 -0.474
659.636 -0.475
659.947 -0.476
660.26 -0.477
660.573 -0.478
660.888 -0.479
661.207 -0.48
661.528 -0.481
661.853 -0.482
662.179 -0.483
662.506 -0.484
662.838 -0.485
663.171 -0.486
663.507 -0.487
663.843 -0.488
664.182 -0.489
664.525 -0.49
664.871 -0.491
665.218 -0.492
665.568 -0.493
665.921 -0.494
666.277 -0.495
666.636 -0.496
666.996 -0.497
667.358 -0.498
667.724 -0.499
668.093 -0.5
668.465 -0.501
668.84 -0.502
669.214 -0.503
669.592 -0.504
669.973 -0.505
670.355 -0.506
670.737 -0.507
671.122 -0.508
671.512 -0.509
671.904 -0.51
672.295 -0.511
672.689 -0.512
673.086 -0.513
673.484 -0.514
673.882 -0.515
674.283 -0.516
674.688 -0.517
675.095 -0.518
675.502 -0.519
675.913 -0.52
676.327 -0.521
676.742 -0.522
677.16 -0.523
677.582 -0.524
678.007 -0.525
678.437 -0.526
678.868 -0.527
679.287 -0.528
679.705 -0.529
680.125 -0.53
680.547 -0.531
680.974 -0.532
681.389 -0.533
681.806 -0.534
682.212 -0.535
682.617 -0.536
683.026 -0.537
683.426 -0.538
683.823 -0.539
684.223 -0.54
684.622 -0.541
685.013 -0.542
685.395 -0.543
685.74 -0.544
686.089 -0.545
686.442 -0.546
686.796 -0.547
687.111 -0.548
687.422 -0.549
687.737 -0.55
688.055 -0.551
688.34 -0.552
688.625 -0.553
688.914 -0.554
689.195 -0.555
689.446 -0.556
689.693 -0.557
689.943 -0.558
690.194 -0.559
690.446 -0.56
690.701 -0.561
690.958 -0.562
691.219 -0.563
691.484 -0.564
691.747 -0.565
691.978 -0.566
692.196 -0.567
692.405 -0.568
692.571 -0.569
692.74 -0.57
692.88 -0.571
693.002 -0.572
693.12 -0.573
693.195 -0.574
693.274 -0.575
693.355 -0.576
693.441 -0.577
693.53 -0.578
693.622 -0.579
693.716 -0.58
693.811 -0.581
693.909 -0.582
694.012 -0.583
694.118 -0.584
694.219 -0.585
694.321 -0.586
694.382 -0.587
694.396 -0.588
694.356 -0.589
694.263 -0.59
694.153 -0.591
694.045 -0.592
693.939 -0.593
693.837 -0.594
693.738 -0.595
693.64 -0.596
693.528 -0.597
693.42 -0.598
693.286 -0.599
693.046 -0.6
