11.1118 -0.001
22.1803 -0.002
33.2056 -0.003
44.1879 -0.004
55.1272 -0.005
66.0236 -0.006
76.8773 -0.007
87.6882 -0.008
98.4566 -0.009
109.182 -0.01
119.866 -0.011
130.507 -0.012
141.106 -0.013
151.662 -0.014
162.177 -0.015
172.649 -0.016
183.08 -0.017
193.469 -0.018
203.816 -0.019
214.121 -0.02
224.384 -0.021
234.606 -0.022
244.787 -0.023
254.926 -0.024
265.023 -0.025
275.079 -0.026
285.094 -0.027
295.067 -0.028
304.999 -0.029
314.891 -0.03
324.74 -0.031
334.549 -0.032
344.317 -0.033
354.044 -0.034
363.73 -0.035
373.374 -0.036
382.794 -0.037
391.712 -0.038
399.871 -0.039
406.876 -0.04
413.593 -0.041
420.268 -0.042
426.907 -0.043
433.511 -0.044
440.078 -0.045
446.605 -0.046
453.053 -0.047
459.4 -0.048
465.578 -0.049
471.68 -0.05
477.502 -0.051
483.245 -0.052
488.614 -0.053
493.64 -0.054
498.582 -0.055
503.492 -0.056
508.351 -0.057
513.172 -0.058
517.962 -0.059
522.692 -0.06
527.387 -0.061
532.05 -0.062
536.67 -0.063
541.242 -0.064
545.783 -0.065
550.294 -0.066
554.748 -0.067
559.155 -0.068
563.419 -0.069
567.617 -0.07
571.498 -0.071
575.344 -0.072
579.076 -0.073
582.398 -0.074
585.682 -0.075
588.907 -0.076
591.617 -0.077
594.251 -0.078
596.607 -0.079
598.712 -0.08
600.74 -0.081
602.728 -0.082
604.679 -0.083
606.596 -0.084
608.415 -0.085
610.04 -0.086
611.639 -0.087
613.209 -0.088
614.752 -0.089
616.259 -0.09
617.733 -0.091
619.115 -0.092
620.333 -0.093
621.532 -0.094
622.714 -0.095
623.878 -0.096
624.967 -0.097
625.862 -0.098
626.729 -0.099
627.576 -0.1
628.408 -0.101
629.226 -0.102
630.03 -0.103
630.732 -0.104
631.299 -0.105
631.848 -0.106
632.381 -0.107
632.898 -0.108
633.393 -0.109
633.863 -0.11
634.317 -0.111
634.748 -0.112
635.148 -0.113
635.528 -0.114
635.894 -0.115
636.242 -0.116
636.443 -0.117
636.567 -0.118
636.676 -0.119
636.773 -0.12
636.86 -0.121
636.936 -0.122
637 -0.123
637.036 -0.124
637.023 -0.125
636.984 -0.126
636.935 -0.127
636.876 -0.128
636.806 -0.129
636.725 -0.13
636.632 -0.131
636.527 -0.132
636.411 -0.133
636.284 -0.134
636.145 -0.135
635.998 -0.136
635.842 -0.137
635.679 -0.138
635.51 -0.139
635.334 -0.14
635.151 -0.141
634.962 -0.142
634.765 -0.143
634.561 -0.144
634.351 -0.145
634.13 -0.146
633.883 -0.147
633.606 -0.148
633.318 -0.149
633.027 -0.15
632.732 -0.151
632.434 -0.152
632.132 -0.153
631.826 -0.154
631.518 -0.155
631.207 -0.156
630.892 -0.157
630.575 -0.158
630.254 -0.159
629.931 -0.16
629.605 -0.161
629.276 -0.162
628.945 -0.163
628.61 -0.164
628.273 -0.165
627.931 -0.166
627.575 -0.167
627.206 -0.168
626.835 -0.169
626.461 -0.17
626.086 -0.171
625.709 -0.172
625.33 -0.173
624.949 -0.174
624.566 -0.175
624.182 -0.176
623.796 -0.177
623.409 -0.178
623.02 -0.179
622.63 -0.18
622.237 -0.181
621.843 -0.182
621.448 -0.183
621.051 -0.184
620.652 -0.185
620.253 -0.186
619.852 -0.187
619.45 -0.188
619.048 -0.189
618.645 -0.19
618.242 -0.191
617.838 -0.192
617.434 -0.193
617.029 -0.194
616.624 -0.195
616.219 -0.196
615.813 -0.197
615.407 -0.198
615 -0.199
614.594 -0.2
614.187 -0.201
613.78 -0.202
613.374 -0.203
612.967 -0.204
612.56 -0.205
612.153 -0.206
611.746 -0.207
611.339 -0.208
610.932 -0.209
610.526 -0.21
610.119 -0.211
609.713 -0.212
609.307 -0.213
608.901 -0.214
608.495 -0.215
608.089 -0.216
607.683 -0.217
607.278 -0.218
606.873 -0.219
606.468 -0.22
606.065 -0.221
605.661 -0.222
605.259 -0.223
604.857 -0.224
604.456 -0.225
604.055 -0.226
603.656 -0.227
603.257 -0.228
602.859 -0.229
602.462 -0.23
602.066 -0.231
601.671 -0.232
601.277 -0.233
600.883 -0.234
600.489 -0.235
600.097 -0.236
599.705 -0.237
599.314 -0.238
598.923 -0.239
598.533 -0.24
598.144 -0.241
597.756 -0.242
597.368 -0.243
596.98 -0.244
596.594 -0.245
596.208 -0.246
595.821 -0.247
595.435 -0.248
595.05 -0.249
594.665 -0.25
594.279 -0.251
593.893 -0.252
593.508 -0.253
593.122 -0.254
592.736 -0.255
592.352 -0.256
591.968 -0.257
591.585 -0.258
591.203 -0.259
590.822 -0.26
590.442 -0.261
590.063 -0.262
589.685 -0.263
589.308 -0.264
588.932 -0.265
588.557 -0.266
588.184 -0.267
587.811 -0.268
587.44 -0.269
587.07 -0.27
586.702 -0.271
586.334 -0.272
585.968 -0.273
585.603 -0.274
585.239 -0.275
584.877 -0.276
584.516 -0.277
584.156 -0.278
583.797 -0.279
583.44 -0.28
583.084 -0.281
582.729 -0.282
582.376 -0.283
582.024 -0.284
581.674 -0.285
581.325 -0.286
580.977 -0.287
580.631 -0.288
580.286 -0.289
579.943 -0.29
579.6 -0.291
579.259 -0.292
578.919 -0.293
578.581 -0.294
578.244 -0.295
577.908 -0.296
577.574 -0.297
577.242 -0.298
576.911 -0.299
576.581 -0.3
576.253 -0.301
575.926 -0.302
575.6 -0.303
575.275 -0.304
574.952 -0.305
574.63 -0.306
574.309 -0.307
573.99 -0.308
573.674 -0.309
573.362 -0.31
573.054 -0.311
572.749 -0.312
572.447 -0.313
572.147 -0.314
571.847 -0.315
571.549 -0.316
571.25 -0.317
570.953 -0.318
570.657 -0.319
570.361 -0.32
570.066 -0.321
569.772 -0.322
569.479 -0.323
569.186 -0.324
568.894 -0.325
568.604 -0.326
568.315 -0.327
568.026 -0.328
567.739 -0.329
567.453 -0.33
567.168 -0.331
566.884 -0.332
566.602 -0.333
566.321 -0.334
566.041 -0.335
565.762 -0.336
565.484 -0.337
565.207 -0.338
564.931 -0.339
564.656 -0.34
564.382 -0.341
564.108 -0.342
563.835 -0.343
563.563 -0.344
563.29 -0.345
563.019 -0.346
562.749 -0.347
562.479 -0.348
562.21 -0.349
561.942 -0.35
561.674 -0.351
561.405 -0.352
561.138 -0.353
560.872 -0.354
560.605 -0.355
560.339 -0.356
560.074 -0.357
559.81 -0.358
559.547 -0.359
559.286 -0.36
559.026 -0.361
558.767 -0.362
558.509 -0.363
558.253 -0.364
557.998 -0.365
557.745 -0.366
557.493 -0.367
557.242 -0.368
556.993 -0.369
556.745 -0.37
556.498 -0.371
556.253 -0.372
556.009 -0.373
555.766 -0.374
555.525 -0.375
555.286 -0.376
555.048 -0.377
554.811 -0.378
554.576 -0.379
554.342 -0.38
554.11 -0.381
553.879 -0.382
553.649 -0.383
553.42 -0.384
553.192 -0.385
552.965 -0.386
552.74 -0.387
552.516 -0.388
552.294 -0.389
552.073 -0.39
551.855 -0.391
551.64 -0.392
551.426 -0.393
551.214 -0.394
551.005 -0.395
550.797 -0.396
550.593 -0.397
550.387 -0.398
550.183 -0.399
549.98 -0.4
549.775 -0.401
549.57 -0.402
549.365 -0.403
549.162 -0.404
548.958 -0.405
548.756 -0.406
548.555 -0.407
548.354 -0.408
548.155 -0.409
547.957 -0.41
547.76 -0.411
547.564 -0.412
547.371 -0.413
547.178 -0.414
546.987 -0.415
546.798 -0.416
546.61 -0.417
546.423 -0.418
546.239 -0.419
546.055 -0.42
545.874 -0.421
545.693 -0.422
545.515 -0.423
545.338 -0.424
545.163 -0.425
544.989 -0.426
544.817 -0.427
544.647 -0.428
544.478 -0.429
544.311 -0.43
544.145 -0.431
543.982 -0.432
543.82 -0.433
543.66 -0.434
543.502 -0.435
543.345 -0.436
543.19 -0.437
543.037 -0.438
542.886 -0.439
542.737 -0.44
542.59 -0.441
542.444 -0.442
542.301 -0.443
542.159 -0.444
542.019 -0.445
541.881 -0.446
541.745 -0.447
541.611 -0.448
541.479 -0.449
541.349 -0.45
541.22 -0.451
541.093 -0.452
540.969 -0.453
540.846 -0.454
540.725 -0.455
540.606 -0.456
540.489 -0.457
540.373 -0.458
540.26 -0.459
540.149 -0.46
540.039 -0.461
539.932 -0.462
539.827 -0.463
539.724 -0.464
539.623 -0.465
539.525 -0.466
539.428 -0.467
539.334 -0.468
539.242 -0.469
539.152 -0.47
539.065 -0.471
538.98 -0.472
538.897 -0.473
538.817 -0.474
538.739 -0.475
538.663 -0.476
538.59 -0.477
538.518 -0.478
538.45 -0.479
538.383 -0.48
538.316 -0.481
538.25 -0.482
538.181 -0.483
538.112 -0.484
538.042 -0.485
537.969 -0.486
537.896 -0.487
537.82 -0.488
537.742 -0.489
537.664 -0.49
537.588 -0.491
537.515 -0.492
537.443 -0.493
537.374 -0.494
537.307 -0.495
537.242 -0.496
537.179 -0.497
537.118 -0.498
537.06 -0.499
537.003 -0.5
536.949 -0.501
536.897 -0.502
536.847 -0.503
536.8 -0.504
536.755 -0.505
536.705 -0.506
536.645 -0.507
536.587 -0.508
536.53 -0.509
536.476 -0.51
536.424 -0.511
536.374 -0.512
536.326 -0.513
536.28 -0.514
536.237 -0.515
536.195 -0.516
536.156 -0.517
536.119 -0.518
536.084 -0.519
536.052 -0.52
536.022 -0.521
535.994 -0.522
535.968 -0.523
535.945 -0.524
535.924 -0.525
535.905 -0.526
535.889 -0.527
535.875 -0.528
535.863 -0.529
535.854 -0.53
535.846 -0.531
535.84 -0.532
535.834 -0.533
535.829 -0.534
535.824 -0.535
535.82 -0.536
535.817 -0.537
535.815 -0.538
535.813 -0.539
535.813 -0.54
535.816 -0.541
535.821 -0.542
535.829 -0.543
535.839 -0.544
535.851 -0.545
535.866 -0.546
535.884 -0.547
535.904 -0.548
535.926 -0.549
535.952 -0.55
535.979 -0.551
536.01 -0.552
536.043 -0.553
536.079 -0.554
536.117 -0.555
536.158 -0.556
536.202 -0.557
536.248 -0.558
536.297 -0.559
536.349 -0.56
536.403 -0.561
536.461 -0.562
536.521 -0.563
536.583 -0.564
536.637 -0.565
536.672 -0.566
536.7 -0.567
536.73 -0.568
536.763 -0.569
536.798 -0.57
536.836 -0.571
536.876 -0.572
536.919 -0.573
536.964 -0.574
537.012 -0.575
537.062 -0.576
537.115 -0.577
537.171 -0.578
537.229 -0.579
537.29 -0.58
537.353 -0.581
537.419 -0.582
537.488 -0.583
537.56 -0.584
537.634 -0.585
537.711 -0.586
537.791 -0.587
537.874 -0.588
537.959 -0.589
538.047 -0.59
538.139 -0.591
538.233 -0.592
538.33 -0.593
538.43 -0.594
538.527 -0.595
538.61 -0.596
538.696 -0.597
538.784 -0.598
538.875 -0.599
538.969 -0.6
539.066 -0.601
539.166 -0.602
539.268 -0.603
539.374 -0.604
539.482 -0.605
539.594 -0.606
539.708 -0.607
539.826 -0.608
539.946 -0.609
540.07 -0.61
540.197 -0.611
540.326 -0.612
540.459 -0.613
540.595 -0.614
540.731 -0.615
540.861 -0.616
540.993 -0.617
541.128 -0.618
541.266 -0.619
541.407 -0.62
541.551 -0.621
541.699 -0.622
541.849 -0.623
542.003 -0.624
542.16 -0.625
542.319 -0.626
542.482 -0.627
542.648 -0.628
542.817 -0.629
542.989 -0.63
543.164 -0.631
543.343 -0.632
543.525 -0.633
543.71 -0.634
543.898 -0.635
544.09 -0.636
544.284 -0.637
544.483 -0.638
544.684 -0.639
544.889 -0.64
545.097 -0.641
545.309 -0.642
545.525 -0.643
545.743 -0.644
545.958 -0.645
546.162 -0.646
546.355 -0.647
546.544 -0.648
546.736 -0.649
546.93 -0.65
547.127 -0.651
547.328 -0.652
547.533 -0.653
547.74 -0.654
547.951 -0.655
548.165 -0.656
548.382 -0.657
548.603 -0.658
548.827 -0.659
549.054 -0.66
549.284 -0.661
549.518 -0.662
549.755 -0.663
549.995 -0.664
550.239 -0.665
550.486 -0.666
550.736 -0.667
550.99 -0.668
551.247 -0.669
551.508 -0.67
551.772 -0.671
552.039 -0.672
552.311 -0.673
552.585 -0.674
552.863 -0.675
553.145 -0.676
553.431 -0.677
553.719 -0.678
554.011 -0.679
554.307 -0.68
554.607 -0.681
554.91 -0.682
555.217 -0.683
555.528 -0.684
555.842 -0.685
556.16 -0.686
556.482 -0.687
556.807 -0.688
557.135 -0.689
557.468 -0.69
557.803 -0.691
558.142 -0.692
558.482 -0.693
558.824 -0.694
559.17 -0.695
559.519 -0.696
559.872 -0.697
560.228 -0.698
560.587 -0.699
560.944 -0.7
561.298 -0.701
561.65 -0.702
562.001 -0.703
562.351 -0.704
562.702 -0.705
563.055 -0.706
563.407 -0.707
563.758 -0.708
564.11 -0.709
564.461 -0.71
564.814 -0.711
565.17 -0.712
565.53 -0.713
565.894 -0.714
566.261 -0.715
566.631 -0.716
567.005 -0.717
567.383 -0.718
567.763 -0.719
568.145 -0.72
568.531 -0.721
568.921 -0.722
569.315 -0.723
569.712 -0.724
570.114 -0.725
570.518 -0.726
570.924 -0.727
571.332 -0.728
571.74 -0.729
572.151 -0.73
572.563 -0.731
572.978 -0.732
573.395 -0.733
573.814 -0.734
574.238 -0.735
574.665 -0.736
575.096 -0.737
575.531 -0.738
575.967 -0.739
576.408 -0.74
576.852 -0.741
577.299 -0.742
577.751 -0.743
578.207 -0.744
578.666 -0.745
579.13 -0.746
579.597 -0.747
580.067 -0.748
580.54 -0.749
581.016 -0.75
581.495 -0.751
581.978 -0.752
582.465 -0.753
582.956 -0.754
583.45 -0.755
583.948 -0.756
584.45 -0.757
584.955 -0.758
585.464 -0.759
585.976 -0.76
586.491 -0.761
587.01 -0.762
587.532 -0.763
588.055 -0.764
588.578 -0.765
589.099 -0.766
589.617 -0.767
590.13 -0.768
590.634 -0.769
591.124 -0.77
591.607 -0.771
592.089 -0.772
592.567 -0.773
593.039 -0.774
593.5 -0.775
593.957 -0.776
594.419 -0.777
594.883 -0.778
595.351 -0.779
595.823 -0.78
596.299 -0.781
596.779 -0.782
597.264 -0.783
597.752 -0.784
598.245 -0.785
598.75 -0.786
599.279 -0.787
599.826 -0.788
600.377 -0.789
600.932 -0.79
601.491 -0.791
602.068 -0.792
602.675 -0.793
603.285 -0.794
603.895 -0.795
604.507 -0.796
605.119 -0.797
605.734 -0.798
606.35 -0.799
606.97 -0.8
607.611 -0.801
608.317 -0.802
609.024 -0.803
609.734 -0.804
610.448 -0.805
611.165 -0.806
611.944 -0.807
612.72 -0.808
613.493 -0.809
614.27 -0.81
615.05 -0.811
615.834 -0.812
616.612 -0.813
617.364 -0.814
618.12 -0.815
618.879 -0.816
619.643 -0.817
620.408 -0.818
621.173 -0.819
621.94 -0.82
622.711 -0.821
623.487 -0.822
624.267 -0.823
625.051 -0.824
625.837 -0.825
626.625 -0.826
627.417 -0.827
628.206 -0.828
628.98 -0.829
629.758 -0.83
630.538 -0.831
631.322 -0.832
632.11 -0.833
632.876 -0.834
633.646 -0.835
634.42 -0.836
635.198 -0.837
635.98 -0.838
636.765 -0.839
637.554 -0.84
638.345 -0.841
639.137 -0.842
639.932 -0.843
640.727 -0.844
641.525 -0.845
642.325 -0.846
643.128 -0.847
643.934 -0.848
644.74 -0.849
645.549 -0.85
646.361 -0.851
647.176 -0.852
647.994 -0.853
648.816 -0.854
649.639 -0.855
650.466 -0.856
651.294 -0.857
652.124 -0.858
652.956 -0.859
653.792 -0.86
654.629 -0.861
655.471 -0.862
656.316 -0.863
657.164 -0.864
658.014 -0.865
658.868 -0.866
659.725 -0.867
660.586 -0.868
661.45 -0.869
662.318 -0.87
663.188 -0.871
664.062 -0.872
664.938 -0.873
665.815 -0.874
666.695 -0.875
667.577 -0.876
668.461 -0.877
669.348 -0.878
670.238 -0.879
671.129 -0.88
672.022 -0.881
672.919 -0.882
673.818 -0.883
674.722 -0.884
675.627 -0.885
676.535 -0.886
677.445 -0.887
678.357 -0.888
679.272 -0.889
680.189 -0.89
681.109 -0.891
682.031 -0.892
682.956 -0.893
683.884 -0.894
684.815 -0.895
685.749 -0.896
686.687 -0.897
687.627 -0.898
688.568 -0.899
689.513 -0.9
690.459 -0.901
691.408 -0.902
692.361 -0.903
693.316 -0.904
694.274 -0.905
695.236 -0.906
696.198 -0.907
697.162 -0.908
698.127 -0.909
699.091 -0.91
700.058 -0.911
701.027 -0.912
701.998 -0.913
702.972 -0.914
703.95 -0.915
704.93 -0.916
705.914 -0.917
706.901 -0.918
707.891 -0.919
708.882 -0.92
709.876 -0.921
710.874 -0.922
711.873 -0.923
712.877 -0.924
713.883 -0.925
714.891 -0.926
715.901 -0.927
716.915 -0.928
717.933 -0.929
718.954 -0.93
719.979 -0.931
721.008 -0.932
722.04 -0.933
723.076 -0.934
724.115 -0.935
725.157 -0.936
726.203 -0.937
727.249 -0.938
728.291 -0.939
729.331 -0.94
730.374 -0.941
731.417 -0.942
732.462 -0.943
733.509 -0.944
734.557 -0.945
735.606 -0.946
736.658 -0.947
737.712 -0.948
738.768 -0.949
739.827 -0.95
740.889 -0.951
741.955 -0.952
743.025 -0.953
744.098 -0.954
745.176 -0.955
746.258 -0.956
747.342 -0.957
748.431 -0.958
749.525 -0.959
750.622 -0.96
751.724 -0.961
752.83 -0.962
753.939 -0.963
755.052 -0.964
756.169 -0.965
757.291 -0.966
758.416 -0.967
759.546 -0.968
760.68 -0.969
761.817 -0.97
762.958 -0.971
764.102 -0.972
765.245 -0.973
766.39 -0.974
767.536 -0.975
768.676 -0.976
769.815 -0.977
770.95 -0.978
772.079 -0.979
773.207 -0.98
774.331 -0.981
775.452 -0.982
776.568 -0.983
777.685 -0.984
778.806 -0.985
779.928 -0.986
781.053 -0.987
782.18 -0.988
783.31 -0.989
784.443 -0.99
785.581 -0.991
786.723 -0.992
787.868 -0.993
789.018 -0.994
790.171 -0.995
791.328 -0.996
792.489 -0.997
793.653 -0.998
794.821 -0.999
795.993 -1
797.169 -1.001
798.349 -1.002
799.531 -1.003
800.716 -1.004
801.904 -1.005
803.095 -1.006
804.288 -1.007
805.483 -1.008
806.683 -1.009
807.884 -1.01
809.088 -1.011
810.295 -1.012
811.507 -1.013
812.719 -1.014
813.935 -1.015
815.155 -1.016
816.376 -1.017
817.597 -1.018
818.822 -1.019
820.052 -1.02
821.282 -1.021
822.513 -1.022
823.748 -1.023
824.987 -1.024
826.229 -1.025
827.473 -1.026
828.721 -1.027
829.973 -1.028
831.229 -1.029
832.486 -1.03
833.747 -1.031
835.012 -1.032
836.281 -1.033
837.552 -1.034
838.824 -1.035
840.098 -1.036
841.376 -1.037
842.655 -1.038
843.939 -1.039
845.222 -1.04
846.508 -1.041
847.798 -1.042
849.093 -1.043
850.391 -1.044
851.694 -1.045
853 -1.046
854.311 -1.047
855.625 -1.048
856.942 -1.049
858.264 -1.05
859.59 -1.051
860.92 -1.052
862.255 -1.053
863.593 -1.054
864.935 -1.055
866.282 -1.056
867.633 -1.057
868.987 -1.058
870.346 -1.059
871.71 -1.06
873.077 -1.061
874.448 -1.062
875.824 -1.063
877.204 -1.064
878.588 -1.065
879.976 -1.066
881.369 -1.067
882.765 -1.068
884.166 -1.069
885.571 -1.07
886.981 -1.071
888.394 -1.072
889.812 -1.073
891.234 -1.074
892.661 -1.075
894.091 -1.076
895.526 -1.077
896.965 -1.078
898.409 -1.079
899.857 -1.08
901.308 -1.081
902.763 -1.082
904.222 -1.083
905.685 -1.084
907.152 -1.085
908.623 -1.086
910.098 -1.087
911.577 -1.088
913.057 -1.089
914.53 -1.09
916.006 -1.091
917.468 -1.092
918.935 -1.093
920.382 -1.094
921.83 -1.095
923.242 -1.096
924.658 -1.097
926.079 -1.098
927.503 -1.099
928.931 -1.1
