10.2592 -0.001
20.5013 -0.002
30.7262 -0.003
40.9337 -0.004
51.1236 -0.005
61.2958 -0.006
71.4502 -0.007
81.5865 -0.008
91.7046 -0.009
101.804 -0.01
111.886 -0.011
121.948 -0.012
131.991 -0.013
142.016 -0.014
152.021 -0.015
162.006 -0.016
171.972 -0.017
181.918 -0.018
191.844 -0.019
201.749 -0.02
211.634 -0.021
221.498 -0.022
231.341 -0.023
241.162 -0.024
250.962 -0.025
260.74 -0.026
270.496 -0.027
280.23 -0.028
289.941 -0.029
299.629 -0.03
309.293 -0.031
318.934 -0.032
328.551 -0.033
338.144 -0.034
347.713 -0.035
357.256 -0.036
366.774 -0.037
376.267 -0.038
385.733 -0.039
395.173 -0.04
404.587 -0.041
413.973 -0.042
423.272 -0.043
432.24 -0.044
440.75 -0.045
448.638 -0.046
455.45 -0.047
461.643 -0.048
467.215 -0.049
471.943 -0.05
475.305 -0.051
478.382 -0.052
481.154 -0.053
483.6 -0.054
485.928 -0.055
488.227 -0.056
490.489 -0.057
492.718 -0.058
494.921 -0.059
497.097 -0.06
499.244 -0.061
501.366 -0.062
503.478 -0.063
505.576 -0.064
507.659 -0.065
509.727 -0.066
511.777 -0.067
513.813 -0.068
515.841 -0.069
517.86 -0.07
519.87 -0.071
521.866 -0.072
523.851 -0.073
525.824 -0.074
527.784 -0.075
529.731 -0.076
531.666 -0.077
533.589 -0.078
535.501 -0.079
537.395 -0.08
539.264 -0.081
541.109 -0.082
542.919 -0.083
544.654 -0.084
546.323 -0.085
547.92 -0.086
549.457 -0.087
550.933 -0.088
552.303 -0.089
553.544 -0.09
554.702 -0.091
555.853 -0.092
556.995 -0.093
558.047 -0.094
558.988 -0.095
559.79 -0.096
560.583 -0.097
561.322 -0.098
561.903 -0.099
562.367 -0.1
562.818 -0.101
563.263 -0.102
563.697 -0.103
564.121 -0.104
564.537 -0.105
564.945 -0.106
565.341 -0.107
565.729 -0.108
566.108 -0.109
566.474 -0.11
566.835 -0.111
567.183 -0.112
567.528 -0.113
567.867 -0.114
568.199 -0.115
568.525 -0.116
568.848 -0.117
569.166 -0.118
569.48 -0.119
569.787 -0.12
570.092 -0.121
570.394 -0.122
570.694 -0.123
570.99 -0.124
571.276 -0.125
571.554 -0.126
571.831 -0.127
572.103 -0.128
572.369 -0.129
572.627 -0.13
572.88 -0.131
573.133 -0.132
573.379 -0.133
573.616 -0.134
573.851 -0.135
574.085 -0.136
574.311 -0.137
574.527 -0.138
574.743 -0.139
574.956 -0.14
575.168 -0.141
575.377 -0.142
575.584 -0.143
575.789 -0.144
575.992 -0.145
576.192 -0.146
576.391 -0.147
576.59 -0.148
576.784 -0.149
576.97 -0.15
577.155 -0.151
577.339 -0.152
577.522 -0.153
577.697 -0.154
577.869 -0.155
578.039 -0.156
578.209 -0.157
578.377 -0.158
578.536 -0.159
578.693 -0.16
578.849 -0.161
579.004 -0.162
579.157 -0.163
579.301 -0.164
579.444 -0.165
579.585 -0.166
579.726 -0.167
579.865 -0.168
580.003 -0.169
580.14 -0.17
580.276 -0.171
580.411 -0.172
580.545 -0.173
580.678 -0.174
580.81 -0.175
580.941 -0.176
581.071 -0.177
581.2 -0.178
581.327 -0.179
581.453 -0.18
581.577 -0.181
581.699 -0.182
581.821 -0.183
581.941 -0.184
582.061 -0.185
582.179 -0.186
582.296 -0.187
582.412 -0.188
582.527 -0.189
582.641 -0.19
582.753 -0.191
582.863 -0.192
582.972 -0.193
583.08 -0.194
583.187 -0.195
583.293 -0.196
583.397 -0.197
583.5 -0.198
583.602 -0.199
583.704 -0.2
583.804 -0.201
583.903 -0.202
583.999 -0.203
584.094 -0.204
584.188 -0.205
584.281 -0.206
584.373 -0.207
584.464 -0.208
584.553 -0.209
584.642 -0.21
584.73 -0.211
584.817 -0.212
584.903 -0.213
584.987 -0.214
585.07 -0.215
585.15 -0.216
585.228 -0.217
585.305 -0.218
585.38 -0.219
585.454 -0.22
585.526 -0.221
585.597 -0.222
585.667 -0.223
585.737 -0.224
585.804 -0.225
585.869 -0.226
585.932 -0.227
585.995 -0.228
586.057 -0.229
586.118 -0.23
586.178 -0.231
586.235 -0.232
586.292 -0.233
586.348 -0.234
586.402 -0.235
586.454 -0.236
586.503 -0.237
586.552 -0.238
586.599 -0.239
586.645 -0.24
586.691 -0.241
586.734 -0.242
586.775 -0.243
586.816 -0.244
586.853 -0.245
586.887 -0.246
586.919 -0.247
586.949 -0.248
586.979 -0.249
587.006 -0.25
587.03 -0.251
587.051 -0.252
587.07 -0.253
587.088 -0.254
587.104 -0.255
587.117 -0.256
587.13 -0.257
587.14 -0.258
587.148 -0.259
587.154 -0.26
587.157 -0.261
587.157 -0.262
587.155 -0.263
587.151 -0.264
587.144 -0.265
587.134 -0.266
587.122 -0.267
587.106 -0.268
587.087 -0.269
587.064 -0.27
587.045 -0.271
587.024 -0.272
587 -0.273
586.972 -0.274
586.949 -0.275
586.925 -0.276
586.9 -0.277
586.873 -0.278
586.849 -0.279
586.824 -0.28
586.799 -0.281
586.773 -0.282
586.749 -0.283
586.722 -0.284
586.693 -0.285
586.662 -0.286
586.633 -0.287
586.602 -0.288
586.569 -0.289
586.536 -0.29
586.505 -0.291
586.472 -0.292
586.439 -0.293
586.404 -0.294
586.371 -0.295
586.338 -0.296
586.306 -0.297
586.273 -0.298
586.241 -0.299
586.207 -0.3
586.172 -0.301
586.138 -0.302
586.103 -0.303
586.067 -0.304
586.031 -0.305
585.996 -0.306
585.958 -0.307
585.92 -0.308
585.883 -0.309
585.845 -0.31
585.809 -0.311
585.772 -0.312
585.734 -0.313
585.696 -0.314
585.658 -0.315
585.619 -0.316
585.579 -0.317
585.539 -0.318
585.499 -0.319
585.456 -0.32
585.413 -0.321
585.369 -0.322
585.325 -0.323
585.28 -0.324
585.234 -0.325
585.19 -0.326
585.146 -0.327
585.102 -0.328
585.057 -0.329
585.012 -0.33
584.966 -0.331
584.919 -0.332
584.87 -0.333
584.822 -0.334
584.772 -0.335
584.722 -0.336
584.672 -0.337
584.622 -0.338
584.571 -0.339
584.521 -0.34
584.47 -0.341
584.42 -0.342
584.368 -0.343
584.315 -0.344
584.262 -0.345
584.208 -0.346
584.154 -0.347
584.1 -0.348
584.045 -0.349
583.989 -0.35
583.932 -0.351
583.875 -0.352
583.817 -0.353
583.757 -0.354
583.697 -0.355
583.637 -0.356
583.576 -0.357
583.514 -0.358
583.452 -0.359
583.389 -0.36
583.326 -0.361
583.262 -0.362
583.198 -0.363
583.134 -0.364
583.069 -0.365
583.004 -0.366
582.938 -0.367
582.87 -0.368
582.802 -0.369
582.733 -0.37
582.663 -0.371
582.592 -0.372
582.52 -0.373
582.446 -0.374
582.37 -0.375
582.3 -0.376
582.228 -0.377
582.156 -0.378
582.082 -0.379
582.007 -0.38
581.93 -0.381
581.851 -0.382
581.77 -0.383
581.684 -0.384
581.604 -0.385
581.526 -0.386
581.445 -0.387
581.362 -0.388
581.276 -0.389
581.2 -0.39
581.12 -0.391
581.039 -0.392
580.959 -0.393
580.883 -0.394
580.806 -0.395
580.728 -0.396
580.649 -0.397
580.569 -0.398
580.487 -0.399
580.402 -0.4
580.323 -0.401
580.245 -0.402
580.166 -0.403
580.084 -0.404
580.003 -0.405
579.921 -0.406
579.839 -0.407
579.756 -0.408
579.673 -0.409
579.59 -0.41
579.505 -0.411
579.429 -0.412
579.353 -0.413
579.276 -0.414
579.199 -0.415
579.122 -0.416
579.046 -0.417
578.97 -0.418
578.892 -0.419
578.814 -0.42
578.735 -0.421
578.654 -0.422
578.58 -0.423
578.505 -0.424
578.43 -0.425
578.354 -0.426
578.278 -0.427
578.201 -0.428
578.123 -0.429
578.044 -0.43
577.965 -0.431
577.883 -0.432
577.803 -0.433
577.728 -0.434
577.652 -0.435
577.576 -0.436
577.5 -0.437
577.423 -0.438
577.345 -0.439
577.267 -0.44
577.188 -0.441
577.108 -0.442
577.027 -0.443
576.945 -0.444
576.867 -0.445
576.79 -0.446
576.713 -0.447
576.636 -0.448
576.558 -0.449
576.479 -0.45
576.4 -0.451
576.32 -0.452
576.238 -0.453
576.156 -0.454
576.073 -0.455
575.992 -0.456
575.909 -0.457
575.827 -0.458
575.746 -0.459
575.663 -0.46
575.582 -0.461
575.5 -0.462
575.417 -0.463
575.335 -0.464
575.25 -0.465
575.167 -0.466
575.084 -0.467
575.002 -0.468
574.92 -0.469
574.837 -0.47
574.754 -0.471
574.669 -0.472
574.584 -0.473
574.498 -0.474
574.411 -0.475
574.323 -0.476
574.235 -0.477
574.145 -0.478
574.053 -0.479
573.962 -0.48
573.869 -0.481
573.774 -0.482
573.681 -0.483
573.585 -0.484
573.488 -0.485
573.39 -0.486
573.289 -0.487
573.187 -0.488
573.084 -0.489
572.98 -0.49
572.874 -0.491
572.766 -0.492
572.658 -0.493
572.547 -0.494
572.435 -0.495
572.322 -0.496
572.208 -0.497
572.095 -0.498
571.988 -0.499
571.881 -0.5
571.789 -0.501
571.699 -0.502
571.61 -0.503
571.522 -0.504
571.433 -0.505
571.349 -0.506
571.264 -0.507
571.18 -0.508
571.103 -0.509
571.029 -0.51
570.955 -0.511
570.882 -0.512
570.811 -0.513
570.74 -0.514
570.669 -0.515
570.599 -0.516
570.531 -0.517
570.463 -0.518
570.395 -0.519
570.33 -0.52
570.267 -0.521
570.206 -0.522
570.145 -0.523
570.084 -0.524
570.024 -0.525
569.966 -0.526
569.907 -0.527
569.849 -0.528
569.792 -0.529
569.736 -0.53
569.68 -0.531
569.626 -0.532
569.576 -0.533
569.526 -0.534
569.477 -0.535
569.428 -0.536
569.381 -0.537
569.334 -0.538
569.287 -0.539
569.241 -0.54
569.197 -0.541
569.152 -0.542
569.108 -0.543
569.064 -0.544
569.022 -0.545
568.982 -0.546
568.942 -0.547
568.902 -0.548
568.862 -0.549
568.823 -0.55
568.783 -0.551
568.744 -0.552
568.706 -0.553
568.667 -0.554
568.629 -0.555
568.59 -0.556
568.552 -0.557
568.515 -0.558
568.481 -0.559
568.447 -0.56
568.413 -0.561
568.38 -0.562
568.347 -0.563
568.315 -0.564
568.282 -0.565
568.25 -0.566
568.218 -0.567
568.187 -0.568
568.156 -0.569
568.125 -0.57
568.094 -0.571
568.063 -0.572
568.034 -0.573
568.004 -0.574
567.975 -0.575
567.946 -0.576
567.917 -0.577
567.89 -0.578
567.862 -0.579
567.834 -0.58
567.807 -0.581
567.78 -0.582
567.753 -0.583
567.726 -0.584
567.699 -0.585
567.672 -0.586
567.646 -0.587
567.619 -0.588
567.593 -0.589
567.566 -0.59
567.54 -0.591
567.515 -0.592
567.49 -0.593
567.466 -0.594
567.443 -0.595
567.42 -0.596
567.398 -0.597
567.377 -0.598
567.356 -0.599
567.336 -0.6
567.316 -0.601
567.296 -0.602
567.278 -0.603
567.26 -0.604
567.243 -0.605
567.227 -0.606
567.211 -0.607
567.196 -0.608
567.18 -0.609
567.165 -0.61
567.15 -0.611
567.135 -0.612
567.12 -0.613
567.105 -0.614
567.091 -0.615
567.076 -0.616
567.062 -0.617
567.049 -0.618
567.035 -0.619
567.021 -0.62
567.008 -0.621
566.995 -0.622
566.982 -0.623
566.97 -0.624
566.957 -0.625
566.945 -0.626
566.933 -0.627
566.92 -0.628
566.908 -0.629
566.896 -0.63
566.884 -0.631
566.873 -0.632
566.861 -0.633
566.849 -0.634
566.837 -0.635
566.826 -0.636
566.814 -0.637
566.802 -0.638
566.79 -0.639
566.778 -0.64
566.766 -0.641
566.754 -0.642
566.742 -0.643
566.73 -0.644
566.718 -0.645
566.706 -0.646
566.695 -0.647
566.683 -0.648
566.672 -0.649
566.661 -0.65
566.652 -0.651
566.642 -0.652
566.631 -0.653
566.622 -0.654
566.613 -0.655
566.604 -0.656
566.595 -0.657
566.587 -0.658
566.58 -0.659
566.572 -0.66
566.564 -0.661
566.558 -0.662
566.553 -0.663
566.547 -0.664
566.542 -0.665
566.538 -0.666
566.534 -0.667
566.53 -0.668
566.526 -0.669
566.522 -0.67
566.519 -0.671
566.516 -0.672
566.513 -0.673
566.51 -0.674
566.508 -0.675
566.506 -0.676
566.504 -0.677
566.503 -0.678
566.502 -0.679
566.502 -0.68
566.502 -0.681
566.503 -0.682
566.504 -0.683
566.505 -0.684
566.507 -0.685
566.51 -0.686
566.513 -0.687
566.516 -0.688
566.521 -0.689
566.525 -0.69
566.53 -0.691
566.536 -0.692
566.542 -0.693
566.549 -0.694
566.556 -0.695
566.564 -0.696
566.572 -0.697
566.581 -0.698
566.59 -0.699
566.6 -0.7
566.611 -0.701
566.622 -0.702
566.633 -0.703
566.646 -0.704
566.659 -0.705
566.672 -0.706
566.687 -0.707
566.703 -0.708
566.72 -0.709
566.738 -0.71
566.758 -0.711
566.779 -0.712
566.801 -0.713
566.825 -0.714
566.85 -0.715
566.877 -0.716
566.904 -0.717
566.934 -0.718
566.965 -0.719
566.996 -0.72
567.028 -0.721
567.061 -0.722
567.095 -0.723
567.129 -0.724
567.165 -0.725
567.201 -0.726
567.238 -0.727
567.276 -0.728
567.315 -0.729
567.355 -0.73
567.396 -0.731
567.437 -0.732
567.48 -0.733
567.523 -0.734
567.567 -0.735
567.612 -0.736
567.659 -0.737
567.705 -0.738
567.753 -0.739
567.801 -0.74
567.85 -0.741
567.899 -0.742
567.949 -0.743
567.999 -0.744
568.051 -0.745
568.103 -0.746
568.158 -0.747
568.213 -0.748
568.269 -0.749
568.326 -0.75
568.384 -0.751
568.442 -0.752
568.501 -0.753
568.56 -0.754
568.62 -0.755
568.68 -0.756
568.741 -0.757
568.803 -0.758
568.865 -0.759
568.928 -0.76
568.991 -0.761
569.056 -0.762
569.121 -0.763
569.188 -0.764
569.257 -0.765
569.325 -0.766
569.395 -0.767
569.465 -0.768
569.535 -0.769
569.606 -0.77
569.678 -0.771
569.75 -0.772
569.823 -0.773
569.896 -0.774
569.97 -0.775
570.045 -0.776
570.122 -0.777
570.2 -0.778
570.278 -0.779
570.357 -0.78
570.436 -0.781
570.517 -0.782
570.598 -0.783
570.679 -0.784
570.761 -0.785
570.844 -0.786
570.927 -0.787
571.013 -0.788
571.1 -0.789
571.187 -0.79
571.274 -0.791
571.362 -0.792
571.45 -0.793
571.539 -0.794
571.628 -0.795
571.72 -0.796
571.814 -0.797
571.908 -0.798
572.003 -0.799
572.099 -0.8
572.195 -0.801
572.292 -0.802
572.389 -0.803
572.487 -0.804
572.586 -0.805
572.686 -0.806
572.785 -0.807
572.886 -0.808
572.987 -0.809
573.089 -0.81
573.191 -0.811
573.295 -0.812
573.399 -0.813
573.504 -0.814
573.609 -0.815
573.716 -0.816
573.823 -0.817
573.93 -0.818
574.037 -0.819
574.144 -0.82
574.25 -0.821
574.358 -0.822
574.466 -0.823
574.574 -0.824
574.684 -0.825
574.793 -0.826
574.904 -0.827
575.015 -0.828
575.127 -0.829
575.24 -0.83
575.353 -0.831
575.467 -0.832
575.582 -0.833
575.697 -0.834
575.813 -0.835
575.929 -0.836
576.046 -0.837
576.164 -0.838
576.283 -0.839
576.402 -0.84
576.522 -0.841
576.643 -0.842
576.766 -0.843
576.889 -0.844
577.014 -0.845
577.139 -0.846
577.266 -0.847
577.394 -0.848
577.522 -0.849
577.652 -0.85
577.784 -0.851
577.916 -0.852
578.049 -0.853
578.184 -0.854
578.319 -0.855
578.454 -0.856
578.591 -0.857
578.728 -0.858
578.866 -0.859
579.005 -0.86
579.145 -0.861
579.286 -0.862
579.427 -0.863
579.569 -0.864
579.712 -0.865
579.854 -0.866
579.997 -0.867
580.141 -0.868
580.285 -0.869
580.431 -0.87
580.577 -0.871
580.724 -0.872
580.872 -0.873
581.02 -0.874
581.169 -0.875
581.319 -0.876
581.469 -0.877
581.618 -0.878
581.769 -0.879
581.92 -0.88
582.071 -0.881
582.224 -0.882
582.378 -0.883
582.532 -0.884
582.688 -0.885
582.845 -0.886
583.003 -0.887
583.163 -0.888
583.324 -0.889
583.486 -0.89
583.649 -0.891
583.812 -0.892
583.977 -0.893
584.142 -0.894
584.308 -0.895
584.475 -0.896
584.643 -0.897
584.812 -0.898
584.982 -0.899
585.153 -0.9
585.326 -0.901
585.499 -0.902
585.673 -0.903
585.847 -0.904
586.024 -0.905
586.202 -0.906
586.382 -0.907
586.563 -0.908
586.745 -0.909
586.929 -0.91
587.114 -0.911
587.301 -0.912
587.489 -0.913
587.678 -0.914
587.868 -0.915
588.059 -0.916
588.253 -0.917
588.446 -0.918
588.641 -0.919
588.836 -0.92
589.033 -0.921
589.231 -0.922
589.43 -0.923
589.631 -0.924
589.833 -0.925
590.036 -0.926
590.24 -0.927
590.446 -0.928
590.652 -0.929
590.859 -0.93
591.067 -0.931
591.276 -0.932
591.486 -0.933
591.697 -0.934
591.91 -0.935
592.122 -0.936
592.335 -0.937
592.549 -0.938
592.764 -0.939
592.98 -0.94
593.198 -0.941
593.416 -0.942
593.635 -0.943
593.855 -0.944
594.077 -0.945
594.299 -0.946
594.523 -0.947
594.747 -0.948
594.973 -0.949
595.2 -0.95
595.428 -0.951
595.656 -0.952
595.886 -0.953
596.117 -0.954
596.349 -0.955
596.582 -0.956
596.816 -0.957
597.052 -0.958
597.288 -0.959
597.526 -0.96
597.764 -0.961
598.004 -0.962
598.244 -0.963
598.486 -0.964
598.729 -0.965
598.973 -0.966
599.218 -0.967
599.464 -0.968
599.712 -0.969
599.96 -0.97
600.21 -0.971
600.46 -0.972
600.712 -0.973
600.965 -0.974
601.219 -0.975
601.474 -0.976
601.73 -0.977
601.988 -0.978
602.246 -0.979
602.506 -0.98
602.767 -0.981
603.029 -0.982
603.292 -0.983
603.556 -0.984
603.822 -0.985
604.088 -0.986
604.356 -0.987
604.625 -0.988
604.895 -0.989
605.166 -0.99
605.438 -0.991
605.712 -0.992
605.986 -0.993
606.262 -0.994
606.539 -0.995
606.817 -0.996
607.097 -0.997
607.377 -0.998
607.659 -0.999
607.942 -1
608.225 -1.001
608.509 -1.002
608.794 -1.003
609.08 -1.004
609.367 -1.005
609.656 -1.006
609.946 -1.007
610.237 -1.008
610.529 -1.009
610.822 -1.01
611.117 -1.011
611.413 -1.012
611.71 -1.013
612.008 -1.014
612.307 -1.015
612.608 -1.016
612.91 -1.017
613.213 -1.018
613.516 -1.019
613.82 -1.02
614.125 -1.021
614.432 -1.022
614.74 -1.023
615.049 -1.024
615.36 -1.025
615.672 -1.026
615.985 -1.027
616.299 -1.028
616.614 -1.029
616.931 -1.03
617.249 -1.031
617.568 -1.032
617.889 -1.033
618.21 -1.034
618.533 -1.035
618.858 -1.036
619.182 -1.037
619.508 -1.038
619.835 -1.039
620.163 -1.04
620.492 -1.041
620.823 -1.042
621.154 -1.043
621.487 -1.044
621.822 -1.045
622.157 -1.046
622.494 -1.047
622.832 -1.048
623.171 -1.049
623.512 -1.05
623.854 -1.051
624.197 -1.052
624.541 -1.053
624.887 -1.054
625.234 -1.055
625.583 -1.056
625.932 -1.057
626.282 -1.058
626.633 -1.059
626.986 -1.06
627.339 -1.061
627.695 -1.062
628.051 -1.063
628.409 -1.064
628.767 -1.065
629.128 -1.066
629.489 -1.067
629.852 -1.068
630.216 -1.069
630.581 -1.07
630.948 -1.071
631.315 -1.072
631.684 -1.073
632.055 -1.074
632.426 -1.075
632.799 -1.076
633.173 -1.077
633.548 -1.078
633.924 -1.079
634.301 -1.08
634.679 -1.081
635.058 -1.082
635.438 -1.083
635.819 -1.084
636.202 -1.085
636.585 -1.086
636.97 -1.087
637.356 -1.088
637.744 -1.089
638.132 -1.09
638.522 -1.091
638.913 -1.092
639.306 -1.093
639.699 -1.094
640.093 -1.095
640.489 -1.096
640.886 -1.097
641.285 -1.098
641.684 -1.099
642.086 -1.1
642.489 -1.101
642.893 -1.102
643.298 -1.103
643.705 -1.104
644.113 -1.105
644.522 -1.106
644.932 -1.107
645.343 -1.108
645.756 -1.109
646.171 -1.11
646.587 -1.111
647.004 -1.112
647.423 -1.113
647.843 -1.114
648.265 -1.115
648.688 -1.116
649.112 -1.117
649.537 -1.118
649.964 -1.119
650.391 -1.12
650.82 -1.121
651.251 -1.122
651.683 -1.123
652.116 -1.124
652.55 -1.125
652.987 -1.126
653.425 -1.127
653.864 -1.128
654.305 -1.129
654.748 -1.13
655.192 -1.131
655.637 -1.132
656.084 -1.133
656.533 -1.134
656.983 -1.135
657.435 -1.136
657.888 -1.137
658.343 -1.138
658.798 -1.139
659.255 -1.14
659.714 -1.141
660.174 -1.142
660.635 -1.143
661.097 -1.144
661.56 -1.145
662.025 -1.146
662.492 -1.147
662.96 -1.148
663.429 -1.149
663.9 -1.15
664.373 -1.151
664.846 -1.152
665.321 -1.153
665.798 -1.154
666.276 -1.155
666.755 -1.156
667.237 -1.157
667.719 -1.158
668.203 -1.159
668.689 -1.16
669.176 -1.161
669.665 -1.162
670.155 -1.163
670.646 -1.164
671.138 -1.165
671.632 -1.166
672.128 -1.167
672.624 -1.168
673.123 -1.169
673.623 -1.17
674.125 -1.171
674.627 -1.172
675.131 -1.173
675.637 -1.174
676.143 -1.175
676.652 -1.176
677.162 -1.177
677.673 -1.178
678.186 -1.179
678.7 -1.18
679.216 -1.181
679.733 -1.182
680.252 -1.183
680.773 -1.184
681.295 -1.185
681.818 -1.186
682.343 -1.187
682.869 -1.188
683.397 -1.189
683.926 -1.19
684.457 -1.191
684.989 -1.192
685.523 -1.193
686.058 -1.194
686.594 -1.195
687.131 -1.196
687.67 -1.197
688.211 -1.198
688.753 -1.199
689.297 -1.2
689.842 -1.201
690.39 -1.202
690.938 -1.203
691.489 -1.204
692.04 -1.205
692.593 -1.206
693.148 -1.207
693.703 -1.208
694.26 -1.209
694.819 -1.21
695.379 -1.211
695.94 -1.212
696.504 -1.213
697.069 -1.214
697.635 -1.215
698.203 -1.216
698.772 -1.217
699.342 -1.218
699.915 -1.219
700.489 -1.22
701.064 -1.221
701.642 -1.222
702.22 -1.223
702.801 -1.224
703.382 -1.225
703.965 -1.226
704.55 -1.227
705.136 -1.228
705.723 -1.229
706.312 -1.23
706.902 -1.231
707.494 -1.232
708.087 -1.233
708.682 -1.234
709.278 -1.235
709.876 -1.236
710.475 -1.237
711.076 -1.238
711.679 -1.239
712.283 -1.24
712.889 -1.241
713.496 -1.242
714.104 -1.243
714.714 -1.244
715.325 -1.245
715.937 -1.246
716.55 -1.247
717.165 -1.248
717.782 -1.249
718.401 -1.25
719.021 -1.251
719.642 -1.252
720.265 -1.253
720.89 -1.254
721.517 -1.255
722.145 -1.256
722.775 -1.257
723.406 -1.258
724.039 -1.259
724.673 -1.26
725.309 -1.261
725.947 -1.262
726.585 -1.263
727.225 -1.264
727.867 -1.265
728.51 -1.266
729.155 -1.267
729.801 -1.268
730.449 -1.269
731.098 -1.27
731.748 -1.271
732.4 -1.272
733.054 -1.273
733.71 -1.274
734.367 -1.275
735.026 -1.276
735.686 -1.277
736.348 -1.278
737.012 -1.279
737.678 -1.28
738.345 -1.281
739.014 -1.282
739.684 -1.283
740.355 -1.284
741.029 -1.285
741.703 -1.286
742.379 -1.287
743.057 -1.288
743.736 -1.289
744.417 -1.29
745.099 -1.291
745.783 -1.292
746.469 -1.293
747.156 -1.294
747.845 -1.295
748.536 -1.296
749.229 -1.297
749.923 -1.298
750.618 -1.299
751.315 -1.3
752.013 -1.301
752.713 -1.302
753.415 -1.303
754.117 -1.304
754.821 -1.305
755.527 -1.306
756.234 -1.307
756.942 -1.308
757.652 -1.309
758.364 -1.31
759.077 -1.311
759.792 -1.312
760.508 -1.313
761.227 -1.314
761.946 -1.315
762.666 -1.316
763.388 -1.317
764.111 -1.318
764.836 -1.319
765.562 -1.32
766.29 -1.321
767.02 -1.322
767.751 -1.323
768.484 -1.324
769.218 -1.325
769.954 -1.326
770.692 -1.327
771.431 -1.328
772.17 -1.329
772.91 -1.33
773.65 -1.331
774.391 -1.332
775.135 -1.333
775.88 -1.334
776.626 -1.335
777.368 -1.336
778.111 -1.337
778.848 -1.338
779.587 -1.339
780.326 -1.34
781.067 -1.341
781.81 -1.342
782.555 -1.343
783.301 -1.344
784.049 -1.345
784.799 -1.346
785.551 -1.347
786.305 -1.348
787.059 -1.349
787.816 -1.35
788.574 -1.351
789.334 -1.352
790.096 -1.353
790.859 -1.354
791.625 -1.355
792.393 -1.356
793.162 -1.357
793.932 -1.358
794.705 -1.359
795.48 -1.36
796.256 -1.361
797.035 -1.362
797.815 -1.363
798.597 -1.364
799.381 -1.365
800.167 -1.366
800.955 -1.367
801.745 -1.368
802.537 -1.369
803.331 -1.37
804.126 -1.371
804.924 -1.372
805.724 -1.373
806.525 -1.374
807.329 -1.375
808.135 -1.376
808.942 -1.377
809.752 -1.378
810.563 -1.379
811.377 -1.38
812.192 -1.381
813.009 -1.382
813.828 -1.383
814.648 -1.384
815.47 -1.385
816.293 -1.386
817.117 -1.387
817.943 -1.388
818.77 -1.389
819.599 -1.39
820.43 -1.391
821.263 -1.392
822.097 -1.393
822.934 -1.394
823.772 -1.395
824.613 -1.396
825.456 -1.397
826.3 -1.398
827.147 -1.399
827.994 -1.4
