19.6661 -0.001
39.2872 -0.002
58.8632 -0.003
78.3942 -0.004
97.8797 -0.005
117.32 -0.006
136.714 -0.007
156.063 -0.008
175.366 -0.009
194.623 -0.01
213.834 -0.011
232.998 -0.012
252.115 -0.013
271.186 -0.014
290.21 -0.015
309.187 -0.016
328.117 -0.017
346.999 -0.018
365.833 -0.019
384.62 -0.02
403.358 -0.021
422.048 -0.022
440.151 -0.023
455.319 -0.024
468.672 -0.025
481.691 -0.026
493.159 -0.027
502.603 -0.028
511.925 -0.029
521.194 -0.03
530.4 -0.031
539.541 -0.032
548.621 -0.033
557.652 -0.034
566.641 -0.035
575.598 -0.036
584.521 -0.037
593.395 -0.038
602.225 -0.039
611.026 -0.04
619.8 -0.041
628.546 -0.042
637.262 -0.043
645.939 -0.044
654.527 -0.045
662.887 -0.046
670.927 -0.047
678.505 -0.048
685.6 -0.049
691.826 -0.05
697.543 -0.051
703.222 -0.052
708.851 -0.053
714.419 -0.054
719.85 -0.055
725.121 -0.056
730.161 -0.057
734.88 -0.058
739.318 -0.059
743.434 -0.06
747.243 -0.061
750.693 -0.062
753.715 -0.063
756.418 -0.064
759.007 -0.065
761.545 -0.066
764.029 -0.067
766.453 -0.068
768.815 -0.069
771.099 -0.07
773.333 -0.071
775.497 -0.072
777.602 -0.073
779.624 -0.074
781.588 -0.075
783.481 -0.076
785.324 -0.077
787.096 -0.078
788.818 -0.079
790.483 -0.08
792.094 -0.081
793.662 -0.082
795.19 -0.083
796.669 -0.084
798.099 -0.085
799.486 -0.086
800.822 -0.087
802.107 -0.088
803.349 -0.089
804.544 -0.09
805.691 -0.091
806.803 -0.092
807.88 -0.093
808.911 -0.094
809.907 -0.095
810.872 -0.096
811.803 -0.097
812.702 -0.098
813.567 -0.099
814.397 -0.1
815.197 -0.101
815.967 -0.102
816.706 -0.103
817.416 -0.104
818.094 -0.105
818.74 -0.106
819.357 -0.107
819.946 -0.108
820.508 -0.109
821.046 -0.11
821.557 -0.111
822.045 -0.112
822.513 -0.113
822.96 -0.114
823.385 -0.115
823.79 -0.116
824.174 -0.117
824.535 -0.118
824.875 -0.119
825.196 -0.12
825.496 -0.121
825.778 -0.122
826.041 -0.123
826.278 -0.124
826.49 -0.125
826.683 -0.126
826.857 -0.127
827.009 -0.128
827.14 -0.129
827.249 -0.13
827.337 -0.131
827.402 -0.132
827.443 -0.133
827.461 -0.134
827.452 -0.135
827.425 -0.136
827.378 -0.137
827.314 -0.138
827.228 -0.139
827.126 -0.14
827.007 -0.141
826.869 -0.142
826.721 -0.143
826.561 -0.144
826.384 -0.145
826.187 -0.146
825.97 -0.147
825.736 -0.148
825.485 -0.149
825.221 -0.15
824.951 -0.151
824.666 -0.152
824.365 -0.153
824.046 -0.154
823.713 -0.155
823.365 -0.156
823.007 -0.157
822.637 -0.158
822.253 -0.159
821.853 -0.16
821.436 -0.161
821 -0.162
820.551 -0.163
820.086 -0.164
819.606 -0.165
819.11 -0.166
818.6 -0.167
818.076 -0.168
817.543 -0.169
816.997 -0.17
816.433 -0.171
815.854 -0.172
815.269 -0.173
814.674 -0.174
814.066 -0.175
813.445 -0.176
812.812 -0.177
812.171 -0.178
811.516 -0.179
810.852 -0.18
810.185 -0.181
809.508 -0.182
808.826 -0.183
808.134 -0.184
807.44 -0.185
806.739 -0.186
806.031 -0.187
805.316 -0.188
804.597 -0.189
803.87 -0.19
803.135 -0.191
802.394 -0.192
801.653 -0.193
800.91 -0.194
800.161 -0.195
799.409 -0.196
798.658 -0.197
797.902 -0.198
797.14 -0.199
796.373 -0.2
795.604 -0.201
794.834 -0.202
794.072 -0.203
793.319 -0.204
792.574 -0.205
791.839 -0.206
791.106 -0.207
790.387 -0.208
789.681 -0.209
788.977 -0.21
788.282 -0.211
787.588 -0.212
786.893 -0.213
786.196 -0.214
785.495 -0.215
784.795 -0.216
784.095 -0.217
783.391 -0.218
782.683 -0.219
781.972 -0.22
781.264 -0.221
780.556 -0.222
779.845 -0.223
779.131 -0.224
778.419 -0.225
777.705 -0.226
776.989 -0.227
776.271 -0.228
775.551 -0.229
774.831 -0.23
774.122 -0.231
773.424 -0.232
772.741 -0.233
772.063 -0.234
771.405 -0.235
770.752 -0.236
770.12 -0.237
769.489 -0.238
768.877 -0.239
768.27 -0.24
767.679 -0.241
767.093 -0.242
766.505 -0.243
765.915 -0.244
765.325 -0.245
764.732 -0.246
764.139 -0.247
763.544 -0.248
762.948 -0.249
762.351 -0.25
761.753 -0.251
761.154 -0.252
760.554 -0.253
759.953 -0.254
759.35 -0.255
758.747 -0.256
758.142 -0.257
757.538 -0.258
756.935 -0.259
756.332 -0.26
755.728 -0.261
755.123 -0.262
754.517 -0.263
753.91 -0.264
753.303 -0.265
752.695 -0.266
752.087 -0.267
751.481 -0.268
750.882 -0.269
750.282 -0.27
749.687 -0.271
749.097 -0.272
748.505 -0.273
747.922 -0.274
747.339 -0.275
746.761 -0.276
746.192 -0.277
745.622 -0.278
745.053 -0.279
744.496 -0.28
743.938 -0.281
743.381 -0.282
742.833 -0.283
742.284 -0.284
741.732 -0.285
741.176 -0.286
740.616 -0.287
740.062 -0.288
739.511 -0.289
738.959 -0.29
738.406 -0.291
737.852 -0.292
737.296 -0.293
736.744 -0.294
736.189 -0.295
735.626 -0.296
735.067 -0.297
734.521 -0.298
733.977 -0.299
733.432 -0.3
732.887 -0.301
732.343 -0.302
731.804 -0.303
731.265 -0.304
730.728 -0.305
730.191 -0.306
729.654 -0.307
729.118 -0.308
728.586 -0.309
728.055 -0.31
727.525 -0.311
726.996 -0.312
726.468 -0.313
725.941 -0.314
725.416 -0.315
724.891 -0.316
724.368 -0.317
723.845 -0.318
723.322 -0.319
722.799 -0.32
722.278 -0.321
721.76 -0.322
721.242 -0.323
720.724 -0.324
720.213 -0.325
719.704 -0.326
719.195 -0.327
718.693 -0.328
718.196 -0.329
717.703 -0.33
717.217 -0.331
716.731 -0.332
716.247 -0.333
715.774 -0.334
715.303 -0.335
714.832 -0.336
714.367 -0.337
713.907 -0.338
713.451 -0.339
713 -0.34
712.55 -0.341
712.101 -0.342
711.657 -0.343
711.216 -0.344
710.775 -0.345
710.335 -0.346
709.897 -0.347
709.464 -0.348
709.032 -0.349
708.601 -0.35
708.172 -0.351
707.743 -0.352
707.317 -0.353
706.893 -0.354
706.469 -0.355
706.047 -0.356
705.625 -0.357
705.204 -0.358
704.784 -0.359
704.365 -0.36
703.948 -0.361
703.533 -0.362
703.121 -0.363
702.711 -0.364
702.302 -0.365
701.894 -0.366
701.488 -0.367
701.083 -0.368
700.679 -0.369
700.277 -0.37
699.878 -0.371
699.48 -0.372
699.083 -0.373
698.689 -0.374
698.296 -0.375
697.906 -0.376
697.517 -0.377
697.126 -0.378
696.736 -0.379
696.348 -0.38
695.961 -0.381
695.575 -0.382
695.191 -0.383
694.809 -0.384
694.43 -0.385
694.053 -0.386
693.678 -0.387
693.305 -0.388
692.934 -0.389
692.564 -0.39
692.196 -0.391
691.83 -0.392
691.467 -0.393
691.108 -0.394
690.751 -0.395
690.396 -0.396
690.043 -0.397
689.695 -0.398
689.349 -0.399
689.003 -0.4
688.658 -0.401
688.315 -0.402
687.975 -0.403
687.637 -0.404
687.3 -0.405
686.966 -0.406
686.637 -0.407
686.309 -0.408
685.985 -0.409
685.662 -0.41
685.344 -0.411
685.028 -0.412
684.714 -0.413
684.402 -0.414
684.093 -0.415
683.788 -0.416
683.484 -0.417
683.183 -0.418
682.884 -0.419
682.588 -0.42
682.293 -0.421
682.001 -0.422
681.71 -0.423
681.421 -0.424
681.132 -0.425
680.845 -0.426
680.561 -0.427
680.278 -0.428
679.998 -0.429
679.72 -0.43
679.444 -0.431
679.17 -0.432
678.899 -0.433
678.63 -0.434
678.363 -0.435
678.098 -0.436
677.836 -0.437
677.575 -0.438
677.318 -0.439
677.062 -0.44
676.809 -0.441
676.558 -0.442
676.31 -0.443
676.064 -0.444
675.821 -0.445
675.579 -0.446
675.337 -0.447
675.097 -0.448
674.86 -0.449
674.626 -0.45
674.394 -0.451
674.165 -0.452
673.938 -0.453
673.713 -0.454
673.491 -0.455
673.272 -0.456
673.055 -0.457
672.842 -0.458
672.632 -0.459
672.425 -0.46
672.22 -0.461
672.018 -0.462
671.819 -0.463
671.622 -0.464
671.428 -0.465
671.237 -0.466
671.048 -0.467
670.864 -0.468
670.682 -0.469
670.503 -0.47
670.327 -0.471
670.153 -0.472
669.982 -0.473
669.814 -0.474
669.642 -0.475
669.472 -0.476
669.299 -0.477
669.127 -0.478
668.952 -0.479
668.776 -0.48
668.6 -0.481
668.415 -0.482
668.233 -0.483
668.053 -0.484
667.876 -0.485
667.702 -0.486
667.531 -0.487
667.364 -0.488
667.2 -0.489
667.04 -0.49
666.884 -0.491
666.73 -0.492
666.581 -0.493
666.435 -0.494
666.292 -0.495
666.152 -0.496
666.015 -0.497
665.882 -0.498
665.75 -0.499
665.62 -0.5
665.493 -0.501
665.368 -0.502
665.247 -0.503
665.128 -0.504
665.012 -0.505
664.899 -0.506
664.788 -0.507
664.681 -0.508
664.576 -0.509
664.475 -0.51
664.376 -0.511
664.281 -0.512
664.189 -0.513
664.1 -0.514
664.014 -0.515
663.928 -0.516
663.843 -0.517
663.761 -0.518
663.682 -0.519
663.606 -0.52
663.532 -0.521
663.461 -0.522
663.393 -0.523
663.328 -0.524
663.266 -0.525
663.205 -0.526
663.148 -0.527
663.091 -0.528
663.033 -0.529
662.976 -0.53
662.921 -0.531
662.866 -0.532
662.809 -0.533
662.746 -0.534
662.668 -0.535
662.563 -0.536
662.44 -0.537
662.306 -0.538
662.168 -0.539
662.019 -0.54
661.866 -0.541
661.708 -0.542
661.54 -0.543
661.366 -0.544
661.183 -0.545
660.991 -0.546
660.792 -0.547
660.58 -0.548
660.354 -0.549
660.122 -0.55
659.891 -0.551
659.661 -0.552
659.431 -0.553
659.256 -0.554
659.133 -0.555
659.036 -0.556
658.947 -0.557
658.869 -0.558
658.8 -0.559
658.735 -0.56
658.67 -0.561
658.613 -0.562
658.659 -0.563
658.751 -0.564
658.844 -0.565
658.96 -0.566
659.094 -0.567
659.239 -0.568
659.389 -0.569
659.544 -0.57
659.702 -0.571
659.842 -0.572
659.969 -0.573
660.101 -0.574
660.236 -0.575
660.376 -0.576
660.519 -0.577
660.666 -0.578
660.816 -0.579
660.969 -0.58
661.125 -0.581
661.283 -0.582
661.443 -0.583
661.605 -0.584
661.77 -0.585
661.936 -0.586
662.105 -0.587
662.277 -0.588
662.451 -0.589
662.627 -0.59
662.806 -0.591
662.988 -0.592
663.173 -0.593
663.361 -0.594
663.553 -0.595
663.753 -0.596
663.955 -0.597
664.163 -0.598
664.358 -0.599
664.552 -0.6
664.748 -0.601
664.944 -0.602
665.147 -0.603
665.35 -0.604
665.557 -0.605
665.771 -0.606
665.97 -0.607
666.164 -0.608
666.354 -0.609
666.54 -0.61
666.728 -0.611
666.919 -0.612
667.107 -0.613
667.295 -0.614
667.475 -0.615
667.653 -0.616
667.834 -0.617
668.004 -0.618
668.167 -0.619
668.335 -0.62
668.502 -0.621
668.663 -0.622
668.827 -0.623
668.981 -0.624
669.136 -0.625
669.295 -0.626
669.457 -0.627
669.622 -0.628
669.791 -0.629
669.964 -0.63
670.139 -0.631
670.319 -0.632
670.501 -0.633
670.687 -0.634
670.877 -0.635
671.07 -0.636
671.267 -0.637
671.467 -0.638
671.671 -0.639
671.872 -0.64
672.075 -0.641
672.281 -0.642
672.484 -0.643
672.689 -0.644
672.892 -0.645
673.08 -0.646
673.267 -0.647
673.458 -0.648
673.652 -0.649
673.85 -0.65
674.051 -0.651
674.256 -0.652
674.463 -0.653
674.675 -0.654
674.889 -0.655
675.107 -0.656
675.328 -0.657
675.553 -0.658
675.781 -0.659
676.012 -0.66
676.247 -0.661
676.486 -0.662
676.73 -0.663
676.978 -0.664
677.23 -0.665
677.486 -0.666
677.746 -0.667
678.009 -0.668
678.277 -0.669
678.548 -0.67
678.822 -0.671
679.101 -0.672
679.383 -0.673
679.668 -0.674
679.957 -0.675
680.25 -0.676
680.547 -0.677
680.847 -0.678
681.151 -0.679
681.459 -0.68
681.771 -0.681
682.087 -0.682
682.406 -0.683
682.729 -0.684
683.056 -0.685
683.387 -0.686
683.722 -0.687
684.061 -0.688
684.403 -0.689
684.75 -0.69
685.1 -0.691
685.455 -0.692
685.814 -0.693
686.176 -0.694
686.543 -0.695
686.913 -0.696
687.288 -0.697
687.666 -0.698
688.048 -0.699
688.434 -0.7
688.823 -0.701
689.217 -0.702
689.614 -0.703
690.016 -0.704
690.421 -0.705
690.83 -0.706
691.243 -0.707
691.661 -0.708
692.082 -0.709
692.507 -0.71
692.936 -0.711
693.369 -0.712
693.806 -0.713
694.247 -0.714
694.692 -0.715
695.141 -0.716
695.594 -0.717
696.05 -0.718
696.511 -0.719
696.976 -0.72
697.444 -0.721
697.904 -0.722
698.362 -0.723
698.817 -0.724
699.264 -0.725
699.708 -0.726
700.149 -0.727
700.581 -0.728
701.011 -0.729
701.435 -0.73
701.862 -0.731
702.293 -0.732
702.727 -0.733
703.164 -0.734
703.594 -0.735
704.013 -0.736
704.422 -0.737
704.823 -0.738
705.216 -0.739
705.611 -0.74
706.01 -0.741
706.412 -0.742
706.817 -0.743
707.226 -0.744
707.638 -0.745
708.054 -0.746
708.473 -0.747
708.895 -0.748
709.32 -0.749
709.75 -0.75
710.182 -0.751
710.618 -0.752
711.057 -0.753
711.5 -0.754
711.946 -0.755
712.395 -0.756
712.847 -0.757
713.303 -0.758
713.763 -0.759
714.226 -0.76
714.692 -0.761
715.161 -0.762
715.634 -0.763
716.11 -0.764
716.589 -0.765
717.072 -0.766
717.559 -0.767
718.049 -0.768
718.542 -0.769
719.038 -0.77
719.537 -0.771
720.04 -0.772
720.547 -0.773
721.057 -0.774
721.562 -0.775
722.067 -0.776
722.575 -0.777
723.074 -0.778
723.576 -0.779
724.079 -0.78
724.575 -0.781
725.074 -0.782
725.569 -0.783
726.061 -0.784
726.558 -0.785
727.045 -0.786
727.535 -0.787
728.024 -0.788
728.507 -0.789
728.993 -0.79
729.482 -0.791
729.973 -0.792
730.468 -0.793
730.966 -0.794
731.466 -0.795
731.97 -0.796
732.476 -0.797
732.985 -0.798
733.497 -0.799
734.012 -0.8
734.529 -0.801
735.045 -0.802
735.557 -0.803
736.066 -0.804
736.568 -0.805
737.057 -0.806
737.532 -0.807
737.987 -0.808
738.413 -0.809
738.841 -0.81
739.27 -0.811
739.697 -0.812
740.119 -0.813
740.537 -0.814
740.95 -0.815
741.348 -0.816
741.744 -0.817
742.13 -0.818
742.519 -0.819
742.911 -0.82
743.303 -0.821
743.699 -0.822
744.097 -0.823
744.499 -0.824
744.906 -0.825
745.414 -0.826
745.993 -0.827
746.582 -0.828
747.174 -0.829
747.764 -0.83
748.35 -0.831
748.94 -0.832
749.495 -0.833
750.042 -0.834
750.733 -0.835
751.448 -0.836
752.161 -0.837
752.877 -0.838
753.594 -0.839
754.303 -0.84
754.961 -0.841
755.616 -0.842
756.264 -0.843
756.905 -0.844
757.549 -0.845
758.186 -0.846
758.814 -0.847
759.443 -0.848
760.059 -0.849
760.652 -0.85
761.243 -0.851
761.834 -0.852
762.428 -0.853
763.018 -0.854
763.609 -0.855
764.204 -0.856
764.785 -0.857
765.344 -0.858
765.907 -0.859
766.473 -0.86
767.042 -0.861
767.615 -0.862
768.19 -0.863
768.769 -0.864
769.351 -0.865
769.936 -0.866
770.525 -0.867
771.117 -0.868
771.712 -0.869
772.311 -0.87
772.914 -0.871
773.52 -0.872
774.129 -0.873
774.742 -0.874
775.358 -0.875
775.978 -0.876
776.601 -0.877
777.227 -0.878
777.857 -0.879
778.49 -0.88
779.127 -0.881
779.767 -0.882
780.411 -0.883
781.057 -0.884
781.707 -0.885
782.361 -0.886
783.018 -0.887
783.679 -0.888
784.343 -0.889
785.011 -0.89
785.682 -0.891
786.357 -0.892
787.035 -0.893
787.717 -0.894
788.402 -0.895
789.091 -0.896
789.784 -0.897
790.48 -0.898
791.181 -0.899
791.885 -0.9
792.592 -0.901
793.304 -0.902
794.019 -0.903
794.738 -0.904
795.46 -0.905
796.187 -0.906
796.917 -0.907
797.651 -0.908
798.388 -0.909
799.129 -0.91
799.874 -0.911
800.623 -0.912
801.375 -0.913
802.132 -0.914
802.892 -0.915
803.656 -0.916
804.423 -0.917
805.195 -0.918
805.97 -0.919
806.75 -0.92
807.532 -0.921
808.312 -0.922
809.095 -0.923
809.88 -0.924
810.663 -0.925
811.449 -0.926
812.237 -0.927
813.021 -0.928
813.808 -0.929
814.599 -0.93
815.388 -0.931
816.179 -0.932
816.975 -0.933
817.771 -0.934
818.567 -0.935
819.367 -0.936
820.171 -0.937
820.973 -0.938
821.778 -0.939
822.581 -0.94
823.378 -0.941
824.178 -0.942
824.98 -0.943
825.783 -0.944
826.585 -0.945
827.362 -0.946
828.011 -0.947
828.646 -0.948
829.282 -0.949
829.922 -0.95
830.565 -0.951
831.212 -0.952
831.861 -0.953
832.514 -0.954
833.171 -0.955
833.83 -0.956
834.491 -0.957
835.149 -0.958
835.81 -0.959
836.473 -0.96
837.179 -0.961
838.007 -0.962
838.929 -0.963
839.912 -0.964
840.923 -0.965
841.939 -0.966
842.955 -0.967
843.973 -0.968
844.992 -0.969
845.991 -0.97
846.937 -0.971
847.869 -0.972
848.798 -0.973
849.399 -0.974
850.133 -0.975
850.867 -0.976
851.598 -0.977
852.322 -0.978
853.04 -0.979
853.756 -0.98
854.472 -0.981
855.184 -0.982
855.893 -0.983
856.58 -0.984
857.281 -0.985
858.032 -0.986
858.811 -0.987
859.593 -0.988
860.453 -0.989
861.367 -0.99
862.333 -0.991
863.345 -0.992
864.38 -0.993
865.424 -0.994
866.471 -0.995
867.519 -0.996
868.54 -0.997
869.517 -0.998
870.486 -0.999
871.456 -1
872.429 -1.001
873.401 -1.002
874.376 -1.003
875.351 -1.004
876.327 -1.005
877.303 -1.006
878.278 -1.007
879.244 -1.008
880.185 -1.009
881.103 -1.01
882.009 -1.011
882.915 -1.012
883.816 -1.013
884.716 -1.014
885.615 -1.015
886.51 -1.016
887.403 -1.017
888.296 -1.018
889.19 -1.019
890.084 -1.02
890.977 -1.021
891.868 -1.022
892.759 -1.023
893.646 -1.024
894.53 -1.025
895.416 -1.026
896.303 -1.027
897.192 -1.028
898.083 -1.029
898.973 -1.03
899.865 -1.031
900.761 -1.032
901.66 -1.033
902.563 -1.034
903.47 -1.035
904.38 -1.036
905.294 -1.037
906.212 -1.038
907.133 -1.039
908.056 -1.04
908.982 -1.041
909.913 -1.042
910.847 -1.043
911.785 -1.044
912.728 -1.045
913.673 -1.046
914.622 -1.047
915.575 -1.048
916.532 -1.049
917.492 -1.05
918.455 -1.051
919.42 -1.052
920.389 -1.053
921.362 -1.054
922.339 -1.055
923.319 -1.056
924.303 -1.057
925.29 -1.058
926.28 -1.059
927.273 -1.06
928.269 -1.061
929.269 -1.062
930.271 -1.063
931.275 -1.064
932.282 -1.065
933.293 -1.066
934.307 -1.067
935.324 -1.068
936.344 -1.069
937.367 -1.07
938.393 -1.071
939.423 -1.072
940.457 -1.073
941.493 -1.074
942.534 -1.075
943.578 -1.076
944.627 -1.077
945.676 -1.078
946.726 -1.079
947.78 -1.08
948.837 -1.081
949.899 -1.082
950.964 -1.083
952.033 -1.084
953.104 -1.085
954.18 -1.086
955.259 -1.087
956.343 -1.088
957.429 -1.089
958.518 -1.09
959.603 -1.091
960.688 -1.092
961.777 -1.093
962.866 -1.094
963.954 -1.095
965.044 -1.096
966.138 -1.097
967.234 -1.098
968.332 -1.099
969.432 -1.1
