12.2241 -0.001
24.4342 -0.002
36.6342 -0.003
48.8228 -0.004
60.9998 -0.005
73.1652 -0.006
85.319 -0.007
97.461 -0.008
109.591 -0.009
121.71 -0.01
133.816 -0.011
145.91 -0.012
157.993 -0.013
170.063 -0.014
182.121 -0.015
194.166 -0.016
206.2 -0.017
218.22 -0.018
230.228 -0.019
242.224 -0.02
254.207 -0.021
266.177 -0.022
278.134 -0.023
290.078 -0.024
302.009 -0.025
313.927 -0.026
325.832 -0.027
337.723 -0.028
349.601 -0.029
361.466 -0.03
373.316 -0.031
385.154 -0.032
396.977 -0.033
408.786 -0.034
420.582 -0.035
432.363 -0.036
444.13 -0.037
455.883 -0.038
467.621 -0.039
479.344 -0.04
491.045 -0.041
502.488 -0.042
513.242 -0.043
522.881 -0.044
530.554 -0.045
537.545 -0.046
544.531 -0.047
551.493 -0.048
558.291 -0.049
564.65 -0.05
570.208 -0.051
574.67 -0.052
579.032 -0.053
583.367 -0.054
587.669 -0.055
591.91 -0.056
596.06 -0.057
600.086 -0.058
603.939 -0.059
607.574 -0.06
610.777 -0.061
613.577 -0.062
616.242 -0.063
618.773 -0.064
621.164 -0.065
623.249 -0.066
625.227 -0.067
626.867 -0.068
628.094 -0.069
628.798 -0.07
629.464 -0.071
630.124 -0.072
630.779 -0.073
631.428 -0.074
632.069 -0.075
632.701 -0.076
633.32 -0.077
633.922 -0.078
634.511 -0.079
635.086 -0.08
635.642 -0.081
636.177 -0.082
636.698 -0.083
637.207 -0.084
637.695 -0.085
638.162 -0.086
638.611 -0.087
639.042 -0.088
639.459 -0.089
639.864 -0.09
640.257 -0.091
640.642 -0.092
641.022 -0.093
641.395 -0.094
641.766 -0.095
642.131 -0.096
642.493 -0.097
642.853 -0.098
643.209 -0.099
643.562 -0.1
643.91 -0.101
644.256 -0.102
644.599 -0.103
644.94 -0.104
645.276 -0.105
645.609 -0.106
645.938 -0.107
646.264 -0.108
646.589 -0.109
646.91 -0.11
647.228 -0.111
647.539 -0.112
647.848 -0.113
648.152 -0.114
648.454 -0.115
648.751 -0.116
649.044 -0.117
649.334 -0.118
649.619 -0.119
649.9 -0.12
650.177 -0.121
650.45 -0.122
650.717 -0.123
650.982 -0.124
651.243 -0.125
651.498 -0.126
651.752 -0.127
652.003 -0.128
652.25 -0.129
652.492 -0.13
652.732 -0.131
652.968 -0.132
653.199 -0.133
653.427 -0.134
653.652 -0.135
653.873 -0.136
654.087 -0.137
654.301 -0.138
654.512 -0.139
654.718 -0.14
654.921 -0.141
655.123 -0.142
655.322 -0.143
655.517 -0.144
655.709 -0.145
655.9 -0.146
656.09 -0.147
656.275 -0.148
656.457 -0.149
656.638 -0.15
656.817 -0.151
656.995 -0.152
657.169 -0.153
657.342 -0.154
657.514 -0.155
657.684 -0.156
657.853 -0.157
658.019 -0.158
658.184 -0.159
658.347 -0.16
658.51 -0.161
658.67 -0.162
658.83 -0.163
658.988 -0.164
659.144 -0.165
659.3 -0.166
659.454 -0.167
659.607 -0.168
659.759 -0.169
659.909 -0.17
660.059 -0.171
660.207 -0.172
660.353 -0.173
660.498 -0.174
660.643 -0.175
660.786 -0.176
660.928 -0.177
661.069 -0.178
661.209 -0.179
661.349 -0.18
661.487 -0.181
661.624 -0.182
661.76 -0.183
661.895 -0.184
662.029 -0.185
662.162 -0.186
662.294 -0.187
662.426 -0.188
662.556 -0.189
662.685 -0.19
662.814 -0.191
662.942 -0.192
663.069 -0.193
663.195 -0.194
663.32 -0.195
663.445 -0.196
663.568 -0.197
663.692 -0.198
663.814 -0.199
663.936 -0.2
664.057 -0.201
664.178 -0.202
664.298 -0.203
664.418 -0.204
664.537 -0.205
664.655 -0.206
664.773 -0.207
664.891 -0.208
665.008 -0.209
665.124 -0.21
665.24 -0.211
665.355 -0.212
665.47 -0.213
665.584 -0.214
665.698 -0.215
665.811 -0.216
665.924 -0.217
666.037 -0.218
666.15 -0.219
666.262 -0.22
666.374 -0.221
666.485 -0.222
666.596 -0.223
666.707 -0.224
666.818 -0.225
666.929 -0.226
667.04 -0.227
667.15 -0.228
667.26 -0.229
667.371 -0.23
667.48 -0.231
667.59 -0.232
667.7 -0.233
667.81 -0.234
667.919 -0.235
668.027 -0.236
668.136 -0.237
668.244 -0.238
668.352 -0.239
668.461 -0.24
668.569 -0.241
668.677 -0.242
668.785 -0.243
668.893 -0.244
669 -0.245
669.108 -0.246
669.216 -0.247
669.323 -0.248
669.431 -0.249
669.538 -0.25
669.645 -0.251
669.752 -0.252
669.859 -0.253
669.966 -0.254
670.073 -0.255
670.179 -0.256
670.286 -0.257
670.392 -0.258
670.498 -0.259
670.605 -0.26
670.711 -0.261
670.817 -0.262
670.923 -0.263
671.028 -0.264
671.133 -0.265
671.238 -0.266
671.343 -0.267
671.448 -0.268
671.553 -0.269
671.658 -0.27
671.762 -0.271
671.867 -0.272
671.971 -0.273
672.076 -0.274
672.18 -0.275
672.285 -0.276
672.389 -0.277
672.493 -0.278
672.597 -0.279
672.701 -0.28
672.805 -0.281
672.908 -0.282
673.011 -0.283
673.114 -0.284
673.216 -0.285
673.319 -0.286
673.422 -0.287
673.525 -0.288
673.627 -0.289
673.73 -0.29
673.832 -0.291
673.935 -0.292
674.037 -0.293
674.139 -0.294
674.24 -0.295
674.342 -0.296
674.443 -0.297
674.544 -0.298
674.645 -0.299
674.745 -0.3
674.846 -0.301
674.947 -0.302
675.048 -0.303
675.148 -0.304
675.248 -0.305
675.348 -0.306
675.447 -0.307
675.547 -0.308
675.646 -0.309
675.745 -0.31
675.844 -0.311
675.943 -0.312
676.042 -0.313
676.141 -0.314
676.24 -0.315
676.338 -0.316
676.437 -0.317
676.535 -0.318
676.634 -0.319
676.732 -0.32
676.831 -0.321
676.929 -0.322
677.027 -0.323
677.125 -0.324
677.224 -0.325
677.322 -0.326
677.42 -0.327
677.517 -0.328
677.615 -0.329
677.713 -0.33
677.81 -0.331
677.908 -0.332
678.004 -0.333
678.101 -0.334
678.198 -0.335
678.294 -0.336
678.391 -0.337
678.487 -0.338
678.583 -0.339
678.68 -0.34
678.776 -0.341
678.872 -0.342
678.968 -0.343
679.063 -0.344
679.159 -0.345
679.255 -0.346
679.35 -0.347
679.446 -0.348
679.542 -0.349
679.637 -0.35
679.733 -0.351
679.828 -0.352
679.923 -0.353
680.018 -0.354
680.113 -0.355
680.209 -0.356
680.304 -0.357
680.399 -0.358
680.494 -0.359
680.588 -0.36
680.683 -0.361
680.777 -0.362
680.87 -0.363
680.964 -0.364
681.058 -0.365
681.151 -0.366
681.245 -0.367
681.339 -0.368
681.432 -0.369
681.526 -0.37
681.619 -0.371
681.712 -0.372
681.806 -0.373
681.899 -0.374
681.992 -0.375
682.085 -0.376
682.178 -0.377
682.271 -0.378
682.364 -0.379
682.457 -0.38
682.55 -0.381
682.643 -0.382
682.736 -0.383
682.829 -0.384
682.922 -0.385
683.015 -0.386
683.108 -0.387
683.2 -0.388
683.293 -0.389
683.385 -0.39
683.478 -0.391
683.57 -0.392
683.663 -0.393
683.755 -0.394
683.848 -0.395
683.94 -0.396
684.032 -0.397
684.125 -0.398
684.217 -0.399
684.309 -0.4
684.401 -0.401
684.493 -0.402
684.584 -0.403
684.676 -0.404
684.768 -0.405
684.86 -0.406
684.951 -0.407
685.043 -0.408
685.135 -0.409
685.226 -0.41
685.318 -0.411
685.409 -0.412
685.501 -0.413
685.592 -0.414
685.684 -0.415
685.775 -0.416
685.866 -0.417
685.957 -0.418
686.049 -0.419
686.14 -0.42
686.231 -0.421
686.322 -0.422
686.413 -0.423
686.504 -0.424
686.595 -0.425
686.686 -0.426
686.777 -0.427
686.868 -0.428
686.959 -0.429
687.05 -0.43
687.141 -0.431
687.232 -0.432
687.323 -0.433
687.414 -0.434
687.504 -0.435
687.595 -0.436
687.686 -0.437
687.776 -0.438
687.867 -0.439
687.957 -0.44
688.047 -0.441
688.138 -0.442
688.228 -0.443
688.318 -0.444
688.409 -0.445
688.499 -0.446
688.589 -0.447
688.68 -0.448
688.77 -0.449
688.86 -0.45
688.95 -0.451
689.04 -0.452
689.131 -0.453
689.221 -0.454
689.311 -0.455
689.401 -0.456
689.491 -0.457
689.581 -0.458
689.671 -0.459
689.761 -0.46
689.851 -0.461
689.941 -0.462
690.031 -0.463
690.12 -0.464
690.21 -0.465
690.3 -0.466
690.39 -0.467
690.48 -0.468
690.57 -0.469
690.66 -0.47
690.749 -0.471
690.839 -0.472
690.929 -0.473
691.019 -0.474
691.109 -0.475
691.198 -0.476
691.288 -0.477
691.378 -0.478
691.467 -0.479
691.557 -0.48
691.646 -0.481
691.735 -0.482
691.825 -0.483
691.914 -0.484
692.004 -0.485
692.093 -0.486
692.182 -0.487
692.272 -0.488
692.361 -0.489
692.45 -0.49
692.539 -0.491
692.629 -0.492
692.718 -0.493
692.807 -0.494
692.896 -0.495
692.985 -0.496
693.075 -0.497
693.164 -0.498
693.253 -0.499
693.342 -0.5
693.431 -0.501
693.52 -0.502
693.609 -0.503
693.698 -0.504
693.788 -0.505
693.876 -0.506
693.965 -0.507
694.054 -0.508
694.143 -0.509
694.232 -0.51
694.321 -0.511
694.41 -0.512
694.499 -0.513
694.588 -0.514
694.677 -0.515
694.766 -0.516
694.855 -0.517
694.943 -0.518
695.032 -0.519
695.121 -0.52
695.21 -0.521
695.298 -0.522
695.386 -0.523
695.475 -0.524
695.563 -0.525
695.651 -0.526
695.739 -0.527
695.827 -0.528
695.915 -0.529
696.004 -0.53
696.092 -0.531
696.18 -0.532
696.268 -0.533
696.356 -0.534
696.444 -0.535
696.532 -0.536
696.62 -0.537
696.708 -0.538
696.796 -0.539
696.884 -0.54
696.972 -0.541
697.06 -0.542
697.148 -0.543
697.236 -0.544
697.324 -0.545
697.412 -0.546
697.5 -0.547
697.588 -0.548
697.676 -0.549
697.764 -0.55
697.851 -0.551
697.939 -0.552
698.027 -0.553
698.115 -0.554
698.203 -0.555
698.29 -0.556
698.378 -0.557
698.466 -0.558
698.554 -0.559
698.641 -0.56
698.729 -0.561
698.817 -0.562
698.905 -0.563
698.992 -0.564
699.08 -0.565
699.168 -0.566
699.255 -0.567
699.343 -0.568
699.43 -0.569
699.518 -0.57
699.605 -0.571
699.693 -0.572
699.781 -0.573
699.868 -0.574
699.956 -0.575
700.043 -0.576
700.131 -0.577
700.218 -0.578
700.306 -0.579
700.393 -0.58
700.48 -0.581
700.568 -0.582
700.655 -0.583
700.743 -0.584
700.83 -0.585
700.917 -0.586
701.005 -0.587
701.092 -0.588
701.18 -0.589
701.267 -0.59
701.354 -0.591
701.441 -0.592
701.529 -0.593
701.616 -0.594
701.703 -0.595
701.79 -0.596
701.878 -0.597
701.965 -0.598
702.052 -0.599
702.139 -0.6
702.226 -0.601
702.313 -0.602
702.4 -0.603
702.487 -0.604
702.574 -0.605
702.661 -0.606
702.749 -0.607
702.836 -0.608
702.923 -0.609
703.01 -0.61
703.097 -0.611
703.183 -0.612
703.27 -0.613
703.357 -0.614
703.444 -0.615
703.531 -0.616
703.618 -0.617
703.705 -0.618
703.792 -0.619
703.878 -0.62
703.965 -0.621
704.052 -0.622
704.139 -0.623
704.225 -0.624
704.312 -0.625
704.399 -0.626
704.486 -0.627
704.572 -0.628
704.659 -0.629
704.746 -0.63
704.832 -0.631
704.919 -0.632
705.005 -0.633
705.092 -0.634
705.178 -0.635
705.265 -0.636
705.351 -0.637
705.438 -0.638
705.524 -0.639
705.611 -0.64
705.697 -0.641
705.783 -0.642
705.87 -0.643
705.956 -0.644
706.042 -0.645
706.128 -0.646
706.215 -0.647
706.301 -0.648
706.387 -0.649
706.473 -0.65
706.559 -0.651
706.645 -0.652
706.731 -0.653
706.817 -0.654
706.903 -0.655
706.989 -0.656
707.075 -0.657
707.161 -0.658
707.247 -0.659
707.333 -0.66
707.419 -0.661
707.505 -0.662
707.59 -0.663
707.676 -0.664
707.762 -0.665
707.848 -0.666
707.933 -0.667
708.019 -0.668
708.105 -0.669
708.19 -0.67
708.276 -0.671
708.361 -0.672
708.446 -0.673
708.532 -0.674
708.617 -0.675
708.702 -0.676
708.787 -0.677
708.873 -0.678
708.958 -0.679
709.043 -0.68
709.128 -0.681
709.213 -0.682
709.299 -0.683
709.384 -0.684
709.468 -0.685
709.553 -0.686
709.638 -0.687
709.723 -0.688
709.807 -0.689
709.892 -0.69
709.976 -0.691
710.061 -0.692
710.145 -0.693
710.23 -0.694
710.314 -0.695
710.398 -0.696
710.482 -0.697
710.565 -0.698
710.649 -0.699
710.733 -0.7
710.816 -0.701
710.899 -0.702
710.982 -0.703
711.065 -0.704
711.148 -0.705
711.23 -0.706
711.312 -0.707
711.394 -0.708
711.475 -0.709
711.556 -0.71
711.636 -0.711
711.715 -0.712
711.794 -0.713
711.872 -0.714
711.95 -0.715
712.028 -0.716
712.105 -0.717
712.182 -0.718
712.258 -0.719
712.333 -0.72
712.409 -0.721
712.484 -0.722
712.558 -0.723
712.632 -0.724
712.706 -0.725
712.779 -0.726
712.851 -0.727
712.923 -0.728
712.993 -0.729
713.062 -0.73
713.13 -0.731
713.196 -0.732
713.26 -0.733
713.32 -0.734
713.375 -0.735
713.423 -0.736
713.463 -0.737
713.493 -0.738
713.513 -0.739
713.52 -0.74
713.512 -0.741
713.487 -0.742
713.442 -0.743
713.375 -0.744
713.281 -0.745
713.157 -0.746
713 -0.747
712.811 -0.748
712.594 -0.749
712.354 -0.75
712.139 -0.751
711.958 -0.752
711.83 -0.753
711.713 -0.754
711.596 -0.755
711.479 -0.756
711.362 -0.757
711.245 -0.758
711.129 -0.759
711.012 -0.76
710.895 -0.761
710.832 -0.762
710.791 -0.763
710.82 -0.764
710.865 -0.765
710.968 -0.766
711.099 -0.767
711.271 -0.768
711.494 -0.769
711.743 -0.77
712.024 -0.771
712.302 -0.772
712.546 -0.773
712.754 -0.774
712.934 -0.775
713.108 -0.776
713.282 -0.777
713.454 -0.778
713.624 -0.779
713.792 -0.78
713.958 -0.781
714.123 -0.782
714.285 -0.783
714.444 -0.784
714.6 -0.785
714.753 -0.786
714.903 -0.787
715.047 -0.788
715.188 -0.789
715.326 -0.79
715.462 -0.791
715.593 -0.792
715.719 -0.793
715.837 -0.794
715.944 -0.795
716.039 -0.796
716.124 -0.797
716.2 -0.798
716.274 -0.799
716.348 -0.8
716.421 -0.801
716.495 -0.802
716.568 -0.803
716.64 -0.804
716.712 -0.805
716.784 -0.806
716.857 -0.807
716.93 -0.808
717.003 -0.809
717.077 -0.81
717.151 -0.811
717.226 -0.812
717.301 -0.813
717.377 -0.814
717.454 -0.815
717.53 -0.816
717.605 -0.817
717.68 -0.818
717.755 -0.819
717.829 -0.82
717.902 -0.821
717.973 -0.822
718.044 -0.823
718.112 -0.824
718.178 -0.825
718.239 -0.826
718.291 -0.827
718.328 -0.828
718.372 -0.829
718.449 -0.83
718.523 -0.831
718.597 -0.832
718.671 -0.833
718.748 -0.834
718.825 -0.835
718.903 -0.836
718.983 -0.837
719.063 -0.838
719.143 -0.839
719.225 -0.84
719.307 -0.841
719.389 -0.842
719.473 -0.843
719.556 -0.844
719.64 -0.845
719.724 -0.846
719.808 -0.847
719.892 -0.848
719.976 -0.849
720.06 -0.85
720.144 -0.851
720.228 -0.852
720.313 -0.853
720.397 -0.854
720.482 -0.855
720.566 -0.856
720.651 -0.857
720.735 -0.858
720.82 -0.859
720.905 -0.86
720.99 -0.861
721.075 -0.862
721.16 -0.863
721.245 -0.864
721.33 -0.865
721.415 -0.866
721.5 -0.867
721.586 -0.868
721.671 -0.869
721.757 -0.87
721.842 -0.871
721.928 -0.872
722.013 -0.873
722.099 -0.874
722.185 -0.875
722.271 -0.876
722.357 -0.877
722.443 -0.878
722.529 -0.879
722.615 -0.88
722.701 -0.881
722.788 -0.882
722.874 -0.883
722.96 -0.884
723.047 -0.885
723.134 -0.886
723.22 -0.887
723.307 -0.888
723.394 -0.889
723.481 -0.89
723.568 -0.891
723.655 -0.892
723.742 -0.893
723.829 -0.894
723.916 -0.895
724.004 -0.896
724.091 -0.897
724.178 -0.898
724.266 -0.899
724.356 -0.9
724.447 -0.901
724.539 -0.902
724.631 -0.903
724.723 -0.904
724.816 -0.905
724.908 -0.906
725.001 -0.907
725.093 -0.908
725.186 -0.909
725.279 -0.91
725.371 -0.911
725.464 -0.912
725.557 -0.913
725.65 -0.914
725.743 -0.915
725.837 -0.916
725.93 -0.917
726.023 -0.918
726.117 -0.919
726.21 -0.92
726.304 -0.921
726.397 -0.922
726.491 -0.923
726.585 -0.924
726.679 -0.925
726.773 -0.926
726.867 -0.927
726.961 -0.928
727.055 -0.929
727.149 -0.93
727.244 -0.931
727.338 -0.932
727.432 -0.933
727.527 -0.934
727.622 -0.935
727.716 -0.936
727.811 -0.937
727.906 -0.938
728.001 -0.939
728.096 -0.94
728.191 -0.941
728.286 -0.942
728.381 -0.943
728.476 -0.944
728.571 -0.945
728.667 -0.946
728.762 -0.947
728.857 -0.948
728.953 -0.949
729.049 -0.95
729.144 -0.951
729.24 -0.952
729.336 -0.953
729.432 -0.954
729.527 -0.955
729.623 -0.956
729.719 -0.957
729.815 -0.958
729.912 -0.959
730.008 -0.96
730.104 -0.961
730.201 -0.962
730.297 -0.963
730.394 -0.964
730.49 -0.965
730.587 -0.966
730.683 -0.967
730.78 -0.968
730.877 -0.969
730.974 -0.97
731.071 -0.971
731.167 -0.972
731.264 -0.973
731.361 -0.974
731.458 -0.975
731.556 -0.976
731.653 -0.977
731.75 -0.978
731.847 -0.979
731.944 -0.98
732.042 -0.981
732.139 -0.982
732.237 -0.983
732.334 -0.984
732.432 -0.985
732.529 -0.986
732.627 -0.987
732.725 -0.988
732.822 -0.989
732.92 -0.99
733.018 -0.991
733.116 -0.992
733.214 -0.993
733.312 -0.994
733.411 -0.995
733.509 -0.996
733.607 -0.997
733.706 -0.998
733.804 -0.999
733.903 -1
734.001 -1.001
734.1 -1.002
734.199 -1.003
734.298 -1.004
734.397 -1.005
734.496 -1.006
734.595 -1.007
734.694 -1.008
734.793 -1.009
734.893 -1.01
734.992 -1.011
735.091 -1.012
735.191 -1.013
735.291 -1.014
735.39 -1.015
735.49 -1.016
735.59 -1.017
735.69 -1.018
735.79 -1.019
735.89 -1.02
735.99 -1.021
736.091 -1.022
736.191 -1.023
736.292 -1.024
736.392 -1.025
736.493 -1.026
736.593 -1.027
736.694 -1.028
736.795 -1.029
736.896 -1.03
736.997 -1.031
737.098 -1.032
737.199 -1.033
737.3 -1.034
737.402 -1.035
737.503 -1.036
737.604 -1.037
737.706 -1.038
737.808 -1.039
737.909 -1.04
738.011 -1.041
738.113 -1.042
738.215 -1.043
738.316 -1.044
738.419 -1.045
738.521 -1.046
738.623 -1.047
738.725 -1.048
738.827 -1.049
738.93 -1.05
739.032 -1.051
739.135 -1.052
739.237 -1.053
739.34 -1.054
739.443 -1.055
739.546 -1.056
739.649 -1.057
739.752 -1.058
739.855 -1.059
739.958 -1.06
740.061 -1.061
740.165 -1.062
740.268 -1.063
740.372 -1.064
740.475 -1.065
740.579 -1.066
740.682 -1.067
740.786 -1.068
740.89 -1.069
740.994 -1.07
741.098 -1.071
741.202 -1.072
741.306 -1.073
741.411 -1.074
741.515 -1.075
741.619 -1.076
741.724 -1.077
741.828 -1.078
741.933 -1.079
742.037 -1.08
742.142 -1.081
742.247 -1.082
742.352 -1.083
742.457 -1.084
742.562 -1.085
742.667 -1.086
742.772 -1.087
742.877 -1.088
742.982 -1.089
743.088 -1.09
743.193 -1.091
743.299 -1.092
743.404 -1.093
743.51 -1.094
743.615 -1.095
743.721 -1.096
743.827 -1.097
743.933 -1.098
744.039 -1.099
744.145 -1.1
744.251 -1.101
744.357 -1.102
744.463 -1.103
744.569 -1.104
744.675 -1.105
744.781 -1.106
744.888 -1.107
744.994 -1.108
745.1 -1.109
745.207 -1.11
745.313 -1.111
745.42 -1.112
745.526 -1.113
745.633 -1.114
745.739 -1.115
745.846 -1.116
745.953 -1.117
746.059 -1.118
746.166 -1.119
746.273 -1.12
746.379 -1.121
746.486 -1.122
746.593 -1.123
746.699 -1.124
746.806 -1.125
746.913 -1.126
747.019 -1.127
747.126 -1.128
747.233 -1.129
747.339 -1.13
747.446 -1.131
747.553 -1.132
747.659 -1.133
747.765 -1.134
747.872 -1.135
747.978 -1.136
748.084 -1.137
748.19 -1.138
748.295 -1.139
748.401 -1.14
748.506 -1.141
748.611 -1.142
748.716 -1.143
748.821 -1.144
748.926 -1.145
749.03 -1.146
749.135 -1.147
749.24 -1.148
749.345 -1.149
749.449 -1.15
749.554 -1.151
749.658 -1.152
749.762 -1.153
749.865 -1.154
749.968 -1.155
750.071 -1.156
750.175 -1.157
750.279 -1.158
750.383 -1.159
750.487 -1.16
750.59 -1.161
750.693 -1.162
750.796 -1.163
750.899 -1.164
751.002 -1.165
751.105 -1.166
751.207 -1.167
751.308 -1.168
751.408 -1.169
751.508 -1.17
751.607 -1.171
751.706 -1.172
751.802 -1.173
751.897 -1.174
751.989 -1.175
752.078 -1.176
752.163 -1.177
752.243 -1.178
752.322 -1.179
752.395 -1.18
752.465 -1.181
752.531 -1.182
752.59 -1.183
752.646 -1.184
752.698 -1.185
752.743 -1.186
752.784 -1.187
752.821 -1.188
752.851 -1.189
752.876 -1.19
752.898 -1.191
752.914 -1.192
752.927 -1.193
752.938 -1.194
752.948 -1.195
752.957 -1.196
752.963 -1.197
752.968 -1.198
752.972 -1.199
752.973 -1.2
752.973 -1.201
752.971 -1.202
752.966 -1.203
752.959 -1.204
752.95 -1.205
752.939 -1.206
752.931 -1.207
752.921 -1.208
752.911 -1.209
752.904 -1.21
752.897 -1.211
752.894 -1.212
752.89 -1.213
752.887 -1.214
752.888 -1.215
752.89 -1.216
752.895 -1.217
752.901 -1.218
752.942 -1.219
753.001 -1.22
753.06 -1.221
753.139 -1.222
753.249 -1.223
753.36 -1.224
753.474 -1.225
753.609 -1.226
753.75 -1.227
753.892 -1.228
754.046 -1.229
754.213 -1.23
754.38 -1.231
754.548 -1.232
754.715 -1.233
754.882 -1.234
755.062 -1.235
755.239 -1.236
755.409 -1.237
755.582 -1.238
755.757 -1.239
755.925 -1.24
756.083 -1.241
756.24 -1.242
756.397 -1.243
756.554 -1.244
756.709 -1.245
756.863 -1.246
757.017 -1.247
757.175 -1.248
757.335 -1.249
757.496 -1.25
757.656 -1.251
757.819 -1.252
757.985 -1.253
758.151 -1.254
758.317 -1.255
758.484 -1.256
758.649 -1.257
758.813 -1.258
758.977 -1.259
759.142 -1.26
759.305 -1.261
759.468 -1.262
759.63 -1.263
759.792 -1.264
759.954 -1.265
760.117 -1.266
760.283 -1.267
760.449 -1.268
760.615 -1.269
760.781 -1.27
760.951 -1.271
761.122 -1.272
761.292 -1.273
761.461 -1.274
761.631 -1.275
761.799 -1.276
761.967 -1.277
762.135 -1.278
762.303 -1.279
762.469 -1.28
762.635 -1.281
762.8 -1.282
762.966 -1.283
763.131 -1.284
763.296 -1.285
763.46 -1.286
763.622 -1.287
763.781 -1.288
763.934 -1.289
764.076 -1.29
764.215 -1.291
764.348 -1.292
764.478 -1.293
764.608 -1.294
764.739 -1.295
764.869 -1.296
765 -1.297
765.131 -1.298
765.262 -1.299
765.394 -1.3
765.525 -1.301
765.657 -1.302
765.79 -1.303
765.922 -1.304
766.055 -1.305
766.188 -1.306
766.322 -1.307
766.456 -1.308
766.59 -1.309
766.724 -1.31
766.858 -1.311
766.993 -1.312
767.128 -1.313
767.263 -1.314
767.398 -1.315
767.534 -1.316
767.669 -1.317
767.805 -1.318
767.941 -1.319
768.077 -1.32
768.214 -1.321
768.351 -1.322
768.488 -1.323
768.626 -1.324
768.763 -1.325
768.9 -1.326
769.038 -1.327
769.176 -1.328
769.314 -1.329
769.452 -1.33
769.59 -1.331
769.728 -1.332
769.867 -1.333
770.006 -1.334
770.145 -1.335
770.284 -1.336
770.423 -1.337
770.562 -1.338
770.702 -1.339
770.842 -1.34
770.982 -1.341
771.122 -1.342
771.263 -1.343
771.403 -1.344
771.544 -1.345
771.685 -1.346
771.827 -1.347
771.969 -1.348
772.111 -1.349
772.253 -1.35
772.395 -1.351
772.538 -1.352
772.681 -1.353
772.823 -1.354
772.966 -1.355
773.109 -1.356
773.253 -1.357
773.396 -1.358
773.54 -1.359
773.684 -1.36
773.828 -1.361
773.972 -1.362
774.116 -1.363
774.261 -1.364
774.405 -1.365
774.55 -1.366
774.695 -1.367
774.84 -1.368
774.985 -1.369
775.13 -1.37
775.276 -1.371
775.422 -1.372
775.568 -1.373
775.715 -1.374
775.861 -1.375
776.008 -1.376
776.155 -1.377
776.302 -1.378
776.45 -1.379
776.597 -1.38
776.745 -1.381
776.893 -1.382
777.041 -1.383
777.189 -1.384
777.338 -1.385
777.486 -1.386
777.635 -1.387
777.784 -1.388
777.933 -1.389
778.083 -1.39
778.232 -1.391
778.382 -1.392
778.531 -1.393
778.681 -1.394
778.831 -1.395
778.981 -1.396
779.131 -1.397
779.281 -1.398
779.432 -1.399
779.582 -1.4
