14.7255 -0.001
29.4382 -0.002
44.138 -0.003
58.8248 -0.004
73.4985 -0.005
88.1592 -0.006
102.807 -0.007
117.441 -0.008
132.062 -0.009
146.669 -0.01
161.263 -0.011
175.844 -0.012
190.411 -0.013
204.964 -0.014
219.504 -0.015
234.03 -0.016
248.541 -0.017
263.039 -0.018
277.523 -0.019
291.992 -0.02
306.448 -0.021
320.889 -0.022
335.315 -0.023
349.728 -0.024
364.125 -0.025
378.508 -0.026
392.876 -0.027
407.229 -0.028
421.568 -0.029
435.891 -0.03
450.199 -0.031
464.492 -0.032
478.77 -0.033
493.032 -0.034
507.279 -0.035
521.51 -0.036
535.725 -0.037
549.924 -0.038
564.108 -0.039
578.275 -0.04
592.427 -0.041
606.42 -0.042
619.841 -0.043
632.375 -0.044
643.706 -0.045
653.204 -0.046
662 -0.047
669.821 -0.048
676.16 -0.049
680.643 -0.05
684.857 -0.051
688.505 -0.052
691.435 -0.053
694.05 -0.054
696.478 -0.055
698.582 -0.056
700.279 -0.057
701.263 -0.058
702.053 -0.059
702.805 -0.06
703.526 -0.061
704.214 -0.062
704.872 -0.063
705.513 -0.064
706.135 -0.065
706.737 -0.066
707.325 -0.067
707.898 -0.068
708.459 -0.069
709.008 -0.07
709.548 -0.071
710.073 -0.072
710.587 -0.073
711.087 -0.074
711.574 -0.075
712.049 -0.076
712.512 -0.077
712.96 -0.078
713.392 -0.079
713.811 -0.08
714.217 -0.081
714.612 -0.082
714.996 -0.083
715.373 -0.084
715.739 -0.085
716.097 -0.086
716.447 -0.087
716.791 -0.088
717.127 -0.089
717.46 -0.09
717.79 -0.091
718.115 -0.092
718.435 -0.093
718.752 -0.094
719.065 -0.095
719.373 -0.096
719.676 -0.097
719.977 -0.098
720.275 -0.099
720.568 -0.1
720.856 -0.101
721.141 -0.102
721.424 -0.103
721.704 -0.104
721.978 -0.105
722.249 -0.106
722.518 -0.107
722.787 -0.108
723.053 -0.109
723.317 -0.11
723.578 -0.111
723.836 -0.112
724.093 -0.113
724.348 -0.114
724.602 -0.115
724.853 -0.116
725.102 -0.117
725.349 -0.118
725.593 -0.119
725.836 -0.12
726.078 -0.121
726.319 -0.122
726.558 -0.123
726.796 -0.124
727.032 -0.125
727.266 -0.126
727.499 -0.127
727.731 -0.128
727.961 -0.129
728.19 -0.13
728.418 -0.131
728.643 -0.132
728.866 -0.133
729.088 -0.134
729.31 -0.135
729.529 -0.136
729.747 -0.137
729.964 -0.138
730.18 -0.139
730.394 -0.14
730.606 -0.141
730.816 -0.142
731.025 -0.143
731.232 -0.144
731.438 -0.145
731.642 -0.146
731.845 -0.147
732.047 -0.148
732.248 -0.149
732.446 -0.15
732.643 -0.151
732.838 -0.152
733.031 -0.153
733.224 -0.154
733.415 -0.155
733.604 -0.156
733.793 -0.157
733.979 -0.158
734.165 -0.159
734.35 -0.16
734.533 -0.161
734.716 -0.162
734.896 -0.163
735.076 -0.164
735.254 -0.165
735.431 -0.166
735.606 -0.167
735.781 -0.168
735.955 -0.169
736.128 -0.17
736.3 -0.171
736.472 -0.172
736.642 -0.173
736.811 -0.174
736.978 -0.175
737.145 -0.176
737.31 -0.177
737.474 -0.178
737.637 -0.179
737.798 -0.18
737.96 -0.181
738.12 -0.182
738.279 -0.183
738.438 -0.184
738.596 -0.185
738.753 -0.186
738.909 -0.187
739.064 -0.188
739.218 -0.189
739.371 -0.19
739.523 -0.191
739.674 -0.192
739.824 -0.193
739.974 -0.194
740.123 -0.195
740.271 -0.196
740.418 -0.197
740.565 -0.198
740.71 -0.199
740.855 -0.2
740.999 -0.201
741.142 -0.202
741.285 -0.203
741.427 -0.204
741.569 -0.205
741.71 -0.206
741.851 -0.207
741.991 -0.208
742.131 -0.209
742.269 -0.21
742.407 -0.211
742.545 -0.212
742.682 -0.213
742.818 -0.214
742.953 -0.215
743.089 -0.216
743.224 -0.217
743.358 -0.218
743.492 -0.219
743.626 -0.22
743.759 -0.221
743.892 -0.222
744.025 -0.223
744.157 -0.224
744.29 -0.225
744.421 -0.226
744.552 -0.227
744.683 -0.228
744.814 -0.229
744.945 -0.23
745.075 -0.231
745.204 -0.232
745.334 -0.233
745.463 -0.234
745.592 -0.235
745.72 -0.236
745.849 -0.237
745.977 -0.238
746.104 -0.239
746.232 -0.24
746.359 -0.241
746.487 -0.242
746.614 -0.243
746.741 -0.244
746.867 -0.245
746.993 -0.246
747.119 -0.247
747.245 -0.248
747.371 -0.249
747.496 -0.25
747.621 -0.251
747.746 -0.252
747.871 -0.253
747.995 -0.254
748.119 -0.255
748.243 -0.256
748.366 -0.257
748.49 -0.258
748.613 -0.259
748.736 -0.26
748.859 -0.261
748.981 -0.262
749.104 -0.263
749.226 -0.264
749.348 -0.265
749.47 -0.266
749.592 -0.267
749.714 -0.268
749.835 -0.269
749.957 -0.27
750.078 -0.271
750.199 -0.272
750.32 -0.273
750.441 -0.274
750.561 -0.275
750.682 -0.276
750.802 -0.277
750.922 -0.278
751.042 -0.279
751.162 -0.28
751.282 -0.281
751.401 -0.282
751.52 -0.283
751.639 -0.284
751.758 -0.285
751.877 -0.286
751.996 -0.287
752.114 -0.288
752.232 -0.289
752.351 -0.29
752.468 -0.291
752.586 -0.292
752.704 -0.293
752.821 -0.294
752.939 -0.295
753.056 -0.296
753.173 -0.297
753.29 -0.298
753.407 -0.299
753.524 -0.3
753.64 -0.301
753.757 -0.302
753.873 -0.303
753.989 -0.304
754.106 -0.305
754.221 -0.306
754.337 -0.307
754.453 -0.308
754.569 -0.309
754.684 -0.31
754.799 -0.311
754.914 -0.312
755.029 -0.313
755.144 -0.314
755.259 -0.315
755.374 -0.316
755.488 -0.317
755.603 -0.318
755.717 -0.319
755.831 -0.32
755.945 -0.321
756.059 -0.322
756.173 -0.323
756.286 -0.324
756.4 -0.325
756.513 -0.326
756.626 -0.327
756.739 -0.328
756.852 -0.329
756.965 -0.33
757.078 -0.331
757.19 -0.332
757.303 -0.333
757.415 -0.334
757.527 -0.335
757.639 -0.336
757.751 -0.337
757.863 -0.338
757.975 -0.339
758.086 -0.34
758.198 -0.341
758.309 -0.342
758.42 -0.343
758.532 -0.344
758.643 -0.345
758.754 -0.346
758.864 -0.347
758.975 -0.348
759.086 -0.349
759.196 -0.35
759.307 -0.351
759.417 -0.352
759.527 -0.353
759.637 -0.354
759.747 -0.355
759.857 -0.356
759.966 -0.357
760.076 -0.358
760.185 -0.359
760.295 -0.36
760.404 -0.361
760.513 -0.362
760.622 -0.363
760.731 -0.364
760.84 -0.365
760.949 -0.366
761.058 -0.367
761.166 -0.368
761.275 -0.369
761.383 -0.37
761.492 -0.371
761.6 -0.372
761.708 -0.373
761.816 -0.374
761.924 -0.375
762.032 -0.376
762.139 -0.377
762.247 -0.378
762.355 -0.379
762.462 -0.38
762.569 -0.381
762.677 -0.382
762.784 -0.383
762.891 -0.384
762.998 -0.385
763.105 -0.386
763.212 -0.387
763.318 -0.388
763.425 -0.389
763.532 -0.39
763.638 -0.391
763.744 -0.392
763.851 -0.393
763.957 -0.394
764.063 -0.395
764.169 -0.396
764.275 -0.397
764.381 -0.398
764.487 -0.399
764.592 -0.4
764.698 -0.401
764.803 -0.402
764.909 -0.403
765.014 -0.404
765.119 -0.405
765.225 -0.406
765.33 -0.407
765.435 -0.408
765.54 -0.409
765.644 -0.41
765.749 -0.411
765.854 -0.412
765.959 -0.413
766.063 -0.414
766.168 -0.415
766.272 -0.416
766.376 -0.417
766.481 -0.418
766.585 -0.419
766.689 -0.42
766.793 -0.421
766.897 -0.422
767.001 -0.423
767.105 -0.424
767.208 -0.425
767.312 -0.426
767.416 -0.427
767.519 -0.428
767.623 -0.429
767.726 -0.43
767.83 -0.431
767.933 -0.432
768.036 -0.433
768.139 -0.434
768.242 -0.435
768.345 -0.436
768.448 -0.437
768.551 -0.438
768.654 -0.439
768.757 -0.44
768.859 -0.441
768.962 -0.442
769.065 -0.443
769.167 -0.444
769.27 -0.445
769.372 -0.446
769.474 -0.447
769.577 -0.448
769.679 -0.449
769.781 -0.45
769.883 -0.451
769.985 -0.452
770.088 -0.453
770.19 -0.454
770.292 -0.455
770.393 -0.456
770.495 -0.457
770.597 -0.458
770.699 -0.459
770.801 -0.46
770.902 -0.461
771.004 -0.462
771.106 -0.463
771.207 -0.464
771.309 -0.465
771.41 -0.466
771.512 -0.467
771.613 -0.468
771.715 -0.469
771.816 -0.47
771.917 -0.471
772.018 -0.472
772.12 -0.473
772.221 -0.474
772.322 -0.475
772.423 -0.476
772.524 -0.477
772.625 -0.478
772.726 -0.479
772.827 -0.48
772.928 -0.481
773.028 -0.482
773.129 -0.483
773.23 -0.484
773.331 -0.485
773.431 -0.486
773.532 -0.487
773.633 -0.488
773.733 -0.489
773.834 -0.49
773.935 -0.491
774.035 -0.492
774.136 -0.493
774.236 -0.494
774.337 -0.495
774.437 -0.496
774.537 -0.497
774.638 -0.498
774.738 -0.499
774.838 -0.5
774.939 -0.501
775.039 -0.502
775.139 -0.503
775.239 -0.504
775.339 -0.505
775.439 -0.506
775.54 -0.507
775.64 -0.508
775.74 -0.509
775.84 -0.51
775.94 -0.511
776.04 -0.512
776.14 -0.513
776.24 -0.514
776.34 -0.515
776.44 -0.516
776.54 -0.517
776.64 -0.518
776.74 -0.519
776.84 -0.52
776.94 -0.521
777.04 -0.522
777.14 -0.523
777.24 -0.524
777.34 -0.525
777.44 -0.526
777.54 -0.527
777.64 -0.528
777.74 -0.529
777.84 -0.53
777.94 -0.531
778.04 -0.532
778.14 -0.533
778.24 -0.534
778.34 -0.535
778.44 -0.536
778.54 -0.537
778.64 -0.538
778.74 -0.539
778.84 -0.54
778.94 -0.541
779.04 -0.542
779.14 -0.543
779.24 -0.544
779.34 -0.545
779.44 -0.546
779.54 -0.547
779.64 -0.548
779.741 -0.549
779.841 -0.55
779.941 -0.551
780.041 -0.552
780.142 -0.553
780.242 -0.554
780.342 -0.555
780.443 -0.556
780.543 -0.557
780.643 -0.558
780.744 -0.559
780.844 -0.56
780.945 -0.561
781.045 -0.562
781.146 -0.563
781.246 -0.564
781.347 -0.565
781.447 -0.566
781.548 -0.567
781.649 -0.568
781.749 -0.569
781.85 -0.57
781.951 -0.571
782.052 -0.572
782.153 -0.573
782.253 -0.574
782.354 -0.575
782.455 -0.576
782.556 -0.577
782.657 -0.578
782.758 -0.579
782.859 -0.58
782.961 -0.581
783.062 -0.582
783.163 -0.583
783.264 -0.584
783.366 -0.585
783.467 -0.586
783.569 -0.587
783.67 -0.588
783.772 -0.589
783.873 -0.59
783.975 -0.591
784.076 -0.592
784.178 -0.593
784.28 -0.594
784.382 -0.595
784.484 -0.596
784.586 -0.597
784.688 -0.598
784.79 -0.599
784.892 -0.6
784.994 -0.601
785.096 -0.602
785.198 -0.603
785.301 -0.604
785.403 -0.605
785.505 -0.606
785.608 -0.607
785.71 -0.608
785.813 -0.609
785.916 -0.61
786.018 -0.611
786.121 -0.612
786.224 -0.613
786.327 -0.614
786.43 -0.615
786.533 -0.616
786.636 -0.617
786.739 -0.618
786.843 -0.619
786.946 -0.62
787.05 -0.621
787.153 -0.622
787.257 -0.623
787.36 -0.624
787.464 -0.625
787.568 -0.626
787.672 -0.627
787.776 -0.628
787.88 -0.629
787.984 -0.63
788.088 -0.631
788.193 -0.632
788.297 -0.633
788.401 -0.634
788.506 -0.635
788.61 -0.636
788.715 -0.637
788.82 -0.638
788.925 -0.639
789.03 -0.64
789.135 -0.641
789.24 -0.642
789.345 -0.643
789.45 -0.644
789.556 -0.645
789.661 -0.646
789.767 -0.647
789.872 -0.648
789.978 -0.649
790.084 -0.65
790.19 -0.651
790.296 -0.652
790.402 -0.653
790.508 -0.654
790.615 -0.655
790.721 -0.656
790.828 -0.657
790.934 -0.658
791.041 -0.659
791.148 -0.66
791.255 -0.661
791.362 -0.662
791.469 -0.663
791.576 -0.664
791.683 -0.665
791.791 -0.666
791.898 -0.667
792.006 -0.668
792.113 -0.669
792.221 -0.67
792.329 -0.671
792.437 -0.672
792.546 -0.673
792.654 -0.674
792.762 -0.675
792.871 -0.676
792.979 -0.677
793.088 -0.678
793.197 -0.679
793.306 -0.68
793.415 -0.681
793.524 -0.682
793.633 -0.683
793.742 -0.684
793.852 -0.685
793.962 -0.686
794.071 -0.687
794.181 -0.688
794.291 -0.689
794.401 -0.69
794.512 -0.691
794.622 -0.692
794.732 -0.693
794.843 -0.694
794.954 -0.695
795.065 -0.696
795.176 -0.697
795.287 -0.698
795.398 -0.699
795.51 -0.7
795.621 -0.701
795.733 -0.702
795.845 -0.703
795.957 -0.704
796.069 -0.705
796.181 -0.706
796.294 -0.707
796.406 -0.708
796.519 -0.709
796.632 -0.71
796.745 -0.711
796.858 -0.712
796.971 -0.713
797.085 -0.714
797.198 -0.715
797.312 -0.716
797.426 -0.717
797.54 -0.718
797.654 -0.719
797.768 -0.72
797.883 -0.721
797.998 -0.722
798.112 -0.723
798.227 -0.724
798.342 -0.725
798.457 -0.726
798.573 -0.727
798.688 -0.728
798.804 -0.729
798.92 -0.73
799.036 -0.731
799.152 -0.732
799.268 -0.733
799.385 -0.734
799.501 -0.735
799.618 -0.736
799.735 -0.737
799.852 -0.738
799.969 -0.739
800.087 -0.74
800.204 -0.741
800.322 -0.742
800.44 -0.743
800.558 -0.744
800.676 -0.745
800.794 -0.746
800.913 -0.747
801.031 -0.748
801.15 -0.749
801.269 -0.75
801.388 -0.751
801.508 -0.752
801.627 -0.753
801.747 -0.754
801.867 -0.755
801.987 -0.756
802.107 -0.757
802.227 -0.758
802.348 -0.759
802.469 -0.76
802.59 -0.761
802.711 -0.762
802.832 -0.763
802.953 -0.764
803.075 -0.765
803.197 -0.766
803.319 -0.767
803.441 -0.768
803.563 -0.769
803.686 -0.77
803.808 -0.771
803.931 -0.772
804.054 -0.773
804.177 -0.774
804.301 -0.775
804.424 -0.776
804.548 -0.777
804.672 -0.778
804.796 -0.779
804.921 -0.78
805.045 -0.781
805.17 -0.782
805.295 -0.783
805.42 -0.784
805.545 -0.785
805.67 -0.786
805.796 -0.787
805.922 -0.788
806.048 -0.789
806.174 -0.79
806.3 -0.791
806.426 -0.792
806.553 -0.793
806.68 -0.794
806.807 -0.795
806.934 -0.796
807.061 -0.797
807.189 -0.798
807.316 -0.799
807.444 -0.8
807.572 -0.801
807.701 -0.802
807.829 -0.803
807.958 -0.804
808.087 -0.805
808.216 -0.806
808.345 -0.807
808.475 -0.808
808.605 -0.809
808.735 -0.81
808.865 -0.811
808.995 -0.812
809.126 -0.813
809.256 -0.814
809.387 -0.815
809.518 -0.816
809.65 -0.817
809.781 -0.818
809.913 -0.819
810.045 -0.82
810.177 -0.821
810.31 -0.822
810.442 -0.823
810.575 -0.824
810.708 -0.825
810.841 -0.826
810.975 -0.827
811.108 -0.828
811.242 -0.829
811.376 -0.83
811.51 -0.831
811.645 -0.832
811.78 -0.833
811.915 -0.834
812.05 -0.835
812.185 -0.836
812.321 -0.837
812.456 -0.838
812.592 -0.839
812.729 -0.84
812.865 -0.841
813.002 -0.842
813.139 -0.843
813.276 -0.844
813.413 -0.845
813.55 -0.846
813.688 -0.847
813.826 -0.848
813.964 -0.849
814.103 -0.85
814.242 -0.851
814.38 -0.852
814.52 -0.853
814.659 -0.854
814.798 -0.855
814.938 -0.856
815.078 -0.857
815.219 -0.858
815.359 -0.859
815.5 -0.86
815.641 -0.861
815.782 -0.862
815.923 -0.863
816.065 -0.864
816.207 -0.865
816.349 -0.866
816.491 -0.867
816.634 -0.868
816.776 -0.869
816.919 -0.87
817.063 -0.871
817.206 -0.872
817.35 -0.873
817.494 -0.874
817.638 -0.875
817.782 -0.876
817.927 -0.877
818.072 -0.878
818.217 -0.879
818.362 -0.88
818.508 -0.881
818.653 -0.882
818.799 -0.883
818.946 -0.884
819.092 -0.885
819.239 -0.886
819.386 -0.887
819.534 -0.888
819.681 -0.889
819.829 -0.89
819.977 -0.891
820.125 -0.892
820.274 -0.893
820.423 -0.894
820.572 -0.895
820.721 -0.896
820.87 -0.897
821.02 -0.898
821.17 -0.899
821.32 -0.9
821.47 -0.901
821.621 -0.902
821.771 -0.903
821.922 -0.904
822.074 -0.905
822.225 -0.906
822.377 -0.907
822.529 -0.908
822.681 -0.909
822.834 -0.91
822.987 -0.911
823.14 -0.912
823.293 -0.913
823.447 -0.914
823.6 -0.915
823.755 -0.916
823.909 -0.917
824.064 -0.918
824.218 -0.919
824.374 -0.92
824.529 -0.921
824.685 -0.922
824.841 -0.923
824.997 -0.924
825.154 -0.925
825.31 -0.926
825.467 -0.927
825.625 -0.928
825.782 -0.929
825.94 -0.93
826.099 -0.931
826.257 -0.932
826.416 -0.933
826.575 -0.934
826.734 -0.935
826.893 -0.936
827.053 -0.937
827.213 -0.938
827.374 -0.939
827.534 -0.94
827.695 -0.941
827.857 -0.942
828.018 -0.943
828.18 -0.944
828.342 -0.945
828.504 -0.946
828.667 -0.947
828.83 -0.948
828.993 -0.949
829.157 -0.95
829.321 -0.951
829.485 -0.952
829.649 -0.953
829.814 -0.954
829.979 -0.955
830.144 -0.956
830.309 -0.957
830.475 -0.958
830.641 -0.959
830.808 -0.96
830.974 -0.961
831.141 -0.962
831.309 -0.963
831.476 -0.964
831.644 -0.965
831.812 -0.966
831.981 -0.967
832.149 -0.968
832.318 -0.969
832.488 -0.97
832.657 -0.971
832.827 -0.972
832.997 -0.973
833.168 -0.974
833.339 -0.975
833.51 -0.976
833.681 -0.977
833.853 -0.978
834.025 -0.979
834.197 -0.98
834.37 -0.981
834.542 -0.982
834.715 -0.983
834.889 -0.984
835.062 -0.985
835.236 -0.986
835.41 -0.987
835.585 -0.988
835.76 -0.989
835.935 -0.99
836.11 -0.991
836.286 -0.992
836.462 -0.993
836.639 -0.994
836.815 -0.995
836.992 -0.996
837.17 -0.997
837.347 -0.998
837.525 -0.999
837.704 -1
837.882 -1.001
838.061 -1.002
838.24 -1.003
838.42 -1.004
838.6 -1.005
838.78 -1.006
838.96 -1.007
839.141 -1.008
839.322 -1.009
839.504 -1.01
839.686 -1.011
839.868 -1.012
840.05 -1.013
840.233 -1.014
840.416 -1.015
840.599 -1.016
840.783 -1.017
840.967 -1.018
841.151 -1.019
841.336 -1.02
841.521 -1.021
841.706 -1.022
841.892 -1.023
842.078 -1.024
842.264 -1.025
842.451 -1.026
842.638 -1.027
842.825 -1.028
843.012 -1.029
843.2 -1.03
843.389 -1.031
843.577 -1.032
843.766 -1.033
843.956 -1.034
844.145 -1.035
844.335 -1.036
844.525 -1.037
844.716 -1.038
844.907 -1.039
845.098 -1.04
845.29 -1.041
845.482 -1.042
845.674 -1.043
845.866 -1.044
846.059 -1.045
846.253 -1.046
846.446 -1.047
846.64 -1.048
846.835 -1.049
847.029 -1.05
847.224 -1.051
847.42 -1.052
847.615 -1.053
847.811 -1.054
848.008 -1.055
848.205 -1.056
848.402 -1.057
848.599 -1.058
848.797 -1.059
848.995 -1.06
849.194 -1.061
849.393 -1.062
849.592 -1.063
849.791 -1.064
849.991 -1.065
850.192 -1.066
850.392 -1.067
850.593 -1.068
850.794 -1.069
850.996 -1.07
851.198 -1.071
851.401 -1.072
851.603 -1.073
851.807 -1.074
852.01 -1.075
852.214 -1.076
852.418 -1.077
852.623 -1.078
852.828 -1.079
853.033 -1.08
853.239 -1.081
853.444 -1.082
853.651 -1.083
853.857 -1.084
854.064 -1.085
854.272 -1.086
854.479 -1.087
854.688 -1.088
854.896 -1.089
855.105 -1.09
855.314 -1.091
855.524 -1.092
855.734 -1.093
855.944 -1.094
856.155 -1.095
856.366 -1.096
856.577 -1.097
856.789 -1.098
857.001 -1.099
857.214 -1.1
857.427 -1.101
857.64 -1.102
857.854 -1.103
858.068 -1.104
858.282 -1.105
858.497 -1.106
858.712 -1.107
858.928 -1.108
859.144 -1.109
859.36 -1.11
859.577 -1.111
859.794 -1.112
860.011 -1.113
860.229 -1.114
860.447 -1.115
860.665 -1.116
860.884 -1.117
861.104 -1.118
861.323 -1.119
861.544 -1.12
861.764 -1.121
861.985 -1.122
862.206 -1.123
862.428 -1.124
862.65 -1.125
862.872 -1.126
863.095 -1.127
863.318 -1.128
863.542 -1.129
863.766 -1.13
863.99 -1.131
864.215 -1.132
864.44 -1.133
864.666 -1.134
864.892 -1.135
865.118 -1.136
865.345 -1.137
865.572 -1.138
865.799 -1.139
866.027 -1.14
866.256 -1.141
866.484 -1.142
866.713 -1.143
866.943 -1.144
867.173 -1.145
867.403 -1.146
867.634 -1.147
867.865 -1.148
868.097 -1.149
868.329 -1.15
868.561 -1.151
868.794 -1.152
869.027 -1.153
869.26 -1.154
869.494 -1.155
869.728 -1.156
869.963 -1.157
870.198 -1.158
870.434 -1.159
870.669 -1.16
870.906 -1.161
871.143 -1.162
871.38 -1.163
871.617 -1.164
871.855 -1.165
872.094 -1.166
872.332 -1.167
872.572 -1.168
872.811 -1.169
873.051 -1.17
873.292 -1.171
873.533 -1.172
873.774 -1.173
874.016 -1.174
874.258 -1.175
874.501 -1.176
874.744 -1.177
874.987 -1.178
875.231 -1.179
875.475 -1.18
875.72 -1.181
875.965 -1.182
876.21 -1.183
876.456 -1.184
876.703 -1.185
876.949 -1.186
877.196 -1.187
877.444 -1.188
877.692 -1.189
877.94 -1.19
878.189 -1.191
878.439 -1.192
878.688 -1.193
878.938 -1.194
879.189 -1.195
879.44 -1.196
879.691 -1.197
879.943 -1.198
880.196 -1.199
880.448 -1.2
880.701 -1.201
880.955 -1.202
881.209 -1.203
881.463 -1.204
881.718 -1.205
881.973 -1.206
882.229 -1.207
882.485 -1.208
882.742 -1.209
882.999 -1.21
883.256 -1.211
883.514 -1.212
883.773 -1.213
884.031 -1.214
884.291 -1.215
884.55 -1.216
884.811 -1.217
885.071 -1.218
885.332 -1.219
885.594 -1.22
885.856 -1.221
886.118 -1.222
886.381 -1.223
886.645 -1.224
886.908 -1.225
887.173 -1.226
887.437 -1.227
887.702 -1.228
887.968 -1.229
888.234 -1.23
888.501 -1.231
888.768 -1.232
889.035 -1.233
889.303 -1.234
889.571 -1.235
889.84 -1.236
890.11 -1.237
890.379 -1.238
890.65 -1.239
890.92 -1.24
891.191 -1.241
891.463 -1.242
891.735 -1.243
892.008 -1.244
892.281 -1.245
892.554 -1.246
892.828 -1.247
893.103 -1.248
893.377 -1.249
893.653 -1.25
893.929 -1.251
894.205 -1.252
894.482 -1.253
894.759 -1.254
895.036 -1.255
895.315 -1.256
895.593 -1.257
895.872 -1.258
896.152 -1.259
896.432 -1.26
896.712 -1.261
896.993 -1.262
897.275 -1.263
897.557 -1.264
897.839 -1.265
898.122 -1.266
898.405 -1.267
898.689 -1.268
898.973 -1.269
899.258 -1.27
899.544 -1.271
899.829 -1.272
900.116 -1.273
900.402 -1.274
900.69 -1.275
900.977 -1.276
901.266 -1.277
901.554 -1.278
901.843 -1.279
902.133 -1.28
902.423 -1.281
902.713 -1.282
903.004 -1.283
903.296 -1.284
903.588 -1.285
903.88 -1.286
904.173 -1.287
904.466 -1.288
904.76 -1.289
905.054 -1.29
905.349 -1.291
905.645 -1.292
905.94 -1.293
906.236 -1.294
906.533 -1.295
906.829 -1.296
907.126 -1.297
907.424 -1.298
907.722 -1.299
908.021 -1.3
