7.50898 -0.001
14.9853 -0.002
22.4507 -0.003
29.8978 -0.004
37.3267 -0.005
44.7373 -0.006
52.1295 -0.007
59.5033 -0.008
66.8587 -0.009
74.1955 -0.01
81.5138 -0.011
88.8134 -0.012
96.0944 -0.013
103.357 -0.014
110.6 -0.015
117.825 -0.016
125.03 -0.017
132.217 -0.018
139.385 -0.019
146.533 -0.02
153.663 -0.021
160.773 -0.022
167.863 -0.023
174.935 -0.024
181.987 -0.025
189.019 -0.026
196.031 -0.027
203.024 -0.028
209.997 -0.029
216.95 -0.03
223.883 -0.031
230.796 -0.032
237.689 -0.033
244.561 -0.034
251.413 -0.035
258.245 -0.036
265.055 -0.037
271.758 -0.038
277.875 -0.039
282.896 -0.04
287.052 -0.041
291.16 -0.042
295.243 -0.043
299.289 -0.044
303.296 -0.045
307.271 -0.046
311.223 -0.047
315.18 -0.048
319.125 -0.049
323.06 -0.05
326.979 -0.051
330.896 -0.052
334.804 -0.053
338.699 -0.054
342.58 -0.055
346.446 -0.056
350.296 -0.057
354.13 -0.058
357.949 -0.059
361.751 -0.06
365.531 -0.061
369.249 -0.062
372.84 -0.063
376.335 -0.064
379.643 -0.065
382.743 -0.066
385.564 -0.067
388.152 -0.068
390.636 -0.069
392.921 -0.07
394.988 -0.071
396.934 -0.072
398.517 -0.073
399.835 -0.074
400.817 -0.075
401.695 -0.076
402.539 -0.077
403.369 -0.078
404.185 -0.079
404.982 -0.08
405.763 -0.081
406.526 -0.082
407.269 -0.083
407.992 -0.084
408.695 -0.085
409.381 -0.086
410.054 -0.087
410.708 -0.088
411.343 -0.089
411.96 -0.09
412.558 -0.091
413.142 -0.092
413.715 -0.093
414.272 -0.094
414.814 -0.095
415.342 -0.096
415.856 -0.097
416.353 -0.098
416.837 -0.099
417.311 -0.1
417.774 -0.101
418.227 -0.102
418.671 -0.103
419.107 -0.104
419.536 -0.105
419.958 -0.106
420.373 -0.107
420.782 -0.108
421.184 -0.109
421.58 -0.11
421.968 -0.111
422.351 -0.112
422.727 -0.113
423.096 -0.114
423.459 -0.115
423.816 -0.116
424.167 -0.117
424.512 -0.118
424.851 -0.119
425.184 -0.12
425.511 -0.121
425.833 -0.122
426.148 -0.123
426.458 -0.124
426.762 -0.125
427.061 -0.126
427.355 -0.127
427.643 -0.128
427.927 -0.129
428.205 -0.13
428.479 -0.131
428.749 -0.132
429.014 -0.133
429.273 -0.134
429.528 -0.135
429.777 -0.136
430.022 -0.137
430.262 -0.138
430.497 -0.139
430.727 -0.14
430.95 -0.141
431.164 -0.142
431.372 -0.143
431.571 -0.144
431.762 -0.145
431.947 -0.146
432.128 -0.147
432.304 -0.148
432.475 -0.149
432.643 -0.15
432.802 -0.151
432.951 -0.152
433.091 -0.153
433.217 -0.154
433.332 -0.155
433.439 -0.156
433.543 -0.157
433.638 -0.158
433.729 -0.159
433.812 -0.16
433.889 -0.161
433.96 -0.162
434.026 -0.163
434.085 -0.164
434.139 -0.165
434.189 -0.166
434.235 -0.167
434.276 -0.168
434.313 -0.169
434.341 -0.17
434.36 -0.171
434.367 -0.172
434.371 -0.173
434.36 -0.174
434.343 -0.175
434.315 -0.176
434.282 -0.177
434.241 -0.178
434.198 -0.179
434.15 -0.18
434.094 -0.181
434.035 -0.182
433.973 -0.183
433.908 -0.184
433.841 -0.185
433.771 -0.186
433.699 -0.187
433.624 -0.188
433.546 -0.189
433.467 -0.19
433.385 -0.191
433.299 -0.192
433.211 -0.193
433.12 -0.194
433.024 -0.195
432.922 -0.196
432.818 -0.197
432.71 -0.198
432.594 -0.199
432.476 -0.2
432.356 -0.201
432.228 -0.202
432.098 -0.203
431.966 -0.204
431.827 -0.205
431.686 -0.206
431.542 -0.207
431.397 -0.208
431.25 -0.209
431.101 -0.21
430.95 -0.211
430.797 -0.212
430.644 -0.213
430.489 -0.214
430.332 -0.215
430.173 -0.216
430.013 -0.217
429.851 -0.218
429.687 -0.219
429.522 -0.22
429.355 -0.221
429.185 -0.222
429.013 -0.223
428.839 -0.224
428.663 -0.225
428.486 -0.226
428.307 -0.227
428.126 -0.228
427.943 -0.229
427.759 -0.23
427.572 -0.231
427.383 -0.232
427.193 -0.233
427.002 -0.234
426.808 -0.235
426.614 -0.236
426.419 -0.237
426.224 -0.238
426.027 -0.239
425.83 -0.24
425.632 -0.241
425.433 -0.242
425.233 -0.243
425.032 -0.244
424.83 -0.245
424.629 -0.246
424.427 -0.247
424.225 -0.248
424.021 -0.249
423.817 -0.25
423.613 -0.251
423.408 -0.252
423.202 -0.253
422.995 -0.254
422.788 -0.255
422.582 -0.256
422.375 -0.257
422.167 -0.258
421.959 -0.259
421.751 -0.26
421.543 -0.261
421.333 -0.262
421.124 -0.263
420.913 -0.264
420.702 -0.265
420.49 -0.266
420.278 -0.267
420.065 -0.268
419.852 -0.269
419.639 -0.27
419.425 -0.271
419.21 -0.272
418.995 -0.273
418.78 -0.274
418.564 -0.275
418.348 -0.276
418.132 -0.277
417.915 -0.278
417.698 -0.279
417.48 -0.28
417.262 -0.281
417.044 -0.282
416.826 -0.283
416.607 -0.284
416.388 -0.285
416.169 -0.286
415.949 -0.287
415.729 -0.288
415.509 -0.289
415.289 -0.29
415.068 -0.291
414.847 -0.292
414.626 -0.293
414.405 -0.294
414.183 -0.295
413.961 -0.296
413.739 -0.297
413.517 -0.298
413.295 -0.299
413.072 -0.3
412.85 -0.301
412.627 -0.302
412.404 -0.303
412.181 -0.304
411.959 -0.305
411.735 -0.306
411.512 -0.307
411.289 -0.308
411.066 -0.309
410.843 -0.31
410.619 -0.311
410.396 -0.312
410.172 -0.313
409.949 -0.314
409.726 -0.315
409.502 -0.316
409.278 -0.317
409.055 -0.318
408.832 -0.319
408.608 -0.32
408.385 -0.321
408.163 -0.322
407.94 -0.323
407.718 -0.324
407.495 -0.325
407.273 -0.326
407.052 -0.327
406.83 -0.328
406.609 -0.329
406.388 -0.33
406.167 -0.331
405.946 -0.332
405.726 -0.333
405.506 -0.334
405.286 -0.335
405.066 -0.336
404.847 -0.337
404.628 -0.338
404.409 -0.339
404.191 -0.34
403.973 -0.341
403.755 -0.342
403.538 -0.343
403.321 -0.344
403.104 -0.345
402.888 -0.346
402.672 -0.347
402.456 -0.348
402.24 -0.349
402.025 -0.35
401.811 -0.351
401.597 -0.352
401.383 -0.353
401.169 -0.354
400.956 -0.355
400.743 -0.356
400.531 -0.357
400.319 -0.358
400.108 -0.359
399.897 -0.36
399.686 -0.361
399.476 -0.362
399.266 -0.363
399.057 -0.364
398.848 -0.365
398.639 -0.366
398.431 -0.367
398.223 -0.368
398.016 -0.369
397.81 -0.37
397.603 -0.371
397.398 -0.372
397.192 -0.373
396.987 -0.374
396.782 -0.375
396.578 -0.376
396.375 -0.377
396.171 -0.378
395.969 -0.379
395.767 -0.38
395.565 -0.381
395.364 -0.382
395.163 -0.383
394.962 -0.384
394.762 -0.385
394.563 -0.386
394.364 -0.387
394.166 -0.388
393.968 -0.389
393.771 -0.39
393.574 -0.391
393.378 -0.392
393.182 -0.393
392.987 -0.394
392.793 -0.395
392.598 -0.396
392.403 -0.397
392.209 -0.398
392.016 -0.399
391.822 -0.4
391.63 -0.401
391.438 -0.402
391.246 -0.403
391.055 -0.404
390.865 -0.405
390.675 -0.406
390.486 -0.407
390.298 -0.408
390.11 -0.409
389.922 -0.41
389.734 -0.411
389.547 -0.412
389.361 -0.413
389.175 -0.414
388.99 -0.415
388.806 -0.416
388.622 -0.417
388.438 -0.418
388.255 -0.419
388.073 -0.42
387.891 -0.421
387.71 -0.422
387.529 -0.423
387.349 -0.424
387.169 -0.425
386.99 -0.426
386.811 -0.427
386.633 -0.428
386.455 -0.429
386.278 -0.43
386.102 -0.431
385.927 -0.432
385.752 -0.433
385.577 -0.434
385.403 -0.435
385.23 -0.436
385.057 -0.437
384.885 -0.438
384.712 -0.439
384.54 -0.44
384.369 -0.441
384.198 -0.442
384.028 -0.443
383.858 -0.444
383.688 -0.445
383.52 -0.446
383.351 -0.447
383.184 -0.448
383.017 -0.449
382.85 -0.45
382.683 -0.451
382.516 -0.452
382.349 -0.453
382.183 -0.454
382.017 -0.455
381.852 -0.456
381.687 -0.457
381.522 -0.458
381.358 -0.459
381.193 -0.46
381.029 -0.461
380.866 -0.462
380.704 -0.463
380.542 -0.464
380.381 -0.465
380.22 -0.466
380.059 -0.467
379.898 -0.468
379.739 -0.469
379.579 -0.47
379.42 -0.471
379.261 -0.472
379.103 -0.473
378.946 -0.474
378.788 -0.475
378.631 -0.476
378.474 -0.477
378.318 -0.478
378.163 -0.479
378.008 -0.48
377.854 -0.481
377.7 -0.482
377.546 -0.483
377.391 -0.484
377.236 -0.485
377.082 -0.486
376.929 -0.487
376.777 -0.488
376.625 -0.489
376.473 -0.49
376.322 -0.491
376.171 -0.492
376.02 -0.493
375.868 -0.494
375.718 -0.495
375.567 -0.496
375.417 -0.497
375.268 -0.498
375.118 -0.499
374.968 -0.5
374.817 -0.501
374.662 -0.502
374.497 -0.503
374.315 -0.504
374.107 -0.505
373.879 -0.506
373.639 -0.507
373.398 -0.508
373.157 -0.509
372.912 -0.51
372.662 -0.511
372.457 -0.512
372.267 -0.513
372.076 -0.514
371.888 -0.515
371.701 -0.516
371.504 -0.517
371.291 -0.518
371.079 -0.519
370.906 -0.52
370.788 -0.521
370.698 -0.522
370.624 -0.523
370.554 -0.524
370.485 -0.525
370.402 -0.526
370.306 -0.527
370.21 -0.528
370.114 -0.529
370.013 -0.53
369.904 -0.531
369.794 -0.532
369.685 -0.533
369.577 -0.534
369.47 -0.535
369.364 -0.536
369.259 -0.537
369.155 -0.538
369.052 -0.539
368.946 -0.54
368.832 -0.541
368.717 -0.542
368.603 -0.543
368.49 -0.544
368.378 -0.545
368.267 -0.546
368.156 -0.547
368.047 -0.548
367.938 -0.549
367.83 -0.55
367.722 -0.551
367.615 -0.552
367.509 -0.553
367.403 -0.554
367.298 -0.555
367.194 -0.556
367.09 -0.557
366.987 -0.558
366.885 -0.559
366.784 -0.56
366.683 -0.561
366.584 -0.562
366.485 -0.563
366.387 -0.564
366.29 -0.565
366.194 -0.566
366.099 -0.567
366.004 -0.568
365.91 -0.569
365.816 -0.57
365.723 -0.571
365.63 -0.572
365.538 -0.573
365.445 -0.574
365.354 -0.575
365.264 -0.576
365.176 -0.577
365.09 -0.578
365.006 -0.579
364.923 -0.58
364.84 -0.581
364.757 -0.582
364.671 -0.583
364.583 -0.584
364.491 -0.585
364.394 -0.586
364.289 -0.587
364.192 -0.588
364.1 -0.589
364.02 -0.59
363.954 -0.591
363.89 -0.592
363.816 -0.593
363.75 -0.594
363.685 -0.595
363.635 -0.596
363.601 -0.597
363.572 -0.598
363.538 -0.599
363.496 -0.6
363.447 -0.601
363.396 -0.602
363.344 -0.603
363.292 -0.604
363.24 -0.605
363.188 -0.606
363.136 -0.607
363.085 -0.608
363.033 -0.609
362.982 -0.61
362.932 -0.611
362.881 -0.612
362.83 -0.613
362.781 -0.614
362.733 -0.615
362.687 -0.616
362.641 -0.617
362.596 -0.618
362.552 -0.619
362.51 -0.62
362.468 -0.621
362.428 -0.622
362.389 -0.623
362.352 -0.624
362.315 -0.625
362.28 -0.626
362.246 -0.627
362.213 -0.628
362.181 -0.629
362.149 -0.63
362.117 -0.631
362.086 -0.632
362.055 -0.633
362.025 -0.634
361.998 -0.635
361.972 -0.636
361.948 -0.637
361.924 -0.638
361.899 -0.639
361.874 -0.64
361.847 -0.641
361.82 -0.642
361.792 -0.643
361.765 -0.644
361.739 -0.645
361.714 -0.646
361.691 -0.647
361.669 -0.648
361.648 -0.649
361.628 -0.65
361.609 -0.651
361.592 -0.652
361.576 -0.653
361.56 -0.654
361.547 -0.655
361.534 -0.656
361.522 -0.657
361.512 -0.658
361.503 -0.659
361.494 -0.66
361.487 -0.661
361.481 -0.662
361.476 -0.663
361.471 -0.664
361.467 -0.665
361.463 -0.666
361.459 -0.667
361.452 -0.668
361.441 -0.669
361.426 -0.67
361.403 -0.671
361.37 -0.672
361.323 -0.673
361.264 -0.674
361.197 -0.675
361.123 -0.676
361.04 -0.677
360.948 -0.678
360.849 -0.679
360.749 -0.68
360.67 -0.681
360.638 -0.682
360.647 -0.683
360.672 -0.684
360.692 -0.685
360.7 -0.686
360.753 -0.687
360.847 -0.688
360.958 -0.689
361.069 -0.69
361.149 -0.691
361.227 -0.692
361.305 -0.693
361.383 -0.694
361.44 -0.695
361.486 -0.696
361.535 -0.697
361.584 -0.698
361.636 -0.699
361.681 -0.7
361.712 -0.701
361.744 -0.702
361.778 -0.703
361.814 -0.704
361.851 -0.705
361.889 -0.706
361.929 -0.707
361.971 -0.708
362.014 -0.709
362.058 -0.71
362.105 -0.711
362.152 -0.712
362.201 -0.713
362.252 -0.714
362.304 -0.715
362.358 -0.716
362.414 -0.717
362.47 -0.718
362.529 -0.719
362.589 -0.72
362.65 -0.721
362.713 -0.722
362.777 -0.723
362.841 -0.724
362.906 -0.725
362.971 -0.726
363.036 -0.727
363.101 -0.728
363.166 -0.729
363.233 -0.73
363.301 -0.731
363.371 -0.732
363.443 -0.733
363.516 -0.734
363.591 -0.735
363.667 -0.736
363.745 -0.737
363.824 -0.738
363.905 -0.739
363.988 -0.74
364.072 -0.741
364.158 -0.742
364.245 -0.743
364.335 -0.744
364.425 -0.745
364.517 -0.746
364.611 -0.747
364.706 -0.748
364.802 -0.749
364.9 -0.75
365 -0.751
365.102 -0.752
365.205 -0.753
365.31 -0.754
365.417 -0.755
365.526 -0.756
365.637 -0.757
365.749 -0.758
365.863 -0.759
365.979 -0.76
366.096 -0.761
366.216 -0.762
366.335 -0.763
366.455 -0.764
366.576 -0.765
366.696 -0.766
366.817 -0.767
366.939 -0.768
367.061 -0.769
367.184 -0.77
367.306 -0.771
367.43 -0.772
367.555 -0.773
367.678 -0.774
367.803 -0.775
367.927 -0.776
368.052 -0.777
368.178 -0.778
368.307 -0.779
368.437 -0.78
368.569 -0.781
368.702 -0.782
368.837 -0.783
368.973 -0.784
369.112 -0.785
369.252 -0.786
369.394 -0.787
369.538 -0.788
369.683 -0.789
369.83 -0.79
369.979 -0.791
370.129 -0.792
370.281 -0.793
370.435 -0.794
370.591 -0.795
370.748 -0.796
370.907 -0.797
371.068 -0.798
371.231 -0.799
371.394 -0.8
371.56 -0.801
371.727 -0.802
371.896 -0.803
372.067 -0.804
372.239 -0.805
372.414 -0.806
372.591 -0.807
372.769 -0.808
372.95 -0.809
373.132 -0.81
373.316 -0.811
373.502 -0.812
373.693 -0.813
373.885 -0.814
374.079 -0.815
374.275 -0.816
374.473 -0.817
374.673 -0.818
374.874 -0.819
375.077 -0.82
375.281 -0.821
375.487 -0.822
375.695 -0.823
375.907 -0.824
376.121 -0.825
376.337 -0.826
376.554 -0.827
376.774 -0.828
376.992 -0.829
377.213 -0.83
377.434 -0.831
377.656 -0.832
377.879 -0.833
378.103 -0.834
378.326 -0.835
378.552 -0.836
378.778 -0.837
379.005 -0.838
379.233 -0.839
379.462 -0.84
379.691 -0.841
379.921 -0.842
380.153 -0.843
380.385 -0.844
380.618 -0.845
380.853 -0.846
381.09 -0.847
381.328 -0.848
381.568 -0.849
381.809 -0.85
382.052 -0.851
382.296 -0.852
382.542 -0.853
382.789 -0.854
383.038 -0.855
383.289 -0.856
383.542 -0.857
383.795 -0.858
384.05 -0.859
384.303 -0.86
384.557 -0.861
384.813 -0.862
385.068 -0.863
385.324 -0.864
385.582 -0.865
385.84 -0.866
386.098 -0.867
386.357 -0.868
386.616 -0.869
386.877 -0.87
387.139 -0.871
387.402 -0.872
387.666 -0.873
387.93 -0.874
388.196 -0.875
388.461 -0.876
388.728 -0.877
388.996 -0.878
389.266 -0.879
389.537 -0.88
389.809 -0.881
390.083 -0.882
390.357 -0.883
390.634 -0.884
390.911 -0.885
391.191 -0.886
391.472 -0.887
391.755 -0.888
392.039 -0.889
392.325 -0.89
392.612 -0.891
392.901 -0.892
393.191 -0.893
393.482 -0.894
393.776 -0.895
394.07 -0.896
394.367 -0.897
394.665 -0.898
394.964 -0.899
395.266 -0.9
395.569 -0.901
395.873 -0.902
396.178 -0.903
396.486 -0.904
396.794 -0.905
397.105 -0.906
397.417 -0.907
397.73 -0.908
398.044 -0.909
398.361 -0.91
398.678 -0.911
398.997 -0.912
399.317 -0.913
399.638 -0.914
399.96 -0.915
400.283 -0.916
400.607 -0.917
400.931 -0.918
401.257 -0.919
401.584 -0.92
401.911 -0.921
402.239 -0.922
402.566 -0.923
402.896 -0.924
403.227 -0.925
403.561 -0.926
403.895 -0.927
404.232 -0.928
404.568 -0.929
404.905 -0.93
405.244 -0.931
405.585 -0.932
405.927 -0.933
406.271 -0.934
406.617 -0.935
406.963 -0.936
407.307 -0.937
407.653 -0.938
407.999 -0.939
408.348 -0.94
408.697 -0.941
409.047 -0.942
409.399 -0.943
409.751 -0.944
410.103 -0.945
410.455 -0.946
410.809 -0.947
411.162 -0.948
411.514 -0.949
411.862 -0.95
412.202 -0.951
412.535 -0.952
412.87 -0.953
413.205 -0.954
413.542 -0.955
413.88 -0.956
414.218 -0.957
414.555 -0.958
414.887 -0.959
415.208 -0.96
415.526 -0.961
415.845 -0.962
416.165 -0.963
416.487 -0.964
416.809 -0.965
417.133 -0.966
417.457 -0.967
417.706 -0.968
417.938 -0.969
418.186 -0.97
418.596 -0.971
418.981 -0.972
419.326 -0.973
419.67 -0.974
420.012 -0.975
420.355 -0.976
420.698 -0.977
421.044 -0.978
421.393 -0.979
421.746 -0.98
421.824 -0.981
422.179 -0.982
422.617 -0.983
423.041 -0.984
423.416 -0.985
423.779 -0.986
424.137 -0.987
424.497 -0.988
424.858 -0.989
425.22 -0.99
425.583 -0.991
425.964 -0.992
426.353 -0.993
426.741 -0.994
427.13 -0.995
427.519 -0.996
427.91 -0.997
428.301 -0.998
428.693 -0.999
429.087 -1
429.483 -1.001
429.902 -1.002
430.321 -1.003
430.742 -1.004
431.163 -1.005
431.585 -1.006
432.008 -1.007
432.431 -1.008
432.851 -1.009
433.271 -1.01
433.691 -1.011
434.112 -1.012
434.533 -1.013
434.955 -1.014
435.378 -1.015
435.802 -1.016
436.225 -1.017
436.646 -1.018
437.068 -1.019
437.488 -1.02
437.909 -1.021
438.329 -1.022
438.749 -1.023
439.17 -1.024
439.591 -1.025
440.01 -1.026
440.43 -1.027
440.849 -1.028
441.268 -1.029
441.688 -1.03
442.107 -1.031
442.527 -1.032
442.948 -1.033
443.369 -1.034
443.79 -1.035
444.211 -1.036
444.631 -1.037
445.051 -1.038
445.47 -1.039
445.889 -1.04
446.31 -1.041
446.732 -1.042
447.157 -1.043
447.582 -1.044
448.007 -1.045
448.432 -1.046
448.856 -1.047
449.282 -1.048
449.71 -1.049
450.138 -1.05
450.565 -1.051
450.993 -1.052
451.422 -1.053
451.851 -1.054
452.28 -1.055
452.708 -1.056
453.137 -1.057
453.572 -1.058
454.01 -1.059
454.45 -1.06
454.89 -1.061
455.333 -1.062
455.778 -1.063
456.223 -1.064
456.666 -1.065
457.109 -1.066
457.555 -1.067
458.002 -1.068
458.45 -1.069
458.902 -1.07
459.358 -1.071
459.815 -1.072
460.273 -1.073
460.733 -1.074
461.195 -1.075
461.657 -1.076
462.121 -1.077
462.587 -1.078
463.053 -1.079
463.52 -1.08
463.988 -1.081
464.456 -1.082
464.925 -1.083
465.393 -1.084
465.861 -1.085
466.329 -1.086
466.797 -1.087
467.267 -1.088
467.736 -1.089
468.207 -1.09
468.679 -1.091
469.152 -1.092
469.626 -1.093
470.1 -1.094
470.575 -1.095
471.051 -1.096
471.528 -1.097
472.006 -1.098
472.486 -1.099
472.967 -1.1
473.44 -1.101
473.91 -1.102
474.382 -1.103
474.854 -1.104
475.327 -1.105
475.801 -1.106
476.276 -1.107
476.753 -1.108
477.228 -1.109
477.696 -1.11
478.164 -1.111
478.633 -1.112
479.104 -1.113
479.574 -1.114
480.046 -1.115
480.519 -1.116
480.992 -1.117
481.468 -1.118
481.944 -1.119
482.422 -1.12
482.902 -1.121
483.383 -1.122
483.866 -1.123
484.35 -1.124
484.835 -1.125
485.321 -1.126
485.809 -1.127
486.298 -1.128
486.788 -1.129
487.28 -1.13
487.774 -1.131
488.269 -1.132
488.766 -1.133
489.264 -1.134
489.764 -1.135
490.265 -1.136
490.768 -1.137
491.272 -1.138
491.778 -1.139
492.286 -1.14
492.795 -1.141
493.306 -1.142
493.818 -1.143
494.331 -1.144
494.847 -1.145
495.364 -1.146
495.882 -1.147
496.402 -1.148
496.924 -1.149
497.447 -1.15
497.971 -1.151
498.498 -1.152
499.026 -1.153
499.555 -1.154
500.086 -1.155
500.619 -1.156
501.153 -1.157
501.689 -1.158
502.226 -1.159
502.765 -1.16
503.306 -1.161
503.848 -1.162
504.389 -1.163
504.93 -1.164
505.474 -1.165
506.018 -1.166
506.563 -1.167
507.106 -1.168
507.65 -1.169
508.197 -1.17
508.744 -1.171
509.289 -1.172
509.835 -1.173
510.382 -1.174
510.93 -1.175
511.478 -1.176
512.023 -1.177
512.569 -1.178
513.118 -1.179
513.667 -1.18
514.218 -1.181
514.771 -1.182
515.326 -1.183
515.881 -1.184
516.439 -1.185
516.998 -1.186
517.559 -1.187
518.121 -1.188
518.685 -1.189
519.251 -1.19
519.818 -1.191
520.386 -1.192
520.957 -1.193
521.529 -1.194
522.102 -1.195
522.677 -1.196
523.254 -1.197
523.833 -1.198
524.413 -1.199
524.994 -1.2
525.577 -1.201
526.162 -1.202
526.749 -1.203
527.337 -1.204
527.927 -1.205
528.518 -1.206
529.109 -1.207
529.699 -1.208
530.291 -1.209
530.884 -1.21
531.475 -1.211
532.066 -1.212
532.659 -1.213
533.253 -1.214
533.843 -1.215
534.435 -1.216
535.028 -1.217
535.62 -1.218
536.21 -1.219
536.801 -1.22
537.394 -1.221
537.989 -1.222
538.585 -1.223
539.183 -1.224
539.782 -1.225
540.383 -1.226
540.986 -1.227
541.59 -1.228
542.196 -1.229
542.803 -1.23
543.412 -1.231
544.023 -1.232
544.635 -1.233
545.249 -1.234
545.864 -1.235
546.482 -1.236
547.1 -1.237
547.721 -1.238
548.343 -1.239
548.967 -1.24
549.592 -1.241
550.219 -1.242
550.848 -1.243
551.478 -1.244
552.11 -1.245
552.744 -1.246
553.379 -1.247
554.016 -1.248
554.654 -1.249
555.295 -1.25
555.936 -1.251
556.58 -1.252
557.225 -1.253
557.872 -1.254
558.52 -1.255
559.164 -1.256
559.809 -1.257
560.457 -1.258
561.105 -1.259
561.756 -1.26
562.408 -1.261
563.062 -1.262
563.712 -1.263
564.362 -1.264
565.014 -1.265
565.667 -1.266
566.322 -1.267
566.979 -1.268
567.638 -1.269
568.294 -1.27
568.948 -1.271
569.604 -1.272
570.261 -1.273
570.919 -1.274
571.578 -1.275
572.239 -1.276
572.899 -1.277
573.549 -1.278
574.201 -1.279
574.854 -1.28
575.508 -1.281
576.163 -1.282
576.819 -1.283
577.475 -1.284
578.134 -1.285
578.794 -1.286
579.456 -1.287
580.119 -1.288
580.784 -1.289
581.451 -1.29
582.117 -1.291
582.783 -1.292
583.451 -1.293
584.118 -1.294
584.785 -1.295
585.452 -1.296
586.115 -1.297
586.78 -1.298
587.434 -1.299
588.088 -1.3
588.742 -1.301
589.395 -1.302
590.033 -1.303
590.671 -1.304
591.306 -1.305
591.94 -1.306
592.554 -1.307
593.161 -1.308
593.756 -1.309
594.339 -1.31
594.907 -1.311
595.465 -1.312
596.021 -1.313
596.572 -1.314
597.108 -1.315
597.607 -1.316
598.05 -1.317
598.444 -1.318
598.827 -1.319
599.21 -1.32
599.594 -1.321
599.978 -1.322
600.362 -1.323
600.746 -1.324
601.131 -1.325
601.514 -1.326
601.896 -1.327
602.277 -1.328
602.649 -1.329
603.003 -1.33
603.352 -1.331
603.7 -1.332
604.049 -1.333
604.397 -1.334
604.744 -1.335
605.091 -1.336
605.436 -1.337
605.782 -1.338
606.127 -1.339
606.473 -1.34
606.818 -1.341
607.164 -1.342
607.51 -1.343
607.856 -1.344
608.203 -1.345
608.549 -1.346
608.896 -1.347
609.243 -1.348
609.59 -1.349
609.938 -1.35
610.286 -1.351
610.634 -1.352
610.982 -1.353
611.331 -1.354
611.68 -1.355
612.028 -1.356
612.377 -1.357
612.726 -1.358
613.076 -1.359
613.425 -1.36
613.774 -1.361
614.124 -1.362
614.474 -1.363
614.824 -1.364
615.174 -1.365
615.525 -1.366
615.875 -1.367
616.226 -1.368
616.577 -1.369
616.928 -1.37
617.279 -1.371
617.63 -1.372
617.981 -1.373
618.333 -1.374
618.684 -1.375
619.036 -1.376
619.388 -1.377
619.74 -1.378
620.093 -1.379
620.445 -1.38
620.798 -1.381
621.151 -1.382
621.504 -1.383
621.857 -1.384
622.21 -1.385
622.564 -1.386
622.918 -1.387
623.272 -1.388
623.626 -1.389
623.98 -1.39
624.335 -1.391
624.69 -1.392
625.044 -1.393
625.4 -1.394
625.755 -1.395
626.11 -1.396
626.466 -1.397
626.822 -1.398
627.178 -1.399
627.534 -1.4
