15.4423 -0.001
30.8431 -0.002
46.2023 -0.003
61.5199 -0.004
76.7958 -0.005
92.0299 -0.006
107.222 -0.007
122.373 -0.008
137.481 -0.009
152.548 -0.01
167.572 -0.011
182.554 -0.012
197.494 -0.013
212.391 -0.014
227.246 -0.015
242.059 -0.016
256.828 -0.017
271.555 -0.018
286.239 -0.019
300.88 -0.02
315.478 -0.021
330.032 -0.022
344.543 -0.023
359.011 -0.024
373.435 -0.025
387.815 -0.026
402.15 -0.027
416.442 -0.028
430.689 -0.029
444.892 -0.03
459.05 -0.031
473.163 -0.032
487.23 -0.033
501.253 -0.034
515.23 -0.035
529.161 -0.036
543.045 -0.037
556.884 -0.038
570.676 -0.039
584.421 -0.04
598.118 -0.041
611.691 -0.042
625.01 -0.043
638.139 -0.044
650.803 -0.045
662.724 -0.046
672.713 -0.047
680.854 -0.048
687.535 -0.049
691.78 -0.05
694.422 -0.051
696.879 -0.052
699.072 -0.053
701.181 -0.054
703.264 -0.055
705.304 -0.056
707.137 -0.057
708.938 -0.058
710.661 -0.059
712.246 -0.06
713.795 -0.061
715.317 -0.062
716.814 -0.063
718.272 -0.064
719.674 -0.065
720.996 -0.066
722.294 -0.067
723.575 -0.068
724.828 -0.069
725.941 -0.07
726.93 -0.071
727.881 -0.072
728.811 -0.073
729.726 -0.074
730.615 -0.075
731.461 -0.076
732.251 -0.077
732.929 -0.078
733.494 -0.079
734.028 -0.08
734.532 -0.081
735.014 -0.082
735.459 -0.083
735.861 -0.084
736.23 -0.085
736.588 -0.086
736.935 -0.087
737.272 -0.088
737.599 -0.089
737.914 -0.09
738.218 -0.091
738.511 -0.092
738.792 -0.093
739.061 -0.094
739.316 -0.095
739.544 -0.096
739.741 -0.097
739.912 -0.098
740.076 -0.099
740.234 -0.1
740.384 -0.101
740.527 -0.102
740.664 -0.103
740.795 -0.104
740.921 -0.105
741.038 -0.106
741.141 -0.107
741.232 -0.108
741.315 -0.109
741.394 -0.11
741.468 -0.111
741.538 -0.112
741.603 -0.113
741.665 -0.114
741.721 -0.115
741.774 -0.116
741.821 -0.117
741.865 -0.118
741.903 -0.119
741.938 -0.12
741.967 -0.121
741.992 -0.122
742.013 -0.123
742.028 -0.124
742.039 -0.125
742.045 -0.126
742.046 -0.127
742.043 -0.128
742.036 -0.129
742.026 -0.13
742.011 -0.131
741.994 -0.132
741.974 -0.133
741.95 -0.134
741.924 -0.135
741.894 -0.136
741.859 -0.137
741.818 -0.138
741.773 -0.139
741.722 -0.14
741.667 -0.141
741.606 -0.142
741.542 -0.143
741.473 -0.144
741.401 -0.145
741.328 -0.146
741.252 -0.147
741.176 -0.148
741.097 -0.149
741.017 -0.15
740.936 -0.151
740.853 -0.152
740.769 -0.153
740.684 -0.154
740.598 -0.155
740.512 -0.156
740.424 -0.157
740.335 -0.158
740.244 -0.159
740.151 -0.16
740.056 -0.161
739.958 -0.162
739.858 -0.163
739.755 -0.164
739.65 -0.165
739.544 -0.166
739.436 -0.167
739.327 -0.168
739.218 -0.169
739.108 -0.17
738.999 -0.171
738.89 -0.172
738.782 -0.173
738.673 -0.174
738.565 -0.175
738.457 -0.176
738.349 -0.177
738.241 -0.178
738.134 -0.179
738.026 -0.18
737.919 -0.181
737.812 -0.182
737.705 -0.183
737.598 -0.184
737.492 -0.185
737.385 -0.186
737.28 -0.187
737.173 -0.188
737.066 -0.189
736.958 -0.19
736.849 -0.191
736.739 -0.192
736.628 -0.193
736.515 -0.194
736.4 -0.195
736.285 -0.196
736.169 -0.197
736.052 -0.198
735.934 -0.199
735.816 -0.2
735.698 -0.201
735.58 -0.202
735.463 -0.203
735.346 -0.204
735.229 -0.205
735.112 -0.206
734.996 -0.207
734.879 -0.208
734.764 -0.209
734.648 -0.21
734.532 -0.211
734.416 -0.212
734.298 -0.213
734.181 -0.214
734.063 -0.215
733.945 -0.216
733.825 -0.217
733.705 -0.218
733.584 -0.219
733.462 -0.22
733.342 -0.221
733.225 -0.222
733.111 -0.223
732.998 -0.224
732.886 -0.225
732.774 -0.226
732.662 -0.227
732.551 -0.228
732.441 -0.229
732.331 -0.23
732.221 -0.231
732.113 -0.232
732.004 -0.233
731.897 -0.234
731.789 -0.235
731.683 -0.236
731.577 -0.237
731.471 -0.238
731.366 -0.239
731.262 -0.24
731.158 -0.241
731.055 -0.242
730.953 -0.243
730.851 -0.244
730.749 -0.245
730.649 -0.246
730.548 -0.247
730.449 -0.248
730.35 -0.249
730.251 -0.25
730.153 -0.251
730.056 -0.252
729.96 -0.253
729.864 -0.254
729.768 -0.255
729.674 -0.256
729.58 -0.257
729.486 -0.258
729.392 -0.259
729.299 -0.26
729.206 -0.261
729.114 -0.262
729.021 -0.263
728.929 -0.264
728.838 -0.265
728.748 -0.266
728.659 -0.267
728.571 -0.268
728.486 -0.269
728.402 -0.27
728.321 -0.271
728.241 -0.272
728.162 -0.273
728.084 -0.274
728.008 -0.275
727.933 -0.276
727.858 -0.277
727.784 -0.278
727.711 -0.279
727.638 -0.28
727.565 -0.281
727.493 -0.282
727.421 -0.283
727.348 -0.284
727.276 -0.285
727.205 -0.286
727.134 -0.287
727.063 -0.288
726.994 -0.289
726.924 -0.29
726.855 -0.291
726.786 -0.292
726.718 -0.293
726.651 -0.294
726.584 -0.295
726.518 -0.296
726.452 -0.297
726.387 -0.298
726.323 -0.299
726.258 -0.3
726.195 -0.301
726.132 -0.302
726.07 -0.303
726.008 -0.304
725.947 -0.305
725.887 -0.306
725.827 -0.307
725.768 -0.308
725.709 -0.309
725.652 -0.31
725.595 -0.311
725.538 -0.312
725.483 -0.313
725.428 -0.314
725.374 -0.315
725.321 -0.316
725.268 -0.317
725.216 -0.318
725.165 -0.319
725.115 -0.32
725.066 -0.321
725.018 -0.322
724.97 -0.323
724.923 -0.324
724.878 -0.325
724.833 -0.326
724.789 -0.327
724.746 -0.328
724.704 -0.329
724.663 -0.33
724.623 -0.331
724.584 -0.332
724.547 -0.333
724.51 -0.334
724.474 -0.335
724.439 -0.336
724.405 -0.337
724.373 -0.338
724.341 -0.339
724.308 -0.34
724.277 -0.341
724.247 -0.342
724.217 -0.343
724.186 -0.344
724.157 -0.345
724.129 -0.346
724.1 -0.347
724.071 -0.348
724.044 -0.349
724.017 -0.35
723.989 -0.351
723.963 -0.352
723.937 -0.353
723.91 -0.354
723.884 -0.355
723.859 -0.356
723.833 -0.357
723.808 -0.358
723.784 -0.359
723.761 -0.36
723.739 -0.361
723.719 -0.362
723.7 -0.363
723.683 -0.364
723.667 -0.365
723.652 -0.366
723.638 -0.367
723.626 -0.368
723.615 -0.369
723.606 -0.37
723.598 -0.371
723.592 -0.372
723.586 -0.373
723.582 -0.374
723.58 -0.375
723.579 -0.376
723.579 -0.377
723.581 -0.378
723.584 -0.379
723.588 -0.38
723.594 -0.381
723.601 -0.382
723.61 -0.383
723.62 -0.384
723.632 -0.385
723.645 -0.386
723.659 -0.387
723.675 -0.388
723.691 -0.389
723.709 -0.39
723.728 -0.391
723.747 -0.392
723.768 -0.393
723.789 -0.394
723.81 -0.395
723.832 -0.396
723.854 -0.397
723.875 -0.398
723.896 -0.399
723.915 -0.4
723.933 -0.401
723.951 -0.402
723.967 -0.403
723.981 -0.404
723.995 -0.405
724.009 -0.406
724.023 -0.407
724.035 -0.408
724.047 -0.409
724.06 -0.41
724.075 -0.411
724.09 -0.412
724.107 -0.413
724.125 -0.414
724.144 -0.415
724.164 -0.416
724.186 -0.417
724.209 -0.418
724.232 -0.419
724.255 -0.42
724.28 -0.421
724.304 -0.422
724.33 -0.423
724.357 -0.424
724.383 -0.425
724.41 -0.426
724.438 -0.427
724.467 -0.428
724.496 -0.429
724.526 -0.43
724.556 -0.431
724.587 -0.432
724.619 -0.433
724.651 -0.434
724.683 -0.435
724.716 -0.436
724.751 -0.437
724.787 -0.438
724.824 -0.439
724.864 -0.44
724.904 -0.441
724.947 -0.442
724.99 -0.443
725.036 -0.444
725.083 -0.445
725.131 -0.446
725.182 -0.447
725.234 -0.448
725.286 -0.449
725.34 -0.45
725.396 -0.451
725.453 -0.452
725.51 -0.453
725.57 -0.454
725.63 -0.455
725.692 -0.456
725.755 -0.457
725.819 -0.458
725.885 -0.459
725.951 -0.46
726.017 -0.461
726.08 -0.462
726.145 -0.463
726.207 -0.464
726.268 -0.465
726.329 -0.466
726.389 -0.467
726.449 -0.468
726.507 -0.469
726.566 -0.47
726.625 -0.471
726.685 -0.472
726.746 -0.473
726.809 -0.474
726.873 -0.475
726.939 -0.476
727.007 -0.477
727.076 -0.478
727.147 -0.479
727.22 -0.48
727.294 -0.481
727.37 -0.482
727.448 -0.483
727.527 -0.484
727.608 -0.485
727.69 -0.486
727.774 -0.487
727.858 -0.488
727.944 -0.489
728.03 -0.49
728.116 -0.491
728.202 -0.492
728.288 -0.493
728.373 -0.494
728.46 -0.495
728.546 -0.496
728.633 -0.497
728.72 -0.498
728.807 -0.499
728.895 -0.5
728.985 -0.501
729.077 -0.502
729.17 -0.503
729.265 -0.504
729.362 -0.505
729.461 -0.506
729.561 -0.507
729.664 -0.508
729.768 -0.509
729.874 -0.51
729.982 -0.511
730.092 -0.512
730.204 -0.513
730.317 -0.514
730.433 -0.515
730.55 -0.516
730.67 -0.517
730.791 -0.518
730.914 -0.519
731.038 -0.52
731.163 -0.521
731.285 -0.522
731.406 -0.523
731.526 -0.524
731.643 -0.525
731.759 -0.526
731.874 -0.527
731.989 -0.528
732.105 -0.529
732.223 -0.53
732.343 -0.531
732.464 -0.532
732.588 -0.533
732.714 -0.534
732.841 -0.535
732.971 -0.536
733.102 -0.537
733.235 -0.538
733.369 -0.539
733.503 -0.54
733.637 -0.541
733.771 -0.542
733.904 -0.543
734.037 -0.544
734.17 -0.545
734.304 -0.546
734.44 -0.547
734.578 -0.548
734.718 -0.549
734.86 -0.55
735.004 -0.551
735.15 -0.552
735.298 -0.553
735.448 -0.554
735.6 -0.555
735.755 -0.556
735.911 -0.557
736.07 -0.558
736.231 -0.559
736.393 -0.56
736.558 -0.561
736.725 -0.562
736.894 -0.563
737.065 -0.564
737.237 -0.565
737.403 -0.566
737.552 -0.567
737.699 -0.568
737.849 -0.569
738 -0.57
738.154 -0.571
738.309 -0.572
738.463 -0.573
738.616 -0.574
738.768 -0.575
738.92 -0.576
739.07 -0.577
739.22 -0.578
739.37 -0.579
739.521 -0.58
739.674 -0.581
739.829 -0.582
739.985 -0.583
740.144 -0.584
740.305 -0.585
740.467 -0.586
740.632 -0.587
740.798 -0.588
740.967 -0.589
741.158 -0.59
741.356 -0.591
741.556 -0.592
741.758 -0.593
741.963 -0.594
742.17 -0.595
742.379 -0.596
742.59 -0.597
742.804 -0.598
743.02 -0.599
743.237 -0.6
743.456 -0.601
743.675 -0.602
743.896 -0.603
744.118 -0.604
744.342 -0.605
744.566 -0.606
744.792 -0.607
745.02 -0.608
745.25 -0.609
745.482 -0.61
745.717 -0.611
745.955 -0.612
746.194 -0.613
746.437 -0.614
746.681 -0.615
746.928 -0.616
747.177 -0.617
747.429 -0.618
747.683 -0.619
747.94 -0.62
748.199 -0.621
748.461 -0.622
748.724 -0.623
748.99 -0.624
749.258 -0.625
749.528 -0.626
749.8 -0.627
750.074 -0.628
750.348 -0.629
750.621 -0.63
750.894 -0.631
751.165 -0.632
751.436 -0.633
751.706 -0.634
751.977 -0.635
752.249 -0.636
752.523 -0.637
752.799 -0.638
753.079 -0.639
753.36 -0.64
753.645 -0.641
753.932 -0.642
754.221 -0.643
754.513 -0.644
754.807 -0.645
755.105 -0.646
755.404 -0.647
755.706 -0.648
756.011 -0.649
756.318 -0.65
756.627 -0.651
756.937 -0.652
757.249 -0.653
757.563 -0.654
757.871 -0.655
758.177 -0.656
758.485 -0.657
758.794 -0.658
759.104 -0.659
759.417 -0.66
759.732 -0.661
760.049 -0.662
760.37 -0.663
760.693 -0.664
761.019 -0.665
761.348 -0.666
761.681 -0.667
762.016 -0.668
762.354 -0.669
762.694 -0.67
763.036 -0.671
763.382 -0.672
763.73 -0.673
764.081 -0.674
764.434 -0.675
764.79 -0.676
765.148 -0.677
765.508 -0.678
765.87 -0.679
766.235 -0.68
766.603 -0.681
766.971 -0.682
767.341 -0.683
767.712 -0.684
768.083 -0.685
768.455 -0.686
768.829 -0.687
769.204 -0.688
769.582 -0.689
769.963 -0.69
770.347 -0.691
770.732 -0.692
771.119 -0.693
771.507 -0.694
771.895 -0.695
772.283 -0.696
772.673 -0.697
773.066 -0.698
773.462 -0.699
773.861 -0.7
774.263 -0.701
774.667 -0.702
775.075 -0.703
775.485 -0.704
775.899 -0.705
776.314 -0.706
776.733 -0.707
777.158 -0.708
777.585 -0.709
778.015 -0.71
778.447 -0.711
778.88 -0.712
779.314 -0.713
779.75 -0.714
780.19 -0.715
780.631 -0.716
781.076 -0.717
781.523 -0.718
781.973 -0.719
782.426 -0.72
782.882 -0.721
783.34 -0.722
783.8 -0.723
784.261 -0.724
784.725 -0.725
785.191 -0.726
785.659 -0.727
786.129 -0.728
786.602 -0.729
787.078 -0.73
787.557 -0.731
788.039 -0.732
788.523 -0.733
789.009 -0.734
789.496 -0.735
789.987 -0.736
790.479 -0.737
790.974 -0.738
791.47 -0.739
791.967 -0.74
792.466 -0.741
792.967 -0.742
793.472 -0.743
793.98 -0.744
794.491 -0.745
795.005 -0.746
795.52 -0.747
796.037 -0.748
796.554 -0.749
797.075 -0.75
797.598 -0.751
798.123 -0.752
798.651 -0.753
799.182 -0.754
799.716 -0.755
800.252 -0.756
800.789 -0.757
801.329 -0.758
801.87 -0.759
802.413 -0.76
802.958 -0.761
803.505 -0.762
804.056 -0.763
804.609 -0.764
805.165 -0.765
805.723 -0.766
806.282 -0.767
806.842 -0.768
807.4 -0.769
807.96 -0.77
808.521 -0.771
809.086 -0.772
809.654 -0.773
810.223 -0.774
810.796 -0.775
811.372 -0.776
811.95 -0.777
812.529 -0.778
813.11 -0.779
813.695 -0.78
814.282 -0.781
814.871 -0.782
815.461 -0.783
816.054 -0.784
816.65 -0.785
817.249 -0.786
817.851 -0.787
818.455 -0.788
819.062 -0.789
819.673 -0.79
820.286 -0.791
820.9 -0.792
821.517 -0.793
822.137 -0.794
822.76 -0.795
823.386 -0.796
824.011 -0.797
824.638 -0.798
825.268 -0.799
825.901 -0.8
826.535 -0.801
827.17 -0.802
827.806 -0.803
828.445 -0.804
829.085 -0.805
829.729 -0.806
830.375 -0.807
831.024 -0.808
831.676 -0.809
832.33 -0.81
832.986 -0.811
833.644 -0.812
834.304 -0.813
834.966 -0.814
835.629 -0.815
836.295 -0.816
836.963 -0.817
837.634 -0.818
838.308 -0.819
838.986 -0.82
839.667 -0.821
840.351 -0.822
841.038 -0.823
841.729 -0.824
842.423 -0.825
843.12 -0.826
843.821 -0.827
844.525 -0.828
845.232 -0.829
845.942 -0.83
846.656 -0.831
847.373 -0.832
848.094 -0.833
848.818 -0.834
849.545 -0.835
850.276 -0.836
851.01 -0.837
851.747 -0.838
852.488 -0.839
853.232 -0.84
853.98 -0.841
854.731 -0.842
855.486 -0.843
856.243 -0.844
857.004 -0.845
857.763 -0.846
858.517 -0.847
859.271 -0.848
860.026 -0.849
860.784 -0.85
861.541 -0.851
862.277 -0.852
863.004 -0.853
863.732 -0.854
864.462 -0.855
865.195 -0.856
865.918 -0.857
866.623 -0.858
867.33 -0.859
868.039 -0.86
868.751 -0.861
869.465 -0.862
870.183 -0.863
870.903 -0.864
871.626 -0.865
872.352 -0.866
873.081 -0.867
873.813 -0.868
874.548 -0.869
875.286 -0.87
876.027 -0.871
876.771 -0.872
877.516 -0.873
878.264 -0.874
879.014 -0.875
879.767 -0.876
880.522 -0.877
881.279 -0.878
882.039 -0.879
882.802 -0.88
883.568 -0.881
884.337 -0.882
885.109 -0.883
885.884 -0.884
886.662 -0.885
887.443 -0.886
888.227 -0.887
889.014 -0.888
889.804 -0.889
890.597 -0.89
891.393 -0.891
892.192 -0.892
892.993 -0.893
893.796 -0.894
894.602 -0.895
895.412 -0.896
896.225 -0.897
897.04 -0.898
897.859 -0.899
898.681 -0.9
899.506 -0.901
900.311 -0.902
901.106 -0.903
901.905 -0.904
902.707 -0.905
903.511 -0.906
904.319 -0.907
905.129 -0.908
905.941 -0.909
906.756 -0.91
907.574 -0.911
908.394 -0.912
909.217 -0.913
910.042 -0.914
910.87 -0.915
911.7 -0.916
912.533 -0.917
913.369 -0.918
914.208 -0.919
915.05 -0.92
915.896 -0.921
916.745 -0.922
917.597 -0.923
918.451 -0.924
919.3 -0.925
920.147 -0.926
920.998 -0.927
921.852 -0.928
922.709 -0.929
923.569 -0.93
924.432 -0.931
925.298 -0.932
926.168 -0.933
927.041 -0.934
927.917 -0.935
928.796 -0.936
929.678 -0.937
930.564 -0.938
931.453 -0.939
932.346 -0.94
933.241 -0.941
934.14 -0.942
935.037 -0.943
935.932 -0.944
936.83 -0.945
937.73 -0.946
938.634 -0.947
939.54 -0.948
940.449 -0.949
941.361 -0.95
942.277 -0.951
943.186 -0.952
944.083 -0.953
944.982 -0.954
945.885 -0.955
946.791 -0.956
947.701 -0.957
948.614 -0.958
949.53 -0.959
950.45 -0.96
951.373 -0.961
952.299 -0.962
953.229 -0.963
954.162 -0.964
955.099 -0.965
956.039 -0.966
956.98 -0.967
957.922 -0.968
958.864 -0.969
959.807 -0.97
960.749 -0.971
961.692 -0.972
962.635 -0.973
963.577 -0.974
964.522 -0.975
965.47 -0.976
966.42 -0.977
967.37 -0.978
968.322 -0.979
969.276 -0.98
970.231 -0.981
971.189 -0.982
972.149 -0.983
973.113 -0.984
974.08 -0.985
975.049 -0.986
976.02 -0.987
976.995 -0.988
977.972 -0.989
978.953 -0.99
979.937 -0.991
980.925 -0.992
981.916 -0.993
982.91 -0.994
983.908 -0.995
984.909 -0.996
985.913 -0.997
986.92 -0.998
987.931 -0.999
988.944 -1
989.953 -1.001
990.966 -1.002
991.983 -1.003
993.002 -1.004
994.025 -1.005
995.052 -1.006
996.081 -1.007
997.113 -1.008
997.928 -1.009
998.717 -1.01
999.507 -1.011
1000.29 -1.012
1001.05 -1.013
1001.81 -1.014
1002.58 -1.015
1003.34 -1.016
1004.11 -1.017
1004.87 -1.018
1005.62 -1.019
1006.37 -1.02
1007.12 -1.021
1007.88 -1.022
1008.63 -1.023
1009.39 -1.024
1010.12 -1.025
1010.84 -1.026
1011.53 -1.027
1012.07 -1.028
1012.61 -1.029
1013.14 -1.03
1013.66 -1.031
1014.19 -1.032
1014.71 -1.033
1015.24 -1.034
1015.76 -1.035
1016.29 -1.036
1016.81 -1.037
1017.34 -1.038
1017.86 -1.039
1018.39 -1.04
1018.91 -1.041
1019.44 -1.042
1019.96 -1.043
1020.49 -1.044
1021.02 -1.045
1021.54 -1.046
1022.07 -1.047
1022.6 -1.048
1023.13 -1.049
1023.66 -1.05
1024.19 -1.051
1024.71 -1.052
1025.24 -1.053
1025.77 -1.054
1026.3 -1.055
1026.84 -1.056
1027.37 -1.057
1027.9 -1.058
1028.43 -1.059
1028.96 -1.06
1029.49 -1.061
1030.03 -1.062
1030.56 -1.063
1031.09 -1.064
1031.62 -1.065
1032.16 -1.066
1032.69 -1.067
1033.22 -1.068
1033.75 -1.069
1034.29 -1.07
1034.82 -1.071
1035.36 -1.072
1035.89 -1.073
1036.43 -1.074
1036.96 -1.075
1037.5 -1.076
1038.04 -1.077
1038.57 -1.078
1039.11 -1.079
1039.65 -1.08
1040.18 -1.081
1040.72 -1.082
1041.26 -1.083
1041.8 -1.084
1042.34 -1.085
1042.88 -1.086
1043.42 -1.087
1043.96 -1.088
1044.5 -1.089
1045.04 -1.09
1045.58 -1.091
1046.12 -1.092
1046.67 -1.093
1047.21 -1.094
1047.75 -1.095
1048.3 -1.096
1048.84 -1.097
1049.39 -1.098
1049.93 -1.099
1050.48 -1.1
1051.02 -1.101
1051.57 -1.102
1052.11 -1.103
1052.66 -1.104
1053.21 -1.105
1053.76 -1.106
1054.31 -1.107
1054.85 -1.108
1055.4 -1.109
1055.95 -1.11
1056.5 -1.111
1057.05 -1.112
1057.6 -1.113
1058.16 -1.114
1058.71 -1.115
1059.26 -1.116
1059.81 -1.117
1060.36 -1.118
1060.92 -1.119
1061.47 -1.12
1062.03 -1.121
1062.58 -1.122
1063.13 -1.123
1063.69 -1.124
1064.25 -1.125
1064.8 -1.126
1065.36 -1.127
1065.91 -1.128
1066.47 -1.129
1067.03 -1.13
1067.59 -1.131
1068.15 -1.132
1068.7 -1.133
1069.26 -1.134
1069.82 -1.135
1070.38 -1.136
1070.94 -1.137
1071.5 -1.138
1072.07 -1.139
1072.63 -1.14
1073.19 -1.141
1073.75 -1.142
1074.31 -1.143
1074.88 -1.144
1075.44 -1.145
1076 -1.146
1076.56 -1.147
1077.13 -1.148
1077.69 -1.149
1078.26 -1.15
1078.82 -1.151
1079.39 -1.152
1079.95 -1.153
1080.52 -1.154
1081.08 -1.155
1081.65 -1.156
1082.21 -1.157
1082.78 -1.158
1083.35 -1.159
1083.92 -1.16
1084.48 -1.161
1085.05 -1.162
1085.62 -1.163
1086.19 -1.164
1086.76 -1.165
1087.33 -1.166
1087.9 -1.167
1088.47 -1.168
1089.04 -1.169
1089.61 -1.17
1090.18 -1.171
1090.76 -1.172
1091.33 -1.173
1091.9 -1.174
1092.47 -1.175
1093.05 -1.176
1093.62 -1.177
1094.2 -1.178
1094.77 -1.179
1095.35 -1.18
1095.92 -1.181
1096.5 -1.182
1097.08 -1.183
1097.65 -1.184
1098.23 -1.185
1098.81 -1.186
1099.39 -1.187
1099.97 -1.188
1100.55 -1.189
1101.13 -1.19
1101.71 -1.191
1102.29 -1.192
1102.87 -1.193
1103.45 -1.194
1104.03 -1.195
1104.61 -1.196
1105.2 -1.197
1105.78 -1.198
1106.37 -1.199
1106.95 -1.2
