14.736 -0.001
29.4085 -0.002
44.0154 -0.003
58.5544 -0.004
73.0231 -0.005
87.4188 -0.006
101.739 -0.007
115.98 -0.008
130.139 -0.009
144.212 -0.01
158.195 -0.011
172.069 -0.012
182.759 -0.013
189.744 -0.014
196.608 -0.015
203.334 -0.016
209.579 -0.017
214.436 -0.018
217.739 -0.019
220.925 -0.02
224.012 -0.021
227.04 -0.022
230.035 -0.023
233.009 -0.024
235.963 -0.025
238.896 -0.026
241.808 -0.027
244.699 -0.028
247.572 -0.029
250.43 -0.03
253.272 -0.031
256.1 -0.032
258.917 -0.033
261.722 -0.034
264.518 -0.035
267.304 -0.036
270.079 -0.037
272.846 -0.038
275.602 -0.039
278.349 -0.04
281.088 -0.041
283.82 -0.042
286.547 -0.043
289.266 -0.044
291.981 -0.045
294.69 -0.046
297.395 -0.047
300.093 -0.048
302.788 -0.049
305.477 -0.05
308.161 -0.051
310.841 -0.052
313.517 -0.053
316.188 -0.054
318.854 -0.055
321.514 -0.056
324.171 -0.057
326.823 -0.058
329.47 -0.059
332.113 -0.06
334.751 -0.061
337.385 -0.062
340.013 -0.063
342.637 -0.064
345.256 -0.065
347.87 -0.066
350.479 -0.067
353.08 -0.068
355.644 -0.069
358.11 -0.07
360.433 -0.071
362.587 -0.072
364.504 -0.073
366.134 -0.074
367.323 -0.075
368.349 -0.076
369.366 -0.077
370.373 -0.078
371.37 -0.079
372.365 -0.08
373.355 -0.081
374.342 -0.082
375.323 -0.083
376.296 -0.084
377.258 -0.085
378.204 -0.086
379.116 -0.087
379.999 -0.088
380.85 -0.089
381.674 -0.09
382.453 -0.091
383.172 -0.092
383.825 -0.093
384.472 -0.094
385.051 -0.095
385.513 -0.096
385.911 -0.097
386.17 -0.098
386.392 -0.099
386.61 -0.1
386.825 -0.101
387.037 -0.102
387.245 -0.103
387.449 -0.104
387.648 -0.105
387.843 -0.106
388.036 -0.107
388.225 -0.108
388.41 -0.109
388.592 -0.11
388.771 -0.111
388.946 -0.112
389.118 -0.113
389.287 -0.114
389.453 -0.115
389.616 -0.116
389.776 -0.117
389.933 -0.118
390.087 -0.119
390.239 -0.12
390.387 -0.121
390.532 -0.122
390.675 -0.123
390.817 -0.124
390.957 -0.125
391.096 -0.126
391.233 -0.127
391.369 -0.128
391.504 -0.129
391.637 -0.13
391.77 -0.131
391.901 -0.132
392.031 -0.133
392.16 -0.134
392.288 -0.135
392.415 -0.136
392.541 -0.137
392.667 -0.138
392.793 -0.139
392.916 -0.14
393.039 -0.141
393.162 -0.142
393.284 -0.143
393.406 -0.144
393.528 -0.145
393.649 -0.146
393.769 -0.147
393.889 -0.148
394.009 -0.149
394.128 -0.15
394.247 -0.151
394.366 -0.152
394.484 -0.153
394.602 -0.154
394.719 -0.155
394.837 -0.156
394.954 -0.157
395.07 -0.158
395.187 -0.159
395.303 -0.16
395.418 -0.161
395.533 -0.162
395.648 -0.163
395.763 -0.164
395.878 -0.165
395.992 -0.166
396.105 -0.167
396.218 -0.168
396.331 -0.169
396.444 -0.17
396.556 -0.171
396.669 -0.172
396.781 -0.173
396.893 -0.174
397.005 -0.175
397.116 -0.176
397.226 -0.177
397.337 -0.178
397.448 -0.179
397.558 -0.18
397.668 -0.181
397.779 -0.182
397.889 -0.183
397.999 -0.184
398.108 -0.185
398.217 -0.186
398.325 -0.187
398.434 -0.188
398.542 -0.189
398.65 -0.19
398.758 -0.191
398.866 -0.192
398.974 -0.193
399.081 -0.194
399.188 -0.195
399.295 -0.196
399.402 -0.197
399.509 -0.198
399.616 -0.199
399.722 -0.2
399.829 -0.201
399.935 -0.202
400.041 -0.203
400.147 -0.204
400.253 -0.205
400.359 -0.206
400.464 -0.207
400.569 -0.208
400.674 -0.209
400.779 -0.21
400.883 -0.211
400.988 -0.212
401.093 -0.213
401.198 -0.214
401.302 -0.215
401.407 -0.216
401.511 -0.217
401.615 -0.218
401.719 -0.219
401.822 -0.22
401.925 -0.221
402.028 -0.222
402.131 -0.223
402.233 -0.224
402.336 -0.225
402.438 -0.226
402.541 -0.227
402.643 -0.228
402.745 -0.229
402.847 -0.23
402.949 -0.231
403.051 -0.232
403.152 -0.233
403.253 -0.234
403.354 -0.235
403.455 -0.236
403.556 -0.237
403.657 -0.238
403.758 -0.239
403.859 -0.24
403.96 -0.241
404.061 -0.242
404.161 -0.243
404.261 -0.244
404.361 -0.245
404.461 -0.246
404.56 -0.247
404.658 -0.248
404.757 -0.249
404.855 -0.25
404.954 -0.251
405.052 -0.252
405.151 -0.253
405.249 -0.254
405.347 -0.255
405.445 -0.256
405.543 -0.257
405.64 -0.258
405.737 -0.259
405.833 -0.26
405.93 -0.261
406.026 -0.262
406.123 -0.263
406.219 -0.264
406.315 -0.265
406.412 -0.266
406.508 -0.267
406.605 -0.268
406.701 -0.269
406.796 -0.27
406.889 -0.271
406.99 -0.272
407.079 -0.273
407.097 -0.274
407.144 -0.275
407.097 -0.276
406.921 -0.277
406.714 -0.278
406.51 -0.279
406.317 -0.28
406.137 -0.281
405.966 -0.282
405.866 -0.283
405.881 -0.284
405.905 -0.285
405.873 -0.286
405.902 -0.287
406.006 -0.288
406.038 -0.289
406.095 -0.29
406.235 -0.291
406.343 -0.292
406.511 -0.293
406.717 -0.294
406.908 -0.295
407.091 -0.296
407.253 -0.297
407.404 -0.298
407.593 -0.299
407.806 -0.3
408.001 -0.301
408.174 -0.302
408.319 -0.303
408.442 -0.304
408.539 -0.305
408.625 -0.306
408.713 -0.307
408.8 -0.308
408.888 -0.309
408.975 -0.31
409.062 -0.311
409.149 -0.312
409.236 -0.313
409.322 -0.314
409.409 -0.315
409.497 -0.316
409.586 -0.317
409.675 -0.318
409.763 -0.319
409.852 -0.32
409.941 -0.321
410.031 -0.322
410.12 -0.323
410.209 -0.324
410.297 -0.325
410.386 -0.326
410.475 -0.327
410.564 -0.328
410.653 -0.329
410.741 -0.33
410.829 -0.331
410.918 -0.332
411.007 -0.333
411.095 -0.334
411.183 -0.335
411.271 -0.336
411.358 -0.337
411.445 -0.338
411.532 -0.339
411.618 -0.34
411.704 -0.341
411.788 -0.342
411.875 -0.343
411.962 -0.344
412.052 -0.345
412.141 -0.346
412.23 -0.347
412.319 -0.348
412.408 -0.349
412.497 -0.35
412.586 -0.351
412.675 -0.352
412.764 -0.353
412.853 -0.354
412.941 -0.355
413.03 -0.356
413.119 -0.357
413.206 -0.358
413.293 -0.359
413.377 -0.36
413.46 -0.361
413.542 -0.362
413.628 -0.363
413.714 -0.364
413.803 -0.365
413.893 -0.366
413.982 -0.367
414.071 -0.368
414.161 -0.369
414.251 -0.37
414.34 -0.371
414.43 -0.372
414.52 -0.373
414.609 -0.374
414.699 -0.375
414.787 -0.376
414.875 -0.377
414.962 -0.378
415.047 -0.379
415.13 -0.38
415.211 -0.381
415.296 -0.382
415.382 -0.383
415.471 -0.384
415.561 -0.385
415.651 -0.386
415.741 -0.387
415.831 -0.388
415.921 -0.389
416.011 -0.39
416.101 -0.391
416.191 -0.392
416.28 -0.393
416.369 -0.394
416.458 -0.395
416.546 -0.396
416.633 -0.397
416.716 -0.398
416.797 -0.399
416.867 -0.4
416.911 -0.401
416.916 -0.402
416.902 -0.403
416.869 -0.404
416.834 -0.405
416.855 -0.406
416.887 -0.407
416.957 -0.408
417.057 -0.409
417.187 -0.41
417.3 -0.411
417.415 -0.412
417.55 -0.413
417.68 -0.414
417.803 -0.415
417.923 -0.416
418.028 -0.417
418.133 -0.418
418.236 -0.419
418.329 -0.42
418.422 -0.421
418.515 -0.422
418.608 -0.423
418.702 -0.424
418.795 -0.425
418.889 -0.426
418.982 -0.427
419.076 -0.428
419.17 -0.429
419.264 -0.43
419.358 -0.431
419.452 -0.432
419.545 -0.433
419.638 -0.434
419.731 -0.435
419.822 -0.436
419.915 -0.437
420.009 -0.438
420.104 -0.439
420.2 -0.44
420.295 -0.441
420.391 -0.442
420.487 -0.443
420.582 -0.444
420.678 -0.445
420.774 -0.446
420.869 -0.447
420.965 -0.448
421.061 -0.449
421.157 -0.45
421.253 -0.451
421.348 -0.452
421.444 -0.453
421.54 -0.454
421.635 -0.455
421.73 -0.456
421.824 -0.457
421.918 -0.458
422.012 -0.459
422.107 -0.46
422.204 -0.461
422.301 -0.462
422.398 -0.463
422.496 -0.464
422.593 -0.465
422.691 -0.466
422.788 -0.467
422.886 -0.468
422.983 -0.469
423.081 -0.47
423.179 -0.471
423.276 -0.472
423.374 -0.473
423.472 -0.474
423.57 -0.475
423.668 -0.476
423.765 -0.477
423.862 -0.478
423.958 -0.479
424.055 -0.48
424.151 -0.481
424.247 -0.482
424.346 -0.483
424.446 -0.484
424.546 -0.485
424.646 -0.486
424.746 -0.487
424.846 -0.488
424.947 -0.489
425.047 -0.49
425.148 -0.491
425.249 -0.492
425.35 -0.493
425.452 -0.494
425.553 -0.495
425.655 -0.496
425.756 -0.497
425.858 -0.498
425.96 -0.499
426.061 -0.5
426.162 -0.501
426.264 -0.502
426.366 -0.503
426.467 -0.504
426.568 -0.505
426.669 -0.506
426.77 -0.507
426.87 -0.508
426.97 -0.509
427.07 -0.51
427.168 -0.511
427.264 -0.512
427.349 -0.513
427.419 -0.514
427.472 -0.515
427.512 -0.516
427.54 -0.517
427.566 -0.518
427.598 -0.519
427.631 -0.52
427.665 -0.521
427.704 -0.522
427.744 -0.523
427.839 -0.524
427.962 -0.525
428.076 -0.526
428.187 -0.527
428.293 -0.528
428.397 -0.529
428.498 -0.53
428.606 -0.531
428.743 -0.532
428.876 -0.533
429.005 -0.534
429.127 -0.535
429.242 -0.536
429.349 -0.537
429.472 -0.538
429.615 -0.539
429.749 -0.54
429.877 -0.541
429.999 -0.542
430.115 -0.543
430.225 -0.544
430.332 -0.545
430.436 -0.546
430.544 -0.547
430.654 -0.548
430.764 -0.549
430.874 -0.55
430.985 -0.551
431.095 -0.552
431.205 -0.553
431.315 -0.554
431.426 -0.555
431.536 -0.556
431.647 -0.557
431.758 -0.558
431.869 -0.559
431.979 -0.56
432.09 -0.561
432.2 -0.562
432.311 -0.563
432.421 -0.564
432.53 -0.565
432.64 -0.566
432.751 -0.567
432.862 -0.568
432.975 -0.569
433.089 -0.57
433.202 -0.571
433.315 -0.572
433.429 -0.573
433.543 -0.574
433.656 -0.575
433.77 -0.576
433.884 -0.577
433.998 -0.578
434.113 -0.579
434.227 -0.58
434.342 -0.581
434.456 -0.582
434.571 -0.583
434.686 -0.584
434.8 -0.585
434.915 -0.586
435.03 -0.587
435.145 -0.588
435.259 -0.589
435.374 -0.59
435.489 -0.591
435.603 -0.592
435.719 -0.593
435.834 -0.594
435.95 -0.595
436.067 -0.596
436.184 -0.597
436.302 -0.598
436.419 -0.599
436.537 -0.6
