13.133 -0.001
26.2457 -0.002
39.338 -0.003
52.4094 -0.004
65.4599 -0.005
78.4891 -0.006
91.4967 -0.007
104.482 -0.008
117.446 -0.009
130.387 -0.01
143.306 -0.011
156.201 -0.012
169.073 -0.013
181.921 -0.014
194.746 -0.015
207.545 -0.016
220.321 -0.017
233.07 -0.018
245.795 -0.019
258.493 -0.02
271.165 -0.021
283.81 -0.022
296.429 -0.023
309.019 -0.024
321.581 -0.025
334.115 -0.026
346.619 -0.027
359.093 -0.028
371.418 -0.029
383.075 -0.03
394.012 -0.031
404.746 -0.032
415.098 -0.033
425.342 -0.034
435.553 -0.035
445.73 -0.036
455.873 -0.037
465.982 -0.038
475.93 -0.039
485.243 -0.04
493.465 -0.041
500.154 -0.042
505.062 -0.043
508.182 -0.044
510.74 -0.045
512.771 -0.046
514.091 -0.047
514.961 -0.048
515.792 -0.049
516.586 -0.05
517.343 -0.051
518.056 -0.052
518.733 -0.053
519.379 -0.054
519.998 -0.055
520.596 -0.056
521.176 -0.057
521.736 -0.058
522.279 -0.059
522.808 -0.06
523.325 -0.061
523.822 -0.062
524.299 -0.063
524.758 -0.064
525.197 -0.065
525.623 -0.066
526.027 -0.067
526.418 -0.068
526.792 -0.069
527.15 -0.07
527.5 -0.071
527.836 -0.072
528.165 -0.073
528.479 -0.074
528.787 -0.075
529.079 -0.076
529.366 -0.077
529.644 -0.078
529.919 -0.079
530.185 -0.08
530.448 -0.081
530.706 -0.082
530.957 -0.083
531.207 -0.084
531.453 -0.085
531.698 -0.086
531.941 -0.087
532.181 -0.088
532.421 -0.089
532.661 -0.09
532.899 -0.091
533.136 -0.092
533.371 -0.093
533.606 -0.094
533.839 -0.095
534.071 -0.096
534.302 -0.097
534.533 -0.098
534.761 -0.099
534.988 -0.1
535.215 -0.101
535.441 -0.102
535.663 -0.103
535.883 -0.104
536.102 -0.105
536.321 -0.106
536.538 -0.107
536.752 -0.108
536.963 -0.109
537.172 -0.11
537.382 -0.111
537.589 -0.112
537.793 -0.113
537.994 -0.114
538.194 -0.115
538.395 -0.116
538.594 -0.117
538.789 -0.118
538.981 -0.119
539.173 -0.12
539.364 -0.121
539.555 -0.122
539.743 -0.123
539.925 -0.124
540.105 -0.125
540.283 -0.126
540.462 -0.127
540.637 -0.128
540.808 -0.129
540.974 -0.13
541.139 -0.131
541.305 -0.132
541.469 -0.133
541.632 -0.134
541.792 -0.135
541.948 -0.136
542.103 -0.137
542.257 -0.138
542.409 -0.139
542.559 -0.14
542.708 -0.141
542.852 -0.142
542.997 -0.143
543.141 -0.144
543.282 -0.145
543.419 -0.146
543.555 -0.147
543.689 -0.148
543.821 -0.149
543.952 -0.15
544.083 -0.151
544.212 -0.152
544.341 -0.153
544.469 -0.154
544.596 -0.155
544.72 -0.156
544.842 -0.157
544.965 -0.158
545.086 -0.159
545.207 -0.16
545.326 -0.161
545.444 -0.162
545.562 -0.163
545.68 -0.164
545.798 -0.165
545.915 -0.166
546.031 -0.167
546.148 -0.168
546.264 -0.169
546.381 -0.17
546.498 -0.171
546.614 -0.172
546.73 -0.173
546.846 -0.174
546.962 -0.175
547.077 -0.176
547.193 -0.177
547.309 -0.178
547.424 -0.179
547.54 -0.18
547.654 -0.181
547.769 -0.182
547.883 -0.183
547.998 -0.184
548.112 -0.185
548.227 -0.186
548.341 -0.187
548.456 -0.188
548.57 -0.189
548.684 -0.19
548.798 -0.191
548.912 -0.192
549.026 -0.193
549.139 -0.194
549.253 -0.195
549.367 -0.196
549.481 -0.197
549.594 -0.198
549.707 -0.199
549.82 -0.2
549.932 -0.201
550.044 -0.202
550.156 -0.203
550.267 -0.204
550.379 -0.205
550.49 -0.206
550.601 -0.207
550.713 -0.208
550.824 -0.209
550.935 -0.21
551.047 -0.211
551.158 -0.212
551.269 -0.213
551.381 -0.214
551.492 -0.215
551.603 -0.216
551.714 -0.217
551.824 -0.218
551.935 -0.219
552.046 -0.22
552.157 -0.221
552.268 -0.222
552.379 -0.223
552.49 -0.224
552.6 -0.225
552.711 -0.226
552.822 -0.227
552.933 -0.228
553.044 -0.229
553.155 -0.23
553.266 -0.231
553.376 -0.232
553.487 -0.233
553.598 -0.234
553.709 -0.235
553.82 -0.236
553.931 -0.237
554.042 -0.238
554.152 -0.239
554.263 -0.24
554.374 -0.241
554.485 -0.242
554.596 -0.243
554.707 -0.244
554.818 -0.245
554.928 -0.246
555.039 -0.247
555.149 -0.248
555.26 -0.249
555.37 -0.25
555.48 -0.251
555.59 -0.252
555.7 -0.253
555.811 -0.254
555.921 -0.255
556.031 -0.256
556.141 -0.257
556.251 -0.258
556.362 -0.259
556.472 -0.26
556.582 -0.261
556.692 -0.262
556.802 -0.263
556.913 -0.264
557.023 -0.265
557.133 -0.266
557.243 -0.267
557.353 -0.268
557.463 -0.269
557.573 -0.27
557.683 -0.271
557.793 -0.272
557.903 -0.273
558.013 -0.274
558.123 -0.275
558.233 -0.276
558.343 -0.277
558.453 -0.278
558.563 -0.279
558.673 -0.28
558.783 -0.281
558.893 -0.282
559.003 -0.283
559.113 -0.284
559.224 -0.285
559.334 -0.286
559.444 -0.287
559.554 -0.288
559.664 -0.289
559.774 -0.29
559.884 -0.291
559.994 -0.292
560.104 -0.293
560.214 -0.294
560.324 -0.295
560.435 -0.296
560.545 -0.297
560.655 -0.298
560.765 -0.299
560.875 -0.3
560.985 -0.301
561.096 -0.302
561.206 -0.303
561.316 -0.304
561.426 -0.305
561.536 -0.306
561.647 -0.307
561.757 -0.308
561.867 -0.309
561.977 -0.31
562.088 -0.311
562.198 -0.312
562.308 -0.313
562.418 -0.314
562.529 -0.315
562.639 -0.316
562.749 -0.317
562.86 -0.318
562.97 -0.319
563.08 -0.32
563.191 -0.321
563.301 -0.322
563.412 -0.323
563.522 -0.324
563.632 -0.325
563.743 -0.326
563.853 -0.327
563.964 -0.328
564.074 -0.329
564.185 -0.33
564.295 -0.331
564.405 -0.332
564.515 -0.333
564.625 -0.334
564.736 -0.335
564.846 -0.336
564.956 -0.337
565.067 -0.338
565.177 -0.339
565.287 -0.34
565.397 -0.341
565.507 -0.342
565.617 -0.343
565.727 -0.344
565.837 -0.345
565.947 -0.346
566.057 -0.347
566.168 -0.348
566.278 -0.349
566.388 -0.35
566.498 -0.351
566.608 -0.352
566.718 -0.353
566.829 -0.354
566.939 -0.355
567.048 -0.356
567.158 -0.357
567.268 -0.358
567.378 -0.359
567.487 -0.36
567.597 -0.361
567.707 -0.362
567.817 -0.363
567.927 -0.364
568.036 -0.365
568.146 -0.366
568.255 -0.367
568.364 -0.368
568.474 -0.369
568.583 -0.37
568.693 -0.371
568.802 -0.372
568.912 -0.373
569.021 -0.374
569.131 -0.375
569.241 -0.376
569.35 -0.377
569.46 -0.378
569.569 -0.379
569.679 -0.38
569.789 -0.381
569.898 -0.382
570.008 -0.383
570.118 -0.384
570.228 -0.385
570.338 -0.386
570.447 -0.387
570.557 -0.388
570.667 -0.389
570.777 -0.39
570.887 -0.391
570.997 -0.392
571.107 -0.393
571.217 -0.394
571.326 -0.395
571.433 -0.396
571.539 -0.397
571.646 -0.398
571.753 -0.399
571.86 -0.4
571.967 -0.401
572.073 -0.402
572.18 -0.403
572.284 -0.404
572.388 -0.405
572.492 -0.406
572.595 -0.407
572.698 -0.408
572.802 -0.409
572.905 -0.41
573.009 -0.411
573.112 -0.412
573.216 -0.413
573.319 -0.414
573.422 -0.415
573.526 -0.416
573.629 -0.417
573.732 -0.418
573.835 -0.419
573.938 -0.42
574.041 -0.421
574.144 -0.422
574.247 -0.423
574.35 -0.424
574.452 -0.425
574.555 -0.426
574.658 -0.427
574.76 -0.428
574.864 -0.429
574.968 -0.43
575.072 -0.431
575.176 -0.432
575.281 -0.433
575.385 -0.434
575.489 -0.435
575.593 -0.436
575.697 -0.437
575.801 -0.438
575.904 -0.439
576.008 -0.44
576.113 -0.441
576.218 -0.442
576.324 -0.443
576.43 -0.444
576.536 -0.445
576.642 -0.446
576.747 -0.447
576.853 -0.448
576.959 -0.449
577.065 -0.45
577.171 -0.451
577.276 -0.452
577.382 -0.453
577.489 -0.454
577.595 -0.455
577.701 -0.456
577.807 -0.457
577.913 -0.458
578.019 -0.459
578.126 -0.46
578.232 -0.461
578.338 -0.462
578.445 -0.463
578.551 -0.464
578.658 -0.465
578.765 -0.466
578.872 -0.467
578.978 -0.468
579.085 -0.469
579.192 -0.47
579.298 -0.471
579.405 -0.472
579.511 -0.473
579.618 -0.474
579.724 -0.475
579.83 -0.476
579.937 -0.477
580.043 -0.478
580.149 -0.479
580.255 -0.48
580.362 -0.481
580.468 -0.482
580.575 -0.483
580.681 -0.484
580.787 -0.485
580.893 -0.486
580.999 -0.487
581.105 -0.488
581.212 -0.489
581.317 -0.49
581.423 -0.491
581.529 -0.492
581.634 -0.493
581.74 -0.494
581.846 -0.495
581.952 -0.496
582.057 -0.497
582.164 -0.498
582.27 -0.499
582.376 -0.5
582.483 -0.501
582.589 -0.502
582.695 -0.503
582.802 -0.504
582.908 -0.505
583.015 -0.506
583.121 -0.507
583.227 -0.508
583.334 -0.509
583.44 -0.51
583.547 -0.511
583.654 -0.512
583.761 -0.513
583.868 -0.514
583.975 -0.515
584.082 -0.516
584.19 -0.517
584.297 -0.518
584.405 -0.519
584.513 -0.52
584.62 -0.521
584.728 -0.522
584.835 -0.523
584.943 -0.524
585.05 -0.525
585.157 -0.526
585.264 -0.527
585.372 -0.528
585.479 -0.529
585.587 -0.53
585.694 -0.531
585.802 -0.532
585.909 -0.533
586.017 -0.534
586.124 -0.535
586.232 -0.536
586.34 -0.537
586.447 -0.538
586.555 -0.539
586.663 -0.54
586.771 -0.541
586.878 -0.542
586.986 -0.543
587.094 -0.544
587.202 -0.545
587.31 -0.546
587.418 -0.547
587.525 -0.548
587.633 -0.549
587.741 -0.55
587.849 -0.551
587.958 -0.552
588.066 -0.553
588.174 -0.554
588.282 -0.555
588.39 -0.556
588.498 -0.557
588.607 -0.558
588.715 -0.559
588.823 -0.56
588.932 -0.561
589.04 -0.562
589.148 -0.563
589.257 -0.564
589.365 -0.565
589.474 -0.566
589.583 -0.567
589.691 -0.568
589.8 -0.569
589.909 -0.57
590.017 -0.571
590.126 -0.572
590.235 -0.573
590.344 -0.574
590.453 -0.575
590.561 -0.576
590.67 -0.577
590.779 -0.578
590.888 -0.579
590.997 -0.58
591.107 -0.581
591.216 -0.582
591.325 -0.583
591.434 -0.584
591.543 -0.585
591.653 -0.586
591.762 -0.587
591.871 -0.588
591.981 -0.589
592.09 -0.59
592.199 -0.591
592.309 -0.592
592.418 -0.593
592.528 -0.594
592.637 -0.595
592.747 -0.596
592.856 -0.597
592.966 -0.598
593.075 -0.599
593.185 -0.6
593.295 -0.601
593.405 -0.602
593.514 -0.603
593.624 -0.604
593.734 -0.605
593.844 -0.606
593.954 -0.607
594.064 -0.608
594.174 -0.609
594.284 -0.61
594.394 -0.611
594.504 -0.612
594.613 -0.613
594.723 -0.614
594.833 -0.615
594.943 -0.616
595.052 -0.617
595.162 -0.618
595.272 -0.619
595.382 -0.62
595.492 -0.621
595.602 -0.622
595.712 -0.623
595.822 -0.624
595.933 -0.625
596.043 -0.626
596.153 -0.627
596.263 -0.628
596.373 -0.629
596.484 -0.63
596.594 -0.631
596.704 -0.632
596.814 -0.633
596.924 -0.634
597.034 -0.635
597.144 -0.636
597.254 -0.637
597.364 -0.638
597.474 -0.639
597.584 -0.64
597.694 -0.641
597.804 -0.642
597.914 -0.643
598.024 -0.644
598.134 -0.645
598.244 -0.646
598.353 -0.647
598.463 -0.648
598.573 -0.649
598.683 -0.65
598.792 -0.651
598.902 -0.652
599.012 -0.653
599.121 -0.654
599.231 -0.655
599.34 -0.656
599.45 -0.657
599.559 -0.658
599.668 -0.659
599.778 -0.66
599.887 -0.661
599.996 -0.662
600.105 -0.663
600.214 -0.664
600.323 -0.665
600.431 -0.666
600.54 -0.667
600.649 -0.668
600.757 -0.669
600.864 -0.67
600.972 -0.671
601.079 -0.672
601.186 -0.673
601.292 -0.674
601.397 -0.675
601.502 -0.676
601.607 -0.677
601.711 -0.678
601.809 -0.679
601.894 -0.68
602.001 -0.681
602.107 -0.682
602.21 -0.683
602.304 -0.684
602.42 -0.685
602.516 -0.686
602.625 -0.687
602.734 -0.688
602.844 -0.689
602.954 -0.69
603.064 -0.691
603.174 -0.692
603.284 -0.693
603.395 -0.694
603.506 -0.695
603.617 -0.696
603.728 -0.697
603.84 -0.698
603.951 -0.699
604.063 -0.7
604.174 -0.701
604.286 -0.702
604.398 -0.703
604.51 -0.704
604.621 -0.705
604.733 -0.706
604.845 -0.707
604.956 -0.708
605.067 -0.709
605.178 -0.71
605.289 -0.711
605.4 -0.712
605.511 -0.713
605.622 -0.714
605.733 -0.715
605.845 -0.716
605.956 -0.717
606.068 -0.718
606.179 -0.719
606.291 -0.72
606.402 -0.721
606.514 -0.722
606.626 -0.723
606.738 -0.724
606.85 -0.725
606.961 -0.726
607.073 -0.727
607.185 -0.728
607.297 -0.729
607.409 -0.73
607.521 -0.731
607.633 -0.732
607.745 -0.733
607.856 -0.734
607.968 -0.735
608.079 -0.736
608.191 -0.737
608.302 -0.738
608.414 -0.739
608.525 -0.74
608.637 -0.741
608.749 -0.742
608.861 -0.743
608.972 -0.744
609.084 -0.745
609.196 -0.746
609.308 -0.747
609.42 -0.748
609.532 -0.749
609.644 -0.75
609.756 -0.751
609.869 -0.752
609.981 -0.753
610.093 -0.754
610.205 -0.755
610.317 -0.756
610.429 -0.757
610.541 -0.758
610.653 -0.759
610.765 -0.76
610.878 -0.761
610.99 -0.762
611.102 -0.763
611.215 -0.764
611.327 -0.765
611.439 -0.766
611.551 -0.767
611.663 -0.768
611.775 -0.769
611.887 -0.77
611.999 -0.771
612.111 -0.772
612.223 -0.773
612.335 -0.774
612.447 -0.775
612.559 -0.776
612.671 -0.777
612.783 -0.778
612.895 -0.779
613.007 -0.78
613.12 -0.781
613.232 -0.782
613.344 -0.783
613.456 -0.784
613.569 -0.785
613.681 -0.786
613.793 -0.787
613.906 -0.788
614.018 -0.789
614.131 -0.79
614.243 -0.791
614.355 -0.792
614.467 -0.793
614.58 -0.794
614.692 -0.795
614.804 -0.796
614.916 -0.797
615.029 -0.798
615.141 -0.799
615.254 -0.8
615.366 -0.801
615.479 -0.802
615.591 -0.803
615.704 -0.804
615.816 -0.805
615.929 -0.806
616.042 -0.807
616.154 -0.808
616.267 -0.809
616.379 -0.81
616.492 -0.811
616.604 -0.812
616.716 -0.813
616.828 -0.814
616.94 -0.815
617.052 -0.816
617.165 -0.817
617.277 -0.818
617.389 -0.819
617.501 -0.82
617.614 -0.821
617.726 -0.822
617.838 -0.823
617.95 -0.824
618.063 -0.825
618.175 -0.826
618.287 -0.827
618.399 -0.828
618.511 -0.829
618.623 -0.83
618.735 -0.831
618.847 -0.832
618.959 -0.833
619.071 -0.834
619.183 -0.835
619.295 -0.836
619.407 -0.837
619.519 -0.838
619.631 -0.839
619.743 -0.84
619.855 -0.841
619.967 -0.842
620.079 -0.843
620.191 -0.844
620.303 -0.845
620.415 -0.846
620.527 -0.847
620.639 -0.848
620.752 -0.849
620.864 -0.85
620.976 -0.851
621.088 -0.852
621.2 -0.853
621.312 -0.854
621.424 -0.855
621.536 -0.856
621.649 -0.857
621.761 -0.858
621.873 -0.859
621.985 -0.86
622.097 -0.861
622.209 -0.862
622.321 -0.863
622.432 -0.864
622.544 -0.865
622.655 -0.866
622.766 -0.867
622.878 -0.868
622.989 -0.869
623.1 -0.87
623.211 -0.871
623.322 -0.872
623.434 -0.873
623.545 -0.874
623.656 -0.875
623.767 -0.876
623.877 -0.877
623.988 -0.878
624.099 -0.879
624.21 -0.88
624.321 -0.881
624.432 -0.882
624.543 -0.883
624.655 -0.884
624.766 -0.885
624.878 -0.886
624.99 -0.887
625.102 -0.888
625.213 -0.889
625.325 -0.89
625.437 -0.891
625.549 -0.892
625.661 -0.893
625.772 -0.894
625.884 -0.895
625.996 -0.896
626.108 -0.897
626.22 -0.898
626.332 -0.899
626.444 -0.9
