21.4226 -0.001
42.7988 -0.002
64.1289 -0.003
85.413 -0.004
106.651 -0.005
127.843 -0.006
148.99 -0.007
170.091 -0.008
191.147 -0.009
212.157 -0.01
233.122 -0.011
254.041 -0.012
274.916 -0.013
295.746 -0.014
316.531 -0.015
337.271 -0.016
357.967 -0.017
378.618 -0.018
399.225 -0.019
419.787 -0.02
440.305 -0.021
460.779 -0.022
481.209 -0.023
501.595 -0.024
521.937 -0.025
542.235 -0.026
562.49 -0.027
582.701 -0.028
602.868 -0.029
622.991 -0.03
643.072 -0.031
663.108 -0.032
683.102 -0.033
703.052 -0.034
722.959 -0.035
742.822 -0.036
762.643 -0.037
782.42 -0.038
802.154 -0.039
821.842 -0.04
841.427 -0.041
860.742 -0.042
879.699 -0.043
898.175 -0.044
916.212 -0.045
933.025 -0.046
948.229 -0.047
960.744 -0.048
971.06 -0.049
978.352 -0.05
983.677 -0.051
988.742 -0.052
992.552 -0.053
995.227 -0.054
997.521 -0.055
999.765 -0.056
1001.97 -0.057
1004.04 -0.058
1006.07 -0.059
1008.07 -0.06
1009.94 -0.061
1011.74 -0.062
1013.46 -0.063
1015.14 -0.064
1016.77 -0.065
1018.32 -0.066
1019.8 -0.067
1021.25 -0.068
1022.61 -0.069
1023.91 -0.07
1025.11 -0.071
1026.22 -0.072
1027.29 -0.073
1028.32 -0.074
1029.28 -0.075
1030.15 -0.076
1030.92 -0.077
1031.65 -0.078
1032.31 -0.079
1032.92 -0.08
1033.46 -0.081
1033.93 -0.082
1034.38 -0.083
1034.8 -0.084
1035.21 -0.085
1035.61 -0.086
1035.96 -0.087
1036.26 -0.088
1036.56 -0.089
1036.83 -0.09
1037.08 -0.091
1037.3 -0.092
1037.5 -0.093
1037.7 -0.094
1037.89 -0.095
1038.07 -0.096
1038.24 -0.097
1038.4 -0.098
1038.55 -0.099
1038.7 -0.1
1038.83 -0.101
1038.96 -0.102
1039.08 -0.103
1039.18 -0.104
1039.28 -0.105
1039.38 -0.106
1039.47 -0.107
1039.55 -0.108
1039.61 -0.109
1039.68 -0.11
1039.73 -0.111
1039.78 -0.112
1039.83 -0.113
1039.87 -0.114
1039.91 -0.115
1039.95 -0.116
1039.97 -0.117
1039.98 -0.118
1039.99 -0.119
1039.99 -0.12
1039.98 -0.121
1039.98 -0.122
1039.97 -0.123
1039.96 -0.124
1039.95 -0.125
1039.93 -0.126
1039.91 -0.127
1039.88 -0.128
1039.86 -0.129
1039.82 -0.13
1039.78 -0.131
1039.72 -0.132
1039.66 -0.133
1039.6 -0.134
1039.54 -0.135
1039.47 -0.136
1039.39 -0.137
1039.3 -0.138
1039.22 -0.139
1039.13 -0.14
1039.05 -0.141
1038.96 -0.142
1038.87 -0.143
1038.78 -0.144
1038.68 -0.145
1038.58 -0.146
1038.46 -0.147
1038.35 -0.148
1038.24 -0.149
1038.12 -0.15
1037.99 -0.151
1037.85 -0.152
1037.72 -0.153
1037.58 -0.154
1037.43 -0.155
1037.28 -0.156
1037.13 -0.157
1036.98 -0.158
1036.83 -0.159
1036.68 -0.16
1036.53 -0.161
1036.39 -0.162
1036.24 -0.163
1036.09 -0.164
1035.95 -0.165
1035.79 -0.166
1035.63 -0.167
1035.46 -0.168
1035.3 -0.169
1035.13 -0.17
1034.97 -0.171
1034.81 -0.172
1034.65 -0.173
1034.48 -0.174
1034.32 -0.175
1034.16 -0.176
1033.99 -0.177
1033.82 -0.178
1033.65 -0.179
1033.48 -0.18
1033.31 -0.181
1033.15 -0.182
1032.98 -0.183
1032.81 -0.184
1032.65 -0.185
1032.49 -0.186
1032.33 -0.187
1032.17 -0.188
1032.01 -0.189
1031.85 -0.19
1031.69 -0.191
1031.54 -0.192
1031.38 -0.193
1031.23 -0.194
1031.08 -0.195
1030.92 -0.196
1030.78 -0.197
1030.63 -0.198
1030.48 -0.199
1030.33 -0.2
1030.19 -0.201
1030.05 -0.202
1029.9 -0.203
1029.76 -0.204
1029.62 -0.205
1029.48 -0.206
1029.35 -0.207
1029.21 -0.208
1029.08 -0.209
1028.94 -0.21
1028.81 -0.211
1028.68 -0.212
1028.55 -0.213
1028.42 -0.214
1028.3 -0.215
1028.17 -0.216
1028.05 -0.217
1027.93 -0.218
1027.81 -0.219
1027.69 -0.22
1027.57 -0.221
1027.46 -0.222
1027.34 -0.223
1027.23 -0.224
1027.11 -0.225
1027 -0.226
1026.9 -0.227
1026.79 -0.228
1026.68 -0.229
1026.58 -0.23
1026.48 -0.231
1026.38 -0.232
1026.28 -0.233
1026.18 -0.234
1026.09 -0.235
1025.99 -0.236
1025.9 -0.237
1025.81 -0.238
1025.72 -0.239
1025.63 -0.24
1025.54 -0.241
1025.46 -0.242
1025.37 -0.243
1025.29 -0.244
1025.21 -0.245
1025.13 -0.246
1025.05 -0.247
1024.97 -0.248
1024.9 -0.249
1024.83 -0.25
1024.75 -0.251
1024.68 -0.252
1024.62 -0.253
1024.55 -0.254
1024.49 -0.255
1024.42 -0.256
1024.36 -0.257
1024.3 -0.258
1024.24 -0.259
1024.19 -0.26
1024.13 -0.261
1024.08 -0.262
1024.03 -0.263
1023.98 -0.264
1023.93 -0.265
1023.88 -0.266
1023.84 -0.267
1023.8 -0.268
1023.76 -0.269
1023.72 -0.27
1023.68 -0.271
1023.65 -0.272
1023.62 -0.273
1023.59 -0.274
1023.56 -0.275
1023.53 -0.276
1023.5 -0.277
1023.47 -0.278
1023.45 -0.279
1023.42 -0.28
1023.4 -0.281
1023.38 -0.282
1023.36 -0.283
1023.34 -0.284
1023.33 -0.285
1023.31 -0.286
1023.3 -0.287
1023.3 -0.288
1023.29 -0.289
1023.28 -0.29
1023.28 -0.291
1023.28 -0.292
1023.28 -0.293
1023.28 -0.294
1023.29 -0.295
1023.29 -0.296
1023.3 -0.297
1023.31 -0.298
1023.32 -0.299
1023.33 -0.3
1023.34 -0.301
1023.36 -0.302
1023.38 -0.303
1023.4 -0.304
1023.42 -0.305
1023.44 -0.306
1023.47 -0.307
1023.5 -0.308
1023.53 -0.309
1023.56 -0.31
1023.59 -0.311
1023.62 -0.312
1023.65 -0.313
1023.69 -0.314
1023.72 -0.315
1023.76 -0.316
1023.8 -0.317
1023.84 -0.318
1023.89 -0.319
1023.93 -0.32
1023.98 -0.321
1024.03 -0.322
1024.08 -0.323
1024.13 -0.324
1024.19 -0.325
1024.24 -0.326
1024.3 -0.327
1024.35 -0.328
1024.41 -0.329
1024.47 -0.33
1024.53 -0.331
1024.6 -0.332
1024.67 -0.333
1024.74 -0.334
1024.81 -0.335
1024.87 -0.336
1024.94 -0.337
1025.01 -0.338
1025.08 -0.339
1025.16 -0.34
1025.23 -0.341
1025.31 -0.342
1025.4 -0.343
1025.48 -0.344
1025.56 -0.345
1025.65 -0.346
1025.73 -0.347
1025.81 -0.348
1025.89 -0.349
1025.98 -0.35
1026.07 -0.351
1026.16 -0.352
1026.25 -0.353
1026.35 -0.354
1026.44 -0.355
1026.54 -0.356
1026.63 -0.357
1026.72 -0.358
1026.82 -0.359
1026.91 -0.36
1027.01 -0.361
1027.11 -0.362
1027.22 -0.363
1027.32 -0.364
1027.43 -0.365
1027.54 -0.366
1027.65 -0.367
1027.76 -0.368
1027.88 -0.369
1028 -0.37
1028.12 -0.371
1028.24 -0.372
1028.36 -0.373
1028.49 -0.374
1028.62 -0.375
1028.74 -0.376
1028.87 -0.377
1029.01 -0.378
1029.14 -0.379
1029.28 -0.38
1029.41 -0.381
1029.55 -0.382
1029.7 -0.383
1029.85 -0.384
1029.99 -0.385
1030.14 -0.386
1030.29 -0.387
1030.44 -0.388
1030.59 -0.389
1030.74 -0.39
1030.9 -0.391
1031.06 -0.392
1031.22 -0.393
1031.38 -0.394
1031.55 -0.395
1031.71 -0.396
1031.88 -0.397
1032.05 -0.398
1032.23 -0.399
1032.4 -0.4
1032.58 -0.401
1032.76 -0.402
1032.93 -0.403
1033.12 -0.404
1033.3 -0.405
1033.49 -0.406
1033.68 -0.407
1033.87 -0.408
1034.06 -0.409
1034.26 -0.41
1034.45 -0.411
1034.65 -0.412
1034.85 -0.413
1035.05 -0.414
1035.26 -0.415
1035.47 -0.416
1035.68 -0.417
1035.89 -0.418
1036.1 -0.419
1036.32 -0.42
1036.54 -0.421
1036.76 -0.422
1036.98 -0.423
1037.21 -0.424
1037.44 -0.425
1037.67 -0.426
1037.91 -0.427
1038.14 -0.428
1038.39 -0.429
1038.63 -0.43
1038.88 -0.431
1039.13 -0.432
1039.39 -0.433
1039.64 -0.434
1039.9 -0.435
1040.17 -0.436
1040.43 -0.437
1040.7 -0.438
1040.98 -0.439
1041.26 -0.44
1041.54 -0.441
1041.82 -0.442
1042.1 -0.443
1042.39 -0.444
1042.68 -0.445
1042.98 -0.446
1043.28 -0.447
1043.58 -0.448
1043.88 -0.449
1044.18 -0.45
1044.49 -0.451
1044.8 -0.452
1045.12 -0.453
1045.44 -0.454
1045.76 -0.455
1046.08 -0.456
1046.41 -0.457
1046.74 -0.458
1047.07 -0.459
1047.41 -0.46
1047.75 -0.461
1048.09 -0.462
1048.43 -0.463
1048.78 -0.464
1049.13 -0.465
1049.49 -0.466
1049.84 -0.467
1050.2 -0.468
1050.57 -0.469
1050.93 -0.47
1051.31 -0.471
1051.68 -0.472
1052.05 -0.473
1052.43 -0.474
1052.81 -0.475
1053.2 -0.476
1053.58 -0.477
1053.97 -0.478
1054.37 -0.479
1054.76 -0.48
1055.16 -0.481
1055.57 -0.482
1055.97 -0.483
1056.38 -0.484
1056.8 -0.485
1057.21 -0.486
1057.63 -0.487
1058.05 -0.488
1058.48 -0.489
1058.91 -0.49
1059.34 -0.491
1059.78 -0.492
1060.22 -0.493
1060.66 -0.494
1061.11 -0.495
1061.56 -0.496
1062.01 -0.497
1062.47 -0.498
1062.94 -0.499
1063.4 -0.5
1063.87 -0.501
1064.34 -0.502
1064.81 -0.503
1065.29 -0.504
1065.78 -0.505
1066.26 -0.506
1066.75 -0.507
1067.24 -0.508
1067.73 -0.509
1068.23 -0.51
1068.73 -0.511
1069.24 -0.512
1069.75 -0.513
1070.26 -0.514
1070.77 -0.515
1071.29 -0.516
1071.81 -0.517
1072.34 -0.518
1072.87 -0.519
1073.41 -0.52
1073.94 -0.521
1074.48 -0.522
1075.02 -0.523
1075.57 -0.524
1076.12 -0.525
1076.67 -0.526
1077.23 -0.527
1077.79 -0.528
1078.36 -0.529
1078.93 -0.53
1079.5 -0.531
1080.08 -0.532
1080.66 -0.533
1081.24 -0.534
1081.83 -0.535
1082.42 -0.536
1083.02 -0.537
1083.62 -0.538
1084.22 -0.539
1084.82 -0.54
1085.43 -0.541
1086.04 -0.542
1086.66 -0.543
1087.28 -0.544
1087.91 -0.545
1088.54 -0.546
1089.17 -0.547
1089.81 -0.548
1090.45 -0.549
1091.1 -0.55
1091.75 -0.551
1092.4 -0.552
1093.06 -0.553
1093.72 -0.554
1094.38 -0.555
1095.05 -0.556
1095.72 -0.557
1096.4 -0.558
1097.08 -0.559
1097.76 -0.56
1098.45 -0.561
1099.14 -0.562
1099.83 -0.563
1100.53 -0.564
1101.23 -0.565
1101.94 -0.566
1102.64 -0.567
1103.36 -0.568
1104.07 -0.569
1104.79 -0.57
1105.51 -0.571
1106.24 -0.572
1106.97 -0.573
1107.7 -0.574
1108.44 -0.575
1109.18 -0.576
1109.93 -0.577
1110.67 -0.578
1111.42 -0.579
1112.17 -0.58
1112.93 -0.581
1113.69 -0.582
1114.45 -0.583
1115.21 -0.584
1115.98 -0.585
1116.75 -0.586
1117.53 -0.587
1118.3 -0.588
1119.08 -0.589
1119.86 -0.59
1120.65 -0.591
1121.43 -0.592
1122.22 -0.593
1123.01 -0.594
1123.81 -0.595
1124.61 -0.596
1125.41 -0.597
1126.21 -0.598
1127.02 -0.599
1127.83 -0.6
1128.64 -0.601
1129.46 -0.602
1130.28 -0.603
1131.1 -0.604
1131.92 -0.605
1132.74 -0.606
1133.57 -0.607
1134.4 -0.608
1135.23 -0.609
1136.07 -0.61
1136.9 -0.611
1137.74 -0.612
1138.58 -0.613
1139.42 -0.614
1140.27 -0.615
1141.12 -0.616
1141.96 -0.617
1142.81 -0.618
1143.67 -0.619
1144.52 -0.62
1145.38 -0.621
1146.24 -0.622
1147.1 -0.623
1147.97 -0.624
1148.83 -0.625
1149.7 -0.626
1150.57 -0.627
1151.45 -0.628
1152.32 -0.629
1153.21 -0.63
1154.09 -0.631
1154.98 -0.632
1155.87 -0.633
1156.76 -0.634
1157.66 -0.635
1158.57 -0.636
1159.47 -0.637
1160.38 -0.638
1161.3 -0.639
1162.22 -0.64
1163.14 -0.641
1164.07 -0.642
1165 -0.643
1165.94 -0.644
1166.88 -0.645
1167.82 -0.646
1168.76 -0.647
1169.71 -0.648
1170.66 -0.649
1171.62 -0.65
1172.58 -0.651
1173.55 -0.652
1174.52 -0.653
1175.49 -0.654
1176.46 -0.655
1177.43 -0.656
1178.4 -0.657
1179.37 -0.658
1180.35 -0.659
1181.33 -0.66
1182.31 -0.661
1183.3 -0.662
1184.29 -0.663
1185.27 -0.664
1186.26 -0.665
1187.24 -0.666
1188.22 -0.667
1189.2 -0.668
1190.19 -0.669
1191.18 -0.67
1192.17 -0.671
1193.16 -0.672
1194.15 -0.673
1195.13 -0.674
1196.12 -0.675
1197.11 -0.676
1198.11 -0.677
1199.12 -0.678
1200.12 -0.679
1201.13 -0.68
1202.14 -0.681
1203.15 -0.682
1204.16 -0.683
1205.18 -0.684
1206.2 -0.685
1207.23 -0.686
1208.26 -0.687
1209.3 -0.688
1210.34 -0.689
1211.39 -0.69
1212.44 -0.691
1213.5 -0.692
1214.56 -0.693
1215.62 -0.694
1216.69 -0.695
1217.77 -0.696
1218.85 -0.697
1219.93 -0.698
1221.02 -0.699
1222.11 -0.7
1223.21 -0.701
1224.32 -0.702
1225.42 -0.703
1226.54 -0.704
1227.66 -0.705
1228.78 -0.706
1229.91 -0.707
1231.04 -0.708
1232.18 -0.709
1233.32 -0.71
1234.47 -0.711
1235.62 -0.712
1236.78 -0.713
1237.94 -0.714
1239.11 -0.715
1240.28 -0.716
1241.46 -0.717
1242.64 -0.718
1243.83 -0.719
1245.02 -0.72
1246.22 -0.721
1247.42 -0.722
1248.63 -0.723
1249.84 -0.724
1251.06 -0.725
1252.28 -0.726
1253.51 -0.727
1254.74 -0.728
1255.98 -0.729
1257.22 -0.73
1258.47 -0.731
1259.73 -0.732
1260.99 -0.733
1262.25 -0.734
1263.52 -0.735
1264.8 -0.736
1266.08 -0.737
1267.36 -0.738
1268.65 -0.739
1269.95 -0.74
1271.25 -0.741
1272.56 -0.742
1273.87 -0.743
1275.19 -0.744
1276.5 -0.745
1277.82 -0.746
1279.14 -0.747
1280.46 -0.748
1281.79 -0.749
1283.13 -0.75
1284.46 -0.751
1285.79 -0.752
1287.12 -0.753
1288.46 -0.754
1289.8 -0.755
1291.14 -0.756
1292.46 -0.757
1293.76 -0.758
1295.05 -0.759
1296.36 -0.76
1297.66 -0.761
1298.98 -0.762
1300.28 -0.763
1301.59 -0.764
1302.88 -0.765
1304.15 -0.766
1305.42 -0.767
1306.7 -0.768
1307.97 -0.769
1309.24 -0.77
1310.51 -0.771
1311.79 -0.772
1313.07 -0.773
1314.36 -0.774
1315.65 -0.775
1316.92 -0.776
1318.2 -0.777
1319.48 -0.778
1320.77 -0.779
1322.06 -0.78
1323.35 -0.781
1324.64 -0.782
1325.94 -0.783
1327.24 -0.784
1328.54 -0.785
1329.84 -0.786
1331.14 -0.787
1332.45 -0.788
1333.75 -0.789
1335.05 -0.79
1336.35 -0.791
1337.65 -0.792
1338.95 -0.793
1340.21 -0.794
1341.43 -0.795
1342.62 -0.796
1343.76 -0.797
1344.86 -0.798
1345.96 -0.799
1347.05 -0.8
1348.14 -0.801
1349.21 -0.802
1350.25 -0.803
1351.24 -0.804
1352.19 -0.805
1352.96 -0.806
1353.66 -0.807
1354.36 -0.808
1355.05 -0.809
1355.74 -0.81
1356.43 -0.811
1357.11 -0.812
1357.8 -0.813
1358.49 -0.814
1359.17 -0.815
1359.86 -0.816
1360.55 -0.817
1361.23 -0.818
1361.92 -0.819
1362.61 -0.82
1363.29 -0.821
1363.98 -0.822
1364.67 -0.823
1365.36 -0.824
1366.04 -0.825
1366.73 -0.826
1367.42 -0.827
1368.1 -0.828
1368.79 -0.829
1369.48 -0.83
1370.16 -0.831
1370.85 -0.832
1371.54 -0.833
1372.22 -0.834
1372.91 -0.835
1373.6 -0.836
1374.28 -0.837
1374.97 -0.838
1375.66 -0.839
1376.34 -0.84
1377.03 -0.841
1377.72 -0.842
1378.41 -0.843
1379.09 -0.844
1379.78 -0.845
1380.47 -0.846
1381.15 -0.847
1381.84 -0.848
1382.53 -0.849
1383.22 -0.85
1383.9 -0.851
1384.59 -0.852
1385.28 -0.853
1385.96 -0.854
1386.65 -0.855
1387.34 -0.856
1388.03 -0.857
1388.71 -0.858
1389.4 -0.859
1390.09 -0.86
1390.78 -0.861
1391.46 -0.862
1392.15 -0.863
1392.84 -0.864
1393.53 -0.865
1394.21 -0.866
1394.9 -0.867
1395.59 -0.868
1396.28 -0.869
1396.97 -0.87
1397.65 -0.871
1398.34 -0.872
1399.03 -0.873
1399.72 -0.874
1400.41 -0.875
1401.09 -0.876
1401.78 -0.877
1402.47 -0.878
1403.16 -0.879
1403.85 -0.88
1404.54 -0.881
1405.22 -0.882
1405.91 -0.883
1406.6 -0.884
1407.29 -0.885
1407.98 -0.886
1408.67 -0.887
1409.35 -0.888
1410.04 -0.889
1410.73 -0.89
1411.42 -0.891
1412.11 -0.892
1412.8 -0.893
1413.49 -0.894
1414.17 -0.895
1414.86 -0.896
1415.55 -0.897
1416.24 -0.898
1416.93 -0.899
1417.62 -0.9
1418.31 -0.901
1419 -0.902
1419.69 -0.903
1420.38 -0.904
1421.06 -0.905
1421.75 -0.906
1422.44 -0.907
1423.13 -0.908
1423.82 -0.909
1424.51 -0.91
1425.2 -0.911
1425.89 -0.912
1426.57 -0.913
1427.26 -0.914
1427.95 -0.915
1428.64 -0.916
1429.33 -0.917
1430.02 -0.918
1430.7 -0.919
1431.39 -0.92
1432.08 -0.921
1432.77 -0.922
1433.46 -0.923
1434.14 -0.924
1434.83 -0.925
1435.52 -0.926
1436.21 -0.927
1436.9 -0.928
1437.58 -0.929
1438.27 -0.93
1438.96 -0.931
1439.65 -0.932
1440.33 -0.933
1441.02 -0.934
1441.71 -0.935
1442.4 -0.936
1443.08 -0.937
1443.77 -0.938
1444.46 -0.939
1445.15 -0.94
1445.83 -0.941
1446.52 -0.942
1447.21 -0.943
1447.89 -0.944
1448.58 -0.945
1449.27 -0.946
1449.95 -0.947
1450.64 -0.948
1451.33 -0.949
1452.01 -0.95
1452.7 -0.951
1453.39 -0.952
1454.07 -0.953
1454.76 -0.954
1455.44 -0.955
1456.13 -0.956
1456.82 -0.957
1457.5 -0.958
1458.19 -0.959
1458.87 -0.96
1459.56 -0.961
1460.24 -0.962
1460.93 -0.963
1461.61 -0.964
1462.3 -0.965
1462.98 -0.966
1463.67 -0.967
1464.35 -0.968
1465.03 -0.969
1465.71 -0.97
1466.39 -0.971
1467.07 -0.972
1467.74 -0.973
1468.4 -0.974
1469.05 -0.975
1469.7 -0.976
1470.35 -0.977
1471 -0.978
1471.64 -0.979
1472.29 -0.98
1472.94 -0.981
1473.59 -0.982
1474.24 -0.983
1474.88 -0.984
1475.53 -0.985
1476.18 -0.986
1476.83 -0.987
1477.48 -0.988
1478.13 -0.989
1478.78 -0.99
1479.42 -0.991
1480.05 -0.992
1480.68 -0.993
1481.31 -0.994
1481.94 -0.995
1482.57 -0.996
1483.19 -0.997
1483.82 -0.998
1484.44 -0.999
1485.07 -1
