8.47033 -0.001
16.9215 -0.002
25.3538 -0.003
33.7671 -0.004
42.1612 -0.005
50.536 -0.006
58.8916 -0.007
67.2276 -0.008
75.5442 -0.009
83.8411 -0.01
92.1182 -0.011
100.376 -0.012
108.613 -0.013
116.83 -0.014
125.027 -0.015
133.204 -0.016
141.36 -0.017
149.496 -0.018
157.611 -0.019
165.705 -0.02
173.778 -0.021
181.83 -0.022
189.861 -0.023
197.871 -0.024
205.858 -0.025
213.824 -0.026
221.769 -0.027
229.69 -0.028
237.521 -0.029
244.765 -0.03
250.796 -0.031
255.801 -0.032
260.46 -0.033
264.642 -0.034
268.784 -0.035
272.903 -0.036
277.005 -0.037
281.091 -0.038
285.158 -0.039
289.205 -0.04
293.233 -0.041
297.242 -0.042
301.23 -0.043
305.193 -0.044
309.133 -0.045
313.053 -0.046
316.952 -0.047
320.829 -0.048
324.681 -0.049
328.512 -0.05
332.323 -0.051
336.11 -0.052
339.803 -0.053
343.277 -0.054
346.583 -0.055
349.492 -0.056
352.202 -0.057
354.372 -0.058
356.155 -0.059
357.914 -0.06
359.63 -0.061
361.309 -0.062
362.923 -0.063
364.433 -0.064
365.915 -0.065
367.342 -0.066
368.606 -0.067
369.813 -0.068
371.001 -0.069
372.061 -0.07
372.972 -0.071
373.808 -0.072
374.465 -0.073
375.103 -0.074
375.728 -0.075
376.342 -0.076
376.944 -0.077
377.536 -0.078
378.121 -0.079
378.696 -0.08
379.264 -0.081
379.824 -0.082
380.378 -0.083
380.924 -0.084
381.463 -0.085
381.996 -0.086
382.521 -0.087
383.039 -0.088
383.55 -0.089
384.054 -0.09
384.552 -0.091
385.043 -0.092
385.526 -0.093
386.002 -0.094
386.472 -0.095
386.934 -0.096
387.389 -0.097
387.838 -0.098
388.28 -0.099
388.717 -0.1
389.148 -0.101
389.573 -0.102
389.992 -0.103
390.404 -0.104
390.811 -0.105
391.213 -0.106
391.607 -0.107
391.994 -0.108
392.373 -0.109
392.743 -0.11
393.104 -0.111
393.457 -0.112
393.801 -0.113
394.138 -0.114
394.471 -0.115
394.8 -0.116
395.119 -0.117
395.427 -0.118
395.717 -0.119
395.996 -0.12
396.261 -0.121
396.505 -0.122
396.743 -0.123
396.977 -0.124
397.207 -0.125
397.433 -0.126
397.655 -0.127
397.874 -0.128
398.088 -0.129
398.3 -0.13
398.508 -0.131
398.712 -0.132
398.904 -0.133
399.089 -0.134
399.258 -0.135
399.42 -0.136
399.565 -0.137
399.7 -0.138
399.821 -0.139
399.938 -0.14
400.052 -0.141
400.161 -0.142
400.266 -0.143
400.367 -0.144
400.463 -0.145
400.556 -0.146
400.645 -0.147
400.729 -0.148
400.809 -0.149
400.884 -0.15
400.954 -0.151
401.021 -0.152
401.083 -0.153
401.14 -0.154
401.193 -0.155
401.241 -0.156
401.284 -0.157
401.324 -0.158
401.36 -0.159
401.393 -0.16
401.422 -0.161
401.447 -0.162
401.469 -0.163
401.484 -0.164
401.495 -0.165
401.504 -0.166
401.505 -0.167
401.502 -0.168
401.497 -0.169
401.486 -0.17
401.47 -0.171
401.45 -0.172
401.427 -0.173
401.396 -0.174
401.362 -0.175
401.326 -0.176
401.284 -0.177
401.241 -0.178
401.196 -0.179
401.146 -0.18
401.093 -0.181
401.038 -0.182
400.98 -0.183
400.918 -0.184
400.853 -0.185
400.786 -0.186
400.714 -0.187
400.641 -0.188
400.565 -0.189
400.486 -0.19
400.406 -0.191
400.324 -0.192
400.236 -0.193
400.146 -0.194
400.054 -0.195
399.961 -0.196
399.865 -0.197
399.766 -0.198
399.663 -0.199
399.559 -0.2
399.452 -0.201
399.343 -0.202
399.231 -0.203
399.115 -0.204
398.996 -0.205
398.876 -0.206
398.754 -0.207
398.63 -0.208
398.5 -0.209
398.369 -0.21
398.236 -0.211
398.101 -0.212
397.965 -0.213
397.828 -0.214
397.689 -0.215
397.549 -0.216
397.407 -0.217
397.264 -0.218
397.12 -0.219
396.975 -0.22
396.828 -0.221
396.68 -0.222
396.532 -0.223
396.382 -0.224
396.232 -0.225
396.082 -0.226
395.93 -0.227
395.778 -0.228
395.624 -0.229
395.469 -0.23
395.313 -0.231
395.156 -0.232
394.998 -0.233
394.84 -0.234
394.681 -0.235
394.522 -0.236
394.362 -0.237
394.202 -0.238
394.04 -0.239
393.878 -0.24
393.716 -0.241
393.552 -0.242
393.388 -0.243
393.223 -0.244
393.059 -0.245
392.894 -0.246
392.729 -0.247
392.564 -0.248
392.398 -0.249
392.231 -0.25
392.065 -0.251
391.897 -0.252
391.73 -0.253
391.563 -0.254
391.397 -0.255
391.23 -0.256
391.064 -0.257
390.897 -0.258
390.731 -0.259
390.564 -0.26
390.397 -0.261
390.231 -0.262
390.065 -0.263
389.9 -0.264
389.735 -0.265
389.57 -0.266
389.404 -0.267
389.239 -0.268
389.074 -0.269
388.908 -0.27
388.743 -0.271
388.578 -0.272
388.414 -0.273
388.25 -0.274
388.086 -0.275
387.922 -0.276
387.758 -0.277
387.594 -0.278
387.43 -0.279
387.266 -0.28
387.102 -0.281
386.939 -0.282
386.776 -0.283
386.612 -0.284
386.449 -0.285
386.286 -0.286
386.124 -0.287
385.961 -0.288
385.798 -0.289
385.636 -0.29
385.474 -0.291
385.313 -0.292
385.151 -0.293
384.99 -0.294
384.829 -0.295
384.669 -0.296
384.508 -0.297
384.348 -0.298
384.188 -0.299
384.029 -0.3
383.869 -0.301
383.71 -0.302
383.551 -0.303
383.393 -0.304
383.234 -0.305
383.076 -0.306
382.919 -0.307
382.761 -0.308
382.604 -0.309
382.448 -0.31
382.291 -0.311
382.135 -0.312
381.98 -0.313
381.825 -0.314
381.67 -0.315
381.515 -0.316
381.361 -0.317
381.207 -0.318
381.054 -0.319
380.901 -0.32
380.749 -0.321
380.597 -0.322
380.445 -0.323
380.294 -0.324
380.143 -0.325
379.993 -0.326
379.843 -0.327
379.694 -0.328
379.545 -0.329
379.397 -0.33
379.249 -0.331
379.101 -0.332
378.954 -0.333
378.807 -0.334
378.661 -0.335
378.516 -0.336
378.371 -0.337
378.226 -0.338
378.082 -0.339
377.938 -0.34
377.795 -0.341
377.653 -0.342
377.511 -0.343
377.369 -0.344
377.229 -0.345
377.088 -0.346
376.949 -0.347
376.81 -0.348
376.671 -0.349
376.533 -0.35
376.395 -0.351
376.258 -0.352
376.122 -0.353
375.986 -0.354
375.85 -0.355
375.716 -0.356
375.582 -0.357
375.448 -0.358
375.315 -0.359
375.183 -0.36
375.052 -0.361
374.921 -0.362
374.79 -0.363
374.66 -0.364
374.53 -0.365
374.401 -0.366
374.273 -0.367
374.146 -0.368
374.019 -0.369
373.893 -0.37
373.768 -0.371
373.645 -0.372
373.522 -0.373
373.401 -0.374
373.28 -0.375
373.159 -0.376
373.04 -0.377
372.922 -0.378
372.805 -0.379
372.689 -0.38
372.573 -0.381
372.459 -0.382
372.345 -0.383
372.232 -0.384
372.12 -0.385
372.007 -0.386
371.895 -0.387
371.784 -0.388
371.673 -0.389
371.562 -0.39
371.452 -0.391
371.343 -0.392
371.235 -0.393
371.127 -0.394
371.02 -0.395
370.913 -0.396
370.807 -0.397
370.701 -0.398
370.595 -0.399
370.49 -0.4
370.386 -0.401
370.283 -0.402
370.18 -0.403
370.078 -0.404
369.976 -0.405
369.876 -0.406
369.776 -0.407
369.677 -0.408
369.578 -0.409
369.481 -0.41
369.384 -0.411
369.288 -0.412
369.192 -0.413
369.098 -0.414
369.004 -0.415
368.911 -0.416
368.818 -0.417
368.726 -0.418
368.635 -0.419
368.544 -0.42
368.454 -0.421
368.365 -0.422
368.277 -0.423
368.189 -0.424
368.101 -0.425
368.014 -0.426
367.928 -0.427
367.843 -0.428
367.759 -0.429
367.675 -0.43
367.591 -0.431
367.508 -0.432
367.425 -0.433
367.344 -0.434
367.263 -0.435
367.183 -0.436
367.104 -0.437
367.025 -0.438
366.947 -0.439
366.869 -0.44
366.793 -0.441
366.718 -0.442
366.644 -0.443
366.57 -0.444
366.497 -0.445
366.424 -0.446
366.353 -0.447
366.282 -0.448
366.212 -0.449
366.144 -0.45
366.076 -0.451
366.009 -0.452
365.943 -0.453
365.877 -0.454
365.812 -0.455
365.748 -0.456
365.685 -0.457
365.624 -0.458
365.563 -0.459
365.503 -0.46
365.445 -0.461
365.387 -0.462
365.331 -0.463
365.277 -0.464
365.224 -0.465
365.172 -0.466
365.121 -0.467
365.072 -0.468
365.024 -0.469
364.978 -0.47
364.933 -0.471
364.889 -0.472
364.846 -0.473
364.805 -0.474
364.764 -0.475
364.725 -0.476
364.686 -0.477
364.647 -0.478
364.61 -0.479
364.574 -0.48
364.538 -0.481
364.502 -0.482
364.468 -0.483
364.435 -0.484
364.402 -0.485
364.37 -0.486
364.339 -0.487
364.309 -0.488
364.28 -0.489
364.252 -0.49
364.224 -0.491
364.198 -0.492
364.172 -0.493
364.148 -0.494
364.124 -0.495
364.101 -0.496
364.078 -0.497
364.057 -0.498
364.037 -0.499
364.018 -0.5
364.001 -0.501
363.985 -0.502
363.97 -0.503
363.956 -0.504
363.943 -0.505
363.932 -0.506
363.922 -0.507
363.913 -0.508
363.906 -0.509
363.9 -0.51
363.895 -0.511
363.892 -0.512
363.889 -0.513
363.889 -0.514
363.889 -0.515
363.891 -0.516
363.894 -0.517
363.899 -0.518
363.905 -0.519
363.912 -0.52
363.921 -0.521
363.931 -0.522
363.943 -0.523
363.956 -0.524
363.97 -0.525
363.986 -0.526
364.003 -0.527
364.022 -0.528
364.042 -0.529
364.064 -0.53
364.087 -0.531
364.112 -0.532
364.138 -0.533
364.165 -0.534
364.195 -0.535
364.225 -0.536
364.258 -0.537
364.292 -0.538
364.327 -0.539
364.364 -0.54
364.403 -0.541
364.443 -0.542
364.485 -0.543
364.528 -0.544
364.573 -0.545
364.62 -0.546
364.668 -0.547
364.718 -0.548
364.769 -0.549
364.822 -0.55
364.877 -0.551
364.933 -0.552
364.992 -0.553
365.051 -0.554
365.113 -0.555
365.176 -0.556
365.238 -0.557
365.299 -0.558
365.355 -0.559
365.406 -0.56
365.454 -0.561
365.503 -0.562
365.554 -0.563
365.607 -0.564
365.661 -0.565
365.716 -0.566
365.773 -0.567
365.832 -0.568
365.892 -0.569
365.954 -0.57
366.017 -0.571
366.082 -0.572
366.148 -0.573
366.216 -0.574
366.286 -0.575
366.357 -0.576
366.43 -0.577
366.505 -0.578
366.581 -0.579
366.658 -0.58
366.738 -0.581
366.819 -0.582
366.901 -0.583
366.986 -0.584
367.071 -0.585
367.159 -0.586
367.248 -0.587
367.339 -0.588
367.431 -0.589
367.525 -0.59
367.621 -0.591
367.718 -0.592
367.816 -0.593
367.914 -0.594
368.01 -0.595
368.106 -0.596
368.203 -0.597
368.3 -0.598
368.397 -0.599
368.494 -0.6
368.593 -0.601
368.694 -0.602
368.796 -0.603
368.899 -0.604
369.005 -0.605
369.111 -0.606
369.219 -0.607
369.329 -0.608
369.441 -0.609
369.554 -0.61
369.669 -0.611
369.786 -0.612
369.904 -0.613
370.024 -0.614
370.146 -0.615
370.269 -0.616
370.394 -0.617
370.52 -0.618
370.649 -0.619
370.779 -0.62
370.912 -0.621
371.046 -0.622
371.181 -0.623
371.319 -0.624
371.458 -0.625
371.599 -0.626
371.743 -0.627
371.888 -0.628
372.035 -0.629
372.183 -0.63
372.334 -0.631
372.487 -0.632
372.641 -0.633
372.797 -0.634
372.955 -0.635
373.115 -0.636
373.277 -0.637
373.441 -0.638
373.606 -0.639
373.774 -0.64
373.944 -0.641
374.112 -0.642
374.28 -0.643
374.446 -0.644
374.611 -0.645
374.775 -0.646
374.939 -0.647
375.102 -0.648
375.265 -0.649
375.429 -0.65
375.596 -0.651
375.764 -0.652
375.935 -0.653
376.107 -0.654
376.282 -0.655
376.458 -0.656
376.637 -0.657
376.817 -0.658
377 -0.659
377.184 -0.66
377.371 -0.661
377.559 -0.662
377.75 -0.663
377.943 -0.664
378.137 -0.665
378.334 -0.666
378.533 -0.667
378.733 -0.668
378.936 -0.669
379.141 -0.67
379.348 -0.671
379.556 -0.672
379.765 -0.673
379.975 -0.674
380.186 -0.675
380.398 -0.676
380.611 -0.677
380.825 -0.678
381.04 -0.679
381.257 -0.68
381.475 -0.681
381.694 -0.682
381.915 -0.683
382.137 -0.684
382.362 -0.685
382.588 -0.686
382.817 -0.687
383.048 -0.688
383.281 -0.689
383.516 -0.69
383.753 -0.691
383.992 -0.692
384.233 -0.693
384.477 -0.694
384.722 -0.695
384.969 -0.696
385.218 -0.697
385.47 -0.698
385.724 -0.699
385.98 -0.7
386.238 -0.701
386.498 -0.702
386.759 -0.703
387.023 -0.704
387.29 -0.705
387.558 -0.706
387.829 -0.707
388.102 -0.708
388.376 -0.709
388.653 -0.71
388.932 -0.711
389.214 -0.712
389.497 -0.713
389.783 -0.714
390.071 -0.715
390.36 -0.716
390.652 -0.717
390.946 -0.718
391.243 -0.719
391.541 -0.72
391.843 -0.721
392.146 -0.722
392.449 -0.723
392.753 -0.724
393.061 -0.725
393.369 -0.726
393.678 -0.727
393.99 -0.728
394.303 -0.729
394.618 -0.73
394.933 -0.731
395.25 -0.732
395.57 -0.733
395.89 -0.734
396.212 -0.735
396.535 -0.736
396.862 -0.737
397.189 -0.738
397.517 -0.739
397.847 -0.74
398.179 -0.741
398.513 -0.742
398.848 -0.743
399.184 -0.744
399.522 -0.745
399.863 -0.746
400.206 -0.747
400.552 -0.748
400.9 -0.749
401.25 -0.75
401.603 -0.751
401.958 -0.752
402.314 -0.753
402.674 -0.754
403.036 -0.755
403.4 -0.756
403.766 -0.757
404.135 -0.758
404.506 -0.759
404.879 -0.76
405.255 -0.761
405.633 -0.762
406.013 -0.763
406.395 -0.764
406.779 -0.765
407.166 -0.766
407.555 -0.767
407.946 -0.768
408.34 -0.769
408.737 -0.77
409.136 -0.771
409.537 -0.772
409.94 -0.773
410.346 -0.774
410.753 -0.775
411.164 -0.776
411.577 -0.777
411.992 -0.778
412.41 -0.779
412.83 -0.78
413.253 -0.781
413.678 -0.782
414.104 -0.783
414.532 -0.784
414.962 -0.785
415.394 -0.786
415.827 -0.787
416.261 -0.788
416.698 -0.789
417.137 -0.79
417.579 -0.791
418.023 -0.792
418.468 -0.793
418.915 -0.794
419.365 -0.795
419.817 -0.796
420.271 -0.797
420.726 -0.798
421.183 -0.799
421.642 -0.8
422.104 -0.801
422.569 -0.802
423.036 -0.803
423.505 -0.804
423.975 -0.805
424.447 -0.806
424.922 -0.807
425.4 -0.808
425.88 -0.809
426.361 -0.81
426.843 -0.811
427.327 -0.812
427.814 -0.813
428.303 -0.814
428.795 -0.815
429.289 -0.816
429.785 -0.817
430.282 -0.818
430.782 -0.819
431.285 -0.82
431.79 -0.821
432.297 -0.822
432.807 -0.823
433.318 -0.824
433.832 -0.825
434.349 -0.826
434.868 -0.827
435.39 -0.828
435.914 -0.829
436.439 -0.83
436.967 -0.831
437.497 -0.832
438.03 -0.833
438.566 -0.834
439.104 -0.835
439.644 -0.836
440.186 -0.837
440.73 -0.838
441.276 -0.839
441.825 -0.84
442.376 -0.841
442.929 -0.842
443.484 -0.843
444.042 -0.844
444.602 -0.845
445.164 -0.846
445.728 -0.847
446.295 -0.848
446.863 -0.849
447.434 -0.85
448.007 -0.851
448.583 -0.852
449.161 -0.853
449.742 -0.854
450.325 -0.855
450.909 -0.856
451.496 -0.857
452.086 -0.858
452.678 -0.859
453.272 -0.86
453.869 -0.861
454.47 -0.862
455.071 -0.863
455.675 -0.864
456.281 -0.865
456.891 -0.866
457.502 -0.867
458.117 -0.868
458.733 -0.869
459.352 -0.87
459.973 -0.871
460.595 -0.872
461.22 -0.873
461.846 -0.874
462.475 -0.875
463.107 -0.876
463.741 -0.877
464.377 -0.878
465.017 -0.879
465.658 -0.88
466.302 -0.881
466.949 -0.882
467.599 -0.883
468.251 -0.884
468.905 -0.885
469.561 -0.886
470.22 -0.887
470.881 -0.888
471.544 -0.889
472.209 -0.89
472.876 -0.891
473.546 -0.892
474.218 -0.893
474.892 -0.894
475.569 -0.895
476.248 -0.896
476.929 -0.897
477.613 -0.898
478.299 -0.899
478.987 -0.9
