7.21916 -0.001
14.419 -0.002
21.5993 -0.003
28.7598 -0.004
35.9001 -0.005
43.0199 -0.006
50.1189 -0.007
57.1968 -0.008
64.2532 -0.009
71.2878 -0.01
78.3002 -0.011
85.29 -0.012
92.2568 -0.013
99.2001 -0.014
106.12 -0.015
113.015 -0.016
119.885 -0.017
126.731 -0.018
133.55 -0.019
140.343 -0.02
147.109 -0.021
153.848 -0.022
160.559 -0.023
167.241 -0.024
173.893 -0.025
180.515 -0.026
187.106 -0.027
193.666 -0.028
200.193 -0.029
206.686 -0.03
213.145 -0.031
219.568 -0.032
225.954 -0.033
232.227 -0.034
237.967 -0.035
242.971 -0.036
247.086 -0.037
250.304 -0.038
252.223 -0.039
253.281 -0.04
254.281 -0.041
255.254 -0.042
256.203 -0.043
257.126 -0.044
258.025 -0.045
258.903 -0.046
259.762 -0.047
260.61 -0.048
261.444 -0.049
262.261 -0.05
263.064 -0.051
263.858 -0.052
264.643 -0.053
265.418 -0.054
266.186 -0.055
266.948 -0.056
267.703 -0.057
268.454 -0.058
269.201 -0.059
269.944 -0.06
270.683 -0.061
271.414 -0.062
272.132 -0.063
272.818 -0.064
273.467 -0.065
274.074 -0.066
274.617 -0.067
275.096 -0.068
275.531 -0.069
275.859 -0.07
276.081 -0.071
276.241 -0.072
276.398 -0.073
276.552 -0.074
276.702 -0.075
276.847 -0.076
276.988 -0.077
277.127 -0.078
277.261 -0.079
277.392 -0.08
277.52 -0.081
277.645 -0.082
277.767 -0.083
277.885 -0.084
278.001 -0.085
278.115 -0.086
278.226 -0.087
278.335 -0.088
278.441 -0.089
278.543 -0.09
278.644 -0.091
278.741 -0.092
278.836 -0.093
278.93 -0.094
279.02 -0.095
279.11 -0.096
279.198 -0.097
279.285 -0.098
279.37 -0.099
279.454 -0.1
279.537 -0.101
279.618 -0.102
279.699 -0.103
279.779 -0.104
279.858 -0.105
279.936 -0.106
280.014 -0.107
280.091 -0.108
280.167 -0.109
280.242 -0.11
280.317 -0.111
280.39 -0.112
280.464 -0.113
280.537 -0.114
280.61 -0.115
280.682 -0.116
280.753 -0.117
280.823 -0.118
280.894 -0.119
280.964 -0.12
281.033 -0.121
281.102 -0.122
281.17 -0.123
281.237 -0.124
281.304 -0.125
281.371 -0.126
281.437 -0.127
281.503 -0.128
281.568 -0.129
281.633 -0.13
281.697 -0.131
281.761 -0.132
281.824 -0.133
281.887 -0.134
281.95 -0.135
282.013 -0.136
282.075 -0.137
282.137 -0.138
282.198 -0.139
282.259 -0.14
282.32 -0.141
282.38 -0.142
282.441 -0.143
282.501 -0.144
282.561 -0.145
282.621 -0.146
282.68 -0.147
282.74 -0.148
282.799 -0.149
282.858 -0.15
282.916 -0.151
282.975 -0.152
283.034 -0.153
283.093 -0.154
283.152 -0.155
283.21 -0.156
283.268 -0.157
283.325 -0.158
283.383 -0.159
283.44 -0.16
283.497 -0.161
283.554 -0.162
283.611 -0.163
283.668 -0.164
283.725 -0.165
283.781 -0.166
283.837 -0.167
283.893 -0.168
283.949 -0.169
284.005 -0.17
284.06 -0.171
284.115 -0.172
284.171 -0.173
284.226 -0.174
284.281 -0.175
284.336 -0.176
284.391 -0.177
284.446 -0.178
284.5 -0.179
284.554 -0.18
284.607 -0.181
284.661 -0.182
284.715 -0.183
284.769 -0.184
284.823 -0.185
284.876 -0.186
284.928 -0.187
284.981 -0.188
285.034 -0.189
285.087 -0.19
285.139 -0.191
285.192 -0.192
285.244 -0.193
285.295 -0.194
285.347 -0.195
285.399 -0.196
285.451 -0.197
285.502 -0.198
285.554 -0.199
285.604 -0.2
285.655 -0.201
285.706 -0.202
285.757 -0.203
285.808 -0.204
285.859 -0.205
285.91 -0.206
285.961 -0.207
286.011 -0.208
286.062 -0.209
286.113 -0.21
286.164 -0.211
286.215 -0.212
286.266 -0.213
286.317 -0.214
286.368 -0.215
286.419 -0.216
286.469 -0.217
286.52 -0.218
286.571 -0.219
286.622 -0.22
286.673 -0.221
286.723 -0.222
286.774 -0.223
286.824 -0.224
286.874 -0.225
286.925 -0.226
286.975 -0.227
287.026 -0.228
287.076 -0.229
287.127 -0.23
287.177 -0.231
287.227 -0.232
287.278 -0.233
287.328 -0.234
287.379 -0.235
287.429 -0.236
287.479 -0.237
287.529 -0.238
287.579 -0.239
287.629 -0.24
287.679 -0.241
287.729 -0.242
287.779 -0.243
287.829 -0.244
287.879 -0.245
287.929 -0.246
287.979 -0.247
288.029 -0.248
288.079 -0.249
288.129 -0.25
288.179 -0.251
288.228 -0.252
288.278 -0.253
288.327 -0.254
288.377 -0.255
288.427 -0.256
288.476 -0.257
288.526 -0.258
288.576 -0.259
288.626 -0.26
288.675 -0.261
288.725 -0.262
288.775 -0.263
288.824 -0.264
288.874 -0.265
288.923 -0.266
288.972 -0.267
289.021 -0.268
289.071 -0.269
289.12 -0.27
289.169 -0.271
289.218 -0.272
289.268 -0.273
289.317 -0.274
289.366 -0.275
289.415 -0.276
289.465 -0.277
289.514 -0.278
289.563 -0.279
289.613 -0.28
289.662 -0.281
289.711 -0.282
289.761 -0.283
289.81 -0.284
289.859 -0.285
289.909 -0.286
289.958 -0.287
290.007 -0.288
290.057 -0.289
290.106 -0.29
290.156 -0.291
290.205 -0.292
290.255 -0.293
290.304 -0.294
290.354 -0.295
290.403 -0.296
290.452 -0.297
290.502 -0.298
290.551 -0.299
290.601 -0.3
290.651 -0.301
290.7 -0.302
290.75 -0.303
290.799 -0.304
290.849 -0.305
290.898 -0.306
290.948 -0.307
290.998 -0.308
291.047 -0.309
291.097 -0.31
291.147 -0.311
291.196 -0.312
291.246 -0.313
291.296 -0.314
291.345 -0.315
291.395 -0.316
291.445 -0.317
291.494 -0.318
291.544 -0.319
291.594 -0.32
291.644 -0.321
291.693 -0.322
291.743 -0.323
291.793 -0.324
291.843 -0.325
291.893 -0.326
291.943 -0.327
291.992 -0.328
292.042 -0.329
292.092 -0.33
292.142 -0.331
292.192 -0.332
292.242 -0.333
292.292 -0.334
292.342 -0.335
292.392 -0.336
292.442 -0.337
292.492 -0.338
292.542 -0.339
292.592 -0.34
292.642 -0.341
292.692 -0.342
292.742 -0.343
292.793 -0.344
292.843 -0.345
292.893 -0.346
292.943 -0.347
292.993 -0.348
293.043 -0.349
293.094 -0.35
293.144 -0.351
293.194 -0.352
293.244 -0.353
293.295 -0.354
293.345 -0.355
293.395 -0.356
293.446 -0.357
293.496 -0.358
293.546 -0.359
293.597 -0.36
293.647 -0.361
293.697 -0.362
293.748 -0.363
293.798 -0.364
293.849 -0.365
293.899 -0.366
293.95 -0.367
294 -0.368
294.051 -0.369
294.101 -0.37
294.152 -0.371
294.203 -0.372
294.253 -0.373
294.304 -0.374
294.354 -0.375
294.405 -0.376
294.456 -0.377
294.506 -0.378
294.557 -0.379
294.608 -0.38
294.659 -0.381
294.709 -0.382
294.76 -0.383
294.811 -0.384
294.862 -0.385
294.913 -0.386
294.963 -0.387
295.014 -0.388
295.065 -0.389
295.116 -0.39
295.167 -0.391
295.218 -0.392
295.269 -0.393
295.32 -0.394
295.371 -0.395
295.422 -0.396
295.473 -0.397
295.524 -0.398
295.575 -0.399
295.626 -0.4
295.677 -0.401
295.728 -0.402
295.779 -0.403
295.831 -0.404
295.882 -0.405
295.933 -0.406
295.984 -0.407
296.035 -0.408
296.086 -0.409
296.138 -0.41
296.189 -0.411
296.24 -0.412
296.291 -0.413
296.343 -0.414
296.394 -0.415
296.445 -0.416
296.497 -0.417
296.548 -0.418
296.599 -0.419
296.651 -0.42
296.702 -0.421
296.754 -0.422
296.805 -0.423
296.856 -0.424
296.908 -0.425
296.959 -0.426
297.011 -0.427
297.062 -0.428
297.114 -0.429
297.166 -0.43
297.217 -0.431
297.269 -0.432
297.32 -0.433
297.372 -0.434
297.424 -0.435
297.475 -0.436
297.527 -0.437
297.578 -0.438
297.63 -0.439
297.682 -0.44
297.733 -0.441
297.785 -0.442
297.837 -0.443
297.888 -0.444
297.94 -0.445
297.992 -0.446
298.043 -0.447
298.095 -0.448
298.147 -0.449
298.199 -0.45
298.25 -0.451
298.302 -0.452
298.354 -0.453
298.406 -0.454
298.457 -0.455
298.509 -0.456
298.561 -0.457
298.612 -0.458
298.663 -0.459
298.715 -0.46
298.766 -0.461
298.818 -0.462
298.869 -0.463
298.921 -0.464
298.972 -0.465
299.024 -0.466
299.075 -0.467
299.127 -0.468
299.178 -0.469
299.23 -0.47
299.281 -0.471
299.332 -0.472
299.383 -0.473
299.434 -0.474
299.485 -0.475
299.536 -0.476
299.587 -0.477
299.638 -0.478
299.688 -0.479
299.739 -0.48
299.79 -0.481
299.84 -0.482
299.891 -0.483
299.941 -0.484
299.99 -0.485
300.04 -0.486
300.088 -0.487
300.133 -0.488
300.169 -0.489
300.193 -0.49
300.199 -0.491
300.189 -0.492
300.168 -0.493
300.144 -0.494
300.13 -0.495
300.123 -0.496
300.144 -0.497
300.189 -0.498
300.247 -0.499
300.316 -0.5
300.385 -0.501
300.46 -0.502
300.531 -0.503
300.599 -0.504
300.667 -0.505
300.735 -0.506
300.803 -0.507
300.871 -0.508
300.937 -0.509
300.996 -0.51
301.055 -0.511
301.111 -0.512
301.161 -0.513
301.212 -0.514
301.262 -0.515
301.312 -0.516
301.363 -0.517
301.413 -0.518
301.464 -0.519
301.514 -0.52
301.565 -0.521
301.615 -0.522
301.666 -0.523
301.716 -0.524
301.767 -0.525
301.817 -0.526
301.868 -0.527
301.919 -0.528
301.969 -0.529
302.02 -0.53
302.071 -0.531
302.122 -0.532
302.172 -0.533
302.223 -0.534
302.274 -0.535
302.325 -0.536
302.376 -0.537
302.427 -0.538
302.478 -0.539
302.529 -0.54
302.58 -0.541
302.63 -0.542
302.68 -0.543
302.729 -0.544
302.778 -0.545
302.827 -0.546
302.876 -0.547
302.925 -0.548
302.974 -0.549
303.023 -0.55
303.072 -0.551
303.12 -0.552
303.169 -0.553
303.217 -0.554
303.265 -0.555
303.313 -0.556
303.361 -0.557
303.409 -0.558
303.456 -0.559
303.503 -0.56
303.549 -0.561
303.595 -0.562
303.64 -0.563
303.684 -0.564
303.726 -0.565
303.767 -0.566
303.809 -0.567
303.852 -0.568
303.892 -0.569
303.928 -0.57
303.96 -0.571
303.984 -0.572
304.001 -0.573
304.007 -0.574
304 -0.575
303.981 -0.576
303.961 -0.577
303.942 -0.578
303.922 -0.579
303.903 -0.58
303.884 -0.581
303.88 -0.582
303.904 -0.583
303.948 -0.584
304.01 -0.585
304.089 -0.586
304.18 -0.587
304.275 -0.588
304.366 -0.589
304.446 -0.59
304.515 -0.591
304.583 -0.592
304.649 -0.593
304.716 -0.594
304.784 -0.595
304.853 -0.596
304.921 -0.597
304.989 -0.598
305.057 -0.599
305.123 -0.6
305.188 -0.601
305.252 -0.602
305.315 -0.603
305.376 -0.604
305.436 -0.605
305.492 -0.606
305.545 -0.607
305.597 -0.608
305.648 -0.609
305.699 -0.61
305.75 -0.611
305.8 -0.612
305.849 -0.613
305.896 -0.614
305.94 -0.615
305.98 -0.616
306.014 -0.617
306.042 -0.618
306.065 -0.619
306.082 -0.62
306.094 -0.621
306.103 -0.622
306.115 -0.623
306.131 -0.624
306.168 -0.625
306.219 -0.626
306.274 -0.627
306.338 -0.628
306.398 -0.629
306.457 -0.63
306.521 -0.631
306.587 -0.632
306.653 -0.633
306.719 -0.634
306.788 -0.635
306.857 -0.636
306.924 -0.637
306.986 -0.638
307.045 -0.639
307.101 -0.64
307.154 -0.641
307.208 -0.642
307.262 -0.643
307.316 -0.644
307.37 -0.645
307.424 -0.646
307.478 -0.647
307.532 -0.648
307.586 -0.649
307.64 -0.65
307.695 -0.651
307.749 -0.652
307.804 -0.653
307.858 -0.654
307.913 -0.655
307.968 -0.656
308.023 -0.657
308.077 -0.658
308.132 -0.659
308.187 -0.66
308.241 -0.661
308.296 -0.662
308.35 -0.663
308.405 -0.664
308.46 -0.665
308.514 -0.666
308.569 -0.667
308.624 -0.668
308.679 -0.669
308.733 -0.67
308.788 -0.671
308.843 -0.672
308.898 -0.673
308.953 -0.674
309.007 -0.675
309.062 -0.676
309.117 -0.677
309.172 -0.678
309.227 -0.679
309.282 -0.68
309.337 -0.681
309.392 -0.682
309.447 -0.683
309.502 -0.684
309.557 -0.685
309.613 -0.686
309.668 -0.687
309.723 -0.688
309.778 -0.689
309.833 -0.69
309.889 -0.691
309.944 -0.692
309.999 -0.693
310.054 -0.694
310.11 -0.695
310.165 -0.696
310.22 -0.697
310.276 -0.698
310.331 -0.699
310.386 -0.7
310.441 -0.701
310.496 -0.702
310.551 -0.703
310.606 -0.704
310.661 -0.705
310.716 -0.706
310.771 -0.707
310.826 -0.708
310.881 -0.709
310.937 -0.71
310.992 -0.711
311.047 -0.712
311.102 -0.713
311.157 -0.714
311.212 -0.715
311.267 -0.716
311.321 -0.717
311.376 -0.718
311.431 -0.719
311.486 -0.72
311.541 -0.721
311.596 -0.722
311.651 -0.723
311.705 -0.724
311.76 -0.725
311.815 -0.726
311.87 -0.727
311.925 -0.728
311.98 -0.729
312.036 -0.73
312.091 -0.731
312.145 -0.732
312.199 -0.733
312.253 -0.734
312.308 -0.735
312.362 -0.736
312.415 -0.737
312.469 -0.738
312.523 -0.739
312.577 -0.74
312.631 -0.741
312.684 -0.742
312.738 -0.743
312.791 -0.744
312.845 -0.745
312.898 -0.746
312.951 -0.747
313.004 -0.748
313.056 -0.749
313.109 -0.75
313.161 -0.751
313.212 -0.752
313.263 -0.753
313.313 -0.754
313.363 -0.755
313.413 -0.756
313.462 -0.757
313.511 -0.758
313.56 -0.759
313.61 -0.76
313.661 -0.761
313.712 -0.762
313.763 -0.763
313.814 -0.764
313.865 -0.765
313.915 -0.766
313.967 -0.767
314.018 -0.768
314.07 -0.769
314.123 -0.77
314.175 -0.771
314.227 -0.772
314.28 -0.773
314.33 -0.774
314.376 -0.775
314.423 -0.776
314.471 -0.777
314.519 -0.778
314.566 -0.779
314.614 -0.78
314.663 -0.781
314.715 -0.782
314.766 -0.783
314.817 -0.784
314.868 -0.785
314.918 -0.786
314.967 -0.787
315.017 -0.788
315.063 -0.789
315.113 -0.79
315.167 -0.791
315.221 -0.792
315.277 -0.793
315.334 -0.794
315.39 -0.795
315.447 -0.796
315.503 -0.797
315.562 -0.798
315.62 -0.799
315.679 -0.8
315.737 -0.801
315.795 -0.802
315.854 -0.803
315.912 -0.804
315.97 -0.805
316.019 -0.806
316.06 -0.807
316.096 -0.808
316.132 -0.809
316.168 -0.81
316.203 -0.811
316.237 -0.812
316.272 -0.813
316.308 -0.814
316.343 -0.815
316.378 -0.816
316.413 -0.817
316.449 -0.818
316.485 -0.819
316.52 -0.82
316.56 -0.821
316.613 -0.822
316.668 -0.823
316.723 -0.824
316.778 -0.825
316.834 -0.826
316.89 -0.827
316.946 -0.828
317.002 -0.829
317.059 -0.83
317.116 -0.831
317.174 -0.832
317.233 -0.833
317.291 -0.834
317.351 -0.835
317.411 -0.836
317.47 -0.837
317.529 -0.838
317.589 -0.839
317.648 -0.84
317.706 -0.841
317.764 -0.842
317.822 -0.843
317.878 -0.844
317.933 -0.845
317.989 -0.846
318.048 -0.847
318.106 -0.848
318.164 -0.849
318.221 -0.85
318.279 -0.851
318.338 -0.852
318.396 -0.853
318.459 -0.854
318.525 -0.855
318.59 -0.856
318.654 -0.857
318.717 -0.858
318.781 -0.859
318.844 -0.86
318.906 -0.861
318.969 -0.862
319.032 -0.863
319.094 -0.864
319.157 -0.865
319.219 -0.866
319.281 -0.867
319.343 -0.868
319.405 -0.869
319.467 -0.87
319.528 -0.871
319.59 -0.872
319.653 -0.873
319.716 -0.874
319.778 -0.875
319.84 -0.876
319.901 -0.877
319.965 -0.878
320.03 -0.879
320.095 -0.88
320.16 -0.881
320.225 -0.882
320.29 -0.883
320.355 -0.884
320.421 -0.885
320.486 -0.886
320.551 -0.887
320.616 -0.888
320.681 -0.889
320.746 -0.89
320.81 -0.891
320.875 -0.892
320.94 -0.893
321.005 -0.894
321.068 -0.895
321.132 -0.896
321.195 -0.897
321.258 -0.898
321.322 -0.899
321.385 -0.9
