18.8159 -0.001
37.6131 -0.002
56.3917 -0.003
75.1516 -0.004
93.8925 -0.005
112.614 -0.006
131.317 -0.007
150.001 -0.008
168.665 -0.009
187.309 -0.01
205.934 -0.011
224.54 -0.012
243.125 -0.013
261.691 -0.014
280.236 -0.015
298.761 -0.016
317.266 -0.017
335.75 -0.018
354.213 -0.019
372.656 -0.02
391.077 -0.021
409.478 -0.022
427.857 -0.023
446.215 -0.024
464.551 -0.025
482.866 -0.026
501.159 -0.027
519.429 -0.028
537.678 -0.029
555.904 -0.03
574.107 -0.031
592.219 -0.032
609.456 -0.033
624.427 -0.034
638.081 -0.035
651.694 -0.036
665.288 -0.037
678.748 -0.038
691.56 -0.039
703.202 -0.04
713.166 -0.041
720.621 -0.042
727.496 -0.043
734.128 -0.044
740.506 -0.045
746.539 -0.046
752.189 -0.047
757.309 -0.048
761.543 -0.049
765.393 -0.05
769.198 -0.051
772.962 -0.052
776.677 -0.053
780.34 -0.054
783.95 -0.055
787.506 -0.056
791.029 -0.057
794.516 -0.058
797.973 -0.059
801.41 -0.06
804.818 -0.061
808.214 -0.062
811.593 -0.063
814.931 -0.064
818.207 -0.065
821.36 -0.066
824.382 -0.067
827.129 -0.068
829.672 -0.069
831.893 -0.07
833.803 -0.071
835.141 -0.072
836.04 -0.073
836.855 -0.074
837.635 -0.075
838.395 -0.076
839.136 -0.077
839.86 -0.078
840.571 -0.079
841.273 -0.08
841.963 -0.081
842.641 -0.082
843.303 -0.083
843.949 -0.084
844.576 -0.085
845.192 -0.086
845.787 -0.087
846.37 -0.088
846.935 -0.089
847.488 -0.09
848.021 -0.091
848.537 -0.092
849.04 -0.093
849.522 -0.094
849.994 -0.095
850.448 -0.096
850.895 -0.097
851.33 -0.098
851.751 -0.099
852.168 -0.1
852.577 -0.101
852.979 -0.102
853.378 -0.103
853.773 -0.104
854.158 -0.105
854.541 -0.106
854.923 -0.107
855.302 -0.108
855.675 -0.109
856.046 -0.11
856.414 -0.111
856.781 -0.112
857.146 -0.113
857.509 -0.114
857.871 -0.115
858.229 -0.116
858.585 -0.117
858.938 -0.118
859.289 -0.119
859.639 -0.12
859.986 -0.121
860.331 -0.122
860.674 -0.123
861.012 -0.124
861.345 -0.125
861.675 -0.126
862.002 -0.127
862.328 -0.128
862.651 -0.129
862.97 -0.13
863.287 -0.131
863.601 -0.132
863.91 -0.133
864.217 -0.134
864.521 -0.135
864.819 -0.136
865.113 -0.137
865.406 -0.138
865.697 -0.139
865.986 -0.14
866.271 -0.141
866.553 -0.142
866.829 -0.143
867.101 -0.144
867.371 -0.145
867.641 -0.146
867.908 -0.147
868.174 -0.148
868.439 -0.149
868.701 -0.15
868.959 -0.151
869.211 -0.152
869.457 -0.153
869.702 -0.154
869.946 -0.155
870.189 -0.156
870.431 -0.157
870.672 -0.158
870.912 -0.159
871.151 -0.16
871.389 -0.161
871.623 -0.162
871.853 -0.163
872.079 -0.164
872.302 -0.165
872.525 -0.166
872.747 -0.167
872.968 -0.168
873.189 -0.169
873.408 -0.17
873.626 -0.171
873.843 -0.172
874.059 -0.173
874.274 -0.174
874.487 -0.175
874.698 -0.176
874.908 -0.177
875.115 -0.178
875.321 -0.179
875.526 -0.18
875.73 -0.181
875.932 -0.182
876.134 -0.183
876.336 -0.184
876.536 -0.185
876.735 -0.186
876.933 -0.187
877.129 -0.188
877.325 -0.189
877.519 -0.19
877.712 -0.191
877.904 -0.192
878.096 -0.193
878.286 -0.194
878.476 -0.195
878.665 -0.196
878.853 -0.197
879.039 -0.198
879.225 -0.199
879.41 -0.2
879.594 -0.201
879.777 -0.202
879.959 -0.203
880.14 -0.204
880.321 -0.205
880.502 -0.206
880.682 -0.207
880.862 -0.208
881.041 -0.209
881.219 -0.21
881.397 -0.211
881.574 -0.212
881.751 -0.213
881.926 -0.214
882.101 -0.215
882.276 -0.216
882.449 -0.217
882.622 -0.218
882.794 -0.219
882.966 -0.22
883.137 -0.221
883.307 -0.222
883.478 -0.223
883.647 -0.224
883.817 -0.225
883.986 -0.226
884.155 -0.227
884.324 -0.228
884.493 -0.229
884.66 -0.23
884.827 -0.231
884.994 -0.232
885.16 -0.233
885.325 -0.234
885.49 -0.235
885.653 -0.236
885.816 -0.237
885.979 -0.238
886.141 -0.239
886.303 -0.24
886.463 -0.241
886.624 -0.242
886.784 -0.243
886.944 -0.244
887.103 -0.245
887.262 -0.246
887.421 -0.247
887.579 -0.248
887.738 -0.249
887.895 -0.25
888.053 -0.251
888.21 -0.252
888.367 -0.253
888.524 -0.254
888.68 -0.255
888.836 -0.256
888.992 -0.257
889.147 -0.258
889.303 -0.259
889.458 -0.26
889.612 -0.261
889.767 -0.262
889.92 -0.263
890.074 -0.264
890.227 -0.265
890.38 -0.266
890.533 -0.267
890.685 -0.268
890.837 -0.269
890.988 -0.27
891.139 -0.271
891.29 -0.272
891.441 -0.273
891.591 -0.274
891.74 -0.275
891.889 -0.276
892.038 -0.277
892.187 -0.278
892.335 -0.279
892.483 -0.28
892.63 -0.281
892.778 -0.282
892.925 -0.283
893.071 -0.284
893.218 -0.285
893.364 -0.286
893.509 -0.287
893.655 -0.288
893.8 -0.289
893.945 -0.29
894.09 -0.291
894.234 -0.292
894.378 -0.293
894.522 -0.294
894.666 -0.295
894.809 -0.296
894.952 -0.297
895.095 -0.298
895.237 -0.299
895.379 -0.3
895.521 -0.301
895.663 -0.302
895.805 -0.303
895.946 -0.304
896.087 -0.305
896.228 -0.306
896.369 -0.307
896.51 -0.308
896.651 -0.309
896.791 -0.31
896.932 -0.311
897.073 -0.312
897.213 -0.313
897.354 -0.314
897.494 -0.315
897.634 -0.316
897.774 -0.317
897.914 -0.318
898.054 -0.319
898.193 -0.32
898.333 -0.321
898.472 -0.322
898.611 -0.323
898.75 -0.324
898.889 -0.325
899.028 -0.326
899.167 -0.327
899.306 -0.328
899.444 -0.329
899.582 -0.33
899.72 -0.331
899.858 -0.332
899.996 -0.333
900.134 -0.334
900.272 -0.335
900.409 -0.336
900.546 -0.337
900.683 -0.338
900.82 -0.339
900.957 -0.34
901.094 -0.341
901.23 -0.342
901.367 -0.343
901.503 -0.344
901.64 -0.345
901.777 -0.346
901.914 -0.347
902.05 -0.348
902.186 -0.349
902.323 -0.35
902.459 -0.351
902.595 -0.352
902.731 -0.353
902.868 -0.354
903.004 -0.355
903.14 -0.356
903.276 -0.357
903.412 -0.358
903.547 -0.359
903.683 -0.36
903.819 -0.361
903.954 -0.362
904.09 -0.363
904.225 -0.364
904.36 -0.365
904.496 -0.366
904.631 -0.367
904.767 -0.368
904.902 -0.369
905.037 -0.37
905.172 -0.371
905.308 -0.372
905.442 -0.373
905.577 -0.374
905.712 -0.375
905.846 -0.376
905.981 -0.377
906.115 -0.378
906.249 -0.379
906.383 -0.38
906.517 -0.381
906.651 -0.382
906.785 -0.383
906.918 -0.384
907.052 -0.385
907.186 -0.386
907.319 -0.387
907.452 -0.388
907.586 -0.389
907.719 -0.39
907.852 -0.391
907.985 -0.392
908.118 -0.393
908.251 -0.394
908.384 -0.395
908.516 -0.396
908.649 -0.397
908.781 -0.398
908.914 -0.399
909.047 -0.4
909.179 -0.401
909.311 -0.402
909.444 -0.403
909.576 -0.404
909.709 -0.405
909.841 -0.406
909.973 -0.407
910.105 -0.408
910.238 -0.409
910.37 -0.41
910.502 -0.411
910.634 -0.412
910.766 -0.413
910.898 -0.414
911.031 -0.415
911.163 -0.416
911.295 -0.417
911.427 -0.418
911.559 -0.419
911.691 -0.42
911.823 -0.421
911.954 -0.422
912.086 -0.423
912.218 -0.424
912.35 -0.425
912.482 -0.426
912.614 -0.427
912.746 -0.428
912.878 -0.429
913.009 -0.43
913.141 -0.431
913.273 -0.432
913.404 -0.433
913.536 -0.434
913.667 -0.435
913.799 -0.436
913.93 -0.437
914.061 -0.438
914.192 -0.439
914.323 -0.44
914.454 -0.441
914.585 -0.442
914.716 -0.443
914.847 -0.444
914.978 -0.445
915.109 -0.446
915.239 -0.447
915.37 -0.448
915.501 -0.449
915.631 -0.45
915.762 -0.451
915.892 -0.452
916.023 -0.453
916.153 -0.454
916.283 -0.455
916.413 -0.456
916.544 -0.457
916.674 -0.458
916.804 -0.459
916.934 -0.46
917.064 -0.461
917.194 -0.462
917.323 -0.463
917.453 -0.464
917.583 -0.465
917.712 -0.466
917.842 -0.467
917.971 -0.468
918.101 -0.469
918.231 -0.47
918.36 -0.471
918.489 -0.472
918.619 -0.473
918.748 -0.474
918.877 -0.475
919.006 -0.476
919.135 -0.477
919.265 -0.478
919.394 -0.479
919.523 -0.48
919.652 -0.481
919.781 -0.482
919.91 -0.483
920.038 -0.484
920.167 -0.485
920.295 -0.486
920.424 -0.487
920.552 -0.488
920.68 -0.489
920.808 -0.49
920.936 -0.491
921.064 -0.492
921.192 -0.493
921.319 -0.494
921.447 -0.495
921.574 -0.496
921.701 -0.497
921.829 -0.498
921.955 -0.499
922.082 -0.5
922.209 -0.501
922.335 -0.502
922.461 -0.503
922.586 -0.504
922.711 -0.505
922.837 -0.506
922.961 -0.507
923.086 -0.508
923.21 -0.509
923.333 -0.51
923.455 -0.511
923.578 -0.512
923.7 -0.513
923.823 -0.514
923.945 -0.515
924.067 -0.516
924.188 -0.517
924.309 -0.518
924.429 -0.519
924.549 -0.52
924.668 -0.521
924.788 -0.522
924.908 -0.523
925.027 -0.524
925.146 -0.525
925.264 -0.526
925.382 -0.527
925.498 -0.528
925.612 -0.529
925.725 -0.53
925.837 -0.531
925.946 -0.532
926.054 -0.533
926.162 -0.534
926.271 -0.535
926.379 -0.536
926.485 -0.537
926.588 -0.538
926.69 -0.539
926.788 -0.54
926.891 -0.541
926.993 -0.542
927.092 -0.543
927.188 -0.544
927.281 -0.545
927.372 -0.546
927.467 -0.547
927.564 -0.548
927.656 -0.549
927.746 -0.55
927.832 -0.551
927.916 -0.552
928.004 -0.553
928.091 -0.554
928.173 -0.555
928.252 -0.556
928.339 -0.557
928.428 -0.558
928.51 -0.559
928.588 -0.56
928.665 -0.561
928.742 -0.562
928.829 -0.563
928.91 -0.564
928.987 -0.565
929.072 -0.566
929.159 -0.567
929.242 -0.568
929.325 -0.569
929.405 -0.57
929.491 -0.571
929.585 -0.572
929.683 -0.573
929.779 -0.574
929.873 -0.575
929.969 -0.576
930.065 -0.577
930.171 -0.578
930.278 -0.579
930.385 -0.58
930.492 -0.581
930.601 -0.582
930.715 -0.583
930.829 -0.584
930.943 -0.585
931.057 -0.586
931.172 -0.587
931.286 -0.588
931.399 -0.589
931.515 -0.59
931.63 -0.591
931.747 -0.592
931.864 -0.593
931.981 -0.594
932.096 -0.595
932.211 -0.596
932.326 -0.597
932.441 -0.598
932.556 -0.599
932.672 -0.6
932.788 -0.601
932.904 -0.602
933.017 -0.603
933.131 -0.604
933.245 -0.605
933.362 -0.606
933.478 -0.607
933.596 -0.608
933.713 -0.609
933.829 -0.61
933.946 -0.611
934.065 -0.612
934.186 -0.613
934.305 -0.614
934.426 -0.615
934.547 -0.616
934.667 -0.617
934.788 -0.618
934.911 -0.619
935.033 -0.62
935.156 -0.621
935.28 -0.622
935.404 -0.623
935.528 -0.624
935.651 -0.625
935.774 -0.626
935.896 -0.627
936.017 -0.628
936.137 -0.629
936.256 -0.63
936.377 -0.631
936.5 -0.632
936.622 -0.633
936.743 -0.634
936.862 -0.635
936.984 -0.636
937.107 -0.637
937.229 -0.638
937.351 -0.639
937.472 -0.64
937.592 -0.641
937.711 -0.642
937.828 -0.643
937.945 -0.644
938.059 -0.645
938.18 -0.646
938.299 -0.647
938.417 -0.648
938.534 -0.649
938.655 -0.65
938.778 -0.651
938.9 -0.652
939.022 -0.653
939.143 -0.654
939.265 -0.655
939.387 -0.656
939.508 -0.657
939.632 -0.658
939.757 -0.659
939.882 -0.66
940.007 -0.661
940.135 -0.662
940.265 -0.663
940.394 -0.664
940.524 -0.665
940.653 -0.666
940.781 -0.667
940.91 -0.668
941.04 -0.669
941.169 -0.67
941.298 -0.671
941.427 -0.672
941.558 -0.673
941.689 -0.674
941.821 -0.675
941.952 -0.676
942.085 -0.677
942.217 -0.678
942.35 -0.679
942.482 -0.68
942.615 -0.681
942.748 -0.682
942.88 -0.683
943.013 -0.684
943.145 -0.685
943.277 -0.686
943.409 -0.687
943.541 -0.688
943.673 -0.689
943.803 -0.69
943.933 -0.691
944.062 -0.692
944.143 -0.693
944.222 -0.694
944.299 -0.695
944.375 -0.696
944.448 -0.697
944.518 -0.698
944.583 -0.699
944.642 -0.7
944.692 -0.701
944.738 -0.702
944.789 -0.703
944.849 -0.704
944.904 -0.705
944.987 -0.706
945.078 -0.707
945.175 -0.708
945.269 -0.709
945.36 -0.71
945.457 -0.711
945.544 -0.712
945.621 -0.713
945.711 -0.714
945.837 -0.715
945.969 -0.716
946.1 -0.717
946.253 -0.718
946.408 -0.719
946.563 -0.72
946.721 -0.721
946.887 -0.722
947.038 -0.723
947.171 -0.724
947.294 -0.725
947.416 -0.726
947.536 -0.727
947.661 -0.728
947.788 -0.729
947.916 -0.73
948.049 -0.731
948.183 -0.732
948.317 -0.733
948.451 -0.734
948.586 -0.735
948.721 -0.736
948.857 -0.737
948.994 -0.738
949.13 -0.739
949.267 -0.74
949.406 -0.741
949.544 -0.742
949.683 -0.743
949.823 -0.744
949.965 -0.745
950.108 -0.746
950.25 -0.747
950.396 -0.748
950.542 -0.749
950.69 -0.75
950.838 -0.751
950.986 -0.752
951.134 -0.753
951.283 -0.754
951.432 -0.755
951.582 -0.756
951.732 -0.757
951.883 -0.758
952.033 -0.759
952.184 -0.76
952.335 -0.761
952.488 -0.762
952.641 -0.763
952.794 -0.764
952.947 -0.765
953.1 -0.766
953.254 -0.767
953.409 -0.768
953.564 -0.769
953.72 -0.77
953.876 -0.771
954.032 -0.772
954.188 -0.773
954.345 -0.774
954.501 -0.775
954.658 -0.776
954.815 -0.777
954.971 -0.778
955.128 -0.779
955.285 -0.78
955.442 -0.781
955.599 -0.782
955.757 -0.783
955.914 -0.784
956.071 -0.785
956.229 -0.786
956.386 -0.787
956.544 -0.788
956.702 -0.789
956.86 -0.79
957.018 -0.791
957.177 -0.792
957.335 -0.793
957.494 -0.794
957.652 -0.795
957.811 -0.796
957.971 -0.797
958.131 -0.798
958.291 -0.799
958.451 -0.8
958.612 -0.801
958.773 -0.802
958.933 -0.803
959.094 -0.804
959.255 -0.805
959.416 -0.806
959.578 -0.807
959.739 -0.808
959.901 -0.809
960.063 -0.81
960.225 -0.811
960.387 -0.812
960.549 -0.813
960.711 -0.814
960.874 -0.815
961.037 -0.816
961.2 -0.817
961.363 -0.818
961.526 -0.819
961.689 -0.82
961.852 -0.821
962.016 -0.822
962.18 -0.823
962.344 -0.824
962.508 -0.825
962.672 -0.826
962.836 -0.827
963.001 -0.828
963.165 -0.829
963.33 -0.83
963.495 -0.831
963.66 -0.832
963.825 -0.833
963.991 -0.834
964.156 -0.835
964.322 -0.836
964.488 -0.837
964.654 -0.838
964.82 -0.839
964.987 -0.84
965.153 -0.841
965.32 -0.842
965.487 -0.843
965.653 -0.844
965.82 -0.845
965.988 -0.846
966.155 -0.847
966.322 -0.848
966.49 -0.849
966.657 -0.85
966.825 -0.851
966.993 -0.852
967.161 -0.853
967.329 -0.854
967.497 -0.855
967.666 -0.856
967.834 -0.857
968.003 -0.858
968.171 -0.859
968.34 -0.86
968.509 -0.861
968.678 -0.862
968.847 -0.863
969.017 -0.864
969.186 -0.865
969.356 -0.866
969.526 -0.867
969.696 -0.868
969.866 -0.869
970.036 -0.87
970.207 -0.871
970.378 -0.872
970.548 -0.873
970.719 -0.874
970.89 -0.875
971.062 -0.876
971.233 -0.877
971.405 -0.878
971.576 -0.879
971.748 -0.88
971.92 -0.881
972.092 -0.882
972.265 -0.883
972.437 -0.884
972.61 -0.885
972.782 -0.886
972.955 -0.887
973.128 -0.888
973.301 -0.889
973.475 -0.89
973.648 -0.891
973.822 -0.892
973.995 -0.893
974.169 -0.894
974.342 -0.895
974.516 -0.896
974.69 -0.897
974.864 -0.898
975.038 -0.899
975.212 -0.9
975.387 -0.901
975.561 -0.902
975.736 -0.903
975.911 -0.904
976.086 -0.905
976.262 -0.906
976.437 -0.907
976.613 -0.908
976.788 -0.909
976.964 -0.91
977.14 -0.911
977.315 -0.912
977.491 -0.913
977.667 -0.914
977.842 -0.915
978.018 -0.916
978.194 -0.917
978.37 -0.918
978.546 -0.919
978.722 -0.92
978.899 -0.921
979.075 -0.922
979.252 -0.923
979.429 -0.924
979.606 -0.925
979.783 -0.926
979.961 -0.927
980.138 -0.928
980.316 -0.929
980.494 -0.93
980.672 -0.931
980.85 -0.932
981.028 -0.933
981.206 -0.934
981.384 -0.935
981.562 -0.936
981.741 -0.937
981.921 -0.938
982.1 -0.939
982.281 -0.94
982.461 -0.941
982.642 -0.942
982.823 -0.943
983.004 -0.944
983.185 -0.945
983.367 -0.946
983.548 -0.947
983.73 -0.948
983.912 -0.949
984.094 -0.95
984.276 -0.951
984.459 -0.952
984.642 -0.953
984.824 -0.954
985.007 -0.955
985.19 -0.956
985.374 -0.957
985.557 -0.958
985.741 -0.959
985.924 -0.96
986.108 -0.961
986.292 -0.962
986.476 -0.963
986.66 -0.964
986.845 -0.965
987.03 -0.966
987.215 -0.967
987.401 -0.968
987.587 -0.969
987.773 -0.97
987.96 -0.971
988.147 -0.972
988.334 -0.973
988.522 -0.974
988.71 -0.975
988.898 -0.976
989.087 -0.977
989.276 -0.978
989.465 -0.979
989.655 -0.98
989.844 -0.981
990.035 -0.982
990.225 -0.983
990.416 -0.984
990.607 -0.985
990.798 -0.986
990.989 -0.987
991.18 -0.988
991.372 -0.989
991.564 -0.99
991.756 -0.991
991.948 -0.992
992.14 -0.993
992.333 -0.994
992.526 -0.995
992.719 -0.996
992.912 -0.997
993.105 -0.998
993.298 -0.999
993.492 -1
993.686 -1.001
993.879 -1.002
994.073 -1.003
994.267 -1.004
994.462 -1.005
994.656 -1.006
994.851 -1.007
995.046 -1.008
995.241 -1.009
995.436 -1.01
995.631 -1.011
995.827 -1.012
996.023 -1.013
996.219 -1.014
996.415 -1.015
996.611 -1.016
996.808 -1.017
997.005 -1.018
997.201 -1.019
997.399 -1.02
997.596 -1.021
997.794 -1.022
997.992 -1.023
998.19 -1.024
998.388 -1.025
998.587 -1.026
998.786 -1.027
998.985 -1.028
999.184 -1.029
999.383 -1.03
999.583 -1.031
999.782 -1.032
999.982 -1.033
1000.18 -1.034
1000.38 -1.035
1000.58 -1.036
1000.78 -1.037
1000.98 -1.038
1001.18 -1.039
1001.38 -1.04
1001.59 -1.041
1001.79 -1.042
1001.99 -1.043
1002.19 -1.044
1002.39 -1.045
1002.59 -1.046
1002.79 -1.047
1002.99 -1.048
1003.2 -1.049
1003.4 -1.05
1003.6 -1.051
1003.8 -1.052
1004 -1.053
1004.21 -1.054
1004.41 -1.055
1004.61 -1.056
1004.81 -1.057
1005.01 -1.058
1005.21 -1.059
1005.41 -1.06
1005.6 -1.061
1005.79 -1.062
1005.98 -1.063
1006.17 -1.064
1006.35 -1.065
1006.52 -1.066
1006.69 -1.067
1006.85 -1.068
1007.01 -1.069
1007.17 -1.07
1007.33 -1.071
1007.49 -1.072
1007.65 -1.073
1007.81 -1.074
1007.98 -1.075
1008.14 -1.076
1008.3 -1.077
1008.46 -1.078
1008.63 -1.079
1008.79 -1.08
1008.95 -1.081
1009.12 -1.082
1009.28 -1.083
1009.45 -1.084
1009.61 -1.085
1009.77 -1.086
1009.94 -1.087
1010.1 -1.088
1010.26 -1.089
1010.43 -1.09
1010.59 -1.091
1010.79 -1.092
1011 -1.093
1011.22 -1.094
1011.43 -1.095
1011.65 -1.096
1011.87 -1.097
1012.09 -1.098
1012.32 -1.099
1012.54 -1.1
1012.75 -1.101
1012.97 -1.102
1013.18 -1.103
1013.38 -1.104
1013.58 -1.105
1013.77 -1.106
1013.95 -1.107
1014.14 -1.108
1014.32 -1.109
1014.5 -1.11
1014.67 -1.111
1014.85 -1.112
1015.03 -1.113
1015.21 -1.114
1015.39 -1.115
1015.57 -1.116
1015.75 -1.117
1015.93 -1.118
1016.11 -1.119
1016.29 -1.12
1016.47 -1.121
1016.65 -1.122
1016.83 -1.123
1017.01 -1.124
1017.2 -1.125
1017.39 -1.126
1017.58 -1.127
1017.78 -1.128
1017.97 -1.129
1018.17 -1.13
1018.37 -1.131
1018.59 -1.132
1018.82 -1.133
1019.05 -1.134
1019.29 -1.135
1019.53 -1.136
1019.77 -1.137
1020.02 -1.138
1020.26 -1.139
1020.51 -1.14
1020.75 -1.141
1020.99 -1.142
1021.22 -1.143
1021.46 -1.144
1021.69 -1.145
1021.93 -1.146
1022.17 -1.147
1022.4 -1.148
1022.64 -1.149
1022.87 -1.15
1023.11 -1.151
1023.35 -1.152
1023.58 -1.153
1023.82 -1.154
1024.06 -1.155
1024.3 -1.156
1024.53 -1.157
1024.77 -1.158
1025.01 -1.159
1025.25 -1.16
1025.48 -1.161
1025.72 -1.162
1025.96 -1.163
1026.2 -1.164
1026.43 -1.165
1026.67 -1.166
1026.91 -1.167
1027.15 -1.168
1027.39 -1.169
1027.62 -1.17
1027.86 -1.171
1028.1 -1.172
1028.34 -1.173
1028.59 -1.174
1028.84 -1.175
1029.09 -1.176
1029.34 -1.177
1029.58 -1.178
1029.83 -1.179
1030.08 -1.18
1030.33 -1.181
1030.59 -1.182
1030.84 -1.183
1031.1 -1.184
1031.35 -1.185
1031.61 -1.186
1031.86 -1.187
1032.12 -1.188
1032.37 -1.189
1032.63 -1.19
1032.88 -1.191
1033.14 -1.192
1033.4 -1.193
1033.66 -1.194
1033.92 -1.195
1034.18 -1.196
1034.44 -1.197
1034.7 -1.198
1034.96 -1.199
1035.22 -1.2
1035.48 -1.201
1035.74 -1.202
1035.99 -1.203
1036.25 -1.204
1036.5 -1.205
1036.75 -1.206
1036.99 -1.207
1037.23 -1.208
1037.48 -1.209
1037.72 -1.21
1037.96 -1.211
1038.2 -1.212
1038.45 -1.213
1038.69 -1.214
1038.93 -1.215
1039.19 -1.216
1039.44 -1.217
1039.7 -1.218
1039.95 -1.219
1040.21 -1.22
1040.47 -1.221
1040.72 -1.222
1040.98 -1.223
1041.23 -1.224
1041.49 -1.225
1041.75 -1.226
1042 -1.227
1042.27 -1.228
1042.53 -1.229
1042.79 -1.23
1043.06 -1.231
1043.32 -1.232
1043.58 -1.233
1043.85 -1.234
1044.11 -1.235
1044.37 -1.236
1044.64 -1.237
1044.9 -1.238
1045.17 -1.239
1045.43 -1.24
1045.69 -1.241
1045.95 -1.242
1046.21 -1.243
1046.47 -1.244
1046.72 -1.245
1046.97 -1.246
1047.22 -1.247
1047.47 -1.248
1047.72 -1.249
1047.98 -1.25
1048.23 -1.251
1048.48 -1.252
1048.73 -1.253
1048.98 -1.254
1049.24 -1.255
1049.49 -1.256
1049.74 -1.257
1049.99 -1.258
1050.25 -1.259
1050.5 -1.26
1050.75 -1.261
1051.01 -1.262
1051.26 -1.263
1051.51 -1.264
1051.77 -1.265
1052.02 -1.266
1052.28 -1.267
1052.53 -1.268
1052.79 -1.269
1053.04 -1.27
1053.3 -1.271
1053.55 -1.272
1053.81 -1.273
1054.06 -1.274
1054.32 -1.275
1054.57 -1.276
1054.83 -1.277
1055.09 -1.278
1055.34 -1.279
1055.6 -1.28
1055.86 -1.281
1056.12 -1.282
1056.37 -1.283
1056.63 -1.284
1056.89 -1.285
1057.14 -1.286
1057.4 -1.287
1057.65 -1.288
1057.91 -1.289
1058.16 -1.29
1058.42 -1.291
1058.68 -1.292
1058.94 -1.293
1059.2 -1.294
1059.46 -1.295
1059.72 -1.296
1059.98 -1.297
1060.25 -1.298
1060.51 -1.299
1060.77 -1.3
