13.3937 -0.001
26.7261 -0.002
39.9971 -0.003
53.2065 -0.004
66.3542 -0.005
79.4403 -0.006
92.4644 -0.007
105.426 -0.008
118.326 -0.009
131.164 -0.01
143.939 -0.011
156.65 -0.012
169.299 -0.013
181.885 -0.014
194.406 -0.015
206.864 -0.016
219.258 -0.017
231.582 -0.018
242.604 -0.019
249.885 -0.02
256.026 -0.021
262.12 -0.022
268.159 -0.023
274.137 -0.024
280.045 -0.025
285.881 -0.026
291.64 -0.027
297.339 -0.028
302.958 -0.029
308.525 -0.03
314.011 -0.031
319.45 -0.032
324.836 -0.033
330.181 -0.034
335.475 -0.035
340.617 -0.036
345.46 -0.037
349.889 -0.038
353.801 -0.039
357.267 -0.04
360.668 -0.041
364.024 -0.042
367.336 -0.043
370.599 -0.044
373.817 -0.045
376.988 -0.046
380.112 -0.047
383.192 -0.048
386.229 -0.049
389.224 -0.05
392.174 -0.051
395.083 -0.052
397.952 -0.053
400.779 -0.054
403.565 -0.055
406.311 -0.056
409.017 -0.057
411.681 -0.058
414.297 -0.059
416.856 -0.06
419.354 -0.061
421.763 -0.062
424.095 -0.063
426.348 -0.064
428.506 -0.065
430.555 -0.066
432.491 -0.067
434.238 -0.068
435.812 -0.069
437.219 -0.07
438.424 -0.071
439.567 -0.072
440.58 -0.073
441.435 -0.074
442.126 -0.075
442.646 -0.076
443.07 -0.077
443.452 -0.078
443.797 -0.079
444.106 -0.08
444.38 -0.081
444.619 -0.082
444.824 -0.083
444.998 -0.084
445.141 -0.085
445.253 -0.086
445.341 -0.087
445.41 -0.088
445.458 -0.089
445.476 -0.09
445.473 -0.091
445.456 -0.092
445.417 -0.093
445.35 -0.094
445.269 -0.095
445.174 -0.096
445.057 -0.097
444.922 -0.098
444.77 -0.099
444.605 -0.1
444.428 -0.101
444.223 -0.102
444.007 -0.103
443.776 -0.104
443.532 -0.105
443.279 -0.106
443.02 -0.107
442.738 -0.108
442.447 -0.109
442.149 -0.11
441.847 -0.111
441.539 -0.112
441.217 -0.113
440.889 -0.114
440.556 -0.115
440.22 -0.116
439.879 -0.117
439.528 -0.118
439.168 -0.119
438.805 -0.12
438.438 -0.121
438.067 -0.122
437.693 -0.123
437.315 -0.124
436.934 -0.125
436.549 -0.126
436.162 -0.127
435.772 -0.128
435.378 -0.129
434.982 -0.13
434.584 -0.131
434.182 -0.132
433.779 -0.133
433.375 -0.134
432.969 -0.135
432.56 -0.136
432.149 -0.137
431.736 -0.138
431.322 -0.139
430.905 -0.14
430.487 -0.141
430.065 -0.142
429.641 -0.143
429.215 -0.144
428.788 -0.145
428.359 -0.146
427.929 -0.147
427.498 -0.148
427.065 -0.149
426.631 -0.15
426.195 -0.151
425.757 -0.152
425.318 -0.153
424.878 -0.154
424.437 -0.155
423.995 -0.156
423.553 -0.157
423.11 -0.158
422.666 -0.159
422.222 -0.16
421.777 -0.161
421.331 -0.162
420.884 -0.163
420.437 -0.164
419.99 -0.165
419.543 -0.166
419.095 -0.167
418.648 -0.168
418.199 -0.169
417.751 -0.17
417.303 -0.171
416.854 -0.172
416.405 -0.173
415.956 -0.174
415.506 -0.175
415.056 -0.176
414.605 -0.177
414.155 -0.178
413.705 -0.179
413.255 -0.18
412.804 -0.181
412.354 -0.182
411.905 -0.183
411.455 -0.184
411.006 -0.185
410.557 -0.186
410.108 -0.187
409.659 -0.188
409.211 -0.189
408.763 -0.19
408.315 -0.191
407.868 -0.192
407.422 -0.193
406.976 -0.194
406.534 -0.195
406.094 -0.196
405.658 -0.197
405.224 -0.198
404.793 -0.199
404.365 -0.2
403.939 -0.201
403.517 -0.202
403.096 -0.203
402.679 -0.204
402.263 -0.205
401.847 -0.206
401.432 -0.207
401.017 -0.208
400.603 -0.209
400.19 -0.21
399.777 -0.211
399.366 -0.212
398.955 -0.213
398.545 -0.214
398.135 -0.215
397.727 -0.216
397.318 -0.217
396.91 -0.218
396.503 -0.219
396.098 -0.22
395.693 -0.221
395.289 -0.222
394.886 -0.223
394.484 -0.224
394.083 -0.225
393.684 -0.226
393.287 -0.227
392.891 -0.228
392.498 -0.229
392.106 -0.23
391.717 -0.231
391.335 -0.232
390.955 -0.233
390.582 -0.234
390.212 -0.235
389.848 -0.236
389.487 -0.237
389.132 -0.238
388.779 -0.239
388.431 -0.24
388.085 -0.241
387.744 -0.242
387.403 -0.243
387.063 -0.244
386.724 -0.245
386.386 -0.246
386.049 -0.247
385.712 -0.248
385.376 -0.249
385.041 -0.25
384.707 -0.251
384.373 -0.252
384.041 -0.253
383.709 -0.254
383.379 -0.255
383.051 -0.256
382.724 -0.257
382.398 -0.258
382.074 -0.259
381.749 -0.26
381.426 -0.261
381.104 -0.262
380.783 -0.263
380.464 -0.264
380.147 -0.265
379.83 -0.266
379.516 -0.267
379.2 -0.268
378.886 -0.269
378.573 -0.27
378.261 -0.271
377.952 -0.272
377.643 -0.273
377.336 -0.274
377.033 -0.275
376.729 -0.276
376.43 -0.277
376.131 -0.278
375.835 -0.279
375.542 -0.28
375.252 -0.281
374.966 -0.282
374.682 -0.283
374.397 -0.284
374.116 -0.285
373.837 -0.286
373.563 -0.287
373.289 -0.288
373.017 -0.289
372.748 -0.29
372.48 -0.291
372.214 -0.292
371.949 -0.293
371.686 -0.294
371.425 -0.295
371.166 -0.296
370.91 -0.297
370.655 -0.298
370.403 -0.299
370.152 -0.3
369.903 -0.301
369.656 -0.302
369.412 -0.303
369.169 -0.304
368.928 -0.305
368.689 -0.306
368.453 -0.307
368.218 -0.308
367.986 -0.309
367.756 -0.31
367.528 -0.311
367.303 -0.312
367.08 -0.313
366.859 -0.314
366.64 -0.315
366.424 -0.316
366.21 -0.317
365.999 -0.318
365.79 -0.319
365.583 -0.32
365.379 -0.321
365.178 -0.322
364.979 -0.323
364.782 -0.324
364.588 -0.325
364.396 -0.326
364.207 -0.327
364.021 -0.328
363.837 -0.329
363.656 -0.33
363.477 -0.331
363.301 -0.332
363.127 -0.333
362.956 -0.334
362.788 -0.335
362.622 -0.336
362.459 -0.337
362.299 -0.338
362.141 -0.339
361.987 -0.34
361.833 -0.341
361.68 -0.342
361.531 -0.343
361.384 -0.344
361.24 -0.345
361.099 -0.346
360.959 -0.347
360.822 -0.348
360.688 -0.349
360.558 -0.35
360.431 -0.351
360.305 -0.352
360.182 -0.353
360.065 -0.354
359.951 -0.355
359.837 -0.356
359.727 -0.357
359.62 -0.358
359.516 -0.359
359.416 -0.36
359.318 -0.361
359.223 -0.362
359.133 -0.363
359.046 -0.364
358.96 -0.365
358.877 -0.366
358.796 -0.367
358.719 -0.368
358.645 -0.369
358.574 -0.37
358.506 -0.371
358.442 -0.372
358.379 -0.373
358.318 -0.374
358.259 -0.375
358.204 -0.376
358.152 -0.377
358.103 -0.378
358.057 -0.379
358.015 -0.38
357.976 -0.381
357.941 -0.382
357.909 -0.383
357.881 -0.384
357.855 -0.385
357.834 -0.386
357.812 -0.387
357.793 -0.388
357.776 -0.389
357.76 -0.39
357.748 -0.391
357.74 -0.392
357.736 -0.393
357.733 -0.394
357.733 -0.395
357.736 -0.396
357.742 -0.397
357.752 -0.398
357.76 -0.399
357.769 -0.4
357.781 -0.401
357.797 -0.402
357.814 -0.403
357.834 -0.404
357.858 -0.405
357.885 -0.406
357.915 -0.407
357.946 -0.408
357.981 -0.409
358.02 -0.41
358.06 -0.411
358.102 -0.412
358.146 -0.413
358.19 -0.414
358.237 -0.415
358.287 -0.416
358.34 -0.417
358.395 -0.418
358.455 -0.419
358.518 -0.42
358.582 -0.421
358.651 -0.422
358.723 -0.423
358.798 -0.424
358.876 -0.425
358.957 -0.426
359.042 -0.427
359.128 -0.428
359.214 -0.429
359.302 -0.43
359.394 -0.431
359.488 -0.432
359.586 -0.433
359.687 -0.434
359.793 -0.435
359.902 -0.436
360.016 -0.437
360.133 -0.438
360.255 -0.439
360.38 -0.44
360.508 -0.441
360.641 -0.442
360.777 -0.443
360.917 -0.444
361.057 -0.445
361.2 -0.446
361.347 -0.447
361.497 -0.448
361.652 -0.449
361.811 -0.45
361.974 -0.451
362.141 -0.452
362.312 -0.453
362.488 -0.454
362.668 -0.455
362.851 -0.456
363.038 -0.457
363.229 -0.458
363.424 -0.459
363.621 -0.46
363.82 -0.461
364.022 -0.462
364.226 -0.463
364.434 -0.464
364.629 -0.465
364.783 -0.466
364.919 -0.467
365.058 -0.468
365.2 -0.469
365.346 -0.47
365.493 -0.471
365.635 -0.472
365.768 -0.473
365.892 -0.474
366.015 -0.475
366.141 -0.476
366.27 -0.477
366.402 -0.478
366.537 -0.479
366.675 -0.48
366.816 -0.481
366.96 -0.482
367.108 -0.483
367.258 -0.484
367.412 -0.485
367.568 -0.486
367.728 -0.487
367.891 -0.488
368.057 -0.489
368.226 -0.49
368.399 -0.491
368.575 -0.492
368.754 -0.493
368.936 -0.494
369.121 -0.495
369.31 -0.496
369.502 -0.497
369.696 -0.498
369.894 -0.499
370.095 -0.5
370.299 -0.501
370.507 -0.502
370.717 -0.503
370.93 -0.504
371.146 -0.505
371.365 -0.506
371.587 -0.507
371.812 -0.508
372.041 -0.509
372.273 -0.51
372.507 -0.511
372.746 -0.512
372.987 -0.513
373.232 -0.514
373.479 -0.515
373.73 -0.516
373.984 -0.517
374.214 -0.518
374.427 -0.519
374.642 -0.52
374.86 -0.521
375.082 -0.522
375.306 -0.523
375.534 -0.524
375.765 -0.525
375.999 -0.526
376.236 -0.527
376.477 -0.528
376.72 -0.529
376.966 -0.53
377.215 -0.531
377.467 -0.532
377.722 -0.533
377.98 -0.534
378.241 -0.535
378.505 -0.536
378.772 -0.537
379.042 -0.538
379.315 -0.539
379.591 -0.54
379.87 -0.541
380.152 -0.542
380.437 -0.543
380.725 -0.544
381.014 -0.545
381.298 -0.546
381.571 -0.547
381.83 -0.548
382.077 -0.549
382.312 -0.55
382.539 -0.551
382.766 -0.552
382.995 -0.553
383.227 -0.554
383.461 -0.555
383.698 -0.556
383.936 -0.557
384.173 -0.558
384.41 -0.559
384.647 -0.56
384.883 -0.561
385.12 -0.562
385.356 -0.563
385.593 -0.564
385.83 -0.565
386.068 -0.566
386.305 -0.567
386.543 -0.568
386.784 -0.569
387.028 -0.57
387.274 -0.571
387.523 -0.572
387.774 -0.573
388.027 -0.574
388.283 -0.575
388.542 -0.576
388.803 -0.577
389.067 -0.578
389.333 -0.579
389.601 -0.58
389.872 -0.581
390.146 -0.582
390.421 -0.583
390.7 -0.584
390.981 -0.585
391.264 -0.586
391.55 -0.587
391.839 -0.588
392.13 -0.589
392.424 -0.59
392.72 -0.591
393.019 -0.592
393.32 -0.593
393.624 -0.594
393.93 -0.595
394.239 -0.596
394.551 -0.597
394.865 -0.598
395.182 -0.599
395.502 -0.6
395.824 -0.601
396.149 -0.602
396.477 -0.603
396.808 -0.604
397.137 -0.605
397.466 -0.606
397.793 -0.607
398.12 -0.608
398.444 -0.609
398.769 -0.61
399.09 -0.611
399.412 -0.612
399.73 -0.613
400.047 -0.614
400.358 -0.615
400.667 -0.616
400.974 -0.617
401.281 -0.618
401.588 -0.619
401.893 -0.62
402.197 -0.621
402.501 -0.622
402.807 -0.623
403.115 -0.624
403.425 -0.625
403.738 -0.626
404.053 -0.627
404.37 -0.628
404.689 -0.629
405.012 -0.63
405.338 -0.631
405.666 -0.632
405.998 -0.633
406.333 -0.634
406.67 -0.635
407.009 -0.636
407.352 -0.637
407.696 -0.638
408.043 -0.639
408.392 -0.64
408.737 -0.641
409.085 -0.642
409.434 -0.643
409.781 -0.644
410.13 -0.645
410.481 -0.646
410.83 -0.647
411.182 -0.648
411.538 -0.649
411.889 -0.65
412.244 -0.651
412.601 -0.652
412.957 -0.653
413.312 -0.654
413.67 -0.655
414.03 -0.656
414.389 -0.657
414.749 -0.658
415.112 -0.659
415.475 -0.66
415.84 -0.661
416.208 -0.662
416.578 -0.663
416.948 -0.664
417.32 -0.665
417.695 -0.666
418.072 -0.667
418.45 -0.668
418.83 -0.669
419.212 -0.67
419.597 -0.671
419.984 -0.672
420.371 -0.673
420.761 -0.674
421.154 -0.675
421.548 -0.676
421.945 -0.677
422.343 -0.678
422.743 -0.679
423.146 -0.68
423.551 -0.681
423.96 -0.682
424.368 -0.683
424.778 -0.684
425.186 -0.685
425.597 -0.686
426.01 -0.687
426.42 -0.688
426.833 -0.689
427.248 -0.69
427.661 -0.691
428.076 -0.692
428.493 -0.693
428.91 -0.694
429.327 -0.695
429.747 -0.696
430.164 -0.697
430.58 -0.698
430.993 -0.699
431.409 -0.7
