8.98273 -0.001
17.9568 -0.002
26.9222 -0.003
35.8787 -0.004
44.8264 -0.005
53.7653 -0.006
62.6951 -0.007
71.616 -0.008
80.5278 -0.009
89.4304 -0.01
98.3238 -0.011
107.208 -0.012
116.083 -0.013
124.948 -0.014
133.804 -0.015
142.65 -0.016
151.487 -0.017
160.314 -0.018
169.132 -0.019
177.939 -0.02
186.737 -0.021
195.524 -0.022
204.302 -0.023
213.069 -0.024
221.826 -0.025
230.573 -0.026
239.31 -0.027
248.036 -0.028
256.751 -0.029
265.456 -0.03
274.15 -0.031
282.833 -0.032
291.505 -0.033
300.167 -0.034
308.817 -0.035
317.456 -0.036
326.068 -0.037
334.434 -0.038
342.134 -0.039
349.337 -0.04
356.514 -0.041
363.662 -0.042
370.791 -0.043
377.905 -0.044
385.012 -0.045
392.107 -0.046
399.19 -0.047
406.25 -0.048
413.247 -0.049
420.162 -0.05
426.934 -0.051
433.421 -0.052
439.771 -0.053
446.11 -0.054
452.44 -0.055
458.758 -0.056
465.014 -0.057
471.087 -0.058
476.757 -0.059
482.085 -0.06
486.738 -0.061
490.924 -0.062
494.074 -0.063
496.504 -0.064
498.837 -0.065
501.037 -0.066
503.098 -0.067
505.08 -0.068
506.912 -0.069
508.517 -0.07
510.034 -0.071
511.478 -0.072
512.617 -0.073
513.565 -0.074
514.14 -0.075
514.618 -0.076
515.088 -0.077
515.548 -0.078
515.995 -0.079
516.43 -0.08
516.855 -0.081
517.27 -0.082
517.67 -0.083
518.057 -0.084
518.434 -0.085
518.804 -0.086
519.158 -0.087
519.5 -0.088
519.826 -0.089
520.137 -0.09
520.438 -0.091
520.727 -0.092
521.009 -0.093
521.28 -0.094
521.543 -0.095
521.795 -0.096
522.042 -0.097
522.281 -0.098
522.518 -0.099
522.747 -0.1
522.975 -0.101
523.198 -0.102
523.418 -0.103
523.636 -0.104
523.849 -0.105
524.06 -0.106
524.268 -0.107
524.472 -0.108
524.673 -0.109
524.874 -0.11
525.072 -0.111
525.265 -0.112
525.457 -0.113
525.646 -0.114
525.832 -0.115
526.017 -0.116
526.198 -0.117
526.378 -0.118
526.557 -0.119
526.733 -0.12
526.909 -0.121
527.083 -0.122
527.252 -0.123
527.42 -0.124
527.587 -0.125
527.75 -0.126
527.911 -0.127
528.07 -0.128
528.227 -0.129
528.384 -0.13
528.54 -0.131
528.693 -0.132
528.843 -0.133
528.992 -0.134
529.139 -0.135
529.284 -0.136
529.425 -0.137
529.565 -0.138
529.704 -0.139
529.84 -0.14
529.97 -0.141
530.101 -0.142
530.231 -0.143
530.359 -0.144
530.483 -0.145
530.608 -0.146
530.731 -0.147
530.854 -0.148
530.973 -0.149
531.091 -0.15
531.209 -0.151
531.327 -0.152
531.444 -0.153
531.557 -0.154
531.669 -0.155
531.781 -0.156
531.893 -0.157
532.005 -0.158
532.114 -0.159
532.224 -0.16
532.333 -0.161
532.442 -0.162
532.55 -0.163
532.658 -0.164
532.764 -0.165
532.871 -0.166
532.977 -0.167
533.083 -0.168
533.188 -0.169
533.294 -0.17
533.399 -0.171
533.504 -0.172
533.608 -0.173
533.713 -0.174
533.816 -0.175
533.92 -0.176
534.024 -0.177
534.127 -0.178
534.23 -0.179
534.333 -0.18
534.435 -0.181
534.538 -0.182
534.64 -0.183
534.741 -0.184
534.843 -0.185
534.944 -0.186
535.045 -0.187
535.146 -0.188
535.247 -0.189
535.348 -0.19
535.449 -0.191
535.549 -0.192
535.649 -0.193
535.749 -0.194
535.849 -0.195
535.948 -0.196
536.048 -0.197
536.147 -0.198
536.247 -0.199
536.346 -0.2
536.445 -0.201
536.544 -0.202
536.643 -0.203
536.742 -0.204
536.84 -0.205
536.937 -0.206
537.035 -0.207
537.132 -0.208
537.23 -0.209
537.327 -0.21
537.424 -0.211
537.521 -0.212
537.618 -0.213
537.715 -0.214
537.812 -0.215
537.908 -0.216
538.004 -0.217
538.1 -0.218
538.196 -0.219
538.292 -0.22
538.388 -0.221
538.483 -0.222
538.579 -0.223
538.674 -0.224
538.769 -0.225
538.864 -0.226
538.959 -0.227
539.054 -0.228
539.149 -0.229
539.243 -0.23
539.337 -0.231
539.431 -0.232
539.525 -0.233
539.619 -0.234
539.713 -0.235
539.807 -0.236
539.901 -0.237
539.995 -0.238
540.089 -0.239
540.183 -0.24
540.276 -0.241
540.369 -0.242
540.462 -0.243
540.555 -0.244
540.648 -0.245
540.741 -0.246
540.833 -0.247
540.925 -0.248
541.017 -0.249
541.108 -0.25
541.2 -0.251
541.292 -0.252
541.384 -0.253
541.475 -0.254
541.567 -0.255
541.658 -0.256
541.749 -0.257
541.84 -0.258
541.931 -0.259
542.022 -0.26
542.113 -0.261
542.204 -0.262
542.294 -0.263
542.384 -0.264
542.474 -0.265
542.563 -0.266
542.653 -0.267
542.743 -0.268
542.833 -0.269
542.922 -0.27
543.012 -0.271
543.101 -0.272
543.191 -0.273
543.28 -0.274
543.369 -0.275
543.458 -0.276
543.546 -0.277
543.635 -0.278
543.723 -0.279
543.812 -0.28
543.9 -0.281
543.988 -0.282
544.075 -0.283
544.162 -0.284
544.249 -0.285
544.335 -0.286
544.422 -0.287
544.508 -0.288
544.594 -0.289
544.68 -0.29
544.766 -0.291
544.851 -0.292
544.937 -0.293
545.022 -0.294
545.107 -0.295
545.192 -0.296
545.277 -0.297
545.362 -0.298
545.446 -0.299
545.531 -0.3
545.616 -0.301
545.7 -0.302
545.785 -0.303
545.869 -0.304
545.953 -0.305
546.037 -0.306
546.121 -0.307
546.205 -0.308
546.289 -0.309
546.373 -0.31
546.456 -0.311
546.538 -0.312
546.621 -0.313
546.703 -0.314
546.785 -0.315
546.867 -0.316
546.949 -0.317
547.031 -0.318
547.112 -0.319
547.193 -0.32
547.275 -0.321
547.355 -0.322
547.436 -0.323
547.517 -0.324
547.598 -0.325
547.678 -0.326
547.759 -0.327
547.84 -0.328
547.92 -0.329
548 -0.33
548.081 -0.331
548.161 -0.332
548.241 -0.333
548.321 -0.334
548.401 -0.335
548.481 -0.336
548.56 -0.337
548.639 -0.338
548.718 -0.339
548.796 -0.34
548.875 -0.341
548.953 -0.342
549.031 -0.343
549.109 -0.344
549.187 -0.345
549.265 -0.346
549.343 -0.347
549.421 -0.348
549.499 -0.349
549.577 -0.35
549.654 -0.351
549.732 -0.352
549.81 -0.353
549.887 -0.354
549.965 -0.355
550.043 -0.356
550.12 -0.357
550.197 -0.358
550.275 -0.359
550.352 -0.36
550.429 -0.361
550.506 -0.362
550.583 -0.363
550.66 -0.364
550.737 -0.365
550.813 -0.366
550.889 -0.367
550.965 -0.368
551.04 -0.369
551.116 -0.37
551.192 -0.371
551.267 -0.372
551.343 -0.373
551.418 -0.374
551.492 -0.375
551.567 -0.376
551.642 -0.377
551.717 -0.378
551.792 -0.379
551.867 -0.38
551.942 -0.381
552.017 -0.382
552.091 -0.383
552.166 -0.384
552.241 -0.385
552.316 -0.386
552.391 -0.387
552.466 -0.388
552.54 -0.389
552.615 -0.39
552.69 -0.391
552.765 -0.392
552.84 -0.393
552.914 -0.394
552.989 -0.395
553.064 -0.396
553.139 -0.397
553.214 -0.398
553.289 -0.399
553.363 -0.4
553.438 -0.401
553.513 -0.402
553.588 -0.403
553.663 -0.404
553.738 -0.405
553.812 -0.406
553.887 -0.407
553.962 -0.408
554.036 -0.409
554.11 -0.41
554.184 -0.411
554.258 -0.412
554.332 -0.413
554.406 -0.414
554.48 -0.415
554.555 -0.416
554.629 -0.417
554.703 -0.418
554.777 -0.419
554.851 -0.42
554.925 -0.421
554.999 -0.422
555.073 -0.423
555.148 -0.424
555.222 -0.425
555.296 -0.426
555.37 -0.427
555.444 -0.428
555.518 -0.429
555.593 -0.43
555.667 -0.431
555.741 -0.432
555.815 -0.433
555.889 -0.434
555.964 -0.435
556.038 -0.436
556.112 -0.437
556.186 -0.438
556.26 -0.439
556.335 -0.44
556.409 -0.441
556.483 -0.442
556.557 -0.443
556.632 -0.444
556.706 -0.445
556.78 -0.446
556.854 -0.447
556.928 -0.448
557.002 -0.449
557.075 -0.45
557.149 -0.451
557.222 -0.452
557.296 -0.453
557.369 -0.454
557.443 -0.455
557.516 -0.456
557.59 -0.457
557.664 -0.458
557.737 -0.459
557.811 -0.46
557.884 -0.461
557.958 -0.462
558.032 -0.463
558.105 -0.464
558.179 -0.465
558.253 -0.466
558.326 -0.467
558.4 -0.468
558.474 -0.469
558.547 -0.47
558.621 -0.471
558.695 -0.472
558.768 -0.473
558.842 -0.474
558.916 -0.475
558.99 -0.476
559.063 -0.477
559.137 -0.478
559.211 -0.479
559.285 -0.48
559.358 -0.481
559.432 -0.482
559.506 -0.483
559.58 -0.484
559.653 -0.485
559.727 -0.486
559.8 -0.487
559.873 -0.488
559.946 -0.489
560.019 -0.49
560.092 -0.491
560.165 -0.492
560.238 -0.493
560.311 -0.494
560.384 -0.495
560.457 -0.496
560.53 -0.497
560.603 -0.498
560.676 -0.499
560.749 -0.5
560.823 -0.501
560.896 -0.502
560.969 -0.503
561.042 -0.504
561.115 -0.505
561.188 -0.506
561.261 -0.507
561.334 -0.508
561.408 -0.509
561.481 -0.51
561.554 -0.511
561.627 -0.512
561.7 -0.513
561.773 -0.514
561.847 -0.515
561.92 -0.516
561.993 -0.517
562.066 -0.518
562.139 -0.519
562.213 -0.52
562.286 -0.521
562.359 -0.522
562.432 -0.523
562.506 -0.524
562.579 -0.525
562.652 -0.526
562.726 -0.527
562.799 -0.528
562.872 -0.529
562.946 -0.53
563.019 -0.531
563.092 -0.532
563.166 -0.533
563.239 -0.534
563.312 -0.535
563.386 -0.536
563.459 -0.537
563.533 -0.538
563.606 -0.539
563.68 -0.54
563.753 -0.541
563.826 -0.542
563.9 -0.543
563.973 -0.544
564.047 -0.545
564.12 -0.546
564.194 -0.547
564.268 -0.548
564.341 -0.549
564.415 -0.55
564.488 -0.551
564.562 -0.552
564.635 -0.553
564.709 -0.554
564.783 -0.555
564.856 -0.556
564.93 -0.557
565.003 -0.558
565.077 -0.559
565.151 -0.56
565.224 -0.561
565.298 -0.562
565.372 -0.563
565.445 -0.564
565.519 -0.565
565.593 -0.566
565.667 -0.567
565.74 -0.568
565.814 -0.569
565.888 -0.57
565.962 -0.571
566.035 -0.572
566.109 -0.573
566.183 -0.574
566.257 -0.575
566.331 -0.576
566.404 -0.577
566.478 -0.578
566.552 -0.579
566.626 -0.58
566.7 -0.581
566.774 -0.582
566.848 -0.583
566.922 -0.584
566.996 -0.585
567.07 -0.586
567.144 -0.587
567.218 -0.588
567.292 -0.589
567.366 -0.59
567.44 -0.591
567.514 -0.592
567.588 -0.593
567.662 -0.594
567.736 -0.595
567.81 -0.596
567.884 -0.597
567.958 -0.598
568.033 -0.599
568.107 -0.6
568.181 -0.601
568.255 -0.602
568.33 -0.603
568.404 -0.604
568.478 -0.605
568.552 -0.606
568.627 -0.607
568.701 -0.608
568.775 -0.609
568.849 -0.61
568.924 -0.611
568.998 -0.612
569.072 -0.613
569.147 -0.614
569.221 -0.615
569.296 -0.616
569.37 -0.617
569.445 -0.618
569.519 -0.619
569.594 -0.62
569.668 -0.621
569.743 -0.622
569.817 -0.623
569.892 -0.624
569.966 -0.625
570.041 -0.626
570.115 -0.627
570.19 -0.628
570.265 -0.629
570.339 -0.63
570.414 -0.631
570.489 -0.632
570.563 -0.633
570.638 -0.634
570.713 -0.635
570.788 -0.636
570.862 -0.637
570.937 -0.638
571.012 -0.639
571.087 -0.64
571.162 -0.641
571.236 -0.642
571.311 -0.643
571.386 -0.644
571.461 -0.645
571.536 -0.646
571.611 -0.647
571.686 -0.648
571.761 -0.649
571.836 -0.65
571.911 -0.651
571.986 -0.652
572.061 -0.653
572.136 -0.654
572.211 -0.655
572.286 -0.656
572.361 -0.657
572.436 -0.658
572.511 -0.659
572.587 -0.66
572.662 -0.661
572.737 -0.662
572.812 -0.663
572.887 -0.664
572.963 -0.665
573.038 -0.666
573.113 -0.667
573.188 -0.668
573.264 -0.669
573.339 -0.67
573.414 -0.671
573.49 -0.672
573.565 -0.673
573.64 -0.674
573.716 -0.675
573.791 -0.676
573.866 -0.677
573.942 -0.678
574.017 -0.679
574.092 -0.68
574.168 -0.681
574.243 -0.682
574.319 -0.683
574.394 -0.684
574.47 -0.685
574.545 -0.686
574.621 -0.687
574.697 -0.688
574.772 -0.689
574.848 -0.69
574.923 -0.691
574.999 -0.692
575.075 -0.693
575.15 -0.694
575.226 -0.695
575.302 -0.696
575.378 -0.697
575.453 -0.698
575.529 -0.699
575.605 -0.7
575.681 -0.701
575.757 -0.702
575.832 -0.703
575.908 -0.704
575.984 -0.705
576.06 -0.706
576.136 -0.707
576.212 -0.708
576.288 -0.709
576.364 -0.71
576.44 -0.711
576.516 -0.712
576.592 -0.713
576.668 -0.714
576.744 -0.715
576.82 -0.716
576.896 -0.717
576.972 -0.718
577.048 -0.719
577.124 -0.72
577.2 -0.721
577.277 -0.722
577.353 -0.723
577.429 -0.724
577.505 -0.725
577.582 -0.726
577.658 -0.727
577.734 -0.728
577.811 -0.729
577.887 -0.73
577.963 -0.731
578.04 -0.732
578.116 -0.733
578.193 -0.734
578.269 -0.735
578.346 -0.736
578.422 -0.737
578.499 -0.738
578.575 -0.739
578.652 -0.74
578.729 -0.741
578.805 -0.742
578.882 -0.743
578.959 -0.744
579.035 -0.745
579.112 -0.746
579.189 -0.747
579.266 -0.748
579.342 -0.749
579.419 -0.75
579.496 -0.751
579.573 -0.752
579.65 -0.753
579.727 -0.754
579.804 -0.755
579.88 -0.756
579.957 -0.757
580.034 -0.758
580.111 -0.759
580.188 -0.76
580.265 -0.761
580.341 -0.762
580.418 -0.763
580.495 -0.764
580.572 -0.765
580.649 -0.766
580.726 -0.767
580.803 -0.768
580.88 -0.769
580.956 -0.77
581.033 -0.771
581.11 -0.772
581.187 -0.773
581.264 -0.774
581.341 -0.775
581.418 -0.776
581.496 -0.777
581.573 -0.778
581.65 -0.779
581.727 -0.78
581.804 -0.781
581.881 -0.782
581.959 -0.783
582.036 -0.784
582.113 -0.785
582.19 -0.786
582.268 -0.787
582.345 -0.788
582.423 -0.789
582.5 -0.79
582.577 -0.791
582.655 -0.792
582.732 -0.793
582.81 -0.794
582.887 -0.795
582.964 -0.796
583.042 -0.797
583.119 -0.798
583.197 -0.799
583.274 -0.8
583.352 -0.801
583.429 -0.802
583.507 -0.803
583.584 -0.804
583.662 -0.805
583.739 -0.806
583.817 -0.807
583.894 -0.808
583.972 -0.809
584.05 -0.81
584.127 -0.811
584.205 -0.812
584.283 -0.813
584.36 -0.814
584.438 -0.815
584.516 -0.816
584.594 -0.817
584.672 -0.818
584.75 -0.819
584.827 -0.82
584.905 -0.821
584.983 -0.822
585.061 -0.823
585.139 -0.824
585.216 -0.825
585.294 -0.826
585.372 -0.827
585.449 -0.828
585.527 -0.829
585.605 -0.83
585.682 -0.831
585.76 -0.832
585.838 -0.833
585.916 -0.834
585.994 -0.835
586.072 -0.836
586.15 -0.837
586.228 -0.838
586.306 -0.839
586.384 -0.84
586.462 -0.841
586.54 -0.842
586.618 -0.843
586.696 -0.844
586.774 -0.845
586.852 -0.846
586.93 -0.847
587.007 -0.848
587.085 -0.849
587.162 -0.85
587.24 -0.851
587.317 -0.852
587.395 -0.853
587.473 -0.854
587.55 -0.855
587.628 -0.856
587.705 -0.857
587.783 -0.858
587.861 -0.859
587.939 -0.86
588.017 -0.861
588.096 -0.862
588.174 -0.863
588.253 -0.864
588.331 -0.865
588.41 -0.866
588.488 -0.867
588.567 -0.868
588.646 -0.869
588.724 -0.87
588.803 -0.871
588.881 -0.872
588.96 -0.873
589.039 -0.874
589.117 -0.875
589.196 -0.876
589.275 -0.877
589.354 -0.878
589.432 -0.879
589.512 -0.88
589.591 -0.881
589.67 -0.882
589.749 -0.883
589.828 -0.884
589.906 -0.885
589.985 -0.886
590.064 -0.887
590.143 -0.888
590.222 -0.889
590.301 -0.89
590.38 -0.891
590.459 -0.892
590.538 -0.893
590.617 -0.894
590.696 -0.895
590.776 -0.896
590.855 -0.897
590.934 -0.898
591.014 -0.899
591.093 -0.9
591.173 -0.901
591.252 -0.902
591.332 -0.903
591.412 -0.904
591.491 -0.905
591.571 -0.906
591.651 -0.907
591.731 -0.908
591.81 -0.909
591.89 -0.91
591.97 -0.911
592.05 -0.912
592.13 -0.913
592.21 -0.914
592.29 -0.915
592.37 -0.916
592.45 -0.917
592.53 -0.918
592.61 -0.919
592.69 -0.92
592.77 -0.921
592.851 -0.922
592.931 -0.923
593.011 -0.924
593.092 -0.925
593.172 -0.926
593.252 -0.927
593.332 -0.928
593.412 -0.929
593.493 -0.93
593.573 -0.931
593.653 -0.932
593.733 -0.933
593.814 -0.934
593.894 -0.935
593.974 -0.936
594.055 -0.937
594.135 -0.938
594.215 -0.939
594.295 -0.94
594.376 -0.941
594.456 -0.942
594.536 -0.943
594.617 -0.944
594.697 -0.945
594.777 -0.946
594.858 -0.947
594.938 -0.948
595.018 -0.949
595.099 -0.95
595.179 -0.951
595.26 -0.952
595.34 -0.953
595.42 -0.954
595.501 -0.955
595.581 -0.956
595.662 -0.957
595.742 -0.958
595.823 -0.959
595.903 -0.96
595.984 -0.961
596.064 -0.962
596.145 -0.963
596.226 -0.964
596.306 -0.965
596.387 -0.966
596.467 -0.967
596.548 -0.968
596.628 -0.969
596.709 -0.97
596.789 -0.971
596.87 -0.972
596.951 -0.973
597.031 -0.974
597.112 -0.975
597.192 -0.976
597.273 -0.977
597.354 -0.978
597.434 -0.979
597.515 -0.98
597.596 -0.981
597.676 -0.982
597.757 -0.983
597.838 -0.984
597.918 -0.985
597.999 -0.986
598.079 -0.987
598.159 -0.988
598.24 -0.989
598.32 -0.99
598.4 -0.991
598.48 -0.992
598.56 -0.993
598.64 -0.994
598.72 -0.995
598.8 -0.996
598.88 -0.997
598.96 -0.998
599.039 -0.999
599.118 -1
599.198 -1.001
599.277 -1.002
599.355 -1.003
599.434 -1.004
599.512 -1.005
599.589 -1.006
599.665 -1.007
599.74 -1.008
599.812 -1.009
599.873 -1.01
599.913 -1.011
599.924 -1.012
599.909 -1.013
599.874 -1.014
599.83 -1.015
599.784 -1.016
599.791 -1.017
599.868 -1.018
599.984 -1.019
600.107 -1.02
600.223 -1.021
600.347 -1.022
600.477 -1.023
600.607 -1.024
600.742 -1.025
600.867 -1.026
600.962 -1.027
601.043 -1.028
601.124 -1.029
601.205 -1.03
601.286 -1.031
601.367 -1.032
601.448 -1.033
601.53 -1.034
601.611 -1.035
601.692 -1.036
601.774 -1.037
601.855 -1.038
601.937 -1.039
602.018 -1.04
602.099 -1.041
602.181 -1.042
602.263 -1.043
602.344 -1.044
602.426 -1.045
602.508 -1.046
602.59 -1.047
602.672 -1.048
602.754 -1.049
602.835 -1.05
602.917 -1.051
602.999 -1.052
603.081 -1.053
603.164 -1.054
603.246 -1.055
603.328 -1.056
603.41 -1.057
603.492 -1.058
603.575 -1.059
603.657 -1.06
603.739 -1.061
603.822 -1.062
603.904 -1.063
603.987 -1.064
604.069 -1.065
604.152 -1.066
604.234 -1.067
604.317 -1.068
604.399 -1.069
604.482 -1.07
604.565 -1.071
604.648 -1.072
604.73 -1.073
604.813 -1.074
604.896 -1.075
604.979 -1.076
605.062 -1.077
605.145 -1.078
605.228 -1.079
605.311 -1.08
605.395 -1.081
605.478 -1.082
605.561 -1.083
605.644 -1.084
605.728 -1.085
605.811 -1.086
605.894 -1.087
605.978 -1.088
606.061 -1.089
606.145 -1.09
606.228 -1.091
606.312 -1.092
606.396 -1.093
606.479 -1.094
606.563 -1.095
606.647 -1.096
606.73 -1.097
606.814 -1.098
606.898 -1.099
606.982 -1.1
607.066 -1.101
607.15 -1.102
607.234 -1.103
607.318 -1.104
607.402 -1.105
607.486 -1.106
607.57 -1.107
607.655 -1.108
607.739 -1.109
607.823 -1.11
607.907 -1.111
607.991 -1.112
608.075 -1.113
608.159 -1.114
608.243 -1.115
608.327 -1.116
608.412 -1.117
608.496 -1.118
608.58 -1.119
608.664 -1.12
608.749 -1.121
608.833 -1.122
608.917 -1.123
609.002 -1.124
609.086 -1.125
609.171 -1.126
609.256 -1.127
609.34 -1.128
609.425 -1.129
609.509 -1.13
609.594 -1.131
609.679 -1.132
609.764 -1.133
609.849 -1.134
609.933 -1.135
610.018 -1.136
610.103 -1.137
610.188 -1.138
610.272 -1.139
610.357 -1.14
610.442 -1.141
610.527 -1.142
610.611 -1.143
610.696 -1.144
610.781 -1.145
610.866 -1.146
610.951 -1.147
611.036 -1.148
611.121 -1.149
611.206 -1.15
611.291 -1.151
611.376 -1.152
611.461 -1.153
611.546 -1.154
611.631 -1.155
611.716 -1.156
611.802 -1.157
611.887 -1.158
611.972 -1.159
612.058 -1.16
612.143 -1.161
612.229 -1.162
612.314 -1.163
612.399 -1.164
612.485 -1.165
612.571 -1.166
612.656 -1.167
612.742 -1.168
612.827 -1.169
612.912 -1.17
612.997 -1.171
613.083 -1.172
613.168 -1.173
613.253 -1.174
613.339 -1.175
613.424 -1.176
613.509 -1.177
613.595 -1.178
613.68 -1.179
613.766 -1.18
613.851 -1.181
613.937 -1.182
614.022 -1.183
614.108 -1.184
614.193 -1.185
614.279 -1.186
614.364 -1.187
614.449 -1.188
614.535 -1.189
614.62 -1.19
614.706 -1.191
614.791 -1.192
614.876 -1.193
614.962 -1.194
615.047 -1.195
615.133 -1.196
615.218 -1.197
615.304 -1.198
615.39 -1.199
615.475 -1.2
615.56 -1.201
615.645 -1.202
615.73 -1.203
615.815 -1.204
615.9 -1.205
615.985 -1.206
616.07 -1.207
616.155 -1.208
616.239 -1.209
616.324 -1.21
616.409 -1.211
616.494 -1.212
616.578 -1.213
616.663 -1.214
616.748 -1.215
616.832 -1.216
616.917 -1.217
617.001 -1.218
617.086 -1.219
617.17 -1.22
617.255 -1.221
617.339 -1.222
617.423 -1.223
617.508 -1.224
617.592 -1.225
617.676 -1.226
617.76 -1.227
617.844 -1.228
617.926 -1.229
618.008 -1.23
618.089 -1.231
618.169 -1.232
618.25 -1.233
618.33 -1.234
618.409 -1.235
618.488 -1.236
618.567 -1.237
618.645 -1.238
618.722 -1.239
618.797 -1.24
618.872 -1.241
618.945 -1.242
619.02 -1.243
619.053 -1.244
619.092 -1.245
619.122 -1.246
619.144 -1.247
619.162 -1.248
619.174 -1.249
619.177 -1.25
619.171 -1.251
619.162 -1.252
619.15 -1.253
619.13 -1.254
619.103 -1.255
619.075 -1.256
619.046 -1.257
619.014 -1.258
618.977 -1.259
618.942 -1.26
618.912 -1.261
618.882 -1.262
618.851 -1.263
618.821 -1.264
618.797 -1.265
618.772 -1.266
618.748 -1.267
618.723 -1.268
618.703 -1.269
618.684 -1.27
618.665 -1.271
618.647 -1.272
618.628 -1.273
618.609 -1.274
618.669 -1.275
618.734 -1.276
618.799 -1.277
618.864 -1.278
618.929 -1.279
618.994 -1.28
619.059 -1.281
619.125 -1.282
619.191 -1.283
619.285 -1.284
619.39 -1.285
619.495 -1.286
619.598 -1.287
619.701 -1.288
619.801 -1.289
619.901 -1.29
620 -1.291
620.105 -1.292
620.242 -1.293
620.371 -1.294
620.498 -1.295
620.623 -1.296
620.747 -1.297
620.864 -1.298
620.983 -1.299
621.101 -1.3
