13.8926 -0.001
27.7185 -0.002
41.4787 -0.003
55.1731 -0.004
68.8019 -0.005
82.3652 -0.006
95.8633 -0.007
109.296 -0.008
122.665 -0.009
135.968 -0.01
149.207 -0.011
162.382 -0.012
175.492 -0.013
188.539 -0.014
201.521 -0.015
214.44 -0.016
227.296 -0.017
240.088 -0.018
252.817 -0.019
265.483 -0.02
278.087 -0.021
290.627 -0.022
303.105 -0.023
315.521 -0.024
327.875 -0.025
340.166 -0.026
352.396 -0.027
364.563 -0.028
376.669 -0.029
388.714 -0.03
400.697 -0.031
412.619 -0.032
424.48 -0.033
436.28 -0.034
448.004 -0.035
459.304 -0.036
469.366 -0.037
478.711 -0.038
487.999 -0.039
497.228 -0.04
506.399 -0.041
515.512 -0.042
524.567 -0.043
533.564 -0.044
542.5 -0.045
551.372 -0.046
560.188 -0.047
568.966 -0.048
577.666 -0.049
586.178 -0.05
594.372 -0.051
602.318 -0.052
609.814 -0.053
617.003 -0.054
623.514 -0.055
629.448 -0.056
635.031 -0.057
640.06 -0.058
644.929 -0.059
649.744 -0.06
654.506 -0.061
659.213 -0.062
663.858 -0.063
668.448 -0.064
672.982 -0.065
677.447 -0.066
681.83 -0.067
686.118 -0.068
690.291 -0.069
694.333 -0.07
698.213 -0.071
701.951 -0.072
705.618 -0.073
709.159 -0.074
712.501 -0.075
715.623 -0.076
718.656 -0.077
721.624 -0.078
724.465 -0.079
727.136 -0.08
729.595 -0.081
731.872 -0.082
733.978 -0.083
735.882 -0.084
737.655 -0.085
739.358 -0.086
740.99 -0.087
742.548 -0.088
744.036 -0.089
745.433 -0.09
746.698 -0.091
747.835 -0.092
748.843 -0.093
749.779 -0.094
750.65 -0.095
751.464 -0.096
752.223 -0.097
752.9 -0.098
753.508 -0.099
754.051 -0.1
754.515 -0.101
754.913 -0.102
755.258 -0.103
755.568 -0.104
755.843 -0.105
756.088 -0.106
756.303 -0.107
756.489 -0.108
756.646 -0.109
756.766 -0.11
756.833 -0.111
756.866 -0.112
756.847 -0.113
756.799 -0.114
756.697 -0.115
756.568 -0.116
756.389 -0.117
756.175 -0.118
755.937 -0.119
755.667 -0.12
755.376 -0.121
755.059 -0.122
754.721 -0.123
754.362 -0.124
753.987 -0.125
753.598 -0.126
753.199 -0.127
752.785 -0.128
752.36 -0.129
751.924 -0.13
751.476 -0.131
751.016 -0.132
750.546 -0.133
750.065 -0.134
749.573 -0.135
749.071 -0.136
748.559 -0.137
748.038 -0.138
747.506 -0.139
746.964 -0.14
746.409 -0.141
745.84 -0.142
745.262 -0.143
744.674 -0.144
744.075 -0.145
743.467 -0.146
742.849 -0.147
742.221 -0.148
741.582 -0.149
740.936 -0.15
740.283 -0.151
739.622 -0.152
738.953 -0.153
738.273 -0.154
737.584 -0.155
736.885 -0.156
736.18 -0.157
735.469 -0.158
734.749 -0.159
734.024 -0.16
733.294 -0.161
732.559 -0.162
731.821 -0.163
731.078 -0.164
730.328 -0.165
729.575 -0.166
728.819 -0.167
728.059 -0.168
727.296 -0.169
726.531 -0.17
725.763 -0.171
724.992 -0.172
724.219 -0.173
723.443 -0.174
722.662 -0.175
721.877 -0.176
721.09 -0.177
720.301 -0.178
719.511 -0.179
718.719 -0.18
717.926 -0.181
717.132 -0.182
716.337 -0.183
715.54 -0.184
714.742 -0.185
713.943 -0.186
713.142 -0.187
712.341 -0.188
711.538 -0.189
710.733 -0.19
709.926 -0.191
709.117 -0.192
708.308 -0.193
707.497 -0.194
706.685 -0.195
705.872 -0.196
705.059 -0.197
704.246 -0.198
703.433 -0.199
702.619 -0.2
701.805 -0.201
700.991 -0.202
700.175 -0.203
699.36 -0.204
698.544 -0.205
697.728 -0.206
696.912 -0.207
696.096 -0.208
695.279 -0.209
694.463 -0.21
693.647 -0.211
692.83 -0.212
692.013 -0.213
691.196 -0.214
690.379 -0.215
689.562 -0.216
688.745 -0.217
687.928 -0.218
687.11 -0.219
686.293 -0.22
685.476 -0.221
684.658 -0.222
683.842 -0.223
683.025 -0.224
682.209 -0.225
681.392 -0.226
680.576 -0.227
679.761 -0.228
678.946 -0.229
678.132 -0.23
677.318 -0.231
676.505 -0.232
675.693 -0.233
674.881 -0.234
674.07 -0.235
673.26 -0.236
672.448 -0.237
671.638 -0.238
670.828 -0.239
670.019 -0.24
669.211 -0.241
668.404 -0.242
667.598 -0.243
666.793 -0.244
665.989 -0.245
665.186 -0.246
664.392 -0.247
663.603 -0.248
662.82 -0.249
662.045 -0.25
661.274 -0.251
660.51 -0.252
659.753 -0.253
659 -0.254
658.254 -0.255
657.51 -0.256
656.767 -0.257
656.025 -0.258
655.285 -0.259
654.546 -0.26
653.808 -0.261
653.071 -0.262
652.336 -0.263
651.602 -0.264
650.869 -0.265
650.138 -0.266
649.408 -0.267
648.68 -0.268
647.953 -0.269
647.228 -0.27
646.504 -0.271
645.781 -0.272
645.06 -0.273
644.341 -0.274
643.623 -0.275
642.907 -0.276
642.192 -0.277
641.479 -0.278
640.768 -0.279
640.059 -0.28
639.351 -0.281
638.645 -0.282
637.941 -0.283
637.238 -0.284
636.537 -0.285
635.838 -0.286
635.141 -0.287
634.446 -0.288
633.754 -0.289
633.067 -0.29
632.383 -0.291
631.704 -0.292
631.029 -0.293
630.366 -0.294
629.707 -0.295
629.057 -0.296
628.413 -0.297
627.779 -0.298
627.148 -0.299
626.527 -0.3
625.911 -0.301
625.303 -0.302
624.703 -0.303
624.107 -0.304
623.519 -0.305
622.932 -0.306
622.347 -0.307
621.765 -0.308
621.183 -0.309
620.604 -0.31
620.024 -0.311
619.446 -0.312
618.87 -0.313
618.294 -0.314
617.72 -0.315
617.147 -0.316
616.577 -0.317
616.008 -0.318
615.442 -0.319
614.877 -0.32
614.314 -0.321
613.753 -0.322
613.194 -0.323
612.635 -0.324
612.077 -0.325
611.521 -0.326
610.966 -0.327
610.411 -0.328
609.858 -0.329
609.307 -0.33
608.759 -0.331
608.212 -0.332
607.667 -0.333
607.124 -0.334
606.584 -0.335
606.045 -0.336
605.504 -0.337
604.966 -0.338
604.429 -0.339
603.89 -0.34
603.348 -0.341
602.804 -0.342
602.263 -0.343
601.723 -0.344
601.185 -0.345
600.648 -0.346
600.114 -0.347
599.581 -0.348
599.047 -0.349
598.514 -0.35
597.983 -0.351
597.454 -0.352
596.925 -0.353
596.397 -0.354
595.874 -0.355
595.353 -0.356
594.835 -0.357
594.32 -0.358
593.81 -0.359
593.301 -0.36
592.795 -0.361
592.29 -0.362
591.785 -0.363
591.283 -0.364
590.786 -0.365
590.291 -0.366
589.796 -0.367
589.306 -0.368
588.819 -0.369
588.331 -0.37
587.846 -0.371
587.368 -0.372
586.892 -0.373
586.417 -0.374
585.944 -0.375
585.475 -0.376
585.007 -0.377
584.541 -0.378
584.077 -0.379
583.615 -0.38
583.153 -0.381
582.692 -0.382
582.233 -0.383
581.776 -0.384
581.322 -0.385
580.87 -0.386
580.42 -0.387
579.972 -0.388
579.526 -0.389
579.083 -0.39
578.642 -0.391
578.201 -0.392
577.76 -0.393
577.32 -0.394
576.883 -0.395
576.447 -0.396
576.013 -0.397
575.581 -0.398
575.151 -0.399
574.723 -0.4
574.297 -0.401
573.873 -0.402
573.451 -0.403
573.03 -0.404
572.607 -0.405
572.186 -0.406
571.766 -0.407
571.349 -0.408
570.933 -0.409
570.519 -0.41
570.107 -0.411
569.698 -0.412
569.29 -0.413
568.884 -0.414
568.481 -0.415
568.079 -0.416
567.679 -0.417
567.28 -0.418
566.88 -0.419
566.483 -0.42
566.088 -0.421
565.695 -0.422
565.304 -0.423
564.915 -0.424
564.528 -0.425
564.144 -0.426
563.759 -0.427
563.377 -0.428
562.997 -0.429
562.618 -0.43
562.242 -0.431
561.864 -0.432
561.488 -0.433
561.113 -0.434
560.741 -0.435
560.371 -0.436
560.003 -0.437
559.637 -0.438
559.273 -0.439
558.912 -0.44
558.553 -0.441
558.196 -0.442
557.841 -0.443
557.488 -0.444
557.135 -0.445
556.784 -0.446
556.436 -0.447
556.089 -0.448
555.745 -0.449
555.404 -0.45
555.064 -0.451
554.727 -0.452
554.392 -0.453
554.06 -0.454
553.73 -0.455
553.402 -0.456
553.077 -0.457
552.753 -0.458
552.432 -0.459
552.11 -0.46
551.791 -0.461
551.476 -0.462
551.164 -0.463
550.854 -0.464
550.547 -0.465
550.244 -0.466
549.943 -0.467
549.646 -0.468
549.35 -0.469
549.06 -0.47
548.772 -0.471
548.484 -0.472
548.196 -0.473
547.911 -0.474
547.625 -0.475
547.341 -0.476
547.059 -0.477
546.782 -0.478
546.508 -0.479
546.236 -0.48
545.968 -0.481
545.704 -0.482
545.442 -0.483
545.179 -0.484
544.911 -0.485
544.646 -0.486
544.383 -0.487
544.123 -0.488
543.866 -0.489
543.61 -0.49
543.357 -0.491
543.107 -0.492
542.859 -0.493
542.613 -0.494
542.365 -0.495
542.119 -0.496
541.875 -0.497
541.634 -0.498
541.395 -0.499
541.16 -0.5
540.927 -0.501
540.697 -0.502
540.469 -0.503
540.239 -0.504
540.009 -0.505
539.782 -0.506
539.559 -0.507
539.338 -0.508
539.12 -0.509
538.903 -0.51
538.689 -0.511
538.478 -0.512
538.266 -0.513
538.054 -0.514
537.844 -0.515
537.633 -0.516
537.424 -0.517
537.217 -0.518
537.013 -0.519
536.812 -0.52
536.613 -0.521
536.409 -0.522
536.207 -0.523
536.008 -0.524
535.811 -0.525
535.615 -0.526
535.42 -0.527
535.228 -0.528
535.033 -0.529
534.841 -0.53
534.65 -0.531
534.462 -0.532
534.276 -0.533
534.092 -0.534
533.91 -0.535
533.727 -0.536
533.547 -0.537
533.37 -0.538
533.195 -0.539
533.021 -0.54
532.844 -0.541
532.67 -0.542
532.498 -0.543
532.324 -0.544
532.153 -0.545
531.983 -0.546
531.815 -0.547
531.65 -0.548
531.488 -0.549
531.328 -0.55
531.164 -0.551
530.997 -0.552
530.831 -0.553
530.668 -0.554
530.506 -0.555
530.348 -0.556
530.191 -0.557
530.037 -0.558
529.885 -0.559
529.726 -0.56
529.564 -0.561
529.403 -0.562
529.245 -0.563
529.084 -0.564
528.925 -0.565
528.768 -0.566
528.606 -0.567
528.445 -0.568
528.277 -0.569
528.11 -0.57
527.946 -0.571
527.782 -0.572
527.615 -0.573
527.45 -0.574
527.287 -0.575
527.125 -0.576
526.964 -0.577
526.802 -0.578
526.643 -0.579
526.486 -0.58
526.326 -0.581
526.167 -0.582
526.009 -0.583
525.854 -0.584
525.699 -0.585
525.544 -0.586
525.39 -0.587
525.239 -0.588
525.089 -0.589
524.936 -0.59
524.785 -0.591
524.636 -0.592
524.487 -0.593
524.337 -0.594
524.19 -0.595
524.045 -0.596
523.902 -0.597
523.761 -0.598
523.618 -0.599
523.476 -0.6
523.332 -0.601
523.19 -0.602
523.049 -0.603
522.911 -0.604
522.776 -0.605
522.642 -0.606
522.51 -0.607
522.375 -0.608
522.237 -0.609
522.102 -0.61
521.969 -0.611
521.838 -0.612
521.709 -0.613
521.582 -0.614
521.457 -0.615
521.331 -0.616
521.206 -0.617
521.083 -0.618
520.963 -0.619
520.845 -0.62
520.726 -0.621
520.61 -0.622
520.496 -0.623
520.384 -0.624
520.274 -0.625
520.167 -0.626
520.061 -0.627
519.958 -0.628
519.854 -0.629
519.753 -0.63
519.654 -0.631
519.558 -0.632
519.464 -0.633
519.372 -0.634
519.282 -0.635
519.192 -0.636
519.104 -0.637
519.019 -0.638
518.936 -0.639
518.855 -0.64
518.777 -0.641
518.701 -0.642
518.625 -0.643
518.552 -0.644
518.481 -0.645
518.412 -0.646
518.345 -0.647
518.281 -0.648
518.219 -0.649
518.158 -0.65
518.099 -0.651
518.042 -0.652
517.988 -0.653
517.937 -0.654
517.888 -0.655
517.841 -0.656
517.795 -0.657
517.751 -0.658
517.71 -0.659
517.671 -0.66
517.635 -0.661
517.601 -0.662
517.571 -0.663
517.543 -0.664
517.517 -0.665
517.495 -0.666
517.474 -0.667
517.457 -0.668
517.441 -0.669
517.429 -0.67
517.419 -0.671
517.412 -0.672
517.408 -0.673
517.407 -0.674
517.408 -0.675
517.412 -0.676
517.419 -0.677
517.429 -0.678
517.442 -0.679
517.458 -0.68
517.477 -0.681
517.498 -0.682
517.523 -0.683
517.55 -0.684
517.58 -0.685
517.613 -0.686
517.648 -0.687
517.686 -0.688
517.726 -0.689
517.769 -0.69
517.815 -0.691
517.864 -0.692
517.915 -0.693
517.97 -0.694
518.026 -0.695
518.086 -0.696
518.148 -0.697
518.211 -0.698
518.271 -0.699
518.333 -0.7
518.395 -0.701
518.454 -0.702
518.516 -0.703
518.573 -0.704
518.631 -0.705
518.688 -0.706
518.741 -0.707
518.795 -0.708
518.843 -0.709
518.894 -0.71
518.942 -0.711
518.987 -0.712
519.035 -0.713
519.084 -0.714
519.13 -0.715
519.179 -0.716
519.222 -0.717
519.269 -0.718
519.311 -0.719
519.355 -0.72
519.396 -0.721
519.439 -0.722
519.482 -0.723
519.522 -0.724
519.566 -0.725
519.605 -0.726
519.646 -0.727
519.69 -0.728
519.736 -0.729
519.785 -0.73
519.836 -0.731
519.889 -0.732
519.945 -0.733
520.004 -0.734
520.065 -0.735
520.129 -0.736
520.195 -0.737
520.264 -0.738
520.335 -0.739
520.409 -0.74
520.486 -0.741
520.565 -0.742
520.647 -0.743
520.732 -0.744
520.819 -0.745
520.909 -0.746
521.002 -0.747
521.098 -0.748
521.195 -0.749
521.294 -0.75
521.397 -0.751
521.501 -0.752
521.607 -0.753
521.717 -0.754
521.827 -0.755
521.94 -0.756
522.055 -0.757
522.172 -0.758
522.292 -0.759
522.413 -0.76
522.536 -0.761
522.662 -0.762
522.789 -0.763
522.919 -0.764
523.052 -0.765
523.188 -0.766
523.327 -0.767
523.469 -0.768
523.61 -0.769
523.748 -0.77
523.882 -0.771
524.016 -0.772
524.142 -0.773
524.268 -0.774
524.389 -0.775
524.506 -0.776
524.622 -0.777
524.731 -0.778
524.841 -0.779
524.953 -0.78
525.068 -0.781
525.186 -0.782
525.306 -0.783
525.428 -0.784
525.554 -0.785
525.681 -0.786
525.812 -0.787
525.945 -0.788
526.08 -0.789
526.218 -0.79
526.358 -0.791
526.502 -0.792
526.648 -0.793
526.796 -0.794
526.948 -0.795
527.102 -0.796
527.258 -0.797
527.418 -0.798
527.58 -0.799
527.744 -0.8
527.911 -0.801
528.082 -0.802
528.254 -0.803
528.43 -0.804
528.603 -0.805
528.776 -0.806
528.947 -0.807
529.117 -0.808
529.286 -0.809
529.455 -0.81
529.623 -0.811
529.79 -0.812
529.958 -0.813
530.128 -0.814
530.301 -0.815
530.477 -0.816
530.656 -0.817
530.837 -0.818
531.021 -0.819
531.208 -0.82
531.399 -0.821
531.592 -0.822
531.787 -0.823
531.986 -0.824
532.187 -0.825
532.391 -0.826
532.598 -0.827
532.808 -0.828
533.021 -0.829
533.237 -0.83
533.455 -0.831
533.676 -0.832
533.901 -0.833
534.128 -0.834
534.357 -0.835
534.589 -0.836
534.825 -0.837
535.063 -0.838
535.304 -0.839
535.548 -0.84
535.795 -0.841
536.045 -0.842
536.297 -0.843
536.553 -0.844
536.812 -0.845
537.073 -0.846
537.337 -0.847
537.604 -0.848
537.873 -0.849
538.145 -0.85
538.415 -0.851
538.648 -0.852
538.87 -0.853
539.094 -0.854
539.322 -0.855
539.552 -0.856
539.784 -0.857
540.02 -0.858
540.258 -0.859
540.499 -0.86
540.742 -0.861
540.988 -0.862
541.237 -0.863
541.489 -0.864
541.743 -0.865
542 -0.866
542.26 -0.867
542.518 -0.868
542.775 -0.869
543.03 -0.87
543.288 -0.871
543.549 -0.872
543.813 -0.873
544.079 -0.874
544.348 -0.875
544.62 -0.876
544.895 -0.877
545.173 -0.878
545.453 -0.879
545.736 -0.88
546.022 -0.881
546.311 -0.882
546.603 -0.883
546.897 -0.884
547.193 -0.885
547.486 -0.886
547.776 -0.887
548.062 -0.888
548.347 -0.889
548.629 -0.89
548.91 -0.891
549.191 -0.892
549.474 -0.893
549.76 -0.894
550.049 -0.895
550.34 -0.896
550.634 -0.897
550.931 -0.898
551.23 -0.899
551.532 -0.9
551.838 -0.901
552.145 -0.902
552.456 -0.903
552.769 -0.904
553.085 -0.905
553.403 -0.906
553.723 -0.907
554.047 -0.908
554.373 -0.909
554.703 -0.91
555.035 -0.911
555.37 -0.912
555.708 -0.913
556.048 -0.914
556.391 -0.915
556.738 -0.916
557.086 -0.917
557.437 -0.918
557.79 -0.919
558.146 -0.92
558.505 -0.921
558.866 -0.922
559.229 -0.923
559.593 -0.924
559.949 -0.925
560.3 -0.926
560.645 -0.927
560.983 -0.928
561.315 -0.929
561.645 -0.93
561.976 -0.931
562.305 -0.932
562.637 -0.933
562.971 -0.934
563.308 -0.935
563.647 -0.936
563.989 -0.937
564.334 -0.938
564.681 -0.939
565.031 -0.94
565.383 -0.941
565.738 -0.942
566.095 -0.943
566.454 -0.944
566.816 -0.945
567.181 -0.946
567.548 -0.947
567.918 -0.948
568.291 -0.949
568.666 -0.95
569.045 -0.951
569.426 -0.952
569.81 -0.953
570.196 -0.954
570.585 -0.955
570.977 -0.956
571.371 -0.957
571.768 -0.958
572.168 -0.959
572.566 -0.96
572.965 -0.961
573.362 -0.962
573.758 -0.963
574.153 -0.964
574.549 -0.965
574.945 -0.966
575.343 -0.967
575.742 -0.968
576.142 -0.969
576.544 -0.97
576.949 -0.971
577.357 -0.972
577.767 -0.973
578.18 -0.974
578.595 -0.975
579.012 -0.976
579.432 -0.977
579.855 -0.978
580.28 -0.979
580.707 -0.98
581.136 -0.981
581.569 -0.982
582.003 -0.983
582.44 -0.984
582.88 -0.985
583.322 -0.986
583.766 -0.987
584.213 -0.988
584.663 -0.989
585.116 -0.99
585.572 -0.991
586.03 -0.992
586.49 -0.993
586.953 -0.994
587.418 -0.995
587.886 -0.996
588.357 -0.997
588.83 -0.998
589.306 -0.999
589.784 -1
590.266 -1.001
590.75 -1.002
591.236 -1.003
591.719 -1.004
592.204 -1.005
592.684 -1.006
593.166 -1.007
593.645 -1.008
594.125 -1.009
594.603 -1.01
595.081 -1.011
595.557 -1.012
596.034 -1.013
596.509 -1.014
596.987 -1.015
597.466 -1.016
597.949 -1.017
598.434 -1.018
598.921 -1.019
599.412 -1.02
599.904 -1.021
600.4 -1.022
600.898 -1.023
601.399 -1.024
601.902 -1.025
602.408 -1.026
602.916 -1.027
603.427 -1.028
603.941 -1.029
604.456 -1.03
604.973 -1.031
605.492 -1.032
606.014 -1.033
606.538 -1.034
607.064 -1.035
607.593 -1.036
608.125 -1.037
608.659 -1.038
609.196 -1.039
609.736 -1.04
610.278 -1.041
610.823 -1.042
611.371 -1.043
611.921 -1.044
612.475 -1.045
613.031 -1.046
613.59 -1.047
614.153 -1.048
614.718 -1.049
615.286 -1.05
615.856 -1.051
616.429 -1.052
617.003 -1.053
617.58 -1.054
618.159 -1.055
618.74 -1.056
619.325 -1.057
619.912 -1.058
620.501 -1.059
621.093 -1.06
621.688 -1.061
622.285 -1.062
622.884 -1.063
623.484 -1.064
624.085 -1.065
624.688 -1.066
625.292 -1.067
625.899 -1.068
626.508 -1.069
627.118 -1.07
627.731 -1.071
628.347 -1.072
628.965 -1.073
629.586 -1.074
630.207 -1.075
630.832 -1.076
631.459 -1.077
632.089 -1.078
632.72 -1.079
633.354 -1.08
633.989 -1.081
634.626 -1.082
635.266 -1.083
635.907 -1.084
636.549 -1.085
637.194 -1.086
637.842 -1.087
638.493 -1.088
639.147 -1.089
639.803 -1.09
640.462 -1.091
641.123 -1.092
641.787 -1.093
642.453 -1.094
643.121 -1.095
643.789 -1.096
644.458 -1.097
645.129 -1.098
645.801 -1.099
646.476 -1.1
647.153 -1.101
647.83 -1.102
648.51 -1.103
649.191 -1.104
649.873 -1.105
650.555 -1.106
651.238 -1.107
651.922 -1.108
652.605 -1.109
653.29 -1.11
653.976 -1.111
654.661 -1.112
655.345 -1.113
656.031 -1.114
656.719 -1.115
657.405 -1.116
658.094 -1.117
658.785 -1.118
659.479 -1.119
660.174 -1.12
660.871 -1.121
661.57 -1.122
662.272 -1.123
662.975 -1.124
663.679 -1.125
664.385 -1.126
665.094 -1.127
665.805 -1.128
666.519 -1.129
667.236 -1.13
667.956 -1.131
668.674 -1.132
669.387 -1.133
670.096 -1.134
670.805 -1.135
671.516 -1.136
672.23 -1.137
672.945 -1.138
673.663 -1.139
674.383 -1.14
675.105 -1.141
675.83 -1.142
676.558 -1.143
677.288 -1.144
678.022 -1.145
678.758 -1.146
679.498 -1.147
680.24 -1.148
680.986 -1.149
681.734 -1.15
682.485 -1.151
683.238 -1.152
683.993 -1.153
684.751 -1.154
685.51 -1.155
686.271 -1.156
687.035 -1.157
687.8 -1.158
688.567 -1.159
689.337 -1.16
690.11 -1.161
690.885 -1.162
691.662 -1.163
692.442 -1.164
693.224 -1.165
694.01 -1.166
694.796 -1.167
695.583 -1.168
696.372 -1.169
697.164 -1.17
697.957 -1.171
698.75 -1.172
699.544 -1.173
700.341 -1.174
701.141 -1.175
701.943 -1.176
702.747 -1.177
703.553 -1.178
704.36 -1.179
705.169 -1.18
705.98 -1.181
706.792 -1.182
707.606 -1.183
708.423 -1.184
709.243 -1.185
710.065 -1.186
710.89 -1.187
711.718 -1.188
712.548 -1.189
713.381 -1.19
714.217 -1.191
715.055 -1.192
715.895 -1.193
716.738 -1.194
717.583 -1.195
718.431 -1.196
719.281 -1.197
720.133 -1.198
720.988 -1.199
721.842 -1.2
722.694 -1.201
723.541 -1.202
724.386 -1.203
725.228 -1.204
726.074 -1.205
726.92 -1.206
727.769 -1.207
728.612 -1.208
729.455 -1.209
730.299 -1.21
731.142 -1.211
731.985 -1.212
732.829 -1.213
733.673 -1.214
734.516 -1.215
735.357 -1.216
736.196 -1.217
737.027 -1.218
737.845 -1.219
738.605 -1.22
739.355 -1.221
740.106 -1.222
740.857 -1.223
741.605 -1.224
742.353 -1.225
743.097 -1.226
743.844 -1.227
744.588 -1.228
745.331 -1.229
745.869 -1.23
746.546 -1.231
747.218 -1.232
747.885 -1.233
748.548 -1.234
749.212 -1.235
749.879 -1.236
750.548 -1.237
751.216 -1.238
751.883 -1.239
752.55 -1.24
753.211 -1.241
753.873 -1.242
754.537 -1.243
755.202 -1.244
755.863 -1.245
756.527 -1.246
757.192 -1.247
757.86 -1.248
758.53 -1.249
759.202 -1.25
759.868 -1.251
760.537 -1.252
761.208 -1.253
761.879 -1.254
762.553 -1.255
763.229 -1.256
763.905 -1.257
764.625 -1.258
765.456 -1.259
766.289 -1.26
767.123 -1.261
767.959 -1.262
768.797 -1.263
769.636 -1.264
770.477 -1.265
771.319 -1.266
772.164 -1.267
773.01 -1.268
773.858 -1.269
774.708 -1.27
775.56 -1.271
776.413 -1.272
777.268 -1.273
778.125 -1.274
778.984 -1.275
779.738 -1.276
780.515 -1.277
781.295 -1.278
782.064 -1.279
782.813 -1.28
783.565 -1.281
784.319 -1.282
785.076 -1.283
785.834 -1.284
786.596 -1.285
787.359 -1.286
788.125 -1.287
788.893 -1.288
789.662 -1.289
790.434 -1.29
791.208 -1.291
791.984 -1.292
792.763 -1.293
793.544 -1.294
794.328 -1.295
795.114 -1.296
795.902 -1.297
796.693 -1.298
797.482 -1.299
798.255 -1.3
799.025 -1.301
799.797 -1.302
800.572 -1.303
801.349 -1.304
802.128 -1.305
802.907 -1.306
803.826 -1.307
804.751 -1.308
805.679 -1.309
806.609 -1.31
807.54 -1.311
808.467 -1.312
809.397 -1.313
810.329 -1.314
811.263 -1.315
812.2 -1.316
813.139 -1.317
814.071 -1.318
815.005 -1.319
815.942 -1.32
816.881 -1.321
817.823 -1.322
818.766 -1.323
819.713 -1.324
820.661 -1.325
821.612 -1.326
822.535 -1.327
823.447 -1.328
824.362 -1.329
825.28 -1.33
826.199 -1.331
827.121 -1.332
828.046 -1.333
828.973 -1.334
829.902 -1.335
830.834 -1.336
831.768 -1.337
832.703 -1.338
833.641 -1.339
834.581 -1.34
835.523 -1.341
836.468 -1.342
837.415 -1.343
838.365 -1.344
839.305 -1.345
840.244 -1.346
841.177 -1.347
842.108 -1.348
843.041 -1.349
843.977 -1.35
844.915 -1.351
845.856 -1.352
846.799 -1.353
847.744 -1.354
848.692 -1.355
849.642 -1.356
850.594 -1.357
851.549 -1.358
852.505 -1.359
853.464 -1.36
854.425 -1.361
855.389 -1.362
856.356 -1.363
857.324 -1.364
858.291 -1.365
859.26 -1.366
860.217 -1.367
861.171 -1.368
862.127 -1.369
863.086 -1.37
864.047 -1.371
865.011 -1.372
865.978 -1.373
866.947 -1.374
867.919 -1.375
868.893 -1.376
869.87 -1.377
870.85 -1.378
871.832 -1.379
872.817 -1.38
873.804 -1.381
874.794 -1.382
875.786 -1.383
876.782 -1.384
877.779 -1.385
878.78 -1.386
879.783 -1.387
880.789 -1.388
881.797 -1.389
882.808 -1.39
883.822 -1.391
884.838 -1.392
885.857 -1.393
886.879 -1.394
887.903 -1.395
888.93 -1.396
889.96 -1.397
890.993 -1.398
892.028 -1.399
893.063 -1.4
