8.91943 -0.001
17.8189 -0.002
26.6981 -0.003
35.5566 -0.004
44.394 -0.005
53.2101 -0.006
62.0043 -0.007
70.7762 -0.008
79.5254 -0.009
88.2514 -0.01
96.9537 -0.011
105.632 -0.012
114.285 -0.013
122.913 -0.014
131.515 -0.015
140.091 -0.016
148.639 -0.017
157.159 -0.018
165.651 -0.019
174.112 -0.02
182.51 -0.021
190.225 -0.022
196.516 -0.023
202.679 -0.024
208.815 -0.025
214.932 -0.026
221.04 -0.027
227.13 -0.028
233.2 -0.029
239.248 -0.03
245.271 -0.031
251.272 -0.032
257.25 -0.033
263.204 -0.034
269.134 -0.035
275.038 -0.036
280.918 -0.037
286.773 -0.038
292.604 -0.039
298.411 -0.04
304.192 -0.041
309.949 -0.042
315.615 -0.043
320.898 -0.044
325.455 -0.045
328.819 -0.046
331.803 -0.047
334.723 -0.048
337.532 -0.049
340.204 -0.05
342.675 -0.051
344.859 -0.052
346.763 -0.053
348.286 -0.054
349.322 -0.055
350.102 -0.056
350.743 -0.057
351.266 -0.058
351.71 -0.059
352.141 -0.06
352.543 -0.061
352.909 -0.062
353.238 -0.063
353.529 -0.064
353.776 -0.065
354.004 -0.066
354.214 -0.067
354.414 -0.068
354.605 -0.069
354.786 -0.07
354.957 -0.071
355.119 -0.072
355.273 -0.073
355.418 -0.074
355.555 -0.075
355.685 -0.076
355.806 -0.077
355.921 -0.078
356.03 -0.079
356.135 -0.08
356.236 -0.081
356.331 -0.082
356.42 -0.083
356.506 -0.084
356.583 -0.085
356.657 -0.086
356.724 -0.087
356.785 -0.088
356.841 -0.089
356.893 -0.09
356.941 -0.091
356.987 -0.092
357.031 -0.093
357.072 -0.094
357.112 -0.095
357.149 -0.096
357.184 -0.097
357.216 -0.098
357.246 -0.099
357.272 -0.1
357.296 -0.101
357.317 -0.102
357.337 -0.103
357.356 -0.104
357.373 -0.105
357.389 -0.106
357.405 -0.107
357.418 -0.108
357.428 -0.109
357.437 -0.11
357.445 -0.111
357.449 -0.112
357.451 -0.113
357.452 -0.114
357.451 -0.115
357.447 -0.116
357.443 -0.117
357.438 -0.118
357.431 -0.119
357.423 -0.12
357.413 -0.121
357.403 -0.122
357.39 -0.123
357.376 -0.124
357.361 -0.125
357.344 -0.126
357.325 -0.127
357.305 -0.128
357.285 -0.129
357.263 -0.13
357.24 -0.131
357.216 -0.132
357.192 -0.133
357.167 -0.134
357.143 -0.135
357.117 -0.136
357.091 -0.137
357.063 -0.138
357.035 -0.139
357.005 -0.14
356.974 -0.141
356.942 -0.142
356.91 -0.143
356.877 -0.144
356.843 -0.145
356.808 -0.146
356.772 -0.147
356.736 -0.148
356.699 -0.149
356.662 -0.15
356.627 -0.151
356.592 -0.152
356.559 -0.153
356.527 -0.154
356.495 -0.155
356.464 -0.156
356.433 -0.157
356.404 -0.158
356.374 -0.159
356.346 -0.16
356.317 -0.161
356.287 -0.162
356.257 -0.163
356.226 -0.164
356.196 -0.165
356.165 -0.166
356.134 -0.167
356.102 -0.168
356.07 -0.169
356.038 -0.17
356.006 -0.171
355.974 -0.172
355.943 -0.173
355.912 -0.174
355.885 -0.175
355.859 -0.176
355.835 -0.177
355.812 -0.178
355.791 -0.179
355.772 -0.18
355.754 -0.181
355.738 -0.182
355.722 -0.183
355.71 -0.184
355.697 -0.185
355.686 -0.186
355.677 -0.187
355.668 -0.188
355.659 -0.189
355.649 -0.19
355.639 -0.191
355.629 -0.192
355.619 -0.193
355.607 -0.194
355.596 -0.195
355.585 -0.196
355.573 -0.197
355.561 -0.198
355.549 -0.199
355.537 -0.2
355.525 -0.201
355.515 -0.202
355.505 -0.203
355.495 -0.204
355.487 -0.205
355.48 -0.206
355.473 -0.207
355.466 -0.208
355.461 -0.209
355.457 -0.21
355.453 -0.211
355.449 -0.212
355.447 -0.213
355.445 -0.214
355.443 -0.215
355.443 -0.216
355.443 -0.217
355.443 -0.218
355.445 -0.219
355.448 -0.22
355.451 -0.221
355.455 -0.222
355.459 -0.223
355.464 -0.224
355.469 -0.225
355.474 -0.226
355.479 -0.227
355.485 -0.228
355.492 -0.229
355.498 -0.23
355.505 -0.231
355.512 -0.232
355.52 -0.233
355.527 -0.234
355.535 -0.235
355.543 -0.236
355.551 -0.237
355.56 -0.238
355.569 -0.239
355.578 -0.24
355.587 -0.241
355.596 -0.242
355.606 -0.243
355.617 -0.244
355.628 -0.245
355.64 -0.246
355.652 -0.247
355.666 -0.248
355.681 -0.249
355.697 -0.25
355.714 -0.251
355.731 -0.252
355.75 -0.253
355.768 -0.254
355.79 -0.255
355.811 -0.256
355.833 -0.257
355.856 -0.258
355.88 -0.259
355.905 -0.26
355.931 -0.261
355.958 -0.262
355.986 -0.263
356.015 -0.264
356.044 -0.265
356.076 -0.266
356.107 -0.267
356.14 -0.268
356.172 -0.269
356.205 -0.27
356.239 -0.271
356.273 -0.272
356.309 -0.273
356.345 -0.274
356.381 -0.275
356.418 -0.276
356.455 -0.277
356.492 -0.278
356.53 -0.279
356.569 -0.28
356.608 -0.281
356.647 -0.282
356.687 -0.283
356.728 -0.284
356.768 -0.285
356.809 -0.286
356.851 -0.287
356.893 -0.288
356.936 -0.289
356.979 -0.29
357.022 -0.291
357.066 -0.292
357.111 -0.293
357.157 -0.294
357.203 -0.295
357.25 -0.296
357.297 -0.297
357.346 -0.298
357.395 -0.299
357.445 -0.3
357.495 -0.301
357.546 -0.302
357.598 -0.303
357.651 -0.304
357.704 -0.305
357.757 -0.306
357.812 -0.307
357.867 -0.308
357.923 -0.309
357.98 -0.31
358.037 -0.311
358.095 -0.312
358.153 -0.313
358.213 -0.314
358.273 -0.315
358.333 -0.316
358.394 -0.317
358.456 -0.318
358.519 -0.319
358.582 -0.32
358.647 -0.321
358.712 -0.322
358.778 -0.323
358.844 -0.324
358.91 -0.325
358.977 -0.326
359.045 -0.327
359.113 -0.328
359.182 -0.329
359.252 -0.33
359.323 -0.331
359.394 -0.332
359.465 -0.333
359.537 -0.334
359.61 -0.335
359.684 -0.336
359.757 -0.337
359.832 -0.338
359.907 -0.339
359.983 -0.34
360.06 -0.341
360.137 -0.342
360.215 -0.343
360.294 -0.344
360.373 -0.345
360.453 -0.346
360.533 -0.347
360.614 -0.348
360.696 -0.349
360.779 -0.35
360.862 -0.351
360.946 -0.352
361.031 -0.353
361.116 -0.354
361.202 -0.355
361.289 -0.356
361.376 -0.357
361.464 -0.358
361.552 -0.359
361.642 -0.36
361.732 -0.361
361.823 -0.362
361.914 -0.363
362.007 -0.364
362.1 -0.365
362.194 -0.366
362.288 -0.367
362.384 -0.368
362.48 -0.369
362.577 -0.37
362.675 -0.371
362.773 -0.372
362.873 -0.373
362.973 -0.374
363.075 -0.375
363.177 -0.376
363.279 -0.377
363.383 -0.378
363.487 -0.379
363.592 -0.38
363.697 -0.381
363.804 -0.382
363.912 -0.383
364.02 -0.384
364.129 -0.385
364.239 -0.386
364.349 -0.387
364.46 -0.388
364.572 -0.389
364.685 -0.39
364.799 -0.391
364.914 -0.392
365.029 -0.393
365.145 -0.394
365.262 -0.395
365.38 -0.396
365.498 -0.397
365.618 -0.398
365.738 -0.399
365.86 -0.4
365.982 -0.401
366.105 -0.402
366.228 -0.403
366.353 -0.404
366.478 -0.405
366.604 -0.406
366.732 -0.407
366.86 -0.408
366.989 -0.409
367.118 -0.41
367.249 -0.411
367.38 -0.412
367.512 -0.413
367.645 -0.414
367.779 -0.415
367.914 -0.416
368.049 -0.417
368.186 -0.418
368.323 -0.419
368.461 -0.42
368.6 -0.421
368.739 -0.422
368.88 -0.423
369.021 -0.424
369.164 -0.425
369.307 -0.426
369.451 -0.427
369.596 -0.428
369.741 -0.429
369.888 -0.43
370.035 -0.431
370.184 -0.432
370.333 -0.433
370.483 -0.434
370.634 -0.435
370.786 -0.436
370.939 -0.437
371.092 -0.438
371.247 -0.439
371.403 -0.44
371.559 -0.441
371.717 -0.442
371.875 -0.443
372.034 -0.444
372.194 -0.445
372.356 -0.446
372.518 -0.447
372.681 -0.448
372.844 -0.449
373.009 -0.45
373.175 -0.451
373.341 -0.452
373.508 -0.453
373.676 -0.454
373.845 -0.455
374.015 -0.456
374.185 -0.457
374.356 -0.458
374.528 -0.459
374.701 -0.46
374.874 -0.461
375.049 -0.462
375.224 -0.463
375.399 -0.464
375.575 -0.465
375.752 -0.466
375.929 -0.467
376.107 -0.468
376.287 -0.469
376.465 -0.47
376.644 -0.471
376.823 -0.472
377.002 -0.473
377.181 -0.474
377.362 -0.475
377.544 -0.476
377.726 -0.477
377.91 -0.478
378.094 -0.479
378.28 -0.48
378.466 -0.481
378.654 -0.482
378.842 -0.483
379.031 -0.484
379.222 -0.485
379.413 -0.486
379.605 -0.487
379.799 -0.488
379.993 -0.489
380.188 -0.49
380.385 -0.491
380.582 -0.492
380.78 -0.493
380.979 -0.494
381.18 -0.495
381.381 -0.496
381.583 -0.497
381.786 -0.498
381.989 -0.499
382.194 -0.5
382.399 -0.501
382.606 -0.502
382.813 -0.503
383.022 -0.504
383.231 -0.505
383.442 -0.506
383.653 -0.507
383.865 -0.508
384.078 -0.509
384.291 -0.51
384.506 -0.511
384.721 -0.512
384.938 -0.513
385.155 -0.514
385.374 -0.515
385.593 -0.516
385.813 -0.517
386.034 -0.518
386.255 -0.519
386.477 -0.52
386.701 -0.521
386.925 -0.522
387.151 -0.523
387.377 -0.524
387.604 -0.525
387.832 -0.526
388.061 -0.527
388.29 -0.528
388.521 -0.529
388.752 -0.53
388.985 -0.531
389.218 -0.532
389.453 -0.533
389.688 -0.534
389.924 -0.535
390.16 -0.536
390.398 -0.537
390.637 -0.538
390.877 -0.539
391.118 -0.54
391.359 -0.541
391.601 -0.542
391.844 -0.543
392.088 -0.544
392.333 -0.545
392.579 -0.546
392.826 -0.547
393.074 -0.548
393.323 -0.549
393.574 -0.55
393.826 -0.551
394.078 -0.552
394.332 -0.553
394.587 -0.554
394.843 -0.555
395.101 -0.556
395.359 -0.557
395.619 -0.558
395.879 -0.559
396.141 -0.56
396.404 -0.561
396.668 -0.562
396.934 -0.563
397.2 -0.564
397.468 -0.565
397.736 -0.566
398.006 -0.567
398.277 -0.568
398.55 -0.569
398.823 -0.57
399.097 -0.571
399.373 -0.572
399.649 -0.573
399.926 -0.574
400.205 -0.575
400.484 -0.576
400.764 -0.577
401.046 -0.578
401.328 -0.579
401.612 -0.58
401.897 -0.581
402.183 -0.582
402.47 -0.583
402.759 -0.584
403.048 -0.585
403.338 -0.586
403.629 -0.587
403.921 -0.588
404.215 -0.589
404.509 -0.59
404.805 -0.591
405.102 -0.592
405.399 -0.593
405.698 -0.594
405.998 -0.595
406.299 -0.596
406.6 -0.597
406.903 -0.598
407.207 -0.599
407.512 -0.6
407.818 -0.601
408.125 -0.602
408.433 -0.603
408.743 -0.604
409.052 -0.605
409.364 -0.606
409.676 -0.607
409.99 -0.608
410.304 -0.609
410.62 -0.61
410.936 -0.611
411.254 -0.612
411.572 -0.613
411.891 -0.614
412.212 -0.615
412.534 -0.616
412.857 -0.617
413.181 -0.618
413.505 -0.619
413.829 -0.62
414.155 -0.621
414.482 -0.622
414.81 -0.623
415.139 -0.624
415.469 -0.625
415.801 -0.626
416.133 -0.627
416.467 -0.628
416.803 -0.629
417.138 -0.63
417.475 -0.631
417.813 -0.632
418.153 -0.633
418.493 -0.634
418.834 -0.635
419.176 -0.636
419.519 -0.637
419.863 -0.638
420.208 -0.639
420.552 -0.64
420.898 -0.641
421.245 -0.642
421.592 -0.643
421.939 -0.644
422.286 -0.645
422.635 -0.646
422.984 -0.647
423.333 -0.648
423.682 -0.649
424.033 -0.65
424.383 -0.651
424.733 -0.652
425.083 -0.653
425.433 -0.654
425.781 -0.655
426.131 -0.656
426.482 -0.657
426.832 -0.658
427.182 -0.659
427.532 -0.66
427.883 -0.661
428.234 -0.662
428.586 -0.663
428.938 -0.664
429.29 -0.665
429.644 -0.666
429.998 -0.667
430.354 -0.668
430.71 -0.669
431.068 -0.67
431.426 -0.671
431.785 -0.672
432.146 -0.673
432.508 -0.674
432.87 -0.675
433.234 -0.676
433.598 -0.677
433.963 -0.678
434.33 -0.679
434.697 -0.68
435.066 -0.681
435.436 -0.682
435.806 -0.683
436.178 -0.684
436.551 -0.685
436.925 -0.686
437.3 -0.687
437.676 -0.688
438.054 -0.689
438.434 -0.69
438.814 -0.691
439.196 -0.692
439.579 -0.693
439.964 -0.694
440.35 -0.695
440.737 -0.696
441.125 -0.697
441.515 -0.698
441.907 -0.699
442.299 -0.7
442.693 -0.701
443.089 -0.702
443.485 -0.703
443.883 -0.704
444.283 -0.705
444.683 -0.706
445.085 -0.707
445.489 -0.708
445.893 -0.709
446.299 -0.71
446.706 -0.711
447.115 -0.712
447.525 -0.713
447.937 -0.714
448.35 -0.715
448.764 -0.716
449.18 -0.717
449.596 -0.718
450.013 -0.719
450.431 -0.72
450.851 -0.721
451.272 -0.722
451.693 -0.723
452.116 -0.724
452.54 -0.725
452.964 -0.726
453.389 -0.727
453.814 -0.728
454.24 -0.729
454.666 -0.73
455.092 -0.731
455.518 -0.732
455.944 -0.733
456.37 -0.734
456.795 -0.735
457.22 -0.736
457.644 -0.737
458.067 -0.738
458.488 -0.739
458.909 -0.74
459.329 -0.741
459.75 -0.742
460.171 -0.743
460.593 -0.744
461.017 -0.745
461.442 -0.746
461.868 -0.747
462.296 -0.748
462.725 -0.749
463.156 -0.75
463.588 -0.751
464.021 -0.752
464.456 -0.753
464.892 -0.754
465.329 -0.755
465.768 -0.756
466.209 -0.757
466.65 -0.758
467.094 -0.759
467.538 -0.76
467.984 -0.761
468.431 -0.762
468.879 -0.763
469.328 -0.764
469.779 -0.765
470.231 -0.766
470.684 -0.767
471.137 -0.768
471.592 -0.769
472.048 -0.77
472.506 -0.771
472.965 -0.772
473.424 -0.773
473.884 -0.774
474.345 -0.775
474.807 -0.776
475.27 -0.777
475.733 -0.778
476.196 -0.779
476.661 -0.78
477.126 -0.781
477.592 -0.782
478.058 -0.783
478.526 -0.784
478.995 -0.785
479.465 -0.786
479.937 -0.787
480.41 -0.788
480.885 -0.789
481.361 -0.79
481.837 -0.791
482.315 -0.792
482.794 -0.793
483.274 -0.794
483.756 -0.795
484.238 -0.796
484.722 -0.797
485.208 -0.798
485.695 -0.799
486.184 -0.8
486.674 -0.801
487.166 -0.802
487.659 -0.803
488.154 -0.804
488.65 -0.805
489.147 -0.806
489.646 -0.807
490.147 -0.808
490.649 -0.809
491.153 -0.81
491.658 -0.811
492.165 -0.812
492.672 -0.813
493.181 -0.814
493.692 -0.815
494.204 -0.816
494.717 -0.817
495.232 -0.818
495.748 -0.819
496.265 -0.82
496.784 -0.821
497.304 -0.822
497.825 -0.823
498.348 -0.824
498.871 -0.825
499.396 -0.826
499.923 -0.827
500.45 -0.828
500.979 -0.829
501.509 -0.83
502.039 -0.831
502.57 -0.832
503.103 -0.833
503.636 -0.834
504.171 -0.835
504.706 -0.836
505.241 -0.837
505.778 -0.838
506.316 -0.839
506.854 -0.84
507.393 -0.841
507.932 -0.842
508.47 -0.843
509.009 -0.844
509.549 -0.845
510.091 -0.846
510.634 -0.847
511.178 -0.848
511.724 -0.849
512.271 -0.85
512.819 -0.851
513.367 -0.852
513.914 -0.853
514.463 -0.854
515.012 -0.855
515.561 -0.856
516.112 -0.857
516.664 -0.858
517.216 -0.859
517.77 -0.86
518.326 -0.861
518.883 -0.862
519.442 -0.863
520.002 -0.864
520.564 -0.865
521.127 -0.866
521.692 -0.867
522.258 -0.868
522.825 -0.869
523.394 -0.87
523.964 -0.871
524.536 -0.872
525.109 -0.873
525.683 -0.874
526.259 -0.875
526.836 -0.876
527.415 -0.877
527.995 -0.878
528.577 -0.879
529.159 -0.88
529.743 -0.881
530.328 -0.882
530.914 -0.883
531.501 -0.884
532.09 -0.885
532.68 -0.886
533.272 -0.887
533.865 -0.888
534.458 -0.889
535.052 -0.89
535.648 -0.891
536.244 -0.892
536.841 -0.893
537.438 -0.894
538.037 -0.895
538.637 -0.896
539.238 -0.897
539.841 -0.898
540.445 -0.899
541.052 -0.9
