17.5803 -0.001
35.1079 -0.002
52.5828 -0.003
70.0052 -0.004
87.3751 -0.005
104.693 -0.006
121.958 -0.007
139.17 -0.008
156.331 -0.009
173.439 -0.01
190.496 -0.011
207.5 -0.012
224.452 -0.013
241.352 -0.014
258.201 -0.015
274.997 -0.016
291.742 -0.017
308.434 -0.018
325.075 -0.019
341.665 -0.02
358.202 -0.021
374.688 -0.022
391.122 -0.023
407.504 -0.024
423.835 -0.025
440.113 -0.026
456.34 -0.027
472.516 -0.028
488.639 -0.029
504.711 -0.03
520.731 -0.031
536.699 -0.032
552.61 -0.033
568.349 -0.034
583.624 -0.035
598.26 -0.036
612.257 -0.037
625.443 -0.038
638.006 -0.039
650.318 -0.04
662.362 -0.041
674.141 -0.042
685.85 -0.043
697.509 -0.044
709.119 -0.045
720.679 -0.046
732.167 -0.047
743.252 -0.048
753.494 -0.049
762.559 -0.05
770.329 -0.051
775.922 -0.052
781.132 -0.053
786.285 -0.054
791.365 -0.055
796.335 -0.056
801.2 -0.057
805.915 -0.058
810.484 -0.059
814.979 -0.06
819.378 -0.061
823.632 -0.062
827.786 -0.063
831.804 -0.064
835.643 -0.065
839.266 -0.066
842.539 -0.067
845.732 -0.068
848.658 -0.069
851.099 -0.07
853.509 -0.071
855.688 -0.072
857.251 -0.073
858.407 -0.074
859.118 -0.075
859.808 -0.076
860.476 -0.077
861.123 -0.078
861.749 -0.079
862.338 -0.08
862.895 -0.081
863.427 -0.082
863.918 -0.083
864.359 -0.084
864.78 -0.085
865.18 -0.086
865.551 -0.087
865.866 -0.088
866.152 -0.089
866.419 -0.09
866.669 -0.091
866.869 -0.092
867.03 -0.093
867.173 -0.094
867.286 -0.095
867.379 -0.096
867.464 -0.097
867.54 -0.098
867.61 -0.099
867.67 -0.1
867.72 -0.101
867.76 -0.102
867.79 -0.103
867.814 -0.104
867.833 -0.105
867.846 -0.106
867.854 -0.107
867.856 -0.108
867.854 -0.109
867.847 -0.11
867.829 -0.111
867.802 -0.112
867.769 -0.113
867.73 -0.114
867.684 -0.115
867.631 -0.116
867.565 -0.117
867.48 -0.118
867.383 -0.119
867.28 -0.12
867.175 -0.121
867.067 -0.122
866.958 -0.123
866.847 -0.124
866.734 -0.125
866.614 -0.126
866.48 -0.127
866.329 -0.128
866.171 -0.129
866.013 -0.13
865.851 -0.131
865.684 -0.132
865.513 -0.133
865.338 -0.134
865.16 -0.135
864.97 -0.136
864.766 -0.137
864.554 -0.138
864.341 -0.139
864.127 -0.14
863.913 -0.141
863.692 -0.142
863.462 -0.143
863.223 -0.144
862.983 -0.145
862.741 -0.146
862.499 -0.147
862.257 -0.148
862.016 -0.149
861.774 -0.15
861.533 -0.151
861.291 -0.152
861.05 -0.153
860.808 -0.154
860.566 -0.155
860.325 -0.156
860.083 -0.157
859.841 -0.158
859.599 -0.159
859.358 -0.16
859.117 -0.161
858.877 -0.162
858.637 -0.163
858.397 -0.164
858.159 -0.165
857.921 -0.166
857.684 -0.167
857.447 -0.168
857.212 -0.169
856.977 -0.17
856.743 -0.171
856.51 -0.172
856.278 -0.173
856.046 -0.174
855.816 -0.175
855.587 -0.176
855.358 -0.177
855.131 -0.178
854.903 -0.179
854.675 -0.18
854.446 -0.181
854.218 -0.182
853.987 -0.183
853.758 -0.184
853.526 -0.185
853.294 -0.186
853.063 -0.187
852.834 -0.188
852.605 -0.189
852.377 -0.19
852.151 -0.191
851.926 -0.192
851.702 -0.193
851.479 -0.194
851.258 -0.195
851.038 -0.196
850.82 -0.197
850.602 -0.198
850.386 -0.199
850.172 -0.2
849.96 -0.201
849.75 -0.202
849.541 -0.203
849.336 -0.204
849.132 -0.205
848.93 -0.206
848.73 -0.207
848.532 -0.208
848.336 -0.209
848.141 -0.21
847.948 -0.211
847.755 -0.212
847.56 -0.213
847.366 -0.214
847.175 -0.215
846.985 -0.216
846.796 -0.217
846.609 -0.218
846.423 -0.219
846.236 -0.22
846.048 -0.221
845.858 -0.222
845.667 -0.223
845.475 -0.224
845.282 -0.225
845.09 -0.226
844.9 -0.227
844.711 -0.228
844.523 -0.229
844.337 -0.23
844.152 -0.231
843.969 -0.232
843.787 -0.233
843.607 -0.234
843.428 -0.235
843.251 -0.236
843.075 -0.237
842.901 -0.238
842.729 -0.239
842.558 -0.24
842.39 -0.241
842.222 -0.242
842.058 -0.243
841.894 -0.244
841.729 -0.245
841.565 -0.246
841.402 -0.247
841.24 -0.248
841.081 -0.249
840.924 -0.25
840.77 -0.251
840.617 -0.252
840.464 -0.253
840.314 -0.254
840.166 -0.255
840.02 -0.256
839.875 -0.257
839.734 -0.258
839.594 -0.259
839.457 -0.26
839.323 -0.261
839.191 -0.262
839.061 -0.263
838.934 -0.264
838.808 -0.265
838.684 -0.266
838.561 -0.267
838.441 -0.268
838.323 -0.269
838.207 -0.27
838.093 -0.271
837.98 -0.272
837.87 -0.273
837.763 -0.274
837.657 -0.275
837.552 -0.276
837.448 -0.277
837.345 -0.278
837.243 -0.279
837.143 -0.28
837.044 -0.281
836.946 -0.282
836.849 -0.283
836.755 -0.284
836.663 -0.285
836.573 -0.286
836.485 -0.287
836.397 -0.288
836.309 -0.289
836.225 -0.29
836.142 -0.291
836.061 -0.292
835.981 -0.293
835.901 -0.294
835.823 -0.295
835.747 -0.296
835.672 -0.297
835.599 -0.298
835.524 -0.299
835.45 -0.3
835.377 -0.301
835.305 -0.302
835.236 -0.303
835.168 -0.304
835.099 -0.305
835.03 -0.306
834.964 -0.307
834.898 -0.308
834.83 -0.309
834.762 -0.31
834.697 -0.311
834.634 -0.312
834.573 -0.313
834.512 -0.314
834.453 -0.315
834.395 -0.316
834.34 -0.317
834.284 -0.318
834.23 -0.319
834.175 -0.32
834.123 -0.321
834.073 -0.322
834.024 -0.323
833.977 -0.324
833.931 -0.325
833.886 -0.326
833.843 -0.327
833.802 -0.328
833.763 -0.329
833.723 -0.33
833.685 -0.331
833.648 -0.332
833.614 -0.333
833.582 -0.334
833.551 -0.335
833.522 -0.336
833.494 -0.337
833.467 -0.338
833.443 -0.339
833.421 -0.34
833.4 -0.341
833.382 -0.342
833.365 -0.343
833.35 -0.344
833.337 -0.345
833.325 -0.346
833.314 -0.347
833.305 -0.348
833.297 -0.349
833.292 -0.35
833.289 -0.351
833.288 -0.352
833.289 -0.353
833.289 -0.354
833.292 -0.355
833.297 -0.356
833.304 -0.357
833.313 -0.358
833.323 -0.359
833.335 -0.36
833.35 -0.361
833.367 -0.362
833.382 -0.363
833.399 -0.364
833.419 -0.365
833.441 -0.366
833.466 -0.367
833.493 -0.368
833.522 -0.369
833.555 -0.37
833.584 -0.371
833.614 -0.372
833.646 -0.373
833.678 -0.374
833.711 -0.375
833.746 -0.376
833.784 -0.377
833.824 -0.378
833.862 -0.379
833.903 -0.38
833.946 -0.381
833.987 -0.382
834.029 -0.383
834.073 -0.384
834.118 -0.385
834.162 -0.386
834.208 -0.387
834.254 -0.388
834.298 -0.389
834.345 -0.39
834.393 -0.391
834.437 -0.392
834.481 -0.393
834.527 -0.394
834.574 -0.395
834.618 -0.396
834.664 -0.397
834.711 -0.398
834.759 -0.399
834.809 -0.4
834.859 -0.401
834.906 -0.402
834.954 -0.403
835.005 -0.404
835.057 -0.405
835.11 -0.406
835.162 -0.407
835.212 -0.408
835.262 -0.409
835.315 -0.41
835.37 -0.411
835.423 -0.412
835.478 -0.413
835.534 -0.414
835.592 -0.415
835.653 -0.416
835.715 -0.417
835.779 -0.418
835.844 -0.419
835.912 -0.42
835.981 -0.421
836.053 -0.422
836.127 -0.423
836.202 -0.424
836.278 -0.425
836.357 -0.426
836.438 -0.427
836.521 -0.428
836.606 -0.429
836.694 -0.43
836.781 -0.431
836.87 -0.432
836.961 -0.433
837.055 -0.434
837.151 -0.435
837.25 -0.436
837.347 -0.437
837.447 -0.438
837.55 -0.439
837.655 -0.44
837.762 -0.441
837.869 -0.442
837.976 -0.443
838.083 -0.444
838.193 -0.445
838.305 -0.446
838.417 -0.447
838.531 -0.448
838.645 -0.449
838.759 -0.45
838.875 -0.451
838.992 -0.452
839.11 -0.453
839.231 -0.454
839.35 -0.455
839.471 -0.456
839.592 -0.457
839.714 -0.458
839.839 -0.459
839.965 -0.46
840.09 -0.461
840.218 -0.462
840.349 -0.463
840.482 -0.464
840.617 -0.465
840.752 -0.466
840.888 -0.467
841.027 -0.468
841.169 -0.469
841.313 -0.47
841.455 -0.471
841.597 -0.472
841.742 -0.473
841.89 -0.474
842.041 -0.475
842.193 -0.476
842.347 -0.477
842.503 -0.478
842.663 -0.479
842.825 -0.48
842.99 -0.481
843.157 -0.482
843.326 -0.483
843.497 -0.484
843.672 -0.485
843.849 -0.486
844.03 -0.487
844.211 -0.488
844.395 -0.489
844.582 -0.49
844.77 -0.491
844.959 -0.492
845.153 -0.493
845.347 -0.494
845.544 -0.495
845.743 -0.496
845.943 -0.497
846.146 -0.498
846.353 -0.499
846.561 -0.5
846.771 -0.501
846.981 -0.502
847.195 -0.503
847.412 -0.504
847.627 -0.505
847.845 -0.506
848.064 -0.507
848.286 -0.508
848.508 -0.509
848.731 -0.51
848.956 -0.511
849.184 -0.512
849.41 -0.513
849.637 -0.514
849.868 -0.515
850.101 -0.516
850.335 -0.517
850.565 -0.518
850.798 -0.519
851.034 -0.52
851.271 -0.521
851.507 -0.522
851.746 -0.523
851.988 -0.524
852.229 -0.525
852.472 -0.526
852.718 -0.527
852.966 -0.528
853.218 -0.529
853.473 -0.53
853.729 -0.531
853.987 -0.532
854.249 -0.533
854.515 -0.534
854.783 -0.535
855.055 -0.536
855.329 -0.537
855.606 -0.538
855.888 -0.539
856.172 -0.54
856.46 -0.541
856.75 -0.542
857.043 -0.543
857.339 -0.544
857.639 -0.545
857.942 -0.546
858.249 -0.547
858.559 -0.548
858.871 -0.549
859.187 -0.55
859.506 -0.551
859.828 -0.552
860.154 -0.553
860.484 -0.554
860.818 -0.555
861.155 -0.556
861.492 -0.557
861.833 -0.558
862.177 -0.559
862.524 -0.56
862.874 -0.561
863.225 -0.562
863.581 -0.563
863.94 -0.564
864.303 -0.565
864.667 -0.566
865.035 -0.567
865.407 -0.568
865.782 -0.569
866.157 -0.57
866.535 -0.571
866.916 -0.572
867.301 -0.573
867.685 -0.574
868.072 -0.575
868.464 -0.576
868.858 -0.577
869.251 -0.578
869.647 -0.579
870.047 -0.58
870.449 -0.581
870.853 -0.582
871.26 -0.583
871.669 -0.584
872.08 -0.585
872.494 -0.586
872.908 -0.587
873.325 -0.588
873.744 -0.589
874.167 -0.59
874.592 -0.591
875.021 -0.592
875.454 -0.593
875.889 -0.594
876.326 -0.595
876.766 -0.596
877.21 -0.597
877.657 -0.598
878.104 -0.599
878.555 -0.6
879.009 -0.601
879.468 -0.602
879.928 -0.603
880.391 -0.604
880.857 -0.605
881.325 -0.606
881.797 -0.607
882.271 -0.608
882.749 -0.609
883.231 -0.61
883.717 -0.611
884.207 -0.612
884.7 -0.613
885.196 -0.614
885.695 -0.615
886.198 -0.616
886.7 -0.617
887.206 -0.618
887.713 -0.619
888.224 -0.62
888.74 -0.621
889.259 -0.622
889.782 -0.623
890.31 -0.624
890.84 -0.625
891.375 -0.626
891.913 -0.627
892.454 -0.628
892.999 -0.629
893.546 -0.63
894.098 -0.631
894.65 -0.632
895.206 -0.633
895.762 -0.634
896.319 -0.635
896.877 -0.636
897.436 -0.637
897.993 -0.638
898.549 -0.639
899.104 -0.64
899.655 -0.641
900.204 -0.642
900.832 -0.643
901.422 -0.644
902.007 -0.645
902.589 -0.646
903.169 -0.647
903.746 -0.648
904.322 -0.649
904.979 -0.65
905.61 -0.651
906.23 -0.652
906.852 -0.653
907.479 -0.654
908.109 -0.655
908.741 -0.656
909.376 -0.657
910.011 -0.658
910.646 -0.659
911.285 -0.66
911.926 -0.661
912.57 -0.662
913.217 -0.663
913.869 -0.664
914.524 -0.665
915.181 -0.666
915.841 -0.667
916.505 -0.668
917.172 -0.669
917.841 -0.67
918.515 -0.671
919.191 -0.672
919.871 -0.673
920.554 -0.674
921.238 -0.675
921.924 -0.676
922.612 -0.677
923.304 -0.678
924.001 -0.679
924.7 -0.68
925.401 -0.681
926.103 -0.682
926.81 -0.683
927.517 -0.684
928.228 -0.685
928.942 -0.686
929.659 -0.687
930.379 -0.688
931.099 -0.689
931.82 -0.69
932.545 -0.691
933.274 -0.692
934.006 -0.693
934.739 -0.694
935.477 -0.695
936.214 -0.696
936.953 -0.697
937.696 -0.698
938.442 -0.699
939.192 -0.7
939.945 -0.701
940.699 -0.702
941.456 -0.703
942.217 -0.704
942.983 -0.705
943.753 -0.706
944.527 -0.707
945.304 -0.708
946.082 -0.709
946.864 -0.71
947.651 -0.711
948.442 -0.712
949.237 -0.713
950.034 -0.714
950.836 -0.715
951.641 -0.716
952.452 -0.717
953.266 -0.718
954.085 -0.719
954.908 -0.72
955.735 -0.721
956.567 -0.722
957.403 -0.723
958.244 -0.724
959.089 -0.725
959.938 -0.726
960.792 -0.727
961.651 -0.728
962.514 -0.729
963.382 -0.73
964.255 -0.731
965.132 -0.732
966.014 -0.733
966.9 -0.734
967.79 -0.735
968.685 -0.736
969.581 -0.737
970.482 -0.738
971.382 -0.739
972.28 -0.74
973.181 -0.741
974.076 -0.742
974.968 -0.743
975.864 -0.744
976.748 -0.745
977.632 -0.746
978.51 -0.747
979.379 -0.748
980.25 -0.749
981.121 -0.75
981.989 -0.751
982.858 -0.752
983.717 -0.753
984.577 -0.754
985.431 -0.755
986.28 -0.756
987.127 -0.757
987.975 -0.758
988.821 -0.759
989.669 -0.76
990.52 -0.761
991.374 -0.762
992.23 -0.763
993.09 -0.764
993.953 -0.765
994.818 -0.766
995.688 -0.767
996.561 -0.768
997.437 -0.769
998.316 -0.77
999.199 -0.771
1000.09 -0.772
1000.97 -0.773
1001.84 -0.774
1002.69 -0.775
1003.55 -0.776
1004.4 -0.777
1005.27 -0.778
1006.13 -0.779
1007 -0.78
1007.87 -0.781
1008.75 -0.782
1009.63 -0.783
1010.51 -0.784
1011.39 -0.785
1012.28 -0.786
1013.16 -0.787
1014.02 -0.788
1014.87 -0.789
1015.72 -0.79
1016.57 -0.791
1017.41 -0.792
1018.24 -0.793
1019.07 -0.794
1019.88 -0.795
1020.67 -0.796
1021.44 -0.797
1022.18 -0.798
1023.09 -0.799
1024.09 -0.8
1025.06 -0.801
1026.03 -0.802
1027 -0.803
1027.96 -0.804
1028.87 -0.805
1029.79 -0.806
1030.7 -0.807
1031.61 -0.808
1032.5 -0.809
1033.39 -0.81
1034.26 -0.811
1035.11 -0.812
1035.93 -0.813
1036.75 -0.814
1037.73 -0.815
1038.82 -0.816
1039.86 -0.817
1040.91 -0.818
1041.95 -0.819
1043.01 -0.82
1044.03 -0.821
1045.03 -0.822
1046.03 -0.823
1047.03 -0.824
1048.04 -0.825
1049.05 -0.826
1050.06 -0.827
1051.07 -0.828
1052.09 -0.829
1053.11 -0.83
1054.13 -0.831
1055.16 -0.832
1056.19 -0.833
1057.22 -0.834
1058.26 -0.835
1059.3 -0.836
1060.34 -0.837
1061.38 -0.838
1062.43 -0.839
1063.48 -0.84
1064.54 -0.841
1065.6 -0.842
1066.67 -0.843
1067.74 -0.844
1068.81 -0.845
1069.89 -0.846
1070.97 -0.847
1072.04 -0.848
1073.12 -0.849
1074.21 -0.85
1075.3 -0.851
1076.4 -0.852
1077.5 -0.853
1078.6 -0.854
1079.71 -0.855
1080.83 -0.856
1081.94 -0.857
1083.07 -0.858
1084.19 -0.859
1085.33 -0.86
1086.46 -0.861
1087.59 -0.862
1088.73 -0.863
1089.87 -0.864
1091.01 -0.865
1092.16 -0.866
1093.31 -0.867
1094.47 -0.868
1095.63 -0.869
1096.8 -0.87
1097.97 -0.871
1099.14 -0.872
1100.32 -0.873
1101.5 -0.874
1102.68 -0.875
1103.87 -0.876
1105.06 -0.877
1106.25 -0.878
1107.44 -0.879
1108.64 -0.88
1109.84 -0.881
1111.05 -0.882
1112.26 -0.883
1113.47 -0.884
1114.69 -0.885
1115.91 -0.886
1117.14 -0.887
1118.37 -0.888
1119.61 -0.889
1120.84 -0.89
1122.08 -0.891
1123.33 -0.892
1124.58 -0.893
1125.82 -0.894
1127.07 -0.895
1128.31 -0.896
1129.53 -0.897
1130.67 -0.898
1131.73 -0.899
1132.72 -0.9
1133.69 -0.901
1134.62 -0.902
1135.51 -0.903
1136.38 -0.904
1137.22 -0.905
1138.06 -0.906
1138.91 -0.907
1139.76 -0.908
1140.61 -0.909
1141.46 -0.91
1142.31 -0.911
1143.16 -0.912
1144.02 -0.913
1144.87 -0.914
1145.73 -0.915
1146.59 -0.916
1147.42 -0.917
1148.19 -0.918
1148.9 -0.919
1149.54 -0.92
1150.17 -0.921
1150.78 -0.922
1151.4 -0.923
1152.01 -0.924
1152.62 -0.925
1153.24 -0.926
1153.85 -0.927
1154.46 -0.928
1155.07 -0.929
1155.68 -0.93
1156.29 -0.931
1156.9 -0.932
1157.51 -0.933
1158.12 -0.934
1158.73 -0.935
1159.34 -0.936
1159.96 -0.937
1160.57 -0.938
1161.18 -0.939
1161.79 -0.94
1162.4 -0.941
1163.01 -0.942
1163.62 -0.943
1164.23 -0.944
1164.85 -0.945
1165.46 -0.946
1166.07 -0.947
1166.68 -0.948
1167.29 -0.949
1167.91 -0.95
1168.52 -0.951
1169.13 -0.952
1169.74 -0.953
1170.35 -0.954
1170.96 -0.955
1171.57 -0.956
1172.18 -0.957
1172.8 -0.958
1173.41 -0.959
1174.02 -0.96
1174.63 -0.961
1175.24 -0.962
1175.85 -0.963
1176.46 -0.964
1177.08 -0.965
1177.69 -0.966
1178.3 -0.967
1178.91 -0.968
1179.52 -0.969
1180.13 -0.97
1180.74 -0.971
1181.35 -0.972
1181.97 -0.973
1182.58 -0.974
1183.19 -0.975
1183.8 -0.976
1184.41 -0.977
1185.03 -0.978
1185.64 -0.979
1186.25 -0.98
1186.86 -0.981
1187.48 -0.982
1188.09 -0.983
1188.7 -0.984
1189.32 -0.985
1189.93 -0.986
1190.54 -0.987
1191.16 -0.988
1191.77 -0.989
1192.39 -0.99
1193 -0.991
1193.61 -0.992
1194.23 -0.993
1194.84 -0.994
1195.46 -0.995
1196.07 -0.996
1196.69 -0.997
1197.3 -0.998
1197.92 -0.999
1198.54 -1
