13.0396 -0.001
26.0342 -0.002
38.9875 -0.003
51.8977 -0.004
64.7645 -0.005
77.5873 -0.006
90.3658 -0.007
103.099 -0.008
115.787 -0.009
128.43 -0.01
141.025 -0.011
153.574 -0.012
166.075 -0.013
178.528 -0.014
190.931 -0.015
203.285 -0.016
215.589 -0.017
227.841 -0.018
240.041 -0.019
252.188 -0.02
264.282 -0.021
276.32 -0.022
288.303 -0.023
300.228 -0.024
312.095 -0.025
323.902 -0.026
335.648 -0.027
347.29 -0.028
358.434 -0.029
368.672 -0.03
378.392 -0.031
388.06 -0.032
397.673 -0.033
407.227 -0.034
416.727 -0.035
426.106 -0.036
434.862 -0.037
442.431 -0.038
447.92 -0.039
452.706 -0.04
457.394 -0.041
461.985 -0.042
466.514 -0.043
470.996 -0.044
475.44 -0.045
479.865 -0.046
484.275 -0.047
488.649 -0.048
492.992 -0.049
497.306 -0.05
501.595 -0.051
505.85 -0.052
510.066 -0.053
514.247 -0.054
518.391 -0.055
522.504 -0.056
526.581 -0.057
530.617 -0.058
534.573 -0.059
538.493 -0.06
542.385 -0.061
546.049 -0.062
549.614 -0.063
552.967 -0.064
556.251 -0.065
559.225 -0.066
562.076 -0.067
564.709 -0.068
567.243 -0.069
569.611 -0.07
571.802 -0.071
573.922 -0.072
575.871 -0.073
577.525 -0.074
579.043 -0.075
580.542 -0.076
582.022 -0.077
583.305 -0.078
584.315 -0.079
585.287 -0.08
586.228 -0.081
586.86 -0.082
587.287 -0.083
587.657 -0.084
587.996 -0.085
588.322 -0.086
588.634 -0.087
588.91 -0.088
589.138 -0.089
589.315 -0.09
589.447 -0.091
589.561 -0.092
589.67 -0.093
589.773 -0.094
589.872 -0.095
589.964 -0.096
590.053 -0.097
590.133 -0.098
590.201 -0.099
590.237 -0.1
590.246 -0.101
590.231 -0.102
590.192 -0.103
590.12 -0.104
590.043 -0.105
589.963 -0.106
589.879 -0.107
589.792 -0.108
589.701 -0.109
589.608 -0.11
589.509 -0.111
589.406 -0.112
589.3 -0.113
589.189 -0.114
589.073 -0.115
588.953 -0.116
588.829 -0.117
588.702 -0.118
588.573 -0.119
588.442 -0.12
588.308 -0.121
588.173 -0.122
588.035 -0.123
587.895 -0.124
587.754 -0.125
587.61 -0.126
587.465 -0.127
587.318 -0.128
587.169 -0.129
587.019 -0.13
586.867 -0.131
586.713 -0.132
586.557 -0.133
586.401 -0.134
586.235 -0.135
586.062 -0.136
585.885 -0.137
585.704 -0.138
585.518 -0.139
585.328 -0.14
585.134 -0.141
584.939 -0.142
584.743 -0.143
584.546 -0.144
584.348 -0.145
584.149 -0.146
583.949 -0.147
583.749 -0.148
583.547 -0.149
583.345 -0.15
583.141 -0.151
582.937 -0.152
582.733 -0.153
582.527 -0.154
582.321 -0.155
582.114 -0.156
581.906 -0.157
581.698 -0.158
581.489 -0.159
581.28 -0.16
581.069 -0.161
580.858 -0.162
580.647 -0.163
580.437 -0.164
580.23 -0.165
580.026 -0.166
579.824 -0.167
579.626 -0.168
579.428 -0.169
579.23 -0.17
579.031 -0.171
578.832 -0.172
578.632 -0.173
578.432 -0.174
578.232 -0.175
578.032 -0.176
577.831 -0.177
577.631 -0.178
577.431 -0.179
577.231 -0.18
577.031 -0.181
576.831 -0.182
576.631 -0.183
576.432 -0.184
576.232 -0.185
576.032 -0.186
575.832 -0.187
575.633 -0.188
575.434 -0.189
575.237 -0.19
575.042 -0.191
574.849 -0.192
574.661 -0.193
574.478 -0.194
574.301 -0.195
574.128 -0.196
573.959 -0.197
573.792 -0.198
573.625 -0.199
573.458 -0.2
573.291 -0.201
573.124 -0.202
572.957 -0.203
572.791 -0.204
572.624 -0.205
572.458 -0.206
572.292 -0.207
572.127 -0.208
571.962 -0.209
571.797 -0.21
571.633 -0.211
571.468 -0.212
571.304 -0.213
571.141 -0.214
570.978 -0.215
570.815 -0.216
570.652 -0.217
570.49 -0.218
570.328 -0.219
570.166 -0.22
570.005 -0.221
569.844 -0.222
569.684 -0.223
569.525 -0.224
569.366 -0.225
569.21 -0.226
569.056 -0.227
568.903 -0.228
568.754 -0.229
568.608 -0.23
568.465 -0.231
568.325 -0.232
568.186 -0.233
568.048 -0.234
567.913 -0.235
567.779 -0.236
567.646 -0.237
567.515 -0.238
567.385 -0.239
567.256 -0.24
567.128 -0.241
567.002 -0.242
566.875 -0.243
566.75 -0.244
566.626 -0.245
566.504 -0.246
566.382 -0.247
566.261 -0.248
566.14 -0.249
566.022 -0.25
565.904 -0.251
565.788 -0.252
565.672 -0.253
565.557 -0.254
565.444 -0.255
565.331 -0.256
565.219 -0.257
565.108 -0.258
564.998 -0.259
564.89 -0.26
564.782 -0.261
564.675 -0.262
564.568 -0.263
564.463 -0.264
564.359 -0.265
564.256 -0.266
564.154 -0.267
564.052 -0.268
563.952 -0.269
563.852 -0.27
563.754 -0.271
563.657 -0.272
563.56 -0.273
563.465 -0.274
563.371 -0.275
563.278 -0.276
563.186 -0.277
563.095 -0.278
563.006 -0.279
562.917 -0.28
562.829 -0.281
562.744 -0.282
562.662 -0.283
562.583 -0.284
562.508 -0.285
562.437 -0.286
562.368 -0.287
562.301 -0.288
562.235 -0.289
562.17 -0.29
562.105 -0.291
562.041 -0.292
561.979 -0.293
561.917 -0.294
561.856 -0.295
561.797 -0.296
561.738 -0.297
561.68 -0.298
561.623 -0.299
561.567 -0.3
561.511 -0.301
561.455 -0.302
561.399 -0.303
561.343 -0.304
561.286 -0.305
561.228 -0.306
561.168 -0.307
561.107 -0.308
561.045 -0.309
560.981 -0.31
560.915 -0.311
560.847 -0.312
560.777 -0.313
560.705 -0.314
560.629 -0.315
560.55 -0.316
560.465 -0.317
560.372 -0.318
560.263 -0.319
560.141 -0.32
560.003 -0.321
559.859 -0.322
559.716 -0.323
559.579 -0.324
559.492 -0.325
559.417 -0.326
559.366 -0.327
559.335 -0.328
559.298 -0.329
559.25 -0.33
559.199 -0.331
559.147 -0.332
559.094 -0.333
559.045 -0.334
559.016 -0.335
559 -0.336
558.995 -0.337
559.011 -0.338
559.037 -0.339
559.068 -0.34
559.102 -0.341
559.139 -0.342
559.179 -0.343
559.219 -0.344
559.261 -0.345
559.305 -0.346
559.35 -0.347
559.398 -0.348
559.448 -0.349
559.5 -0.35
559.554 -0.351
559.61 -0.352
559.668 -0.353
559.728 -0.354
559.79 -0.355
559.854 -0.356
559.92 -0.357
559.988 -0.358
560.058 -0.359
560.13 -0.36
560.205 -0.361
560.281 -0.362
560.36 -0.363
560.441 -0.364
560.522 -0.365
560.605 -0.366
560.688 -0.367
560.774 -0.368
560.862 -0.369
560.952 -0.37
561.048 -0.371
561.154 -0.372
561.27 -0.373
561.39 -0.374
561.511 -0.375
561.636 -0.376
561.768 -0.377
561.905 -0.378
562.046 -0.379
562.19 -0.38
562.336 -0.381
562.484 -0.382
562.633 -0.383
562.783 -0.384
562.935 -0.385
563.089 -0.386
563.246 -0.387
563.404 -0.388
563.565 -0.389
563.726 -0.39
563.889 -0.391
564.053 -0.392
564.218 -0.393
564.386 -0.394
564.556 -0.395
564.727 -0.396
564.901 -0.397
565.077 -0.398
565.255 -0.399
565.435 -0.4
565.615 -0.401
565.794 -0.402
565.975 -0.403
566.157 -0.404
566.341 -0.405
566.527 -0.406
566.715 -0.407
566.906 -0.408
567.099 -0.409
567.294 -0.41
567.49 -0.411
567.689 -0.412
567.89 -0.413
568.093 -0.414
568.297 -0.415
568.503 -0.416
568.711 -0.417
568.921 -0.418
569.13 -0.419
569.34 -0.42
569.55 -0.421
569.762 -0.422
569.976 -0.423
570.19 -0.424
570.405 -0.425
570.621 -0.426
570.838 -0.427
571.057 -0.428
571.277 -0.429
571.5 -0.43
571.726 -0.431
571.956 -0.432
572.192 -0.433
572.429 -0.434
572.671 -0.435
572.914 -0.436
573.15 -0.437
573.344 -0.438
573.541 -0.439
573.74 -0.44
573.944 -0.441
574.149 -0.442
574.353 -0.443
574.555 -0.444
574.756 -0.445
574.954 -0.446
575.151 -0.447
575.349 -0.448
575.543 -0.449
575.737 -0.45
575.934 -0.451
576.132 -0.452
576.333 -0.453
576.536 -0.454
576.741 -0.455
576.947 -0.456
577.156 -0.457
577.367 -0.458
577.581 -0.459
577.798 -0.46
578.017 -0.461
578.237 -0.462
578.459 -0.463
578.684 -0.464
578.91 -0.465
579.139 -0.466
579.371 -0.467
579.605 -0.468
579.842 -0.469
580.081 -0.47
580.322 -0.471
580.566 -0.472
580.813 -0.473
581.061 -0.474
581.313 -0.475
581.566 -0.476
581.822 -0.477
582.081 -0.478
582.342 -0.479
582.601 -0.48
582.857 -0.481
583.104 -0.482
583.349 -0.483
583.601 -0.484
583.86 -0.485
584.126 -0.486
584.393 -0.487
584.664 -0.488
584.938 -0.489
585.214 -0.49
585.493 -0.491
585.775 -0.492
586.058 -0.493
586.344 -0.494
586.631 -0.495
586.921 -0.496
587.213 -0.497
587.511 -0.498
587.817 -0.499
588.128 -0.5
588.44 -0.501
588.755 -0.502
589.073 -0.503
589.39 -0.504
589.708 -0.505
590.015 -0.506
590.304 -0.507
590.576 -0.508
590.847 -0.509
591.119 -0.51
591.394 -0.511
591.67 -0.512
591.948 -0.513
592.227 -0.514
592.505 -0.515
592.782 -0.516
593.053 -0.517
593.319 -0.518
593.586 -0.519
593.855 -0.52
594.126 -0.521
594.399 -0.522
594.674 -0.523
594.953 -0.524
595.239 -0.525
595.528 -0.526
595.82 -0.527
596.115 -0.528
596.411 -0.529
596.709 -0.53
597.009 -0.531
597.31 -0.532
597.614 -0.533
597.919 -0.534
598.227 -0.535
598.536 -0.536
598.846 -0.537
599.158 -0.538
599.472 -0.539
599.79 -0.54
600.109 -0.541
600.43 -0.542
600.752 -0.543
601.075 -0.544
601.399 -0.545
601.726 -0.546
602.055 -0.547
602.386 -0.548
602.722 -0.549
603.061 -0.55
603.403 -0.551
603.749 -0.552
604.097 -0.553
604.447 -0.554
604.796 -0.555
605.14 -0.556
605.482 -0.557
605.82 -0.558
606.155 -0.559
606.491 -0.56
606.829 -0.561
607.169 -0.562
607.509 -0.563
607.846 -0.564
608.178 -0.565
608.508 -0.566
608.84 -0.567
609.173 -0.568
609.508 -0.569
609.845 -0.57
610.185 -0.571
610.527 -0.572
610.87 -0.573
611.216 -0.574
611.564 -0.575
611.915 -0.576
612.267 -0.577
612.622 -0.578
612.979 -0.579
613.338 -0.58
613.7 -0.581
614.063 -0.582
614.429 -0.583
614.798 -0.584
615.169 -0.585
615.543 -0.586
615.92 -0.587
616.298 -0.588
616.675 -0.589
617.052 -0.59
617.426 -0.591
617.799 -0.592
618.171 -0.593
618.541 -0.594
618.912 -0.595
619.286 -0.596
619.663 -0.597
620.043 -0.598
620.428 -0.599
620.817 -0.6
621.207 -0.601
621.6 -0.602
621.994 -0.603
622.391 -0.604
622.791 -0.605
623.191 -0.606
623.593 -0.607
623.996 -0.608
624.4 -0.609
624.804 -0.61
625.208 -0.611
625.615 -0.612
626.021 -0.613
626.428 -0.614
626.838 -0.615
627.25 -0.616
627.665 -0.617
628.081 -0.618
628.5 -0.619
628.921 -0.62
629.344 -0.621
629.77 -0.622
630.197 -0.623
630.627 -0.624
631.06 -0.625
631.494 -0.626
631.931 -0.627
632.369 -0.628
632.807 -0.629
633.245 -0.63
633.682 -0.631
634.114 -0.632
634.544 -0.633
634.976 -0.634
635.41 -0.635
635.846 -0.636
636.285 -0.637
636.726 -0.638
637.169 -0.639
637.614 -0.64
638.061 -0.641
638.511 -0.642
638.962 -0.643
639.415 -0.644
639.866 -0.645
640.315 -0.646
640.762 -0.647
641.211 -0.648
641.662 -0.649
642.116 -0.65
642.571 -0.651
643.029 -0.652
643.49 -0.653
643.952 -0.654
644.417 -0.655
644.884 -0.656
645.353 -0.657
645.824 -0.658
646.298 -0.659
646.774 -0.66
647.253 -0.661
647.733 -0.662
648.216 -0.663
648.701 -0.664
649.189 -0.665
649.679 -0.666
650.171 -0.667
650.666 -0.668
651.163 -0.669
651.662 -0.67
652.163 -0.671
652.667 -0.672
653.173 -0.673
653.681 -0.674
654.192 -0.675
654.706 -0.676
655.222 -0.677
655.74 -0.678
656.259 -0.679
656.782 -0.68
657.307 -0.681
657.834 -0.682
658.363 -0.683
658.895 -0.684
659.43 -0.685
659.967 -0.686
660.506 -0.687
661.046 -0.688
661.579 -0.689
662.112 -0.69
662.648 -0.691
663.185 -0.692
663.725 -0.693
664.267 -0.694
664.811 -0.695
665.357 -0.696
665.907 -0.697
666.458 -0.698
667.012 -0.699
667.569 -0.7
668.127 -0.701
668.688 -0.702
669.25 -0.703
669.815 -0.704
670.383 -0.705
670.953 -0.706
671.527 -0.707
672.103 -0.708
672.683 -0.709
673.264 -0.71
673.847 -0.711
674.433 -0.712
675.021 -0.713
675.61 -0.714
676.193 -0.715
676.777 -0.716
677.364 -0.717
677.952 -0.718
678.543 -0.719
679.135 -0.72
679.731 -0.721
680.329 -0.722
680.929 -0.723
681.532 -0.724
682.138 -0.725
682.746 -0.726
683.357 -0.727
683.97 -0.728
684.586 -0.729
685.204 -0.73
685.824 -0.731
686.446 -0.732
687.071 -0.733
687.698 -0.734
688.328 -0.735
688.96 -0.736
689.594 -0.737
690.23 -0.738
690.868 -0.739
691.509 -0.74
692.153 -0.741
692.799 -0.742
693.445 -0.743
694.092 -0.744
694.742 -0.745
695.394 -0.746
696.049 -0.747
696.707 -0.748
697.363 -0.749
698.017 -0.75
698.674 -0.751
699.332 -0.752
699.99 -0.753
700.65 -0.754
701.313 -0.755
701.978 -0.756
702.643 -0.757
703.289 -0.758
703.907 -0.759
704.528 -0.76
705.152 -0.761
705.779 -0.762
706.408 -0.763
707.036 -0.764
707.666 -0.765
708.298 -0.766
708.934 -0.767
709.571 -0.768
710.211 -0.769
710.852 -0.77
711.488 -0.771
712.123 -0.772
712.759 -0.773
713.397 -0.774
714.031 -0.775
714.666 -0.776
715.3 -0.777
715.933 -0.778
716.568 -0.779
717.206 -0.78
717.845 -0.781
718.488 -0.782
719.132 -0.783
719.779 -0.784
720.429 -0.785
721.08 -0.786
721.734 -0.787
722.391 -0.788
723.049 -0.789
723.711 -0.79
724.374 -0.791
725.04 -0.792
725.709 -0.793
726.379 -0.794
727.052 -0.795
727.728 -0.796
728.406 -0.797
729.087 -0.798
729.769 -0.799
730.455 -0.8
731.143 -0.801
731.833 -0.802
732.525 -0.803
733.221 -0.804
733.919 -0.805
734.619 -0.806
735.322 -0.807
736.028 -0.808
736.736 -0.809
737.443 -0.81
738.142 -0.811
738.839 -0.812
739.54 -0.813
740.243 -0.814
740.948 -0.815
741.654 -0.816
742.35 -0.817
743.039 -0.818
743.729 -0.819
744.422 -0.82
745.118 -0.821
745.815 -0.822
746.511 -0.823
747.199 -0.824
747.872 -0.825
748.543 -0.826
749.216 -0.827
749.891 -0.828
750.568 -0.829
751.247 -0.83
751.929 -0.831
752.612 -0.832
753.298 -0.833
753.986 -0.834
754.676 -0.835
755.367 -0.836
756.06 -0.837
756.756 -0.838
757.453 -0.839
758.153 -0.84
758.854 -0.841
759.558 -0.842
760.264 -0.843
760.972 -0.844
761.683 -0.845
762.396 -0.846
763.111 -0.847
763.829 -0.848
764.548 -0.849
765.27 -0.85
765.994 -0.851
766.72 -0.852
767.448 -0.853
768.178 -0.854
768.911 -0.855
769.644 -0.856
770.372 -0.857
771.095 -0.858
771.82 -0.859
772.548 -0.86
773.277 -0.861
774.009 -0.862
774.742 -0.863
775.478 -0.864
776.216 -0.865
776.956 -0.866
777.699 -0.867
778.436 -0.868
779.172 -0.869
779.909 -0.87
780.648 -0.871
781.39 -0.872
782.133 -0.873
782.879 -0.874
783.627 -0.875
784.377 -0.876
785.129 -0.877
785.877 -0.878
786.606 -0.879
787.323 -0.88
788.041 -0.881
788.762 -0.882
789.484 -0.883
790.208 -0.884
790.934 -0.885
791.662 -0.886
792.392 -0.887
793.124 -0.888
793.858 -0.889
794.594 -0.89
795.331 -0.891
796.069 -0.892
796.805 -0.893
797.538 -0.894
798.273 -0.895
799.011 -0.896
799.75 -0.897
800.491 -0.898
801.233 -0.899
801.978 -0.9
802.725 -0.901
803.473 -0.902
804.223 -0.903
804.975 -0.904
805.73 -0.905
806.486 -0.906
807.244 -0.907
808.004 -0.908
808.766 -0.909
809.529 -0.91
810.294 -0.911
811.062 -0.912
811.831 -0.913
812.601 -0.914
813.374 -0.915
814.149 -0.916
814.926 -0.917
815.704 -0.918
816.483 -0.919
817.263 -0.92
818.046 -0.921
818.817 -0.922
819.57 -0.923
820.309 -0.924
821.033 -0.925
821.75 -0.926
822.465 -0.927
823.182 -0.928
823.901 -0.929
824.621 -0.93
825.343 -0.931
826.066 -0.932
826.791 -0.933
827.517 -0.934
828.245 -0.935
828.974 -0.936
829.706 -0.937
830.438 -0.938
831.172 -0.939
831.9 -0.94
832.623 -0.941
833.344 -0.942
834.065 -0.943
834.789 -0.944
835.513 -0.945
836.24 -0.946
836.968 -0.947
837.697 -0.948
838.428 -0.949
839.16 -0.95
839.894 -0.951
840.629 -0.952
841.366 -0.953
842.104 -0.954
842.843 -0.955
843.581 -0.956
844.305 -0.957
845.02 -0.958
845.711 -0.959
846.389 -0.96
847.023 -0.961
847.598 -0.962
848.173 -0.963
848.749 -0.964
849.294 -0.965
849.837 -0.966
850.38 -0.967
850.923 -0.968
851.467 -0.969
852.01 -0.97
852.553 -0.971
853.096 -0.972
853.638 -0.973
854.181 -0.974
854.725 -0.975
855.268 -0.976
855.812 -0.977
856.356 -0.978
856.901 -0.979
857.446 -0.98
857.991 -0.981
858.536 -0.982
859.082 -0.983
859.629 -0.984
860.175 -0.985
860.722 -0.986
861.269 -0.987
861.817 -0.988
862.365 -0.989
862.913 -0.99
863.462 -0.991
864.011 -0.992
864.56 -0.993
865.11 -0.994
865.66 -0.995
866.21 -0.996
866.76 -0.997
867.311 -0.998
867.863 -0.999
868.414 -1
868.966 -1.001
869.519 -1.002
870.071 -1.003
870.624 -1.004
871.177 -1.005
871.731 -1.006
872.277 -1.007
872.794 -1.008
873.304 -1.009
873.812 -1.01
874.32 -1.011
874.827 -1.012
875.334 -1.013
875.841 -1.014
876.347 -1.015
876.853 -1.016
877.357 -1.017
877.856 -1.018
878.353 -1.019
878.849 -1.02
879.345 -1.021
879.84 -1.022
880.336 -1.023
880.831 -1.024
881.326 -1.025
881.82 -1.026
882.315 -1.027
882.81 -1.028
883.305 -1.029
883.799 -1.03
884.293 -1.031
884.786 -1.032
885.28 -1.033
885.773 -1.034
886.266 -1.035
886.759 -1.036
887.252 -1.037
887.745 -1.038
888.239 -1.039
888.733 -1.04
889.226 -1.041
889.72 -1.042
890.214 -1.043
890.709 -1.044
891.203 -1.045
891.698 -1.046
892.192 -1.047
892.687 -1.048
893.182 -1.049
893.677 -1.05
894.171 -1.051
894.665 -1.052
895.159 -1.053
895.653 -1.054
896.147 -1.055
896.64 -1.056
897.134 -1.057
897.628 -1.058
898.122 -1.059
898.615 -1.06
899.109 -1.061
899.603 -1.062
900.096 -1.063
900.59 -1.064
901.083 -1.065
901.577 -1.066
902.071 -1.067
902.564 -1.068
903.058 -1.069
903.551 -1.07
904.045 -1.071
904.538 -1.072
905.032 -1.073
905.525 -1.074
906.018 -1.075
906.512 -1.076
907.005 -1.077
907.498 -1.078
907.991 -1.079
908.485 -1.08
908.978 -1.081
909.471 -1.082
909.964 -1.083
910.457 -1.084
910.951 -1.085
911.444 -1.086
911.937 -1.087
912.43 -1.088
912.924 -1.089
913.417 -1.09
913.91 -1.091
914.404 -1.092
914.897 -1.093
915.39 -1.094
915.884 -1.095
916.378 -1.096
916.872 -1.097
917.366 -1.098
917.86 -1.099
918.354 -1.1
