13.2154 -0.001
26.3713 -0.002
39.4678 -0.003
52.5051 -0.004
65.4833 -0.005
78.4026 -0.006
91.2632 -0.007
104.065 -0.008
116.809 -0.009
129.494 -0.01
142.121 -0.011
154.69 -0.012
167.202 -0.013
179.655 -0.014
192.051 -0.015
204.39 -0.016
216.671 -0.017
228.896 -0.018
241.063 -0.019
253.173 -0.02
265.227 -0.021
277.223 -0.022
289.164 -0.023
301.048 -0.024
312.875 -0.025
324.647 -0.026
336.362 -0.027
348.021 -0.028
359.625 -0.029
371.172 -0.03
382.664 -0.031
394.1 -0.032
405.481 -0.033
416.806 -0.034
428.076 -0.035
439.291 -0.036
450.45 -0.037
461.554 -0.038
472.603 -0.039
483.596 -0.04
494.535 -0.041
505.418 -0.042
516.247 -0.043
527.02 -0.044
537.739 -0.045
548.397 -0.046
558.77 -0.047
568.425 -0.048
576.951 -0.049
583.956 -0.05
590.078 -0.051
595.13 -0.052
599.635 -0.053
604.083 -0.054
608.481 -0.055
612.828 -0.056
617.123 -0.057
621.364 -0.058
625.551 -0.059
629.686 -0.06
633.747 -0.061
637.755 -0.062
641.71 -0.063
645.612 -0.064
649.448 -0.065
653.215 -0.066
656.922 -0.067
660.579 -0.068
664.182 -0.069
667.728 -0.07
671.205 -0.071
674.62 -0.072
677.981 -0.073
681.292 -0.074
684.553 -0.075
687.748 -0.076
690.884 -0.077
693.973 -0.078
697.014 -0.079
700.004 -0.08
702.941 -0.081
705.832 -0.082
708.678 -0.083
711.459 -0.084
714.175 -0.085
716.826 -0.086
719.411 -0.087
721.896 -0.088
724.248 -0.089
726.494 -0.09
728.653 -0.091
730.723 -0.092
732.639 -0.093
734.315 -0.094
735.685 -0.095
736.855 -0.096
737.967 -0.097
739.025 -0.098
740.028 -0.099
740.979 -0.1
741.766 -0.101
742.369 -0.102
742.762 -0.103
743.041 -0.104
743.274 -0.105
743.461 -0.106
743.602 -0.107
743.698 -0.108
743.751 -0.109
743.77 -0.11
743.756 -0.111
743.714 -0.112
743.648 -0.113
743.559 -0.114
743.449 -0.115
743.32 -0.116
743.171 -0.117
743.005 -0.118
742.823 -0.119
742.624 -0.12
742.408 -0.121
742.175 -0.122
741.923 -0.123
741.655 -0.124
741.369 -0.125
741.068 -0.126
740.753 -0.127
740.422 -0.128
740.079 -0.129
739.72 -0.13
739.349 -0.131
738.967 -0.132
738.574 -0.133
738.17 -0.134
737.758 -0.135
737.335 -0.136
736.904 -0.137
736.466 -0.138
736.019 -0.139
735.564 -0.14
735.102 -0.141
734.633 -0.142
734.156 -0.143
733.668 -0.144
733.173 -0.145
732.672 -0.146
732.161 -0.147
731.643 -0.148
731.119 -0.149
730.584 -0.15
730.045 -0.151
729.5 -0.152
728.944 -0.153
728.383 -0.154
727.818 -0.155
727.247 -0.156
726.67 -0.157
726.089 -0.158
725.502 -0.159
724.91 -0.16
724.314 -0.161
723.714 -0.162
723.109 -0.163
722.5 -0.164
721.886 -0.165
721.268 -0.166
720.647 -0.167
720.021 -0.168
719.391 -0.169
718.757 -0.17
718.119 -0.171
717.477 -0.172
716.832 -0.173
716.182 -0.174
715.529 -0.175
714.874 -0.176
714.215 -0.177
713.553 -0.178
712.888 -0.179
712.219 -0.18
711.547 -0.181
710.872 -0.182
710.191 -0.183
709.507 -0.184
708.823 -0.185
708.137 -0.186
707.45 -0.187
706.761 -0.188
706.07 -0.189
705.377 -0.19
704.677 -0.191
703.976 -0.192
703.273 -0.193
702.568 -0.194
701.862 -0.195
701.154 -0.196
700.445 -0.197
699.734 -0.198
699.017 -0.199
698.299 -0.2
697.578 -0.201
696.856 -0.202
696.132 -0.203
695.407 -0.204
694.68 -0.205
693.953 -0.206
693.224 -0.207
692.492 -0.208
691.758 -0.209
691.023 -0.21
690.287 -0.211
689.551 -0.212
688.814 -0.213
688.076 -0.214
687.337 -0.215
686.599 -0.216
685.86 -0.217
685.122 -0.218
684.383 -0.219
683.644 -0.22
682.905 -0.221
682.166 -0.222
681.425 -0.223
680.685 -0.224
679.944 -0.225
679.204 -0.226
678.463 -0.227
677.723 -0.228
676.981 -0.229
676.24 -0.23
675.498 -0.231
674.757 -0.232
674.016 -0.233
673.274 -0.234
672.531 -0.235
671.787 -0.236
671.051 -0.237
670.316 -0.238
669.587 -0.239
668.859 -0.24
668.136 -0.241
667.415 -0.242
666.699 -0.243
665.984 -0.244
665.274 -0.245
664.567 -0.246
663.863 -0.247
663.163 -0.248
662.463 -0.249
661.764 -0.25
661.065 -0.251
660.368 -0.252
659.669 -0.253
658.97 -0.254
658.271 -0.255
657.573 -0.256
656.875 -0.257
656.178 -0.258
655.483 -0.259
654.787 -0.26
654.093 -0.261
653.4 -0.262
652.707 -0.263
652.014 -0.264
651.322 -0.265
650.628 -0.266
649.936 -0.267
649.244 -0.268
648.554 -0.269
647.864 -0.27
647.176 -0.271
646.488 -0.272
645.801 -0.273
645.119 -0.274
644.439 -0.275
643.76 -0.276
643.084 -0.277
642.411 -0.278
641.737 -0.279
641.075 -0.28
640.415 -0.281
639.763 -0.282
639.117 -0.283
638.477 -0.284
637.843 -0.285
637.214 -0.286
636.593 -0.287
635.975 -0.288
635.367 -0.289
634.76 -0.29
634.157 -0.291
633.56 -0.292
632.964 -0.293
632.369 -0.294
631.776 -0.295
631.184 -0.296
630.593 -0.297
630.004 -0.298
629.416 -0.299
628.83 -0.3
628.246 -0.301
627.663 -0.302
627.082 -0.303
626.5 -0.304
625.92 -0.305
625.342 -0.306
624.765 -0.307
624.19 -0.308
623.617 -0.309
623.045 -0.31
622.476 -0.311
621.908 -0.312
621.343 -0.313
620.779 -0.314
620.217 -0.315
619.657 -0.316
619.099 -0.317
618.542 -0.318
617.988 -0.319
617.436 -0.32
616.885 -0.321
616.337 -0.322
615.791 -0.323
615.248 -0.324
614.706 -0.325
614.167 -0.326
613.63 -0.327
613.096 -0.328
612.564 -0.329
612.039 -0.33
611.517 -0.331
610.997 -0.332
610.484 -0.333
609.973 -0.334
609.466 -0.335
608.965 -0.336
608.47 -0.337
607.976 -0.338
607.486 -0.339
607.005 -0.34
606.526 -0.341
606.05 -0.342
605.58 -0.343
605.115 -0.344
604.654 -0.345
604.197 -0.346
603.746 -0.347
603.297 -0.348
602.854 -0.349
602.413 -0.35
601.976 -0.351
601.541 -0.352
601.11 -0.353
600.683 -0.354
600.259 -0.355
599.838 -0.356
599.42 -0.357
599.007 -0.358
598.597 -0.359
598.191 -0.36
597.787 -0.361
597.387 -0.362
596.99 -0.363
596.596 -0.364
596.206 -0.365
595.818 -0.366
595.434 -0.367
595.054 -0.368
594.676 -0.369
594.302 -0.37
593.93 -0.371
593.562 -0.372
593.197 -0.373
592.836 -0.374
592.478 -0.375
592.124 -0.376
591.773 -0.377
591.426 -0.378
591.082 -0.379
590.741 -0.38
590.403 -0.381
590.069 -0.382
589.738 -0.383
589.411 -0.384
589.088 -0.385
588.769 -0.386
588.453 -0.387
588.14 -0.388
587.831 -0.389
587.525 -0.39
587.224 -0.391
586.926 -0.392
586.633 -0.393
586.343 -0.394
586.057 -0.395
585.774 -0.396
585.495 -0.397
585.22 -0.398
584.949 -0.399
584.683 -0.4
584.42 -0.401
584.162 -0.402
583.906 -0.403
583.654 -0.404
583.406 -0.405
583.161 -0.406
582.92 -0.407
582.682 -0.408
582.448 -0.409
582.215 -0.41
581.987 -0.411
581.762 -0.412
581.542 -0.413
581.326 -0.414
581.114 -0.415
580.906 -0.416
580.704 -0.417
580.506 -0.418
580.313 -0.419
580.125 -0.42
579.94 -0.421
579.761 -0.422
579.587 -0.423
579.42 -0.424
579.257 -0.425
579.097 -0.426
578.94 -0.427
578.788 -0.428
578.641 -0.429
578.498 -0.43
578.36 -0.431
578.228 -0.432
578.101 -0.433
577.978 -0.434
577.864 -0.435
577.754 -0.436
577.649 -0.437
577.549 -0.438
577.456 -0.439
577.367 -0.44
577.283 -0.441
577.204 -0.442
577.128 -0.443
577.054 -0.444
576.983 -0.445
576.916 -0.446
576.855 -0.447
576.799 -0.448
576.748 -0.449
576.701 -0.45
576.659 -0.451
576.622 -0.452
576.59 -0.453
576.562 -0.454
576.54 -0.455
576.52 -0.456
576.503 -0.457
576.487 -0.458
576.474 -0.459
576.464 -0.46
576.459 -0.461
576.458 -0.462
576.462 -0.463
576.47 -0.464
576.484 -0.465
576.501 -0.466
576.524 -0.467
576.551 -0.468
576.583 -0.469
576.62 -0.47
576.662 -0.471
576.708 -0.472
576.757 -0.473
576.809 -0.474
576.864 -0.475
576.922 -0.476
576.983 -0.477
577.049 -0.478
577.119 -0.479
577.195 -0.48
577.276 -0.481
577.362 -0.482
577.454 -0.483
577.55 -0.484
577.652 -0.485
577.758 -0.486
577.87 -0.487
577.987 -0.488
578.109 -0.489
578.237 -0.49
578.368 -0.491
578.503 -0.492
578.642 -0.493
578.785 -0.494
578.931 -0.495
579.081 -0.496
579.235 -0.497
579.396 -0.498
579.561 -0.499
579.732 -0.5
579.908 -0.501
580.09 -0.502
580.277 -0.503
580.469 -0.504
580.667 -0.505
580.87 -0.506
581.078 -0.507
581.292 -0.508
581.51 -0.509
581.734 -0.51
581.963 -0.511
582.194 -0.512
582.43 -0.513
582.669 -0.514
582.911 -0.515
583.158 -0.516
583.408 -0.517
583.664 -0.518
583.925 -0.519
584.191 -0.52
584.463 -0.521
584.739 -0.522
585.021 -0.523
585.308 -0.524
585.601 -0.525
585.898 -0.526
586.202 -0.527
586.511 -0.528
586.826 -0.529
587.145 -0.53
587.471 -0.531
587.8 -0.532
588.134 -0.533
588.467 -0.534
588.804 -0.535
589.144 -0.536
589.475 -0.537
589.767 -0.538
589.967 -0.539
590.152 -0.54
590.331 -0.541
590.513 -0.542
590.69 -0.543
590.87 -0.544
591.045 -0.545
591.221 -0.546
591.402 -0.547
591.587 -0.548
591.775 -0.549
591.967 -0.55
592.162 -0.551
592.362 -0.552
592.565 -0.553
592.773 -0.554
592.985 -0.555
593.2 -0.556
593.419 -0.557
593.642 -0.558
593.869 -0.559
594.099 -0.56
594.333 -0.561
594.572 -0.562
594.814 -0.563
595.06 -0.564
595.31 -0.565
595.563 -0.566
595.821 -0.567
596.083 -0.568
596.348 -0.569
596.618 -0.57
596.891 -0.571
597.168 -0.572
597.449 -0.573
597.734 -0.574
598.023 -0.575
598.316 -0.576
598.613 -0.577
598.915 -0.578
599.22 -0.579
599.53 -0.58
599.844 -0.581
600.158 -0.582
600.468 -0.583
600.783 -0.584
601.101 -0.585
601.419 -0.586
601.733 -0.587
602.05 -0.588
602.372 -0.589
602.686 -0.59
603.004 -0.591
603.324 -0.592
603.64 -0.593
603.955 -0.594
604.275 -0.595
604.59 -0.596
604.904 -0.597
605.221 -0.598
605.532 -0.599
605.843 -0.6
606.158 -0.601
606.476 -0.602
606.797 -0.603
607.122 -0.604
607.45 -0.605
607.783 -0.606
608.119 -0.607
608.459 -0.608
608.803 -0.609
609.151 -0.61
609.503 -0.611
609.859 -0.612
610.218 -0.613
610.58 -0.614
610.947 -0.615
611.317 -0.616
611.69 -0.617
612.068 -0.618
612.449 -0.619
612.826 -0.62
613.204 -0.621
613.584 -0.622
613.964 -0.623
614.341 -0.624
614.72 -0.625
615.092 -0.626
615.456 -0.627
615.814 -0.628
616.157 -0.629
616.494 -0.63
616.815 -0.631
617.131 -0.632
617.429 -0.633
617.73 -0.634
618.034 -0.635
618.34 -0.636
618.649 -0.637
618.961 -0.638
619.27 -0.639
619.581 -0.64
619.888 -0.641
620.198 -0.642
620.506 -0.643
620.814 -0.644
621.118 -0.645
621.423 -0.646
621.726 -0.647
622.027 -0.648
622.329 -0.649
622.633 -0.65
622.941 -0.651
623.252 -0.652
623.566 -0.653
623.883 -0.654
624.203 -0.655
624.526 -0.656
624.852 -0.657
625.182 -0.658
625.514 -0.659
625.849 -0.66
626.188 -0.661
626.529 -0.662
626.874 -0.663
627.222 -0.664
627.573 -0.665
627.927 -0.666
628.284 -0.667
628.645 -0.668
629.009 -0.669
629.375 -0.67
629.745 -0.671
630.118 -0.672
630.494 -0.673
630.873 -0.674
631.255 -0.675
631.64 -0.676
632.029 -0.677
632.421 -0.678
632.816 -0.679
633.214 -0.68
633.615 -0.681
634.019 -0.682
634.426 -0.683
634.837 -0.684
635.251 -0.685
635.668 -0.686
636.089 -0.687
636.512 -0.688
636.939 -0.689
637.37 -0.69
637.804 -0.691
638.242 -0.692
638.683 -0.693
639.127 -0.694
639.574 -0.695
640.025 -0.696
640.48 -0.697
640.937 -0.698
641.398 -0.699
641.863 -0.7
642.331 -0.701
642.802 -0.702
643.265 -0.703
643.71 -0.704
644.136 -0.705
644.553 -0.706
644.973 -0.707
645.397 -0.708
645.823 -0.709
646.253 -0.71
646.686 -0.711
647.122 -0.712
647.562 -0.713
648.005 -0.714
648.451 -0.715
648.9 -0.716
649.353 -0.717
649.809 -0.718
650.254 -0.719
650.675 -0.72
651.097 -0.721
651.521 -0.722
651.949 -0.723
652.38 -0.724
652.815 -0.725
653.252 -0.726
653.692 -0.727
654.136 -0.728
654.582 -0.729
655.032 -0.73
655.485 -0.731
655.941 -0.732
656.4 -0.733
656.862 -0.734
657.327 -0.735
657.795 -0.736
658.267 -0.737
658.742 -0.738
659.22 -0.739
659.702 -0.74
660.187 -0.741
660.675 -0.742
661.166 -0.743
661.661 -0.744
662.159 -0.745
662.66 -0.746
663.165 -0.747
663.672 -0.748
664.183 -0.749
664.657 -0.75
665.118 -0.751
665.583 -0.752
666.051 -0.753
666.522 -0.754
666.996 -0.755
667.472 -0.756
667.952 -0.757
668.434 -0.758
668.92 -0.759
669.408 -0.76
669.9 -0.761
670.395 -0.762
670.893 -0.763
671.394 -0.764
671.899 -0.765
672.407 -0.766
672.918 -0.767
673.432 -0.768
673.95 -0.769
674.47 -0.77
674.994 -0.771
675.521 -0.772
676.051 -0.773
676.585 -0.774
677.12 -0.775
677.645 -0.776
678.162 -0.777
678.682 -0.778
679.205 -0.779
679.731 -0.78
680.26 -0.781
680.793 -0.782
681.329 -0.783
681.869 -0.784
682.412 -0.785
682.959 -0.786
683.509 -0.787
684.062 -0.788
684.62 -0.789
685.18 -0.79
685.745 -0.791
686.312 -0.792
686.883 -0.793
687.458 -0.794
688.035 -0.795
688.616 -0.796
689.2 -0.797
689.787 -0.798
690.378 -0.799
690.972 -0.8
691.569 -0.801
692.17 -0.802
692.773 -0.803
693.381 -0.804
693.992 -0.805
694.606 -0.806
695.224 -0.807
695.846 -0.808
696.466 -0.809
697.076 -0.81
697.677 -0.811
698.268 -0.812
698.857 -0.813
699.448 -0.814
700.043 -0.815
700.641 -0.816
701.243 -0.817
701.848 -0.818
702.457 -0.819
703.07 -0.82
703.686 -0.821
704.305 -0.822
704.928 -0.823
705.555 -0.824
706.185 -0.825
706.82 -0.826
707.457 -0.827
708.099 -0.828
708.744 -0.829
709.393 -0.83
710.046 -0.831
710.702 -0.832
711.362 -0.833
712.025 -0.834
712.692 -0.835
713.363 -0.836
714.036 -0.837
714.713 -0.838
715.394 -0.839
716.073 -0.84
716.748 -0.841
717.42 -0.842
718.091 -0.843
718.761 -0.844
719.429 -0.845
720.102 -0.846
720.777 -0.847
721.457 -0.848
722.14 -0.849
722.827 -0.85
723.518 -0.851
724.212 -0.852
724.91 -0.853
725.611 -0.854
726.316 -0.855
727.025 -0.856
727.738 -0.857
728.454 -0.858
729.173 -0.859
729.896 -0.86
730.623 -0.861
731.352 -0.862
732.086 -0.863
732.819 -0.864
733.55 -0.865
734.28 -0.866
735.008 -0.867
735.735 -0.868
736.463 -0.869
737.19 -0.87
737.915 -0.871
738.643 -0.872
739.375 -0.873
740.11 -0.874
740.849 -0.875
741.591 -0.876
742.337 -0.877
743.087 -0.878
743.841 -0.879
744.598 -0.88
745.359 -0.881
746.124 -0.882
746.892 -0.883
747.664 -0.884
748.439 -0.885
749.218 -0.886
750.001 -0.887
750.787 -0.888
751.577 -0.889
752.37 -0.89
753.168 -0.891
753.969 -0.892
754.775 -0.893
755.584 -0.894
756.396 -0.895
757.213 -0.896
758.033 -0.897
758.856 -0.898
759.683 -0.899
760.514 -0.9
761.349 -0.901
762.188 -0.902
763.031 -0.903
763.878 -0.904
764.729 -0.905
765.583 -0.906
766.441 -0.907
767.303 -0.908
768.168 -0.909
769.037 -0.91
769.91 -0.911
770.784 -0.912
771.661 -0.913
772.539 -0.914
773.419 -0.915
774.302 -0.916
775.187 -0.917
776.075 -0.918
776.965 -0.919
777.857 -0.92
778.751 -0.921
779.649 -0.922
780.55 -0.923
781.456 -0.924
782.365 -0.925
783.277 -0.926
784.188 -0.927
785.101 -0.928
786.014 -0.929
786.927 -0.93
787.841 -0.931
788.754 -0.932
789.666 -0.933
790.58 -0.934
791.493 -0.935
792.408 -0.936
793.322 -0.937
794.239 -0.938
795.16 -0.939
796.086 -0.94
797.015 -0.941
797.948 -0.942
798.885 -0.943
799.826 -0.944
800.771 -0.945
801.719 -0.946
802.669 -0.947
803.622 -0.948
804.577 -0.949
805.534 -0.95
806.496 -0.951
807.462 -0.952
808.432 -0.953
809.406 -0.954
810.384 -0.955
811.364 -0.956
812.346 -0.957
813.331 -0.958
814.318 -0.959
815.309 -0.96
816.304 -0.961
817.303 -0.962
818.305 -0.963
819.311 -0.964
820.322 -0.965
821.336 -0.966
822.354 -0.967
823.376 -0.968
824.401 -0.969
825.431 -0.97
826.464 -0.971
827.502 -0.972
828.543 -0.973
829.588 -0.974
830.637 -0.975
831.691 -0.976
832.748 -0.977
833.809 -0.978
834.873 -0.979
835.941 -0.98
837.013 -0.981
838.088 -0.982
839.166 -0.983
840.247 -0.984
841.33 -0.985
842.416 -0.986
843.506 -0.987
844.6 -0.988
845.697 -0.989
846.797 -0.99
847.899 -0.991
849.002 -0.992
850.107 -0.993
851.215 -0.994
852.327 -0.995
853.443 -0.996
854.562 -0.997
855.683 -0.998
856.805 -0.999
857.927 -1
859.05 -1.001
860.176 -1.002
861.303 -1.003
862.433 -1.004
863.563 -1.005
864.697 -1.006
865.835 -1.007
866.976 -1.008
868.121 -1.009
869.27 -1.01
870.422 -1.011
871.576 -1.012
872.732 -1.013
873.892 -1.014
875.052 -1.015
876.216 -1.016
877.384 -1.017
878.553 -1.018
879.725 -1.019
880.9 -1.02
882.076 -1.021
883.254 -1.022
884.435 -1.023
885.615 -1.024
886.792 -1.025
887.968 -1.026
889.142 -1.027
890.311 -1.028
891.478 -1.029
892.636 -1.03
893.787 -1.031
894.938 -1.032
896.086 -1.033
897.234 -1.034
898.381 -1.035
899.529 -1.036
900.677 -1.037
901.826 -1.038
902.971 -1.039
904.106 -1.04
905.18 -1.041
906.242 -1.042
907.305 -1.043
908.37 -1.044
909.437 -1.045
910.507 -1.046
911.578 -1.047
912.651 -1.048
913.728 -1.049
914.808 -1.05
915.889 -1.051
916.975 -1.052
918.06 -1.053
919.146 -1.054
920.235 -1.055
921.326 -1.056
922.417 -1.057
923.51 -1.058
924.602 -1.059
925.687 -1.06
926.773 -1.061
927.862 -1.062
928.953 -1.063
930.045 -1.064
931.13 -1.065
932.207 -1.066
933.286 -1.067
934.369 -1.068
935.454 -1.069
936.532 -1.07
937.604 -1.071
938.673 -1.072
939.746 -1.073
940.814 -1.074
941.883 -1.075
942.943 -1.076
944.007 -1.077
945.065 -1.078
946.123 -1.079
947.184 -1.08
948.248 -1.081
949.315 -1.082
950.385 -1.083
951.457 -1.084
952.533 -1.085
953.612 -1.086
954.694 -1.087
955.778 -1.088
956.865 -1.089
957.951 -1.09
959.039 -1.091
960.125 -1.092
961.209 -1.093
962.291 -1.094
963.376 -1.095
964.459 -1.096
965.546 -1.097
966.631 -1.098
967.717 -1.099
968.797 -1.1
969.878 -1.101
970.963 -1.102
972.05 -1.103
973.139 -1.104
974.232 -1.105
975.328 -1.106
976.426 -1.107
977.52 -1.108
978.616 -1.109
979.715 -1.11
980.817 -1.111
981.922 -1.112
983.03 -1.113
984.141 -1.114
985.254 -1.115
986.37 -1.116
987.484 -1.117
988.595 -1.118
989.708 -1.119
990.825 -1.12
991.944 -1.121
993.066 -1.122
994.191 -1.123
995.318 -1.124
996.449 -1.125
997.582 -1.126
998.712 -1.127
999.838 -1.128
1000.97 -1.129
1002.1 -1.13
1003.23 -1.131
1004.37 -1.132
1005.51 -1.133
1006.65 -1.134
1007.78 -1.135
1008.92 -1.136
1010.05 -1.137
1011.19 -1.138
1012.33 -1.139
1013.48 -1.14
1014.62 -1.141
1015.76 -1.142
1016.89 -1.143
1018.03 -1.144
1019.17 -1.145
1020.31 -1.146
1021.45 -1.147
1022.6 -1.148
1023.72 -1.149
1024.85 -1.15
1025.97 -1.151
1027.1 -1.152
1028.24 -1.153
1029.37 -1.154
1030.51 -1.155
1031.64 -1.156
1032.78 -1.157
1033.93 -1.158
1035.07 -1.159
1036.22 -1.16
1037.37 -1.161
1038.52 -1.162
1039.67 -1.163
1040.83 -1.164
1041.98 -1.165
1043.14 -1.166
1044.31 -1.167
1045.47 -1.168
1046.64 -1.169
1047.81 -1.17
1048.98 -1.171
1050.16 -1.172
1051.34 -1.173
1052.52 -1.174
1053.71 -1.175
1054.89 -1.176
1056.08 -1.177
1057.28 -1.178
1058.47 -1.179
1059.67 -1.18
1060.87 -1.181
1062.07 -1.182
1063.28 -1.183
1064.49 -1.184
1065.7 -1.185
1066.91 -1.186
1068.12 -1.187
1069.33 -1.188
1070.54 -1.189
1071.76 -1.19
1072.98 -1.191
1074.2 -1.192
1075.43 -1.193
1076.66 -1.194
1077.88 -1.195
1079.1 -1.196
1080.33 -1.197
1081.56 -1.198
1082.79 -1.199
1084.02 -1.2
1085.26 -1.201
1086.5 -1.202
1087.74 -1.203
1088.99 -1.204
1090.24 -1.205
1091.48 -1.206
1092.72 -1.207
1093.97 -1.208
1095.21 -1.209
1096.47 -1.21
1097.72 -1.211
1098.97 -1.212
1100.23 -1.213
1101.5 -1.214
1102.76 -1.215
1104.03 -1.216
1105.3 -1.217
1106.57 -1.218
1107.84 -1.219
1109.1 -1.22
1110.37 -1.221
1111.64 -1.222
1112.91 -1.223
1114.19 -1.224
1115.47 -1.225
1116.75 -1.226
1118.03 -1.227
1119.32 -1.228
1120.6 -1.229
1121.9 -1.23
1123.19 -1.231
1124.49 -1.232
1125.79 -1.233
1127.09 -1.234
1128.4 -1.235
1129.71 -1.236
1131.02 -1.237
1132.33 -1.238
1133.65 -1.239
1134.96 -1.24
1136.28 -1.241
1137.59 -1.242
1138.9 -1.243
1140.22 -1.244
1141.53 -1.245
1142.85 -1.246
1144.16 -1.247
1145.47 -1.248
1146.77 -1.249
1148.08 -1.25
1149.38 -1.251
1150.68 -1.252
1151.98 -1.253
1153.28 -1.254
1154.58 -1.255
1155.89 -1.256
1157.19 -1.257
1158.49 -1.258
1159.8 -1.259
1161.05 -1.26
1162.3 -1.261
1163.54 -1.262
1164.79 -1.263
1166.03 -1.264
1167.28 -1.265
1168.52 -1.266
1169.77 -1.267
1171.01 -1.268
1172.25 -1.269
1173.49 -1.27
1174.73 -1.271
1175.96 -1.272
1177.19 -1.273
1178.41 -1.274
1179.62 -1.275
1180.83 -1.276
1182.02 -1.277
1183.21 -1.278
1184.38 -1.279
1185.54 -1.28
1186.67 -1.281
1187.8 -1.282
1188.93 -1.283
1190.07 -1.284
1191.2 -1.285
1192.34 -1.286
1193.48 -1.287
1194.61 -1.288
1195.75 -1.289
1196.9 -1.29
1198.04 -1.291
1199.18 -1.292
1200.28 -1.293
1201.37 -1.294
1202.37 -1.295
1203.26 -1.296
1204.14 -1.297
1205.03 -1.298
1205.91 -1.299
1206.79 -1.3
1207.68 -1.301
1208.56 -1.302
1209.45 -1.303
1210.33 -1.304
1211.22 -1.305
1212.1 -1.306
1212.99 -1.307
1213.87 -1.308
1214.76 -1.309
1215.64 -1.31
1216.53 -1.311
1217.42 -1.312
1218.31 -1.313
1219.19 -1.314
1220.08 -1.315
1220.97 -1.316
1221.86 -1.317
1222.75 -1.318
1223.64 -1.319
1224.53 -1.32
1225.42 -1.321
1226.31 -1.322
1227.2 -1.323
1228.09 -1.324
1228.98 -1.325
1229.88 -1.326
1230.77 -1.327
1231.66 -1.328
1232.55 -1.329
1233.45 -1.33
1234.34 -1.331
1235.24 -1.332
1236.13 -1.333
1237.03 -1.334
1237.92 -1.335
1238.82 -1.336
1239.72 -1.337
1240.61 -1.338
1241.51 -1.339
1242.41 -1.34
1243.31 -1.341
1244.21 -1.342
1245.11 -1.343
1246.01 -1.344
1246.91 -1.345
1247.81 -1.346
1248.71 -1.347
1249.61 -1.348
1250.51 -1.349
1251.42 -1.35
1252.32 -1.351
1253.15 -1.352
1253.98 -1.353
1254.79 -1.354
1255.61 -1.355
1256.42 -1.356
1257.24 -1.357
1258.05 -1.358
1258.87 -1.359
1259.68 -1.36
1260.49 -1.361
1261.31 -1.362
1262.12 -1.363
1262.93 -1.364
1263.74 -1.365
1264.55 -1.366
1265.37 -1.367
1266.18 -1.368
1266.99 -1.369
1267.8 -1.37
1268.61 -1.371
1269.42 -1.372
1270.23 -1.373
1271.04 -1.374
1271.86 -1.375
1272.67 -1.376
1273.48 -1.377
1274.29 -1.378
1275.1 -1.379
1275.91 -1.38
1276.73 -1.381
1277.54 -1.382
1278.35 -1.383
1279.16 -1.384
1279.97 -1.385
1280.78 -1.386
1281.59 -1.387
1282.41 -1.388
1283.22 -1.389
1284.03 -1.39
1284.84 -1.391
1285.65 -1.392
1286.46 -1.393
1287.27 -1.394
1288.08 -1.395
1288.89 -1.396
1289.71 -1.397
1290.52 -1.398
1291.33 -1.399
1292.14 -1.4
