16.1814 -0.001
32.3482 -0.002
48.5002 -0.003
64.6375 -0.004
80.7598 -0.005
96.8671 -0.006
112.959 -0.007
129.036 -0.008
145.098 -0.009
161.144 -0.01
177.175 -0.011
193.191 -0.012
209.19 -0.013
225.174 -0.014
241.142 -0.015
257.094 -0.016
273.03 -0.017
288.949 -0.018
304.852 -0.019
320.739 -0.02
336.61 -0.021
352.463 -0.022
368.3 -0.023
384.12 -0.024
399.923 -0.025
415.708 -0.026
431.477 -0.027
447.228 -0.028
462.961 -0.029
478.677 -0.03
494.375 -0.031
510.055 -0.032
525.717 -0.033
541.36 -0.034
556.986 -0.035
572.592 -0.036
588.18 -0.037
603.749 -0.038
619.3 -0.039
634.798 -0.04
649.905 -0.041
663.809 -0.042
675.881 -0.043
686.542 -0.044
695.029 -0.045
700.547 -0.046
705.43 -0.047
709.96 -0.048
714.453 -0.049
718.929 -0.05
723.358 -0.051
727.759 -0.052
732.128 -0.053
736.449 -0.054
740.719 -0.055
744.957 -0.056
749.125 -0.057
753.202 -0.058
757.092 -0.059
760.783 -0.06
764.226 -0.061
767.368 -0.062
770.134 -0.063
772.643 -0.064
774.503 -0.065
775.593 -0.066
776.364 -0.067
777.125 -0.068
777.877 -0.069
778.612 -0.07
779.331 -0.071
780.037 -0.072
780.724 -0.073
781.388 -0.074
782.029 -0.075
782.652 -0.076
783.25 -0.077
783.822 -0.078
784.374 -0.079
784.898 -0.08
785.402 -0.081
785.881 -0.082
786.348 -0.083
786.799 -0.084
787.241 -0.085
787.671 -0.086
788.093 -0.087
788.513 -0.088
788.927 -0.089
789.339 -0.09
789.749 -0.091
790.156 -0.092
790.561 -0.093
790.962 -0.094
791.359 -0.095
791.751 -0.096
792.142 -0.097
792.53 -0.098
792.915 -0.099
793.297 -0.1
793.674 -0.101
794.046 -0.102
794.416 -0.103
794.779 -0.104
795.134 -0.105
795.486 -0.106
795.832 -0.107
796.168 -0.108
796.497 -0.109
796.822 -0.11
797.144 -0.111
797.462 -0.112
797.771 -0.113
798.077 -0.114
798.379 -0.115
798.674 -0.116
798.962 -0.117
799.243 -0.118
799.518 -0.119
799.79 -0.12
800.056 -0.121
800.315 -0.122
800.567 -0.123
800.818 -0.124
801.066 -0.125
801.311 -0.126
801.549 -0.127
801.781 -0.128
802.011 -0.129
802.238 -0.13
802.464 -0.131
802.685 -0.132
802.899 -0.133
803.11 -0.134
803.317 -0.135
803.522 -0.136
803.727 -0.137
803.929 -0.138
804.13 -0.139
804.327 -0.14
804.523 -0.141
804.715 -0.142
804.907 -0.143
805.098 -0.144
805.288 -0.145
805.477 -0.146
805.664 -0.147
805.847 -0.148
806.029 -0.149
806.209 -0.15
806.387 -0.151
806.564 -0.152
806.74 -0.153
806.916 -0.154
807.092 -0.155
807.267 -0.156
807.442 -0.157
807.615 -0.158
807.786 -0.159
807.957 -0.16
808.127 -0.161
808.297 -0.162
808.467 -0.163
808.636 -0.164
808.805 -0.165
808.974 -0.166
809.142 -0.167
809.309 -0.168
809.476 -0.169
809.642 -0.17
809.808 -0.171
809.973 -0.172
810.138 -0.173
810.302 -0.174
810.466 -0.175
810.629 -0.176
810.792 -0.177
810.955 -0.178
811.118 -0.179
811.279 -0.18
811.441 -0.181
811.602 -0.182
811.763 -0.183
811.923 -0.184
812.083 -0.185
812.243 -0.186
812.402 -0.187
812.561 -0.188
812.72 -0.189
812.877 -0.19
813.035 -0.191
813.192 -0.192
813.349 -0.193
813.505 -0.194
813.662 -0.195
813.817 -0.196
813.973 -0.197
814.128 -0.198
814.283 -0.199
814.438 -0.2
814.593 -0.201
814.747 -0.202
814.901 -0.203
815.055 -0.204
815.209 -0.205
815.362 -0.206
815.516 -0.207
815.669 -0.208
815.822 -0.209
815.974 -0.21
816.127 -0.211
816.279 -0.212
816.431 -0.213
816.583 -0.214
816.734 -0.215
816.886 -0.216
817.037 -0.217
817.188 -0.218
817.339 -0.219
817.49 -0.22
817.64 -0.221
817.791 -0.222
817.941 -0.223
818.09 -0.224
818.24 -0.225
818.39 -0.226
818.539 -0.227
818.689 -0.228
818.838 -0.229
818.987 -0.23
819.136 -0.231
819.285 -0.232
819.434 -0.233
819.583 -0.234
819.732 -0.235
819.88 -0.236
820.029 -0.237
820.177 -0.238
820.326 -0.239
820.474 -0.24
820.621 -0.241
820.769 -0.242
820.917 -0.243
821.064 -0.244
821.212 -0.245
821.359 -0.246
821.507 -0.247
821.654 -0.248
821.801 -0.249
821.949 -0.25
822.096 -0.251
822.243 -0.252
822.39 -0.253
822.536 -0.254
822.681 -0.255
822.827 -0.256
822.972 -0.257
823.118 -0.258
823.263 -0.259
823.408 -0.26
823.553 -0.261
823.698 -0.262
823.843 -0.263
823.988 -0.264
824.133 -0.265
824.278 -0.266
824.423 -0.267
824.568 -0.268
824.713 -0.269
824.857 -0.27
825.002 -0.271
825.146 -0.272
825.291 -0.273
825.435 -0.274
825.58 -0.275
825.724 -0.276
825.868 -0.277
826.012 -0.278
826.156 -0.279
826.3 -0.28
826.444 -0.281
826.588 -0.282
826.732 -0.283
826.876 -0.284
827.02 -0.285
827.164 -0.286
827.307 -0.287
827.45 -0.288
827.594 -0.289
827.737 -0.29
827.88 -0.291
828.024 -0.292
828.166 -0.293
828.309 -0.294
828.451 -0.295
828.593 -0.296
828.736 -0.297
828.878 -0.298
829.02 -0.299
829.162 -0.3
829.304 -0.301
829.446 -0.302
829.588 -0.303
829.73 -0.304
829.872 -0.305
830.014 -0.306
830.155 -0.307
830.297 -0.308
830.438 -0.309
830.58 -0.31
830.721 -0.311
830.862 -0.312
831.003 -0.313
831.144 -0.314
831.285 -0.315
831.426 -0.316
831.567 -0.317
831.708 -0.318
831.849 -0.319
831.99 -0.32
832.13 -0.321
832.271 -0.322
832.411 -0.323
832.552 -0.324
832.692 -0.325
832.833 -0.326
832.973 -0.327
833.114 -0.328
833.254 -0.329
833.395 -0.33
833.535 -0.331
833.675 -0.332
833.816 -0.333
833.956 -0.334
834.096 -0.335
834.236 -0.336
834.376 -0.337
834.514 -0.338
834.652 -0.339
834.79 -0.34
834.927 -0.341
835.065 -0.342
835.203 -0.343
835.34 -0.344
835.478 -0.345
835.615 -0.346
835.753 -0.347
835.89 -0.348
836.028 -0.349
836.165 -0.35
836.303 -0.351
836.44 -0.352
836.578 -0.353
836.715 -0.354
836.852 -0.355
836.989 -0.356
837.126 -0.357
837.263 -0.358
837.4 -0.359
837.537 -0.36
837.675 -0.361
837.812 -0.362
837.949 -0.363
838.086 -0.364
838.223 -0.365
838.36 -0.366
838.497 -0.367
838.633 -0.368
838.77 -0.369
838.907 -0.37
839.043 -0.371
839.18 -0.372
839.317 -0.373
839.453 -0.374
839.59 -0.375
839.726 -0.376
839.863 -0.377
839.999 -0.378
840.135 -0.379
840.27 -0.38
840.406 -0.381
840.54 -0.382
840.674 -0.383
840.809 -0.384
840.943 -0.385
841.077 -0.386
841.211 -0.387
841.346 -0.388
841.48 -0.389
841.614 -0.39
841.748 -0.391
841.882 -0.392
842.016 -0.393
842.15 -0.394
842.284 -0.395
842.418 -0.396
842.552 -0.397
842.686 -0.398
842.819 -0.399
842.953 -0.4
843.087 -0.401
843.22 -0.402
843.354 -0.403
843.488 -0.404
843.622 -0.405
843.755 -0.406
843.889 -0.407
844.022 -0.408
844.156 -0.409
844.29 -0.41
844.423 -0.411
844.557 -0.412
844.691 -0.413
844.824 -0.414
844.958 -0.415
845.091 -0.416
845.224 -0.417
845.358 -0.418
845.491 -0.419
845.625 -0.42
845.758 -0.421
845.892 -0.422
846.025 -0.423
846.158 -0.424
846.292 -0.425
846.425 -0.426
846.558 -0.427
846.691 -0.428
846.823 -0.429
846.956 -0.43
847.088 -0.431
847.221 -0.432
847.353 -0.433
847.486 -0.434
847.618 -0.435
847.751 -0.436
847.883 -0.437
848.016 -0.438
848.148 -0.439
848.281 -0.44
848.413 -0.441
848.545 -0.442
848.678 -0.443
848.81 -0.444
848.942 -0.445
849.075 -0.446
849.207 -0.447
849.339 -0.448
849.472 -0.449
849.604 -0.45
849.736 -0.451
849.868 -0.452
850.001 -0.453
850.133 -0.454
850.265 -0.455
850.397 -0.456
850.53 -0.457
850.662 -0.458
850.794 -0.459
850.926 -0.46
851.058 -0.461
851.19 -0.462
851.321 -0.463
851.453 -0.464
851.584 -0.465
851.716 -0.466
851.847 -0.467
851.979 -0.468
852.11 -0.469
852.242 -0.47
852.373 -0.471
852.505 -0.472
852.636 -0.473
852.768 -0.474
852.899 -0.475
853.031 -0.476
853.162 -0.477
853.293 -0.478
853.425 -0.479
853.556 -0.48
853.687 -0.481
853.819 -0.482
853.949 -0.483
854.08 -0.484
854.21 -0.485
854.34 -0.486
854.471 -0.487
854.601 -0.488
854.732 -0.489
854.862 -0.49
854.992 -0.491
855.122 -0.492
855.253 -0.493
855.383 -0.494
855.513 -0.495
855.643 -0.496
855.773 -0.497
855.904 -0.498
856.034 -0.499
856.164 -0.5
856.294 -0.501
856.424 -0.502
856.554 -0.503
856.685 -0.504
856.815 -0.505
856.945 -0.506
857.075 -0.507
857.205 -0.508
857.335 -0.509
857.465 -0.51
857.595 -0.511
857.726 -0.512
857.856 -0.513
857.986 -0.514
858.116 -0.515
858.246 -0.516
858.376 -0.517
858.506 -0.518
858.636 -0.519
858.766 -0.52
858.896 -0.521
859.026 -0.522
859.156 -0.523
859.286 -0.524
859.416 -0.525
859.546 -0.526
859.676 -0.527
859.806 -0.528
859.936 -0.529
860.066 -0.53
860.196 -0.531
860.326 -0.532
860.455 -0.533
860.585 -0.534
860.715 -0.535
860.845 -0.536
860.975 -0.537
861.105 -0.538
861.234 -0.539
861.364 -0.54
861.494 -0.541
861.624 -0.542
861.753 -0.543
861.882 -0.544
862.012 -0.545
862.141 -0.546
862.27 -0.547
862.4 -0.548
862.529 -0.549
862.658 -0.55
862.788 -0.551
862.917 -0.552
863.046 -0.553
863.176 -0.554
863.305 -0.555
863.434 -0.556
863.563 -0.557
863.693 -0.558
863.822 -0.559
863.951 -0.56
864.081 -0.561
864.21 -0.562
864.339 -0.563
864.468 -0.564
864.598 -0.565
864.727 -0.566
864.856 -0.567
864.985 -0.568
865.114 -0.569
865.243 -0.57
865.373 -0.571
865.502 -0.572
865.631 -0.573
865.76 -0.574
865.889 -0.575
866.018 -0.576
866.147 -0.577
866.276 -0.578
866.406 -0.579
866.535 -0.58
866.664 -0.581
866.793 -0.582
866.922 -0.583
867.051 -0.584
867.18 -0.585
867.309 -0.586
867.438 -0.587
867.568 -0.588
867.697 -0.589
867.826 -0.59
867.955 -0.591
868.084 -0.592
868.213 -0.593
868.342 -0.594
868.471 -0.595
868.6 -0.596
868.73 -0.597
868.859 -0.598
868.987 -0.599
869.116 -0.6
869.245 -0.601
869.374 -0.602
869.503 -0.603
869.632 -0.604
869.761 -0.605
869.89 -0.606
870.019 -0.607
870.148 -0.608
870.276 -0.609
870.405 -0.61
870.534 -0.611
870.663 -0.612
870.792 -0.613
870.921 -0.614
871.05 -0.615
871.179 -0.616
871.308 -0.617
871.436 -0.618
871.565 -0.619
871.694 -0.62
871.823 -0.621
871.952 -0.622
872.081 -0.623
872.21 -0.624
872.339 -0.625
872.467 -0.626
872.596 -0.627
872.725 -0.628
872.854 -0.629
872.983 -0.63
873.112 -0.631
873.241 -0.632
873.37 -0.633
873.498 -0.634
873.627 -0.635
873.756 -0.636
873.884 -0.637
874.013 -0.638
874.141 -0.639
874.27 -0.64
874.398 -0.641
874.526 -0.642
874.655 -0.643
874.783 -0.644
874.912 -0.645
875.04 -0.646
875.169 -0.647
875.297 -0.648
875.426 -0.649
875.554 -0.65
875.683 -0.651
875.811 -0.652
875.94 -0.653
876.068 -0.654
876.197 -0.655
876.325 -0.656
876.454 -0.657
876.582 -0.658
876.711 -0.659
876.839 -0.66
876.968 -0.661
877.096 -0.662
877.225 -0.663
877.353 -0.664
877.482 -0.665
877.61 -0.666
877.738 -0.667
877.867 -0.668
877.995 -0.669
878.123 -0.67
878.252 -0.671
878.38 -0.672
878.508 -0.673
878.637 -0.674
878.765 -0.675
878.893 -0.676
879.022 -0.677
879.15 -0.678
879.278 -0.679
879.406 -0.68
879.534 -0.681
879.663 -0.682
879.791 -0.683
879.919 -0.684
880.047 -0.685
880.175 -0.686
880.303 -0.687
880.431 -0.688
880.559 -0.689
880.687 -0.69
880.815 -0.691
880.943 -0.692
881.071 -0.693
881.199 -0.694
881.327 -0.695
881.455 -0.696
881.584 -0.697
881.712 -0.698
881.84 -0.699
881.968 -0.7
882.096 -0.701
882.224 -0.702
882.352 -0.703
882.48 -0.704
882.608 -0.705
882.736 -0.706
882.863 -0.707
882.99 -0.708
883.117 -0.709
883.244 -0.71
883.371 -0.711
883.498 -0.712
883.624 -0.713
883.751 -0.714
883.878 -0.715
884.005 -0.716
884.132 -0.717
884.259 -0.718
884.386 -0.719
884.512 -0.72
884.639 -0.721
884.766 -0.722
884.893 -0.723
885.02 -0.724
885.146 -0.725
885.273 -0.726
885.4 -0.727
885.527 -0.728
885.653 -0.729
885.78 -0.73
885.907 -0.731
886.033 -0.732
886.16 -0.733
886.287 -0.734
886.414 -0.735
886.54 -0.736
886.667 -0.737
886.793 -0.738
886.92 -0.739
887.046 -0.74
887.172 -0.741
887.299 -0.742
887.425 -0.743
887.551 -0.744
887.677 -0.745
887.803 -0.746
887.929 -0.747
888.056 -0.748
888.182 -0.749
888.308 -0.75
888.434 -0.751
888.561 -0.752
888.687 -0.753
888.814 -0.754
888.941 -0.755
889.067 -0.756
889.194 -0.757
889.321 -0.758
889.447 -0.759
889.574 -0.76
889.701 -0.761
889.827 -0.762
889.954 -0.763
890.081 -0.764
890.208 -0.765
890.334 -0.766
890.461 -0.767
890.588 -0.768
890.714 -0.769
890.841 -0.77
890.968 -0.771
891.094 -0.772
891.221 -0.773
891.348 -0.774
891.474 -0.775
891.601 -0.776
891.728 -0.777
891.854 -0.778
891.981 -0.779
892.108 -0.78
892.234 -0.781
892.361 -0.782
892.487 -0.783
892.614 -0.784
892.74 -0.785
892.867 -0.786
892.994 -0.787
893.12 -0.788
893.247 -0.789
893.373 -0.79
893.5 -0.791
893.627 -0.792
893.753 -0.793
893.88 -0.794
894.006 -0.795
894.133 -0.796
894.259 -0.797
894.386 -0.798
894.512 -0.799
894.638 -0.8
894.765 -0.801
894.891 -0.802
895.017 -0.803
895.144 -0.804
895.27 -0.805
895.396 -0.806
895.523 -0.807
895.649 -0.808
895.776 -0.809
895.902 -0.81
896.028 -0.811
896.155 -0.812
896.281 -0.813
896.407 -0.814
896.534 -0.815
896.66 -0.816
896.786 -0.817
896.912 -0.818
897.039 -0.819
897.165 -0.82
897.291 -0.821
897.417 -0.822
897.544 -0.823
897.67 -0.824
897.796 -0.825
897.922 -0.826
898.048 -0.827
898.174 -0.828
898.3 -0.829
898.426 -0.83
898.552 -0.831
898.678 -0.832
898.804 -0.833
898.93 -0.834
899.056 -0.835
899.181 -0.836
899.306 -0.837
899.432 -0.838
899.557 -0.839
899.682 -0.84
899.808 -0.841
899.933 -0.842
900.058 -0.843
900.183 -0.844
900.308 -0.845
900.432 -0.846
900.557 -0.847
900.682 -0.848
900.807 -0.849
900.932 -0.85
901.056 -0.851
901.181 -0.852
901.305 -0.853
901.43 -0.854
901.554 -0.855
901.678 -0.856
901.803 -0.857
901.927 -0.858
902.051 -0.859
902.175 -0.86
902.298 -0.861
902.42 -0.862
902.542 -0.863
902.663 -0.864
902.785 -0.865
902.906 -0.866
903.027 -0.867
903.148 -0.868
903.268 -0.869
903.389 -0.87
903.509 -0.871
903.628 -0.872
903.748 -0.873
903.867 -0.874
903.985 -0.875
904.103 -0.876
904.218 -0.877
904.329 -0.878
904.439 -0.879
904.545 -0.88
904.647 -0.881
904.742 -0.882
904.828 -0.883
904.902 -0.884
904.962 -0.885
905.005 -0.886
905.026 -0.887
905.027 -0.888
905.004 -0.889
904.951 -0.89
904.869 -0.891
904.759 -0.892
904.617 -0.893
904.44 -0.894
904.233 -0.895
903.992 -0.896
903.716 -0.897
903.413 -0.898
903.078 -0.899
902.723 -0.9
902.383 -0.901
902.067 -0.902
901.783 -0.903
901.54 -0.904
901.336 -0.905
901.155 -0.906
900.979 -0.907
900.803 -0.908
900.632 -0.909
900.473 -0.91
900.316 -0.911
900.159 -0.912
900.012 -0.913
899.904 -0.914
899.893 -0.915
899.911 -0.916
899.935 -0.917
899.966 -0.918
899.996 -0.919
900.026 -0.92
900.064 -0.921
900.143 -0.922
900.284 -0.923
900.419 -0.924
900.553 -0.925
900.687 -0.926
900.819 -0.927
900.96 -0.928
901.144 -0.929
901.385 -0.93
901.626 -0.931
901.853 -0.932
902.07 -0.933
902.277 -0.934
902.505 -0.935
902.787 -0.936
903.055 -0.937
903.312 -0.938
903.551 -0.939
903.769 -0.94
903.989 -0.941
904.223 -0.942
904.442 -0.943
904.659 -0.944
904.875 -0.945
905.094 -0.946
905.305 -0.947
905.511 -0.948
905.714 -0.949
905.919 -0.95
906.142 -0.951
906.368 -0.952
906.592 -0.953
906.814 -0.954
907.034 -0.955
907.252 -0.956
907.464 -0.957
907.672 -0.958
907.875 -0.959
908.075 -0.96
908.274 -0.961
908.47 -0.962
908.662 -0.963
908.848 -0.964
909.029 -0.965
909.208 -0.966
909.376 -0.967
909.536 -0.968
909.707 -0.969
909.911 -0.97
910.126 -0.971
910.339 -0.972
910.544 -0.973
910.74 -0.974
910.933 -0.975
911.119 -0.976
911.295 -0.977
911.467 -0.978
911.632 -0.979
911.785 -0.98
911.935 -0.981
912.073 -0.982
912.195 -0.983
912.317 -0.984
912.439 -0.985
912.562 -0.986
912.685 -0.987
912.808 -0.988
912.931 -0.989
913.053 -0.99
913.176 -0.991
913.298 -0.992
913.421 -0.993
913.543 -0.994
913.665 -0.995
913.788 -0.996
913.91 -0.997
914.032 -0.998
914.153 -0.999
914.275 -1
914.397 -1.001
914.518 -1.002
914.64 -1.003
914.761 -1.004
914.882 -1.005
915.003 -1.006
915.124 -1.007
915.245 -1.008
915.366 -1.009
915.487 -1.01
915.607 -1.011
915.727 -1.012
915.847 -1.013
915.967 -1.014
916.087 -1.015
916.207 -1.016
916.326 -1.017
916.445 -1.018
916.564 -1.019
916.684 -1.02
916.806 -1.021
916.928 -1.022
917.05 -1.023
917.171 -1.024
917.293 -1.025
917.415 -1.026
917.537 -1.027
917.658 -1.028
917.78 -1.029
917.901 -1.03
918.022 -1.031
918.144 -1.032
918.265 -1.033
918.385 -1.034
918.506 -1.035
918.627 -1.036
918.747 -1.037
918.867 -1.038
918.988 -1.039
919.108 -1.04
919.229 -1.041
919.349 -1.042
919.47 -1.043
919.591 -1.044
919.714 -1.045
919.838 -1.046
919.962 -1.047
920.086 -1.048
920.21 -1.049
920.334 -1.05
920.459 -1.051
920.582 -1.052
920.706 -1.053
920.83 -1.054
920.954 -1.055
921.078 -1.056
921.202 -1.057
921.326 -1.058
921.451 -1.059
921.575 -1.06
921.699 -1.061
921.823 -1.062
921.947 -1.063
922.071 -1.064
922.196 -1.065
922.32 -1.066
922.444 -1.067
922.569 -1.068
922.696 -1.069
922.822 -1.07
922.949 -1.071
923.075 -1.072
923.201 -1.073
923.328 -1.074
923.455 -1.075
923.581 -1.076
923.708 -1.077
923.834 -1.078
923.961 -1.079
924.088 -1.08
924.215 -1.081
924.341 -1.082
924.468 -1.083
924.595 -1.084
924.722 -1.085
924.849 -1.086
924.975 -1.087
925.102 -1.088
925.229 -1.089
925.356 -1.09
925.483 -1.091
925.61 -1.092
925.739 -1.093
925.867 -1.094
925.996 -1.095
926.124 -1.096
926.253 -1.097
926.381 -1.098
926.51 -1.099
926.639 -1.1
926.768 -1.101
926.896 -1.102
927.025 -1.103
927.154 -1.104
927.283 -1.105
927.412 -1.106
927.541 -1.107
927.67 -1.108
927.799 -1.109
927.928 -1.11
928.057 -1.111
928.186 -1.112
928.315 -1.113
928.444 -1.114
928.573 -1.115
928.703 -1.116
928.832 -1.117
928.961 -1.118
929.091 -1.119
929.22 -1.12
929.349 -1.121
929.478 -1.122
929.608 -1.123
929.737 -1.124
929.866 -1.125
929.996 -1.126
930.125 -1.127
930.255 -1.128
930.384 -1.129
930.514 -1.13
930.644 -1.131
930.773 -1.132
930.903 -1.133
931.032 -1.134
931.162 -1.135
931.292 -1.136
931.422 -1.137
931.551 -1.138
931.681 -1.139
931.811 -1.14
931.941 -1.141
932.071 -1.142
932.201 -1.143
932.331 -1.144
932.461 -1.145
932.591 -1.146
932.721 -1.147
932.851 -1.148
932.981 -1.149
933.112 -1.15
933.242 -1.151
933.372 -1.152
933.502 -1.153
933.633 -1.154
933.763 -1.155
933.894 -1.156
934.024 -1.157
934.155 -1.158
934.285 -1.159
934.416 -1.16
934.546 -1.161
934.677 -1.162
934.807 -1.163
934.938 -1.164
935.068 -1.165
935.199 -1.166
935.33 -1.167
935.46 -1.168
935.591 -1.169
935.721 -1.17
935.852 -1.171
935.982 -1.172
936.113 -1.173
936.244 -1.174
936.375 -1.175
936.505 -1.176
936.636 -1.177
936.767 -1.178
936.897 -1.179
937.028 -1.18
937.159 -1.181
937.29 -1.182
937.42 -1.183
937.551 -1.184
937.682 -1.185
937.813 -1.186
937.944 -1.187
938.075 -1.188
938.205 -1.189
938.336 -1.19
938.467 -1.191
938.597 -1.192
938.728 -1.193
938.859 -1.194
938.99 -1.195
939.121 -1.196
939.252 -1.197
939.384 -1.198
939.516 -1.199
939.648 -1.2
939.78 -1.201
939.912 -1.202
940.045 -1.203
940.178 -1.204
940.311 -1.205
940.445 -1.206
940.579 -1.207
940.713 -1.208
940.848 -1.209
940.982 -1.21
941.117 -1.211
941.252 -1.212
941.387 -1.213
941.521 -1.214
941.656 -1.215
941.791 -1.216
941.926 -1.217
942.061 -1.218
942.196 -1.219
942.331 -1.22
942.466 -1.221
942.601 -1.222
942.736 -1.223
942.871 -1.224
943.006 -1.225
943.141 -1.226
943.276 -1.227
943.411 -1.228
943.547 -1.229
943.682 -1.23
943.817 -1.231
943.953 -1.232
944.088 -1.233
944.223 -1.234
944.359 -1.235
944.494 -1.236
944.63 -1.237
944.765 -1.238
944.901 -1.239
945.036 -1.24
945.172 -1.241
945.307 -1.242
945.443 -1.243
945.579 -1.244
945.714 -1.245
945.85 -1.246
945.986 -1.247
946.121 -1.248
946.257 -1.249
946.393 -1.25
946.528 -1.251
946.664 -1.252
946.8 -1.253
946.935 -1.254
947.071 -1.255
947.207 -1.256
947.342 -1.257
947.478 -1.258
947.614 -1.259
947.75 -1.26
947.886 -1.261
948.022 -1.262
948.159 -1.263
948.296 -1.264
948.434 -1.265
948.572 -1.266
948.71 -1.267
948.847 -1.268
948.985 -1.269
949.123 -1.27
949.261 -1.271
949.399 -1.272
949.537 -1.273
949.675 -1.274
949.813 -1.275
949.951 -1.276
950.089 -1.277
950.227 -1.278
950.365 -1.279
950.503 -1.28
950.641 -1.281
950.78 -1.282
950.918 -1.283
951.056 -1.284
951.195 -1.285
951.333 -1.286
951.471 -1.287
951.61 -1.288
951.748 -1.289
951.887 -1.29
952.025 -1.291
952.164 -1.292
952.302 -1.293
952.441 -1.294
952.579 -1.295
952.718 -1.296
952.857 -1.297
952.995 -1.298
953.134 -1.299
953.273 -1.3
953.412 -1.301
953.55 -1.302
953.689 -1.303
953.828 -1.304
953.967 -1.305
954.106 -1.306
954.245 -1.307
954.384 -1.308
954.523 -1.309
954.662 -1.31
954.801 -1.311
954.94 -1.312
955.079 -1.313
955.218 -1.314
955.357 -1.315
955.496 -1.316
955.635 -1.317
955.774 -1.318
955.914 -1.319
956.053 -1.32
956.192 -1.321
956.331 -1.322
956.471 -1.323
956.61 -1.324
956.749 -1.325
956.889 -1.326
957.028 -1.327
957.167 -1.328
957.307 -1.329
957.446 -1.33
957.586 -1.331
957.725 -1.332
957.865 -1.333
958.004 -1.334
958.144 -1.335
958.283 -1.336
958.423 -1.337
958.563 -1.338
958.702 -1.339
958.842 -1.34
958.981 -1.341
959.121 -1.342
959.261 -1.343
959.4 -1.344
959.54 -1.345
959.68 -1.346
959.82 -1.347
959.959 -1.348
960.099 -1.349
960.239 -1.35
960.379 -1.351
960.518 -1.352
960.658 -1.353
960.798 -1.354
960.938 -1.355
961.078 -1.356
961.217 -1.357
961.357 -1.358
961.497 -1.359
961.637 -1.36
961.777 -1.361
961.916 -1.362
962.056 -1.363
962.196 -1.364
962.336 -1.365
962.476 -1.366
962.615 -1.367
962.755 -1.368
962.895 -1.369
963.035 -1.37
963.174 -1.371
963.314 -1.372
963.454 -1.373
963.593 -1.374
963.733 -1.375
963.872 -1.376
964.012 -1.377
964.151 -1.378
964.291 -1.379
964.43 -1.38
964.57 -1.381
964.709 -1.382
964.848 -1.383
964.987 -1.384
965.126 -1.385
965.265 -1.386
965.404 -1.387
965.543 -1.388
965.682 -1.389
965.82 -1.39
965.959 -1.391
966.097 -1.392
966.235 -1.393
966.373 -1.394
966.51 -1.395
966.647 -1.396
966.784 -1.397
966.921 -1.398
967.057 -1.399
967.193 -1.4
967.327 -1.401
967.461 -1.402
967.594 -1.403
967.727 -1.404
967.858 -1.405
967.989 -1.406
968.117 -1.407
968.242 -1.408
968.365 -1.409
968.483 -1.41
968.593 -1.411
968.687 -1.412
968.767 -1.413
968.83 -1.414
968.87 -1.415
968.891 -1.416
968.89 -1.417
968.862 -1.418
968.815 -1.419
968.75 -1.42
968.671 -1.421
968.589 -1.422
968.512 -1.423
968.45 -1.424
968.39 -1.425
968.343 -1.426
968.299 -1.427
968.266 -1.428
968.238 -1.429
968.214 -1.43
968.202 -1.431
968.19 -1.432
968.188 -1.433
968.191 -1.434
968.196 -1.435
968.21 -1.436
968.227 -1.437
968.243 -1.438
968.259 -1.439
968.275 -1.44
968.292 -1.441
968.308 -1.442
968.324 -1.443
968.341 -1.444
968.357 -1.445
968.374 -1.446
968.39 -1.447
968.407 -1.448
968.423 -1.449
968.44 -1.45
968.456 -1.451
968.473 -1.452
968.49 -1.453
968.506 -1.454
968.523 -1.455
968.54 -1.456
968.557 -1.457
968.574 -1.458
968.591 -1.459
968.608 -1.46
968.625 -1.461
968.642 -1.462
968.659 -1.463
968.676 -1.464
968.694 -1.465
968.711 -1.466
968.728 -1.467
968.745 -1.468
968.763 -1.469
968.78 -1.47
968.797 -1.471
968.815 -1.472
968.832 -1.473
968.849 -1.474
968.867 -1.475
968.884 -1.476
968.902 -1.477
968.953 -1.478
969.094 -1.479
969.247 -1.48
969.4 -1.481
969.553 -1.482
969.742 -1.483
969.97 -1.484
970.198 -1.485
970.426 -1.486
970.654 -1.487
970.882 -1.488
971.128 -1.489
971.395 -1.49
971.662 -1.491
971.928 -1.492
972.193 -1.493
972.458 -1.494
972.723 -1.495
972.999 -1.496
973.293 -1.497
973.549 -1.498
973.756 -1.499
973.961 -1.5
