14.0173 -0.001
28.007 -0.002
41.9698 -0.003
55.9055 -0.004
69.814 -0.005
83.6952 -0.006
97.5492 -0.007
111.376 -0.008
125.175 -0.009
138.947 -0.01
152.692 -0.011
166.409 -0.012
180.099 -0.013
193.761 -0.014
207.396 -0.015
221.003 -0.016
234.582 -0.017
248.134 -0.018
261.658 -0.019
275.154 -0.02
288.622 -0.021
302.062 -0.022
315.475 -0.023
328.859 -0.024
342.216 -0.025
355.544 -0.026
368.844 -0.027
382.116 -0.028
395.359 -0.029
408.574 -0.03
421.703 -0.031
434.213 -0.032
445.391 -0.033
455.991 -0.034
466.576 -0.035
477.142 -0.036
487.704 -0.037
498.246 -0.038
508.767 -0.039
519.261 -0.04
529.729 -0.041
540.17 -0.042
550.58 -0.043
560.964 -0.044
571.32 -0.045
581.651 -0.046
591.955 -0.047
602.227 -0.048
612.467 -0.049
622.675 -0.05
632.857 -0.051
643.013 -0.052
653.143 -0.053
663.247 -0.054
673.322 -0.055
683.371 -0.056
693.392 -0.057
703.363 -0.058
713.209 -0.059
722.769 -0.06
731.956 -0.061
740.778 -0.062
748.988 -0.063
756.81 -0.064
763.91 -0.065
770.198 -0.066
775.642 -0.067
780.903 -0.068
785.907 -0.069
790.816 -0.07
795.325 -0.071
799.583 -0.072
803.55 -0.073
807.204 -0.074
810.586 -0.075
813.527 -0.076
816.202 -0.077
818.697 -0.078
820.903 -0.079
822.956 -0.08
824.98 -0.081
826.974 -0.082
828.938 -0.083
830.871 -0.084
832.777 -0.085
834.66 -0.086
836.519 -0.087
838.358 -0.088
840.173 -0.089
841.966 -0.09
843.742 -0.091
845.495 -0.092
847.226 -0.093
848.939 -0.094
850.629 -0.095
852.304 -0.096
853.965 -0.097
855.604 -0.098
857.207 -0.099
858.786 -0.1
860.334 -0.101
861.858 -0.102
863.367 -0.103
864.845 -0.104
866.303 -0.105
867.724 -0.106
869.08 -0.107
870.41 -0.108
871.68 -0.109
872.932 -0.11
874.128 -0.111
875.302 -0.112
876.437 -0.113
877.515 -0.114
878.578 -0.115
879.625 -0.116
880.658 -0.117
881.673 -0.118
882.626 -0.119
883.562 -0.12
884.457 -0.121
885.309 -0.122
886.137 -0.123
886.899 -0.124
887.625 -0.125
888.305 -0.126
888.94 -0.127
889.553 -0.128
890.129 -0.129
890.688 -0.13
891.234 -0.131
891.766 -0.132
892.264 -0.133
892.744 -0.134
893.212 -0.135
893.668 -0.136
894.101 -0.137
894.502 -0.138
894.892 -0.139
895.269 -0.14
895.633 -0.141
895.985 -0.142
896.308 -0.143
896.611 -0.144
896.9 -0.145
897.176 -0.146
897.426 -0.147
897.653 -0.148
897.867 -0.149
898.069 -0.15
898.253 -0.151
898.405 -0.152
898.546 -0.153
898.67 -0.154
898.781 -0.155
898.864 -0.156
898.927 -0.157
898.969 -0.158
899.002 -0.159
899.026 -0.16
899.038 -0.161
899.035 -0.162
899.022 -0.163
899.001 -0.164
898.969 -0.165
898.922 -0.166
898.869 -0.167
898.809 -0.168
898.741 -0.169
898.667 -0.17
898.586 -0.171
898.5 -0.172
898.407 -0.173
898.308 -0.174
898.203 -0.175
898.093 -0.176
897.978 -0.177
897.857 -0.178
897.73 -0.179
897.598 -0.18
897.459 -0.181
897.315 -0.182
897.165 -0.183
897.009 -0.184
896.848 -0.185
896.684 -0.186
896.515 -0.187
896.34 -0.188
896.161 -0.189
895.977 -0.19
895.788 -0.191
895.594 -0.192
895.393 -0.193
895.188 -0.194
894.98 -0.195
894.763 -0.196
894.54 -0.197
894.313 -0.198
894.08 -0.199
893.846 -0.2
893.606 -0.201
893.361 -0.202
893.11 -0.203
892.856 -0.204
892.598 -0.205
892.336 -0.206
892.07 -0.207
891.801 -0.208
891.527 -0.209
891.247 -0.21
890.965 -0.211
890.68 -0.212
890.393 -0.213
890.101 -0.214
889.807 -0.215
889.51 -0.216
889.21 -0.217
888.903 -0.218
888.592 -0.219
888.28 -0.22
887.968 -0.221
887.653 -0.222
887.335 -0.223
887.016 -0.224
886.694 -0.225
886.371 -0.226
886.045 -0.227
885.718 -0.228
885.388 -0.229
885.057 -0.23
884.724 -0.231
884.392 -0.232
884.059 -0.233
883.724 -0.234
883.388 -0.235
883.05 -0.236
882.711 -0.237
882.371 -0.238
882.029 -0.239
881.686 -0.24
881.343 -0.241
880.998 -0.242
880.652 -0.243
880.307 -0.244
879.961 -0.245
879.613 -0.246
879.265 -0.247
878.916 -0.248
878.566 -0.249
878.215 -0.25
877.864 -0.251
877.511 -0.252
877.158 -0.253
876.804 -0.254
876.449 -0.255
876.093 -0.256
875.737 -0.257
875.38 -0.258
875.022 -0.259
874.664 -0.26
874.306 -0.261
873.946 -0.262
873.587 -0.263
873.226 -0.264
872.865 -0.265
872.504 -0.266
872.142 -0.267
871.78 -0.268
871.417 -0.269
871.053 -0.27
870.689 -0.271
870.325 -0.272
869.96 -0.273
869.595 -0.274
869.23 -0.275
868.864 -0.276
868.498 -0.277
868.132 -0.278
867.765 -0.279
867.398 -0.28
867.031 -0.281
866.664 -0.282
866.296 -0.283
865.928 -0.284
865.56 -0.285
865.192 -0.286
864.823 -0.287
864.454 -0.288
864.086 -0.289
863.717 -0.29
863.347 -0.291
862.978 -0.292
862.609 -0.293
862.239 -0.294
861.869 -0.295
861.499 -0.296
861.129 -0.297
860.759 -0.298
860.389 -0.299
860.018 -0.3
859.648 -0.301
859.277 -0.302
858.906 -0.303
858.535 -0.304
858.164 -0.305
857.793 -0.306
857.421 -0.307
857.05 -0.308
856.678 -0.309
856.307 -0.31
855.935 -0.311
855.563 -0.312
855.19 -0.313
854.818 -0.314
854.445 -0.315
854.072 -0.316
853.699 -0.317
853.326 -0.318
852.952 -0.319
852.577 -0.32
852.202 -0.321
851.826 -0.322
851.45 -0.323
851.073 -0.324
850.696 -0.325
850.318 -0.326
849.942 -0.327
849.567 -0.328
849.191 -0.329
848.814 -0.33
848.439 -0.331
848.064 -0.332
847.689 -0.333
847.315 -0.334
846.944 -0.335
846.574 -0.336
846.203 -0.337
845.835 -0.338
845.468 -0.339
845.101 -0.34
844.734 -0.341
844.369 -0.342
844.005 -0.343
843.641 -0.344
843.278 -0.345
842.916 -0.346
842.554 -0.347
842.193 -0.348
841.834 -0.349
841.474 -0.35
841.116 -0.351
840.758 -0.352
840.402 -0.353
840.046 -0.354
839.69 -0.355
839.336 -0.356
838.982 -0.357
838.629 -0.358
838.277 -0.359
837.925 -0.36
837.574 -0.361
837.224 -0.362
836.875 -0.363
836.526 -0.364
836.178 -0.365
835.831 -0.366
835.485 -0.367
835.139 -0.368
834.794 -0.369
834.449 -0.37
834.106 -0.371
833.763 -0.372
833.421 -0.373
833.079 -0.374
832.739 -0.375
832.399 -0.376
832.06 -0.377
831.722 -0.378
831.385 -0.379
831.05 -0.38
830.716 -0.381
830.384 -0.382
830.054 -0.383
829.725 -0.384
829.397 -0.385
829.072 -0.386
828.747 -0.387
828.424 -0.388
828.102 -0.389
827.781 -0.39
827.463 -0.391
827.145 -0.392
826.829 -0.393
826.514 -0.394
826.2 -0.395
825.886 -0.396
825.572 -0.397
825.259 -0.398
824.947 -0.399
824.634 -0.4
824.323 -0.401
824.011 -0.402
823.7 -0.403
823.389 -0.404
823.077 -0.405
822.766 -0.406
822.453 -0.407
822.14 -0.408
821.824 -0.409
821.504 -0.41
821.188 -0.411
820.877 -0.412
820.568 -0.413
820.258 -0.414
819.95 -0.415
819.639 -0.416
819.326 -0.417
819.009 -0.418
818.703 -0.419
818.403 -0.42
818.105 -0.421
817.809 -0.422
817.513 -0.423
817.22 -0.424
816.928 -0.425
816.638 -0.426
816.348 -0.427
816.06 -0.428
815.773 -0.429
815.487 -0.43
815.203 -0.431
814.919 -0.432
814.636 -0.433
814.354 -0.434
814.073 -0.435
813.793 -0.436
813.514 -0.437
813.236 -0.438
812.959 -0.439
812.683 -0.44
812.408 -0.441
812.134 -0.442
811.86 -0.443
811.586 -0.444
811.314 -0.445
811.042 -0.446
810.772 -0.447
810.503 -0.448
810.234 -0.449
809.966 -0.45
809.7 -0.451
809.434 -0.452
809.17 -0.453
808.907 -0.454
808.647 -0.455
808.389 -0.456
808.133 -0.457
807.879 -0.458
807.627 -0.459
807.375 -0.46
807.124 -0.461
806.874 -0.462
806.626 -0.463
806.378 -0.464
806.131 -0.465
805.886 -0.466
805.641 -0.467
805.398 -0.468
805.158 -0.469
804.918 -0.47
804.68 -0.471
804.445 -0.472
804.21 -0.473
803.977 -0.474
803.747 -0.475
803.518 -0.476
803.29 -0.477
803.064 -0.478
802.841 -0.479
802.618 -0.48
802.397 -0.481
802.179 -0.482
801.961 -0.483
801.745 -0.484
801.53 -0.485
801.316 -0.486
801.102 -0.487
800.89 -0.488
800.679 -0.489
800.469 -0.49
800.26 -0.491
800.053 -0.492
799.845 -0.493
799.638 -0.494
799.431 -0.495
799.225 -0.496
799.021 -0.497
798.818 -0.498
798.615 -0.499
798.413 -0.5
798.212 -0.501
798.008 -0.502
797.804 -0.503
797.6 -0.504
797.395 -0.505
797.188 -0.506
796.978 -0.507
796.769 -0.508
796.56 -0.509
796.351 -0.51
796.138 -0.511
795.922 -0.512
795.702 -0.513
795.478 -0.514
795.223 -0.515
794.694 -0.516
794.265 -0.517
793.951 -0.518
793.831 -0.519
793.729 -0.52
793.512 -0.521
793.146 -0.522
792.712 -0.523
792.267 -0.524
791.906 -0.525
791.778 -0.526
791.695 -0.527
791.504 -0.528
791.305 -0.529
791.087 -0.53
790.871 -0.531
790.659 -0.532
790.451 -0.533
790.249 -0.534
790.049 -0.535
789.854 -0.536
789.673 -0.537
789.502 -0.538
789.34 -0.539
789.186 -0.54
789.037 -0.541
788.881 -0.542
788.722 -0.543
788.578 -0.544
788.445 -0.545
788.321 -0.546
788.204 -0.547
788.093 -0.548
787.985 -0.549
787.865 -0.55
787.745 -0.551
787.626 -0.552
787.51 -0.553
787.395 -0.554
787.282 -0.555
787.17 -0.556
787.06 -0.557
786.951 -0.558
786.843 -0.559
786.737 -0.56
786.633 -0.561
786.529 -0.562
786.427 -0.563
786.326 -0.564
786.227 -0.565
786.129 -0.566
786.031 -0.567
785.933 -0.568
785.836 -0.569
785.74 -0.57
785.646 -0.571
785.554 -0.572
785.461 -0.573
785.368 -0.574
785.276 -0.575
785.186 -0.576
785.098 -0.577
785.007 -0.578
784.917 -0.579
784.829 -0.58
784.742 -0.581
784.654 -0.582
784.567 -0.583
784.482 -0.584
784.401 -0.585
784.32 -0.586
784.241 -0.587
784.165 -0.588
784.088 -0.589
784.011 -0.59
783.935 -0.591
783.861 -0.592
783.787 -0.593
783.716 -0.594
783.645 -0.595
783.576 -0.596
783.508 -0.597
783.442 -0.598
783.377 -0.599
783.313 -0.6
783.251 -0.601
783.19 -0.602
783.13 -0.603
783.072 -0.604
783.015 -0.605
782.962 -0.606
782.909 -0.607
782.86 -0.608
782.812 -0.609
782.766 -0.61
782.723 -0.611
782.683 -0.612
782.64 -0.613
782.6 -0.614
782.561 -0.615
782.526 -0.616
782.493 -0.617
782.463 -0.618
782.435 -0.619
782.411 -0.62
782.387 -0.621
782.364 -0.622
782.345 -0.623
782.328 -0.624
782.314 -0.625
782.301 -0.626
782.291 -0.627
782.282 -0.628
782.276 -0.629
782.272 -0.63
782.269 -0.631
782.269 -0.632
782.27 -0.633
782.274 -0.634
782.28 -0.635
782.288 -0.636
782.298 -0.637
782.31 -0.638
782.324 -0.639
782.341 -0.64
782.359 -0.641
782.38 -0.642
782.403 -0.643
782.427 -0.644
782.455 -0.645
782.484 -0.646
782.515 -0.647
782.549 -0.648
782.585 -0.649
782.624 -0.65
782.666 -0.651
782.71 -0.652
782.755 -0.653
782.802 -0.654
782.85 -0.655
782.9 -0.656
782.951 -0.657
783.003 -0.658
783.057 -0.659
783.099 -0.66
783.126 -0.661
783.153 -0.662
783.182 -0.663
783.211 -0.664
783.239 -0.665
783.265 -0.666
783.288 -0.667
783.308 -0.668
783.328 -0.669
783.35 -0.67
783.374 -0.671
783.4 -0.672
783.427 -0.673
783.457 -0.674
783.489 -0.675
783.523 -0.676
783.558 -0.677
783.596 -0.678
783.636 -0.679
783.677 -0.68
783.721 -0.681
783.766 -0.682
783.814 -0.683
783.864 -0.684
783.915 -0.685
783.969 -0.686
784.025 -0.687
784.083 -0.688
784.143 -0.689
784.205 -0.69
784.269 -0.691
784.335 -0.692
784.403 -0.693
784.474 -0.694
784.547 -0.695
784.621 -0.696
784.698 -0.697
784.778 -0.698
784.859 -0.699
784.942 -0.7
785.028 -0.701
785.116 -0.702
785.206 -0.703
785.299 -0.704
785.393 -0.705
785.49 -0.706
785.587 -0.707
785.686 -0.708
785.787 -0.709
785.887 -0.71
785.99 -0.711
786.095 -0.712
786.197 -0.713
786.301 -0.714
786.404 -0.715
786.507 -0.716
786.61 -0.717
786.712 -0.718
786.808 -0.719
786.904 -0.72
786.993 -0.721
787.084 -0.722
787.166 -0.723
787.247 -0.724
787.323 -0.725
787.4 -0.726
787.473 -0.727
787.545 -0.728
787.613 -0.729
787.679 -0.73
787.747 -0.731
787.818 -0.732
787.89 -0.733
787.963 -0.734
788.039 -0.735
788.117 -0.736
788.196 -0.737
788.277 -0.738
788.36 -0.739
788.445 -0.74
788.532 -0.741
788.621 -0.742
788.712 -0.743
788.804 -0.744
788.899 -0.745
788.995 -0.746
789.093 -0.747
789.193 -0.748
789.295 -0.749
789.399 -0.75
789.505 -0.751
789.612 -0.752
789.721 -0.753
789.832 -0.754
789.945 -0.755
790.06 -0.756
790.176 -0.757
790.293 -0.758
790.411 -0.759
790.531 -0.76
790.652 -0.761
790.774 -0.762
790.897 -0.763
791.021 -0.764
791.145 -0.765
791.269 -0.766
791.394 -0.767
791.519 -0.768
791.643 -0.769
791.767 -0.77
791.892 -0.771
792.02 -0.772
792.15 -0.773
792.28 -0.774
792.412 -0.775
792.548 -0.776
792.685 -0.777
792.822 -0.778
792.959 -0.779
793.096 -0.78
793.233 -0.781
793.372 -0.782
793.512 -0.783
793.653 -0.784
793.796 -0.785
793.94 -0.786
794.093 -0.787
794.266 -0.788
794.444 -0.789
794.627 -0.79
794.815 -0.791
795.006 -0.792
795.208 -0.793
795.43 -0.794
795.66 -0.795
795.894 -0.796
796.132 -0.797
796.373 -0.798
796.616 -0.799
796.862 -0.8
797.11 -0.801
797.36 -0.802
797.614 -0.803
797.869 -0.804
798.127 -0.805
798.388 -0.806
798.651 -0.807
798.91 -0.808
799.171 -0.809
799.434 -0.81
799.7 -0.811
799.964 -0.812
800.228 -0.813
800.492 -0.814
800.752 -0.815
801.015 -0.816
801.274 -0.817
801.535 -0.818
801.798 -0.819
802.057 -0.82
802.317 -0.821
802.574 -0.822
802.832 -0.823
803.093 -0.824
803.357 -0.825
803.623 -0.826
803.889 -0.827
804.154 -0.828
804.421 -0.829
804.692 -0.83
804.965 -0.831
805.24 -0.832
805.51 -0.833
805.782 -0.834
806.056 -0.835
806.333 -0.836
806.613 -0.837
806.895 -0.838
807.18 -0.839
807.468 -0.84
807.756 -0.841
808.047 -0.842
808.341 -0.843
808.638 -0.844
808.937 -0.845
809.239 -0.846
809.541 -0.847
809.845 -0.848
810.15 -0.849
810.457 -0.85
810.767 -0.851
811.079 -0.852
811.393 -0.853
811.707 -0.854
812.025 -0.855
812.345 -0.856
812.666 -0.857
812.989 -0.858
813.314 -0.859
813.64 -0.86
813.968 -0.861
814.298 -0.862
814.631 -0.863
814.967 -0.864
815.306 -0.865
815.647 -0.866
815.987 -0.867
816.329 -0.868
816.673 -0.869
817.02 -0.87
817.37 -0.871
817.723 -0.872
818.079 -0.873
818.437 -0.874
818.796 -0.875
819.157 -0.876
819.518 -0.877
819.883 -0.878
820.25 -0.879
820.62 -0.88
820.993 -0.881
821.369 -0.882
821.746 -0.883
822.124 -0.884
822.506 -0.885
822.89 -0.886
823.274 -0.887
823.659 -0.888
824.046 -0.889
824.437 -0.89
824.83 -0.891
825.227 -0.892
825.623 -0.893
826.02 -0.894
826.419 -0.895
826.821 -0.896
827.227 -0.897
827.635 -0.898
828.045 -0.899
828.453 -0.9
828.865 -0.901
829.279 -0.902
829.697 -0.903
830.118 -0.904
830.542 -0.905
830.963 -0.906
831.387 -0.907
831.814 -0.908
832.244 -0.909
832.678 -0.91
833.114 -0.911
833.552 -0.912
833.987 -0.913
834.425 -0.914
834.866 -0.915
835.31 -0.916
835.757 -0.917
836.208 -0.918
836.659 -0.919
837.109 -0.92
837.564 -0.921
838.021 -0.922
838.481 -0.923
838.943 -0.924
839.407 -0.925
839.874 -0.926
840.344 -0.927
840.818 -0.928
841.295 -0.929
841.775 -0.93
842.258 -0.931
842.744 -0.932
843.233 -0.933
843.726 -0.934
844.222 -0.935
844.719 -0.936
845.219 -0.937
845.722 -0.938
846.228 -0.939
846.738 -0.94
847.251 -0.941
847.767 -0.942
848.286 -0.943
848.809 -0.944
849.335 -0.945
849.864 -0.946
850.396 -0.947
850.931 -0.948
851.468 -0.949
852.008 -0.95
852.552 -0.951
853.099 -0.952
853.648 -0.953
854.2 -0.954
854.756 -0.955
855.315 -0.956
855.878 -0.957
856.444 -0.958
857.014 -0.959
857.587 -0.96
858.163 -0.961
858.742 -0.962
859.323 -0.963
859.905 -0.964
860.487 -0.965
861.069 -0.966
861.655 -0.967
862.244 -0.968
862.836 -0.969
863.432 -0.97
864.028 -0.971
864.628 -0.972
865.231 -0.973
865.834 -0.974
866.44 -0.975
867.048 -0.976
867.657 -0.977
868.267 -0.978
868.879 -0.979
869.494 -0.98
870.113 -0.981
870.736 -0.982
871.358 -0.983
871.982 -0.984
872.608 -0.985
873.237 -0.986
873.87 -0.987
874.506 -0.988
875.145 -0.989
875.787 -0.99
876.433 -0.991
877.078 -0.992
877.722 -0.993
878.369 -0.994
879.02 -0.995
879.674 -0.996
880.332 -0.997
880.992 -0.998
881.656 -0.999
882.321 -1
882.988 -1.001
883.655 -1.002
884.323 -1.003
884.995 -1.004
885.669 -1.005
886.347 -1.006
887.027 -1.007
887.71 -1.008
888.397 -1.009
889.088 -1.01
889.782 -1.011
890.477 -1.012
891.172 -1.013
891.869 -1.014
892.571 -1.015
893.276 -1.016
893.984 -1.017
894.695 -1.018
895.41 -1.019
896.128 -1.02
896.85 -1.021
897.575 -1.022
898.301 -1.023
899.029 -1.024
899.759 -1.025
900.494 -1.026
901.231 -1.027
901.972 -1.028
902.716 -1.029
903.464 -1.03
904.215 -1.031
904.969 -1.032
905.727 -1.033
906.487 -1.034
907.25 -1.035
908.015 -1.036
908.784 -1.037
909.556 -1.038
910.33 -1.039
911.108 -1.04
911.889 -1.041
912.672 -1.042
913.457 -1.043
914.244 -1.044
915.033 -1.045
915.823 -1.046
916.612 -1.047
917.403 -1.048
918.197 -1.049
918.994 -1.05
919.79 -1.051
920.59 -1.052
921.392 -1.053
922.197 -1.054
923.002 -1.055
923.819 -1.056
924.42 -1.057
925.09 -1.058
925.762 -1.059
926.437 -1.06
927.116 -1.061
927.969 -1.062
928.884 -1.063
929.803 -1.064
930.725 -1.065
931.65 -1.066
932.579 -1.067
933.499 -1.068
934.39 -1.069
935.273 -1.07
936.161 -1.071
937.047 -1.072
937.926 -1.073
938.81 -1.074
939.697 -1.075
940.585 -1.076
941.48 -1.077
942.378 -1.078
943.28 -1.079
944.184 -1.08
945.091 -1.081
946.002 -1.082
946.916 -1.083
947.834 -1.084
948.755 -1.085
949.678 -1.086
950.602 -1.087
951.53 -1.088
952.462 -1.089
953.397 -1.09
954.338 -1.091
955.283 -1.092
956.233 -1.093
957.188 -1.094
958.146 -1.095
959.108 -1.096
960.072 -1.097
961.037 -1.098
962.005 -1.099
962.977 -1.1
963.95 -1.101
964.927 -1.102
965.908 -1.103
966.891 -1.104
967.877 -1.105
968.866 -1.106
969.858 -1.107
970.854 -1.108
971.853 -1.109
972.852 -1.11
973.854 -1.111
974.859 -1.112
975.869 -1.113
976.881 -1.114
977.896 -1.115
978.915 -1.116
979.937 -1.117
980.963 -1.118
981.991 -1.119
983.023 -1.12
984.058 -1.121
985.094 -1.122
986.132 -1.123
987.173 -1.124
988.218 -1.125
989.265 -1.126
990.315 -1.127
991.373 -1.128
992.436 -1.129
993.504 -1.13
994.576 -1.131
995.652 -1.132
996.73 -1.133
997.812 -1.134
998.894 -1.135
999.975 -1.136
1001.06 -1.137
1002.15 -1.138
1003.24 -1.139
1004.33 -1.14
1005.42 -1.141
1006.51 -1.142
1007.45 -1.143
1008.41 -1.144
1009.4 -1.145
1010.41 -1.146
1011.42 -1.147
1012.44 -1.148
1013.48 -1.149
1014.54 -1.15
1015.68 -1.151
1016.9 -1.152
1018.12 -1.153
1019.35 -1.154
1020.58 -1.155
1021.81 -1.156
1023.03 -1.157
1024.21 -1.158
1025.39 -1.159
1026.56 -1.16
1027.73 -1.161
1028.9 -1.162
1030.07 -1.163
1031.25 -1.164
1032.43 -1.165
1033.61 -1.166
1034.8 -1.167
1035.99 -1.168
1037.18 -1.169
1038.38 -1.17
1039.59 -1.171
1040.79 -1.172
1042 -1.173
1043.22 -1.174
1044.43 -1.175
1045.66 -1.176
1046.88 -1.177
1048.11 -1.178
1049.34 -1.179
1050.58 -1.18
1051.82 -1.181
1053.06 -1.182
1054.31 -1.183
1055.55 -1.184
1056.8 -1.185
1058.06 -1.186
1059.32 -1.187
1060.58 -1.188
1061.84 -1.189
1063.11 -1.19
1064.39 -1.191
1065.66 -1.192
1066.94 -1.193
1068.22 -1.194
1069.51 -1.195
1070.8 -1.196
1072.1 -1.197
1073.39 -1.198
1074.69 -1.199
1075.99 -1.2
1077.3 -1.201
1078.6 -1.202
1079.92 -1.203
1081.23 -1.204
1082.54 -1.205
1083.86 -1.206
1085.17 -1.207
1086.5 -1.208
1087.83 -1.209
1089.16 -1.21
1090.49 -1.211
1091.83 -1.212
1093.18 -1.213
1094.53 -1.214
1095.88 -1.215
1097.24 -1.216
1098.6 -1.217
1099.96 -1.218
1101.33 -1.219
1102.7 -1.22
1104.08 -1.221
1105.46 -1.222
1106.84 -1.223
1108.23 -1.224
1109.63 -1.225
1111.03 -1.226
1112.43 -1.227
1113.84 -1.228
1115.25 -1.229
1116.67 -1.23
1118.09 -1.231
1119.51 -1.232
1120.94 -1.233
1122.37 -1.234
1123.81 -1.235
1125.25 -1.236
1126.7 -1.237
1128.14 -1.238
1129.59 -1.239
1131.04 -1.24
1132.5 -1.241
1133.95 -1.242
1135.41 -1.243
1136.87 -1.244
1138.33 -1.245
1139.8 -1.246
1141.28 -1.247
1142.76 -1.248
1144.24 -1.249
1145.73 -1.25
1147.22 -1.251
1148.72 -1.252
1150.22 -1.253
1151.72 -1.254
1153.21 -1.255
1154.71 -1.256
1156.22 -1.257
1157.72 -1.258
1159.23 -1.259
1160.75 -1.26
1162.27 -1.261
1163.79 -1.262
1165.31 -1.263
1166.84 -1.264
1168.38 -1.265
1169.92 -1.266
1171.46 -1.267
1173.01 -1.268
1174.55 -1.269
1176.1 -1.27
1177.65 -1.271
1179.19 -1.272
1180.74 -1.273
1182.29 -1.274
1183.85 -1.275
1185.41 -1.276
1186.98 -1.277
1188.54 -1.278
1190.1 -1.279
1191.66 -1.28
1193.22 -1.281
1194.78 -1.282
1196.34 -1.283
1197.91 -1.284
1199.48 -1.285
1201.06 -1.286
1202.64 -1.287
1204.22 -1.288
1205.81 -1.289
1207.41 -1.29
1209.01 -1.291
1210.61 -1.292
1212.22 -1.293
1213.83 -1.294
1215.44 -1.295
1217.05 -1.296
1218.66 -1.297
1220.26 -1.298
1221.87 -1.299
1223.49 -1.3
