13.234 -0.001
26.4406 -0.002
39.6196 -0.003
52.771 -0.004
65.8946 -0.005
78.9903 -0.006
92.0579 -0.007
105.097 -0.008
118.108 -0.009
131.091 -0.01
144.045 -0.011
156.97 -0.012
169.866 -0.013
182.733 -0.014
195.571 -0.015
208.379 -0.016
221.157 -0.017
233.906 -0.018
246.624 -0.019
259.313 -0.02
271.97 -0.021
284.597 -0.022
297.193 -0.023
309.758 -0.024
322.292 -0.025
334.794 -0.026
347.263 -0.027
359.701 -0.028
372.012 -0.029
383.826 -0.03
394.791 -0.031
404.685 -0.032
414.405 -0.033
423.977 -0.034
433.38 -0.035
442.551 -0.036
451.523 -0.037
460.108 -0.038
468.415 -0.039
476.701 -0.04
484.964 -0.041
493.2 -0.042
501.409 -0.043
509.567 -0.044
517.36 -0.045
524.562 -0.046
530.666 -0.047
535.634 -0.048
539.079 -0.049
542.347 -0.05
545.292 -0.051
548.179 -0.052
550.724 -0.053
553.091 -0.054
555.11 -0.055
556.636 -0.056
557.709 -0.057
558.729 -0.058
559.739 -0.059
560.738 -0.06
561.655 -0.061
562.544 -0.062
563.424 -0.063
564.263 -0.064
565.068 -0.065
565.851 -0.066
566.582 -0.067
567.295 -0.068
568.001 -0.069
568.699 -0.07
569.391 -0.071
570.074 -0.072
570.73 -0.073
571.368 -0.074
571.998 -0.075
572.62 -0.076
573.224 -0.077
573.811 -0.078
574.383 -0.079
574.948 -0.08
575.507 -0.081
576.051 -0.082
576.586 -0.083
577.093 -0.084
577.582 -0.085
578.063 -0.086
578.538 -0.087
578.998 -0.088
579.451 -0.089
579.898 -0.09
580.314 -0.091
580.706 -0.092
581.083 -0.093
581.454 -0.094
581.816 -0.095
582.163 -0.096
582.503 -0.097
582.838 -0.098
583.136 -0.099
583.422 -0.1
583.702 -0.101
583.967 -0.102
584.221 -0.103
584.46 -0.104
584.689 -0.105
584.91 -0.106
585.126 -0.107
585.332 -0.108
585.532 -0.109
585.727 -0.11
585.915 -0.111
586.098 -0.112
586.276 -0.113
586.449 -0.114
586.614 -0.115
586.771 -0.116
586.922 -0.117
587.067 -0.118
587.207 -0.119
587.341 -0.12
587.468 -0.121
587.59 -0.122
587.701 -0.123
587.804 -0.124
587.904 -0.125
587.993 -0.126
588.073 -0.127
588.149 -0.128
588.219 -0.129
588.285 -0.13
588.346 -0.131
588.398 -0.132
588.445 -0.133
588.487 -0.134
588.531 -0.135
588.573 -0.136
588.612 -0.137
588.646 -0.138
588.674 -0.139
588.701 -0.14
588.72 -0.141
588.734 -0.142
588.745 -0.143
588.753 -0.144
588.759 -0.145
588.762 -0.146
588.763 -0.147
588.759 -0.148
588.754 -0.149
588.743 -0.15
588.729 -0.151
588.713 -0.152
588.694 -0.153
588.672 -0.154
588.647 -0.155
588.621 -0.156
588.594 -0.157
588.563 -0.158
588.524 -0.159
588.484 -0.16
588.44 -0.161
588.395 -0.162
588.347 -0.163
588.297 -0.164
588.245 -0.165
588.189 -0.166
588.128 -0.167
588.065 -0.168
588.002 -0.169
587.938 -0.17
587.873 -0.171
587.805 -0.172
587.736 -0.173
587.665 -0.174
587.593 -0.175
587.518 -0.176
587.442 -0.177
587.364 -0.178
587.284 -0.179
587.203 -0.18
587.12 -0.181
587.037 -0.182
586.951 -0.183
586.865 -0.184
586.776 -0.185
586.685 -0.186
586.593 -0.187
586.499 -0.188
586.404 -0.189
586.307 -0.19
586.208 -0.191
586.109 -0.192
586.008 -0.193
585.906 -0.194
585.802 -0.195
585.697 -0.196
585.591 -0.197
585.485 -0.198
585.376 -0.199
585.266 -0.2
585.153 -0.201
585.04 -0.202
584.926 -0.203
584.811 -0.204
584.695 -0.205
584.578 -0.206
584.459 -0.207
584.342 -0.208
584.224 -0.209
584.106 -0.21
583.987 -0.211
583.865 -0.212
583.741 -0.213
583.617 -0.214
583.493 -0.215
583.367 -0.216
583.242 -0.217
583.116 -0.218
582.993 -0.219
582.869 -0.22
582.745 -0.221
582.621 -0.222
582.496 -0.223
582.37 -0.224
582.242 -0.225
582.115 -0.226
581.987 -0.227
581.86 -0.228
581.732 -0.229
581.607 -0.23
581.483 -0.231
581.359 -0.232
581.236 -0.233
581.115 -0.234
580.994 -0.235
580.873 -0.236
580.753 -0.237
580.635 -0.238
580.516 -0.239
580.398 -0.24
580.282 -0.241
580.165 -0.242
580.047 -0.243
579.93 -0.244
579.816 -0.245
579.702 -0.246
579.588 -0.247
579.475 -0.248
579.363 -0.249
579.25 -0.25
579.136 -0.251
579.023 -0.252
578.911 -0.253
578.8 -0.254
578.69 -0.255
578.579 -0.256
578.47 -0.257
578.361 -0.258
578.252 -0.259
578.144 -0.26
578.036 -0.261
577.929 -0.262
577.823 -0.263
577.717 -0.264
577.612 -0.265
577.508 -0.266
577.403 -0.267
577.299 -0.268
577.195 -0.269
577.092 -0.27
576.991 -0.271
576.891 -0.272
576.792 -0.273
576.693 -0.274
576.596 -0.275
576.5 -0.276
576.405 -0.277
576.311 -0.278
576.218 -0.279
576.126 -0.28
576.033 -0.281
575.938 -0.282
575.843 -0.283
575.749 -0.284
575.656 -0.285
575.564 -0.286
575.473 -0.287
575.383 -0.288
575.294 -0.289
575.205 -0.29
575.118 -0.291
575.031 -0.292
574.945 -0.293
574.861 -0.294
574.777 -0.295
574.695 -0.296
574.613 -0.297
574.533 -0.298
574.453 -0.299
574.374 -0.3
574.296 -0.301
574.218 -0.302
574.142 -0.303
574.066 -0.304
573.991 -0.305
573.917 -0.306
573.844 -0.307
573.772 -0.308
573.701 -0.309
573.631 -0.31
573.561 -0.311
573.493 -0.312
573.425 -0.313
573.358 -0.314
573.291 -0.315
573.225 -0.316
573.161 -0.317
573.097 -0.318
573.034 -0.319
572.972 -0.32
572.911 -0.321
572.852 -0.322
572.793 -0.323
572.735 -0.324
572.679 -0.325
572.624 -0.326
572.569 -0.327
572.516 -0.328
572.464 -0.329
572.413 -0.33
572.363 -0.331
572.314 -0.332
572.267 -0.333
572.22 -0.334
572.175 -0.335
572.13 -0.336
572.085 -0.337
572.041 -0.338
571.998 -0.339
571.957 -0.34
571.916 -0.341
571.877 -0.342
571.839 -0.343
571.802 -0.344
571.767 -0.345
571.733 -0.346
571.7 -0.347
571.668 -0.348
571.638 -0.349
571.607 -0.35
571.579 -0.351
571.551 -0.352
571.525 -0.353
571.5 -0.354
571.475 -0.355
571.452 -0.356
571.429 -0.357
571.408 -0.358
571.389 -0.359
571.371 -0.36
571.354 -0.361
571.339 -0.362
571.325 -0.363
571.313 -0.364
571.302 -0.365
571.293 -0.366
571.285 -0.367
571.278 -0.368
571.271 -0.369
571.265 -0.37
571.261 -0.371
571.259 -0.372
571.256 -0.373
571.253 -0.374
571.252 -0.375
571.252 -0.376
571.254 -0.377
571.257 -0.378
571.262 -0.379
571.269 -0.38
571.276 -0.381
571.283 -0.382
571.291 -0.383
571.301 -0.384
571.313 -0.385
571.326 -0.386
571.341 -0.387
571.358 -0.388
571.377 -0.389
571.397 -0.39
571.419 -0.391
571.442 -0.392
571.462 -0.393
571.484 -0.394
571.507 -0.395
571.531 -0.396
571.556 -0.397
571.583 -0.398
571.612 -0.399
571.64 -0.4
571.671 -0.401
571.703 -0.402
571.737 -0.403
571.77 -0.404
571.805 -0.405
571.842 -0.406
571.88 -0.407
571.92 -0.408
571.962 -0.409
572.004 -0.41
572.048 -0.411
572.094 -0.412
572.142 -0.413
572.192 -0.414
572.242 -0.415
572.294 -0.416
572.347 -0.417
572.402 -0.418
572.459 -0.419
572.518 -0.42
572.579 -0.421
572.641 -0.422
572.706 -0.423
572.773 -0.424
572.842 -0.425
572.913 -0.426
572.986 -0.427
573.06 -0.428
573.137 -0.429
573.216 -0.43
573.297 -0.431
573.38 -0.432
573.465 -0.433
573.552 -0.434
573.642 -0.435
573.733 -0.436
573.827 -0.437
573.923 -0.438
574.021 -0.439
574.121 -0.44
574.223 -0.441
574.328 -0.442
574.434 -0.443
574.543 -0.444
574.652 -0.445
574.762 -0.446
574.875 -0.447
574.989 -0.448
575.106 -0.449
575.225 -0.45
575.347 -0.451
575.468 -0.452
575.59 -0.453
575.714 -0.454
575.841 -0.455
575.97 -0.456
576.1 -0.457
576.23 -0.458
576.362 -0.459
576.496 -0.46
576.633 -0.461
576.772 -0.462
576.909 -0.463
577.049 -0.464
577.191 -0.465
577.336 -0.466
577.48 -0.467
577.625 -0.468
577.772 -0.469
577.922 -0.47
578.073 -0.471
578.223 -0.472
578.375 -0.473
578.53 -0.474
578.687 -0.475
578.846 -0.476
579.006 -0.477
579.169 -0.478
579.333 -0.479
579.501 -0.48
579.67 -0.481
579.84 -0.482
580.013 -0.483
580.188 -0.484
580.365 -0.485
580.542 -0.486
580.722 -0.487
580.905 -0.488
581.09 -0.489
581.277 -0.49
581.466 -0.491
581.657 -0.492
581.85 -0.493
582.047 -0.494
582.244 -0.495
582.444 -0.496
582.646 -0.497
582.852 -0.498
583.059 -0.499
583.267 -0.5
583.478 -0.501
583.691 -0.502
583.908 -0.503
584.127 -0.504
584.348 -0.505
584.573 -0.506
584.8 -0.507
585.03 -0.508
585.263 -0.509
585.499 -0.51
585.737 -0.511
585.979 -0.512
586.223 -0.513
586.469 -0.514
586.717 -0.515
586.969 -0.516
587.224 -0.517
587.479 -0.518
587.736 -0.519
587.995 -0.52
588.258 -0.521
588.52 -0.522
588.785 -0.523
589.053 -0.524
589.323 -0.525
589.593 -0.526
589.866 -0.527
590.141 -0.528
590.418 -0.529
590.696 -0.53
590.977 -0.531
591.261 -0.532
591.545 -0.533
591.832 -0.534
592.121 -0.535
592.411 -0.536
592.702 -0.537
592.996 -0.538
593.292 -0.539
593.592 -0.54
593.894 -0.541
594.2 -0.542
594.508 -0.543
594.82 -0.544
595.135 -0.545
595.453 -0.546
595.773 -0.547
596.097 -0.548
596.423 -0.549
596.752 -0.55
597.085 -0.551
597.42 -0.552
597.759 -0.553
598.1 -0.554
598.445 -0.555
598.793 -0.556
599.144 -0.557
599.497 -0.558
599.854 -0.559
600.214 -0.56
600.577 -0.561
600.944 -0.562
601.313 -0.563
601.686 -0.564
602.062 -0.565
602.44 -0.566
602.822 -0.567
603.207 -0.568
603.595 -0.569
603.986 -0.57
604.38 -0.571
604.778 -0.572
605.176 -0.573
605.578 -0.574
605.983 -0.575
606.389 -0.576
606.797 -0.577
607.208 -0.578
607.622 -0.579
608.038 -0.58
608.457 -0.581
608.879 -0.582
609.302 -0.583
609.73 -0.584
610.16 -0.585
610.592 -0.586
611.027 -0.587
611.465 -0.588
611.904 -0.589
612.346 -0.59
612.791 -0.591
613.24 -0.592
613.692 -0.593
614.148 -0.594
614.606 -0.595
615.068 -0.596
615.534 -0.597
616.002 -0.598
616.474 -0.599
616.948 -0.6
617.426 -0.601
617.906 -0.602
618.39 -0.603
618.877 -0.604
619.367 -0.605
619.86 -0.606
620.356 -0.607
620.856 -0.608
621.357 -0.609
621.862 -0.61
622.369 -0.611
622.879 -0.612
623.391 -0.613
623.907 -0.614
624.423 -0.615
624.943 -0.616
625.467 -0.617
625.992 -0.618
626.521 -0.619
627.053 -0.62
627.587 -0.621
628.124 -0.622
628.665 -0.623
629.209 -0.624
629.756 -0.625
630.307 -0.626
630.861 -0.627
631.418 -0.628
631.979 -0.629
632.543 -0.63
633.111 -0.631
633.683 -0.632
634.258 -0.633
634.837 -0.634
635.418 -0.635
636.003 -0.636
636.591 -0.637
637.183 -0.638
637.778 -0.639
638.378 -0.64
638.981 -0.641
639.588 -0.642
640.197 -0.643
640.809 -0.644
641.425 -0.645
642.045 -0.646
642.668 -0.647
643.294 -0.648
643.924 -0.649
644.558 -0.65
645.194 -0.651
645.834 -0.652
646.477 -0.653
647.124 -0.654
647.775 -0.655
648.429 -0.656
649.086 -0.657
649.747 -0.658
650.412 -0.659
651.081 -0.66
651.753 -0.661
652.429 -0.662
653.106 -0.663
653.786 -0.664
654.469 -0.665
655.155 -0.666
655.845 -0.667
656.538 -0.668
657.234 -0.669
657.933 -0.67
658.635 -0.671
659.34 -0.672
660.049 -0.673
660.761 -0.674
661.477 -0.675
662.196 -0.676
662.919 -0.677
663.645 -0.678
664.373 -0.679
665.102 -0.68
665.834 -0.681
666.569 -0.682
667.307 -0.683
668.048 -0.684
668.791 -0.685
669.536 -0.686
670.285 -0.687
671.036 -0.688
671.787 -0.689
672.54 -0.69
673.297 -0.691
674.057 -0.692
674.82 -0.693
675.588 -0.694
676.359 -0.695
677.133 -0.696
677.909 -0.697
678.688 -0.698
679.471 -0.699
680.259 -0.7
681.048 -0.701
681.839 -0.702
682.634 -0.703
683.432 -0.704
684.235 -0.705
685.041 -0.706
685.848 -0.707
686.658 -0.708
687.473 -0.709
688.29 -0.71
689.111 -0.711
689.936 -0.712
690.763 -0.713
691.592 -0.714
692.423 -0.715
693.258 -0.716
694.096 -0.717
694.938 -0.718
695.783 -0.719
696.633 -0.72
697.486 -0.721
698.342 -0.722
699.202 -0.723
700.064 -0.724
700.929 -0.725
701.796 -0.726
702.667 -0.727
703.542 -0.728
704.417 -0.729
705.289 -0.73
706.163 -0.731
707.04 -0.732
707.919 -0.733
708.802 -0.734
709.688 -0.735
710.579 -0.736
711.473 -0.737
712.372 -0.738
713.275 -0.739
714.183 -0.74
715.095 -0.741
716.011 -0.742
716.915 -0.743
717.802 -0.744
718.693 -0.745
719.589 -0.746
720.489 -0.747
721.393 -0.748
722.296 -0.749
723.195 -0.75
724.099 -0.751
725.007 -0.752
725.92 -0.753
726.826 -0.754
727.705 -0.755
728.588 -0.756
729.473 -0.757
730.363 -0.758
731.255 -0.759
732.152 -0.76
733.052 -0.761
733.957 -0.762
734.865 -0.763
735.778 -0.764
736.695 -0.765
737.615 -0.766
738.54 -0.767
739.468 -0.768
740.401 -0.769
741.335 -0.77
742.27 -0.771
743.185 -0.772
744.103 -0.773
745.026 -0.774
745.953 -0.775
746.883 -0.776
747.818 -0.777
748.757 -0.778
749.7 -0.779
750.648 -0.78
751.6 -0.781
752.556 -0.782
753.516 -0.783
754.48 -0.784
755.449 -0.785
756.422 -0.786
757.399 -0.787
758.38 -0.788
759.366 -0.789
760.356 -0.79
761.35 -0.791
762.349 -0.792
763.352 -0.793
764.359 -0.794
765.37 -0.795
766.386 -0.796
767.406 -0.797
768.431 -0.798
769.459 -0.799
770.492 -0.8
771.528 -0.801
772.566 -0.802
773.607 -0.803
774.654 -0.804
775.7 -0.805
776.748 -0.806
777.801 -0.807
778.859 -0.808
779.913 -0.809
780.972 -0.81
782.035 -0.811
783.103 -0.812
784.166 -0.813
785.232 -0.814
786.302 -0.815
787.377 -0.816
788.457 -0.817
789.541 -0.818
790.629 -0.819
791.722 -0.82
792.82 -0.821
793.922 -0.822
795.029 -0.823
796.141 -0.824
797.257 -0.825
798.377 -0.826
799.503 -0.827
800.633 -0.828
801.767 -0.829
802.907 -0.83
804.051 -0.831
805.2 -0.832
806.353 -0.833
807.511 -0.834
808.674 -0.835
809.842 -0.836
811.014 -0.837
812.191 -0.838
813.373 -0.839
814.556 -0.84
815.737 -0.841
816.919 -0.842
818.103 -0.843
819.288 -0.844
820.477 -0.845
821.669 -0.846
822.858 -0.847
824.047 -0.848
825.241 -0.849
826.439 -0.85
827.643 -0.851
828.851 -0.852
830.053 -0.853
831.256 -0.854
832.463 -0.855
833.675 -0.856
834.892 -0.857
836.107 -0.858
837.304 -0.859
838.492 -0.86
839.671 -0.861
840.827 -0.862
841.966 -0.863
843.109 -0.864
844.223 -0.865
845.298 -0.866
846.373 -0.867
847.447 -0.868
848.519 -0.869
849.54 -0.87
850.46 -0.871
851.38 -0.872
852.27 -0.873
853.154 -0.874
854.038 -0.875
854.899 -0.876
855.693 -0.877
856.278 -0.878
856.849 -0.879
857.415 -0.88
857.98 -0.881
858.545 -0.882
859.11 -0.883
859.674 -0.884
860.239 -0.885
860.803 -0.886
861.366 -0.887
861.928 -0.888
862.491 -0.889
863.053 -0.89
863.616 -0.891
864.179 -0.892
864.743 -0.893
865.306 -0.894
865.87 -0.895
866.435 -0.896
866.999 -0.897
867.564 -0.898
868.129 -0.899
868.695 -0.9
