16.3528 -0.001
32.6794 -0.002
48.9798 -0.003
65.2536 -0.004
81.5004 -0.005
97.72 -0.006
113.912 -0.007
130.076 -0.008
146.212 -0.009
162.319 -0.01
178.397 -0.011
194.445 -0.012
210.464 -0.013
226.452 -0.014
242.409 -0.015
258.336 -0.016
274.231 -0.017
290.093 -0.018
305.923 -0.019
321.72 -0.02
337.483 -0.021
353.212 -0.022
368.907 -0.023
384.566 -0.024
400.189 -0.025
415.775 -0.026
431.325 -0.027
446.836 -0.028
462.31 -0.029
477.743 -0.03
493.137 -0.031
508.49 -0.032
523.801 -0.033
539.07 -0.034
554.296 -0.035
569.473 -0.036
584.298 -0.037
597.994 -0.038
609.429 -0.039
619.235 -0.04
628.215 -0.041
635.82 -0.042
641.87 -0.043
647.814 -0.044
653.727 -0.045
659.606 -0.046
665.461 -0.047
671.291 -0.048
677.084 -0.049
682.843 -0.05
688.57 -0.051
694.291 -0.052
699.997 -0.053
705.683 -0.054
711.344 -0.055
716.98 -0.056
722.608 -0.057
728.218 -0.058
733.809 -0.059
739.377 -0.06
744.92 -0.061
750.431 -0.062
755.916 -0.063
761.368 -0.064
766.792 -0.065
772.183 -0.066
777.548 -0.067
782.885 -0.068
788.158 -0.069
793.359 -0.07
798.444 -0.071
803.29 -0.072
807.892 -0.073
812.25 -0.074
816.278 -0.075
819.958 -0.076
823.245 -0.077
826.298 -0.078
829.195 -0.079
831.849 -0.08
834.131 -0.081
836.158 -0.082
837.8 -0.083
839.17 -0.084
840.343 -0.085
841.283 -0.086
842.138 -0.087
842.967 -0.088
843.765 -0.089
844.539 -0.09
845.286 -0.091
846.013 -0.092
846.709 -0.093
847.387 -0.094
848.051 -0.095
848.681 -0.096
849.284 -0.097
849.88 -0.098
850.448 -0.099
851.003 -0.1
851.551 -0.101
852.066 -0.102
852.571 -0.103
853.069 -0.104
853.533 -0.105
853.966 -0.106
854.391 -0.107
854.798 -0.108
855.191 -0.109
855.573 -0.11
855.93 -0.111
856.263 -0.112
856.585 -0.113
856.886 -0.114
857.165 -0.115
857.44 -0.116
857.713 -0.117
857.969 -0.118
858.217 -0.119
858.462 -0.12
858.691 -0.121
858.897 -0.122
859.099 -0.123
859.293 -0.124
859.474 -0.125
859.654 -0.126
859.831 -0.127
859.997 -0.128
860.157 -0.129
860.317 -0.13
860.471 -0.131
860.614 -0.132
860.752 -0.133
860.89 -0.134
861.027 -0.135
861.163 -0.136
861.298 -0.137
861.431 -0.138
861.563 -0.139
861.695 -0.14
861.825 -0.141
861.953 -0.142
862.08 -0.143
862.207 -0.144
862.332 -0.145
862.455 -0.146
862.577 -0.147
862.699 -0.148
862.819 -0.149
862.937 -0.15
863.053 -0.151
863.167 -0.152
863.277 -0.153
863.386 -0.154
863.493 -0.155
863.598 -0.156
863.701 -0.157
863.803 -0.158
863.905 -0.159
864.005 -0.16
864.102 -0.161
864.196 -0.162
864.288 -0.163
864.38 -0.164
864.472 -0.165
864.561 -0.166
864.647 -0.167
864.734 -0.168
864.817 -0.169
864.898 -0.17
864.977 -0.171
865.053 -0.172
865.128 -0.173
865.202 -0.174
865.277 -0.175
865.35 -0.176
865.421 -0.177
865.49 -0.178
865.558 -0.179
865.626 -0.18
865.694 -0.181
865.761 -0.182
865.827 -0.183
865.893 -0.184
865.957 -0.185
866.018 -0.186
866.078 -0.187
866.138 -0.188
866.197 -0.189
866.256 -0.19
866.314 -0.191
866.372 -0.192
866.429 -0.193
866.486 -0.194
866.542 -0.195
866.598 -0.196
866.654 -0.197
866.71 -0.198
866.764 -0.199
866.819 -0.2
866.873 -0.201
866.926 -0.202
866.98 -0.203
867.032 -0.204
867.084 -0.205
867.136 -0.206
867.187 -0.207
867.238 -0.208
867.288 -0.209
867.338 -0.21
867.387 -0.211
867.437 -0.212
867.485 -0.213
867.533 -0.214
867.58 -0.215
867.627 -0.216
867.673 -0.217
867.719 -0.218
867.764 -0.219
867.808 -0.22
867.852 -0.221
867.896 -0.222
867.939 -0.223
867.982 -0.224
868.025 -0.225
868.067 -0.226
868.109 -0.227
868.15 -0.228
868.191 -0.229
868.231 -0.23
868.27 -0.231
868.308 -0.232
868.347 -0.233
868.384 -0.234
868.422 -0.235
868.459 -0.236
868.496 -0.237
868.532 -0.238
868.568 -0.239
868.603 -0.24
868.637 -0.241
868.671 -0.242
868.704 -0.243
868.737 -0.244
868.768 -0.245
868.799 -0.246
868.829 -0.247
868.859 -0.248
868.887 -0.249
868.916 -0.25
868.944 -0.251
868.972 -0.252
868.999 -0.253
869.025 -0.254
869.051 -0.255
869.075 -0.256
869.098 -0.257
869.121 -0.258
869.14 -0.259
869.157 -0.26
869.172 -0.261
869.186 -0.262
869.198 -0.263
869.21 -0.264
869.221 -0.265
869.228 -0.266
869.236 -0.267
869.245 -0.268
869.254 -0.269
869.261 -0.27
869.266 -0.271
869.269 -0.272
869.27 -0.273
869.269 -0.274
869.269 -0.275
869.271 -0.276
869.272 -0.277
869.274 -0.278
869.273 -0.279
869.271 -0.28
869.268 -0.281
869.263 -0.282
869.258 -0.283
869.254 -0.284
869.251 -0.285
869.249 -0.286
869.246 -0.287
869.241 -0.288
869.235 -0.289
869.228 -0.29
869.218 -0.291
869.208 -0.292
869.197 -0.293
869.187 -0.294
869.181 -0.295
869.173 -0.296
869.165 -0.297
869.156 -0.298
869.145 -0.299
869.133 -0.3
869.12 -0.301
869.107 -0.302
869.094 -0.303
869.081 -0.304
869.07 -0.305
869.058 -0.306
869.044 -0.307
869.029 -0.308
869.017 -0.309
869.004 -0.31
868.993 -0.311
868.981 -0.312
868.969 -0.313
868.957 -0.314
868.943 -0.315
868.929 -0.316
868.916 -0.317
868.901 -0.318
868.883 -0.319
868.867 -0.32
868.851 -0.321
868.834 -0.322
868.82 -0.323
868.805 -0.324
868.79 -0.325
868.773 -0.326
868.754 -0.327
868.733 -0.328
868.71 -0.329
868.686 -0.33
868.66 -0.331
868.636 -0.332
868.611 -0.333
868.588 -0.334
868.563 -0.335
868.536 -0.336
868.506 -0.337
868.476 -0.338
868.442 -0.339
868.405 -0.34
868.367 -0.341
868.327 -0.342
868.286 -0.343
868.243 -0.344
868.197 -0.345
868.149 -0.346
868.099 -0.347
868.048 -0.348
867.994 -0.349
867.938 -0.35
867.881 -0.351
867.821 -0.352
867.76 -0.353
867.696 -0.354
867.628 -0.355
867.561 -0.356
867.492 -0.357
867.419 -0.358
867.341 -0.359
867.258 -0.36
867.171 -0.361
867.086 -0.362
867.001 -0.363
866.912 -0.364
866.818 -0.365
866.726 -0.366
866.649 -0.367
866.573 -0.368
866.494 -0.369
866.416 -0.37
866.341 -0.371
866.264 -0.372
866.188 -0.373
866.116 -0.374
866.047 -0.375
865.982 -0.376
865.916 -0.377
865.849 -0.378
865.786 -0.379
865.729 -0.38
865.676 -0.381
865.628 -0.382
865.587 -0.383
865.55 -0.384
865.516 -0.385
865.487 -0.386
865.458 -0.387
865.43 -0.388
865.407 -0.389
865.382 -0.39
865.355 -0.391
865.324 -0.392
865.293 -0.393
865.274 -0.394
865.251 -0.395
865.225 -0.396
865.193 -0.397
865.154 -0.398
865.107 -0.399
865.082 -0.4
865.055 -0.401
865.024 -0.402
865 -0.403
864.975 -0.404
864.948 -0.405
864.93 -0.406
864.908 -0.407
864.881 -0.408
864.861 -0.409
864.839 -0.41
864.812 -0.411
864.79 -0.412
864.767 -0.413
864.752 -0.414
864.735 -0.415
864.716 -0.416
864.696 -0.417
864.682 -0.418
864.674 -0.419
864.669 -0.42
864.66 -0.421
864.649 -0.422
864.644 -0.423
864.644 -0.424
864.645 -0.425
864.648 -0.426
864.654 -0.427
864.662 -0.428
864.677 -0.429
864.693 -0.43
864.708 -0.431
864.725 -0.432
864.742 -0.433
864.758 -0.434
864.775 -0.435
864.79 -0.436
864.805 -0.437
864.82 -0.438
864.834 -0.439
864.848 -0.44
864.862 -0.441
864.877 -0.442
864.892 -0.443
864.908 -0.444
864.924 -0.445
864.941 -0.446
864.96 -0.447
864.979 -0.448
864.998 -0.449
865.02 -0.45
865.042 -0.451
865.063 -0.452
865.084 -0.453
865.107 -0.454
865.128 -0.455
865.149 -0.456
865.171 -0.457
865.193 -0.458
865.215 -0.459
865.236 -0.46
865.257 -0.461
865.279 -0.462
865.299 -0.463
865.32 -0.464
865.341 -0.465
865.362 -0.466
865.381 -0.467
865.4 -0.468
865.418 -0.469
865.435 -0.47
865.45 -0.471
865.464 -0.472
865.476 -0.473
865.486 -0.474
865.493 -0.475
865.497 -0.476
865.497 -0.477
865.493 -0.478
865.483 -0.479
865.468 -0.48
865.446 -0.481
865.417 -0.482
865.382 -0.483
865.338 -0.484
865.286 -0.485
865.226 -0.486
865.155 -0.487
865.069 -0.488
864.964 -0.489
864.845 -0.49
864.722 -0.491
864.59 -0.492
864.462 -0.493
864.332 -0.494
864.2 -0.495
864.071 -0.496
863.94 -0.497
863.807 -0.498
863.674 -0.499
863.603 -0.5
863.544 -0.501
863.484 -0.502
863.426 -0.503
863.374 -0.504
863.319 -0.505
863.265 -0.506
863.213 -0.507
863.161 -0.508
863.113 -0.509
863.086 -0.51
863.067 -0.511
863.08 -0.512
863.09 -0.513
863.099 -0.514
863.095 -0.515
863.089 -0.516
863.077 -0.517
863.051 -0.518
863.018 -0.519
862.98 -0.52
862.938 -0.521
862.896 -0.522
862.843 -0.523
862.777 -0.524
862.698 -0.525
862.611 -0.526
862.522 -0.527
862.44 -0.528
862.359 -0.529
862.287 -0.53
862.238 -0.531
862.212 -0.532
862.189 -0.533
862.17 -0.534
862.163 -0.535
862.166 -0.536
862.188 -0.537
862.221 -0.538
862.261 -0.539
862.3 -0.54
862.341 -0.541
862.385 -0.542
862.432 -0.543
862.479 -0.544
862.526 -0.545
862.571 -0.546
862.616 -0.547
862.661 -0.548
862.707 -0.549
862.755 -0.55
862.807 -0.551
862.86 -0.552
862.915 -0.553
862.971 -0.554
863.029 -0.555
863.091 -0.556
863.155 -0.557
863.223 -0.558
863.293 -0.559
863.364 -0.56
863.435 -0.561
863.506 -0.562
863.577 -0.563
863.649 -0.564
863.721 -0.565
863.792 -0.566
863.863 -0.567
863.934 -0.568
864.003 -0.569
864.072 -0.57
864.14 -0.571
864.21 -0.572
864.278 -0.573
864.347 -0.574
864.415 -0.575
864.483 -0.576
864.551 -0.577
864.62 -0.578
864.688 -0.579
864.757 -0.58
864.825 -0.581
864.893 -0.582
864.96 -0.583
865.028 -0.584
865.095 -0.585
865.163 -0.586
865.231 -0.587
865.299 -0.588
865.367 -0.589
865.435 -0.59
865.503 -0.591
865.571 -0.592
865.639 -0.593
865.706 -0.594
865.773 -0.595
865.84 -0.596
865.906 -0.597
865.973 -0.598
866.041 -0.599
866.108 -0.6
866.175 -0.601
866.242 -0.602
866.309 -0.603
866.376 -0.604
866.443 -0.605
866.509 -0.606
866.576 -0.607
866.643 -0.608
866.712 -0.609
866.781 -0.61
866.85 -0.611
866.92 -0.612
866.99 -0.613
867.061 -0.614
867.133 -0.615
867.205 -0.616
867.279 -0.617
867.354 -0.618
867.432 -0.619
867.511 -0.62
867.592 -0.621
867.675 -0.622
867.759 -0.623
867.844 -0.624
867.928 -0.625
868.011 -0.626
868.095 -0.627
868.179 -0.628
868.262 -0.629
868.345 -0.63
868.427 -0.631
868.509 -0.632
868.591 -0.633
868.673 -0.634
868.754 -0.635
868.835 -0.636
868.916 -0.637
868.996 -0.638
869.075 -0.639
869.154 -0.64
869.233 -0.641
869.311 -0.642
869.389 -0.643
869.465 -0.644
869.543 -0.645
869.62 -0.646
869.696 -0.647
869.772 -0.648
869.847 -0.649
869.921 -0.65
869.995 -0.651
870.069 -0.652
870.141 -0.653
870.213 -0.654
870.284 -0.655
870.354 -0.656
870.422 -0.657
870.489 -0.658
870.556 -0.659
870.621 -0.66
870.686 -0.661
870.749 -0.662
870.811 -0.663
870.872 -0.664
870.933 -0.665
870.993 -0.666
871.053 -0.667
871.113 -0.668
871.173 -0.669
871.232 -0.67
871.292 -0.671
871.35 -0.672
871.409 -0.673
871.467 -0.674
871.525 -0.675
871.582 -0.676
871.639 -0.677
871.695 -0.678
871.751 -0.679
871.811 -0.68
871.877 -0.681
871.944 -0.682
872.011 -0.683
872.078 -0.684
872.145 -0.685
872.211 -0.686
872.276 -0.687
872.34 -0.688
872.404 -0.689
872.468 -0.69
872.53 -0.691
872.592 -0.692
872.652 -0.693
872.712 -0.694
872.771 -0.695
872.831 -0.696
872.893 -0.697
872.956 -0.698
873.02 -0.699
873.085 -0.7
873.149 -0.701
873.213 -0.702
873.278 -0.703
873.343 -0.704
873.407 -0.705
873.472 -0.706
873.537 -0.707
873.602 -0.708
873.667 -0.709
873.731 -0.71
873.796 -0.711
873.861 -0.712
873.927 -0.713
873.992 -0.714
874.057 -0.715
874.122 -0.716
874.187 -0.717
874.253 -0.718
874.318 -0.719
874.384 -0.72
874.449 -0.721
874.515 -0.722
874.58 -0.723
874.646 -0.724
874.712 -0.725
874.777 -0.726
874.843 -0.727
874.909 -0.728
874.975 -0.729
875.042 -0.73
875.109 -0.731
875.177 -0.732
875.244 -0.733
875.313 -0.734
875.381 -0.735
875.451 -0.736
875.52 -0.737
875.591 -0.738
875.661 -0.739
875.732 -0.74
875.802 -0.741
875.873 -0.742
875.943 -0.743
876.014 -0.744
876.085 -0.745
876.156 -0.746
876.227 -0.747
876.297 -0.748
876.368 -0.749
876.439 -0.75
876.511 -0.751
876.582 -0.752
876.653 -0.753
876.724 -0.754
876.795 -0.755
876.867 -0.756
876.938 -0.757
877.009 -0.758
877.081 -0.759
877.152 -0.76
877.224 -0.761
877.297 -0.762
877.369 -0.763
877.443 -0.764
877.517 -0.765
877.591 -0.766
877.666 -0.767
877.74 -0.768
877.815 -0.769
877.889 -0.77
877.964 -0.771
878.038 -0.772
878.113 -0.773
878.188 -0.774
878.263 -0.775
878.337 -0.776
878.412 -0.777
878.487 -0.778
878.564 -0.779
878.641 -0.78
878.719 -0.781
878.799 -0.782
878.882 -0.783
878.965 -0.784
879.048 -0.785
879.131 -0.786
879.216 -0.787
879.302 -0.788
879.391 -0.789
879.479 -0.79
879.569 -0.791
879.661 -0.792
879.752 -0.793
879.845 -0.794
879.938 -0.795
880.031 -0.796
880.125 -0.797
880.221 -0.798
880.318 -0.799
880.415 -0.8
880.512 -0.801
880.611 -0.802
880.712 -0.803
880.813 -0.804
880.913 -0.805
881.015 -0.806
881.116 -0.807
881.218 -0.808
881.321 -0.809
881.424 -0.81
881.528 -0.811
881.63 -0.812
881.732 -0.813
881.835 -0.814
881.939 -0.815
882.042 -0.816
882.146 -0.817
882.249 -0.818
882.352 -0.819
882.454 -0.82
882.557 -0.821
882.66 -0.822
882.763 -0.823
882.866 -0.824
882.969 -0.825
883.071 -0.826
883.175 -0.827
883.278 -0.828
883.382 -0.829
883.486 -0.83
883.591 -0.831
883.696 -0.832
883.802 -0.833
883.907 -0.834
884.012 -0.835
884.119 -0.836
884.225 -0.837
884.331 -0.838
884.438 -0.839
884.546 -0.84
884.654 -0.841
884.762 -0.842
884.87 -0.843
884.979 -0.844
885.089 -0.845
885.199 -0.846
885.308 -0.847
885.418 -0.848
885.527 -0.849
885.636 -0.85
885.746 -0.851
885.855 -0.852
885.964 -0.853
886.073 -0.854
886.183 -0.855
886.291 -0.856
886.4 -0.857
886.509 -0.858
886.618 -0.859
886.727 -0.86
886.835 -0.861
886.944 -0.862
887.052 -0.863
887.16 -0.864
887.268 -0.865
887.376 -0.866
887.484 -0.867
887.592 -0.868
887.699 -0.869
887.807 -0.87
887.914 -0.871
888.021 -0.872
888.129 -0.873
888.236 -0.874
888.343 -0.875
888.45 -0.876
888.556 -0.877
888.663 -0.878
888.77 -0.879
888.877 -0.88
888.983 -0.881
889.09 -0.882
889.196 -0.883
889.302 -0.884
889.409 -0.885
889.515 -0.886
889.621 -0.887
889.727 -0.888
889.835 -0.889
889.943 -0.89
890.052 -0.891
890.161 -0.892
890.27 -0.893
890.379 -0.894
890.49 -0.895
890.604 -0.896
890.718 -0.897
890.832 -0.898
890.945 -0.899
891.059 -0.9
891.173 -0.901
891.286 -0.902
891.4 -0.903
891.514 -0.904
891.627 -0.905
891.741 -0.906
891.855 -0.907
891.968 -0.908
892.082 -0.909
892.196 -0.91
892.31 -0.911
892.423 -0.912
892.539 -0.913
892.655 -0.914
892.77 -0.915
892.886 -0.916
893.003 -0.917
893.121 -0.918
893.239 -0.919
893.357 -0.92
893.475 -0.921
893.593 -0.922
893.711 -0.923
893.829 -0.924
893.947 -0.925
894.065 -0.926
894.184 -0.927
894.302 -0.928
894.42 -0.929
894.538 -0.93
894.656 -0.931
894.775 -0.932
894.893 -0.933
895.011 -0.934
895.129 -0.935
895.248 -0.936
895.367 -0.937
895.486 -0.938
895.606 -0.939
895.725 -0.94
895.845 -0.941
895.966 -0.942
896.086 -0.943
896.207 -0.944
896.329 -0.945
896.451 -0.946
896.573 -0.947
896.695 -0.948
896.818 -0.949
896.942 -0.95
897.065 -0.951
897.188 -0.952
897.311 -0.953
897.435 -0.954
897.558 -0.955
897.682 -0.956
897.806 -0.957
897.93 -0.958
898.054 -0.959
898.178 -0.96
898.303 -0.961
898.427 -0.962
898.552 -0.963
898.677 -0.964
898.802 -0.965
898.926 -0.966
899.051 -0.967
899.176 -0.968
899.301 -0.969
899.426 -0.97
899.551 -0.971
899.677 -0.972
899.802 -0.973
899.927 -0.974
900.052 -0.975
900.177 -0.976
900.303 -0.977
900.428 -0.978
900.554 -0.979
900.679 -0.98
900.805 -0.981
900.931 -0.982
901.057 -0.983
901.183 -0.984
901.31 -0.985
901.436 -0.986
901.563 -0.987
901.69 -0.988
901.816 -0.989
901.943 -0.99
902.07 -0.991
902.197 -0.992
902.324 -0.993
902.451 -0.994
902.578 -0.995
902.706 -0.996
902.834 -0.997
902.962 -0.998
903.091 -0.999
903.219 -1
903.347 -1.001
903.476 -1.002
903.604 -1.003
903.733 -1.004
903.861 -1.005
903.989 -1.006
904.118 -1.007
904.246 -1.008
904.375 -1.009
904.504 -1.01
904.633 -1.011
904.763 -1.012
904.892 -1.013
905.022 -1.014
905.152 -1.015
905.282 -1.016
905.412 -1.017
905.541 -1.018
905.671 -1.019
905.801 -1.02
905.931 -1.021
906.061 -1.022
906.192 -1.023
906.322 -1.024
906.452 -1.025
906.583 -1.026
906.713 -1.027
906.844 -1.028
906.975 -1.029
907.106 -1.03
907.237 -1.031
907.368 -1.032
907.499 -1.033
907.631 -1.034
907.762 -1.035
907.895 -1.036
908.027 -1.037
908.16 -1.038
908.293 -1.039
908.426 -1.04
908.559 -1.041
908.693 -1.042
908.827 -1.043
908.961 -1.044
909.095 -1.045
909.23 -1.046
909.365 -1.047
909.5 -1.048
909.635 -1.049
909.771 -1.05
909.907 -1.051
910.043 -1.052
910.179 -1.053
910.316 -1.054
910.452 -1.055
910.589 -1.056
910.726 -1.057
910.865 -1.058
911.004 -1.059
911.143 -1.06
911.282 -1.061
911.421 -1.062
911.561 -1.063
911.7 -1.064
911.84 -1.065
911.98 -1.066
912.12 -1.067
912.26 -1.068
912.4 -1.069
912.54 -1.07
912.68 -1.071
912.82 -1.072
912.96 -1.073
913.101 -1.074
913.241 -1.075
913.382 -1.076
913.522 -1.077
913.663 -1.078
913.804 -1.079
913.945 -1.08
914.087 -1.081
914.228 -1.082
914.37 -1.083
914.512 -1.084
914.654 -1.085
914.796 -1.086
914.938 -1.087
915.081 -1.088
915.223 -1.089
915.366 -1.09
915.509 -1.091
915.651 -1.092
915.794 -1.093
915.937 -1.094
916.08 -1.095
916.224 -1.096
916.367 -1.097
916.511 -1.098
916.655 -1.099
916.799 -1.1
916.943 -1.101
917.088 -1.102
917.233 -1.103
917.379 -1.104
917.524 -1.105
917.669 -1.106
917.815 -1.107
917.96 -1.108
918.106 -1.109
918.252 -1.11
918.397 -1.111
918.543 -1.112
918.689 -1.113
918.836 -1.114
918.982 -1.115
919.129 -1.116
919.275 -1.117
919.421 -1.118
919.567 -1.119
919.713 -1.12
919.86 -1.121
920.006 -1.122
920.153 -1.123
920.299 -1.124
920.446 -1.125
920.593 -1.126
920.74 -1.127
920.888 -1.128
921.036 -1.129
921.184 -1.13
921.332 -1.131
921.481 -1.132
921.629 -1.133
921.778 -1.134
921.926 -1.135
922.075 -1.136
922.224 -1.137
922.373 -1.138
922.522 -1.139
922.671 -1.14
922.821 -1.141
922.971 -1.142
923.121 -1.143
923.271 -1.144
923.422 -1.145
923.573 -1.146
923.723 -1.147
923.874 -1.148
924.025 -1.149
924.176 -1.15
924.327 -1.151
924.479 -1.152
924.63 -1.153
924.782 -1.154
924.933 -1.155
925.085 -1.156
925.237 -1.157
925.389 -1.158
925.542 -1.159
925.694 -1.16
925.847 -1.161
926 -1.162
926.153 -1.163
926.306 -1.164
926.459 -1.165
926.613 -1.166
926.766 -1.167
926.919 -1.168
927.072 -1.169
927.226 -1.17
927.379 -1.171
927.533 -1.172
927.686 -1.173
927.84 -1.174
927.993 -1.175
928.147 -1.176
928.301 -1.177
928.456 -1.178
928.611 -1.179
928.765 -1.18
928.92 -1.181
929.075 -1.182
929.231 -1.183
929.386 -1.184
929.541 -1.185
929.697 -1.186
929.853 -1.187
930.01 -1.188
930.166 -1.189
930.323 -1.19
930.481 -1.191
930.638 -1.192
930.795 -1.193
930.953 -1.194
931.111 -1.195
931.269 -1.196
931.427 -1.197
931.585 -1.198
931.743 -1.199
931.902 -1.2
932.061 -1.201
932.22 -1.202
932.379 -1.203
932.538 -1.204
932.698 -1.205
932.857 -1.206
933.017 -1.207
933.177 -1.208
933.337 -1.209
933.497 -1.21
933.658 -1.211
933.818 -1.212
933.979 -1.213
934.14 -1.214
934.301 -1.215
934.462 -1.216
934.623 -1.217
934.785 -1.218
934.947 -1.219
935.109 -1.22
935.272 -1.221
935.434 -1.222
935.597 -1.223
935.76 -1.224
935.923 -1.225
936.086 -1.226
936.25 -1.227
936.413 -1.228
936.577 -1.229
936.741 -1.23
936.905 -1.231
937.07 -1.232
937.236 -1.233
937.402 -1.234
937.568 -1.235
937.734 -1.236
937.9 -1.237
938.067 -1.238
938.234 -1.239
938.401 -1.24
938.568 -1.241
938.735 -1.242
938.903 -1.243
939.07 -1.244
939.238 -1.245
939.406 -1.246
939.573 -1.247
939.741 -1.248
939.91 -1.249
940.078 -1.25
940.246 -1.251
940.414 -1.252
940.583 -1.253
940.752 -1.254
940.921 -1.255
941.09 -1.256
941.259 -1.257
941.428 -1.258
941.598 -1.259
941.767 -1.26
941.937 -1.261
942.106 -1.262
942.276 -1.263
942.446 -1.264
942.617 -1.265
942.787 -1.266
942.958 -1.267
943.129 -1.268
943.3 -1.269
943.471 -1.27
943.643 -1.271
943.814 -1.272
943.986 -1.273
944.158 -1.274
944.33 -1.275
944.502 -1.276
944.674 -1.277
944.847 -1.278
945.02 -1.279
945.193 -1.28
945.366 -1.281
945.539 -1.282
945.712 -1.283
945.887 -1.284
946.061 -1.285
946.236 -1.286
946.412 -1.287
946.587 -1.288
946.762 -1.289
946.938 -1.29
947.114 -1.291
947.29 -1.292
947.466 -1.293
947.643 -1.294
947.819 -1.295
947.996 -1.296
948.173 -1.297
948.35 -1.298
948.528 -1.299
948.705 -1.3
948.883 -1.301
949.061 -1.302
949.239 -1.303
949.418 -1.304
949.597 -1.305
949.776 -1.306
949.955 -1.307
950.134 -1.308
950.314 -1.309
950.493 -1.31
950.673 -1.311
950.854 -1.312
951.034 -1.313
951.215 -1.314
951.396 -1.315
951.577 -1.316
951.758 -1.317
951.94 -1.318
952.121 -1.319
952.303 -1.32
952.485 -1.321
952.668 -1.322
952.85 -1.323
953.033 -1.324
953.216 -1.325
953.399 -1.326
953.582 -1.327
953.766 -1.328
953.949 -1.329
954.133 -1.33
954.318 -1.331
954.502 -1.332
954.687 -1.333
954.871 -1.334
955.056 -1.335
955.242 -1.336
955.427 -1.337
955.612 -1.338
955.798 -1.339
955.984 -1.34
956.17 -1.341
956.357 -1.342
956.543 -1.343
956.73 -1.344
956.917 -1.345
957.104 -1.346
957.292 -1.347
957.479 -1.348
957.667 -1.349
957.855 -1.35
958.043 -1.351
958.232 -1.352
958.42 -1.353
958.609 -1.354
958.798 -1.355
958.987 -1.356
959.177 -1.357
959.366 -1.358
959.556 -1.359
959.746 -1.36
959.936 -1.361
960.127 -1.362
960.317 -1.363
960.508 -1.364
960.699 -1.365
960.891 -1.366
961.083 -1.367
961.274 -1.368
961.466 -1.369
961.659 -1.37
961.851 -1.371
962.044 -1.372
962.236 -1.373
962.429 -1.374
962.622 -1.375
962.816 -1.376
963.009 -1.377
963.203 -1.378
963.396 -1.379
963.591 -1.38
963.785 -1.381
963.98 -1.382
964.175 -1.383
964.37 -1.384
964.566 -1.385
964.761 -1.386
964.957 -1.387
965.153 -1.388
965.349 -1.389
965.545 -1.39
965.742 -1.391
965.939 -1.392
966.136 -1.393
966.333 -1.394
966.53 -1.395
966.728 -1.396
966.925 -1.397
967.123 -1.398
967.321 -1.399
967.52 -1.4
967.718 -1.401
967.917 -1.402
968.116 -1.403
968.315 -1.404
968.514 -1.405
968.714 -1.406
968.913 -1.407
969.113 -1.408
969.313 -1.409
969.513 -1.41
969.714 -1.411
969.914 -1.412
970.115 -1.413
970.316 -1.414
970.517 -1.415
970.719 -1.416
970.92 -1.417
971.122 -1.418
971.324 -1.419
971.526 -1.42
971.728 -1.421
971.931 -1.422
972.134 -1.423
972.337 -1.424
972.54 -1.425
972.743 -1.426
972.947 -1.427
973.15 -1.428
973.354 -1.429
973.558 -1.43
973.762 -1.431
973.967 -1.432
974.172 -1.433
974.376 -1.434
974.581 -1.435
974.787 -1.436
974.992 -1.437
975.198 -1.438
975.404 -1.439
975.61 -1.44
975.816 -1.441
976.022 -1.442
976.229 -1.443
976.436 -1.444
976.643 -1.445
976.85 -1.446
977.057 -1.447
977.265 -1.448
977.473 -1.449
977.681 -1.45
977.889 -1.451
978.097 -1.452
978.306 -1.453
978.514 -1.454
978.723 -1.455
978.933 -1.456
979.142 -1.457
979.352 -1.458
979.561 -1.459
979.771 -1.46
979.982 -1.461
980.192 -1.462
980.403 -1.463
980.614 -1.464
980.825 -1.465
981.036 -1.466
981.247 -1.467
981.459 -1.468
981.671 -1.469
981.883 -1.47
982.096 -1.471
982.308 -1.472
982.521 -1.473
982.734 -1.474
982.947 -1.475
983.161 -1.476
983.374 -1.477
983.588 -1.478
983.802 -1.479
984.016 -1.48
984.231 -1.481
984.445 -1.482
984.66 -1.483
984.874 -1.484
985.089 -1.485
985.305 -1.486
985.52 -1.487
985.736 -1.488
985.952 -1.489
986.168 -1.49
986.384 -1.491
986.6 -1.492
986.817 -1.493
987.033 -1.494
987.25 -1.495
987.468 -1.496
987.685 -1.497
987.903 -1.498
988.12 -1.499
988.338 -1.5
