12.1477 -0.001
24.2547 -0.002
36.3209 -0.003
48.3461 -0.004
60.3301 -0.005
72.2728 -0.006
84.1741 -0.007
96.0336 -0.008
107.851 -0.009
119.627 -0.01
131.361 -0.011
143.051 -0.012
154.7 -0.013
166.305 -0.014
177.867 -0.015
189.298 -0.016
198.109 -0.017
204.725 -0.018
211.232 -0.019
217.623 -0.02
223.677 -0.021
228.826 -0.022
232.739 -0.023
236.54 -0.024
240.308 -0.025
244.052 -0.026
247.773 -0.027
251.471 -0.028
255.143 -0.029
258.782 -0.03
262.378 -0.031
265.941 -0.032
269.467 -0.033
272.947 -0.034
276.404 -0.035
279.811 -0.036
283.186 -0.037
286.526 -0.038
289.846 -0.039
293.143 -0.04
296.42 -0.041
299.675 -0.042
302.91 -0.043
306.125 -0.044
309.319 -0.045
312.491 -0.046
315.64 -0.047
318.77 -0.048
321.88 -0.049
324.969 -0.05
328.04 -0.051
331.09 -0.052
334.121 -0.053
337.132 -0.054
340.122 -0.055
343.091 -0.056
346.04 -0.057
348.97 -0.058
351.881 -0.059
354.773 -0.06
357.646 -0.061
360.5 -0.062
363.336 -0.063
366.153 -0.064
368.951 -0.065
371.731 -0.066
374.493 -0.067
377.224 -0.068
379.92 -0.069
382.546 -0.07
385.096 -0.071
387.552 -0.072
389.899 -0.073
392.137 -0.074
394.242 -0.075
396.209 -0.076
398.015 -0.077
399.732 -0.078
401.432 -0.079
403.111 -0.08
404.767 -0.081
406.398 -0.082
408.002 -0.083
409.57 -0.084
411.093 -0.085
412.583 -0.086
414.041 -0.087
415.436 -0.088
416.79 -0.089
418.099 -0.09
419.362 -0.091
420.576 -0.092
421.745 -0.093
422.865 -0.094
423.933 -0.095
424.928 -0.096
425.874 -0.097
426.774 -0.098
427.639 -0.099
428.488 -0.1
429.323 -0.101
430.141 -0.102
430.944 -0.103
431.73 -0.104
432.501 -0.105
433.257 -0.106
433.996 -0.107
434.721 -0.108
435.431 -0.109
436.125 -0.11
436.804 -0.111
437.467 -0.112
438.114 -0.113
438.745 -0.114
439.361 -0.115
439.962 -0.116
440.549 -0.117
441.121 -0.118
441.678 -0.119
442.22 -0.12
442.74 -0.121
443.246 -0.122
443.735 -0.123
444.207 -0.124
444.665 -0.125
445.106 -0.126
445.53 -0.127
445.928 -0.128
446.309 -0.129
446.669 -0.13
447.008 -0.131
447.336 -0.132
447.641 -0.133
447.925 -0.134
448.196 -0.135
448.448 -0.136
448.674 -0.137
448.889 -0.138
449.092 -0.139
449.282 -0.14
449.446 -0.141
449.593 -0.142
449.724 -0.143
449.835 -0.144
449.926 -0.145
450.001 -0.146
450.061 -0.147
450.099 -0.148
450.127 -0.149
450.141 -0.15
450.132 -0.151
450.11 -0.152
450.079 -0.153
450.035 -0.154
449.975 -0.155
449.907 -0.156
449.83 -0.157
449.745 -0.158
449.651 -0.159
449.542 -0.16
449.426 -0.161
449.301 -0.162
449.17 -0.163
449.031 -0.164
448.877 -0.165
448.714 -0.166
448.545 -0.167
448.369 -0.168
448.185 -0.169
447.993 -0.17
447.789 -0.171
447.578 -0.172
447.361 -0.173
447.138 -0.174
446.907 -0.175
446.668 -0.176
446.418 -0.177
446.162 -0.178
445.901 -0.179
445.635 -0.18
445.361 -0.181
445.083 -0.182
444.801 -0.183
444.513 -0.184
444.222 -0.185
443.926 -0.186
443.626 -0.187
443.319 -0.188
443.01 -0.189
442.697 -0.19
442.381 -0.191
442.061 -0.192
441.738 -0.193
441.412 -0.194
441.082 -0.195
440.748 -0.196
440.41 -0.197
440.07 -0.198
439.726 -0.199
439.38 -0.2
439.032 -0.201
438.681 -0.202
438.327 -0.203
437.971 -0.204
437.611 -0.205
437.248 -0.206
436.884 -0.207
436.517 -0.208
436.148 -0.209
435.776 -0.21
435.402 -0.211
435.025 -0.212
434.646 -0.213
434.265 -0.214
433.882 -0.215
433.497 -0.216
433.108 -0.217
432.718 -0.218
432.326 -0.219
431.932 -0.22
431.536 -0.221
431.138 -0.222
430.739 -0.223
430.338 -0.224
429.936 -0.225
429.533 -0.226
429.128 -0.227
428.721 -0.228
428.313 -0.229
427.903 -0.23
427.491 -0.231
427.078 -0.232
426.664 -0.233
426.249 -0.234
425.833 -0.235
425.416 -0.236
424.998 -0.237
424.579 -0.238
424.159 -0.239
423.739 -0.24
423.317 -0.241
422.895 -0.242
422.472 -0.243
422.049 -0.244
421.624 -0.245
421.198 -0.246
420.771 -0.247
420.344 -0.248
419.916 -0.249
419.487 -0.25
419.059 -0.251
418.63 -0.252
418.2 -0.253
417.77 -0.254
417.341 -0.255
416.91 -0.256
416.48 -0.257
416.049 -0.258
415.618 -0.259
415.187 -0.26
414.756 -0.261
414.325 -0.262
413.893 -0.263
413.462 -0.264
413.03 -0.265
412.598 -0.266
412.167 -0.267
411.735 -0.268
411.303 -0.269
410.872 -0.27
410.44 -0.271
410.008 -0.272
409.577 -0.273
409.146 -0.274
408.714 -0.275
408.283 -0.276
407.851 -0.277
407.42 -0.278
406.989 -0.279
406.559 -0.28
406.129 -0.281
405.699 -0.282
405.27 -0.283
404.841 -0.284
404.413 -0.285
403.985 -0.286
403.558 -0.287
403.131 -0.288
402.705 -0.289
402.279 -0.29
401.853 -0.291
401.428 -0.292
401.004 -0.293
400.58 -0.294
400.156 -0.295
399.734 -0.296
399.311 -0.297
398.89 -0.298
398.469 -0.299
398.048 -0.3
397.629 -0.301
397.21 -0.302
396.792 -0.303
396.375 -0.304
395.958 -0.305
395.542 -0.306
395.126 -0.307
394.712 -0.308
394.298 -0.309
393.885 -0.31
393.473 -0.311
393.061 -0.312
392.651 -0.313
392.242 -0.314
391.833 -0.315
391.425 -0.316
391.018 -0.317
390.612 -0.318
390.206 -0.319
389.801 -0.32
389.398 -0.321
388.995 -0.322
388.593 -0.323
388.192 -0.324
387.791 -0.325
387.392 -0.326
386.993 -0.327
386.596 -0.328
386.2 -0.329
385.804 -0.33
385.41 -0.331
385.016 -0.332
384.624 -0.333
384.232 -0.334
383.841 -0.335
383.451 -0.336
383.061 -0.337
382.673 -0.338
382.286 -0.339
381.901 -0.34
381.516 -0.341
381.133 -0.342
380.75 -0.343
380.368 -0.344
379.987 -0.345
379.607 -0.346
379.227 -0.347
378.849 -0.348
378.473 -0.349
378.097 -0.35
377.723 -0.351
377.349 -0.352
376.976 -0.353
376.605 -0.354
376.235 -0.355
375.867 -0.356
375.499 -0.357
375.132 -0.358
374.767 -0.359
374.402 -0.36
374.038 -0.361
373.675 -0.362
373.314 -0.363
372.954 -0.364
372.595 -0.365
372.238 -0.366
371.882 -0.367
371.526 -0.368
371.172 -0.369
370.819 -0.37
370.467 -0.371
370.117 -0.372
369.768 -0.373
369.419 -0.374
369.07 -0.375
368.723 -0.376
368.376 -0.377
368.03 -0.378
367.686 -0.379
367.343 -0.38
367.001 -0.381
366.659 -0.382
366.319 -0.383
365.98 -0.384
365.642 -0.385
365.306 -0.386
364.97 -0.387
364.634 -0.388
364.3 -0.389
363.966 -0.39
363.632 -0.391
363.298 -0.392
362.966 -0.393
362.636 -0.394
362.307 -0.395
361.979 -0.396
361.652 -0.397
361.327 -0.398
361.003 -0.399
360.681 -0.4
360.361 -0.401
360.042 -0.402
359.723 -0.403
359.406 -0.404
359.089 -0.405
358.772 -0.406
358.456 -0.407
358.142 -0.408
357.83 -0.409
357.519 -0.41
357.21 -0.411
356.902 -0.412
356.596 -0.413
356.291 -0.414
355.984 -0.415
355.68 -0.416
355.374 -0.417
355.07 -0.418
354.767 -0.419
354.466 -0.42
354.166 -0.421
353.866 -0.422
353.568 -0.423
353.272 -0.424
352.976 -0.425
352.68 -0.426
352.386 -0.427
352.091 -0.428
351.799 -0.429
351.507 -0.43
351.218 -0.431
350.93 -0.432
350.642 -0.433
350.354 -0.434
350.069 -0.435
349.783 -0.436
349.498 -0.437
349.214 -0.438
348.932 -0.439
348.651 -0.44
348.372 -0.441
348.094 -0.442
347.818 -0.443
347.544 -0.444
347.271 -0.445
347.001 -0.446
346.732 -0.447
346.465 -0.448
346.199 -0.449
345.933 -0.45
345.67 -0.451
345.408 -0.452
345.148 -0.453
344.89 -0.454
344.634 -0.455
344.38 -0.456
344.127 -0.457
343.876 -0.458
343.625 -0.459
343.376 -0.46
343.129 -0.461
342.884 -0.462
342.641 -0.463
342.4 -0.464
342.161 -0.465
341.923 -0.466
341.686 -0.467
341.451 -0.468
341.217 -0.469
340.986 -0.47
340.756 -0.471
340.529 -0.472
340.303 -0.473
340.08 -0.474
339.859 -0.475
339.638 -0.476
339.418 -0.477
339.201 -0.478
338.986 -0.479
338.772 -0.48
338.561 -0.481
338.352 -0.482
338.145 -0.483
337.941 -0.484
337.736 -0.485
337.533 -0.486
337.332 -0.487
337.133 -0.488
336.936 -0.489
336.741 -0.49
336.548 -0.491
336.358 -0.492
336.17 -0.493
335.984 -0.494
335.801 -0.495
335.619 -0.496
335.44 -0.497
335.264 -0.498
335.09 -0.499
334.918 -0.5
334.748 -0.501
334.581 -0.502
334.416 -0.503
334.254 -0.504
334.094 -0.505
333.936 -0.506
333.781 -0.507
333.629 -0.508
333.479 -0.509
333.331 -0.51
333.186 -0.511
333.043 -0.512
332.904 -0.513
332.766 -0.514
332.631 -0.515
332.499 -0.516
332.369 -0.517
332.242 -0.518
332.118 -0.519
331.996 -0.52
331.877 -0.521
331.761 -0.522
331.647 -0.523
331.536 -0.524
331.427 -0.525
331.319 -0.526
331.213 -0.527
331.11 -0.528
331.01 -0.529
330.91 -0.53
330.812 -0.531
330.716 -0.532
330.623 -0.533
330.531 -0.534
330.44 -0.535
330.351 -0.536
330.265 -0.537
330.178 -0.538
330.094 -0.539
330.009 -0.54
329.922 -0.541
329.838 -0.542
329.753 -0.543
329.665 -0.544
329.579 -0.545
329.492 -0.546
329.407 -0.547
329.323 -0.548
329.237 -0.549
329.154 -0.55
329.068 -0.551
328.984 -0.552
328.896 -0.553
328.811 -0.554
328.728 -0.555
328.648 -0.556
328.57 -0.557
328.495 -0.558
328.423 -0.559
328.354 -0.56
328.287 -0.561
328.223 -0.562
328.162 -0.563
328.103 -0.564
328.048 -0.565
327.995 -0.566
327.944 -0.567
327.897 -0.568
327.852 -0.569
327.81 -0.57
327.772 -0.571
327.736 -0.572
327.703 -0.573
327.672 -0.574
327.645 -0.575
327.621 -0.576
327.6 -0.577
327.582 -0.578
327.567 -0.579
327.554 -0.58
327.544 -0.581
327.537 -0.582
327.533 -0.583
327.532 -0.584
327.534 -0.585
327.539 -0.586
327.547 -0.587
327.559 -0.588
327.573 -0.589
327.59 -0.59
327.611 -0.591
327.635 -0.592
327.662 -0.593
327.692 -0.594
327.726 -0.595
327.762 -0.596
327.802 -0.597
327.845 -0.598
327.892 -0.599
327.942 -0.6
327.995 -0.601
328.051 -0.602
328.111 -0.603
328.174 -0.604
328.241 -0.605
328.311 -0.606
328.385 -0.607
328.462 -0.608
328.543 -0.609
328.624 -0.61
328.708 -0.611
328.793 -0.612
328.879 -0.613
328.946 -0.614
329.011 -0.615
329.077 -0.616
329.147 -0.617
329.217 -0.618
329.29 -0.619
329.367 -0.62
329.443 -0.621
329.524 -0.622
329.607 -0.623
329.694 -0.624
329.785 -0.625
329.879 -0.626
329.976 -0.627
330.077 -0.628
330.181 -0.629
330.289 -0.63
330.4 -0.631
330.514 -0.632
330.633 -0.633
330.754 -0.634
330.879 -0.635
331.008 -0.636
331.139 -0.637
331.275 -0.638
331.413 -0.639
331.549 -0.64
331.683 -0.641
331.814 -0.642
331.94 -0.643
332.064 -0.644
332.183 -0.645
332.301 -0.646
332.42 -0.647
332.541 -0.648
332.665 -0.649
332.791 -0.65
332.92 -0.651
333.051 -0.652
333.184 -0.653
333.319 -0.654
333.457 -0.655
333.597 -0.656
333.741 -0.657
333.889 -0.658
334.04 -0.659
334.194 -0.66
334.351 -0.661
334.512 -0.662
334.677 -0.663
334.845 -0.664
335.017 -0.665
335.191 -0.666
335.369 -0.667
335.55 -0.668
335.733 -0.669
335.92 -0.67
336.11 -0.671
336.303 -0.672
336.496 -0.673
336.692 -0.674
336.889 -0.675
337.087 -0.676
337.289 -0.677
337.491 -0.678
337.697 -0.679
337.906 -0.68
338.114 -0.681
338.327 -0.682
338.543 -0.683
338.759 -0.684
338.98 -0.685
339.204 -0.686
339.43 -0.687
339.658 -0.688
339.889 -0.689
340.124 -0.69
340.362 -0.691
340.604 -0.692
340.849 -0.693
341.098 -0.694
341.351 -0.695
341.608 -0.696
341.868 -0.697
342.131 -0.698
342.398 -0.699
342.669 -0.7
