12.4352 -0.001
24.8595 -0.002
37.273 -0.003
49.6756 -0.004
62.0671 -0.005
74.4476 -0.006
86.8169 -0.007
99.1751 -0.008
111.522 -0.009
123.857 -0.01
136.181 -0.011
148.494 -0.012
160.795 -0.013
173.084 -0.014
185.362 -0.015
197.627 -0.016
209.881 -0.017
222.123 -0.018
234.352 -0.019
246.57 -0.02
258.775 -0.021
270.968 -0.022
283.148 -0.023
295.316 -0.024
307.472 -0.025
319.614 -0.026
331.744 -0.027
343.861 -0.028
355.964 -0.029
368.055 -0.03
380.132 -0.031
392.196 -0.032
404.247 -0.033
416.284 -0.034
428.307 -0.035
440.287 -0.036
451.974 -0.037
463.108 -0.038
473.162 -0.039
482.847 -0.04
492.521 -0.041
502.182 -0.042
511.831 -0.043
521.461 -0.044
531.071 -0.045
540.665 -0.046
550.221 -0.047
559.498 -0.048
567.934 -0.049
575.099 -0.05
581.124 -0.051
585.084 -0.052
587.976 -0.053
590.022 -0.054
591.131 -0.055
591.973 -0.056
592.779 -0.057
593.539 -0.058
594.273 -0.059
594.984 -0.06
595.678 -0.061
596.358 -0.062
597.024 -0.063
597.669 -0.064
598.292 -0.065
598.895 -0.066
599.48 -0.067
600.049 -0.068
600.597 -0.069
601.125 -0.07
601.635 -0.071
602.13 -0.072
602.61 -0.073
603.074 -0.074
603.522 -0.075
603.954 -0.076
604.368 -0.077
604.764 -0.078
605.143 -0.079
605.507 -0.08
605.86 -0.081
606.202 -0.082
606.534 -0.083
606.855 -0.084
607.164 -0.085
607.464 -0.086
607.759 -0.087
608.048 -0.088
608.334 -0.089
608.615 -0.09
608.894 -0.091
609.171 -0.092
609.446 -0.093
609.719 -0.094
609.989 -0.095
610.259 -0.096
610.526 -0.097
610.791 -0.098
611.056 -0.099
611.318 -0.1
611.578 -0.101
611.838 -0.102
612.095 -0.103
612.35 -0.104
612.604 -0.105
612.856 -0.106
613.106 -0.107
613.353 -0.108
613.599 -0.109
613.843 -0.11
614.085 -0.111
614.327 -0.112
614.568 -0.113
614.806 -0.114
615.042 -0.115
615.275 -0.116
615.507 -0.117
615.737 -0.118
615.965 -0.119
616.19 -0.12
616.414 -0.121
616.637 -0.122
616.857 -0.123
617.077 -0.124
617.294 -0.125
617.509 -0.126
617.721 -0.127
617.929 -0.128
618.137 -0.129
618.341 -0.13
618.542 -0.131
618.74 -0.132
618.938 -0.133
619.133 -0.134
619.326 -0.135
619.518 -0.136
619.709 -0.137
619.897 -0.138
620.084 -0.139
620.268 -0.14
620.449 -0.141
620.628 -0.142
620.803 -0.143
620.976 -0.144
621.147 -0.145
621.313 -0.146
621.479 -0.147
621.644 -0.148
621.807 -0.149
621.968 -0.15
622.128 -0.151
622.286 -0.152
622.442 -0.153
622.595 -0.154
622.747 -0.155
622.896 -0.156
623.043 -0.157
623.187 -0.158
623.33 -0.159
623.469 -0.16
623.608 -0.161
623.745 -0.162
623.88 -0.163
624.013 -0.164
624.145 -0.165
624.276 -0.166
624.406 -0.167
624.534 -0.168
624.66 -0.169
624.786 -0.17
624.911 -0.171
625.035 -0.172
625.157 -0.173
625.277 -0.174
625.397 -0.175
625.516 -0.176
625.634 -0.177
625.752 -0.178
625.868 -0.179
625.983 -0.18
626.099 -0.181
626.214 -0.182
626.329 -0.183
626.443 -0.184
626.557 -0.185
626.671 -0.186
626.784 -0.187
626.897 -0.188
627.01 -0.189
627.123 -0.19
627.234 -0.191
627.346 -0.192
627.458 -0.193
627.569 -0.194
627.681 -0.195
627.792 -0.196
627.903 -0.197
628.015 -0.198
628.126 -0.199
628.237 -0.2
628.348 -0.201
628.459 -0.202
628.57 -0.203
628.681 -0.204
628.792 -0.205
628.903 -0.206
629.013 -0.207
629.124 -0.208
629.235 -0.209
629.346 -0.21
629.456 -0.211
629.567 -0.212
629.677 -0.213
629.788 -0.214
629.898 -0.215
630.008 -0.216
630.119 -0.217
630.229 -0.218
630.339 -0.219
630.449 -0.22
630.559 -0.221
630.67 -0.222
630.78 -0.223
630.89 -0.224
631 -0.225
631.109 -0.226
631.219 -0.227
631.329 -0.228
631.439 -0.229
631.549 -0.23
631.658 -0.231
631.768 -0.232
631.878 -0.233
631.987 -0.234
632.097 -0.235
632.206 -0.236
632.316 -0.237
632.425 -0.238
632.535 -0.239
632.644 -0.24
632.753 -0.241
632.863 -0.242
632.972 -0.243
633.081 -0.244
633.19 -0.245
633.3 -0.246
633.409 -0.247
633.518 -0.248
633.627 -0.249
633.736 -0.25
633.845 -0.251
633.954 -0.252
634.063 -0.253
634.172 -0.254
634.281 -0.255
634.39 -0.256
634.499 -0.257
634.607 -0.258
634.716 -0.259
634.825 -0.26
634.934 -0.261
635.042 -0.262
635.151 -0.263
635.26 -0.264
635.368 -0.265
635.477 -0.266
635.586 -0.267
635.694 -0.268
635.803 -0.269
635.911 -0.27
636.02 -0.271
636.128 -0.272
636.236 -0.273
636.345 -0.274
636.453 -0.275
636.561 -0.276
636.669 -0.277
636.778 -0.278
636.886 -0.279
636.994 -0.28
637.102 -0.281
637.21 -0.282
637.318 -0.283
637.426 -0.284
637.534 -0.285
637.642 -0.286
637.75 -0.287
637.858 -0.288
637.966 -0.289
638.074 -0.29
638.182 -0.291
638.29 -0.292
638.398 -0.293
638.505 -0.294
638.613 -0.295
638.721 -0.296
638.829 -0.297
638.936 -0.298
639.044 -0.299
639.152 -0.3
639.259 -0.301
639.367 -0.302
639.475 -0.303
639.582 -0.304
639.69 -0.305
639.797 -0.306
639.905 -0.307
640.012 -0.308
640.12 -0.309
640.227 -0.31
640.335 -0.311
640.442 -0.312
640.55 -0.313
640.657 -0.314
640.764 -0.315
640.872 -0.316
640.979 -0.317
641.086 -0.318
641.193 -0.319
641.301 -0.32
641.408 -0.321
641.515 -0.322
641.622 -0.323
641.729 -0.324
641.837 -0.325
641.944 -0.326
642.051 -0.327
642.158 -0.328
642.265 -0.329
642.372 -0.33
642.479 -0.331
642.586 -0.332
642.693 -0.333
642.8 -0.334
642.907 -0.335
643.014 -0.336
643.121 -0.337
643.228 -0.338
643.334 -0.339
643.441 -0.34
643.548 -0.341
643.654 -0.342
643.761 -0.343
643.868 -0.344
643.974 -0.345
644.081 -0.346
644.188 -0.347
644.294 -0.348
644.401 -0.349
644.507 -0.35
644.614 -0.351
644.72 -0.352
644.827 -0.353
644.933 -0.354
645.04 -0.355
645.146 -0.356
645.253 -0.357
645.359 -0.358
645.465 -0.359
645.572 -0.36
645.678 -0.361
645.785 -0.362
645.891 -0.363
645.997 -0.364
646.104 -0.365
646.21 -0.366
646.316 -0.367
646.423 -0.368
646.529 -0.369
646.635 -0.37
646.742 -0.371
646.848 -0.372
646.954 -0.373
647.06 -0.374
647.167 -0.375
647.273 -0.376
647.379 -0.377
647.485 -0.378
647.592 -0.379
647.698 -0.38
647.804 -0.381
647.91 -0.382
648.016 -0.383
648.123 -0.384
648.229 -0.385
648.335 -0.386
648.441 -0.387
648.547 -0.388
648.653 -0.389
648.76 -0.39
648.866 -0.391
648.972 -0.392
649.078 -0.393
649.184 -0.394
649.29 -0.395
649.396 -0.396
649.502 -0.397
649.608 -0.398
649.714 -0.399
649.82 -0.4
649.926 -0.401
650.032 -0.402
650.138 -0.403
650.244 -0.404
650.35 -0.405
650.456 -0.406
650.562 -0.407
650.668 -0.408
650.773 -0.409
650.879 -0.41
650.985 -0.411
651.091 -0.412
651.197 -0.413
651.303 -0.414
651.408 -0.415
651.514 -0.416
651.62 -0.417
651.726 -0.418
651.832 -0.419
651.937 -0.42
652.043 -0.421
652.149 -0.422
652.255 -0.423
652.36 -0.424
652.466 -0.425
652.572 -0.426
652.678 -0.427
652.784 -0.428
652.889 -0.429
652.995 -0.43
653.101 -0.431
653.207 -0.432
653.312 -0.433
653.418 -0.434
653.524 -0.435
653.629 -0.436
653.735 -0.437
653.841 -0.438
653.947 -0.439
654.052 -0.44
654.158 -0.441
654.264 -0.442
654.369 -0.443
654.475 -0.444
654.581 -0.445
654.686 -0.446
654.792 -0.447
654.897 -0.448
655.003 -0.449
655.109 -0.45
655.214 -0.451
655.32 -0.452
655.425 -0.453
655.531 -0.454
655.637 -0.455
655.742 -0.456
655.848 -0.457
655.953 -0.458
656.059 -0.459
656.165 -0.46
656.27 -0.461
656.376 -0.462
656.481 -0.463
656.587 -0.464
656.693 -0.465
656.798 -0.466
656.904 -0.467
657.01 -0.468
657.115 -0.469
657.221 -0.47
657.326 -0.471
657.432 -0.472
657.538 -0.473
657.643 -0.474
657.749 -0.475
657.854 -0.476
657.96 -0.477
658.066 -0.478
658.171 -0.479
658.277 -0.48
658.382 -0.481
658.488 -0.482
658.593 -0.483
658.699 -0.484
658.805 -0.485
658.91 -0.486
659.016 -0.487
659.121 -0.488
659.227 -0.489
659.333 -0.49
659.438 -0.491
659.544 -0.492
659.649 -0.493
659.755 -0.494
659.861 -0.495
659.966 -0.496
660.072 -0.497
660.177 -0.498
660.283 -0.499
660.389 -0.5
660.494 -0.501
660.6 -0.502
660.706 -0.503
660.811 -0.504
660.917 -0.505
661.023 -0.506
661.128 -0.507
661.234 -0.508
661.34 -0.509
661.445 -0.51
661.551 -0.511
661.657 -0.512
661.763 -0.513
661.868 -0.514
661.974 -0.515
662.08 -0.516
662.185 -0.517
662.291 -0.518
662.397 -0.519
662.502 -0.52
662.608 -0.521
662.714 -0.522
662.82 -0.523
662.925 -0.524
663.031 -0.525
663.137 -0.526
663.243 -0.527
663.349 -0.528
663.455 -0.529
663.56 -0.53
663.666 -0.531
663.772 -0.532
663.878 -0.533
663.984 -0.534
664.09 -0.535
664.196 -0.536
664.302 -0.537
664.408 -0.538
664.514 -0.539
664.62 -0.54
664.726 -0.541
664.832 -0.542
664.938 -0.543
665.044 -0.544
665.15 -0.545
665.256 -0.546
665.362 -0.547
665.468 -0.548
665.574 -0.549
665.68 -0.55
665.786 -0.551
665.892 -0.552
665.998 -0.553
666.104 -0.554
666.21 -0.555
666.316 -0.556
666.422 -0.557
666.528 -0.558
666.635 -0.559
666.741 -0.56
666.847 -0.561
666.953 -0.562
667.059 -0.563
667.165 -0.564
667.272 -0.565
667.378 -0.566
667.484 -0.567
667.591 -0.568
667.697 -0.569
667.803 -0.57
667.91 -0.571
668.016 -0.572
668.122 -0.573
668.229 -0.574
668.335 -0.575
668.442 -0.576
668.548 -0.577
668.655 -0.578
668.761 -0.579
668.868 -0.58
668.974 -0.581
669.081 -0.582
669.187 -0.583
669.294 -0.584
669.4 -0.585
669.507 -0.586
669.614 -0.587
669.72 -0.588
669.827 -0.589
669.933 -0.59
670.04 -0.591
670.147 -0.592
670.253 -0.593
670.36 -0.594
670.467 -0.595
670.573 -0.596
670.68 -0.597
670.787 -0.598
670.894 -0.599
671.001 -0.6
671.107 -0.601
671.214 -0.602
671.321 -0.603
671.428 -0.604
671.535 -0.605
671.642 -0.606
671.749 -0.607
671.856 -0.608
671.963 -0.609
672.07 -0.61
672.177 -0.611
672.284 -0.612
672.391 -0.613
672.498 -0.614
672.605 -0.615
672.712 -0.616
672.82 -0.617
672.927 -0.618
673.034 -0.619
673.141 -0.62
673.249 -0.621
673.356 -0.622
673.463 -0.623
673.57 -0.624
673.678 -0.625
673.785 -0.626
673.893 -0.627
674 -0.628
674.108 -0.629
674.215 -0.63
674.323 -0.631
674.43 -0.632
674.538 -0.633
674.646 -0.634
674.753 -0.635
674.861 -0.636
674.969 -0.637
675.076 -0.638
675.184 -0.639
675.292 -0.64
675.4 -0.641
675.508 -0.642
675.616 -0.643
675.724 -0.644
675.832 -0.645
675.94 -0.646
676.048 -0.647
676.156 -0.648
676.264 -0.649
676.372 -0.65
676.48 -0.651
676.588 -0.652
676.696 -0.653
676.805 -0.654
676.913 -0.655
677.021 -0.656
677.13 -0.657
677.238 -0.658
677.346 -0.659
677.455 -0.66
677.563 -0.661
677.672 -0.662
677.78 -0.663
677.889 -0.664
677.997 -0.665
678.106 -0.666
678.214 -0.667
678.323 -0.668
678.431 -0.669
678.54 -0.67
678.649 -0.671
678.757 -0.672
678.866 -0.673
678.975 -0.674
679.084 -0.675
679.192 -0.676
679.301 -0.677
679.41 -0.678
679.519 -0.679
679.628 -0.68
679.737 -0.681
679.846 -0.682
679.955 -0.683
680.064 -0.684
680.173 -0.685
680.282 -0.686
680.391 -0.687
680.501 -0.688
680.61 -0.689
680.719 -0.69
680.828 -0.691
680.938 -0.692
681.047 -0.693
681.157 -0.694
681.266 -0.695
681.376 -0.696
681.485 -0.697
681.595 -0.698
681.704 -0.699
681.814 -0.7
681.924 -0.701
682.033 -0.702
682.143 -0.703
682.253 -0.704
682.363 -0.705
682.473 -0.706
682.583 -0.707
682.693 -0.708
682.803 -0.709
682.912 -0.71
683.022 -0.711
683.132 -0.712
683.242 -0.713
683.353 -0.714
683.463 -0.715
683.573 -0.716
683.683 -0.717
683.793 -0.718
683.904 -0.719
684.014 -0.72
684.124 -0.721
684.235 -0.722
684.345 -0.723
684.455 -0.724
684.566 -0.725
684.676 -0.726
684.787 -0.727
684.897 -0.728
685.008 -0.729
685.119 -0.73
685.229 -0.731
685.34 -0.732
685.451 -0.733
685.561 -0.734
685.672 -0.735
685.783 -0.736
685.894 -0.737
686.005 -0.738
686.116 -0.739
686.227 -0.74
686.338 -0.741
686.449 -0.742
686.561 -0.743
686.672 -0.744
686.783 -0.745
686.894 -0.746
687.006 -0.747
687.117 -0.748
687.229 -0.749
687.34 -0.75
687.452 -0.751
687.563 -0.752
687.675 -0.753
687.787 -0.754
687.898 -0.755
688.01 -0.756
688.122 -0.757
688.234 -0.758
688.346 -0.759
688.458 -0.76
688.569 -0.761
688.682 -0.762
688.794 -0.763
688.906 -0.764
689.018 -0.765
689.13 -0.766
689.242 -0.767
689.355 -0.768
689.467 -0.769
689.579 -0.77
689.692 -0.771
689.804 -0.772
689.917 -0.773
690.03 -0.774
690.142 -0.775
690.255 -0.776
690.368 -0.777
690.48 -0.778
690.593 -0.779
690.706 -0.78
690.819 -0.781
690.932 -0.782
691.045 -0.783
691.158 -0.784
691.271 -0.785
691.384 -0.786
691.498 -0.787
691.611 -0.788
691.724 -0.789
691.838 -0.79
691.951 -0.791
692.065 -0.792
692.178 -0.793
692.292 -0.794
692.405 -0.795
692.519 -0.796
692.633 -0.797
692.746 -0.798
692.86 -0.799
692.974 -0.8
693.087 -0.801
693.201 -0.802
693.314 -0.803
693.428 -0.804
693.542 -0.805
693.655 -0.806
693.769 -0.807
693.883 -0.808
693.997 -0.809
694.111 -0.81
694.224 -0.811
694.338 -0.812
694.452 -0.813
694.566 -0.814
694.68 -0.815
694.795 -0.816
694.909 -0.817
695.023 -0.818
695.137 -0.819
695.251 -0.82
695.366 -0.821
695.48 -0.822
695.595 -0.823
695.709 -0.824
695.824 -0.825
695.938 -0.826
696.053 -0.827
696.168 -0.828
696.282 -0.829
696.397 -0.83
696.512 -0.831
696.626 -0.832
696.741 -0.833
696.856 -0.834
696.971 -0.835
697.086 -0.836
697.201 -0.837
697.316 -0.838
697.431 -0.839
697.546 -0.84
697.661 -0.841
697.776 -0.842
697.892 -0.843
698.007 -0.844
698.123 -0.845
698.238 -0.846
698.353 -0.847
698.469 -0.848
698.584 -0.849
698.7 -0.85
698.816 -0.851
698.931 -0.852
699.047 -0.853
699.163 -0.854
699.278 -0.855
699.394 -0.856
699.51 -0.857
699.626 -0.858
699.742 -0.859
699.858 -0.86
699.974 -0.861
700.09 -0.862
700.206 -0.863
700.323 -0.864
700.439 -0.865
700.555 -0.866
700.671 -0.867
700.788 -0.868
700.904 -0.869
701.021 -0.87
701.137 -0.871
701.254 -0.872
701.37 -0.873
701.487 -0.874
701.604 -0.875
701.721 -0.876
701.837 -0.877
701.954 -0.878
702.071 -0.879
702.188 -0.88
702.305 -0.881
702.422 -0.882
702.539 -0.883
702.657 -0.884
702.774 -0.885
702.891 -0.886
703.008 -0.887
703.125 -0.888
703.242 -0.889
703.359 -0.89
703.477 -0.891
703.594 -0.892
703.711 -0.893
703.828 -0.894
703.946 -0.895
704.063 -0.896
704.18 -0.897
704.298 -0.898
704.415 -0.899
704.533 -0.9
704.651 -0.901
704.768 -0.902
704.886 -0.903
705.004 -0.904
705.122 -0.905
705.239 -0.906
705.357 -0.907
705.475 -0.908
705.593 -0.909
705.711 -0.91
705.829 -0.911
705.946 -0.912
706.064 -0.913
706.182 -0.914
706.3 -0.915
706.418 -0.916
706.536 -0.917
706.653 -0.918
706.771 -0.919
706.889 -0.92
707.007 -0.921
707.125 -0.922
707.244 -0.923
707.362 -0.924
707.48 -0.925
707.598 -0.926
707.716 -0.927
707.835 -0.928
707.953 -0.929
708.072 -0.93
708.19 -0.931
708.308 -0.932
708.427 -0.933
708.545 -0.934
708.664 -0.935
708.782 -0.936
708.901 -0.937
709.019 -0.938
709.138 -0.939
709.256 -0.94
709.375 -0.941
709.493 -0.942
709.612 -0.943
709.731 -0.944
709.85 -0.945
709.968 -0.946
710.087 -0.947
710.206 -0.948
710.325 -0.949
710.444 -0.95
710.563 -0.951
710.681 -0.952
710.8 -0.953
710.918 -0.954
711.036 -0.955
711.155 -0.956
711.273 -0.957
711.39 -0.958
711.508 -0.959
711.625 -0.96
711.742 -0.961
711.859 -0.962
711.974 -0.963
712.088 -0.964
712.199 -0.965
712.307 -0.966
712.411 -0.967
712.511 -0.968
712.608 -0.969
712.7 -0.97
712.789 -0.971
712.874 -0.972
712.955 -0.973
713.031 -0.974
713.104 -0.975
713.175 -0.976
713.244 -0.977
713.31 -0.978
713.377 -0.979
713.443 -0.98
713.508 -0.981
713.575 -0.982
713.644 -0.983
713.713 -0.984
713.785 -0.985
713.858 -0.986
713.931 -0.987
714.008 -0.988
714.086 -0.989
714.167 -0.99
714.252 -0.991
714.338 -0.992
714.426 -0.993
714.514 -0.994
714.603 -0.995
714.692 -0.996
714.781 -0.997
714.869 -0.998
714.959 -0.999
715.047 -1
715.136 -1.001
715.225 -1.002
715.31 -1.003
715.392 -1.004
715.47 -1.005
715.544 -1.006
715.613 -1.007
715.681 -1.008
715.749 -1.009
715.812 -1.01
715.872 -1.011
715.928 -1.012
715.983 -1.013
716.035 -1.014
716.083 -1.015
716.132 -1.016
716.178 -1.017
716.237 -1.018
716.305 -1.019
716.373 -1.02
716.444 -1.021
716.516 -1.022
716.588 -1.023
716.663 -1.024
716.748 -1.025
716.842 -1.026
716.937 -1.027
717.032 -1.028
717.129 -1.029
717.228 -1.03
717.342 -1.031
717.457 -1.032
717.571 -1.033
717.688 -1.034
717.815 -1.035
717.942 -1.036
718.071 -1.037
718.195 -1.038
718.327 -1.039
718.455 -1.04
718.582 -1.041
718.702 -1.042
718.82 -1.043
718.939 -1.044
719.059 -1.045
719.178 -1.046
719.297 -1.047
719.416 -1.048
719.534 -1.049
719.652 -1.05
719.769 -1.051
719.886 -1.052
720.003 -1.053
720.119 -1.054
720.234 -1.055
720.348 -1.056
720.462 -1.057
720.575 -1.058
720.688 -1.059
720.811 -1.06
720.945 -1.061
721.078 -1.062
721.21 -1.063
721.34 -1.064
721.469 -1.065
721.596 -1.066
721.733 -1.067
721.871 -1.068
722.007 -1.069
722.139 -1.07
722.269 -1.071
722.408 -1.072
722.55 -1.073
722.688 -1.074
722.822 -1.075
722.963 -1.076
723.114 -1.077
723.273 -1.078
723.431 -1.079
723.591 -1.08
723.748 -1.081
723.897 -1.082
724.044 -1.083
724.19 -1.084
724.34 -1.085
724.492 -1.086
724.644 -1.087
724.795 -1.088
724.943 -1.089
725.091 -1.09
725.239 -1.091
725.39 -1.092
725.543 -1.093
725.696 -1.094
725.848 -1.095
725.997 -1.096
726.147 -1.097
726.296 -1.098
726.448 -1.099
726.596 -1.1
