8.4439 -0.001
16.8767 -0.002
25.2984 -0.003
33.7088 -0.004
42.1078 -0.005
50.4955 -0.006
58.8716 -0.007
67.2362 -0.008
75.5891 -0.009
83.9303 -0.01
92.2597 -0.011
100.577 -0.012
108.882 -0.013
117.176 -0.014
125.457 -0.015
133.726 -0.016
141.982 -0.017
150.226 -0.018
158.457 -0.019
166.676 -0.02
174.882 -0.021
183.075 -0.022
191.255 -0.023
199.421 -0.024
207.575 -0.025
215.715 -0.026
223.842 -0.027
231.955 -0.028
240.055 -0.029
248.14 -0.03
256.212 -0.031
264.27 -0.032
272.313 -0.033
280.343 -0.034
288.357 -0.035
296.357 -0.036
304.343 -0.037
312.313 -0.038
320.269 -0.039
328.209 -0.04
336.134 -0.041
344.044 -0.042
351.938 -0.043
359.739 -0.044
367.074 -0.045
373.394 -0.046
378.354 -0.047
381.271 -0.048
383.523 -0.049
385.338 -0.05
387.045 -0.051
388.735 -0.052
390.406 -0.053
392.059 -0.054
393.7 -0.055
395.333 -0.056
396.957 -0.057
398.573 -0.058
400.181 -0.059
401.759 -0.06
403.294 -0.061
404.72 -0.062
406.102 -0.063
407.306 -0.064
408.43 -0.065
409.305 -0.066
409.878 -0.067
410.334 -0.068
410.779 -0.069
411.213 -0.07
411.63 -0.071
412.035 -0.072
412.428 -0.073
412.81 -0.074
413.179 -0.075
413.534 -0.076
413.873 -0.077
414.199 -0.078
414.514 -0.079
414.817 -0.08
415.107 -0.081
415.385 -0.082
415.649 -0.083
415.903 -0.084
416.146 -0.085
416.38 -0.086
416.607 -0.087
416.824 -0.088
417.035 -0.089
417.24 -0.09
417.44 -0.091
417.635 -0.092
417.824 -0.093
418.008 -0.094
418.189 -0.095
418.364 -0.096
418.537 -0.097
418.706 -0.098
418.872 -0.099
419.034 -0.1
419.193 -0.101
419.35 -0.102
419.502 -0.103
419.652 -0.104
419.8 -0.105
419.945 -0.106
420.087 -0.107
420.227 -0.108
420.365 -0.109
420.5 -0.11
420.633 -0.111
420.763 -0.112
420.891 -0.113
421.018 -0.114
421.142 -0.115
421.264 -0.116
421.383 -0.117
421.501 -0.118
421.617 -0.119
421.731 -0.12
421.843 -0.121
421.953 -0.122
422.062 -0.123
422.168 -0.124
422.273 -0.125
422.377 -0.126
422.478 -0.127
422.579 -0.128
422.677 -0.129
422.775 -0.13
422.871 -0.131
422.965 -0.132
423.059 -0.133
423.151 -0.134
423.241 -0.135
423.331 -0.136
423.419 -0.137
423.507 -0.138
423.594 -0.139
423.679 -0.14
423.764 -0.141
423.848 -0.142
423.93 -0.143
424.012 -0.144
424.094 -0.145
424.174 -0.146
424.254 -0.147
424.333 -0.148
424.411 -0.149
424.489 -0.15
424.566 -0.151
424.642 -0.152
424.717 -0.153
424.792 -0.154
424.867 -0.155
424.94 -0.156
425.014 -0.157
425.086 -0.158
425.158 -0.159
425.229 -0.16
425.3 -0.161
425.37 -0.162
425.44 -0.163
425.509 -0.164
425.577 -0.165
425.645 -0.166
425.712 -0.167
425.779 -0.168
425.845 -0.169
425.911 -0.17
425.976 -0.171
426.041 -0.172
426.105 -0.173
426.169 -0.174
426.232 -0.175
426.295 -0.176
426.358 -0.177
426.42 -0.178
426.482 -0.179
426.543 -0.18
426.604 -0.181
426.665 -0.182
426.726 -0.183
426.786 -0.184
426.846 -0.185
426.906 -0.186
426.966 -0.187
427.025 -0.188
427.083 -0.189
427.142 -0.19
427.2 -0.191
427.258 -0.192
427.316 -0.193
427.374 -0.194
427.431 -0.195
427.488 -0.196
427.546 -0.197
427.602 -0.198
427.659 -0.199
427.716 -0.2
427.772 -0.201
427.828 -0.202
427.884 -0.203
427.94 -0.204
427.995 -0.205
428.051 -0.206
428.106 -0.207
428.161 -0.208
428.216 -0.209
428.27 -0.21
428.325 -0.211
428.379 -0.212
428.433 -0.213
428.487 -0.214
428.541 -0.215
428.594 -0.216
428.648 -0.217
428.701 -0.218
428.754 -0.219
428.807 -0.22
428.859 -0.221
428.912 -0.222
428.964 -0.223
429.017 -0.224
429.069 -0.225
429.121 -0.226
429.173 -0.227
429.224 -0.228
429.276 -0.229
429.327 -0.23
429.379 -0.231
429.43 -0.232
429.481 -0.233
429.532 -0.234
429.582 -0.235
429.633 -0.236
429.683 -0.237
429.734 -0.238
429.784 -0.239
429.834 -0.24
429.884 -0.241
429.934 -0.242
429.984 -0.243
430.034 -0.244
430.083 -0.245
430.133 -0.246
430.182 -0.247
430.231 -0.248
430.28 -0.249
430.329 -0.25
430.378 -0.251
430.427 -0.252
430.475 -0.253
430.524 -0.254
430.572 -0.255
430.621 -0.256
430.669 -0.257
430.717 -0.258
430.765 -0.259
430.813 -0.26
430.861 -0.261
430.909 -0.262
430.956 -0.263
431.004 -0.264
431.051 -0.265
431.099 -0.266
431.146 -0.267
431.193 -0.268
431.24 -0.269
431.287 -0.27
431.334 -0.271
431.381 -0.272
431.428 -0.273
431.474 -0.274
431.521 -0.275
431.567 -0.276
431.614 -0.277
431.66 -0.278
431.707 -0.279
431.753 -0.28
431.799 -0.281
431.845 -0.282
431.891 -0.283
431.937 -0.284
431.983 -0.285
432.028 -0.286
432.074 -0.287
432.12 -0.288
432.165 -0.289
432.211 -0.29
432.256 -0.291
432.301 -0.292
432.347 -0.293
432.392 -0.294
432.437 -0.295
432.482 -0.296
432.527 -0.297
432.572 -0.298
432.617 -0.299
432.662 -0.3
432.707 -0.301
432.751 -0.302
432.796 -0.303
432.841 -0.304
432.885 -0.305
432.93 -0.306
432.974 -0.307
433.019 -0.308
433.063 -0.309
433.107 -0.31
433.152 -0.311
433.196 -0.312
433.24 -0.313
433.284 -0.314
433.328 -0.315
433.373 -0.316
433.417 -0.317
433.461 -0.318
433.505 -0.319
433.549 -0.32
433.593 -0.321
433.637 -0.322
433.681 -0.323
433.724 -0.324
433.768 -0.325
433.812 -0.326
433.856 -0.327
433.9 -0.328
433.943 -0.329
433.987 -0.33
434.031 -0.331
434.074 -0.332
434.118 -0.333
434.162 -0.334
434.205 -0.335
434.249 -0.336
434.292 -0.337
434.336 -0.338
434.38 -0.339
434.423 -0.34
434.467 -0.341
434.51 -0.342
434.554 -0.343
434.597 -0.344
434.641 -0.345
434.684 -0.346
434.728 -0.347
434.771 -0.348
434.815 -0.349
434.858 -0.35
434.902 -0.351
434.945 -0.352
434.989 -0.353
435.032 -0.354
435.076 -0.355
435.119 -0.356
435.163 -0.357
435.206 -0.358
435.25 -0.359
435.294 -0.36
435.337 -0.361
435.381 -0.362
435.424 -0.363
435.468 -0.364
435.511 -0.365
435.555 -0.366
435.599 -0.367
435.642 -0.368
435.686 -0.369
435.729 -0.37
435.773 -0.371
435.817 -0.372
435.86 -0.373
435.904 -0.374
435.948 -0.375
435.991 -0.376
436.035 -0.377
436.079 -0.378
436.122 -0.379
436.166 -0.38
436.21 -0.381
436.254 -0.382
436.297 -0.383
436.341 -0.384
436.385 -0.385
436.429 -0.386
436.473 -0.387
436.516 -0.388
436.56 -0.389
436.604 -0.39
436.648 -0.391
436.692 -0.392
436.736 -0.393
436.78 -0.394
436.824 -0.395
436.868 -0.396
436.912 -0.397
436.956 -0.398
437 -0.399
437.044 -0.4
437.088 -0.401
437.132 -0.402
437.176 -0.403
437.22 -0.404
437.264 -0.405
437.308 -0.406
437.352 -0.407
437.396 -0.408
437.441 -0.409
437.485 -0.41
437.529 -0.411
437.573 -0.412
437.617 -0.413
437.662 -0.414
437.706 -0.415
437.75 -0.416
437.794 -0.417
437.839 -0.418
437.883 -0.419
437.927 -0.42
437.972 -0.421
438.016 -0.422
438.06 -0.423
438.105 -0.424
438.149 -0.425
438.194 -0.426
438.238 -0.427
438.283 -0.428
438.327 -0.429
438.372 -0.43
438.416 -0.431
438.461 -0.432
438.505 -0.433
438.55 -0.434
438.595 -0.435
438.639 -0.436
438.684 -0.437
438.729 -0.438
438.774 -0.439
438.818 -0.44
438.863 -0.441
438.908 -0.442
438.953 -0.443
438.998 -0.444
439.042 -0.445
439.087 -0.446
439.132 -0.447
439.177 -0.448
439.222 -0.449
439.267 -0.45
439.312 -0.451
439.357 -0.452
439.402 -0.453
439.448 -0.454
439.493 -0.455
439.538 -0.456
439.583 -0.457
439.628 -0.458
439.674 -0.459
439.719 -0.46
439.764 -0.461
439.809 -0.462
439.855 -0.463
439.9 -0.464
439.945 -0.465
439.991 -0.466
440.036 -0.467
440.082 -0.468
440.127 -0.469
440.173 -0.47
440.218 -0.471
440.264 -0.472
440.31 -0.473
440.355 -0.474
440.401 -0.475
440.447 -0.476
440.492 -0.477
440.538 -0.478
440.584 -0.479
440.63 -0.48
440.676 -0.481
440.721 -0.482
440.767 -0.483
440.813 -0.484
440.859 -0.485
440.905 -0.486
440.951 -0.487
440.997 -0.488
441.044 -0.489
441.09 -0.49
441.136 -0.491
441.182 -0.492
441.228 -0.493
441.275 -0.494
441.321 -0.495
441.367 -0.496
441.414 -0.497
441.46 -0.498
441.507 -0.499
441.553 -0.5
441.599 -0.501
441.646 -0.502
441.693 -0.503
441.739 -0.504
441.786 -0.505
441.832 -0.506
441.879 -0.507
441.926 -0.508
441.973 -0.509
442.019 -0.51
442.066 -0.511
442.113 -0.512
442.16 -0.513
442.207 -0.514
442.254 -0.515
442.301 -0.516
442.348 -0.517
442.395 -0.518
442.442 -0.519
442.489 -0.52
442.537 -0.521
442.584 -0.522
442.631 -0.523
442.678 -0.524
442.726 -0.525
442.773 -0.526
442.821 -0.527
442.868 -0.528
442.916 -0.529
442.963 -0.53
443.011 -0.531
443.058 -0.532
443.106 -0.533
443.154 -0.534
443.201 -0.535
443.249 -0.536
443.297 -0.537
443.345 -0.538
443.392 -0.539
443.44 -0.54
443.488 -0.541
443.536 -0.542
443.584 -0.543
443.632 -0.544
443.68 -0.545
443.728 -0.546
443.776 -0.547
443.824 -0.548
443.872 -0.549
443.921 -0.55
443.969 -0.551
444.017 -0.552
444.065 -0.553
444.113 -0.554
444.162 -0.555
444.21 -0.556
444.258 -0.557
444.306 -0.558
444.355 -0.559
444.403 -0.56
444.452 -0.561
444.5 -0.562
444.549 -0.563
444.597 -0.564
444.646 -0.565
444.695 -0.566
444.744 -0.567
444.792 -0.568
444.841 -0.569
444.89 -0.57
444.939 -0.571
444.988 -0.572
445.037 -0.573
445.086 -0.574
445.135 -0.575
445.184 -0.576
445.233 -0.577
445.283 -0.578
445.332 -0.579
445.381 -0.58
445.431 -0.581
445.48 -0.582
445.53 -0.583
445.579 -0.584
445.629 -0.585
445.678 -0.586
445.728 -0.587
445.778 -0.588
445.828 -0.589
445.877 -0.59
445.927 -0.591
445.977 -0.592
446.027 -0.593
446.077 -0.594
446.127 -0.595
446.177 -0.596
446.228 -0.597
446.278 -0.598
446.328 -0.599
446.378 -0.6
446.429 -0.601
446.479 -0.602
446.53 -0.603
446.58 -0.604
446.631 -0.605
446.681 -0.606
446.732 -0.607
446.783 -0.608
446.834 -0.609
446.884 -0.61
446.935 -0.611
446.986 -0.612
447.037 -0.613
447.088 -0.614
447.139 -0.615
447.191 -0.616
447.242 -0.617
447.293 -0.618
447.344 -0.619
447.396 -0.62
447.447 -0.621
447.499 -0.622
447.55 -0.623
447.602 -0.624
447.653 -0.625
447.705 -0.626
447.757 -0.627
447.809 -0.628
447.86 -0.629
447.912 -0.63
447.964 -0.631
448.016 -0.632
448.068 -0.633
448.121 -0.634
448.173 -0.635
448.225 -0.636
448.277 -0.637
448.33 -0.638
448.382 -0.639
448.435 -0.64
448.487 -0.641
448.54 -0.642
448.592 -0.643
448.645 -0.644
448.698 -0.645
448.751 -0.646
448.804 -0.647
448.856 -0.648
448.909 -0.649
448.963 -0.65
449.016 -0.651
449.069 -0.652
449.122 -0.653
449.175 -0.654
449.228 -0.655
449.281 -0.656
449.335 -0.657
449.388 -0.658
449.441 -0.659
449.495 -0.66
449.548 -0.661
449.601 -0.662
449.655 -0.663
449.708 -0.664
449.762 -0.665
449.815 -0.666
449.868 -0.667
449.922 -0.668
449.975 -0.669
450.028 -0.67
450.081 -0.671
450.134 -0.672
450.188 -0.673
450.241 -0.674
450.294 -0.675
450.348 -0.676
450.401 -0.677
450.455 -0.678
450.508 -0.679
450.562 -0.68
450.615 -0.681
450.669 -0.682
450.723 -0.683
450.777 -0.684
450.831 -0.685
450.885 -0.686
450.939 -0.687
450.993 -0.688
451.047 -0.689
451.102 -0.69
451.156 -0.691
451.21 -0.692
451.265 -0.693
451.319 -0.694
451.374 -0.695
451.429 -0.696
451.484 -0.697
451.538 -0.698
451.593 -0.699
451.648 -0.7
451.703 -0.701
451.758 -0.702
451.813 -0.703
451.869 -0.704
451.924 -0.705
451.979 -0.706
452.035 -0.707
452.09 -0.708
452.146 -0.709
452.201 -0.71
452.257 -0.711
452.313 -0.712
452.369 -0.713
452.425 -0.714
452.481 -0.715
452.537 -0.716
452.593 -0.717
452.649 -0.718
452.705 -0.719
452.761 -0.72
452.818 -0.721
452.874 -0.722
452.931 -0.723
452.987 -0.724
453.044 -0.725
453.101 -0.726
453.158 -0.727
453.215 -0.728
453.272 -0.729
453.329 -0.73
453.386 -0.731
453.443 -0.732
453.5 -0.733
453.557 -0.734
453.615 -0.735
453.672 -0.736
453.73 -0.737
453.787 -0.738
453.845 -0.739
453.903 -0.74
453.961 -0.741
454.019 -0.742
454.077 -0.743
454.135 -0.744
454.193 -0.745
454.251 -0.746
454.309 -0.747
454.368 -0.748
454.426 -0.749
454.485 -0.75
454.543 -0.751
454.602 -0.752
454.661 -0.753
454.719 -0.754
454.778 -0.755
454.837 -0.756
454.896 -0.757
454.956 -0.758
455.015 -0.759
455.074 -0.76
455.133 -0.761
455.193 -0.762
455.252 -0.763
455.312 -0.764
455.372 -0.765
455.431 -0.766
455.491 -0.767
455.551 -0.768
455.611 -0.769
455.671 -0.77
455.731 -0.771
455.791 -0.772
455.852 -0.773
455.912 -0.774
455.972 -0.775
456.033 -0.776
456.094 -0.777
456.154 -0.778
456.215 -0.779
456.276 -0.78
456.337 -0.781
456.398 -0.782
456.459 -0.783
456.52 -0.784
456.581 -0.785
456.643 -0.786
456.704 -0.787
456.766 -0.788
456.827 -0.789
456.889 -0.79
456.951 -0.791
457.012 -0.792
457.074 -0.793
457.136 -0.794
457.198 -0.795
457.26 -0.796
457.323 -0.797
457.385 -0.798
457.447 -0.799
457.51 -0.8
457.572 -0.801
457.635 -0.802
457.698 -0.803
457.761 -0.804
457.824 -0.805
457.887 -0.806
457.95 -0.807
458.013 -0.808
458.076 -0.809
458.139 -0.81
458.203 -0.811
458.266 -0.812
458.33 -0.813
458.394 -0.814
458.457 -0.815
458.521 -0.816
458.585 -0.817
458.649 -0.818
458.713 -0.819
458.778 -0.82
458.842 -0.821
458.906 -0.822
458.971 -0.823
459.035 -0.824
459.1 -0.825
459.164 -0.826
459.229 -0.827
459.293 -0.828
459.358 -0.829
459.422 -0.83
459.487 -0.831
459.551 -0.832
459.616 -0.833
459.681 -0.834
459.745 -0.835
459.81 -0.836
459.876 -0.837
459.942 -0.838
460.008 -0.839
460.074 -0.84
460.14 -0.841
460.206 -0.842
460.273 -0.843
460.339 -0.844
460.406 -0.845
460.472 -0.846
460.539 -0.847
460.605 -0.848
460.672 -0.849
460.739 -0.85
460.806 -0.851
460.873 -0.852
460.94 -0.853
461.007 -0.854
461.075 -0.855
461.142 -0.856
461.209 -0.857
461.277 -0.858
461.345 -0.859
461.413 -0.86
461.48 -0.861
461.548 -0.862
461.616 -0.863
461.685 -0.864
461.753 -0.865
461.821 -0.866
461.89 -0.867
461.959 -0.868
462.028 -0.869
462.098 -0.87
462.169 -0.871
462.24 -0.872
462.311 -0.873
462.382 -0.874
462.453 -0.875
462.525 -0.876
462.596 -0.877
462.668 -0.878
462.739 -0.879
462.811 -0.88
462.883 -0.881
462.955 -0.882
463.027 -0.883
463.099 -0.884
463.171 -0.885
463.244 -0.886
463.316 -0.887
463.389 -0.888
463.461 -0.889
463.534 -0.89
463.607 -0.891
463.68 -0.892
463.753 -0.893
463.826 -0.894
463.899 -0.895
463.972 -0.896
464.046 -0.897
464.119 -0.898
464.193 -0.899
464.266 -0.9
464.34 -0.901
464.414 -0.902
464.488 -0.903
464.562 -0.904
464.636 -0.905
464.711 -0.906
464.785 -0.907
464.86 -0.908
464.934 -0.909
465.009 -0.91
465.084 -0.911
465.159 -0.912
465.234 -0.913
465.309 -0.914
465.385 -0.915
465.461 -0.916
465.537 -0.917
465.613 -0.918
465.689 -0.919
465.766 -0.92
465.843 -0.921
465.92 -0.922
465.997 -0.923
466.074 -0.924
466.152 -0.925
466.229 -0.926
466.307 -0.927
466.385 -0.928
466.463 -0.929
466.542 -0.93
466.62 -0.931
466.699 -0.932
466.777 -0.933
466.856 -0.934
466.936 -0.935
467.015 -0.936
467.094 -0.937
467.174 -0.938
467.254 -0.939
467.334 -0.94
467.414 -0.941
467.495 -0.942
467.575 -0.943
467.656 -0.944
467.736 -0.945
467.817 -0.946
467.898 -0.947
467.979 -0.948
468.06 -0.949
468.142 -0.95
468.224 -0.951
468.305 -0.952
468.387 -0.953
468.47 -0.954
468.552 -0.955
468.634 -0.956
468.717 -0.957
468.8 -0.958
468.883 -0.959
468.966 -0.96
469.05 -0.961
469.133 -0.962
469.217 -0.963
469.301 -0.964
469.386 -0.965
469.47 -0.966
469.555 -0.967
469.639 -0.968
469.724 -0.969
469.809 -0.97
469.895 -0.971
469.981 -0.972
470.067 -0.973
470.153 -0.974
470.24 -0.975
470.326 -0.976
470.413 -0.977
470.5 -0.978
470.587 -0.979
470.674 -0.98
470.762 -0.981
470.85 -0.982
470.938 -0.983
471.026 -0.984
471.115 -0.985
471.203 -0.986
471.292 -0.987
471.381 -0.988
471.471 -0.989
471.56 -0.99
471.65 -0.991
471.74 -0.992
471.83 -0.993
471.921 -0.994
472.011 -0.995
472.102 -0.996
472.193 -0.997
472.285 -0.998
472.376 -0.999
472.468 -1
472.56 -1.001
472.652 -1.002
472.744 -1.003
472.837 -1.004
472.93 -1.005
473.022 -1.006
473.116 -1.007
473.209 -1.008
473.302 -1.009
473.396 -1.01
473.49 -1.011
473.584 -1.012
473.678 -1.013
473.773 -1.014
473.868 -1.015
473.963 -1.016
474.058 -1.017
474.154 -1.018
474.249 -1.019
474.345 -1.02
474.441 -1.021
474.537 -1.022
474.633 -1.023
474.729 -1.024
474.826 -1.025
474.923 -1.026
475.02 -1.027
475.117 -1.028
475.214 -1.029
475.311 -1.03
475.409 -1.031
475.507 -1.032
475.604 -1.033
475.703 -1.034
475.801 -1.035
475.9 -1.036
475.998 -1.037
476.097 -1.038
476.196 -1.039
476.295 -1.04
476.395 -1.041
476.494 -1.042
476.594 -1.043
476.693 -1.044
476.793 -1.045
476.893 -1.046
476.993 -1.047
477.094 -1.048
477.194 -1.049
477.295 -1.05
477.395 -1.051
477.496 -1.052
477.597 -1.053
477.698 -1.054
477.8 -1.055
477.901 -1.056
478.003 -1.057
478.104 -1.058
478.206 -1.059
478.308 -1.06
478.41 -1.061
478.512 -1.062
478.614 -1.063
478.717 -1.064
478.819 -1.065
478.922 -1.066
479.024 -1.067
479.127 -1.068
479.23 -1.069
479.334 -1.07
479.437 -1.071
479.54 -1.072
479.644 -1.073
479.747 -1.074
479.851 -1.075
479.955 -1.076
480.059 -1.077
480.164 -1.078
480.268 -1.079
480.372 -1.08
480.477 -1.081
480.582 -1.082
480.687 -1.083
480.792 -1.084
480.897 -1.085
481.002 -1.086
481.107 -1.087
481.212 -1.088
481.318 -1.089
481.424 -1.09
481.53 -1.091
481.636 -1.092
481.742 -1.093
481.848 -1.094
481.955 -1.095
482.062 -1.096
482.168 -1.097
482.275 -1.098
482.382 -1.099
482.489 -1.1
482.596 -1.101
482.704 -1.102
482.811 -1.103
482.919 -1.104
483.027 -1.105
483.134 -1.106
483.243 -1.107
483.351 -1.108
483.459 -1.109
483.568 -1.11
483.676 -1.111
483.785 -1.112
483.894 -1.113
484.003 -1.114
484.112 -1.115
484.221 -1.116
484.331 -1.117
484.441 -1.118
484.55 -1.119
484.66 -1.12
484.77 -1.121
484.88 -1.122
484.99 -1.123
485.101 -1.124
485.211 -1.125
485.322 -1.126
485.433 -1.127
485.544 -1.128
485.655 -1.129
485.766 -1.13
485.877 -1.131
485.989 -1.132
486.101 -1.133
486.212 -1.134
486.324 -1.135
486.437 -1.136
486.549 -1.137
486.662 -1.138
486.774 -1.139
486.886 -1.14
486.999 -1.141
487.111 -1.142
487.224 -1.143
487.337 -1.144
487.45 -1.145
487.563 -1.146
487.677 -1.147
487.79 -1.148
487.904 -1.149
488.018 -1.15
488.132 -1.151
488.246 -1.152
488.36 -1.153
488.474 -1.154
488.589 -1.155
488.704 -1.156
488.819 -1.157
488.934 -1.158
489.049 -1.159
489.164 -1.16
489.279 -1.161
489.395 -1.162
489.511 -1.163
489.627 -1.164
489.743 -1.165
489.859 -1.166
489.975 -1.167
490.092 -1.168
490.209 -1.169
490.325 -1.17
490.442 -1.171
490.56 -1.172
490.677 -1.173
490.794 -1.174
490.912 -1.175
491.03 -1.176
491.148 -1.177
491.266 -1.178
491.384 -1.179
491.502 -1.18
491.621 -1.181
491.739 -1.182
491.858 -1.183
491.977 -1.184
492.096 -1.185
492.216 -1.186
492.335 -1.187
492.455 -1.188
492.574 -1.189
492.694 -1.19
492.814 -1.191
492.935 -1.192
493.055 -1.193
493.176 -1.194
493.296 -1.195
493.417 -1.196
493.538 -1.197
493.659 -1.198
493.78 -1.199
493.901 -1.2
