6.9917 -0.001
13.9704 -0.002
20.9358 -0.003
27.8877 -0.004
34.826 -0.005
41.7504 -0.006
48.6607 -0.007
55.5566 -0.008
62.4379 -0.009
69.3044 -0.01
76.1558 -0.011
82.9917 -0.012
89.812 -0.013
96.6163 -0.014
103.404 -0.015
110.176 -0.016
116.93 -0.017
123.667 -0.018
130.387 -0.019
137.088 -0.02
143.772 -0.021
150.436 -0.022
157.081 -0.023
163.706 -0.024
170.311 -0.025
176.896 -0.026
183.459 -0.027
189.992 -0.028
196.234 -0.029
201.828 -0.03
206.233 -0.031
210.09 -0.032
213.798 -0.033
217.275 -0.034
220.515 -0.035
223.342 -0.036
226.054 -0.037
228.742 -0.038
231.404 -0.039
234.045 -0.04
236.665 -0.041
239.266 -0.042
241.854 -0.043
244.43 -0.044
246.997 -0.045
249.557 -0.046
252.108 -0.047
254.602 -0.048
256.904 -0.049
258.855 -0.05
260.173 -0.051
261.253 -0.052
262.327 -0.053
263.409 -0.054
264.491 -0.055
265.572 -0.056
266.65 -0.057
267.729 -0.058
268.81 -0.059
269.888 -0.06
270.962 -0.061
272.032 -0.062
273.097 -0.063
274.158 -0.064
275.214 -0.065
276.265 -0.066
277.311 -0.067
278.351 -0.068
279.386 -0.069
280.415 -0.07
281.439 -0.071
282.459 -0.072
283.474 -0.073
284.486 -0.074
285.493 -0.075
286.495 -0.076
287.492 -0.077
288.484 -0.078
289.472 -0.079
290.455 -0.08
291.435 -0.081
292.411 -0.082
293.383 -0.083
294.352 -0.084
295.319 -0.085
296.284 -0.086
297.246 -0.087
298.206 -0.088
299.163 -0.089
300.118 -0.09
301.071 -0.091
302.02 -0.092
302.96 -0.093
303.891 -0.094
304.811 -0.095
305.703 -0.096
306.56 -0.097
307.389 -0.098
308.181 -0.099
308.91 -0.1
309.593 -0.101
310.223 -0.102
310.799 -0.103
311.345 -0.104
311.835 -0.105
312.253 -0.106
312.61 -0.107
312.897 -0.108
313.093 -0.109
313.271 -0.11
313.445 -0.111
313.617 -0.112
313.788 -0.113
313.956 -0.114
314.123 -0.115
314.288 -0.116
314.451 -0.117
314.614 -0.118
314.775 -0.119
314.933 -0.12
315.089 -0.121
315.243 -0.122
315.396 -0.123
315.547 -0.124
315.696 -0.125
315.844 -0.126
315.991 -0.127
316.135 -0.128
316.278 -0.129
316.419 -0.13
316.558 -0.131
316.695 -0.132
316.831 -0.133
316.966 -0.134
317.098 -0.135
317.23 -0.136
317.361 -0.137
317.49 -0.138
317.616 -0.139
317.742 -0.14
317.867 -0.141
317.987 -0.142
318.105 -0.143
318.223 -0.144
318.339 -0.145
318.449 -0.146
318.559 -0.147
318.668 -0.148
318.776 -0.149
318.882 -0.15
318.986 -0.151
319.089 -0.152
319.187 -0.153
319.286 -0.154
319.384 -0.155
319.48 -0.156
319.575 -0.157
319.667 -0.158
319.758 -0.159
319.849 -0.16
319.939 -0.161
320.03 -0.162
320.119 -0.163
320.206 -0.164
320.291 -0.165
320.377 -0.166
320.463 -0.167
320.549 -0.168
320.634 -0.169
320.719 -0.17
320.801 -0.171
320.883 -0.172
320.964 -0.173
321.045 -0.174
321.122 -0.175
321.199 -0.176
321.275 -0.177
321.351 -0.178
321.426 -0.179
321.501 -0.18
321.573 -0.181
321.643 -0.182
321.714 -0.183
321.783 -0.184
321.853 -0.185
321.923 -0.186
321.991 -0.187
322.057 -0.188
322.122 -0.189
322.188 -0.19
322.254 -0.191
322.319 -0.192
322.385 -0.193
322.447 -0.194
322.509 -0.195
322.57 -0.196
322.631 -0.197
322.692 -0.198
322.753 -0.199
322.813 -0.2
322.874 -0.201
322.934 -0.202
322.994 -0.203
323.053 -0.204
323.113 -0.205
323.173 -0.206
323.232 -0.207
323.291 -0.208
323.349 -0.209
323.408 -0.21
323.466 -0.211
323.524 -0.212
323.582 -0.213
323.64 -0.214
323.697 -0.215
323.754 -0.216
323.812 -0.217
323.869 -0.218
323.925 -0.219
323.982 -0.22
324.038 -0.221
324.094 -0.222
324.15 -0.223
324.206 -0.224
324.261 -0.225
324.316 -0.226
324.37 -0.227
324.424 -0.228
324.478 -0.229
324.532 -0.23
324.586 -0.231
324.64 -0.232
324.693 -0.233
324.746 -0.234
324.799 -0.235
324.852 -0.236
324.904 -0.237
324.957 -0.238
325.009 -0.239
325.062 -0.24
325.114 -0.241
325.166 -0.242
325.217 -0.243
325.268 -0.244
325.319 -0.245
325.37 -0.246
325.421 -0.247
325.472 -0.248
325.523 -0.249
325.573 -0.25
325.622 -0.251
325.672 -0.252
325.721 -0.253
325.771 -0.254
325.82 -0.255
325.869 -0.256
325.918 -0.257
325.967 -0.258
326.016 -0.259
326.065 -0.26
326.113 -0.261
326.162 -0.262
326.211 -0.263
326.259 -0.264
326.307 -0.265
326.356 -0.266
326.404 -0.267
326.452 -0.268
326.5 -0.269
326.547 -0.27
326.595 -0.271
326.643 -0.272
326.69 -0.273
326.737 -0.274
326.785 -0.275
326.832 -0.276
326.879 -0.277
326.926 -0.278
326.973 -0.279
327.02 -0.28
327.067 -0.281
327.114 -0.282
327.161 -0.283
327.208 -0.284
327.254 -0.285
327.301 -0.286
327.347 -0.287
327.393 -0.288
327.44 -0.289
327.486 -0.29
327.532 -0.291
327.578 -0.292
327.624 -0.293
327.669 -0.294
327.715 -0.295
327.761 -0.296
327.806 -0.297
327.852 -0.298
327.897 -0.299
327.942 -0.3
327.987 -0.301
328.032 -0.302
328.077 -0.303
328.122 -0.304
328.166 -0.305
328.211 -0.306
328.256 -0.307
328.3 -0.308
328.345 -0.309
328.389 -0.31
328.433 -0.311
328.478 -0.312
328.522 -0.313
328.566 -0.314
328.61 -0.315
328.653 -0.316
328.697 -0.317
328.741 -0.318
328.785 -0.319
328.828 -0.32
328.872 -0.321
328.916 -0.322
328.959 -0.323
329.002 -0.324
329.046 -0.325
329.089 -0.326
329.132 -0.327
329.174 -0.328
329.217 -0.329
329.26 -0.33
329.302 -0.331
329.345 -0.332
329.387 -0.333
329.429 -0.334
329.471 -0.335
329.513 -0.336
329.555 -0.337
329.597 -0.338
329.639 -0.339
329.681 -0.34
329.722 -0.341
329.764 -0.342
329.805 -0.343
329.847 -0.344
329.888 -0.345
329.93 -0.346
329.971 -0.347
330.013 -0.348
330.054 -0.349
330.096 -0.35
330.137 -0.351
330.178 -0.352
330.22 -0.353
330.261 -0.354
330.302 -0.355
330.344 -0.356
330.385 -0.357
330.425 -0.358
330.466 -0.359
330.507 -0.36
330.548 -0.361
330.589 -0.362
330.63 -0.363
330.671 -0.364
330.712 -0.365
330.753 -0.366
330.794 -0.367
330.835 -0.368
330.876 -0.369
330.917 -0.37
330.958 -0.371
330.999 -0.372
331.04 -0.373
331.081 -0.374
331.122 -0.375
331.163 -0.376
331.204 -0.377
331.245 -0.378
331.286 -0.379
331.326 -0.38
331.367 -0.381
331.408 -0.382
331.45 -0.383
331.491 -0.384
331.532 -0.385
331.573 -0.386
331.614 -0.387
331.655 -0.388
331.697 -0.389
331.738 -0.39
331.779 -0.391
331.82 -0.392
331.862 -0.393
331.903 -0.394
331.944 -0.395
331.985 -0.396
332.026 -0.397
332.068 -0.398
332.109 -0.399
332.15 -0.4
332.191 -0.401
332.233 -0.402
332.274 -0.403
332.316 -0.404
332.357 -0.405
332.399 -0.406
332.44 -0.407
332.482 -0.408
332.523 -0.409
332.565 -0.41
332.606 -0.411
332.647 -0.412
332.689 -0.413
332.73 -0.414
332.772 -0.415
332.813 -0.416
332.854 -0.417
332.896 -0.418
332.937 -0.419
332.978 -0.42
333.019 -0.421
333.06 -0.422
333.101 -0.423
333.142 -0.424
333.183 -0.425
333.224 -0.426
333.265 -0.427
333.306 -0.428
333.347 -0.429
333.388 -0.43
333.429 -0.431
333.47 -0.432
333.511 -0.433
333.552 -0.434
333.592 -0.435
333.633 -0.436
333.674 -0.437
333.714 -0.438
333.755 -0.439
333.795 -0.44
333.836 -0.441
333.876 -0.442
333.917 -0.443
333.957 -0.444
333.997 -0.445
334.037 -0.446
334.077 -0.447
334.117 -0.448
334.156 -0.449
334.196 -0.45
334.235 -0.451
334.275 -0.452
334.314 -0.453
334.353 -0.454
334.391 -0.455
334.43 -0.456
334.47 -0.457
334.509 -0.458
334.547 -0.459
334.586 -0.46
334.624 -0.461
334.663 -0.462
334.702 -0.463
334.741 -0.464
334.78 -0.465
334.818 -0.466
334.856 -0.467
334.895 -0.468
334.933 -0.469
334.971 -0.47
335.01 -0.471
335.048 -0.472
335.086 -0.473
335.124 -0.474
335.163 -0.475
335.201 -0.476
335.24 -0.477
335.278 -0.478
335.316 -0.479
335.354 -0.48
335.393 -0.481
335.431 -0.482
335.47 -0.483
335.508 -0.484
335.547 -0.485
335.586 -0.486
335.625 -0.487
335.663 -0.488
335.702 -0.489
335.741 -0.49
335.78 -0.491
335.819 -0.492
335.858 -0.493
335.898 -0.494
335.938 -0.495
335.977 -0.496
336.017 -0.497
336.057 -0.498
336.096 -0.499
336.137 -0.5
336.177 -0.501
336.217 -0.502
336.258 -0.503
336.298 -0.504
336.339 -0.505
336.38 -0.506
336.421 -0.507
336.461 -0.508
336.502 -0.509
336.543 -0.51
336.584 -0.511
336.626 -0.512
336.667 -0.513
336.708 -0.514
336.749 -0.515
336.791 -0.516
336.832 -0.517
336.874 -0.518
336.915 -0.519
336.957 -0.52
336.998 -0.521
337.04 -0.522
337.081 -0.523
337.123 -0.524
337.165 -0.525
337.206 -0.526
337.248 -0.527
337.29 -0.528
337.332 -0.529
337.374 -0.53
337.416 -0.531
337.458 -0.532
337.5 -0.533
337.542 -0.534
337.584 -0.535
337.626 -0.536
337.668 -0.537
337.71 -0.538
337.753 -0.539
337.795 -0.54
337.837 -0.541
337.88 -0.542
337.922 -0.543
337.965 -0.544
338.007 -0.545
338.05 -0.546
338.092 -0.547
338.135 -0.548
338.178 -0.549
338.221 -0.55
338.263 -0.551
338.306 -0.552
338.349 -0.553
338.392 -0.554
338.435 -0.555
338.478 -0.556
338.521 -0.557
338.564 -0.558
338.607 -0.559
338.65 -0.56
338.693 -0.561
338.736 -0.562
338.779 -0.563
338.822 -0.564
338.865 -0.565
338.908 -0.566
338.951 -0.567
338.994 -0.568
339.037 -0.569
339.081 -0.57
339.124 -0.571
339.167 -0.572
339.21 -0.573
339.254 -0.574
339.297 -0.575
339.34 -0.576
339.384 -0.577
339.427 -0.578
339.471 -0.579
339.514 -0.58
339.558 -0.581
339.602 -0.582
339.646 -0.583
339.689 -0.584
339.733 -0.585
339.777 -0.586
339.821 -0.587
339.865 -0.588
339.909 -0.589
339.953 -0.59
339.997 -0.591
340.041 -0.592
340.085 -0.593
340.129 -0.594
340.174 -0.595
340.218 -0.596
340.262 -0.597
340.306 -0.598
340.351 -0.599
340.395 -0.6
340.44 -0.601
340.484 -0.602
340.529 -0.603
340.573 -0.604
340.618 -0.605
340.662 -0.606
340.707 -0.607
340.751 -0.608
340.796 -0.609
340.841 -0.61
340.886 -0.611
340.93 -0.612
340.975 -0.613
341.02 -0.614
341.065 -0.615
341.109 -0.616
341.154 -0.617
341.199 -0.618
341.244 -0.619
341.289 -0.62
341.334 -0.621
341.379 -0.622
341.423 -0.623
341.468 -0.624
341.513 -0.625
341.558 -0.626
341.603 -0.627
341.648 -0.628
341.692 -0.629
341.737 -0.63
341.782 -0.631
341.826 -0.632
341.871 -0.633
341.915 -0.634
341.96 -0.635
342.004 -0.636
342.048 -0.637
342.091 -0.638
342.135 -0.639
342.178 -0.64
342.221 -0.641
342.264 -0.642
342.306 -0.643
342.347 -0.644
342.388 -0.645
342.427 -0.646
342.464 -0.647
342.498 -0.648
342.528 -0.649
342.554 -0.65
342.574 -0.651
342.587 -0.652
342.591 -0.653
342.585 -0.654
342.566 -0.655
342.538 -0.656
342.504 -0.657
342.469 -0.658
342.441 -0.659
342.419 -0.66
342.4 -0.661
342.382 -0.662
342.369 -0.663
342.37 -0.664
342.373 -0.665
342.393 -0.666
342.415 -0.667
342.438 -0.668
342.46 -0.669
342.483 -0.67
342.506 -0.671
342.528 -0.672
342.551 -0.673
342.574 -0.674
342.598 -0.675
342.621 -0.676
342.644 -0.677
342.668 -0.678
342.691 -0.679
342.715 -0.68
342.739 -0.681
342.762 -0.682
342.786 -0.683
342.809 -0.684
342.832 -0.685
342.855 -0.686
342.878 -0.687
342.901 -0.688
342.924 -0.689
342.947 -0.69
342.97 -0.691
342.993 -0.692
343.016 -0.693
343.046 -0.694
343.078 -0.695
343.119 -0.696
343.161 -0.697
343.207 -0.698
343.253 -0.699
343.302 -0.7
343.352 -0.701
343.403 -0.702
343.454 -0.703
343.507 -0.704
343.559 -0.705
343.612 -0.706
343.666 -0.707
343.721 -0.708
343.778 -0.709
343.835 -0.71
343.894 -0.711
343.955 -0.712
344.016 -0.713
344.078 -0.714
344.14 -0.715
344.203 -0.716
344.265 -0.717
344.328 -0.718
344.391 -0.719
344.453 -0.72
344.516 -0.721
344.579 -0.722
344.642 -0.723
344.705 -0.724
344.768 -0.725
344.831 -0.726
344.894 -0.727
344.957 -0.728
345.021 -0.729
345.084 -0.73
345.147 -0.731
345.21 -0.732
345.273 -0.733
345.337 -0.734
345.4 -0.735
345.464 -0.736
345.527 -0.737
345.591 -0.738
345.654 -0.739
345.717 -0.74
345.781 -0.741
345.844 -0.742
345.908 -0.743
345.972 -0.744
346.036 -0.745
346.101 -0.746
346.166 -0.747
346.231 -0.748
346.296 -0.749
346.362 -0.75
346.428 -0.751
346.494 -0.752
346.56 -0.753
346.626 -0.754
346.692 -0.755
346.759 -0.756
346.826 -0.757
346.893 -0.758
346.96 -0.759
347.027 -0.76
347.094 -0.761
347.161 -0.762
347.228 -0.763
347.295 -0.764
347.361 -0.765
347.428 -0.766
347.494 -0.767
347.559 -0.768
347.624 -0.769
347.69 -0.77
347.754 -0.771
347.818 -0.772
347.882 -0.773
347.946 -0.774
348.009 -0.775
348.071 -0.776
348.134 -0.777
348.196 -0.778
348.258 -0.779
348.32 -0.78
348.382 -0.781
348.445 -0.782
348.508 -0.783
348.571 -0.784
348.634 -0.785
348.697 -0.786
348.76 -0.787
348.823 -0.788
348.887 -0.789
348.95 -0.79
349.014 -0.791
349.078 -0.792
349.141 -0.793
349.205 -0.794
349.269 -0.795
349.333 -0.796
349.398 -0.797
349.462 -0.798
349.527 -0.799
349.591 -0.8
349.656 -0.801
349.721 -0.802
349.785 -0.803
349.85 -0.804
349.916 -0.805
349.981 -0.806
350.046 -0.807
350.111 -0.808
350.177 -0.809
350.242 -0.81
350.308 -0.811
350.374 -0.812
350.44 -0.813
350.506 -0.814
350.572 -0.815
350.639 -0.816
350.706 -0.817
350.773 -0.818
350.84 -0.819
350.907 -0.82
350.975 -0.821
351.042 -0.822
351.11 -0.823
351.177 -0.824
351.245 -0.825
351.313 -0.826
351.381 -0.827
351.449 -0.828
351.517 -0.829
351.585 -0.83
351.654 -0.831
351.722 -0.832
351.791 -0.833
351.86 -0.834
351.929 -0.835
351.997 -0.836
352.067 -0.837
352.136 -0.838
352.205 -0.839
352.274 -0.84
352.343 -0.841
352.413 -0.842
352.482 -0.843
352.552 -0.844
352.621 -0.845
352.691 -0.846
352.761 -0.847
352.831 -0.848
352.9 -0.849
352.971 -0.85
353.041 -0.851
353.111 -0.852
353.181 -0.853
353.251 -0.854
353.321 -0.855
353.392 -0.856
353.463 -0.857
353.535 -0.858
353.607 -0.859
353.679 -0.86
353.751 -0.861
353.823 -0.862
353.896 -0.863
353.969 -0.864
354.042 -0.865
354.115 -0.866
354.188 -0.867
354.262 -0.868
354.335 -0.869
354.409 -0.87
354.483 -0.871
354.557 -0.872
354.631 -0.873
354.706 -0.874
354.78 -0.875
354.855 -0.876
354.93 -0.877
355.005 -0.878
355.08 -0.879
355.156 -0.88
355.232 -0.881
355.308 -0.882
355.384 -0.883
355.46 -0.884
355.536 -0.885
355.613 -0.886
355.689 -0.887
355.766 -0.888
355.843 -0.889
355.92 -0.89
355.996 -0.891
356.069 -0.892
356.129 -0.893
356.172 -0.894
356.207 -0.895
356.242 -0.896
356.277 -0.897
356.321 -0.898
356.372 -0.899
356.427 -0.9
