5.70006 -0.001
11.3969 -0.002
17.0904 -0.003
22.7806 -0.004
28.4675 -0.005
34.1511 -0.006
39.8314 -0.007
45.5083 -0.008
51.1819 -0.009
56.8521 -0.01
62.5188 -0.011
68.1822 -0.012
73.8422 -0.013
79.4987 -0.014
85.1517 -0.015
90.8012 -0.016
96.4473 -0.017
102.09 -0.018
107.729 -0.019
113.364 -0.02
118.996 -0.021
124.625 -0.022
130.249 -0.023
135.87 -0.024
141.488 -0.025
147.102 -0.026
152.712 -0.027
158.318 -0.028
163.921 -0.029
169.52 -0.03
175.116 -0.031
180.707 -0.032
186.295 -0.033
191.879 -0.034
197.459 -0.035
203.035 -0.036
208.608 -0.037
214.176 -0.038
219.741 -0.039
225.302 -0.04
230.858 -0.041
236.411 -0.042
241.958 -0.043
247.415 -0.044
252.593 -0.045
257.23 -0.046
261.719 -0.047
266.156 -0.048
270.514 -0.049
274.743 -0.05
278.752 -0.051
282.703 -0.052
286.494 -0.053
289.966 -0.054
292.931 -0.055
295.108 -0.056
296.673 -0.057
298.226 -0.058
299.763 -0.059
301.27 -0.06
302.725 -0.061
304.134 -0.062
305.427 -0.063
306.661 -0.064
307.718 -0.065
308.685 -0.066
309.428 -0.067
309.874 -0.068
310.128 -0.069
310.366 -0.07
310.593 -0.071
310.815 -0.072
311.035 -0.073
311.252 -0.074
311.469 -0.075
311.686 -0.076
311.903 -0.077
312.12 -0.078
312.336 -0.079
312.551 -0.08
312.764 -0.081
312.975 -0.082
313.185 -0.083
313.392 -0.084
313.594 -0.085
313.792 -0.086
313.987 -0.087
314.179 -0.088
314.368 -0.089
314.553 -0.09
314.734 -0.091
314.911 -0.092
315.085 -0.093
315.254 -0.094
315.42 -0.095
315.582 -0.096
315.74 -0.097
315.893 -0.098
316.043 -0.099
316.189 -0.1
316.33 -0.101
316.466 -0.102
316.598 -0.103
316.727 -0.104
316.855 -0.105
316.98 -0.106
317.102 -0.107
317.222 -0.108
317.342 -0.109
317.461 -0.11
317.579 -0.111
317.695 -0.112
317.812 -0.113
317.927 -0.114
318.041 -0.115
318.155 -0.116
318.268 -0.117
318.38 -0.118
318.492 -0.119
318.603 -0.12
318.712 -0.121
318.82 -0.122
318.928 -0.123
319.034 -0.124
319.139 -0.125
319.244 -0.126
319.348 -0.127
319.452 -0.128
319.554 -0.129
319.656 -0.13
319.757 -0.131
319.857 -0.132
319.956 -0.133
320.055 -0.134
320.154 -0.135
320.251 -0.136
320.347 -0.137
320.443 -0.138
320.538 -0.139
320.632 -0.14
320.726 -0.141
320.819 -0.142
320.912 -0.143
321.003 -0.144
321.094 -0.145
321.185 -0.146
321.275 -0.147
321.364 -0.148
321.453 -0.149
321.542 -0.15
321.629 -0.151
321.714 -0.152
321.8 -0.153
321.885 -0.154
321.968 -0.155
322.05 -0.156
322.133 -0.157
322.215 -0.158
322.297 -0.159
322.378 -0.16
322.459 -0.161
322.539 -0.162
322.619 -0.163
322.697 -0.164
322.775 -0.165
322.854 -0.166
322.931 -0.167
323.007 -0.168
323.083 -0.169
323.159 -0.17
323.234 -0.171
323.309 -0.172
323.383 -0.173
323.458 -0.174
323.532 -0.175
323.605 -0.176
323.678 -0.177
323.751 -0.178
323.824 -0.179
323.897 -0.18
323.969 -0.181
324.04 -0.182
324.111 -0.183
324.181 -0.184
324.252 -0.185
324.322 -0.186
324.391 -0.187
324.46 -0.188
324.528 -0.189
324.596 -0.19
324.664 -0.191
324.731 -0.192
324.798 -0.193
324.865 -0.194
324.932 -0.195
324.998 -0.196
325.064 -0.197
325.13 -0.198
325.195 -0.199
325.26 -0.2
325.326 -0.201
325.391 -0.202
325.455 -0.203
325.519 -0.204
325.582 -0.205
325.645 -0.206
325.708 -0.207
325.771 -0.208
325.833 -0.209
325.895 -0.21
325.956 -0.211
326.016 -0.212
326.077 -0.213
326.138 -0.214
326.198 -0.215
326.258 -0.216
326.318 -0.217
326.378 -0.218
326.438 -0.219
326.497 -0.22
326.556 -0.221
326.614 -0.222
326.672 -0.223
326.73 -0.224
326.788 -0.225
326.845 -0.226
326.903 -0.227
326.96 -0.228
327.016 -0.229
327.072 -0.23
327.128 -0.231
327.184 -0.232
327.24 -0.233
327.295 -0.234
327.351 -0.235
327.406 -0.236
327.46 -0.237
327.514 -0.238
327.569 -0.239
327.622 -0.24
327.676 -0.241
327.73 -0.242
327.783 -0.243
327.837 -0.244
327.891 -0.245
327.944 -0.246
327.998 -0.247
328.051 -0.248
328.104 -0.249
328.156 -0.25
328.209 -0.251
328.262 -0.252
328.315 -0.253
328.368 -0.254
328.42 -0.255
328.473 -0.256
328.525 -0.257
328.577 -0.258
328.629 -0.259
328.681 -0.26
328.732 -0.261
328.784 -0.262
328.836 -0.263
328.888 -0.264
328.94 -0.265
328.991 -0.266
329.043 -0.267
329.095 -0.268
329.147 -0.269
329.198 -0.27
329.25 -0.271
329.301 -0.272
329.353 -0.273
329.404 -0.274
329.456 -0.275
329.507 -0.276
329.559 -0.277
329.61 -0.278
329.661 -0.279
329.713 -0.28
329.764 -0.281
329.815 -0.282
329.866 -0.283
329.917 -0.284
329.968 -0.285
330.02 -0.286
330.071 -0.287
330.122 -0.288
330.173 -0.289
330.224 -0.29
330.275 -0.291
330.326 -0.292
330.376 -0.293
330.427 -0.294
330.478 -0.295
330.529 -0.296
330.58 -0.297
330.63 -0.298
330.681 -0.299
330.732 -0.3
330.782 -0.301
330.833 -0.302
330.883 -0.303
330.934 -0.304
330.984 -0.305
331.035 -0.306
331.085 -0.307
331.135 -0.308
331.186 -0.309
331.236 -0.31
331.286 -0.311
331.337 -0.312
331.387 -0.313
331.437 -0.314
331.487 -0.315
331.537 -0.316
331.587 -0.317
331.637 -0.318
331.687 -0.319
331.737 -0.32
331.787 -0.321
331.837 -0.322
331.887 -0.323
331.937 -0.324
331.987 -0.325
332.036 -0.326
332.086 -0.327
332.136 -0.328
332.186 -0.329
332.235 -0.33
332.285 -0.331
332.334 -0.332
332.384 -0.333
332.433 -0.334
332.483 -0.335
332.532 -0.336
332.582 -0.337
332.631 -0.338
332.681 -0.339
332.73 -0.34
332.779 -0.341
332.829 -0.342
332.878 -0.343
332.927 -0.344
332.976 -0.345
333.025 -0.346
333.075 -0.347
333.124 -0.348
333.173 -0.349
333.222 -0.35
333.271 -0.351
333.32 -0.352
333.369 -0.353
333.417 -0.354
333.466 -0.355
333.515 -0.356
333.564 -0.357
333.613 -0.358
333.661 -0.359
333.71 -0.36
333.759 -0.361
333.807 -0.362
333.856 -0.363
333.905 -0.364
333.953 -0.365
334.002 -0.366
334.05 -0.367
334.099 -0.368
334.147 -0.369
334.196 -0.37
334.244 -0.371
334.292 -0.372
334.341 -0.373
334.389 -0.374
334.437 -0.375
334.486 -0.376
334.534 -0.377
334.582 -0.378
334.63 -0.379
334.678 -0.38
334.727 -0.381
334.775 -0.382
334.823 -0.383
334.871 -0.384
334.919 -0.385
334.967 -0.386
335.015 -0.387
335.063 -0.388
335.111 -0.389
335.158 -0.39
335.206 -0.391
335.254 -0.392
335.302 -0.393
335.35 -0.394
335.398 -0.395
335.445 -0.396
335.493 -0.397
335.541 -0.398
335.588 -0.399
335.636 -0.4
335.684 -0.401
335.731 -0.402
335.779 -0.403
335.826 -0.404
335.874 -0.405
335.921 -0.406
335.969 -0.407
336.016 -0.408
336.064 -0.409
336.111 -0.41
336.159 -0.411
336.206 -0.412
336.253 -0.413
336.301 -0.414
336.348 -0.415
336.395 -0.416
336.443 -0.417
336.49 -0.418
336.537 -0.419
336.584 -0.42
336.632 -0.421
336.679 -0.422
336.726 -0.423
336.773 -0.424
336.82 -0.425
336.867 -0.426
336.914 -0.427
336.962 -0.428
337.009 -0.429
337.056 -0.43
337.103 -0.431
337.15 -0.432
337.197 -0.433
337.244 -0.434
337.291 -0.435
337.338 -0.436
337.385 -0.437
337.432 -0.438
337.478 -0.439
337.525 -0.44
337.572 -0.441
337.619 -0.442
337.666 -0.443
337.713 -0.444
337.76 -0.445
337.807 -0.446
337.853 -0.447
337.9 -0.448
337.947 -0.449
337.994 -0.45
338.041 -0.451
338.087 -0.452
338.134 -0.453
338.181 -0.454
338.228 -0.455
338.275 -0.456
338.321 -0.457
338.368 -0.458
338.415 -0.459
338.461 -0.46
338.508 -0.461
338.555 -0.462
338.601 -0.463
338.648 -0.464
338.695 -0.465
338.741 -0.466
338.788 -0.467
338.835 -0.468
338.881 -0.469
338.928 -0.47
338.975 -0.471
339.021 -0.472
339.068 -0.473
339.114 -0.474
339.161 -0.475
339.208 -0.476
339.254 -0.477
339.301 -0.478
339.348 -0.479
339.394 -0.48
339.441 -0.481
339.487 -0.482
339.534 -0.483
339.581 -0.484
339.627 -0.485
339.674 -0.486
339.72 -0.487
339.767 -0.488
339.813 -0.489
339.86 -0.49
339.907 -0.491
339.953 -0.492
340 -0.493
340.046 -0.494
340.093 -0.495
340.14 -0.496
340.186 -0.497
340.233 -0.498
340.279 -0.499
340.326 -0.5
340.373 -0.501
340.419 -0.502
340.466 -0.503
340.512 -0.504
340.559 -0.505
340.606 -0.506
340.652 -0.507
340.699 -0.508
340.745 -0.509
340.792 -0.51
340.839 -0.511
340.885 -0.512
340.932 -0.513
340.978 -0.514
341.025 -0.515
341.072 -0.516
341.118 -0.517
341.165 -0.518
341.212 -0.519
341.258 -0.52
341.305 -0.521
341.351 -0.522
341.398 -0.523
341.445 -0.524
341.491 -0.525
341.538 -0.526
341.585 -0.527
341.631 -0.528
341.678 -0.529
341.725 -0.53
341.772 -0.531
341.818 -0.532
341.865 -0.533
341.912 -0.534
341.958 -0.535
342.005 -0.536
342.052 -0.537
342.099 -0.538
342.145 -0.539
342.192 -0.54
342.239 -0.541
342.286 -0.542
342.332 -0.543
342.379 -0.544
342.426 -0.545
342.473 -0.546
342.52 -0.547
342.566 -0.548
342.613 -0.549
342.66 -0.55
342.707 -0.551
342.754 -0.552
342.801 -0.553
342.847 -0.554
342.894 -0.555
342.941 -0.556
342.988 -0.557
343.035 -0.558
343.082 -0.559
343.129 -0.56
343.176 -0.561
343.223 -0.562
343.27 -0.563
343.317 -0.564
343.364 -0.565
343.41 -0.566
343.457 -0.567
343.504 -0.568
343.551 -0.569
343.598 -0.57
343.645 -0.571
343.692 -0.572
343.739 -0.573
343.787 -0.574
343.834 -0.575
343.881 -0.576
343.928 -0.577
343.975 -0.578
344.022 -0.579
344.069 -0.58
344.116 -0.581
344.163 -0.582
344.21 -0.583
344.257 -0.584
344.305 -0.585
344.352 -0.586
344.399 -0.587
344.446 -0.588
344.493 -0.589
344.54 -0.59
344.588 -0.591
344.635 -0.592
344.682 -0.593
344.729 -0.594
344.776 -0.595
344.824 -0.596
344.871 -0.597
344.918 -0.598
344.965 -0.599
345.013 -0.6
345.06 -0.601
345.107 -0.602
345.155 -0.603
345.202 -0.604
345.249 -0.605
345.297 -0.606
345.344 -0.607
345.391 -0.608
345.439 -0.609
345.486 -0.61
345.533 -0.611
345.581 -0.612
345.628 -0.613
345.676 -0.614
345.723 -0.615
345.771 -0.616
345.818 -0.617
345.866 -0.618
345.913 -0.619
345.96 -0.62
346.008 -0.621
346.055 -0.622
346.103 -0.623
346.151 -0.624
346.198 -0.625
346.246 -0.626
346.293 -0.627
346.341 -0.628
346.388 -0.629
346.436 -0.63
346.483 -0.631
346.531 -0.632
346.579 -0.633
346.626 -0.634
346.674 -0.635
346.722 -0.636
346.769 -0.637
346.817 -0.638
346.865 -0.639
346.912 -0.64
346.96 -0.641
347.008 -0.642
347.056 -0.643
347.103 -0.644
347.151 -0.645
347.199 -0.646
347.247 -0.647
347.294 -0.648
347.342 -0.649
347.39 -0.65
347.438 -0.651
347.486 -0.652
347.534 -0.653
347.581 -0.654
347.629 -0.655
347.677 -0.656
347.725 -0.657
347.773 -0.658
347.821 -0.659
347.869 -0.66
347.917 -0.661
347.965 -0.662
348.013 -0.663
348.061 -0.664
348.109 -0.665
348.157 -0.666
348.205 -0.667
348.253 -0.668
348.301 -0.669
348.349 -0.67
348.397 -0.671
348.445 -0.672
348.493 -0.673
348.541 -0.674
348.589 -0.675
348.637 -0.676
348.685 -0.677
348.734 -0.678
348.782 -0.679
348.83 -0.68
348.878 -0.681
348.926 -0.682
348.975 -0.683
349.023 -0.684
349.071 -0.685
349.119 -0.686
349.167 -0.687
349.216 -0.688
349.264 -0.689
349.312 -0.69
349.361 -0.691
349.409 -0.692
349.457 -0.693
349.506 -0.694
349.554 -0.695
349.602 -0.696
349.651 -0.697
349.699 -0.698
349.748 -0.699
349.796 -0.7
349.844 -0.701
349.893 -0.702
349.941 -0.703
349.99 -0.704
350.038 -0.705
350.087 -0.706
350.135 -0.707
350.184 -0.708
350.232 -0.709
350.281 -0.71
350.33 -0.711
350.378 -0.712
350.427 -0.713
350.475 -0.714
350.524 -0.715
350.573 -0.716
350.621 -0.717
350.67 -0.718
350.719 -0.719
350.767 -0.72
350.816 -0.721
350.865 -0.722
350.913 -0.723
350.962 -0.724
351.011 -0.725
351.06 -0.726
351.109 -0.727
351.157 -0.728
351.206 -0.729
351.255 -0.73
351.304 -0.731
351.353 -0.732
351.402 -0.733
351.45 -0.734
351.499 -0.735
351.548 -0.736
351.597 -0.737
351.646 -0.738
351.695 -0.739
351.744 -0.74
351.793 -0.741
351.842 -0.742
351.891 -0.743
351.94 -0.744
351.989 -0.745
352.038 -0.746
352.087 -0.747
352.136 -0.748
352.185 -0.749
352.235 -0.75
352.284 -0.751
352.333 -0.752
352.382 -0.753
352.431 -0.754
352.48 -0.755
352.53 -0.756
352.579 -0.757
352.628 -0.758
352.677 -0.759
352.727 -0.76
352.776 -0.761
352.825 -0.762
352.874 -0.763
352.924 -0.764
352.973 -0.765
353.022 -0.766
353.072 -0.767
353.121 -0.768
353.171 -0.769
353.22 -0.77
353.269 -0.771
353.319 -0.772
353.368 -0.773
353.418 -0.774
353.467 -0.775
353.517 -0.776
353.566 -0.777
353.616 -0.778
353.665 -0.779
353.715 -0.78
353.765 -0.781
353.814 -0.782
353.864 -0.783
353.913 -0.784
353.963 -0.785
354.013 -0.786
354.062 -0.787
354.112 -0.788
354.162 -0.789
354.212 -0.79
354.261 -0.791
354.311 -0.792
354.361 -0.793
354.411 -0.794
354.46 -0.795
354.51 -0.796
354.56 -0.797
354.61 -0.798
354.66 -0.799
354.71 -0.8
354.76 -0.801
354.81 -0.802
354.859 -0.803
354.909 -0.804
354.959 -0.805
355.009 -0.806
355.059 -0.807
355.109 -0.808
355.159 -0.809
355.209 -0.81
355.26 -0.811
355.31 -0.812
355.36 -0.813
355.41 -0.814
355.46 -0.815
355.51 -0.816
355.56 -0.817
355.61 -0.818
355.661 -0.819
355.711 -0.82
355.761 -0.821
355.811 -0.822
355.862 -0.823
355.912 -0.824
355.962 -0.825
356.013 -0.826
356.063 -0.827
356.113 -0.828
356.164 -0.829
356.214 -0.83
356.264 -0.831
356.315 -0.832
356.365 -0.833
356.416 -0.834
356.466 -0.835
356.517 -0.836
356.567 -0.837
356.618 -0.838
356.668 -0.839
356.719 -0.84
356.769 -0.841
356.82 -0.842
356.871 -0.843
356.921 -0.844
356.972 -0.845
357.023 -0.846
357.073 -0.847
357.124 -0.848
357.175 -0.849
357.225 -0.85
357.276 -0.851
357.327 -0.852
357.378 -0.853
357.428 -0.854
357.479 -0.855
357.53 -0.856
357.581 -0.857
357.632 -0.858
357.683 -0.859
357.734 -0.86
357.785 -0.861
357.836 -0.862
357.887 -0.863
357.938 -0.864
357.989 -0.865
358.04 -0.866
358.091 -0.867
358.142 -0.868
358.193 -0.869
358.244 -0.87
358.295 -0.871
358.346 -0.872
358.397 -0.873
358.448 -0.874
358.5 -0.875
358.551 -0.876
358.602 -0.877
358.653 -0.878
358.705 -0.879
358.756 -0.88
358.807 -0.881
358.859 -0.882
358.91 -0.883
358.961 -0.884
359.013 -0.885
359.064 -0.886
359.115 -0.887
359.167 -0.888
359.218 -0.889
359.27 -0.89
359.321 -0.891
359.373 -0.892
359.424 -0.893
359.476 -0.894
359.527 -0.895
359.579 -0.896
359.631 -0.897
359.682 -0.898
359.734 -0.899
359.785 -0.9
359.837 -0.901
359.889 -0.902
359.941 -0.903
359.992 -0.904
360.044 -0.905
360.096 -0.906
360.148 -0.907
360.199 -0.908
360.251 -0.909
360.303 -0.91
360.355 -0.911
360.407 -0.912
360.459 -0.913
360.511 -0.914
360.563 -0.915
360.615 -0.916
360.667 -0.917
360.719 -0.918
360.771 -0.919
360.823 -0.92
360.875 -0.921
360.927 -0.922
360.979 -0.923
361.031 -0.924
361.083 -0.925
361.136 -0.926
361.188 -0.927
361.24 -0.928
361.292 -0.929
361.344 -0.93
361.397 -0.931
361.449 -0.932
361.501 -0.933
361.554 -0.934
361.606 -0.935
361.658 -0.936
361.711 -0.937
361.763 -0.938
361.816 -0.939
361.868 -0.94
361.921 -0.941
361.973 -0.942
362.026 -0.943
362.078 -0.944
362.131 -0.945
362.183 -0.946
362.236 -0.947
362.289 -0.948
362.341 -0.949
362.394 -0.95
362.447 -0.951
362.499 -0.952
362.552 -0.953
362.605 -0.954
362.658 -0.955
362.711 -0.956
362.763 -0.957
362.816 -0.958
362.869 -0.959
362.922 -0.96
362.975 -0.961
363.028 -0.962
363.081 -0.963
363.134 -0.964
363.187 -0.965
363.24 -0.966
363.293 -0.967
363.346 -0.968
363.399 -0.969
363.452 -0.97
363.505 -0.971
363.558 -0.972
363.611 -0.973
363.665 -0.974
363.718 -0.975
363.771 -0.976
363.824 -0.977
363.878 -0.978
363.931 -0.979
363.984 -0.98
364.038 -0.981
364.091 -0.982
364.144 -0.983
364.198 -0.984
364.251 -0.985
364.305 -0.986
364.358 -0.987
364.412 -0.988
364.465 -0.989
364.519 -0.99
364.572 -0.991
364.626 -0.992
364.679 -0.993
364.733 -0.994
364.787 -0.995
364.84 -0.996
364.894 -0.997
364.948 -0.998
365.002 -0.999
365.055 -1
365.109 -1.001
365.163 -1.002
365.217 -1.003
365.271 -1.004
365.324 -1.005
365.378 -1.006
365.432 -1.007
365.486 -1.008
365.54 -1.009
365.594 -1.01
365.648 -1.011
365.702 -1.012
365.756 -1.013
365.81 -1.014
365.864 -1.015
365.918 -1.016
365.972 -1.017
366.026 -1.018
366.08 -1.019
366.134 -1.02
366.189 -1.021
366.243 -1.022
366.297 -1.023
366.351 -1.024
366.406 -1.025
366.46 -1.026
366.514 -1.027
366.569 -1.028
366.623 -1.029
366.677 -1.03
366.732 -1.031
366.786 -1.032
366.841 -1.033
366.895 -1.034
366.95 -1.035
367.004 -1.036
367.059 -1.037
367.113 -1.038
367.168 -1.039
367.223 -1.04
367.277 -1.041
367.332 -1.042
367.387 -1.043
367.441 -1.044
367.496 -1.045
367.551 -1.046
367.606 -1.047
367.66 -1.048
367.715 -1.049
367.77 -1.05
367.825 -1.051
367.88 -1.052
367.935 -1.053
367.99 -1.054
368.045 -1.055
368.1 -1.056
368.155 -1.057
368.21 -1.058
368.265 -1.059
368.32 -1.06
368.375 -1.061
368.43 -1.062
368.486 -1.063
368.541 -1.064
368.596 -1.065
368.651 -1.066
368.707 -1.067
368.762 -1.068
368.817 -1.069
368.873 -1.07
368.928 -1.071
368.983 -1.072
369.039 -1.073
369.094 -1.074
369.15 -1.075
369.205 -1.076
369.261 -1.077
369.316 -1.078
369.372 -1.079
369.427 -1.08
369.483 -1.081
369.538 -1.082
369.594 -1.083
369.65 -1.084
369.705 -1.085
369.761 -1.086
369.817 -1.087
369.873 -1.088
369.928 -1.089
369.984 -1.09
370.04 -1.091
370.096 -1.092
370.152 -1.093
370.208 -1.094
370.264 -1.095
370.32 -1.096
370.376 -1.097
370.432 -1.098
370.488 -1.099
370.544 -1.1
370.6 -1.101
370.656 -1.102
370.712 -1.103
370.768 -1.104
370.825 -1.105
370.881 -1.106
370.937 -1.107
370.993 -1.108
371.05 -1.109
371.106 -1.11
371.162 -1.111
371.219 -1.112
371.275 -1.113
371.331 -1.114
371.387 -1.115
371.443 -1.116
371.499 -1.117
371.555 -1.118
371.612 -1.119
371.668 -1.12
371.724 -1.121
371.781 -1.122
371.837 -1.123
371.893 -1.124
371.95 -1.125
372.006 -1.126
372.063 -1.127
372.119 -1.128
372.176 -1.129
372.232 -1.13
372.289 -1.131
372.345 -1.132
372.402 -1.133
372.459 -1.134
372.515 -1.135
372.572 -1.136
372.629 -1.137
372.685 -1.138
372.742 -1.139
372.799 -1.14
372.856 -1.141
372.913 -1.142
372.969 -1.143
373.026 -1.144
373.083 -1.145
373.14 -1.146
373.197 -1.147
373.254 -1.148
373.311 -1.149
373.368 -1.15
373.425 -1.151
373.482 -1.152
373.539 -1.153
373.597 -1.154
373.654 -1.155
373.711 -1.156
373.768 -1.157
373.826 -1.158
373.883 -1.159
373.94 -1.16
373.997 -1.161
374.055 -1.162
374.112 -1.163
374.17 -1.164
374.227 -1.165
374.285 -1.166
374.342 -1.167
374.4 -1.168
374.457 -1.169
374.515 -1.17
374.572 -1.171
374.63 -1.172
374.688 -1.173
374.745 -1.174
374.803 -1.175
374.861 -1.176
374.918 -1.177
374.976 -1.178
375.034 -1.179
375.092 -1.18
375.15 -1.181
375.208 -1.182
375.266 -1.183
375.324 -1.184
375.382 -1.185
375.44 -1.186
375.498 -1.187
375.556 -1.188
375.614 -1.189
375.672 -1.19
375.73 -1.191
375.788 -1.192
375.847 -1.193
375.905 -1.194
375.963 -1.195
376.021 -1.196
376.079 -1.197
376.137 -1.198
376.195 -1.199
376.253 -1.2
376.311 -1.201
376.369 -1.202
376.428 -1.203
376.486 -1.204
376.544 -1.205
376.602 -1.206
376.661 -1.207
376.719 -1.208
376.777 -1.209
376.836 -1.21
376.894 -1.211
376.953 -1.212
377.011 -1.213
377.07 -1.214
377.128 -1.215
377.187 -1.216
377.245 -1.217
377.304 -1.218
377.363 -1.219
377.421 -1.22
377.48 -1.221
377.539 -1.222
377.598 -1.223
377.656 -1.224
377.715 -1.225
377.774 -1.226
377.833 -1.227
377.892 -1.228
377.951 -1.229
378.01 -1.23
378.069 -1.231
378.128 -1.232
378.187 -1.233
378.246 -1.234
378.305 -1.235
378.364 -1.236
378.423 -1.237
378.482 -1.238
378.542 -1.239
378.601 -1.24
378.66 -1.241
378.719 -1.242
378.779 -1.243
378.838 -1.244
378.897 -1.245
378.956 -1.246
379.016 -1.247
379.075 -1.248
379.135 -1.249
379.194 -1.25
379.254 -1.251
379.313 -1.252
379.373 -1.253
379.432 -1.254
379.492 -1.255
379.552 -1.256
379.611 -1.257
379.671 -1.258
379.731 -1.259
379.79 -1.26
379.85 -1.261
379.91 -1.262
379.97 -1.263
380.03 -1.264
380.09 -1.265
380.15 -1.266
380.209 -1.267
380.269 -1.268
380.328 -1.269
380.388 -1.27
380.447 -1.271
380.507 -1.272
380.566 -1.273
380.626 -1.274
380.685 -1.275
380.745 -1.276
380.805 -1.277
380.864 -1.278
380.924 -1.279
380.984 -1.28
381.044 -1.281
381.103 -1.282
381.163 -1.283
381.223 -1.284
381.283 -1.285
381.343 -1.286
381.403 -1.287
381.463 -1.288
381.523 -1.289
381.583 -1.29
381.643 -1.291
381.703 -1.292
381.763 -1.293
381.823 -1.294
381.883 -1.295
381.944 -1.296
382.004 -1.297
382.064 -1.298
382.124 -1.299
382.185 -1.3
