5.38268 -0.001
10.7454 -0.002
16.0883 -0.003
21.4114 -0.004
26.7146 -0.005
31.9981 -0.006
37.2619 -0.007
42.506 -0.008
47.7304 -0.009
52.9352 -0.01
58.1205 -0.011
63.2862 -0.012
68.4324 -0.013
73.5592 -0.014
78.6665 -0.015
83.7544 -0.016
88.8229 -0.017
93.872 -0.018
98.9019 -0.019
103.912 -0.02
108.904 -0.021
113.876 -0.022
118.829 -0.023
123.762 -0.024
128.677 -0.025
133.572 -0.026
138.448 -0.027
143.306 -0.028
148.144 -0.029
152.963 -0.03
157.762 -0.031
162.543 -0.032
167.305 -0.033
172.048 -0.034
176.772 -0.035
181.477 -0.036
186.163 -0.037
190.829 -0.038
195.477 -0.039
200.106 -0.04
204.716 -0.041
209.307 -0.042
213.879 -0.043
218.432 -0.044
222.965 -0.045
227.475 -0.046
231.91 -0.047
236.207 -0.048
240.329 -0.049
244.273 -0.05
247.956 -0.051
251.557 -0.052
255.135 -0.053
258.69 -0.054
262.221 -0.055
265.73 -0.056
269.174 -0.057
272.42 -0.058
275.379 -0.059
277.832 -0.06
279.96 -0.061
282.067 -0.062
284.159 -0.063
286.249 -0.064
288.327 -0.065
290.38 -0.066
292.415 -0.067
294.435 -0.068
296.44 -0.069
298.437 -0.07
300.415 -0.071
302.372 -0.072
304.313 -0.073
306.239 -0.074
308.147 -0.075
310.036 -0.076
311.907 -0.077
313.75 -0.078
315.566 -0.079
317.364 -0.08
319.119 -0.081
320.81 -0.082
322.463 -0.083
324.1 -0.084
325.724 -0.085
327.305 -0.086
328.773 -0.087
330.155 -0.088
331.508 -0.089
332.773 -0.09
333.981 -0.091
335.172 -0.092
336.346 -0.093
337.501 -0.094
338.634 -0.095
339.729 -0.096
340.758 -0.097
341.719 -0.098
342.656 -0.099
343.579 -0.1
344.491 -0.101
345.392 -0.102
346.282 -0.103
347.162 -0.104
348.031 -0.105
348.891 -0.106
349.739 -0.107
350.576 -0.108
351.402 -0.109
352.216 -0.11
353.02 -0.111
353.814 -0.112
354.599 -0.113
355.36 -0.114
356.094 -0.115
356.82 -0.116
357.525 -0.117
358.133 -0.118
358.73 -0.119
359.319 -0.12
359.899 -0.121
360.376 -0.122
360.773 -0.123
361.161 -0.124
361.537 -0.125
361.903 -0.126
362.228 -0.127
362.4 -0.128
362.563 -0.129
362.72 -0.13
362.806 -0.131
362.795 -0.132
362.775 -0.133
362.739 -0.134
362.69 -0.135
362.636 -0.136
362.576 -0.137
362.511 -0.138
362.441 -0.139
362.358 -0.14
362.264 -0.141
362.165 -0.142
362.062 -0.143
361.952 -0.144
361.836 -0.145
361.714 -0.146
361.589 -0.147
361.461 -0.148
361.331 -0.149
361.197 -0.15
361.06 -0.151
360.919 -0.152
360.776 -0.153
360.63 -0.154
360.481 -0.155
360.329 -0.156
360.175 -0.157
360.019 -0.158
359.861 -0.159
359.701 -0.16
359.539 -0.161
359.376 -0.162
359.209 -0.163
359.04 -0.164
358.869 -0.165
358.697 -0.166
358.524 -0.167
358.349 -0.168
358.173 -0.169
357.996 -0.17
357.817 -0.171
357.638 -0.172
357.457 -0.173
357.276 -0.174
357.093 -0.175
356.907 -0.176
356.717 -0.177
356.525 -0.178
356.332 -0.179
356.138 -0.18
355.943 -0.181
355.748 -0.182
355.552 -0.183
355.355 -0.184
355.157 -0.185
354.959 -0.186
354.76 -0.187
354.558 -0.188
354.353 -0.189
354.147 -0.19
353.941 -0.191
353.734 -0.192
353.527 -0.193
353.319 -0.194
353.111 -0.195
352.902 -0.196
352.69 -0.197
352.476 -0.198
352.261 -0.199
352.043 -0.2
351.825 -0.201
351.607 -0.202
351.389 -0.203
351.171 -0.204
350.953 -0.205
350.735 -0.206
350.517 -0.207
350.298 -0.208
350.075 -0.209
349.848 -0.21
349.62 -0.211
349.393 -0.212
349.165 -0.213
348.938 -0.214
348.71 -0.215
348.483 -0.216
348.256 -0.217
348.029 -0.218
347.803 -0.219
347.577 -0.22
347.351 -0.221
347.125 -0.222
346.9 -0.223
346.675 -0.224
346.45 -0.225
346.226 -0.226
346.001 -0.227
345.778 -0.228
345.555 -0.229
345.332 -0.23
345.109 -0.231
344.887 -0.232
344.666 -0.233
344.445 -0.234
344.224 -0.235
344.004 -0.236
343.784 -0.237
343.565 -0.238
343.346 -0.239
343.127 -0.24
342.909 -0.241
342.692 -0.242
342.475 -0.243
342.258 -0.244
342.042 -0.245
341.826 -0.246
341.611 -0.247
341.397 -0.248
341.184 -0.249
340.971 -0.25
340.759 -0.251
340.548 -0.252
340.337 -0.253
340.126 -0.254
339.912 -0.255
339.698 -0.256
339.483 -0.257
339.269 -0.258
339.056 -0.259
338.844 -0.26
338.632 -0.261
338.422 -0.262
338.212 -0.263
338.004 -0.264
337.796 -0.265
337.589 -0.266
337.384 -0.267
337.179 -0.268
336.976 -0.269
336.777 -0.27
336.579 -0.271
336.384 -0.272
336.191 -0.273
336.001 -0.274
335.812 -0.275
335.625 -0.276
335.438 -0.277
335.253 -0.278
335.068 -0.279
334.885 -0.28
334.703 -0.281
334.521 -0.282
334.341 -0.283
334.162 -0.284
333.984 -0.285
333.807 -0.286
333.632 -0.287
333.457 -0.288
333.284 -0.289
333.111 -0.29
332.94 -0.291
332.77 -0.292
332.601 -0.293
332.433 -0.294
332.266 -0.295
332.1 -0.296
331.934 -0.297
331.769 -0.298
331.605 -0.299
331.442 -0.3
331.281 -0.301
331.12 -0.302
330.961 -0.303
330.803 -0.304
330.646 -0.305
330.491 -0.306
330.337 -0.307
330.185 -0.308
330.034 -0.309
329.884 -0.31
329.736 -0.311
329.59 -0.312
329.444 -0.313
329.301 -0.314
329.158 -0.315
329.017 -0.316
328.877 -0.317
328.738 -0.318
328.599 -0.319
328.462 -0.32
328.328 -0.321
328.194 -0.322
328.062 -0.323
327.932 -0.324
327.802 -0.325
327.675 -0.326
327.551 -0.327
327.429 -0.328
327.31 -0.329
327.194 -0.33
327.074 -0.331
326.951 -0.332
326.829 -0.333
326.709 -0.334
326.59 -0.335
326.473 -0.336
326.356 -0.337
326.241 -0.338
326.128 -0.339
326.015 -0.34
325.904 -0.341
325.794 -0.342
325.684 -0.343
325.576 -0.344
325.47 -0.345
325.365 -0.346
325.26 -0.347
325.157 -0.348
325.055 -0.349
324.954 -0.35
324.855 -0.351
324.756 -0.352
324.659 -0.353
324.563 -0.354
324.468 -0.355
324.375 -0.356
324.282 -0.357
324.19 -0.358
324.1 -0.359
324.011 -0.36
323.923 -0.361
323.836 -0.362
323.751 -0.363
323.667 -0.364
323.584 -0.365
323.501 -0.366
323.421 -0.367
323.341 -0.368
323.264 -0.369
323.188 -0.37
323.112 -0.371
323.038 -0.372
322.966 -0.373
322.896 -0.374
322.827 -0.375
322.759 -0.376
322.692 -0.377
322.627 -0.378
322.563 -0.379
322.501 -0.38
322.44 -0.381
322.379 -0.382
322.319 -0.383
322.261 -0.384
322.204 -0.385
322.146 -0.386
322.09 -0.387
322.036 -0.388
321.98 -0.389
321.926 -0.39
321.873 -0.391
321.821 -0.392
321.768 -0.393
321.717 -0.394
321.667 -0.395
321.615 -0.396
321.565 -0.397
321.516 -0.398
321.467 -0.399
321.418 -0.4
321.37 -0.401
321.323 -0.402
321.277 -0.403
321.232 -0.404
321.189 -0.405
321.147 -0.406
321.107 -0.407
321.068 -0.408
321.031 -0.409
320.995 -0.41
320.961 -0.411
320.928 -0.412
320.898 -0.413
320.868 -0.414
320.84 -0.415
320.814 -0.416
320.789 -0.417
320.766 -0.418
320.744 -0.419
320.725 -0.42
320.707 -0.421
320.691 -0.422
320.676 -0.423
320.664 -0.424
320.653 -0.425
320.644 -0.426
320.637 -0.427
320.631 -0.428
320.628 -0.429
320.627 -0.43
320.627 -0.431
320.629 -0.432
320.633 -0.433
320.639 -0.434
320.647 -0.435
320.655 -0.436
320.664 -0.437
320.675 -0.438
320.684 -0.439
320.694 -0.44
320.703 -0.441
320.711 -0.442
320.719 -0.443
320.723 -0.444
320.726 -0.445
320.727 -0.446
320.725 -0.447
320.721 -0.448
320.717 -0.449
320.715 -0.45
320.713 -0.451
320.714 -0.452
320.716 -0.453
320.719 -0.454
320.724 -0.455
320.731 -0.456
320.739 -0.457
320.749 -0.458
320.759 -0.459
320.769 -0.46
320.78 -0.461
320.791 -0.462
320.801 -0.463
320.812 -0.464
320.823 -0.465
320.835 -0.466
320.846 -0.467
320.858 -0.468
320.87 -0.469
320.883 -0.47
320.898 -0.471
320.914 -0.472
320.932 -0.473
320.951 -0.474
320.972 -0.475
320.995 -0.476
321.019 -0.477
321.045 -0.478
321.072 -0.479
321.101 -0.48
321.132 -0.481
321.164 -0.482
321.198 -0.483
321.234 -0.484
321.271 -0.485
321.309 -0.486
321.35 -0.487
321.392 -0.488
321.435 -0.489
321.481 -0.49
321.527 -0.491
321.575 -0.492
321.625 -0.493
321.676 -0.494
321.728 -0.495
321.783 -0.496
321.838 -0.497
321.896 -0.498
321.955 -0.499
322.016 -0.5
322.079 -0.501
322.144 -0.502
322.21 -0.503
322.279 -0.504
322.349 -0.505
322.42 -0.506
322.494 -0.507
322.569 -0.508
322.646 -0.509
322.724 -0.51
322.804 -0.511
322.886 -0.512
322.97 -0.513
323.056 -0.514
323.143 -0.515
323.232 -0.516
323.323 -0.517
323.416 -0.518
323.51 -0.519
323.607 -0.52
323.705 -0.521
323.805 -0.522
323.907 -0.523
324.011 -0.524
324.118 -0.525
324.226 -0.526
324.336 -0.527
324.448 -0.528
324.562 -0.529
324.678 -0.53
324.796 -0.531
324.916 -0.532
325.023 -0.533
325.121 -0.534
325.22 -0.535
325.321 -0.536
325.423 -0.537
325.527 -0.538
325.633 -0.539
325.74 -0.54
325.847 -0.541
325.94 -0.542
326.032 -0.543
326.126 -0.544
326.221 -0.545
326.317 -0.546
326.415 -0.547
326.514 -0.548
326.614 -0.549
326.714 -0.55
326.816 -0.551
326.918 -0.552
327.02 -0.553
327.123 -0.554
327.226 -0.555
327.328 -0.556
327.43 -0.557
327.53 -0.558
327.63 -0.559
327.729 -0.56
327.826 -0.561
327.921 -0.562
328.014 -0.563
328.103 -0.564
328.185 -0.565
328.258 -0.566
328.324 -0.567
328.388 -0.568
328.45 -0.569
328.515 -0.57
328.58 -0.571
328.647 -0.572
328.715 -0.573
328.788 -0.574
328.872 -0.575
329.006 -0.576
329.145 -0.577
329.285 -0.578
329.419 -0.579
329.547 -0.58
329.677 -0.581
329.808 -0.582
329.941 -0.583
330.076 -0.584
330.212 -0.585
330.349 -0.586
330.487 -0.587
330.627 -0.588
330.769 -0.589
330.912 -0.59
331.056 -0.591
331.203 -0.592
331.352 -0.593
331.502 -0.594
331.654 -0.595
331.807 -0.596
331.957 -0.597
332.106 -0.598
332.254 -0.599
332.402 -0.6
332.56 -0.601
332.721 -0.602
332.884 -0.603
333.048 -0.604
333.21 -0.605
333.371 -0.606
333.532 -0.607
333.695 -0.608
333.86 -0.609
334.026 -0.61
334.193 -0.611
334.362 -0.612
334.532 -0.613
334.703 -0.614
334.876 -0.615
335.05 -0.616
335.225 -0.617
335.401 -0.618
335.579 -0.619
335.758 -0.62
335.937 -0.621
336.113 -0.622
336.287 -0.623
336.457 -0.624
336.625 -0.625
336.79 -0.626
336.955 -0.627
337.122 -0.628
337.29 -0.629
337.458 -0.63
337.628 -0.631
337.798 -0.632
337.97 -0.633
338.142 -0.634
338.316 -0.635
338.49 -0.636
338.663 -0.637
338.834 -0.638
339.004 -0.639
339.173 -0.64
339.34 -0.641
339.507 -0.642
339.673 -0.643
339.84 -0.644
340.008 -0.645
340.176 -0.646
340.344 -0.647
340.513 -0.648
340.691 -0.649
340.891 -0.65
341.095 -0.651
341.302 -0.652
341.509 -0.653
341.718 -0.654
341.937 -0.655
342.159 -0.656
342.383 -0.657
342.608 -0.658
342.834 -0.659
343.061 -0.66
343.289 -0.661
343.518 -0.662
343.748 -0.663
343.98 -0.664
344.212 -0.665
344.446 -0.666
344.68 -0.667
344.916 -0.668
345.152 -0.669
345.387 -0.67
345.618 -0.671
345.847 -0.672
346.075 -0.673
346.304 -0.674
346.532 -0.675
346.761 -0.676
346.989 -0.677
347.217 -0.678
347.445 -0.679
347.675 -0.68
347.905 -0.681
348.138 -0.682
348.371 -0.683
348.606 -0.684
348.841 -0.685
349.078 -0.686
349.319 -0.687
349.562 -0.688
349.807 -0.689
350.054 -0.69
350.3 -0.691
350.548 -0.692
350.797 -0.693
351.047 -0.694
351.297 -0.695
351.548 -0.696
351.798 -0.697
352.049 -0.698
352.301 -0.699
352.552 -0.7
352.804 -0.701
353.056 -0.702
353.308 -0.703
353.561 -0.704
353.813 -0.705
354.066 -0.706
354.319 -0.707
354.572 -0.708
354.827 -0.709
355.082 -0.71
355.338 -0.711
355.594 -0.712
355.852 -0.713
356.11 -0.714
356.369 -0.715
356.628 -0.716
356.888 -0.717
357.146 -0.718
357.403 -0.719
357.66 -0.72
357.914 -0.721
358.169 -0.722
358.435 -0.723
358.724 -0.724
359.025 -0.725
359.328 -0.726
359.631 -0.727
359.934 -0.728
360.238 -0.729
360.542 -0.73
360.847 -0.731
361.154 -0.732
361.463 -0.733
361.773 -0.734
362.084 -0.735
362.397 -0.736
362.711 -0.737
363.027 -0.738
363.345 -0.739
363.664 -0.74
363.986 -0.741
364.308 -0.742
364.632 -0.743
364.958 -0.744
365.281 -0.745
365.604 -0.746
365.929 -0.747
366.256 -0.748
366.585 -0.749
366.916 -0.75
367.249 -0.751
367.584 -0.752
367.92 -0.753
368.259 -0.754
368.599 -0.755
368.942 -0.756
369.286 -0.757
369.632 -0.758
369.978 -0.759
370.327 -0.76
370.677 -0.761
371.028 -0.762
371.38 -0.763
371.734 -0.764
372.086 -0.765
372.439 -0.766
372.794 -0.767
373.148 -0.768
373.504 -0.769
373.866 -0.77
374.226 -0.771
374.587 -0.772
374.946 -0.773
375.305 -0.774
375.664 -0.775
376.025 -0.776
376.388 -0.777
376.751 -0.778
377.115 -0.779
377.482 -0.78
377.847 -0.781
378.212 -0.782
378.579 -0.783
378.948 -0.784
379.318 -0.785
379.69 -0.786
380.063 -0.787
380.438 -0.788
380.815 -0.789
381.192 -0.79
381.572 -0.791
381.953 -0.792
382.335 -0.793
382.719 -0.794
383.104 -0.795
383.491 -0.796
383.879 -0.797
384.269 -0.798
384.66 -0.799
385.053 -0.8
385.447 -0.801
385.842 -0.802
386.237 -0.803
386.635 -0.804
387.033 -0.805
387.433 -0.806
387.835 -0.807
388.238 -0.808
388.641 -0.809
389.045 -0.81
389.451 -0.811
389.858 -0.812
390.267 -0.813
390.678 -0.814
391.091 -0.815
391.505 -0.816
391.919 -0.817
392.333 -0.818
392.749 -0.819
393.166 -0.82
393.584 -0.821
394.002 -0.822
394.421 -0.823
394.843 -0.824
395.264 -0.825
395.687 -0.826
396.112 -0.827
396.539 -0.828
396.965 -0.829
397.394 -0.83
397.824 -0.831
398.254 -0.832
398.685 -0.833
399.118 -0.834
399.551 -0.835
399.984 -0.836
400.418 -0.837
400.852 -0.838
401.288 -0.839
401.727 -0.84
402.166 -0.841
402.606 -0.842
403.044 -0.843
403.483 -0.844
403.923 -0.845
404.363 -0.846
404.803 -0.847
405.244 -0.848
405.685 -0.849
406.127 -0.85
406.571 -0.851
407.016 -0.852
407.464 -0.853
407.913 -0.854
408.364 -0.855
408.817 -0.856
409.271 -0.857
409.727 -0.858
410.183 -0.859
410.64 -0.86
411.097 -0.861
411.553 -0.862
412.008 -0.863
412.463 -0.864
412.918 -0.865
413.373 -0.866
413.827 -0.867
414.283 -0.868
414.739 -0.869
415.196 -0.87
415.655 -0.871
416.113 -0.872
416.573 -0.873
417.034 -0.874
417.495 -0.875
417.958 -0.876
418.423 -0.877
418.888 -0.878
419.354 -0.879
419.822 -0.88
420.29 -0.881
420.76 -0.882
421.23 -0.883
421.7 -0.884
422.169 -0.885
422.639 -0.886
423.11 -0.887
423.583 -0.888
424.056 -0.889
424.531 -0.89
425.007 -0.891
425.484 -0.892
425.962 -0.893
426.441 -0.894
426.921 -0.895
427.4 -0.896
427.881 -0.897
428.361 -0.898
428.843 -0.899
429.327 -0.9
429.811 -0.901
430.294 -0.902
430.772 -0.903
431.251 -0.904
431.731 -0.905
432.213 -0.906
432.696 -0.907
433.181 -0.908
433.666 -0.909
434.146 -0.91
434.628 -0.911
435.112 -0.912
435.598 -0.913
436.083 -0.914
436.569 -0.915
437.054 -0.916
437.537 -0.917
438.019 -0.918
438.502 -0.919
438.983 -0.92
439.466 -0.921
439.95 -0.922
440.431 -0.923
440.912 -0.924
441.392 -0.925
441.871 -0.926
442.356 -0.927
442.848 -0.928
443.341 -0.929
443.834 -0.93
444.327 -0.931
444.82 -0.932
445.314 -0.933
445.81 -0.934
446.307 -0.935
446.806 -0.936
447.306 -0.937
447.809 -0.938
448.314 -0.939
448.808 -0.94
449.293 -0.941
449.779 -0.942
450.267 -0.943
450.757 -0.944
451.248 -0.945
451.743 -0.946
452.251 -0.947
452.763 -0.948
453.275 -0.949
453.787 -0.95
454.299 -0.951
454.813 -0.952
455.327 -0.953
455.841 -0.954
456.356 -0.955
456.872 -0.956
457.388 -0.957
457.904 -0.958
458.422 -0.959
458.941 -0.96
459.459 -0.961
459.978 -0.962
460.497 -0.963
461.017 -0.964
461.539 -0.965
462.063 -0.966
462.584 -0.967
463.102 -0.968
463.617 -0.969
464.131 -0.97
464.642 -0.971
465.151 -0.972
465.657 -0.973
466.164 -0.974
466.671 -0.975
467.177 -0.976
467.684 -0.977
468.192 -0.978
468.702 -0.979
469.214 -0.98
469.727 -0.981
470.24 -0.982
470.755 -0.983
471.272 -0.984
471.79 -0.985
472.309 -0.986
472.83 -0.987
473.352 -0.988
473.874 -0.989
474.399 -0.99
474.925 -0.991
475.454 -0.992
475.985 -0.993
476.518 -0.994
477.053 -0.995
477.589 -0.996
478.126 -0.997
478.666 -0.998
479.206 -0.999
479.748 -1
480.292 -1.001
480.837 -1.002
481.386 -1.003
481.936 -1.004
482.487 -1.005
483.038 -1.006
483.59 -1.007
484.143 -1.008
484.695 -1.009
485.248 -1.01
485.802 -1.011
486.358 -1.012
486.914 -1.013
487.471 -1.014
488.028 -1.015
488.587 -1.016
489.146 -1.017
489.707 -1.018
490.269 -1.019
490.833 -1.02
491.398 -1.021
491.964 -1.022
492.527 -1.023
493.092 -1.024
493.655 -1.025
494.216 -1.026
494.778 -1.027
495.338 -1.028
495.899 -1.029
496.462 -1.03
497.026 -1.031
497.592 -1.032
498.159 -1.033
498.727 -1.034
499.297 -1.035
499.861 -1.036
500.42 -1.037
500.981 -1.038
501.543 -1.039
502.1 -1.04
502.657 -1.041
503.214 -1.042
503.772 -1.043
504.323 -1.044
504.853 -1.045
505.384 -1.046
505.916 -1.047
506.445 -1.048
506.969 -1.049
507.402 -1.05
507.757 -1.051
508.113 -1.052
508.469 -1.053
508.825 -1.054
509.182 -1.055
509.539 -1.056
509.896 -1.057
510.253 -1.058
510.611 -1.059
510.968 -1.06
511.326 -1.061
511.685 -1.062
512.043 -1.063
512.402 -1.064
512.761 -1.065
513.12 -1.066
513.48 -1.067
513.84 -1.068
514.199 -1.069
514.558 -1.07
514.917 -1.071
515.276 -1.072
515.635 -1.073
515.994 -1.074
516.35 -1.075
516.707 -1.076
517.063 -1.077
517.418 -1.078
517.772 -1.079
518.127 -1.08
518.483 -1.081
518.835 -1.082
519.187 -1.083
519.537 -1.084
519.887 -1.085
520.237 -1.086
520.587 -1.087
520.938 -1.088
521.289 -1.089
521.64 -1.09
521.992 -1.091
522.344 -1.092
522.696 -1.093
523.048 -1.094
523.401 -1.095
523.754 -1.096
524.108 -1.097
524.462 -1.098
524.816 -1.099
525.17 -1.1
525.525 -1.101
525.879 -1.102
526.234 -1.103
526.589 -1.104
526.944 -1.105
527.299 -1.106
527.654 -1.107
528.009 -1.108
528.365 -1.109
528.72 -1.11
529.075 -1.111
529.431 -1.112
529.787 -1.113
530.143 -1.114
530.499 -1.115
530.856 -1.116
531.212 -1.117
531.569 -1.118
531.926 -1.119
532.283 -1.12
532.641 -1.121
532.998 -1.122
533.356 -1.123
533.714 -1.124
534.072 -1.125
534.43 -1.126
534.787 -1.127
535.145 -1.128
535.503 -1.129
535.861 -1.13
536.218 -1.131
536.575 -1.132
536.932 -1.133
537.288 -1.134
537.643 -1.135
537.974 -1.136
538.299 -1.137
538.622 -1.138
538.943 -1.139
539.265 -1.14
539.587 -1.141
539.909 -1.142
540.231 -1.143
540.552 -1.144
540.874 -1.145
541.196 -1.146
541.518 -1.147
541.839 -1.148
542.161 -1.149
542.483 -1.15
542.804 -1.151
543.126 -1.152
543.447 -1.153
543.769 -1.154
544.091 -1.155
544.412 -1.156
544.734 -1.157
545.056 -1.158
545.378 -1.159
545.699 -1.16
546.021 -1.161
546.343 -1.162
546.665 -1.163
546.987 -1.164
547.308 -1.165
547.63 -1.166
547.952 -1.167
548.274 -1.168
548.595 -1.169
548.917 -1.17
549.239 -1.171
549.561 -1.172
549.883 -1.173
550.205 -1.174
550.527 -1.175
550.849 -1.176
551.171 -1.177
551.492 -1.178
551.814 -1.179
552.136 -1.18
552.458 -1.181
552.779 -1.182
553.101 -1.183
553.423 -1.184
553.745 -1.185
554.067 -1.186
554.389 -1.187
554.711 -1.188
555.033 -1.189
555.355 -1.19
555.678 -1.191
556 -1.192
556.322 -1.193
556.644 -1.194
556.967 -1.195
557.289 -1.196
557.611 -1.197
557.934 -1.198
558.256 -1.199
558.579 -1.2
558.902 -1.201
559.224 -1.202
559.547 -1.203
559.87 -1.204
560.192 -1.205
560.515 -1.206
560.838 -1.207
561.161 -1.208
561.484 -1.209
561.807 -1.21
562.131 -1.211
562.454 -1.212
562.777 -1.213
563.1 -1.214
563.424 -1.215
563.747 -1.216
564.07 -1.217
564.394 -1.218
564.717 -1.219
565.041 -1.22
565.364 -1.221
565.688 -1.222
566.012 -1.223
566.335 -1.224
566.659 -1.225
566.983 -1.226
567.307 -1.227
567.631 -1.228
567.955 -1.229
568.279 -1.23
568.603 -1.231
568.927 -1.232
569.252 -1.233
569.576 -1.234
569.9 -1.235
570.225 -1.236
570.549 -1.237
570.874 -1.238
571.198 -1.239
571.523 -1.24
571.848 -1.241
572.172 -1.242
572.497 -1.243
572.822 -1.244
573.147 -1.245
573.472 -1.246
573.797 -1.247
574.122 -1.248
574.447 -1.249
574.773 -1.25
575.098 -1.251
575.423 -1.252
575.749 -1.253
576.074 -1.254
576.4 -1.255
576.725 -1.256
577.051 -1.257
577.376 -1.258
577.702 -1.259
578.028 -1.26
578.354 -1.261
578.68 -1.262
579.006 -1.263
579.332 -1.264
579.658 -1.265
579.984 -1.266
580.31 -1.267
580.636 -1.268
580.962 -1.269
581.289 -1.27
581.615 -1.271
581.941 -1.272
582.268 -1.273
582.594 -1.274
582.921 -1.275
583.248 -1.276
583.574 -1.277
583.901 -1.278
584.228 -1.279
584.554 -1.28
584.881 -1.281
585.208 -1.282
585.535 -1.283
585.862 -1.284
586.189 -1.285
586.516 -1.286
586.843 -1.287
587.171 -1.288
587.498 -1.289
587.825 -1.29
588.152 -1.291
588.48 -1.292
588.807 -1.293
589.135 -1.294
589.462 -1.295
589.79 -1.296
590.117 -1.297
590.445 -1.298
590.773 -1.299
591.101 -1.3
591.428 -1.301
591.756 -1.302
592.084 -1.303
592.412 -1.304
592.74 -1.305
593.068 -1.306
593.397 -1.307
593.725 -1.308
594.053 -1.309
594.382 -1.31
594.71 -1.311
595.038 -1.312
595.367 -1.313
595.696 -1.314
596.024 -1.315
596.353 -1.316
596.682 -1.317
597.011 -1.318
597.339 -1.319
597.668 -1.32
597.997 -1.321
598.326 -1.322
598.655 -1.323
598.985 -1.324
599.314 -1.325
599.643 -1.326
599.972 -1.327
600.302 -1.328
600.631 -1.329
600.961 -1.33
601.29 -1.331
601.62 -1.332
601.949 -1.333
602.279 -1.334
602.609 -1.335
602.938 -1.336
603.268 -1.337
603.598 -1.338
603.928 -1.339
604.258 -1.34
604.588 -1.341
604.918 -1.342
605.248 -1.343
605.578 -1.344
605.909 -1.345
606.239 -1.346
606.569 -1.347
606.9 -1.348
607.23 -1.349
607.561 -1.35
607.891 -1.351
608.222 -1.352
608.552 -1.353
608.883 -1.354
609.214 -1.355
609.544 -1.356
609.875 -1.357
610.206 -1.358
610.537 -1.359
610.868 -1.36
611.2 -1.361
611.531 -1.362
611.863 -1.363
612.194 -1.364
612.527 -1.365
612.859 -1.366
613.191 -1.367
613.523 -1.368
613.855 -1.369
614.188 -1.37
614.52 -1.371
614.853 -1.372
615.185 -1.373
615.518 -1.374
615.851 -1.375
616.184 -1.376
616.518 -1.377
616.851 -1.378
617.185 -1.379
617.518 -1.38
617.852 -1.381
618.186 -1.382
618.52 -1.383
618.854 -1.384
619.188 -1.385
619.522 -1.386
619.856 -1.387
620.19 -1.388
620.524 -1.389
620.858 -1.39
621.193 -1.391
621.527 -1.392
621.862 -1.393
622.196 -1.394
622.531 -1.395
622.865 -1.396
623.2 -1.397
623.535 -1.398
623.87 -1.399
624.205 -1.4
