10.1361 -0.001
20.2644 -0.002
30.385 -0.003
40.4978 -0.004
50.6028 -0.005
60.6999 -0.006
70.789 -0.007
80.8702 -0.008
90.9433 -0.009
101.008 -0.01
111.065 -0.011
121.114 -0.012
131.155 -0.013
141.187 -0.014
151.211 -0.015
161.226 -0.016
171.233 -0.017
181.232 -0.018
191.222 -0.019
201.203 -0.02
211.176 -0.021
221.14 -0.022
231.095 -0.023
241.041 -0.024
250.979 -0.025
260.907 -0.026
270.826 -0.027
280.737 -0.028
290.638 -0.029
300.53 -0.03
310.269 -0.031
319.396 -0.032
327.294 -0.033
334.797 -0.034
342.22 -0.035
348.888 -0.036
353.493 -0.037
357.253 -0.038
360.997 -0.039
364.732 -0.04
368.464 -0.041
372.186 -0.042
375.91 -0.043
379.677 -0.044
383.464 -0.045
387.248 -0.046
391.007 -0.047
394.7 -0.048
398.3 -0.049
401.727 -0.05
404.999 -0.051
407.954 -0.052
410.609 -0.053
413.237 -0.054
415.842 -0.055
418.425 -0.056
420.983 -0.057
423.501 -0.058
425.916 -0.059
428.144 -0.06
430.079 -0.061
431.601 -0.062
432.318 -0.063
432.764 -0.064
433.194 -0.065
433.615 -0.066
434.034 -0.067
434.45 -0.068
434.864 -0.069
435.275 -0.07
435.684 -0.071
436.089 -0.072
436.489 -0.073
436.885 -0.074
437.275 -0.075
437.659 -0.076
438.03 -0.077
438.392 -0.078
438.748 -0.079
439.093 -0.08
439.423 -0.081
439.742 -0.082
440.048 -0.083
440.345 -0.084
440.631 -0.085
440.901 -0.086
441.159 -0.087
441.408 -0.088
441.639 -0.089
441.861 -0.09
442.067 -0.091
442.269 -0.092
442.462 -0.093
442.65 -0.094
442.832 -0.095
443.009 -0.096
443.18 -0.097
443.352 -0.098
443.52 -0.099
443.686 -0.1
443.852 -0.101
444.017 -0.102
444.183 -0.103
444.348 -0.104
444.512 -0.105
444.677 -0.106
444.841 -0.107
445.005 -0.108
445.169 -0.109
445.332 -0.11
445.495 -0.111
445.658 -0.112
445.821 -0.113
445.983 -0.114
446.145 -0.115
446.307 -0.116
446.469 -0.117
446.63 -0.118
446.791 -0.119
446.952 -0.12
447.113 -0.121
447.273 -0.122
447.433 -0.123
447.593 -0.124
447.753 -0.125
447.912 -0.126
448.071 -0.127
448.229 -0.128
448.388 -0.129
448.545 -0.13
448.703 -0.131
448.86 -0.132
449.017 -0.133
449.174 -0.134
449.331 -0.135
449.487 -0.136
449.643 -0.137
449.798 -0.138
449.953 -0.139
450.108 -0.14
450.262 -0.141
450.416 -0.142
450.568 -0.143
450.721 -0.144
450.872 -0.145
451.024 -0.146
451.175 -0.147
451.326 -0.148
451.476 -0.149
451.625 -0.15
451.774 -0.151
451.923 -0.152
452.07 -0.153
452.217 -0.154
452.362 -0.155
452.507 -0.156
452.651 -0.157
452.795 -0.158
452.938 -0.159
453.081 -0.16
453.223 -0.161
453.365 -0.162
453.505 -0.163
453.645 -0.164
453.784 -0.165
453.921 -0.166
454.057 -0.167
454.192 -0.168
454.325 -0.169
454.458 -0.17
454.59 -0.171
454.722 -0.172
454.854 -0.173
454.984 -0.174
455.113 -0.175
455.242 -0.176
455.37 -0.177
455.498 -0.178
455.625 -0.179
455.752 -0.18
455.879 -0.181
456.004 -0.182
456.128 -0.183
456.251 -0.184
456.372 -0.185
456.492 -0.186
456.612 -0.187
456.732 -0.188
456.851 -0.189
456.97 -0.19
457.089 -0.191
457.207 -0.192
457.325 -0.193
457.443 -0.194
457.56 -0.195
457.677 -0.196
457.793 -0.197
457.908 -0.198
458.023 -0.199
458.137 -0.2
458.251 -0.201
458.364 -0.202
458.477 -0.203
458.59 -0.204
458.702 -0.205
458.814 -0.206
458.925 -0.207
459.036 -0.208
459.147 -0.209
459.258 -0.21
459.368 -0.211
459.477 -0.212
459.586 -0.213
459.695 -0.214
459.803 -0.215
459.912 -0.216
460.02 -0.217
460.127 -0.218
460.235 -0.219
460.341 -0.22
460.447 -0.221
460.553 -0.222
460.659 -0.223
460.764 -0.224
460.869 -0.225
460.973 -0.226
461.078 -0.227
461.182 -0.228
461.285 -0.229
461.388 -0.23
461.491 -0.231
461.593 -0.232
461.695 -0.233
461.796 -0.234
461.897 -0.235
461.998 -0.236
462.098 -0.237
462.199 -0.238
462.299 -0.239
462.399 -0.24
462.498 -0.241
462.598 -0.242
462.697 -0.243
462.796 -0.244
462.894 -0.245
462.992 -0.246
463.09 -0.247
463.187 -0.248
463.285 -0.249
463.382 -0.25
463.479 -0.251
463.575 -0.252
463.672 -0.253
463.768 -0.254
463.865 -0.255
463.961 -0.256
464.057 -0.257
464.153 -0.258
464.249 -0.259
464.345 -0.26
464.44 -0.261
464.535 -0.262
464.63 -0.263
464.724 -0.264
464.819 -0.265
464.914 -0.266
465.008 -0.267
465.102 -0.268
465.197 -0.269
465.291 -0.27
465.385 -0.271
465.479 -0.272
465.573 -0.273
465.666 -0.274
465.76 -0.275
465.854 -0.276
465.947 -0.277
466.041 -0.278
466.134 -0.279
466.227 -0.28
466.32 -0.281
466.413 -0.282
466.506 -0.283
466.599 -0.284
466.691 -0.285
466.784 -0.286
466.876 -0.287
466.969 -0.288
467.061 -0.289
467.153 -0.29
467.245 -0.291
467.337 -0.292
467.429 -0.293
467.521 -0.294
467.613 -0.295
467.704 -0.296
467.795 -0.297
467.887 -0.298
467.978 -0.299
468.069 -0.3
468.16 -0.301
468.251 -0.302
468.342 -0.303
468.433 -0.304
468.523 -0.305
468.614 -0.306
468.704 -0.307
468.795 -0.308
468.885 -0.309
468.976 -0.31
469.066 -0.311
469.156 -0.312
469.246 -0.313
469.337 -0.314
469.427 -0.315
469.517 -0.316
469.607 -0.317
469.697 -0.318
469.786 -0.319
469.876 -0.32
469.966 -0.321
470.056 -0.322
470.145 -0.323
470.234 -0.324
470.324 -0.325
470.413 -0.326
470.502 -0.327
470.592 -0.328
470.681 -0.329
470.77 -0.33
470.859 -0.331
470.948 -0.332
471.037 -0.333
471.126 -0.334
471.214 -0.335
471.303 -0.336
471.392 -0.337
471.481 -0.338
471.569 -0.339
471.658 -0.34
471.746 -0.341
471.835 -0.342
471.923 -0.343
472.012 -0.344
472.1 -0.345
472.188 -0.346
472.277 -0.347
472.365 -0.348
472.453 -0.349
472.541 -0.35
472.629 -0.351
472.717 -0.352
472.805 -0.353
472.892 -0.354
472.98 -0.355
473.068 -0.356
473.155 -0.357
473.243 -0.358
473.33 -0.359
473.418 -0.36
473.505 -0.361
473.592 -0.362
473.68 -0.363
473.767 -0.364
473.854 -0.365
473.941 -0.366
474.028 -0.367
474.115 -0.368
474.202 -0.369
474.289 -0.37
474.375 -0.371
474.462 -0.372
474.549 -0.373
474.635 -0.374
474.721 -0.375
474.808 -0.376
474.894 -0.377
474.98 -0.378
475.066 -0.379
475.152 -0.38
475.238 -0.381
475.324 -0.382
475.41 -0.383
475.496 -0.384
475.582 -0.385
475.668 -0.386
475.753 -0.387
475.839 -0.388
475.924 -0.389
476.01 -0.39
476.095 -0.391
476.18 -0.392
476.266 -0.393
476.351 -0.394
476.436 -0.395
476.521 -0.396
476.605 -0.397
476.69 -0.398
476.775 -0.399
476.86 -0.4
476.944 -0.401
477.029 -0.402
477.114 -0.403
477.198 -0.404
477.283 -0.405
477.367 -0.406
477.451 -0.407
477.536 -0.408
477.62 -0.409
477.704 -0.41
477.788 -0.411
477.872 -0.412
477.956 -0.413
478.04 -0.414
478.124 -0.415
478.207 -0.416
478.291 -0.417
478.375 -0.418
478.458 -0.419
478.542 -0.42
478.625 -0.421
478.708 -0.422
478.792 -0.423
478.875 -0.424
478.958 -0.425
479.041 -0.426
479.124 -0.427
479.207 -0.428
479.29 -0.429
479.373 -0.43
479.456 -0.431
479.538 -0.432
479.621 -0.433
479.704 -0.434
479.786 -0.435
479.869 -0.436
479.951 -0.437
480.034 -0.438
480.116 -0.439
480.198 -0.44
480.28 -0.441
480.362 -0.442
480.444 -0.443
480.526 -0.444
480.608 -0.445
480.69 -0.446
480.771 -0.447
480.853 -0.448
480.935 -0.449
481.016 -0.45
481.098 -0.451
481.179 -0.452
481.26 -0.453
481.341 -0.454
481.422 -0.455
481.503 -0.456
481.584 -0.457
481.665 -0.458
481.746 -0.459
481.827 -0.46
481.908 -0.461
481.988 -0.462
482.069 -0.463
482.15 -0.464
482.23 -0.465
482.311 -0.466
482.391 -0.467
482.472 -0.468
482.552 -0.469
482.632 -0.47
482.712 -0.471
482.793 -0.472
482.873 -0.473
482.953 -0.474
483.033 -0.475
483.113 -0.476
483.193 -0.477
483.273 -0.478
483.353 -0.479
483.433 -0.48
483.512 -0.481
483.592 -0.482
483.672 -0.483
483.751 -0.484
483.831 -0.485
483.91 -0.486
483.989 -0.487
484.068 -0.488
484.147 -0.489
484.227 -0.49
484.306 -0.491
484.385 -0.492
484.464 -0.493
484.542 -0.494
484.621 -0.495
484.7 -0.496
484.779 -0.497
484.858 -0.498
484.936 -0.499
485.015 -0.5
485.094 -0.501
485.173 -0.502
485.251 -0.503
485.33 -0.504
485.408 -0.505
485.487 -0.506
485.565 -0.507
485.644 -0.508
485.722 -0.509
485.801 -0.51
485.879 -0.511
485.957 -0.512
486.035 -0.513
486.113 -0.514
486.191 -0.515
486.269 -0.516
486.347 -0.517
486.425 -0.518
486.502 -0.519
486.58 -0.52
486.658 -0.521
486.735 -0.522
486.813 -0.523
486.89 -0.524
486.968 -0.525
487.045 -0.526
487.123 -0.527
487.2 -0.528
487.278 -0.529
487.355 -0.53
487.432 -0.531
487.51 -0.532
487.587 -0.533
487.664 -0.534
487.742 -0.535
487.818 -0.536
487.895 -0.537
487.971 -0.538
488.048 -0.539
488.124 -0.54
488.201 -0.541
488.277 -0.542
488.353 -0.543
488.429 -0.544
488.505 -0.545
488.581 -0.546
488.657 -0.547
488.733 -0.548
488.809 -0.549
488.885 -0.55
488.961 -0.551
489.037 -0.552
489.113 -0.553
489.189 -0.554
489.265 -0.555
489.341 -0.556
489.417 -0.557
489.493 -0.558
489.569 -0.559
489.645 -0.56
489.721 -0.561
489.797 -0.562
489.873 -0.563
489.949 -0.564
490.025 -0.565
490.101 -0.566
490.177 -0.567
490.253 -0.568
490.329 -0.569
490.405 -0.57
490.481 -0.571
490.557 -0.572
490.634 -0.573
490.71 -0.574
490.786 -0.575
490.862 -0.576
490.938 -0.577
491.014 -0.578
491.09 -0.579
491.166 -0.58
491.243 -0.581
491.319 -0.582
491.395 -0.583
491.471 -0.584
491.547 -0.585
491.623 -0.586
491.699 -0.587
491.776 -0.588
491.852 -0.589
491.928 -0.59
492.004 -0.591
492.08 -0.592
492.156 -0.593
492.233 -0.594
492.309 -0.595
492.385 -0.596
492.461 -0.597
492.538 -0.598
492.614 -0.599
492.69 -0.6
492.766 -0.601
492.843 -0.602
492.919 -0.603
492.995 -0.604
493.072 -0.605
493.148 -0.606
493.224 -0.607
493.3 -0.608
493.377 -0.609
493.453 -0.61
493.529 -0.611
493.606 -0.612
493.682 -0.613
493.758 -0.614
493.835 -0.615
493.911 -0.616
493.987 -0.617
494.064 -0.618
494.14 -0.619
494.216 -0.62
494.293 -0.621
494.369 -0.622
494.446 -0.623
494.522 -0.624
494.598 -0.625
494.675 -0.626
494.751 -0.627
494.828 -0.628
494.904 -0.629
494.98 -0.63
495.057 -0.631
495.133 -0.632
495.209 -0.633
495.286 -0.634
495.362 -0.635
495.439 -0.636
495.515 -0.637
495.591 -0.638
495.668 -0.639
495.744 -0.64
495.821 -0.641
495.897 -0.642
495.973 -0.643
496.05 -0.644
496.126 -0.645
496.202 -0.646
496.279 -0.647
496.355 -0.648
496.431 -0.649
496.508 -0.65
496.584 -0.651
496.66 -0.652
496.736 -0.653
496.812 -0.654
496.887 -0.655
496.963 -0.656
497.038 -0.657
497.113 -0.658
497.188 -0.659
497.263 -0.66
497.338 -0.661
497.413 -0.662
497.489 -0.663
497.564 -0.664
497.639 -0.665
497.714 -0.666
497.79 -0.667
497.866 -0.668
497.941 -0.669
498.017 -0.67
498.092 -0.671
498.168 -0.672
498.243 -0.673
498.319 -0.674
498.394 -0.675
498.469 -0.676
498.543 -0.677
498.618 -0.678
498.692 -0.679
498.767 -0.68
498.841 -0.681
498.915 -0.682
498.989 -0.683
499.062 -0.684
499.136 -0.685
499.21 -0.686
499.284 -0.687
499.358 -0.688
499.433 -0.689
499.508 -0.69
499.583 -0.691
499.657 -0.692
499.732 -0.693
499.806 -0.694
499.881 -0.695
499.954 -0.696
500.028 -0.697
500.102 -0.698
500.176 -0.699
500.249 -0.7
500.322 -0.701
500.396 -0.702
500.469 -0.703
500.541 -0.704
500.614 -0.705
500.686 -0.706
500.757 -0.707
500.83 -0.708
500.902 -0.709
500.976 -0.71
501.049 -0.711
501.122 -0.712
501.195 -0.713
501.269 -0.714
501.341 -0.715
501.414 -0.716
501.487 -0.717
501.559 -0.718
501.631 -0.719
501.703 -0.72
501.774 -0.721
501.846 -0.722
501.917 -0.723
501.988 -0.724
502.058 -0.725
502.13 -0.726
502.202 -0.727
502.276 -0.728
502.349 -0.729
502.422 -0.73
502.496 -0.731
502.569 -0.732
502.642 -0.733
502.716 -0.734
502.789 -0.735
502.862 -0.736
502.935 -0.737
503.008 -0.738
503.08 -0.739
503.153 -0.74
503.226 -0.741
503.299 -0.742
503.372 -0.743
503.445 -0.744
503.518 -0.745
503.593 -0.746
503.668 -0.747
503.743 -0.748
503.818 -0.749
503.893 -0.75
503.969 -0.751
504.044 -0.752
504.119 -0.753
504.194 -0.754
504.27 -0.755
504.345 -0.756
504.42 -0.757
504.495 -0.758
504.57 -0.759
504.645 -0.76
504.72 -0.761
504.795 -0.762
504.87 -0.763
504.945 -0.764
505.02 -0.765
505.095 -0.766
505.17 -0.767
505.246 -0.768
505.321 -0.769
505.398 -0.77
505.474 -0.771
505.551 -0.772
505.627 -0.773
505.704 -0.774
505.781 -0.775
505.858 -0.776
505.935 -0.777
506.011 -0.778
506.088 -0.779
506.165 -0.78
506.242 -0.781
506.319 -0.782
506.395 -0.783
506.472 -0.784
506.549 -0.785
506.626 -0.786
506.704 -0.787
506.781 -0.788
506.858 -0.789
506.936 -0.79
507.013 -0.791
507.09 -0.792
507.168 -0.793
507.245 -0.794
507.322 -0.795
507.4 -0.796
507.477 -0.797
507.555 -0.798
507.633 -0.799
507.711 -0.8
507.789 -0.801
507.867 -0.802
507.945 -0.803
508.023 -0.804
508.101 -0.805
508.179 -0.806
508.257 -0.807
508.334 -0.808
508.412 -0.809
508.49 -0.81
508.568 -0.811
508.646 -0.812
508.724 -0.813
508.802 -0.814
508.881 -0.815
508.959 -0.816
509.037 -0.817
509.115 -0.818
509.194 -0.819
509.272 -0.82
509.35 -0.821
509.428 -0.822
509.507 -0.823
509.586 -0.824
509.664 -0.825
509.743 -0.826
509.822 -0.827
509.901 -0.828
509.979 -0.829
510.057 -0.83
510.135 -0.831
510.213 -0.832
510.291 -0.833
510.369 -0.834
510.447 -0.835
510.525 -0.836
510.604 -0.837
510.681 -0.838
510.759 -0.839
510.837 -0.84
510.914 -0.841
510.992 -0.842
511.069 -0.843
511.147 -0.844
511.224 -0.845
511.301 -0.846
511.378 -0.847
511.454 -0.848
511.528 -0.849
511.599 -0.85
511.667 -0.851
511.731 -0.852
511.788 -0.853
511.847 -0.854
511.913 -0.855
511.972 -0.856
512.043 -0.857
512.116 -0.858
512.186 -0.859
512.254 -0.86
512.318 -0.861
512.384 -0.862
512.453 -0.863
512.52 -0.864
512.595 -0.865
512.67 -0.866
512.744 -0.867
512.817 -0.868
512.889 -0.869
512.967 -0.87
513.045 -0.871
513.123 -0.872
513.208 -0.873
513.292 -0.874
513.374 -0.875
513.455 -0.876
513.535 -0.877
513.616 -0.878
513.697 -0.879
513.778 -0.88
513.859 -0.881
513.941 -0.882
514.023 -0.883
514.106 -0.884
514.189 -0.885
514.273 -0.886
514.357 -0.887
514.441 -0.888
514.525 -0.889
514.61 -0.89
514.694 -0.891
514.779 -0.892
514.863 -0.893
514.948 -0.894
515.033 -0.895
515.117 -0.896
515.202 -0.897
515.287 -0.898
515.372 -0.899
515.456 -0.9
515.541 -0.901
515.626 -0.902
515.711 -0.903
515.796 -0.904
515.881 -0.905
515.967 -0.906
516.052 -0.907
516.137 -0.908
516.223 -0.909
516.309 -0.91
516.395 -0.911
516.481 -0.912
516.567 -0.913
516.653 -0.914
516.74 -0.915
516.826 -0.916
516.913 -0.917
517 -0.918
517.086 -0.919
517.173 -0.92
517.26 -0.921
517.347 -0.922
517.434 -0.923
517.521 -0.924
517.608 -0.925
517.695 -0.926
517.782 -0.927
517.87 -0.928
517.957 -0.929
518.044 -0.93
518.132 -0.931
518.219 -0.932
518.307 -0.933
518.394 -0.934
518.482 -0.935
518.569 -0.936
518.657 -0.937
518.745 -0.938
518.833 -0.939
518.921 -0.94
519.009 -0.941
519.097 -0.942
519.186 -0.943
519.274 -0.944
519.362 -0.945
519.451 -0.946
519.54 -0.947
519.628 -0.948
519.717 -0.949
519.806 -0.95
519.895 -0.951
519.984 -0.952
520.073 -0.953
520.163 -0.954
520.252 -0.955
520.341 -0.956
520.43 -0.957
520.518 -0.958
520.607 -0.959
520.696 -0.96
520.785 -0.961
520.874 -0.962
520.963 -0.963
521.053 -0.964
521.142 -0.965
521.231 -0.966
521.32 -0.967
521.41 -0.968
521.499 -0.969
521.589 -0.97
521.678 -0.971
521.768 -0.972
521.858 -0.973
521.947 -0.974
522.037 -0.975
522.127 -0.976
522.217 -0.977
522.307 -0.978
522.397 -0.979
522.487 -0.98
522.577 -0.981
522.667 -0.982
522.758 -0.983
522.848 -0.984
522.938 -0.985
523.029 -0.986
523.119 -0.987
523.21 -0.988
523.3 -0.989
523.391 -0.99
523.481 -0.991
523.572 -0.992
523.663 -0.993
523.753 -0.994
523.844 -0.995
523.935 -0.996
524.025 -0.997
524.116 -0.998
524.207 -0.999
524.298 -1
524.389 -1.001
524.479 -1.002
524.57 -1.003
524.661 -1.004
524.752 -1.005
524.842 -1.006
524.933 -1.007
525.023 -1.008
525.113 -1.009
525.203 -1.01
525.292 -1.011
525.38 -1.012
525.468 -1.013
525.554 -1.014
525.636 -1.015
525.714 -1.016
525.789 -1.017
525.859 -1.018
525.923 -1.019
525.982 -1.02
526.035 -1.021
526.083 -1.022
526.127 -1.023
526.216 -1.024
526.302 -1.025
526.384 -1.026
526.466 -1.027
526.552 -1.028
526.656 -1.029
526.749 -1.03
526.837 -1.031
526.92 -1.032
526.999 -1.033
527.073 -1.034
527.144 -1.035
527.215 -1.036
527.28 -1.037
527.339 -1.038
527.391 -1.039
527.476 -1.04
527.567 -1.041
527.656 -1.042
527.742 -1.043
527.83 -1.044
527.939 -1.045
528.047 -1.046
528.149 -1.047
528.248 -1.048
528.346 -1.049
528.445 -1.05
528.551 -1.051
528.658 -1.052
528.765 -1.053
528.871 -1.054
528.979 -1.055
529.084 -1.056
529.187 -1.057
529.287 -1.058
529.387 -1.059
529.485 -1.06
529.579 -1.061
529.674 -1.062
529.769 -1.063
529.865 -1.064
529.96 -1.065
530.055 -1.066
530.15 -1.067
530.246 -1.068
530.341 -1.069
530.437 -1.07
530.533 -1.071
530.628 -1.072
530.724 -1.073
530.82 -1.074
530.917 -1.075
531.013 -1.076
531.11 -1.077
531.206 -1.078
531.303 -1.079
531.4 -1.08
531.497 -1.081
531.594 -1.082
531.691 -1.083
531.788 -1.084
531.886 -1.085
531.983 -1.086
532.081 -1.087
532.178 -1.088
532.276 -1.089
532.374 -1.09
532.473 -1.091
532.571 -1.092
532.669 -1.093
532.767 -1.094
532.864 -1.095
532.962 -1.096
533.059 -1.097
533.157 -1.098
533.254 -1.099
533.352 -1.1
