13.7572 -0.001
27.4989 -0.002
41.2252 -0.003
54.9357 -0.004
68.6305 -0.005
82.3094 -0.006
95.9721 -0.007
109.619 -0.008
123.249 -0.009
136.863 -0.01
150.46 -0.011
164.04 -0.012
177.603 -0.013
191.149 -0.014
204.678 -0.015
218.19 -0.016
231.684 -0.017
245.16 -0.018
258.618 -0.019
272.058 -0.02
285.479 -0.021
298.883 -0.022
312.267 -0.023
325.633 -0.024
338.979 -0.025
352.306 -0.026
365.614 -0.027
378.902 -0.028
392.17 -0.029
405.418 -0.03
418.646 -0.031
431.853 -0.032
445.039 -0.033
458.204 -0.034
471.347 -0.035
484.469 -0.036
497.569 -0.037
510.647 -0.038
523.703 -0.039
536.735 -0.04
549.685 -0.041
562.228 -0.042
573.956 -0.043
584.503 -0.044
594.929 -0.045
605.328 -0.046
615.706 -0.047
626.089 -0.048
636.461 -0.049
646.817 -0.05
657.155 -0.051
667.429 -0.052
677.449 -0.053
686.802 -0.054
695.84 -0.055
703.767 -0.056
711.249 -0.057
717.391 -0.058
722.17 -0.059
726.743 -0.06
731.212 -0.061
735.26 -0.062
739.073 -0.063
742.831 -0.064
746.375 -0.065
749.386 -0.066
752.283 -0.067
754.608 -0.068
756.892 -0.069
759.157 -0.07
761.402 -0.071
763.631 -0.072
765.832 -0.073
768.011 -0.074
770.17 -0.075
772.3 -0.076
774.396 -0.077
776.421 -0.078
778.352 -0.079
780.203 -0.08
781.944 -0.081
783.556 -0.082
785.01 -0.083
786.371 -0.084
787.571 -0.085
788.567 -0.086
789.39 -0.087
789.995 -0.088
790.584 -0.089
791.16 -0.09
791.725 -0.091
792.279 -0.092
792.819 -0.093
793.342 -0.094
793.852 -0.095
794.353 -0.096
794.841 -0.097
795.322 -0.098
795.795 -0.099
796.258 -0.1
796.712 -0.101
797.155 -0.102
797.59 -0.103
798.016 -0.104
798.438 -0.105
798.853 -0.106
799.263 -0.107
799.669 -0.108
800.063 -0.109
800.45 -0.11
800.825 -0.111
801.19 -0.112
801.549 -0.113
801.898 -0.114
802.242 -0.115
802.585 -0.116
802.922 -0.117
803.253 -0.118
803.579 -0.119
803.898 -0.12
804.209 -0.121
804.516 -0.122
804.816 -0.123
805.109 -0.124
805.395 -0.125
805.679 -0.126
805.96 -0.127
806.237 -0.128
806.511 -0.129
806.782 -0.13
807.05 -0.131
807.315 -0.132
807.579 -0.133
807.84 -0.134
808.102 -0.135
808.362 -0.136
808.621 -0.137
808.878 -0.138
809.133 -0.139
809.387 -0.14
809.64 -0.141
809.891 -0.142
810.143 -0.143
810.393 -0.144
810.636 -0.145
810.877 -0.146
811.118 -0.147
811.359 -0.148
811.597 -0.149
811.833 -0.15
812.065 -0.151
812.292 -0.152
812.518 -0.153
812.742 -0.154
812.964 -0.155
813.184 -0.156
813.403 -0.157
813.617 -0.158
813.83 -0.159
814.042 -0.16
814.249 -0.161
814.455 -0.162
814.661 -0.163
814.861 -0.164
815.058 -0.165
815.253 -0.166
815.444 -0.167
815.634 -0.168
815.821 -0.169
816.006 -0.17
816.189 -0.171
816.37 -0.172
816.55 -0.173
816.726 -0.174
816.899 -0.175
817.07 -0.176
817.24 -0.177
817.41 -0.178
817.579 -0.179
817.747 -0.18
817.912 -0.181
818.074 -0.182
818.232 -0.183
818.389 -0.184
818.545 -0.185
818.698 -0.186
818.85 -0.187
819.002 -0.188
819.151 -0.189
819.3 -0.19
819.447 -0.191
819.593 -0.192
819.734 -0.193
819.872 -0.194
820.009 -0.195
820.145 -0.196
820.279 -0.197
820.414 -0.198
820.548 -0.199
820.682 -0.2
820.815 -0.201
820.949 -0.202
821.082 -0.203
821.215 -0.204
821.348 -0.205
821.48 -0.206
821.613 -0.207
821.745 -0.208
821.875 -0.209
822.005 -0.21
822.135 -0.211
822.264 -0.212
822.393 -0.213
822.522 -0.214
822.65 -0.215
822.779 -0.216
822.907 -0.217
823.034 -0.218
823.162 -0.219
823.288 -0.22
823.412 -0.221
823.536 -0.222
823.659 -0.223
823.783 -0.224
823.906 -0.225
824.029 -0.226
824.153 -0.227
824.276 -0.228
824.399 -0.229
824.522 -0.23
824.645 -0.231
824.767 -0.232
824.889 -0.233
825.011 -0.234
825.132 -0.235
825.251 -0.236
825.369 -0.237
825.488 -0.238
825.607 -0.239
825.726 -0.24
825.844 -0.241
825.963 -0.242
826.081 -0.243
826.199 -0.244
826.318 -0.245
826.436 -0.246
826.554 -0.247
826.672 -0.248
826.791 -0.249
826.909 -0.25
827.026 -0.251
827.143 -0.252
827.26 -0.253
827.374 -0.254
827.489 -0.255
827.603 -0.256
827.718 -0.257
827.832 -0.258
827.946 -0.259
828.061 -0.26
828.175 -0.261
828.288 -0.262
828.402 -0.263
828.516 -0.264
828.63 -0.265
828.744 -0.266
828.857 -0.267
828.971 -0.268
829.085 -0.269
829.198 -0.27
829.311 -0.271
829.423 -0.272
829.536 -0.273
829.648 -0.274
829.761 -0.275
829.873 -0.276
829.985 -0.277
830.097 -0.278
830.21 -0.279
830.322 -0.28
830.434 -0.281
830.546 -0.282
830.658 -0.283
830.77 -0.284
830.882 -0.285
830.993 -0.286
831.105 -0.287
831.217 -0.288
831.329 -0.289
831.441 -0.29
831.552 -0.291
831.664 -0.292
831.776 -0.293
831.887 -0.294
831.999 -0.295
832.11 -0.296
832.222 -0.297
832.333 -0.298
832.445 -0.299
832.556 -0.3
832.667 -0.301
832.779 -0.302
832.89 -0.303
833.001 -0.304
833.112 -0.305
833.223 -0.306
833.334 -0.307
833.445 -0.308
833.556 -0.309
833.667 -0.31
833.778 -0.311
833.889 -0.312
834 -0.313
834.111 -0.314
834.222 -0.315
834.333 -0.316
834.444 -0.317
834.554 -0.318
834.665 -0.319
834.776 -0.32
834.886 -0.321
834.997 -0.322
835.107 -0.323
835.218 -0.324
835.328 -0.325
835.439 -0.326
835.549 -0.327
835.659 -0.328
835.77 -0.329
835.88 -0.33
835.99 -0.331
836.1 -0.332
836.211 -0.333
836.321 -0.334
836.431 -0.335
836.541 -0.336
836.651 -0.337
836.761 -0.338
836.87 -0.339
836.98 -0.34
837.09 -0.341
837.199 -0.342
837.309 -0.343
837.419 -0.344
837.528 -0.345
837.637 -0.346
837.747 -0.347
837.856 -0.348
837.965 -0.349
838.075 -0.35
838.184 -0.351
838.293 -0.352
838.402 -0.353
838.511 -0.354
838.62 -0.355
838.729 -0.356
838.838 -0.357
838.946 -0.358
839.055 -0.359
839.164 -0.36
839.272 -0.361
839.38 -0.362
839.489 -0.363
839.597 -0.364
839.705 -0.365
839.814 -0.366
839.922 -0.367
840.03 -0.368
840.138 -0.369
840.246 -0.37
840.354 -0.371
840.462 -0.372
840.57 -0.373
840.677 -0.374
840.785 -0.375
840.893 -0.376
841 -0.377
841.107 -0.378
841.214 -0.379
841.321 -0.38
841.428 -0.381
841.535 -0.382
841.641 -0.383
841.748 -0.384
841.854 -0.385
841.961 -0.386
842.067 -0.387
842.173 -0.388
842.279 -0.389
842.385 -0.39
842.491 -0.391
842.596 -0.392
842.702 -0.393
842.808 -0.394
842.914 -0.395
843.019 -0.396
843.125 -0.397
843.23 -0.398
843.334 -0.399
843.439 -0.4
843.543 -0.401
843.647 -0.402
843.751 -0.403
843.854 -0.404
843.958 -0.405
844.061 -0.406
844.163 -0.407
844.265 -0.408
844.367 -0.409
844.469 -0.41
844.57 -0.411
844.672 -0.412
844.773 -0.413
844.874 -0.414
844.976 -0.415
845.077 -0.416
845.178 -0.417
845.279 -0.418
845.379 -0.419
845.48 -0.42
845.581 -0.421
845.682 -0.422
845.783 -0.423
845.884 -0.424
845.985 -0.425
846.086 -0.426
846.186 -0.427
846.287 -0.428
846.387 -0.429
846.486 -0.43
846.586 -0.431
846.686 -0.432
846.787 -0.433
846.887 -0.434
846.986 -0.435
847.086 -0.436
847.185 -0.437
847.285 -0.438
847.386 -0.439
847.487 -0.44
847.588 -0.441
847.688 -0.442
847.788 -0.443
847.889 -0.444
847.989 -0.445
848.09 -0.446
848.191 -0.447
848.291 -0.448
848.392 -0.449
848.492 -0.45
848.592 -0.451
848.692 -0.452
848.791 -0.453
848.89 -0.454
848.989 -0.455
849.088 -0.456
849.187 -0.457
849.286 -0.458
849.385 -0.459
849.483 -0.46
849.582 -0.461
849.681 -0.462
849.779 -0.463
849.877 -0.464
849.976 -0.465
850.075 -0.466
850.173 -0.467
850.272 -0.468
850.371 -0.469
850.469 -0.47
850.569 -0.471
850.668 -0.472
850.767 -0.473
850.867 -0.474
850.966 -0.475
851.065 -0.476
851.163 -0.477
851.262 -0.478
851.361 -0.479
851.46 -0.48
851.558 -0.481
851.657 -0.482
851.756 -0.483
851.854 -0.484
851.953 -0.485
852.052 -0.486
852.15 -0.487
852.25 -0.488
852.349 -0.489
852.448 -0.49
852.547 -0.491
852.646 -0.492
852.745 -0.493
852.843 -0.494
852.942 -0.495
853.04 -0.496
853.138 -0.497
853.236 -0.498
853.334 -0.499
853.432 -0.5
853.53 -0.501
853.628 -0.502
853.725 -0.503
853.823 -0.504
853.92 -0.505
854.018 -0.506
854.115 -0.507
854.212 -0.508
854.309 -0.509
854.406 -0.51
854.502 -0.511
854.599 -0.512
854.696 -0.513
854.792 -0.514
854.889 -0.515
854.985 -0.516
855.081 -0.517
855.177 -0.518
855.272 -0.519
855.369 -0.52
855.465 -0.521
855.561 -0.522
855.656 -0.523
855.752 -0.524
855.847 -0.525
855.943 -0.526
856.039 -0.527
856.135 -0.528
856.231 -0.529
856.326 -0.53
856.421 -0.531
856.516 -0.532
856.611 -0.533
856.705 -0.534
856.799 -0.535
856.893 -0.536
856.987 -0.537
857.081 -0.538
857.173 -0.539
857.268 -0.54
857.362 -0.541
857.456 -0.542
857.55 -0.543
857.644 -0.544
857.737 -0.545
857.833 -0.546
857.928 -0.547
858.023 -0.548
858.117 -0.549
858.212 -0.55
858.306 -0.551
858.4 -0.552
858.493 -0.553
858.586 -0.554
858.679 -0.555
858.773 -0.556
858.867 -0.557
858.961 -0.558
859.054 -0.559
859.147 -0.56
859.24 -0.561
859.334 -0.562
859.428 -0.563
859.521 -0.564
859.614 -0.565
859.706 -0.566
859.797 -0.567
859.888 -0.568
859.976 -0.569
860.062 -0.57
860.15 -0.571
860.236 -0.572
860.32 -0.573
860.4 -0.574
860.475 -0.575
860.56 -0.576
860.649 -0.577
860.734 -0.578
860.816 -0.579
860.896 -0.58
860.992 -0.581
861.084 -0.582
861.175 -0.583
861.266 -0.584
861.356 -0.585
861.446 -0.586
861.535 -0.587
861.624 -0.588
861.713 -0.589
861.801 -0.59
861.888 -0.591
861.976 -0.592
862.065 -0.593
862.155 -0.594
862.244 -0.595
862.334 -0.596
862.424 -0.597
862.516 -0.598
862.608 -0.599
862.699 -0.6
862.79 -0.601
862.881 -0.602
862.971 -0.603
863.062 -0.604
863.152 -0.605
863.242 -0.606
863.331 -0.607
863.419 -0.608
863.507 -0.609
863.596 -0.61
863.683 -0.611
863.767 -0.612
863.847 -0.613
863.918 -0.614
863.979 -0.615
864.029 -0.616
864.072 -0.617
864.107 -0.618
864.14 -0.619
864.17 -0.62
864.213 -0.621
864.267 -0.622
864.313 -0.623
864.366 -0.624
864.411 -0.625
864.449 -0.626
864.495 -0.627
864.544 -0.628
864.592 -0.629
864.686 -0.63
864.793 -0.631
864.912 -0.632
865.017 -0.633
865.113 -0.634
865.219 -0.635
865.328 -0.636
865.438 -0.637
865.552 -0.638
865.672 -0.639
865.792 -0.64
865.903 -0.641
865.993 -0.642
866.084 -0.643
866.176 -0.644
866.268 -0.645
866.36 -0.646
866.454 -0.647
866.547 -0.648
866.641 -0.649
866.734 -0.65
866.827 -0.651
866.921 -0.652
867.014 -0.653
867.108 -0.654
867.201 -0.655
867.295 -0.656
867.388 -0.657
867.481 -0.658
867.575 -0.659
867.669 -0.66
867.762 -0.661
867.856 -0.662
867.949 -0.663
868.043 -0.664
868.137 -0.665
868.232 -0.666
868.326 -0.667
868.42 -0.668
868.516 -0.669
868.612 -0.67
868.708 -0.671
868.804 -0.672
868.9 -0.673
868.997 -0.674
869.093 -0.675
869.19 -0.676
869.287 -0.677
869.385 -0.678
869.482 -0.679
869.58 -0.68
869.678 -0.681
869.776 -0.682
869.874 -0.683
869.973 -0.684
870.072 -0.685
870.171 -0.686
870.27 -0.687
870.369 -0.688
870.469 -0.689
870.569 -0.69
870.668 -0.691
870.768 -0.692
870.868 -0.693
870.969 -0.694
871.07 -0.695
871.17 -0.696
871.271 -0.697
871.371 -0.698
871.472 -0.699
871.572 -0.7
871.672 -0.701
871.772 -0.702
871.873 -0.703
871.973 -0.704
872.073 -0.705
872.173 -0.706
872.273 -0.707
872.372 -0.708
872.472 -0.709
872.572 -0.71
872.671 -0.711
872.771 -0.712
872.87 -0.713
872.969 -0.714
873.068 -0.715
873.166 -0.716
873.265 -0.717
873.363 -0.718
873.461 -0.719
873.559 -0.72
873.657 -0.721
873.754 -0.722
873.851 -0.723
873.947 -0.724
874.043 -0.725
874.138 -0.726
874.233 -0.727
874.326 -0.728
874.419 -0.729
874.51 -0.73
874.6 -0.731
874.688 -0.732
874.774 -0.733
874.859 -0.734
874.94 -0.735
875.019 -0.736
875.094 -0.737
875.165 -0.738
875.231 -0.739
875.294 -0.74
875.352 -0.741
875.403 -0.742
875.448 -0.743
875.487 -0.744
875.522 -0.745
875.55 -0.746
875.573 -0.747
875.591 -0.748
875.603 -0.749
875.612 -0.75
875.618 -0.751
875.622 -0.752
875.624 -0.753
875.622 -0.754
875.61 -0.755
875.579 -0.756
875.526 -0.757
875.435 -0.758
875.289 -0.759
875.124 -0.76
875.005 -0.761
874.99 -0.762
875.035 -0.763
875.018 -0.764
875.027 -0.765
875.19 -0.766
875.402 -0.767
875.521 -0.768
875.618 -0.769
875.693 -0.77
875.767 -0.771
875.841 -0.772
875.915 -0.773
875.989 -0.774
876.064 -0.775
876.141 -0.776
876.226 -0.777
876.311 -0.778
876.396 -0.779
876.484 -0.78
876.58 -0.781
876.677 -0.782
876.773 -0.783
876.877 -0.784
876.982 -0.785
877.086 -0.786
877.188 -0.787
877.297 -0.788
877.407 -0.789
877.517 -0.79
877.623 -0.791
877.729 -0.792
877.838 -0.793
877.949 -0.794
878.057 -0.795
878.161 -0.796
878.27 -0.797
878.38 -0.798
878.488 -0.799
878.594 -0.8
878.699 -0.801
878.804 -0.802
878.91 -0.803
879.017 -0.804
879.126 -0.805
879.235 -0.806
879.344 -0.807
879.455 -0.808
879.567 -0.809
879.679 -0.81
879.791 -0.811
879.902 -0.812
880.012 -0.813
880.122 -0.814
880.231 -0.815
880.34 -0.816
880.45 -0.817
880.561 -0.818
880.672 -0.819
880.784 -0.82
880.897 -0.821
881.009 -0.822
881.122 -0.823
881.234 -0.824
881.346 -0.825
881.457 -0.826
881.568 -0.827
881.679 -0.828
881.79 -0.829
881.9 -0.83
882.008 -0.831
882.112 -0.832
882.21 -0.833
882.299 -0.834
882.374 -0.835
882.432 -0.836
882.48 -0.837
882.522 -0.838
882.557 -0.839
882.582 -0.84
882.598 -0.841
882.61 -0.842
882.622 -0.843
882.645 -0.844
882.711 -0.845
882.8 -0.846
882.889 -0.847
882.98 -0.848
883.136 -0.849
883.346 -0.85
883.557 -0.851
883.771 -0.852
883.977 -0.853
884.141 -0.854
884.302 -0.855
884.462 -0.856
884.618 -0.857
884.738 -0.858
884.853 -0.859
884.967 -0.86
885.08 -0.861
885.193 -0.862
885.306 -0.863
885.419 -0.864
885.532 -0.865
885.643 -0.866
885.755 -0.867
885.864 -0.868
885.973 -0.869
886.081 -0.87
886.189 -0.871
886.297 -0.872
886.404 -0.873
886.509 -0.874
886.615 -0.875
886.721 -0.876
886.826 -0.877
886.932 -0.878
887.038 -0.879
887.144 -0.88
887.249 -0.881
887.355 -0.882
887.461 -0.883
887.567 -0.884
887.673 -0.885
887.779 -0.886
887.886 -0.887
887.992 -0.888
888.098 -0.889
888.204 -0.89
888.311 -0.891
888.417 -0.892
888.523 -0.893
888.63 -0.894
888.736 -0.895
888.843 -0.896
888.949 -0.897
889.056 -0.898
889.163 -0.899
889.27 -0.9
889.376 -0.901
889.483 -0.902
889.589 -0.903
889.696 -0.904
889.803 -0.905
889.91 -0.906
890.017 -0.907
890.124 -0.908
890.231 -0.909
890.338 -0.91
890.445 -0.911
890.553 -0.912
890.66 -0.913
890.768 -0.914
890.875 -0.915
890.983 -0.916
891.09 -0.917
891.198 -0.918
891.305 -0.919
891.412 -0.92
891.519 -0.921
891.627 -0.922
891.734 -0.923
891.841 -0.924
891.948 -0.925
892.054 -0.926
892.161 -0.927
892.268 -0.928
892.374 -0.929
892.481 -0.93
892.588 -0.931
892.694 -0.932
892.8 -0.933
892.906 -0.934
893.012 -0.935
893.119 -0.936
893.224 -0.937
893.33 -0.938
893.436 -0.939
893.541 -0.94
893.647 -0.941
893.752 -0.942
893.857 -0.943
893.961 -0.944
894.065 -0.945
894.17 -0.946
894.274 -0.947
894.377 -0.948
894.481 -0.949
894.584 -0.95
894.688 -0.951
894.791 -0.952
894.895 -0.953
894.999 -0.954
895.103 -0.955
895.207 -0.956
895.311 -0.957
895.414 -0.958
895.516 -0.959
895.617 -0.96
895.716 -0.961
895.811 -0.962
895.896 -0.963
895.976 -0.964
896.016 -0.965
896.05 -0.966
896.07 -0.967
896.084 -0.968
896.095 -0.969
896.106 -0.97
896.116 -0.971
896.127 -0.972
896.137 -0.973
896.148 -0.974
896.158 -0.975
896.168 -0.976
896.178 -0.977
896.187 -0.978
896.196 -0.979
896.205 -0.98
896.214 -0.981
896.222 -0.982
896.241 -0.983
896.296 -0.984
896.421 -0.985
896.57 -0.986
896.735 -0.987
896.894 -0.988
897.063 -0.989
897.237 -0.99
897.417 -0.991
897.6 -0.992
897.786 -0.993
897.977 -0.994
898.168 -0.995
898.363 -0.996
898.56 -0.997
898.742 -0.998
898.896 -0.999
899.026 -1
899.136 -1.001
899.239 -1.002
899.342 -1.003
899.447 -1.004
899.551 -1.005
899.656 -1.006
899.76 -1.007
899.865 -1.008
899.971 -1.009
900.077 -1.01
900.183 -1.011
900.289 -1.012
900.396 -1.013
900.503 -1.014
900.61 -1.015
900.717 -1.016
900.825 -1.017
900.933 -1.018
901.041 -1.019
901.149 -1.02
901.258 -1.021
901.366 -1.022
901.475 -1.023
901.584 -1.024
901.694 -1.025
901.803 -1.026
901.912 -1.027
902.022 -1.028
902.132 -1.029
902.241 -1.03
902.351 -1.031
902.462 -1.032
902.572 -1.033
902.683 -1.034
902.794 -1.035
902.905 -1.036
903.017 -1.037
903.128 -1.038
903.239 -1.039
903.351 -1.04
903.462 -1.041
903.574 -1.042
903.686 -1.043
903.797 -1.044
903.909 -1.045
904.021 -1.046
904.134 -1.047
904.246 -1.048
904.358 -1.049
904.471 -1.05
904.583 -1.051
904.696 -1.052
904.808 -1.053
904.921 -1.054
905.033 -1.055
905.146 -1.056
905.258 -1.057
905.371 -1.058
905.484 -1.059
905.596 -1.06
905.709 -1.061
905.822 -1.062
905.934 -1.063
906.047 -1.064
906.16 -1.065
906.272 -1.066
906.385 -1.067
906.498 -1.068
906.611 -1.069
906.725 -1.07
906.84 -1.071
906.954 -1.072
907.069 -1.073
907.184 -1.074
907.3 -1.075
907.415 -1.076
907.53 -1.077
907.645 -1.078
907.76 -1.079
907.875 -1.08
907.99 -1.081
908.106 -1.082
908.221 -1.083
908.336 -1.084
908.452 -1.085
908.567 -1.086
908.682 -1.087
908.797 -1.088
908.912 -1.089
909.027 -1.09
909.142 -1.091
909.257 -1.092
909.372 -1.093
909.487 -1.094
909.602 -1.095
909.718 -1.096
909.833 -1.097
909.948 -1.098
910.063 -1.099
910.179 -1.1
910.294 -1.101
910.409 -1.102
910.524 -1.103
910.639 -1.104
910.755 -1.105
910.87 -1.106
910.985 -1.107
911.101 -1.108
911.216 -1.109
911.332 -1.11
911.449 -1.111
911.565 -1.112
911.682 -1.113
911.799 -1.114
911.917 -1.115
912.034 -1.116
912.152 -1.117
912.269 -1.118
912.387 -1.119
912.504 -1.12
912.622 -1.121
912.74 -1.122
912.858 -1.123
912.975 -1.124
913.093 -1.125
913.211 -1.126
913.329 -1.127
913.446 -1.128
913.564 -1.129
913.682 -1.13
913.8 -1.131
913.918 -1.132
914.035 -1.133
914.153 -1.134
914.271 -1.135
914.389 -1.136
914.507 -1.137
914.625 -1.138
914.743 -1.139
914.86 -1.14
914.978 -1.141
915.096 -1.142
915.213 -1.143
915.331 -1.144
915.449 -1.145
915.566 -1.146
915.684 -1.147
915.801 -1.148
915.919 -1.149
916.036 -1.15
916.154 -1.151
916.272 -1.152
916.389 -1.153
916.507 -1.154
916.625 -1.155
916.742 -1.156
916.86 -1.157
916.978 -1.158
917.095 -1.159
917.213 -1.16
917.33 -1.161
917.448 -1.162
917.566 -1.163
917.683 -1.164
917.801 -1.165
917.919 -1.166
918.036 -1.167
918.154 -1.168
918.272 -1.169
918.389 -1.17
918.507 -1.171
918.624 -1.172
918.742 -1.173
918.86 -1.174
918.977 -1.175
919.095 -1.176
919.212 -1.177
919.329 -1.178
919.447 -1.179
919.564 -1.18
919.682 -1.181
919.799 -1.182
919.916 -1.183
920.033 -1.184
920.151 -1.185
920.268 -1.186
920.385 -1.187
920.502 -1.188
920.619 -1.189
920.737 -1.19
920.854 -1.191
920.971 -1.192
921.087 -1.193
921.204 -1.194
921.321 -1.195
921.438 -1.196
921.554 -1.197
921.67 -1.198
921.787 -1.199
921.903 -1.2
922.019 -1.201
922.135 -1.202
922.251 -1.203
922.366 -1.204
922.482 -1.205
922.597 -1.206
922.712 -1.207
922.827 -1.208
922.942 -1.209
923.057 -1.21
923.17 -1.211
923.284 -1.212
923.396 -1.213
923.508 -1.214
923.619 -1.215
923.729 -1.216
923.838 -1.217
923.947 -1.218
924.055 -1.219
924.161 -1.22
924.267 -1.221
924.372 -1.222
924.476 -1.223
924.579 -1.224
924.68 -1.225
924.781 -1.226
924.881 -1.227
924.979 -1.228
925.075 -1.229
925.17 -1.23
925.264 -1.231
925.356 -1.232
925.446 -1.233
925.535 -1.234
925.621 -1.235
925.706 -1.236
925.787 -1.237
925.866 -1.238
925.941 -1.239
926.011 -1.24
926.075 -1.241
926.133 -1.242
926.186 -1.243
926.234 -1.244
926.276 -1.245
926.311 -1.246
926.342 -1.247
926.371 -1.248
926.398 -1.249
926.422 -1.25
926.444 -1.251
926.467 -1.252
926.49 -1.253
926.513 -1.254
926.538 -1.255
926.564 -1.256
926.59 -1.257
926.616 -1.258
926.644 -1.259
926.673 -1.26
926.703 -1.261
926.732 -1.262
926.763 -1.263
926.801 -1.264
926.847 -1.265
926.892 -1.266
926.939 -1.267
926.986 -1.268
927.033 -1.269
927.08 -1.27
927.127 -1.271
927.174 -1.272
927.221 -1.273
927.268 -1.274
927.329 -1.275
927.393 -1.276
927.459 -1.277
927.524 -1.278
927.59 -1.279
927.655 -1.28
927.72 -1.281
927.785 -1.282
927.851 -1.283
927.916 -1.284
927.98 -1.285
928.045 -1.286
928.111 -1.287
928.181 -1.288
928.251 -1.289
928.32 -1.29
928.391 -1.291
928.464 -1.292
928.536 -1.293
928.609 -1.294
928.682 -1.295
928.757 -1.296
928.83 -1.297
928.905 -1.298
928.981 -1.299
929.058 -1.3
929.134 -1.301
929.211 -1.302
929.29 -1.303
929.371 -1.304
929.46 -1.305
929.55 -1.306
929.64 -1.307
929.731 -1.308
929.822 -1.309
929.925 -1.31
930.031 -1.311
930.138 -1.312
930.245 -1.313
930.351 -1.314
930.462 -1.315
930.578 -1.316
930.696 -1.317
930.814 -1.318
930.932 -1.319
931.05 -1.32
931.171 -1.321
931.295 -1.322
931.419 -1.323
931.545 -1.324
931.67 -1.325
931.796 -1.326
931.923 -1.327
932.052 -1.328
932.184 -1.329
932.314 -1.33
932.445 -1.331
932.575 -1.332
932.705 -1.333
932.834 -1.334
932.966 -1.335
933.099 -1.336
933.233 -1.337
933.367 -1.338
933.504 -1.339
933.648 -1.34
933.791 -1.341
933.932 -1.342
934.074 -1.343
934.222 -1.344
934.375 -1.345
934.528 -1.346
934.681 -1.347
934.834 -1.348
934.988 -1.349
935.141 -1.35
935.294 -1.351
935.448 -1.352
935.602 -1.353
935.757 -1.354
935.915 -1.355
936.072 -1.356
936.23 -1.357
936.387 -1.358
936.549 -1.359
936.712 -1.36
936.875 -1.361
937.037 -1.362
937.198 -1.363
937.36 -1.364
937.521 -1.365
937.681 -1.366
937.839 -1.367
937.998 -1.368
938.161 -1.369
938.324 -1.37
938.487 -1.371
938.653 -1.372
938.824 -1.373
938.994 -1.374
939.165 -1.375
939.335 -1.376
939.506 -1.377
939.68 -1.378
939.853 -1.379
940.027 -1.38
940.201 -1.381
940.373 -1.382
940.545 -1.383
940.716 -1.384
940.887 -1.385
941.058 -1.386
941.226 -1.387
941.395 -1.388
941.564 -1.389
941.732 -1.39
941.899 -1.391
942.067 -1.392
942.235 -1.393
942.402 -1.394
942.558 -1.395
942.698 -1.396
942.83 -1.397
942.955 -1.398
943.08 -1.399
943.206 -1.4
943.331 -1.401
943.456 -1.402
943.581 -1.403
943.707 -1.404
943.832 -1.405
943.957 -1.406
944.082 -1.407
944.207 -1.408
944.332 -1.409
944.457 -1.41
944.582 -1.411
944.706 -1.412
944.831 -1.413
944.955 -1.414
945.08 -1.415
945.205 -1.416
945.331 -1.417
945.457 -1.418
945.582 -1.419
945.707 -1.42
945.833 -1.421
945.959 -1.422
946.086 -1.423
946.212 -1.424
946.339 -1.425
946.465 -1.426
946.591 -1.427
946.718 -1.428
946.845 -1.429
946.972 -1.43
947.098 -1.431
947.225 -1.432
947.352 -1.433
947.479 -1.434
947.606 -1.435
947.733 -1.436
947.86 -1.437
947.987 -1.438
948.114 -1.439
948.241 -1.44
948.368 -1.441
948.495 -1.442
948.622 -1.443
948.749 -1.444
948.876 -1.445
949.003 -1.446
949.13 -1.447
949.257 -1.448
949.384 -1.449
949.511 -1.45
949.638 -1.451
949.766 -1.452
949.893 -1.453
950.02 -1.454
950.148 -1.455
950.275 -1.456
950.402 -1.457
950.53 -1.458
950.657 -1.459
950.785 -1.46
950.912 -1.461
951.04 -1.462
951.167 -1.463
951.295 -1.464
951.422 -1.465
951.55 -1.466
951.678 -1.467
951.805 -1.468
951.933 -1.469
952.061 -1.47
952.188 -1.471
952.316 -1.472
952.444 -1.473
952.572 -1.474
952.699 -1.475
952.827 -1.476
952.955 -1.477
953.083 -1.478
953.21 -1.479
953.338 -1.48
953.466 -1.481
953.593 -1.482
953.721 -1.483
953.849 -1.484
953.977 -1.485
954.105 -1.486
954.233 -1.487
954.36 -1.488
954.488 -1.489
954.616 -1.49
954.744 -1.491
954.871 -1.492
954.999 -1.493
955.127 -1.494
955.255 -1.495
955.383 -1.496
955.51 -1.497
955.638 -1.498
955.766 -1.499
955.894 -1.5
956.022 -1.501
956.149 -1.502
956.277 -1.503
956.405 -1.504
956.533 -1.505
956.661 -1.506
956.789 -1.507
956.917 -1.508
957.044 -1.509
957.172 -1.51
957.3 -1.511
957.428 -1.512
957.556 -1.513
957.683 -1.514
957.811 -1.515
957.938 -1.516
958.065 -1.517
958.192 -1.518
958.319 -1.519
958.447 -1.52
958.574 -1.521
958.701 -1.522
958.828 -1.523
958.955 -1.524
959.083 -1.525
959.21 -1.526
959.337 -1.527
959.464 -1.528
959.592 -1.529
959.719 -1.53
959.847 -1.531
959.974 -1.532
960.101 -1.533
960.229 -1.534
960.356 -1.535
960.484 -1.536
960.611 -1.537
960.739 -1.538
960.867 -1.539
960.995 -1.54
961.122 -1.541
961.249 -1.542
961.376 -1.543
961.504 -1.544
961.631 -1.545
961.759 -1.546
961.886 -1.547
962.013 -1.548
962.14 -1.549
962.267 -1.55
962.394 -1.551
962.521 -1.552
962.648 -1.553
962.775 -1.554
962.902 -1.555
963.028 -1.556
963.156 -1.557
963.283 -1.558
963.408 -1.559
963.533 -1.56
963.659 -1.561
963.784 -1.562
963.909 -1.563
964.035 -1.564
964.16 -1.565
964.285 -1.566
964.409 -1.567
964.534 -1.568
964.659 -1.569
964.784 -1.57
964.909 -1.571
965.034 -1.572
965.158 -1.573
965.283 -1.574
965.407 -1.575
965.532 -1.576
965.656 -1.577
965.78 -1.578
965.904 -1.579
966.028 -1.58
966.152 -1.581
966.276 -1.582
966.399 -1.583
966.52 -1.584
966.641 -1.585
966.759 -1.586
966.846 -1.587
966.941 -1.588
967.029 -1.589
967.111 -1.59
967.199 -1.591
967.289 -1.592
967.379 -1.593
967.468 -1.594
967.56 -1.595
967.66 -1.596
967.765 -1.597
967.868 -1.598
967.978 -1.599
968.086 -1.6
