9.06003 -0.001
18.1077 -0.002
27.1443 -0.003
36.1691 -0.004
45.1822 -0.005
54.1835 -0.006
63.1728 -0.007
72.1501 -0.008
81.1153 -0.009
90.0682 -0.01
99.0089 -0.011
107.937 -0.012
116.853 -0.013
125.756 -0.014
134.646 -0.015
143.524 -0.016
152.389 -0.017
161.24 -0.018
170.079 -0.019
178.904 -0.02
187.716 -0.021
196.514 -0.022
205.299 -0.023
214.07 -0.024
222.827 -0.025
231.57 -0.026
240.299 -0.027
249.014 -0.028
257.714 -0.029
266.386 -0.03
274.727 -0.031
282.251 -0.032
288.397 -0.033
293.362 -0.034
298.105 -0.035
302.628 -0.036
306.831 -0.037
310.635 -0.038
313.863 -0.039
317.025 -0.04
320.169 -0.041
323.295 -0.042
326.396 -0.043
329.476 -0.044
332.53 -0.045
335.556 -0.046
338.559 -0.047
341.541 -0.048
344.507 -0.049
347.461 -0.05
350.406 -0.051
353.345 -0.052
356.277 -0.053
359.201 -0.054
362.118 -0.055
365.005 -0.056
367.768 -0.057
370.322 -0.058
372.543 -0.059
374.241 -0.06
375.443 -0.061
376.613 -0.062
377.776 -0.063
378.935 -0.064
380.089 -0.065
381.237 -0.066
382.379 -0.067
383.514 -0.068
384.644 -0.069
385.767 -0.07
386.872 -0.071
387.95 -0.072
388.982 -0.073
389.961 -0.074
390.896 -0.075
391.733 -0.076
392.5 -0.077
393.162 -0.078
393.639 -0.079
393.935 -0.08
394.211 -0.081
394.481 -0.082
394.74 -0.083
394.993 -0.084
395.237 -0.085
395.473 -0.086
395.702 -0.087
395.924 -0.088
396.136 -0.089
396.342 -0.09
396.539 -0.091
396.73 -0.092
396.916 -0.093
397.099 -0.094
397.276 -0.095
397.45 -0.096
397.621 -0.097
397.791 -0.098
397.959 -0.099
398.125 -0.1
398.29 -0.101
398.454 -0.102
398.617 -0.103
398.779 -0.104
398.94 -0.105
399.1 -0.106
399.259 -0.107
399.418 -0.108
399.575 -0.109
399.732 -0.11
399.888 -0.111
400.043 -0.112
400.197 -0.113
400.349 -0.114
400.501 -0.115
400.652 -0.116
400.802 -0.117
400.95 -0.118
401.098 -0.119
401.244 -0.12
401.388 -0.121
401.532 -0.122
401.674 -0.123
401.814 -0.124
401.953 -0.125
402.092 -0.126
402.229 -0.127
402.365 -0.128
402.5 -0.129
402.633 -0.13
402.764 -0.131
402.894 -0.132
403.023 -0.133
403.151 -0.134
403.277 -0.135
403.402 -0.136
403.526 -0.137
403.649 -0.138
403.771 -0.139
403.892 -0.14
404.012 -0.141
404.13 -0.142
404.247 -0.143
404.362 -0.144
404.476 -0.145
404.59 -0.146
404.703 -0.147
404.815 -0.148
404.925 -0.149
405.035 -0.15
405.143 -0.151
405.251 -0.152
405.357 -0.153
405.463 -0.154
405.568 -0.155
405.671 -0.156
405.774 -0.157
405.876 -0.158
405.977 -0.159
406.078 -0.16
406.178 -0.161
406.277 -0.162
406.376 -0.163
406.475 -0.164
406.573 -0.165
406.671 -0.166
406.767 -0.167
406.864 -0.168
406.96 -0.169
407.056 -0.17
407.151 -0.171
407.246 -0.172
407.34 -0.173
407.435 -0.174
407.528 -0.175
407.621 -0.176
407.714 -0.177
407.806 -0.178
407.898 -0.179
407.989 -0.18
408.08 -0.181
408.171 -0.182
408.262 -0.183
408.352 -0.184
408.442 -0.185
408.532 -0.186
408.622 -0.187
408.711 -0.188
408.8 -0.189
408.889 -0.19
408.977 -0.191
409.064 -0.192
409.152 -0.193
409.239 -0.194
409.326 -0.195
409.413 -0.196
409.499 -0.197
409.585 -0.198
409.671 -0.199
409.757 -0.2
409.842 -0.201
409.927 -0.202
410.012 -0.203
410.096 -0.204
410.18 -0.205
410.264 -0.206
410.348 -0.207
410.431 -0.208
410.515 -0.209
410.598 -0.21
410.68 -0.211
410.763 -0.212
410.845 -0.213
410.926 -0.214
411.008 -0.215
411.089 -0.216
411.17 -0.217
411.251 -0.218
411.331 -0.219
411.412 -0.22
411.492 -0.221
411.571 -0.222
411.651 -0.223
411.73 -0.224
411.809 -0.225
411.888 -0.226
411.966 -0.227
412.044 -0.228
412.122 -0.229
412.2 -0.23
412.278 -0.231
412.355 -0.232
412.432 -0.233
412.509 -0.234
412.585 -0.235
412.662 -0.236
412.738 -0.237
412.814 -0.238
412.89 -0.239
412.965 -0.24
413.041 -0.241
413.116 -0.242
413.191 -0.243
413.265 -0.244
413.34 -0.245
413.414 -0.246
413.488 -0.247
413.562 -0.248
413.636 -0.249
413.709 -0.25
413.783 -0.251
413.856 -0.252
413.929 -0.253
414.002 -0.254
414.074 -0.255
414.147 -0.256
414.219 -0.257
414.291 -0.258
414.363 -0.259
414.435 -0.26
414.507 -0.261
414.579 -0.262
414.65 -0.263
414.722 -0.264
414.793 -0.265
414.864 -0.266
414.935 -0.267
415.006 -0.268
415.077 -0.269
415.147 -0.27
415.218 -0.271
415.288 -0.272
415.359 -0.273
415.429 -0.274
415.499 -0.275
415.569 -0.276
415.639 -0.277
415.709 -0.278
415.779 -0.279
415.848 -0.28
415.918 -0.281
415.988 -0.282
416.057 -0.283
416.127 -0.284
416.196 -0.285
416.265 -0.286
416.335 -0.287
416.404 -0.288
416.473 -0.289
416.542 -0.29
416.611 -0.291
416.681 -0.292
416.75 -0.293
416.819 -0.294
416.888 -0.295
416.957 -0.296
417.025 -0.297
417.094 -0.298
417.163 -0.299
417.232 -0.3
417.301 -0.301
417.37 -0.302
417.439 -0.303
417.508 -0.304
417.577 -0.305
417.646 -0.306
417.715 -0.307
417.783 -0.308
417.852 -0.309
417.921 -0.31
417.99 -0.311
418.059 -0.312
418.128 -0.313
418.197 -0.314
418.266 -0.315
418.335 -0.316
418.404 -0.317
418.473 -0.318
418.542 -0.319
418.611 -0.32
418.68 -0.321
418.749 -0.322
418.818 -0.323
418.887 -0.324
418.956 -0.325
419.025 -0.326
419.094 -0.327
419.163 -0.328
419.232 -0.329
419.301 -0.33
419.371 -0.331
419.44 -0.332
419.509 -0.333
419.578 -0.334
419.647 -0.335
419.716 -0.336
419.786 -0.337
419.855 -0.338
419.924 -0.339
419.993 -0.34
420.062 -0.341
420.132 -0.342
420.201 -0.343
420.27 -0.344
420.339 -0.345
420.409 -0.346
420.478 -0.347
420.547 -0.348
420.617 -0.349
420.686 -0.35
420.755 -0.351
420.825 -0.352
420.894 -0.353
420.963 -0.354
421.033 -0.355
421.102 -0.356
421.172 -0.357
421.241 -0.358
421.311 -0.359
421.38 -0.36
421.45 -0.361
421.519 -0.362
421.589 -0.363
421.658 -0.364
421.728 -0.365
421.798 -0.366
421.867 -0.367
421.937 -0.368
422.006 -0.369
422.076 -0.37
422.146 -0.371
422.215 -0.372
422.285 -0.373
422.355 -0.374
422.425 -0.375
422.494 -0.376
422.564 -0.377
422.634 -0.378
422.704 -0.379
422.774 -0.38
422.844 -0.381
422.914 -0.382
422.983 -0.383
423.053 -0.384
423.123 -0.385
423.193 -0.386
423.263 -0.387
423.333 -0.388
423.403 -0.389
423.473 -0.39
423.543 -0.391
423.614 -0.392
423.684 -0.393
423.754 -0.394
423.824 -0.395
423.894 -0.396
423.964 -0.397
424.035 -0.398
424.105 -0.399
424.175 -0.4
424.246 -0.401
424.316 -0.402
424.386 -0.403
424.457 -0.404
424.527 -0.405
424.597 -0.406
424.668 -0.407
424.738 -0.408
424.809 -0.409
424.879 -0.41
424.95 -0.411
425.02 -0.412
425.091 -0.413
425.162 -0.414
425.232 -0.415
425.303 -0.416
425.374 -0.417
425.444 -0.418
425.515 -0.419
425.586 -0.42
425.657 -0.421
425.727 -0.422
425.798 -0.423
425.869 -0.424
425.94 -0.425
426.011 -0.426
426.082 -0.427
426.153 -0.428
426.224 -0.429
426.295 -0.43
426.366 -0.431
426.437 -0.432
426.508 -0.433
426.579 -0.434
426.65 -0.435
426.721 -0.436
426.792 -0.437
426.863 -0.438
426.935 -0.439
427.006 -0.44
427.077 -0.441
427.148 -0.442
427.22 -0.443
427.291 -0.444
427.363 -0.445
427.434 -0.446
427.505 -0.447
427.577 -0.448
427.648 -0.449
427.72 -0.45
427.791 -0.451
427.863 -0.452
427.935 -0.453
428.006 -0.454
428.078 -0.455
428.15 -0.456
428.221 -0.457
428.293 -0.458
428.365 -0.459
428.437 -0.46
428.509 -0.461
428.581 -0.462
428.652 -0.463
428.724 -0.464
428.796 -0.465
428.868 -0.466
428.941 -0.467
429.013 -0.468
429.085 -0.469
429.157 -0.47
429.229 -0.471
429.301 -0.472
429.374 -0.473
429.446 -0.474
429.518 -0.475
429.591 -0.476
429.663 -0.477
429.735 -0.478
429.808 -0.479
429.88 -0.48
429.953 -0.481
430.025 -0.482
430.098 -0.483
430.171 -0.484
430.243 -0.485
430.316 -0.486
430.389 -0.487
430.461 -0.488
430.534 -0.489
430.607 -0.49
430.68 -0.491
430.753 -0.492
430.826 -0.493
430.899 -0.494
430.972 -0.495
431.045 -0.496
431.118 -0.497
431.191 -0.498
431.264 -0.499
431.337 -0.5
431.41 -0.501
431.484 -0.502
431.557 -0.503
431.63 -0.504
431.704 -0.505
431.777 -0.506
431.85 -0.507
431.924 -0.508
431.997 -0.509
432.071 -0.51
432.144 -0.511
432.218 -0.512
432.292 -0.513
432.365 -0.514
432.439 -0.515
432.513 -0.516
432.586 -0.517
432.66 -0.518
432.734 -0.519
432.808 -0.52
432.882 -0.521
432.956 -0.522
433.03 -0.523
433.104 -0.524
433.178 -0.525
433.252 -0.526
433.326 -0.527
433.4 -0.528
433.474 -0.529
433.548 -0.53
433.623 -0.531
433.697 -0.532
433.771 -0.533
433.846 -0.534
433.92 -0.535
433.995 -0.536
434.069 -0.537
434.144 -0.538
434.218 -0.539
434.293 -0.54
434.368 -0.541
434.442 -0.542
434.517 -0.543
434.592 -0.544
434.667 -0.545
434.742 -0.546
434.817 -0.547
434.892 -0.548
434.967 -0.549
435.042 -0.55
435.117 -0.551
435.192 -0.552
435.267 -0.553
435.343 -0.554
435.418 -0.555
435.493 -0.556
435.568 -0.557
435.644 -0.558
435.719 -0.559
435.794 -0.56
435.87 -0.561
435.945 -0.562
436.021 -0.563
436.096 -0.564
436.172 -0.565
436.248 -0.566
436.323 -0.567
436.399 -0.568
436.475 -0.569
436.551 -0.57
436.627 -0.571
436.703 -0.572
436.779 -0.573
436.854 -0.574
436.93 -0.575
437.006 -0.576
437.083 -0.577
437.159 -0.578
437.235 -0.579
437.311 -0.58
437.387 -0.581
437.463 -0.582
437.54 -0.583
437.616 -0.584
437.693 -0.585
437.769 -0.586
437.846 -0.587
437.922 -0.588
437.999 -0.589
438.075 -0.59
438.152 -0.591
438.229 -0.592
438.306 -0.593
438.383 -0.594
438.459 -0.595
438.536 -0.596
438.613 -0.597
438.691 -0.598
438.768 -0.599
438.845 -0.6
438.922 -0.601
438.999 -0.602
439.076 -0.603
439.154 -0.604
439.231 -0.605
439.308 -0.606
439.386 -0.607
439.463 -0.608
439.541 -0.609
439.618 -0.61
439.696 -0.611
439.773 -0.612
439.851 -0.613
439.928 -0.614
440.006 -0.615
440.083 -0.616
440.161 -0.617
440.239 -0.618
440.316 -0.619
440.394 -0.62
440.472 -0.621
440.55 -0.622
440.628 -0.623
440.706 -0.624
440.784 -0.625
440.862 -0.626
440.94 -0.627
441.019 -0.628
441.097 -0.629
441.175 -0.63
441.254 -0.631
441.332 -0.632
441.411 -0.633
441.489 -0.634
441.568 -0.635
441.647 -0.636
441.725 -0.637
441.804 -0.638
441.883 -0.639
441.962 -0.64
442.041 -0.641
442.12 -0.642
442.199 -0.643
442.278 -0.644
442.357 -0.645
442.436 -0.646
442.515 -0.647
442.595 -0.648
442.674 -0.649
442.754 -0.65
442.833 -0.651
442.913 -0.652
442.992 -0.653
443.072 -0.654
443.151 -0.655
443.231 -0.656
443.311 -0.657
443.391 -0.658
443.471 -0.659
443.551 -0.66
443.631 -0.661
443.711 -0.662
443.791 -0.663
443.871 -0.664
443.952 -0.665
444.032 -0.666
444.112 -0.667
444.193 -0.668
444.273 -0.669
444.353 -0.67
444.434 -0.671
444.514 -0.672
444.595 -0.673
444.676 -0.674
444.756 -0.675
444.837 -0.676
444.918 -0.677
444.999 -0.678
445.08 -0.679
445.161 -0.68
445.242 -0.681
445.323 -0.682
445.404 -0.683
445.485 -0.684
445.567 -0.685
445.648 -0.686
445.729 -0.687
445.811 -0.688
445.892 -0.689
445.974 -0.69
446.056 -0.691
446.137 -0.692
446.219 -0.693
446.3 -0.694
446.382 -0.695
446.464 -0.696
446.546 -0.697
446.628 -0.698
446.71 -0.699
446.792 -0.7
446.874 -0.701
446.956 -0.702
447.038 -0.703
447.12 -0.704
447.203 -0.705
447.285 -0.706
447.368 -0.707
447.45 -0.708
447.532 -0.709
447.615 -0.71
447.697 -0.711
447.78 -0.712
447.862 -0.713
447.945 -0.714
448.027 -0.715
448.11 -0.716
448.193 -0.717
448.276 -0.718
448.359 -0.719
448.442 -0.72
448.525 -0.721
448.608 -0.722
448.691 -0.723
448.775 -0.724
448.858 -0.725
448.941 -0.726
449.025 -0.727
449.108 -0.728
449.192 -0.729
449.275 -0.73
449.359 -0.731
449.443 -0.732
449.527 -0.733
449.61 -0.734
449.694 -0.735
449.778 -0.736
449.862 -0.737
449.946 -0.738
450.031 -0.739
450.115 -0.74
450.199 -0.741
450.283 -0.742
450.368 -0.743
450.452 -0.744
450.537 -0.745
450.622 -0.746
450.706 -0.747
450.791 -0.748
450.876 -0.749
450.961 -0.75
451.046 -0.751
451.131 -0.752
451.216 -0.753
451.301 -0.754
451.386 -0.755
451.471 -0.756
451.556 -0.757
451.641 -0.758
451.727 -0.759
451.812 -0.76
451.897 -0.761
451.983 -0.762
452.069 -0.763
452.154 -0.764
452.24 -0.765
452.326 -0.766
452.412 -0.767
452.498 -0.768
452.584 -0.769
452.67 -0.77
452.756 -0.771
452.842 -0.772
452.928 -0.773
453.015 -0.774
453.101 -0.775
453.188 -0.776
453.274 -0.777
453.361 -0.778
453.447 -0.779
453.534 -0.78
453.621 -0.781
453.708 -0.782
453.795 -0.783
453.882 -0.784
453.969 -0.785
454.056 -0.786
454.143 -0.787
454.23 -0.788
454.318 -0.789
454.405 -0.79
454.493 -0.791
454.58 -0.792
454.668 -0.793
454.755 -0.794
454.843 -0.795
454.931 -0.796
455.019 -0.797
455.107 -0.798
455.195 -0.799
455.283 -0.8
455.371 -0.801
455.459 -0.802
455.547 -0.803
455.636 -0.804
455.724 -0.805
455.813 -0.806
455.901 -0.807
455.99 -0.808
456.079 -0.809
456.167 -0.81
456.256 -0.811
456.345 -0.812
456.434 -0.813
456.523 -0.814
456.612 -0.815
456.701 -0.816
456.791 -0.817
456.88 -0.818
456.969 -0.819
457.059 -0.82
457.148 -0.821
457.238 -0.822
457.328 -0.823
457.417 -0.824
457.507 -0.825
457.597 -0.826
457.687 -0.827
457.777 -0.828
457.867 -0.829
457.958 -0.83
458.048 -0.831
458.138 -0.832
458.228 -0.833
458.319 -0.834
458.409 -0.835
458.499 -0.836
458.59 -0.837
458.68 -0.838
458.771 -0.839
458.862 -0.84
458.952 -0.841
459.043 -0.842
459.134 -0.843
459.225 -0.844
459.316 -0.845
459.407 -0.846
459.498 -0.847
459.59 -0.848
459.681 -0.849
459.773 -0.85
459.864 -0.851
459.956 -0.852
460.047 -0.853
460.139 -0.854
460.231 -0.855
460.323 -0.856
460.415 -0.857
460.507 -0.858
460.599 -0.859
460.691 -0.86
460.783 -0.861
460.876 -0.862
460.968 -0.863
461.06 -0.864
461.153 -0.865
461.245 -0.866
461.338 -0.867
461.431 -0.868
461.524 -0.869
461.616 -0.87
461.709 -0.871
461.802 -0.872
461.895 -0.873
461.988 -0.874
462.082 -0.875
462.175 -0.876
462.268 -0.877
462.362 -0.878
462.455 -0.879
462.549 -0.88
462.642 -0.881
462.736 -0.882
462.83 -0.883
462.924 -0.884
463.017 -0.885
463.111 -0.886
463.205 -0.887
463.299 -0.888
463.394 -0.889
463.488 -0.89
463.582 -0.891
463.676 -0.892
463.771 -0.893
463.865 -0.894
463.96 -0.895
464.054 -0.896
464.149 -0.897
464.244 -0.898
464.339 -0.899
464.434 -0.9
