13.6811 -0.001
27.3506 -0.002
41.0085 -0.003
54.6548 -0.004
68.2893 -0.005
81.9119 -0.006
95.5226 -0.007
109.121 -0.008
122.708 -0.009
136.282 -0.01
149.844 -0.011
163.394 -0.012
176.931 -0.013
190.456 -0.014
203.968 -0.015
217.467 -0.016
230.953 -0.017
244.426 -0.018
257.886 -0.019
271.333 -0.02
284.766 -0.021
298.187 -0.022
311.593 -0.023
324.986 -0.024
338.365 -0.025
351.73 -0.026
365.081 -0.027
378.418 -0.028
391.741 -0.029
405.049 -0.03
418.017 -0.031
429.755 -0.032
439.09 -0.033
448.024 -0.034
456.937 -0.035
465.869 -0.036
474.811 -0.037
483.752 -0.038
492.642 -0.039
500.968 -0.04
507.93 -0.041
513.271 -0.042
518.565 -0.043
523.848 -0.044
529.12 -0.045
534.373 -0.046
539.622 -0.047
544.886 -0.048
550.144 -0.049
555.398 -0.05
560.633 -0.051
565.864 -0.052
571.081 -0.053
576.28 -0.054
581.46 -0.055
586.624 -0.056
591.775 -0.057
596.914 -0.058
602.039 -0.059
607.138 -0.06
612.175 -0.061
617.066 -0.062
621.769 -0.063
626.31 -0.064
630.517 -0.065
634.574 -0.066
638.256 -0.067
641.509 -0.068
644.236 -0.069
646.812 -0.07
649.238 -0.071
651.454 -0.072
653.428 -0.073
655.104 -0.074
656.248 -0.075
657.08 -0.076
657.882 -0.077
658.656 -0.078
659.393 -0.079
660.09 -0.08
660.757 -0.081
661.399 -0.082
662.011 -0.083
662.598 -0.084
663.171 -0.085
663.729 -0.086
664.269 -0.087
664.792 -0.088
665.301 -0.089
665.797 -0.09
666.28 -0.091
666.753 -0.092
667.218 -0.093
667.678 -0.094
668.133 -0.095
668.584 -0.096
669.03 -0.097
669.474 -0.098
669.91 -0.099
670.343 -0.1
670.768 -0.101
671.19 -0.102
671.606 -0.103
672.017 -0.104
672.417 -0.105
672.807 -0.106
673.189 -0.107
673.561 -0.108
673.921 -0.109
674.274 -0.11
674.618 -0.111
674.945 -0.112
675.266 -0.113
675.576 -0.114
675.873 -0.115
676.157 -0.116
676.433 -0.117
676.7 -0.118
676.954 -0.119
677.202 -0.12
677.445 -0.121
677.681 -0.122
677.909 -0.123
678.133 -0.124
678.352 -0.125
678.563 -0.126
678.768 -0.127
678.971 -0.128
679.173 -0.129
679.373 -0.13
679.564 -0.131
679.754 -0.132
679.943 -0.133
680.132 -0.134
680.319 -0.135
680.505 -0.136
680.69 -0.137
680.875 -0.138
681.06 -0.139
681.244 -0.14
681.426 -0.141
681.608 -0.142
681.79 -0.143
681.971 -0.144
682.151 -0.145
682.331 -0.146
682.511 -0.147
682.688 -0.148
682.864 -0.149
683.04 -0.15
683.215 -0.151
683.389 -0.152
683.563 -0.153
683.736 -0.154
683.908 -0.155
684.079 -0.156
684.248 -0.157
684.417 -0.158
684.586 -0.159
684.754 -0.16
684.922 -0.161
685.089 -0.162
685.255 -0.163
685.42 -0.164
685.584 -0.165
685.748 -0.166
685.911 -0.167
686.074 -0.168
686.237 -0.169
686.399 -0.17
686.561 -0.171
686.721 -0.172
686.88 -0.173
687.039 -0.174
687.197 -0.175
687.355 -0.176
687.513 -0.177
687.67 -0.178
687.826 -0.179
687.983 -0.18
688.138 -0.181
688.294 -0.182
688.449 -0.183
688.603 -0.184
688.757 -0.185
688.911 -0.186
689.064 -0.187
689.217 -0.188
689.37 -0.189
689.522 -0.19
689.674 -0.191
689.824 -0.192
689.974 -0.193
690.124 -0.194
690.274 -0.195
690.423 -0.196
690.572 -0.197
690.72 -0.198
690.867 -0.199
691.014 -0.2
691.16 -0.201
691.306 -0.202
691.452 -0.203
691.597 -0.204
691.742 -0.205
691.885 -0.206
692.027 -0.207
692.168 -0.208
692.308 -0.209
692.447 -0.21
692.586 -0.211
692.724 -0.212
692.862 -0.213
692.999 -0.214
693.136 -0.215
693.273 -0.216
693.41 -0.217
693.546 -0.218
693.68 -0.219
693.813 -0.22
693.943 -0.221
694.072 -0.222
694.201 -0.223
694.329 -0.224
694.457 -0.225
694.585 -0.226
694.712 -0.227
694.839 -0.228
694.966 -0.229
695.092 -0.23
695.217 -0.231
695.341 -0.232
695.463 -0.233
695.584 -0.234
695.704 -0.235
695.821 -0.236
695.938 -0.237
696.054 -0.238
696.171 -0.239
696.287 -0.24
696.403 -0.241
696.518 -0.242
696.634 -0.243
696.748 -0.244
696.862 -0.245
696.975 -0.246
697.089 -0.247
697.202 -0.248
697.315 -0.249
697.427 -0.25
697.539 -0.251
697.65 -0.252
697.759 -0.253
697.867 -0.254
697.975 -0.255
698.082 -0.256
698.189 -0.257
698.296 -0.258
698.403 -0.259
698.51 -0.26
698.616 -0.261
698.722 -0.262
698.827 -0.263
698.932 -0.264
699.037 -0.265
699.142 -0.266
699.246 -0.267
699.351 -0.268
699.455 -0.269
699.559 -0.27
699.664 -0.271
699.768 -0.272
699.872 -0.273
699.975 -0.274
700.079 -0.275
700.182 -0.276
700.284 -0.277
700.386 -0.278
700.488 -0.279
700.59 -0.28
700.691 -0.281
700.793 -0.282
700.894 -0.283
700.996 -0.284
701.097 -0.285
701.198 -0.286
701.298 -0.287
701.399 -0.288
701.499 -0.289
701.599 -0.29
701.698 -0.291
701.798 -0.292
701.898 -0.293
701.997 -0.294
702.097 -0.295
702.196 -0.296
702.295 -0.297
702.395 -0.298
702.494 -0.299
702.593 -0.3
702.692 -0.301
702.791 -0.302
702.89 -0.303
702.988 -0.304
703.087 -0.305
703.185 -0.306
703.282 -0.307
703.38 -0.308
703.477 -0.309
703.574 -0.31
703.671 -0.311
703.768 -0.312
703.865 -0.313
703.961 -0.314
704.058 -0.315
704.155 -0.316
704.251 -0.317
704.347 -0.318
704.444 -0.319
704.54 -0.32
704.636 -0.321
704.732 -0.322
704.828 -0.323
704.924 -0.324
705.02 -0.325
705.116 -0.326
705.212 -0.327
705.308 -0.328
705.403 -0.329
705.499 -0.33
705.594 -0.331
705.69 -0.332
705.785 -0.333
705.88 -0.334
705.975 -0.335
706.07 -0.336
706.165 -0.337
706.26 -0.338
706.355 -0.339
706.45 -0.34
706.544 -0.341
706.638 -0.342
706.733 -0.343
706.827 -0.344
706.921 -0.345
707.015 -0.346
707.109 -0.347
707.203 -0.348
707.297 -0.349
707.391 -0.35
707.485 -0.351
707.578 -0.352
707.672 -0.353
707.765 -0.354
707.859 -0.355
707.953 -0.356
708.046 -0.357
708.139 -0.358
708.233 -0.359
708.326 -0.36
708.419 -0.361
708.512 -0.362
708.605 -0.363
708.698 -0.364
708.791 -0.365
708.884 -0.366
708.977 -0.367
709.07 -0.368
709.162 -0.369
709.255 -0.37
709.348 -0.371
709.44 -0.372
709.532 -0.373
709.625 -0.374
709.717 -0.375
709.809 -0.376
709.901 -0.377
709.993 -0.378
710.085 -0.379
710.177 -0.38
710.269 -0.381
710.361 -0.382
710.453 -0.383
710.544 -0.384
710.636 -0.385
710.728 -0.386
710.819 -0.387
710.91 -0.388
711.002 -0.389
711.093 -0.39
711.184 -0.391
711.275 -0.392
711.366 -0.393
711.457 -0.394
711.547 -0.395
711.638 -0.396
711.729 -0.397
711.819 -0.398
711.909 -0.399
711.999 -0.4
712.089 -0.401
712.179 -0.402
712.269 -0.403
712.359 -0.404
712.449 -0.405
712.539 -0.406
712.628 -0.407
712.718 -0.408
712.807 -0.409
712.896 -0.41
712.984 -0.411
713.073 -0.412
713.161 -0.413
713.249 -0.414
713.338 -0.415
713.425 -0.416
713.513 -0.417
713.6 -0.418
713.688 -0.419
713.775 -0.42
713.862 -0.421
713.949 -0.422
714.036 -0.423
714.122 -0.424
714.209 -0.425
714.295 -0.426
714.381 -0.427
714.467 -0.428
714.553 -0.429
714.639 -0.43
714.725 -0.431
714.81 -0.432
714.895 -0.433
714.98 -0.434
715.064 -0.435
715.149 -0.436
715.233 -0.437
715.317 -0.438
715.4 -0.439
715.483 -0.44
715.566 -0.441
715.649 -0.442
715.731 -0.443
715.813 -0.444
715.894 -0.445
715.975 -0.446
716.056 -0.447
716.136 -0.448
716.215 -0.449
716.294 -0.45
716.372 -0.451
716.45 -0.452
716.526 -0.453
716.601 -0.454
716.675 -0.455
716.746 -0.456
716.813 -0.457
716.876 -0.458
716.932 -0.459
716.979 -0.46
717.015 -0.461
717.052 -0.462
717.1 -0.463
717.139 -0.464
717.169 -0.465
717.194 -0.466
717.222 -0.467
717.238 -0.468
717.241 -0.469
717.228 -0.47
717.249 -0.471
717.272 -0.472
717.287 -0.473
717.295 -0.474
717.321 -0.475
717.357 -0.476
717.388 -0.477
717.413 -0.478
717.45 -0.479
717.49 -0.48
717.533 -0.481
717.579 -0.482
717.622 -0.483
717.678 -0.484
717.733 -0.485
717.785 -0.486
717.837 -0.487
717.89 -0.488
717.954 -0.489
718.021 -0.49
718.082 -0.491
718.141 -0.492
718.199 -0.493
718.256 -0.494
718.32 -0.495
718.386 -0.496
718.45 -0.497
718.514 -0.498
718.577 -0.499
718.641 -0.5
718.708 -0.501
718.774 -0.502
718.834 -0.503
718.893 -0.504
718.952 -0.505
719.011 -0.506
719.071 -0.507
719.131 -0.508
719.19 -0.509
719.25 -0.51
719.31 -0.511
719.371 -0.512
719.432 -0.513
719.492 -0.514
719.555 -0.515
719.618 -0.516
719.681 -0.517
719.744 -0.518
719.808 -0.519
719.873 -0.52
719.939 -0.521
720.004 -0.522
720.071 -0.523
720.137 -0.524
720.204 -0.525
720.271 -0.526
720.338 -0.527
720.406 -0.528
720.474 -0.529
720.541 -0.53
720.608 -0.531
720.677 -0.532
720.745 -0.533
720.814 -0.534
720.882 -0.535
720.95 -0.536
721.018 -0.537
721.088 -0.538
721.157 -0.539
721.226 -0.54
721.294 -0.541
721.363 -0.542
721.431 -0.543
721.499 -0.544
721.568 -0.545
721.637 -0.546
721.707 -0.547
721.776 -0.548
721.844 -0.549
721.913 -0.55
721.984 -0.551
722.054 -0.552
722.124 -0.553
722.194 -0.554
722.264 -0.555
722.334 -0.556
722.404 -0.557
722.475 -0.558
722.546 -0.559
722.616 -0.56
722.687 -0.561
722.757 -0.562
722.828 -0.563
722.899 -0.564
722.97 -0.565
723.042 -0.566
723.113 -0.567
723.184 -0.568
723.255 -0.569
723.325 -0.57
723.396 -0.571
723.468 -0.572
723.539 -0.573
723.61 -0.574
723.681 -0.575
723.754 -0.576
723.827 -0.577
723.9 -0.578
723.975 -0.579
724.05 -0.58
724.124 -0.581
724.199 -0.582
724.275 -0.583
724.352 -0.584
724.428 -0.585
724.505 -0.586
724.582 -0.587
724.66 -0.588
724.737 -0.589
724.815 -0.59
724.894 -0.591
724.973 -0.592
725.052 -0.593
725.131 -0.594
725.211 -0.595
725.291 -0.596
725.371 -0.597
725.451 -0.598
725.531 -0.599
725.611 -0.6
725.691 -0.601
725.77 -0.602
725.849 -0.603
725.928 -0.604
726.007 -0.605
726.086 -0.606
726.164 -0.607
726.243 -0.608
726.321 -0.609
726.398 -0.61
726.476 -0.611
726.553 -0.612
726.63 -0.613
726.706 -0.614
726.782 -0.615
726.858 -0.616
726.933 -0.617
727.008 -0.618
727.082 -0.619
727.155 -0.62
727.227 -0.621
727.298 -0.622
727.367 -0.623
727.434 -0.624
727.497 -0.625
727.554 -0.626
727.603 -0.627
727.645 -0.628
727.677 -0.629
727.696 -0.63
727.722 -0.631
727.778 -0.632
727.824 -0.633
727.859 -0.634
727.884 -0.635
727.9 -0.636
727.923 -0.637
727.94 -0.638
727.982 -0.639
728.04 -0.64
728.09 -0.641
728.138 -0.642
728.196 -0.643
728.262 -0.644
728.343 -0.645
728.417 -0.646
728.487 -0.647
728.553 -0.648
728.623 -0.649
728.697 -0.65
728.784 -0.651
728.865 -0.652
728.944 -0.653
729.019 -0.654
729.091 -0.655
729.165 -0.656
729.247 -0.657
729.326 -0.658
729.405 -0.659
729.481 -0.66
729.556 -0.661
729.631 -0.662
729.707 -0.663
729.783 -0.664
729.858 -0.665
729.933 -0.666
730.009 -0.667
730.086 -0.668
730.163 -0.669
730.24 -0.67
730.317 -0.671
730.394 -0.672
730.471 -0.673
730.547 -0.674
730.624 -0.675
730.701 -0.676
730.777 -0.677
730.855 -0.678
730.933 -0.679
731.011 -0.68
731.089 -0.681
731.167 -0.682
731.244 -0.683
731.319 -0.684
731.395 -0.685
731.47 -0.686
731.301 -0.687
731.319 -0.688
731.384 -0.689
731.463 -0.69
731.542 -0.691
731.628 -0.692
731.721 -0.693
731.814 -0.694
731.909 -0.695
732.002 -0.696
732.095 -0.697
732.19 -0.698
732.146 -0.699
732.162 -0.7
732.178 -0.701
732.194 -0.702
732.258 -0.703
732.335 -0.704
732.402 -0.705
732.477 -0.706
732.568 -0.707
732.659 -0.708
732.75 -0.709
732.841 -0.71
732.935 -0.711
733.04 -0.712
733.123 -0.713
733.199 -0.714
733.275 -0.715
733.352 -0.716
733.428 -0.717
733.504 -0.718
733.58 -0.719
733.655 -0.72
733.731 -0.721
733.807 -0.722
733.883 -0.723
733.959 -0.724
734.034 -0.725
734.111 -0.726
734.187 -0.727
734.263 -0.728
734.34 -0.729
734.416 -0.73
734.493 -0.731
734.569 -0.732
734.645 -0.733
734.722 -0.734
734.799 -0.735
734.876 -0.736
734.953 -0.737
735.031 -0.738
735.109 -0.739
735.187 -0.74
735.265 -0.741
735.343 -0.742
735.422 -0.743
735.501 -0.744
735.581 -0.745
735.661 -0.746
735.742 -0.747
735.823 -0.748
735.905 -0.749
735.987 -0.75
736.07 -0.751
736.152 -0.752
736.235 -0.753
736.319 -0.754
736.402 -0.755
736.486 -0.756
736.57 -0.757
736.655 -0.758
736.74 -0.759
736.825 -0.76
736.91 -0.761
736.996 -0.762
737.081 -0.763
737.167 -0.764
737.253 -0.765
737.339 -0.766
737.425 -0.767
737.512 -0.768
737.599 -0.769
737.686 -0.77
737.773 -0.771
737.861 -0.772
737.948 -0.773
738.035 -0.774
738.123 -0.775
738.21 -0.776
738.298 -0.777
738.386 -0.778
738.473 -0.779
738.561 -0.78
738.648 -0.781
738.735 -0.782
738.823 -0.783
738.91 -0.784
738.997 -0.785
739.085 -0.786
739.172 -0.787
739.259 -0.788
739.346 -0.789
739.432 -0.79
739.519 -0.791
739.606 -0.792
739.692 -0.793
739.778 -0.794
739.865 -0.795
739.95 -0.796
740.036 -0.797
740.121 -0.798
740.206 -0.799
740.29 -0.8
740.373 -0.801
740.456 -0.802
740.538 -0.803
740.617 -0.804
740.694 -0.805
740.768 -0.806
740.839 -0.807
740.906 -0.808
740.967 -0.809
741.025 -0.81
741.077 -0.811
741.123 -0.812
741.161 -0.813
741.191 -0.814
741.215 -0.815
741.229 -0.816
741.235 -0.817
741.233 -0.818
741.222 -0.819
741.136 -0.82
741.003 -0.821
740.72 -0.822
740.371 -0.823
740.023 -0.824
739.678 -0.825
739.333 -0.826
738.992 -0.827
738.741 -0.828
738.796 -0.829
738.919 -0.83
738.952 -0.831
738.878 -0.832
738.605 -0.833
738.34 -0.834
738.081 -0.835
737.828 -0.836
737.578 -0.837
737.5 -0.838
737.849 -0.839
738.166 -0.84
738.497 -0.841
738.801 -0.842
739.079 -0.843
739.357 -0.844
739.63 -0.845
739.863 -0.846
740.013 -0.847
740.139 -0.848
740.262 -0.849
740.348 -0.85
740.42 -0.851
740.492 -0.852
740.577 -0.853
740.662 -0.854
740.746 -0.855
740.829 -0.856
740.909 -0.857
740.993 -0.858
741.082 -0.859
741.17 -0.86
741.271 -0.861
741.372 -0.862
741.472 -0.863
741.571 -0.864
741.673 -0.865
741.779 -0.866
741.889 -0.867
741.998 -0.868
742.105 -0.869
742.208 -0.87
742.309 -0.871
742.408 -0.872
742.515 -0.873
742.623 -0.874
742.728 -0.875
742.832 -0.876
742.936 -0.877
743.039 -0.878
743.137 -0.879
743.236 -0.88
743.338 -0.881
743.44 -0.882
743.542 -0.883
743.647 -0.884
743.751 -0.885
743.855 -0.886
743.959 -0.887
744.063 -0.888
744.167 -0.889
744.272 -0.89
744.379 -0.891
744.485 -0.892
744.592 -0.893
744.7 -0.894
744.809 -0.895
744.918 -0.896
745.027 -0.897
745.136 -0.898
745.245 -0.899
745.353 -0.9
745.465 -0.901
745.576 -0.902
745.687 -0.903
745.798 -0.904
745.909 -0.905
746.02 -0.906
746.131 -0.907
746.243 -0.908
746.355 -0.909
746.466 -0.91
746.577 -0.911
746.688 -0.912
746.8 -0.913
746.912 -0.914
747.024 -0.915
747.137 -0.916
747.25 -0.917
747.363 -0.918
747.474 -0.919
747.586 -0.92
747.698 -0.921
747.808 -0.922
747.92 -0.923
748.031 -0.924
748.143 -0.925
748.254 -0.926
748.364 -0.927
748.474 -0.928
748.583 -0.929
748.691 -0.93
748.8 -0.931
748.908 -0.932
749.017 -0.933
749.121 -0.934
749.226 -0.935
749.33 -0.936
749.432 -0.937
749.534 -0.938
749.636 -0.939
749.738 -0.94
749.84 -0.941
749.942 -0.942
750.043 -0.943
750.141 -0.944
750.239 -0.945
750.337 -0.946
750.435 -0.947
750.533 -0.948
750.632 -0.949
750.73 -0.95
750.828 -0.951
750.927 -0.952
751.025 -0.953
751.124 -0.954
751.223 -0.955
751.321 -0.956
751.42 -0.957
751.519 -0.958
751.618 -0.959
751.717 -0.96
751.816 -0.961
751.915 -0.962
752.014 -0.963
752.114 -0.964
752.213 -0.965
752.312 -0.966
752.412 -0.967
752.511 -0.968
752.611 -0.969
752.71 -0.97
752.81 -0.971
752.91 -0.972
753.01 -0.973
753.109 -0.974
753.209 -0.975
753.309 -0.976
753.409 -0.977
753.51 -0.978
753.61 -0.979
753.71 -0.98
753.81 -0.981
753.911 -0.982
754.011 -0.983
754.112 -0.984
754.212 -0.985
754.313 -0.986
754.414 -0.987
754.515 -0.988
754.616 -0.989
754.716 -0.99
754.817 -0.991
754.919 -0.992
755.02 -0.993
755.121 -0.994
755.222 -0.995
755.324 -0.996
755.425 -0.997
755.526 -0.998
755.628 -0.999
755.73 -1
755.831 -1.001
755.933 -1.002
756.035 -1.003
756.137 -1.004
756.239 -1.005
756.341 -1.006
756.443 -1.007
756.545 -1.008
756.647 -1.009
756.75 -1.01
756.852 -1.011
756.954 -1.012
757.057 -1.013
757.16 -1.014
757.262 -1.015
757.365 -1.016
757.468 -1.017
757.571 -1.018
757.674 -1.019
757.777 -1.02
757.88 -1.021
757.983 -1.022
758.086 -1.023
758.189 -1.024
758.293 -1.025
758.396 -1.026
758.5 -1.027
758.603 -1.028
758.707 -1.029
758.811 -1.03
758.914 -1.031
759.018 -1.032
759.122 -1.033
759.226 -1.034
759.33 -1.035
759.435 -1.036
759.539 -1.037
759.643 -1.038
759.748 -1.039
759.852 -1.04
759.956 -1.041
760.061 -1.042
760.166 -1.043
760.27 -1.044
760.375 -1.045
760.48 -1.046
760.585 -1.047
760.69 -1.048
760.795 -1.049
760.9 -1.05
761.006 -1.051
761.111 -1.052
761.216 -1.053
761.322 -1.054
761.427 -1.055
761.533 -1.056
761.639 -1.057
761.744 -1.058
761.85 -1.059
761.956 -1.06
762.062 -1.061
762.168 -1.062
762.274 -1.063
762.381 -1.064
762.487 -1.065
762.593 -1.066
762.7 -1.067
762.806 -1.068
762.913 -1.069
763.02 -1.07
763.127 -1.071
763.233 -1.072
763.34 -1.073
763.447 -1.074
763.554 -1.075
763.662 -1.076
763.769 -1.077
763.876 -1.078
763.983 -1.079
764.091 -1.08
764.198 -1.081
764.306 -1.082
764.414 -1.083
764.521 -1.084
764.629 -1.085
764.737 -1.086
764.845 -1.087
764.953 -1.088
765.061 -1.089
765.169 -1.09
765.277 -1.091
765.386 -1.092
765.494 -1.093
765.603 -1.094
765.711 -1.095
765.82 -1.096
765.928 -1.097
766.037 -1.098
766.146 -1.099
766.255 -1.1
766.364 -1.101
766.473 -1.102
766.582 -1.103
766.691 -1.104
766.8 -1.105
766.909 -1.106
767.018 -1.107
767.128 -1.108
767.237 -1.109
767.347 -1.11
767.456 -1.111
767.566 -1.112
767.675 -1.113
767.785 -1.114
767.895 -1.115
768.004 -1.116
768.114 -1.117
768.224 -1.118
768.334 -1.119
768.444 -1.12
768.554 -1.121
768.664 -1.122
768.774 -1.123
768.884 -1.124
768.994 -1.125
769.105 -1.126
769.215 -1.127
769.325 -1.128
769.435 -1.129
769.546 -1.13
769.656 -1.131
769.766 -1.132
769.877 -1.133
769.987 -1.134
770.097 -1.135
770.208 -1.136
770.318 -1.137
770.428 -1.138
770.538 -1.139
770.648 -1.14
770.758 -1.141
770.867 -1.142
770.977 -1.143
771.086 -1.144
771.195 -1.145
771.303 -1.146
771.41 -1.147
771.517 -1.148
771.624 -1.149
771.734 -1.15
771.843 -1.151
771.952 -1.152
772.061 -1.153
772.169 -1.154
772.276 -1.155
772.384 -1.156
772.491 -1.157
772.598 -1.158
772.708 -1.159
772.817 -1.16
772.927 -1.161
773.037 -1.162
773.146 -1.163
773.255 -1.164
773.364 -1.165
773.474 -1.166
773.584 -1.167
773.695 -1.168
773.805 -1.169
773.915 -1.17
774.024 -1.171
774.133 -1.172
774.242 -1.173
774.35 -1.174
774.458 -1.175
774.566 -1.176
774.678 -1.177
774.789 -1.178
774.9 -1.179
775.011 -1.18
775.122 -1.181
775.232 -1.182
775.343 -1.183
775.454 -1.184
775.568 -1.185
775.681 -1.186
775.795 -1.187
775.909 -1.188
776.022 -1.189
776.136 -1.19
776.249 -1.191
776.363 -1.192
776.478 -1.193
776.594 -1.194
776.709 -1.195
776.825 -1.196
776.941 -1.197
777.056 -1.198
777.172 -1.199
777.288 -1.2
777.405 -1.201
777.522 -1.202
777.639 -1.203
777.756 -1.204
777.873 -1.205
777.991 -1.206
778.108 -1.207
778.226 -1.208
778.343 -1.209
778.462 -1.21
778.58 -1.211
778.698 -1.212
778.817 -1.213
778.935 -1.214
779.054 -1.215
779.173 -1.216
779.292 -1.217
779.411 -1.218
779.53 -1.219
779.65 -1.22
779.77 -1.221
779.89 -1.222
780.01 -1.223
780.13 -1.224
780.25 -1.225
780.371 -1.226
780.491 -1.227
780.612 -1.228
780.733 -1.229
780.854 -1.23
780.976 -1.231
781.097 -1.232
781.219 -1.233
781.341 -1.234
781.463 -1.235
781.585 -1.236
781.707 -1.237
781.83 -1.238
781.953 -1.239
782.076 -1.24
782.199 -1.241
782.322 -1.242
782.446 -1.243
782.569 -1.244
782.693 -1.245
782.817 -1.246
782.941 -1.247
783.065 -1.248
783.189 -1.249
783.314 -1.25
783.438 -1.251
783.563 -1.252
783.687 -1.253
783.812 -1.254
783.936 -1.255
784.061 -1.256
784.186 -1.257
784.311 -1.258
784.436 -1.259
784.561 -1.26
784.686 -1.261
784.811 -1.262
784.936 -1.263
785.061 -1.264
785.186 -1.265
785.311 -1.266
785.437 -1.267
785.562 -1.268
785.687 -1.269
785.812 -1.27
785.938 -1.271
786.063 -1.272
786.189 -1.273
786.315 -1.274
786.441 -1.275
786.566 -1.276
786.693 -1.277
786.819 -1.278
786.945 -1.279
787.071 -1.28
787.197 -1.281
787.323 -1.282
787.45 -1.283
787.576 -1.284
787.703 -1.285
787.829 -1.286
787.956 -1.287
788.083 -1.288
788.21 -1.289
788.337 -1.29
788.464 -1.291
788.591 -1.292
788.719 -1.293
788.846 -1.294
788.974 -1.295
789.101 -1.296
789.229 -1.297
789.357 -1.298
789.485 -1.299
789.613 -1.3
789.741 -1.301
789.869 -1.302
789.997 -1.303
790.125 -1.304
790.253 -1.305
790.382 -1.306
790.51 -1.307
790.639 -1.308
790.767 -1.309
790.896 -1.31
791.025 -1.311
791.154 -1.312
791.283 -1.313
791.412 -1.314
791.541 -1.315
791.67 -1.316
791.8 -1.317
791.929 -1.318
792.059 -1.319
792.188 -1.32
792.318 -1.321
792.447 -1.322
792.577 -1.323
792.707 -1.324
792.837 -1.325
792.967 -1.326
793.097 -1.327
793.227 -1.328
793.357 -1.329
793.487 -1.33
793.616 -1.331
793.746 -1.332
793.876 -1.333
794.006 -1.334
794.136 -1.335
794.266 -1.336
794.396 -1.337
794.526 -1.338
794.657 -1.339
794.787 -1.34
794.917 -1.341
795.048 -1.342
795.178 -1.343
795.309 -1.344
795.44 -1.345
795.57 -1.346
795.701 -1.347
795.832 -1.348
795.963 -1.349
796.094 -1.35
796.225 -1.351
796.356 -1.352
796.487 -1.353
796.618 -1.354
796.749 -1.355
796.88 -1.356
797.012 -1.357
797.143 -1.358
797.274 -1.359
797.406 -1.36
797.537 -1.361
797.669 -1.362
797.8 -1.363
797.932 -1.364
798.063 -1.365
798.195 -1.366
798.326 -1.367
798.458 -1.368
798.589 -1.369
798.721 -1.37
798.852 -1.371
798.984 -1.372
799.115 -1.373
799.247 -1.374
799.378 -1.375
799.51 -1.376
799.641 -1.377
799.773 -1.378
799.904 -1.379
800.036 -1.38
800.167 -1.381
800.299 -1.382
800.43 -1.383
800.561 -1.384
800.693 -1.385
800.824 -1.386
800.955 -1.387
801.086 -1.388
801.217 -1.389
801.347 -1.39
801.477 -1.391
801.605 -1.392
801.733 -1.393
801.86 -1.394
801.985 -1.395
802.109 -1.396
802.232 -1.397
802.352 -1.398
802.47 -1.399
802.586 -1.4
