7.62697 -0.001
15.2406 -0.002
22.8407 -0.003
30.4273 -0.004
38.0002 -0.005
45.5593 -0.006
53.1045 -0.007
60.6356 -0.008
68.1526 -0.009
75.6553 -0.01
83.1436 -0.011
90.6173 -0.012
98.0763 -0.013
105.52 -0.014
112.95 -0.015
120.364 -0.016
127.763 -0.017
135.146 -0.018
142.514 -0.019
149.866 -0.02
157.202 -0.021
164.522 -0.022
171.826 -0.023
179.113 -0.024
186.384 -0.025
193.638 -0.026
200.875 -0.027
208.095 -0.028
215.297 -0.029
222.482 -0.03
229.649 -0.031
236.798 -0.032
243.928 -0.033
251.04 -0.034
258.133 -0.035
265.207 -0.036
272.262 -0.037
279.298 -0.038
286.313 -0.039
293.309 -0.04
300.284 -0.041
307.238 -0.042
314.172 -0.043
321.084 -0.044
327.974 -0.045
334.843 -0.046
341.689 -0.047
348.493 -0.048
355.087 -0.049
361.284 -0.05
366.736 -0.051
371.025 -0.052
374.693 -0.053
377.814 -0.054
380.469 -0.055
383.06 -0.056
385.558 -0.057
388.001 -0.058
390.308 -0.059
392.527 -0.06
394.599 -0.061
396.477 -0.062
398.178 -0.063
399.865 -0.064
401.542 -0.065
403.2 -0.066
404.841 -0.067
406.461 -0.068
408.064 -0.069
409.652 -0.07
411.23 -0.071
412.797 -0.072
414.349 -0.073
415.889 -0.074
417.42 -0.075
418.941 -0.076
420.45 -0.077
421.947 -0.078
423.437 -0.079
424.916 -0.08
426.388 -0.081
427.85 -0.082
429.294 -0.083
430.708 -0.084
432.092 -0.085
433.45 -0.086
434.723 -0.087
435.904 -0.088
437.076 -0.089
438.239 -0.09
439.305 -0.091
440.206 -0.092
441.077 -0.093
441.943 -0.094
442.802 -0.095
443.647 -0.096
444.362 -0.097
444.947 -0.098
445.526 -0.099
446.101 -0.1
446.585 -0.101
446.908 -0.102
447.22 -0.103
447.525 -0.104
447.824 -0.105
448.116 -0.106
448.403 -0.107
448.685 -0.108
448.958 -0.109
449.226 -0.11
449.483 -0.111
449.736 -0.112
449.98 -0.113
450.218 -0.114
450.451 -0.115
450.679 -0.116
450.902 -0.117
451.12 -0.118
451.331 -0.119
451.539 -0.12
451.744 -0.121
451.945 -0.122
452.144 -0.123
452.34 -0.124
452.532 -0.125
452.723 -0.126
452.909 -0.127
453.093 -0.128
453.274 -0.129
453.454 -0.13
453.632 -0.131
453.808 -0.132
453.984 -0.133
454.157 -0.134
454.327 -0.135
454.491 -0.136
454.652 -0.137
454.805 -0.138
454.956 -0.139
455.097 -0.14
455.235 -0.141
455.364 -0.142
455.489 -0.143
455.613 -0.144
455.736 -0.145
455.856 -0.146
455.976 -0.147
456.094 -0.148
456.211 -0.149
456.326 -0.15
456.439 -0.151
456.552 -0.152
456.664 -0.153
456.775 -0.154
456.886 -0.155
456.994 -0.156
457.101 -0.157
457.207 -0.158
457.312 -0.159
457.417 -0.16
457.52 -0.161
457.62 -0.162
457.714 -0.163
457.808 -0.164
457.897 -0.165
457.983 -0.166
458.067 -0.167
458.145 -0.168
458.222 -0.169
458.293 -0.17
458.361 -0.171
458.429 -0.172
458.496 -0.173
458.562 -0.174
458.627 -0.175
458.692 -0.176
458.755 -0.177
458.818 -0.178
458.88 -0.179
458.941 -0.18
459 -0.181
459.059 -0.182
459.117 -0.183
459.174 -0.184
459.231 -0.185
459.286 -0.186
459.341 -0.187
459.395 -0.188
459.449 -0.189
459.502 -0.19
459.554 -0.191
459.605 -0.192
459.655 -0.193
459.705 -0.194
459.753 -0.195
459.801 -0.196
459.848 -0.197
459.894 -0.198
459.94 -0.199
459.985 -0.2
460.029 -0.201
460.072 -0.202
460.115 -0.203
460.157 -0.204
460.198 -0.205
460.238 -0.206
460.277 -0.207
460.316 -0.208
460.354 -0.209
460.392 -0.21
460.428 -0.211
460.464 -0.212
460.498 -0.213
460.532 -0.214
460.565 -0.215
460.597 -0.216
460.628 -0.217
460.659 -0.218
460.689 -0.219
460.718 -0.22
460.746 -0.221
460.774 -0.222
460.801 -0.223
460.827 -0.224
460.853 -0.225
460.878 -0.226
460.902 -0.227
460.925 -0.228
460.948 -0.229
460.97 -0.23
460.991 -0.231
461.012 -0.232
461.031 -0.233
461.05 -0.234
461.069 -0.235
461.087 -0.236
461.104 -0.237
461.12 -0.238
461.136 -0.239
461.151 -0.24
461.166 -0.241
461.179 -0.242
461.192 -0.243
461.204 -0.244
461.215 -0.245
461.225 -0.246
461.236 -0.247
461.245 -0.248
461.254 -0.249
461.262 -0.25
461.269 -0.251
461.275 -0.252
461.281 -0.253
461.286 -0.254
461.29 -0.255
461.294 -0.256
461.296 -0.257
461.298 -0.258
461.299 -0.259
461.299 -0.26
461.299 -0.261
461.298 -0.262
461.295 -0.263
461.291 -0.264
461.286 -0.265
461.281 -0.266
461.274 -0.267
461.265 -0.268
461.256 -0.269
461.246 -0.27
461.236 -0.271
461.225 -0.272
461.214 -0.273
461.2 -0.274
461.186 -0.275
461.171 -0.276
461.155 -0.277
461.138 -0.278
461.121 -0.279
461.103 -0.28
461.085 -0.281
461.066 -0.282
461.045 -0.283
461.025 -0.284
461.002 -0.285
460.979 -0.286
460.955 -0.287
460.929 -0.288
460.903 -0.289
460.877 -0.29
460.851 -0.291
460.824 -0.292
460.796 -0.293
460.768 -0.294
460.739 -0.295
460.709 -0.296
460.678 -0.297
460.646 -0.298
460.614 -0.299
460.583 -0.3
460.552 -0.301
460.52 -0.302
460.487 -0.303
460.453 -0.304
460.419 -0.305
460.384 -0.306
460.348 -0.307
460.31 -0.308
460.273 -0.309
460.236 -0.31
460.199 -0.311
460.161 -0.312
460.123 -0.313
460.084 -0.314
460.045 -0.315
460.005 -0.316
459.964 -0.317
459.923 -0.318
459.883 -0.319
459.843 -0.32
459.802 -0.321
459.76 -0.322
459.717 -0.323
459.674 -0.324
459.631 -0.325
459.587 -0.326
459.543 -0.327
459.498 -0.328
459.454 -0.329
459.409 -0.33
459.363 -0.331
459.316 -0.332
459.267 -0.333
459.218 -0.334
459.169 -0.335
459.119 -0.336
459.07 -0.337
459.02 -0.338
458.968 -0.339
458.913 -0.34
458.859 -0.341
458.804 -0.342
458.748 -0.343
458.691 -0.344
458.632 -0.345
458.572 -0.346
458.511 -0.347
458.45 -0.348
458.389 -0.349
458.329 -0.35
458.255 -0.351
458.196 -0.352
458.133 -0.353
458.07 -0.354
458.006 -0.355
457.942 -0.356
457.878 -0.357
457.815 -0.358
457.75 -0.359
457.687 -0.36
457.623 -0.361
457.559 -0.362
457.494 -0.363
457.429 -0.364
457.363 -0.365
457.297 -0.366
457.23 -0.367
457.162 -0.368
457.095 -0.369
457.03 -0.37
456.965 -0.371
456.899 -0.372
456.833 -0.373
456.766 -0.374
456.697 -0.375
456.629 -0.376
456.564 -0.377
456.499 -0.378
456.433 -0.379
456.366 -0.38
456.298 -0.381
456.231 -0.382
456.166 -0.383
456.102 -0.384
456.036 -0.385
455.97 -0.386
455.903 -0.387
455.835 -0.388
455.77 -0.389
455.704 -0.39
455.637 -0.391
455.569 -0.392
455.5 -0.393
455.429 -0.394
455.357 -0.395
455.284 -0.396
455.207 -0.397
455.127 -0.398
455.045 -0.399
454.96 -0.4
454.872 -0.401
454.781 -0.402
454.69 -0.403
454.61 -0.404
454.528 -0.405
454.444 -0.406
454.359 -0.407
454.272 -0.408
454.195 -0.409
454.118 -0.41
454.042 -0.411
453.965 -0.412
453.889 -0.413
453.821 -0.414
453.756 -0.415
453.691 -0.416
453.627 -0.417
453.56 -0.418
453.499 -0.419
453.44 -0.42
453.38 -0.421
453.318 -0.422
453.255 -0.423
453.191 -0.424
453.13 -0.425
453.068 -0.426
453.007 -0.427
452.945 -0.428
452.883 -0.429
452.821 -0.43
452.758 -0.431
452.696 -0.432
452.635 -0.433
452.575 -0.434
452.515 -0.435
452.455 -0.436
452.394 -0.437
452.333 -0.438
452.272 -0.439
452.212 -0.44
452.15 -0.441
452.089 -0.442
452.028 -0.443
451.967 -0.444
451.905 -0.445
451.843 -0.446
451.781 -0.447
451.719 -0.448
451.657 -0.449
451.594 -0.45
451.532 -0.451
451.469 -0.452
451.405 -0.453
451.342 -0.454
451.278 -0.455
451.214 -0.456
451.15 -0.457
451.085 -0.458
451.02 -0.459
450.954 -0.46
450.888 -0.461
450.822 -0.462
450.757 -0.463
450.694 -0.464
450.632 -0.465
450.57 -0.466
450.51 -0.467
450.451 -0.468
450.392 -0.469
450.334 -0.47
450.275 -0.471
450.214 -0.472
450.153 -0.473
450.09 -0.474
450.025 -0.475
449.961 -0.476
449.895 -0.477
449.829 -0.478
449.761 -0.479
449.693 -0.48
449.625 -0.481
449.555 -0.482
449.484 -0.483
449.412 -0.484
449.34 -0.485
449.266 -0.486
449.19 -0.487
449.112 -0.488
449.033 -0.489
448.953 -0.49
448.871 -0.491
448.786 -0.492
448.701 -0.493
448.614 -0.494
448.527 -0.495
448.437 -0.496
448.346 -0.497
448.255 -0.498
448.163 -0.499
448.07 -0.5
447.977 -0.501
447.884 -0.502
447.798 -0.503
447.713 -0.504
447.633 -0.505
447.554 -0.506
447.48 -0.507
447.407 -0.508
447.338 -0.509
447.272 -0.51
447.208 -0.511
447.146 -0.512
447.088 -0.513
447.034 -0.514
446.98 -0.515
446.927 -0.516
446.874 -0.517
446.821 -0.518
446.769 -0.519
446.72 -0.52
446.672 -0.521
446.625 -0.522
446.579 -0.523
446.532 -0.524
446.486 -0.525
446.439 -0.526
446.395 -0.527
446.353 -0.528
446.313 -0.529
446.274 -0.53
446.235 -0.531
446.197 -0.532
446.16 -0.533
446.125 -0.534
446.093 -0.535
446.063 -0.536
446.034 -0.537
446.005 -0.538
445.978 -0.539
445.951 -0.54
445.926 -0.541
445.902 -0.542
445.88 -0.543
445.858 -0.544
445.836 -0.545
445.815 -0.546
445.794 -0.547
445.774 -0.548
445.753 -0.549
445.733 -0.55
445.716 -0.551
445.698 -0.552
445.682 -0.553
445.665 -0.554
445.649 -0.555
445.632 -0.556
445.616 -0.557
445.601 -0.558
445.585 -0.559
445.569 -0.56
445.554 -0.561
445.539 -0.562
445.525 -0.563
445.511 -0.564
445.498 -0.565
445.485 -0.566
445.472 -0.567
445.46 -0.568
445.449 -0.569
445.439 -0.57
445.428 -0.571
445.419 -0.572
445.41 -0.573
445.401 -0.574
445.393 -0.575
445.386 -0.576
445.379 -0.577
445.373 -0.578
445.367 -0.579
445.362 -0.58
445.356 -0.581
445.351 -0.582
445.347 -0.583
445.342 -0.584
445.338 -0.585
445.335 -0.586
445.331 -0.587
445.328 -0.588
445.325 -0.589
445.323 -0.59
445.321 -0.591
445.319 -0.592
445.317 -0.593
445.316 -0.594
445.315 -0.595
445.314 -0.596
445.314 -0.597
445.315 -0.598
445.318 -0.599
445.321 -0.6
445.325 -0.601
445.331 -0.602
445.338 -0.603
445.345 -0.604
445.353 -0.605
445.361 -0.606
445.369 -0.607
445.377 -0.608
445.385 -0.609
445.393 -0.61
445.4 -0.611
445.407 -0.612
445.415 -0.613
445.422 -0.614
445.43 -0.615
445.437 -0.616
445.445 -0.617
445.452 -0.618
445.46 -0.619
445.468 -0.62
445.476 -0.621
445.484 -0.622
445.492 -0.623
445.501 -0.624
445.51 -0.625
445.519 -0.626
445.529 -0.627
445.539 -0.628
445.55 -0.629
445.561 -0.63
445.572 -0.631
445.584 -0.632
445.596 -0.633
445.608 -0.634
445.621 -0.635
445.634 -0.636
445.647 -0.637
445.661 -0.638
445.674 -0.639
445.688 -0.64
445.702 -0.641
445.716 -0.642
445.73 -0.643
445.744 -0.644
445.758 -0.645
445.772 -0.646
445.786 -0.647
445.801 -0.648
445.815 -0.649
445.829 -0.65
445.843 -0.651
445.856 -0.652
445.87 -0.653
445.884 -0.654
445.898 -0.655
445.911 -0.656
445.926 -0.657
445.941 -0.658
445.957 -0.659
445.974 -0.66
445.991 -0.661
446.01 -0.662
446.029 -0.663
446.049 -0.664
446.07 -0.665
446.092 -0.666
446.115 -0.667
446.137 -0.668
446.161 -0.669
446.184 -0.67
446.208 -0.671
446.233 -0.672
446.257 -0.673
446.282 -0.674
446.308 -0.675
446.333 -0.676
446.359 -0.677
446.385 -0.678
446.412 -0.679
446.439 -0.68
446.466 -0.681
446.494 -0.682
446.522 -0.683
446.551 -0.684
446.581 -0.685
446.611 -0.686
446.642 -0.687
446.674 -0.688
446.706 -0.689
446.739 -0.69
446.773 -0.691
446.807 -0.692
446.842 -0.693
446.878 -0.694
446.914 -0.695
446.951 -0.696
446.988 -0.697
447.027 -0.698
447.065 -0.699
447.105 -0.7
447.145 -0.701
447.186 -0.702
447.228 -0.703
447.271 -0.704
447.314 -0.705
447.358 -0.706
447.402 -0.707
447.447 -0.708
447.493 -0.709
447.54 -0.71
447.587 -0.711
447.635 -0.712
447.684 -0.713
447.735 -0.714
447.788 -0.715
447.843 -0.716
447.9 -0.717
447.958 -0.718
448.018 -0.719
448.079 -0.72
448.141 -0.721
448.204 -0.722
448.267 -0.723
448.331 -0.724
448.396 -0.725
448.461 -0.726
448.527 -0.727
448.594 -0.728
448.663 -0.729
448.732 -0.73
448.803 -0.731
448.875 -0.732
448.947 -0.733
449.021 -0.734
449.096 -0.735
449.173 -0.736
449.25 -0.737
449.328 -0.738
449.407 -0.739
449.486 -0.74
449.567 -0.741
449.648 -0.742
449.73 -0.743
449.813 -0.744
449.897 -0.745
449.981 -0.746
450.067 -0.747
450.153 -0.748
450.24 -0.749
450.328 -0.75
450.416 -0.751
450.505 -0.752
450.595 -0.753
450.685 -0.754
450.777 -0.755
450.869 -0.756
450.962 -0.757
451.056 -0.758
451.15 -0.759
451.246 -0.76
451.342 -0.761
451.44 -0.762
451.538 -0.763
451.637 -0.764
451.736 -0.765
451.837 -0.766
451.939 -0.767
452.041 -0.768
452.144 -0.769
452.248 -0.77
452.353 -0.771
452.459 -0.772
452.566 -0.773
452.673 -0.774
452.782 -0.775
452.891 -0.776
453.001 -0.777
453.112 -0.778
453.223 -0.779
453.336 -0.78
453.45 -0.781
453.565 -0.782
453.681 -0.783
453.798 -0.784
453.917 -0.785
454.037 -0.786
454.158 -0.787
454.28 -0.788
454.404 -0.789
454.529 -0.79
454.657 -0.791
454.786 -0.792
454.916 -0.793
455.049 -0.794
455.184 -0.795
455.319 -0.796
455.457 -0.797
455.595 -0.798
455.734 -0.799
455.874 -0.8
456.015 -0.801
456.157 -0.802
456.3 -0.803
456.443 -0.804
456.587 -0.805
456.733 -0.806
456.878 -0.807
457.025 -0.808
457.173 -0.809
457.322 -0.81
457.472 -0.811
457.622 -0.812
457.774 -0.813
457.926 -0.814
458.079 -0.815
458.234 -0.816
458.389 -0.817
458.545 -0.818
458.702 -0.819
458.86 -0.82
459.019 -0.821
459.179 -0.822
459.34 -0.823
459.501 -0.824
459.664 -0.825
459.827 -0.826
459.991 -0.827
460.156 -0.828
460.322 -0.829
460.489 -0.83
460.656 -0.831
460.825 -0.832
460.994 -0.833
461.165 -0.834
461.336 -0.835
461.509 -0.836
461.682 -0.837
461.856 -0.838
462.032 -0.839
462.208 -0.84
462.385 -0.841
462.563 -0.842
462.742 -0.843
462.922 -0.844
463.103 -0.845
463.285 -0.846
463.467 -0.847
463.651 -0.848
463.835 -0.849
464.02 -0.85
464.207 -0.851
464.395 -0.852
464.586 -0.853
464.779 -0.854
464.973 -0.855
465.167 -0.856
465.363 -0.857
465.559 -0.858
465.757 -0.859
465.955 -0.86
466.155 -0.861
466.355 -0.862
466.556 -0.863
466.759 -0.864
466.962 -0.865
467.167 -0.866
467.372 -0.867
467.578 -0.868
467.785 -0.869
467.994 -0.87
468.203 -0.871
468.413 -0.872
468.624 -0.873
468.836 -0.874
469.049 -0.875
469.263 -0.876
469.479 -0.877
469.695 -0.878
469.912 -0.879
470.131 -0.88
470.35 -0.881
470.571 -0.882
470.792 -0.883
471.015 -0.884
471.238 -0.885
471.463 -0.886
471.689 -0.887
471.915 -0.888
472.143 -0.889
472.373 -0.89
472.604 -0.891
472.838 -0.892
473.073 -0.893
473.31 -0.894
473.547 -0.895
473.786 -0.896
474.025 -0.897
474.266 -0.898
474.507 -0.899
474.75 -0.9
474.993 -0.901
475.238 -0.902
475.484 -0.903
475.73 -0.904
475.978 -0.905
476.227 -0.906
476.477 -0.907
476.728 -0.908
476.981 -0.909
477.236 -0.91
477.492 -0.911
477.749 -0.912
478.009 -0.913
478.271 -0.914
478.535 -0.915
478.8 -0.916
479.067 -0.917
479.335 -0.918
479.605 -0.919
479.876 -0.92
480.149 -0.921
480.424 -0.922
480.699 -0.923
480.976 -0.924
481.254 -0.925
481.534 -0.926
481.814 -0.927
482.096 -0.928
482.38 -0.929
482.664 -0.93
482.95 -0.931
483.237 -0.932
483.525 -0.933
483.815 -0.934
484.106 -0.935
484.397 -0.936
484.69 -0.937
484.983 -0.938
485.279 -0.939
485.575 -0.94
485.873 -0.941
486.171 -0.942
486.472 -0.943
486.773 -0.944
487.076 -0.945
487.38 -0.946
487.685 -0.947
487.992 -0.948
488.3 -0.949
488.609 -0.95
488.92 -0.951
489.232 -0.952
489.545 -0.953
489.859 -0.954
490.175 -0.955
490.492 -0.956
490.81 -0.957
491.13 -0.958
491.451 -0.959
491.773 -0.96
492.097 -0.961
492.422 -0.962
492.748 -0.963
493.075 -0.964
493.403 -0.965
493.733 -0.966
494.063 -0.967
494.396 -0.968
494.729 -0.969
495.064 -0.97
495.4 -0.971
495.738 -0.972
496.076 -0.973
496.416 -0.974
496.758 -0.975
497.1 -0.976
497.444 -0.977
497.789 -0.978
498.135 -0.979
498.483 -0.98
498.832 -0.981
499.182 -0.982
499.534 -0.983
499.887 -0.984
500.241 -0.985
500.596 -0.986
500.953 -0.987
501.312 -0.988
501.672 -0.989
502.033 -0.99
502.395 -0.991
502.758 -0.992
503.122 -0.993
503.488 -0.994
503.854 -0.995
504.222 -0.996
504.591 -0.997
504.962 -0.998
505.334 -0.999
505.707 -1
506.082 -1.001
506.458 -1.002
506.835 -1.003
507.214 -1.004
507.594 -1.005
507.976 -1.006
508.359 -1.007
508.743 -1.008
509.129 -1.009
509.516 -1.01
509.904 -1.011
510.294 -1.012
510.685 -1.013
511.078 -1.014
511.471 -1.015
511.867 -1.016
512.263 -1.017
512.661 -1.018
513.06 -1.019
513.46 -1.02
513.861 -1.021
514.264 -1.022
514.668 -1.023
515.074 -1.024
515.48 -1.025
515.889 -1.026
516.298 -1.027
516.709 -1.028
517.121 -1.029
517.535 -1.03
517.949 -1.031
518.365 -1.032
518.783 -1.033
519.202 -1.034
519.622 -1.035
520.044 -1.036
520.467 -1.037
520.891 -1.038
521.317 -1.039
521.744 -1.04
522.173 -1.041
522.603 -1.042
523.035 -1.043
523.468 -1.044
523.902 -1.045
524.338 -1.046
524.774 -1.047
525.212 -1.048
525.652 -1.049
526.092 -1.05
526.534 -1.051
526.977 -1.052
527.422 -1.053
527.868 -1.054
528.316 -1.055
528.765 -1.056
529.215 -1.057
529.667 -1.058
530.12 -1.059
530.575 -1.06
531.031 -1.061
531.488 -1.062
531.947 -1.063
532.408 -1.064
532.87 -1.065
533.333 -1.066
533.798 -1.067
534.264 -1.068
534.732 -1.069
535.2 -1.07
535.671 -1.071
536.142 -1.072
536.615 -1.073
537.089 -1.074
537.565 -1.075
538.042 -1.076
538.521 -1.077
539.001 -1.078
539.482 -1.079
539.964 -1.08
540.448 -1.081
540.933 -1.082
541.42 -1.083
541.908 -1.084
542.398 -1.085
542.89 -1.086
543.382 -1.087
543.876 -1.088
544.371 -1.089
544.868 -1.09
545.366 -1.091
545.865 -1.092
546.366 -1.093
546.869 -1.094
547.373 -1.095
547.878 -1.096
548.383 -1.097
548.89 -1.098
549.398 -1.099
549.908 -1.1
550.42 -1.101
550.932 -1.102
551.447 -1.103
551.962 -1.104
552.48 -1.105
552.999 -1.106
553.519 -1.107
554.041 -1.108
554.564 -1.109
555.089 -1.11
555.615 -1.111
556.142 -1.112
556.671 -1.113
557.201 -1.114
557.733 -1.115
558.266 -1.116
558.8 -1.117
559.336 -1.118
559.873 -1.119
560.412 -1.12
560.951 -1.121
561.492 -1.122
562.035 -1.123
562.579 -1.124
563.125 -1.125
563.672 -1.126
564.221 -1.127
564.771 -1.128
565.322 -1.129
565.875 -1.13
566.43 -1.131
566.986 -1.132
567.544 -1.133
568.103 -1.134
568.664 -1.135
569.226 -1.136
569.789 -1.137
570.355 -1.138
570.921 -1.139
571.489 -1.14
572.059 -1.141
572.629 -1.142
573.202 -1.143
573.775 -1.144
574.351 -1.145
574.927 -1.146
575.505 -1.147
576.084 -1.148
576.665 -1.149
577.247 -1.15
577.831 -1.151
578.416 -1.152
579.004 -1.153
579.592 -1.154
580.182 -1.155
580.774 -1.156
581.367 -1.157
581.961 -1.158
582.557 -1.159
583.155 -1.16
583.753 -1.161
584.353 -1.162
584.954 -1.163
585.557 -1.164
586.161 -1.165
586.767 -1.166
587.375 -1.167
587.984 -1.168
588.594 -1.169
589.207 -1.17
589.821 -1.171
590.436 -1.172
591.052 -1.173
591.669 -1.174
592.288 -1.175
592.909 -1.176
593.531 -1.177
594.155 -1.178
594.78 -1.179
595.406 -1.18
596.034 -1.181
596.663 -1.182
597.293 -1.183
597.925 -1.184
598.558 -1.185
599.193 -1.186
599.83 -1.187
600.468 -1.188
601.108 -1.189
601.749 -1.19
602.391 -1.191
603.035 -1.192
603.68 -1.193
604.326 -1.194
604.974 -1.195
605.623 -1.196
606.274 -1.197
606.927 -1.198
607.581 -1.199
608.236 -1.2
608.893 -1.201
609.551 -1.202
610.211 -1.203
610.872 -1.204
611.534 -1.205
612.197 -1.206
612.863 -1.207
613.53 -1.208
614.199 -1.209
614.869 -1.21
615.54 -1.211
616.213 -1.212
616.887 -1.213
617.562 -1.214
618.239 -1.215
618.918 -1.216
619.598 -1.217
620.279 -1.218
620.962 -1.219
621.647 -1.22
622.333 -1.221
623.021 -1.222
623.71 -1.223
624.401 -1.224
625.093 -1.225
625.787 -1.226
626.482 -1.227
627.179 -1.228
627.878 -1.229
628.578 -1.23
629.28 -1.231
629.984 -1.232
630.69 -1.233
631.397 -1.234
632.106 -1.235
632.816 -1.236
633.528 -1.237
634.242 -1.238
634.958 -1.239
635.675 -1.24
636.394 -1.241
637.114 -1.242
637.836 -1.243
638.56 -1.244
639.286 -1.245
640.013 -1.246
640.743 -1.247
641.474 -1.248
642.207 -1.249
642.942 -1.25
643.678 -1.251
644.417 -1.252
645.157 -1.253
645.899 -1.254
646.642 -1.255
647.387 -1.256
648.134 -1.257
648.882 -1.258
649.632 -1.259
650.384 -1.26
651.138 -1.261
651.894 -1.262
652.651 -1.263
653.409 -1.264
654.169 -1.265
654.931 -1.266
655.695 -1.267
656.461 -1.268
657.229 -1.269
657.998 -1.27
658.769 -1.271
659.543 -1.272
660.318 -1.273
661.095 -1.274
661.874 -1.275
662.655 -1.276
663.438 -1.277
664.222 -1.278
665.009 -1.279
665.797 -1.28
666.587 -1.281
667.379 -1.282
668.173 -1.283
668.969 -1.284
669.766 -1.285
670.565 -1.286
671.366 -1.287
672.168 -1.288
672.973 -1.289
673.779 -1.29
674.588 -1.291
675.398 -1.292
676.21 -1.293
677.024 -1.294
677.84 -1.295
678.657 -1.296
679.477 -1.297
680.298 -1.298
681.121 -1.299
681.947 -1.3
682.774 -1.301
683.603 -1.302
684.435 -1.303
685.268 -1.304
686.103 -1.305
686.94 -1.306
687.778 -1.307
688.617 -1.308
689.458 -1.309
690.301 -1.31
691.146 -1.311
691.992 -1.312
692.84 -1.313
693.691 -1.314
694.543 -1.315
695.397 -1.316
696.253 -1.317
697.111 -1.318
697.97 -1.319
698.832 -1.32
699.695 -1.321
700.561 -1.322
701.428 -1.323
702.297 -1.324
703.168 -1.325
704.041 -1.326
704.915 -1.327
705.788 -1.328
706.662 -1.329
707.538 -1.33
708.416 -1.331
709.296 -1.332
710.178 -1.333
711.062 -1.334
711.947 -1.335
712.835 -1.336
713.724 -1.337
714.613 -1.338
715.503 -1.339
716.393 -1.34
717.283 -1.341
718.172 -1.342
719.062 -1.343
719.955 -1.344
720.849 -1.345
721.746 -1.346
722.644 -1.347
723.545 -1.348
724.446 -1.349
725.349 -1.35
726.252 -1.351
727.157 -1.352
728.063 -1.353
728.971 -1.354
729.879 -1.355
730.788 -1.356
731.698 -1.357
732.611 -1.358
733.525 -1.359
734.44 -1.36
735.353 -1.361
736.268 -1.362
737.185 -1.363
738.104 -1.364
739.025 -1.365
739.948 -1.366
740.873 -1.367
741.8 -1.368
742.729 -1.369
743.658 -1.37
744.588 -1.371
745.521 -1.372
746.456 -1.373
747.39 -1.374
748.325 -1.375
749.26 -1.376
750.196 -1.377
751.135 -1.378
752.076 -1.379
753.019 -1.38
753.964 -1.381
754.91 -1.382
755.859 -1.383
756.81 -1.384
757.763 -1.385
758.718 -1.386
759.675 -1.387
760.634 -1.388
761.595 -1.389
762.558 -1.39
763.524 -1.391
764.491 -1.392
765.461 -1.393
766.433 -1.394
767.407 -1.395
768.383 -1.396
769.358 -1.397
770.328 -1.398
771.297 -1.399
772.266 -1.4
