7.60976 -0.001
15.2028 -0.002
22.7789 -0.003
30.3377 -0.004
37.879 -0.005
45.4024 -0.006
52.9077 -0.007
60.3945 -0.008
67.8624 -0.009
75.3111 -0.01
82.7401 -0.011
90.1492 -0.012
97.5379 -0.013
104.906 -0.014
112.252 -0.015
119.577 -0.016
126.879 -0.017
134.159 -0.018
141.063 -0.019
145.756 -0.02
149.833 -0.021
153.895 -0.022
157.941 -0.023
161.993 -0.024
166.039 -0.025
170.075 -0.026
174.101 -0.027
178.112 -0.028
182.113 -0.029
186.103 -0.03
190.078 -0.031
194.035 -0.032
197.977 -0.033
201.906 -0.034
205.816 -0.035
209.662 -0.036
213.346 -0.037
216.746 -0.038
219.827 -0.039
222.446 -0.04
224.618 -0.041
226.76 -0.042
228.888 -0.043
231.004 -0.044
233.109 -0.045
235.196 -0.046
237.268 -0.047
239.325 -0.048
241.366 -0.049
243.392 -0.05
245.364 -0.051
247.17 -0.052
248.711 -0.053
249.781 -0.054
250.623 -0.055
251.447 -0.056
252.251 -0.057
253.03 -0.058
253.777 -0.059
254.476 -0.06
255.119 -0.061
255.68 -0.062
256.162 -0.063
256.47 -0.064
256.666 -0.065
256.849 -0.066
257.03 -0.067
257.208 -0.068
257.384 -0.069
257.558 -0.07
257.73 -0.071
257.901 -0.072
258.068 -0.073
258.232 -0.074
258.394 -0.075
258.553 -0.076
258.707 -0.077
258.856 -0.078
259.002 -0.079
259.145 -0.08
259.282 -0.081
259.414 -0.082
259.543 -0.083
259.67 -0.084
259.792 -0.085
259.908 -0.086
260.022 -0.087
260.133 -0.088
260.241 -0.089
260.342 -0.09
260.441 -0.091
260.537 -0.092
260.629 -0.093
260.72 -0.094
260.809 -0.095
260.898 -0.096
260.985 -0.097
261.069 -0.098
261.152 -0.099
261.235 -0.1
261.317 -0.101
261.398 -0.102
261.479 -0.103
261.557 -0.104
261.636 -0.105
261.713 -0.106
261.789 -0.107
261.866 -0.108
261.942 -0.109
262.017 -0.11
262.09 -0.111
262.163 -0.112
262.236 -0.113
262.308 -0.114
262.38 -0.115
262.451 -0.116
262.522 -0.117
262.592 -0.118
262.663 -0.119
262.733 -0.12
262.802 -0.121
262.871 -0.122
262.94 -0.123
263.009 -0.124
263.077 -0.125
263.145 -0.126
263.212 -0.127
263.279 -0.128
263.346 -0.129
263.412 -0.13
263.479 -0.131
263.544 -0.132
263.609 -0.133
263.674 -0.134
263.739 -0.135
263.803 -0.136
263.867 -0.137
263.93 -0.138
263.994 -0.139
264.056 -0.14
264.119 -0.141
264.181 -0.142
264.242 -0.143
264.304 -0.144
264.365 -0.145
264.425 -0.146
264.485 -0.147
264.544 -0.148
264.603 -0.149
264.662 -0.15
264.721 -0.151
264.779 -0.152
264.836 -0.153
264.894 -0.154
264.951 -0.155
265.007 -0.156
265.063 -0.157
265.119 -0.158
265.174 -0.159
265.229 -0.16
265.284 -0.161
265.337 -0.162
265.39 -0.163
265.442 -0.164
265.494 -0.165
265.546 -0.166
265.598 -0.167
265.648 -0.168
265.699 -0.169
265.749 -0.17
265.798 -0.171
265.848 -0.172
265.897 -0.173
265.944 -0.174
265.991 -0.175
266.037 -0.176
266.083 -0.177
266.128 -0.178
266.173 -0.179
266.217 -0.18
266.261 -0.181
266.304 -0.182
266.347 -0.183
266.39 -0.184
266.432 -0.185
266.473 -0.186
266.514 -0.187
266.554 -0.188
266.594 -0.189
266.633 -0.19
266.67 -0.191
266.707 -0.192
266.743 -0.193
266.778 -0.194
266.815 -0.195
266.851 -0.196
266.887 -0.197
266.922 -0.198
266.956 -0.199
266.989 -0.2
267.021 -0.201
267.055 -0.202
267.089 -0.203
267.123 -0.204
267.156 -0.205
267.188 -0.206
267.222 -0.207
267.256 -0.208
267.289 -0.209
267.32 -0.21
267.351 -0.211
267.381 -0.212
267.41 -0.213
267.438 -0.214
267.466 -0.215
267.493 -0.216
267.518 -0.217
267.541 -0.218
267.567 -0.219
267.592 -0.22
267.616 -0.221
267.639 -0.222
267.661 -0.223
267.682 -0.224
267.7 -0.225
267.713 -0.226
267.718 -0.227
267.729 -0.228
267.742 -0.229
267.752 -0.23
267.757 -0.231
267.753 -0.232
267.748 -0.233
267.755 -0.234
267.768 -0.235
267.782 -0.236
267.794 -0.237
267.802 -0.238
267.817 -0.239
267.834 -0.24
267.849 -0.241
267.863 -0.242
267.875 -0.243
267.89 -0.244
267.906 -0.245
267.922 -0.246
267.942 -0.247
267.962 -0.248
267.982 -0.249
268.001 -0.25
268.021 -0.251
268.04 -0.252
268.059 -0.253
268.078 -0.254
268.096 -0.255
268.118 -0.256
268.14 -0.257
268.161 -0.258
268.183 -0.259
268.205 -0.26
268.226 -0.261
268.247 -0.262
268.268 -0.263
268.289 -0.264
268.308 -0.265
268.325 -0.266
268.344 -0.267
268.366 -0.268
268.387 -0.269
268.407 -0.27
268.426 -0.271
268.445 -0.272
268.463 -0.273
268.481 -0.274
268.499 -0.275
268.515 -0.276
268.527 -0.277
268.547 -0.278
268.569 -0.279
268.59 -0.28
268.611 -0.281
268.632 -0.282
268.652 -0.283
268.672 -0.284
268.692 -0.285
268.709 -0.286
268.723 -0.287
268.733 -0.288
268.75 -0.289
268.769 -0.29
268.787 -0.291
268.804 -0.292
268.819 -0.293
268.832 -0.294
268.843 -0.295
268.848 -0.296
268.85 -0.297
268.85 -0.298
268.847 -0.299
268.841 -0.3
268.833 -0.301
268.822 -0.302
268.809 -0.303
268.798 -0.304
268.787 -0.305
268.774 -0.306
268.76 -0.307
268.754 -0.308
268.753 -0.309
268.762 -0.31
268.77 -0.311
268.777 -0.312
268.782 -0.313
268.783 -0.314
268.785 -0.315
268.791 -0.316
268.803 -0.317
268.816 -0.318
268.829 -0.319
268.842 -0.32
268.854 -0.321
268.867 -0.322
268.885 -0.323
268.908 -0.324
268.933 -0.325
268.958 -0.326
268.983 -0.327
269.008 -0.328
269.03 -0.329
269.053 -0.33
269.082 -0.331
269.115 -0.332
269.153 -0.333
269.191 -0.334
269.229 -0.335
269.263 -0.336
269.299 -0.337
269.332 -0.338
269.364 -0.339
269.396 -0.34
269.43 -0.341
269.464 -0.342
269.499 -0.343
269.533 -0.344
269.568 -0.345
269.603 -0.346
269.638 -0.347
269.674 -0.348
269.711 -0.349
269.749 -0.35
269.787 -0.351
269.826 -0.352
269.864 -0.353
269.902 -0.354
269.941 -0.355
269.979 -0.356
270.018 -0.357
270.056 -0.358
270.094 -0.359
270.133 -0.36
270.172 -0.361
270.21 -0.362
270.249 -0.363
270.288 -0.364
270.326 -0.365
270.365 -0.366
270.403 -0.367
270.441 -0.368
270.479 -0.369
270.518 -0.37
270.556 -0.371
270.594 -0.372
270.632 -0.373
270.671 -0.374
270.71 -0.375
270.75 -0.376
270.79 -0.377
270.829 -0.378
270.869 -0.379
270.909 -0.38
270.949 -0.381
270.989 -0.382
271.03 -0.383
271.07 -0.384
271.11 -0.385
271.151 -0.386
271.191 -0.387
271.231 -0.388
271.272 -0.389
271.312 -0.39
271.353 -0.391
271.393 -0.392
271.433 -0.393
271.474 -0.394
271.514 -0.395
271.554 -0.396
271.594 -0.397
271.635 -0.398
271.675 -0.399
271.716 -0.4
271.756 -0.401
271.796 -0.402
271.837 -0.403
271.877 -0.404
271.917 -0.405
271.957 -0.406
271.996 -0.407
272.036 -0.408
272.075 -0.409
272.115 -0.41
272.154 -0.411
272.193 -0.412
272.231 -0.413
272.27 -0.414
272.308 -0.415
272.345 -0.416
272.382 -0.417
272.419 -0.418
272.455 -0.419
272.49 -0.42
272.525 -0.421
272.561 -0.422
272.598 -0.423
272.636 -0.424
272.673 -0.425
272.711 -0.426
272.748 -0.427
272.784 -0.428
272.82 -0.429
272.855 -0.43
272.889 -0.431
272.922 -0.432
272.956 -0.433
272.988 -0.434
273.018 -0.435
273.057 -0.436
273.097 -0.437
273.136 -0.438
273.175 -0.439
273.213 -0.44
273.252 -0.441
273.291 -0.442
273.33 -0.443
273.367 -0.444
273.403 -0.445
273.438 -0.446
273.482 -0.447
273.525 -0.448
273.567 -0.449
273.609 -0.45
273.652 -0.451
273.695 -0.452
273.738 -0.453
273.78 -0.454
273.821 -0.455
273.861 -0.456
273.9 -0.457
273.937 -0.458
273.971 -0.459
274.01 -0.46
274.05 -0.461
274.088 -0.462
274.138 -0.463
274.191 -0.464
274.24 -0.465
274.287 -0.466
274.334 -0.467
274.382 -0.468
274.429 -0.469
274.476 -0.47
274.523 -0.471
274.57 -0.472
274.617 -0.473
274.664 -0.474
274.711 -0.475
274.758 -0.476
274.805 -0.477
274.851 -0.478
274.898 -0.479
274.945 -0.48
274.991 -0.481
275.038 -0.482
275.084 -0.483
275.131 -0.484
275.177 -0.485
275.223 -0.486
275.269 -0.487
275.315 -0.488
275.361 -0.489
275.406 -0.49
275.454 -0.491
275.502 -0.492
275.55 -0.493
275.598 -0.494
275.646 -0.495
275.693 -0.496
275.741 -0.497
275.789 -0.498
275.837 -0.499
275.885 -0.5
275.933 -0.501
275.98 -0.502
276.028 -0.503
276.076 -0.504
276.123 -0.505
276.171 -0.506
276.219 -0.507
276.266 -0.508
276.313 -0.509
276.361 -0.51
276.408 -0.511
276.455 -0.512
276.502 -0.513
276.549 -0.514
276.596 -0.515
276.642 -0.516
276.687 -0.517
276.732 -0.518
276.78 -0.519
276.829 -0.52
276.878 -0.521
276.927 -0.522
276.976 -0.523
277.026 -0.524
277.075 -0.525
277.124 -0.526
277.174 -0.527
277.223 -0.528
277.273 -0.529
277.322 -0.53
277.372 -0.531
277.422 -0.532
277.472 -0.533
277.522 -0.534
277.572 -0.535
277.621 -0.536
277.671 -0.537
277.721 -0.538
277.772 -0.539
277.822 -0.54
277.873 -0.541
277.923 -0.542
277.973 -0.543
278.024 -0.544
278.076 -0.545
278.128 -0.546
278.181 -0.547
278.234 -0.548
278.286 -0.549
278.339 -0.55
278.392 -0.551
278.445 -0.552
278.498 -0.553
278.551 -0.554
278.604 -0.555
278.657 -0.556
278.711 -0.557
278.764 -0.558
278.818 -0.559
278.872 -0.56
278.926 -0.561
278.98 -0.562
279.034 -0.563
279.088 -0.564
279.142 -0.565
279.197 -0.566
279.251 -0.567
279.305 -0.568
279.36 -0.569
279.415 -0.57
279.47 -0.571
279.525 -0.572
279.58 -0.573
279.635 -0.574
279.69 -0.575
279.745 -0.576
279.8 -0.577
279.856 -0.578
279.911 -0.579
279.967 -0.58
280.022 -0.581
280.078 -0.582
280.135 -0.583
280.192 -0.584
280.249 -0.585
280.306 -0.586
280.363 -0.587
280.42 -0.588
280.478 -0.589
280.535 -0.59
280.593 -0.591
280.651 -0.592
280.709 -0.593
280.767 -0.594
280.825 -0.595
280.884 -0.596
280.942 -0.597
281.001 -0.598
281.06 -0.599
281.119 -0.6
281.177 -0.601
281.237 -0.602
281.296 -0.603
281.355 -0.604
281.414 -0.605
281.473 -0.606
281.533 -0.607
281.592 -0.608
281.652 -0.609
281.711 -0.61
281.771 -0.611
281.831 -0.612
281.891 -0.613
281.952 -0.614
282.012 -0.615
282.072 -0.616
282.133 -0.617
282.193 -0.618
282.254 -0.619
282.315 -0.62
282.376 -0.621
282.437 -0.622
282.498 -0.623
282.56 -0.624
282.621 -0.625
282.683 -0.626
282.744 -0.627
282.806 -0.628
282.869 -0.629
282.931 -0.63
282.994 -0.631
283.057 -0.632
283.121 -0.633
283.184 -0.634
283.247 -0.635
283.311 -0.636
283.374 -0.637
283.438 -0.638
283.502 -0.639
283.566 -0.64
283.63 -0.641
283.695 -0.642
283.759 -0.643
283.824 -0.644
283.888 -0.645
283.953 -0.646
284.018 -0.647
284.083 -0.648
284.149 -0.649
284.214 -0.65
284.28 -0.651
284.345 -0.652
284.411 -0.653
284.477 -0.654
284.543 -0.655
284.609 -0.656
284.676 -0.657
284.743 -0.658
284.81 -0.659
284.877 -0.66
284.944 -0.661
285.011 -0.662
285.078 -0.663
285.146 -0.664
285.213 -0.665
285.281 -0.666
285.349 -0.667
285.416 -0.668
285.485 -0.669
285.553 -0.67
285.621 -0.671
285.69 -0.672
285.758 -0.673
285.827 -0.674
285.896 -0.675
285.965 -0.676
286.034 -0.677
286.103 -0.678
286.172 -0.679
286.241 -0.68
286.311 -0.681
286.38 -0.682
286.45 -0.683
286.52 -0.684
286.59 -0.685
286.66 -0.686
286.731 -0.687
286.801 -0.688
286.872 -0.689
286.943 -0.69
287.013 -0.691
287.084 -0.692
287.155 -0.693
287.226 -0.694
287.298 -0.695
287.369 -0.696
287.441 -0.697
287.513 -0.698
287.585 -0.699
287.657 -0.7
287.729 -0.701
287.801 -0.702
287.873 -0.703
287.946 -0.704
288.019 -0.705
288.091 -0.706
288.164 -0.707
288.237 -0.708
288.31 -0.709
288.384 -0.71
288.457 -0.711
288.531 -0.712
288.605 -0.713
288.679 -0.714
288.753 -0.715
288.827 -0.716
288.901 -0.717
288.975 -0.718
289.05 -0.719
289.125 -0.72
289.199 -0.721
289.274 -0.722
289.349 -0.723
289.425 -0.724
289.5 -0.725
289.576 -0.726
289.652 -0.727
289.727 -0.728
289.803 -0.729
289.879 -0.73
289.956 -0.731
290.032 -0.732
290.108 -0.733
290.185 -0.734
290.262 -0.735
290.339 -0.736
290.416 -0.737
290.493 -0.738
290.57 -0.739
290.647 -0.74
290.725 -0.741
290.802 -0.742
290.88 -0.743
290.958 -0.744
291.036 -0.745
291.114 -0.746
291.192 -0.747
291.27 -0.748
291.349 -0.749
291.428 -0.75
291.506 -0.751
291.585 -0.752
291.664 -0.753
291.743 -0.754
291.822 -0.755
291.902 -0.756
291.981 -0.757
292.061 -0.758
292.141 -0.759
292.22 -0.76
292.3 -0.761
292.38 -0.762
292.46 -0.763
292.54 -0.764
292.62 -0.765
292.699 -0.766
292.779 -0.767
292.858 -0.768
292.937 -0.769
293.016 -0.77
293.094 -0.771
293.172 -0.772
293.25 -0.773
293.327 -0.774
293.404 -0.775
293.481 -0.776
293.559 -0.777
293.636 -0.778
293.714 -0.779
293.792 -0.78
293.87 -0.781
293.948 -0.782
294.026 -0.783
294.105 -0.784
294.183 -0.785
294.262 -0.786
294.341 -0.787
294.42 -0.788
294.499 -0.789
294.578 -0.79
294.658 -0.791
294.737 -0.792
294.816 -0.793
294.896 -0.794
294.975 -0.795
295.054 -0.796
295.133 -0.797
295.211 -0.798
295.29 -0.799
295.368 -0.8
