5.26576 -0.001
10.5252 -0.002
15.7783 -0.003
21.025 -0.004
26.2654 -0.005
31.4993 -0.006
36.7268 -0.007
41.9477 -0.008
47.1622 -0.009
52.37 -0.01
57.5712 -0.011
62.7658 -0.012
67.9536 -0.013
73.1347 -0.014
78.3091 -0.015
83.4766 -0.016
88.6373 -0.017
93.791 -0.018
98.9378 -0.019
104.078 -0.02
109.21 -0.021
114.336 -0.022
119.455 -0.023
124.566 -0.024
129.67 -0.025
134.767 -0.026
139.857 -0.027
144.939 -0.028
150.013 -0.029
155.081 -0.03
160.14 -0.031
165.192 -0.032
170.237 -0.033
175.273 -0.034
180.302 -0.035
185.323 -0.036
190.336 -0.037
195.342 -0.038
200.339 -0.039
205.328 -0.04
210.309 -0.041
215.281 -0.042
220.246 -0.043
225.172 -0.044
229.907 -0.045
234.326 -0.046
238.201 -0.047
241.613 -0.048
245.016 -0.049
248.41 -0.05
251.794 -0.051
255.167 -0.052
258.529 -0.053
261.881 -0.054
265.218 -0.055
268.545 -0.056
271.857 -0.057
275.14 -0.058
278.379 -0.059
281.547 -0.06
284.641 -0.061
287.45 -0.062
289.956 -0.063
291.863 -0.064
293.149 -0.065
294.339 -0.066
295.515 -0.067
296.677 -0.068
297.825 -0.069
298.962 -0.07
300.089 -0.071
301.202 -0.072
302.303 -0.073
303.401 -0.074
304.495 -0.075
305.58 -0.076
306.658 -0.077
307.73 -0.078
308.796 -0.079
309.856 -0.08
310.918 -0.081
311.978 -0.082
313.035 -0.083
314.089 -0.084
315.141 -0.085
316.19 -0.086
317.236 -0.087
318.279 -0.088
319.319 -0.089
320.356 -0.09
321.389 -0.091
322.42 -0.092
323.446 -0.093
324.47 -0.094
325.49 -0.095
326.506 -0.096
327.519 -0.097
328.528 -0.098
329.533 -0.099
330.536 -0.1
331.536 -0.101
332.533 -0.102
333.525 -0.103
334.507 -0.104
335.478 -0.105
336.437 -0.106
337.363 -0.107
338.255 -0.108
339.111 -0.109
339.939 -0.11
340.717 -0.111
341.435 -0.112
342.083 -0.113
342.719 -0.114
343.281 -0.115
343.725 -0.116
344.091 -0.117
344.318 -0.118
344.524 -0.119
344.727 -0.12
344.927 -0.121
345.124 -0.122
345.317 -0.123
345.506 -0.124
345.692 -0.125
345.874 -0.126
346.051 -0.127
346.225 -0.128
346.393 -0.129
346.558 -0.13
346.72 -0.131
346.877 -0.132
347.031 -0.133
347.18 -0.134
347.325 -0.135
347.467 -0.136
347.605 -0.137
347.738 -0.138
347.87 -0.139
347.998 -0.14
348.122 -0.141
348.244 -0.142
348.363 -0.143
348.479 -0.144
348.591 -0.145
348.701 -0.146
348.809 -0.147
348.914 -0.148
349.016 -0.149
349.116 -0.15
349.214 -0.151
349.309 -0.152
349.4 -0.153
349.49 -0.154
349.578 -0.155
349.664 -0.156
349.747 -0.157
349.829 -0.158
349.91 -0.159
349.989 -0.16
350.067 -0.161
350.142 -0.162
350.216 -0.163
350.289 -0.164
350.361 -0.165
350.432 -0.166
350.501 -0.167
350.569 -0.168
350.635 -0.169
350.7 -0.17
350.764 -0.171
350.828 -0.172
350.89 -0.173
350.951 -0.174
351.011 -0.175
351.07 -0.176
351.129 -0.177
351.187 -0.178
351.244 -0.179
351.301 -0.18
351.356 -0.181
351.41 -0.182
351.464 -0.183
351.517 -0.184
351.57 -0.185
351.622 -0.186
351.673 -0.187
351.724 -0.188
351.774 -0.189
351.824 -0.19
351.873 -0.191
351.921 -0.192
351.969 -0.193
352.017 -0.194
352.064 -0.195
352.11 -0.196
352.156 -0.197
352.202 -0.198
352.247 -0.199
352.292 -0.2
352.336 -0.201
352.38 -0.202
352.423 -0.203
352.466 -0.204
352.508 -0.205
352.55 -0.206
352.592 -0.207
352.633 -0.208
352.673 -0.209
352.714 -0.21
352.753 -0.211
352.793 -0.212
352.832 -0.213
352.87 -0.214
352.908 -0.215
352.946 -0.216
352.983 -0.217
353.02 -0.218
353.057 -0.219
353.093 -0.22
353.129 -0.221
353.165 -0.222
353.2 -0.223
353.235 -0.224
353.269 -0.225
353.303 -0.226
353.337 -0.227
353.37 -0.228
353.403 -0.229
353.436 -0.23
353.469 -0.231
353.501 -0.232
353.532 -0.233
353.564 -0.234
353.595 -0.235
353.626 -0.236
353.656 -0.237
353.686 -0.238
353.716 -0.239
353.745 -0.24
353.775 -0.241
353.804 -0.242
353.832 -0.243
353.86 -0.244
353.888 -0.245
353.915 -0.246
353.942 -0.247
353.969 -0.248
353.996 -0.249
354.022 -0.25
354.048 -0.251
354.073 -0.252
354.099 -0.253
354.124 -0.254
354.149 -0.255
354.174 -0.256
354.198 -0.257
354.222 -0.258
354.245 -0.259
354.268 -0.26
354.291 -0.261
354.314 -0.262
354.337 -0.263
354.359 -0.264
354.381 -0.265
354.403 -0.266
354.424 -0.267
354.445 -0.268
354.466 -0.269
354.487 -0.27
354.508 -0.271
354.528 -0.272
354.548 -0.273
354.568 -0.274
354.587 -0.275
354.606 -0.276
354.625 -0.277
354.644 -0.278
354.662 -0.279
354.681 -0.28
354.699 -0.281
354.716 -0.282
354.734 -0.283
354.751 -0.284
354.768 -0.285
354.785 -0.286
354.802 -0.287
354.819 -0.288
354.835 -0.289
354.851 -0.29
354.867 -0.291
354.883 -0.292
354.898 -0.293
354.914 -0.294
354.929 -0.295
354.944 -0.296
354.959 -0.297
354.973 -0.298
354.988 -0.299
355.002 -0.3
355.016 -0.301
355.03 -0.302
355.044 -0.303
355.057 -0.304
355.07 -0.305
355.083 -0.306
355.096 -0.307
355.108 -0.308
355.121 -0.309
355.133 -0.31
355.145 -0.311
355.156 -0.312
355.168 -0.313
355.179 -0.314
355.191 -0.315
355.202 -0.316
355.213 -0.317
355.223 -0.318
355.234 -0.319
355.244 -0.32
355.254 -0.321
355.264 -0.322
355.274 -0.323
355.284 -0.324
355.294 -0.325
355.303 -0.326
355.312 -0.327
355.321 -0.328
355.329 -0.329
355.338 -0.33
355.347 -0.331
355.355 -0.332
355.363 -0.333
355.371 -0.334
355.378 -0.335
355.386 -0.336
355.393 -0.337
355.4 -0.338
355.407 -0.339
355.413 -0.34
355.419 -0.341
355.426 -0.342
355.431 -0.343
355.437 -0.344
355.443 -0.345
355.448 -0.346
355.454 -0.347
355.459 -0.348
355.464 -0.349
355.469 -0.35
355.474 -0.351
355.479 -0.352
355.483 -0.353
355.488 -0.354
355.493 -0.355
355.497 -0.356
355.501 -0.357
355.506 -0.358
355.51 -0.359
355.514 -0.36
355.518 -0.361
355.522 -0.362
355.525 -0.363
355.528 -0.364
355.531 -0.365
355.535 -0.366
355.538 -0.367
355.54 -0.368
355.543 -0.369
355.546 -0.37
355.548 -0.371
355.55 -0.372
355.552 -0.373
355.554 -0.374
355.555 -0.375
355.557 -0.376
355.558 -0.377
355.559 -0.378
355.561 -0.379
355.562 -0.38
355.562 -0.381
355.562 -0.382
355.562 -0.383
355.563 -0.384
355.563 -0.385
355.563 -0.386
355.563 -0.387
355.562 -0.388
355.561 -0.389
355.56 -0.39
355.559 -0.391
355.558 -0.392
355.557 -0.393
355.555 -0.394
355.554 -0.395
355.553 -0.396
355.551 -0.397
355.55 -0.398
355.549 -0.399
355.547 -0.4
355.546 -0.401
355.544 -0.402
355.543 -0.403
355.541 -0.404
355.54 -0.405
355.538 -0.406
355.536 -0.407
355.535 -0.408
355.533 -0.409
355.531 -0.41
355.529 -0.411
355.528 -0.412
355.526 -0.413
355.524 -0.414
355.522 -0.415
355.52 -0.416
355.518 -0.417
355.516 -0.418
355.515 -0.419
355.513 -0.42
355.511 -0.421
355.509 -0.422
355.507 -0.423
355.506 -0.424
355.504 -0.425
355.502 -0.426
355.5 -0.427
355.498 -0.428
355.497 -0.429
355.495 -0.43
355.493 -0.431
355.492 -0.432
355.49 -0.433
355.488 -0.434
355.487 -0.435
355.485 -0.436
355.483 -0.437
355.482 -0.438
355.48 -0.439
355.478 -0.44
355.477 -0.441
355.475 -0.442
355.474 -0.443
355.472 -0.444
355.471 -0.445
355.47 -0.446
355.468 -0.447
355.467 -0.448
355.466 -0.449
355.465 -0.45
355.464 -0.451
355.463 -0.452
355.462 -0.453
355.46 -0.454
355.459 -0.455
355.457 -0.456
355.456 -0.457
355.455 -0.458
355.454 -0.459
355.452 -0.46
355.451 -0.461
355.45 -0.462
355.449 -0.463
355.448 -0.464
355.448 -0.465
355.447 -0.466
355.446 -0.467
355.445 -0.468
355.445 -0.469
355.444 -0.47
355.444 -0.471
355.444 -0.472
355.443 -0.473
355.443 -0.474
355.443 -0.475
355.443 -0.476
355.442 -0.477
355.442 -0.478
355.442 -0.479
355.442 -0.48
355.442 -0.481
355.442 -0.482
355.442 -0.483
355.442 -0.484
355.443 -0.485
355.443 -0.486
355.444 -0.487
355.444 -0.488
355.445 -0.489
355.446 -0.49
355.447 -0.491
355.448 -0.492
355.449 -0.493
355.451 -0.494
355.452 -0.495
355.454 -0.496
355.455 -0.497
355.457 -0.498
355.458 -0.499
355.46 -0.5
355.461 -0.501
355.463 -0.502
355.465 -0.503
355.467 -0.504
355.469 -0.505
355.471 -0.506
355.473 -0.507
355.476 -0.508
355.478 -0.509
355.481 -0.51
355.484 -0.511
355.487 -0.512
355.49 -0.513
355.493 -0.514
355.496 -0.515
355.5 -0.516
355.503 -0.517
355.507 -0.518
355.51 -0.519
355.514 -0.52
355.518 -0.521
355.522 -0.522
355.526 -0.523
355.53 -0.524
355.534 -0.525
355.539 -0.526
355.544 -0.527
355.549 -0.528
355.554 -0.529
355.559 -0.53
355.564 -0.531
355.569 -0.532
355.575 -0.533
355.581 -0.534
355.586 -0.535
355.593 -0.536
355.599 -0.537
355.605 -0.538
355.612 -0.539
355.619 -0.54
355.626 -0.541
355.633 -0.542
355.64 -0.543
355.648 -0.544
355.655 -0.545
355.663 -0.546
355.671 -0.547
355.68 -0.548
355.688 -0.549
355.697 -0.55
355.706 -0.551
355.715 -0.552
355.724 -0.553
355.734 -0.554
355.743 -0.555
355.753 -0.556
355.763 -0.557
355.774 -0.558
355.784 -0.559
355.795 -0.56
355.806 -0.561
355.817 -0.562
355.829 -0.563
355.84 -0.564
355.852 -0.565
355.864 -0.566
355.876 -0.567
355.889 -0.568
355.902 -0.569
355.915 -0.57
355.928 -0.571
355.941 -0.572
355.955 -0.573
355.969 -0.574
355.983 -0.575
355.997 -0.576
356.012 -0.577
356.026 -0.578
356.041 -0.579
356.057 -0.58
356.072 -0.581
356.088 -0.582
356.104 -0.583
356.12 -0.584
356.137 -0.585
356.153 -0.586
356.17 -0.587
356.188 -0.588
356.205 -0.589
356.223 -0.59
356.241 -0.591
356.259 -0.592
356.278 -0.593
356.297 -0.594
356.316 -0.595
356.335 -0.596
356.355 -0.597
356.374 -0.598
356.395 -0.599
356.415 -0.6
356.436 -0.601
356.457 -0.602
356.478 -0.603
356.499 -0.604
356.521 -0.605
356.543 -0.606
356.566 -0.607
356.588 -0.608
356.611 -0.609
356.634 -0.61
356.658 -0.611
356.682 -0.612
356.706 -0.613
356.73 -0.614
356.754 -0.615
356.779 -0.616
356.805 -0.617
356.83 -0.618
356.856 -0.619
356.882 -0.62
356.908 -0.621
356.935 -0.622
356.962 -0.623
356.989 -0.624
357.017 -0.625
357.045 -0.626
357.073 -0.627
357.102 -0.628
357.13 -0.629
357.16 -0.63
357.189 -0.631
357.219 -0.632
357.249 -0.633
357.279 -0.634
357.31 -0.635
357.341 -0.636
357.373 -0.637
357.404 -0.638
357.436 -0.639
357.469 -0.64
357.501 -0.641
357.534 -0.642
357.568 -0.643
357.601 -0.644
357.635 -0.645
357.67 -0.646
357.704 -0.647
357.739 -0.648
357.775 -0.649
357.81 -0.65
357.846 -0.651
357.883 -0.652
357.919 -0.653
357.956 -0.654
357.994 -0.655
358.031 -0.656
358.07 -0.657
358.108 -0.658
358.147 -0.659
358.186 -0.66
358.225 -0.661
358.265 -0.662
358.305 -0.663
358.346 -0.664
358.387 -0.665
358.428 -0.666
358.47 -0.667
358.512 -0.668
358.554 -0.669
358.597 -0.67
358.64 -0.671
358.683 -0.672
358.727 -0.673
358.771 -0.674
358.816 -0.675
358.861 -0.676
358.906 -0.677
358.952 -0.678
358.998 -0.679
359.045 -0.68
359.091 -0.681
359.139 -0.682
359.186 -0.683
359.234 -0.684
359.283 -0.685
359.331 -0.686
359.38 -0.687
359.43 -0.688
359.48 -0.689
359.53 -0.69
359.581 -0.691
359.632 -0.692
359.684 -0.693
359.736 -0.694
359.788 -0.695
359.841 -0.696
359.894 -0.697
359.947 -0.698
360.001 -0.699
360.055 -0.7
360.11 -0.701
360.165 -0.702
360.22 -0.703
360.276 -0.704
360.333 -0.705
360.389 -0.706
360.447 -0.707
360.504 -0.708
360.562 -0.709
360.621 -0.71
360.68 -0.711
360.739 -0.712
360.799 -0.713
360.859 -0.714
360.92 -0.715
360.981 -0.716
361.042 -0.717
361.104 -0.718
361.166 -0.719
361.229 -0.72
361.293 -0.721
361.356 -0.722
361.42 -0.723
361.485 -0.724
361.55 -0.725
361.616 -0.726
361.682 -0.727
361.748 -0.728
361.815 -0.729
361.882 -0.73
361.95 -0.731
362.018 -0.732
362.087 -0.733
362.156 -0.734
362.226 -0.735
362.296 -0.736
362.366 -0.737
362.437 -0.738
362.509 -0.739
362.581 -0.74
362.653 -0.741
362.726 -0.742
362.8 -0.743
362.873 -0.744
362.948 -0.745
363.023 -0.746
363.098 -0.747
363.174 -0.748
363.25 -0.749
363.327 -0.75
363.404 -0.751
363.482 -0.752
363.56 -0.753
363.638 -0.754
363.718 -0.755
363.797 -0.756
363.878 -0.757
363.958 -0.758
364.039 -0.759
364.121 -0.76
364.203 -0.761
364.286 -0.762
364.369 -0.763
364.453 -0.764
364.537 -0.765
364.622 -0.766
364.707 -0.767
364.793 -0.768
364.879 -0.769
364.966 -0.77
365.053 -0.771
365.141 -0.772
365.229 -0.773
365.318 -0.774
365.407 -0.775
365.497 -0.776
365.587 -0.777
365.678 -0.778
365.769 -0.779
365.861 -0.78
365.954 -0.781
366.047 -0.782
366.14 -0.783
366.235 -0.784
366.329 -0.785
366.424 -0.786
366.52 -0.787
366.616 -0.788
366.713 -0.789
366.81 -0.79
366.908 -0.791
367.007 -0.792
367.106 -0.793
367.205 -0.794
367.305 -0.795
367.406 -0.796
367.507 -0.797
367.609 -0.798
367.711 -0.799
367.814 -0.8
367.917 -0.801
368.021 -0.802
368.126 -0.803
368.231 -0.804
368.336 -0.805
368.443 -0.806
368.549 -0.807
368.657 -0.808
368.765 -0.809
368.873 -0.81
368.982 -0.811
369.092 -0.812
369.202 -0.813
369.313 -0.814
369.424 -0.815
369.536 -0.816
369.649 -0.817
369.762 -0.818
369.876 -0.819
369.99 -0.82
370.105 -0.821
370.221 -0.822
370.337 -0.823
370.453 -0.824
370.571 -0.825
370.688 -0.826
370.807 -0.827
370.926 -0.828
371.046 -0.829
371.166 -0.83
371.287 -0.831
371.408 -0.832
371.53 -0.833
371.653 -0.834
371.776 -0.835
371.9 -0.836
372.025 -0.837
372.15 -0.838
372.275 -0.839
372.402 -0.84
372.529 -0.841
372.656 -0.842
372.785 -0.843
372.913 -0.844
373.043 -0.845
373.173 -0.846
373.304 -0.847
373.435 -0.848
373.567 -0.849
373.699 -0.85
373.832 -0.851
373.966 -0.852
374.1 -0.853
374.235 -0.854
374.371 -0.855
374.507 -0.856
374.644 -0.857
374.781 -0.858
374.919 -0.859
375.057 -0.86
375.197 -0.861
375.337 -0.862
375.477 -0.863
375.618 -0.864
375.76 -0.865
375.902 -0.866
376.045 -0.867
376.189 -0.868
376.333 -0.869
376.478 -0.87
376.624 -0.871
376.77 -0.872
376.917 -0.873
377.064 -0.874
377.212 -0.875
377.361 -0.876
377.511 -0.877
377.661 -0.878
377.812 -0.879
377.963 -0.88
378.116 -0.881
378.268 -0.882
378.422 -0.883
378.576 -0.884
378.731 -0.885
378.886 -0.886
379.042 -0.887
379.199 -0.888
379.357 -0.889
379.515 -0.89
379.674 -0.891
379.833 -0.892
379.994 -0.893
380.155 -0.894
380.316 -0.895
380.479 -0.896
380.642 -0.897
380.805 -0.898
380.97 -0.899
381.135 -0.9
381.301 -0.901
381.467 -0.902
381.635 -0.903
381.803 -0.904
381.971 -0.905
382.141 -0.906
382.311 -0.907
382.482 -0.908
382.653 -0.909
382.825 -0.91
382.998 -0.911
383.172 -0.912
383.346 -0.913
383.522 -0.914
383.697 -0.915
383.874 -0.916
384.051 -0.917
384.229 -0.918
384.408 -0.919
384.588 -0.92
384.768 -0.921
384.949 -0.922
385.13 -0.923
385.313 -0.924
385.496 -0.925
385.68 -0.926
385.864 -0.927
386.05 -0.928
386.236 -0.929
386.423 -0.93
386.61 -0.931
386.799 -0.932
386.988 -0.933
387.178 -0.934
387.368 -0.935
387.56 -0.936
387.752 -0.937
387.945 -0.938
388.138 -0.939
388.333 -0.94
388.528 -0.941
388.724 -0.942
388.921 -0.943
389.118 -0.944
389.316 -0.945
389.515 -0.946
389.715 -0.947
389.916 -0.948
390.117 -0.949
390.319 -0.95
390.522 -0.951
390.726 -0.952
390.93 -0.953
391.135 -0.954
391.341 -0.955
391.548 -0.956
391.756 -0.957
391.964 -0.958
392.173 -0.959
392.383 -0.96
392.594 -0.961
392.806 -0.962
393.018 -0.963
393.231 -0.964
393.445 -0.965
393.66 -0.966
393.876 -0.967
394.092 -0.968
394.309 -0.969
394.527 -0.97
394.746 -0.971
394.966 -0.972
395.186 -0.973
395.407 -0.974
395.629 -0.975
395.852 -0.976
396.076 -0.977
396.3 -0.978
396.526 -0.979
396.752 -0.98
396.979 -0.981
397.207 -0.982
397.435 -0.983
397.665 -0.984
397.895 -0.985
398.126 -0.986
398.358 -0.987
398.591 -0.988
398.824 -0.989
399.059 -0.99
399.294 -0.991
399.53 -0.992
399.767 -0.993
400.005 -0.994
400.244 -0.995
400.483 -0.996
400.724 -0.997
400.965 -0.998
401.207 -0.999
401.45 -1
401.693 -1.001
401.938 -1.002
402.183 -1.003
402.43 -1.004
402.677 -1.005
402.925 -1.006
403.174 -1.007
403.424 -1.008
403.674 -1.009
403.926 -1.01
404.178 -1.011
404.431 -1.012
404.685 -1.013
404.94 -1.014
405.196 -1.015
405.453 -1.016
405.71 -1.017
405.969 -1.018
406.228 -1.019
406.488 -1.02
406.749 -1.021
407.011 -1.022
407.274 -1.023
407.538 -1.024
407.803 -1.025
408.068 -1.026
408.335 -1.027
408.602 -1.028
408.87 -1.029
409.139 -1.03
409.409 -1.031
409.68 -1.032
409.952 -1.033
410.225 -1.034
410.499 -1.035
410.773 -1.036
411.049 -1.037
411.325 -1.038
411.602 -1.039
411.88 -1.04
412.159 -1.041
412.439 -1.042
412.719 -1.043
413.001 -1.044
413.284 -1.045
413.567 -1.046
413.851 -1.047
414.137 -1.048
414.423 -1.049
414.71 -1.05
414.998 -1.051
415.287 -1.052
415.577 -1.053
415.868 -1.054
416.16 -1.055
416.452 -1.056
416.746 -1.057
417.04 -1.058
417.335 -1.059
417.632 -1.06
417.929 -1.061
418.227 -1.062
418.526 -1.063
418.826 -1.064
419.127 -1.065
419.429 -1.066
419.732 -1.067
420.035 -1.068
420.34 -1.069
420.646 -1.07
420.953 -1.071
421.26 -1.072
421.569 -1.073
421.878 -1.074
422.189 -1.075
422.5 -1.076
422.813 -1.077
423.126 -1.078
423.44 -1.079
423.755 -1.08
424.072 -1.081
424.389 -1.082
424.707 -1.083
425.026 -1.084
425.346 -1.085
425.667 -1.086
425.989 -1.087
426.312 -1.088
426.636 -1.089
426.961 -1.09
427.286 -1.091
427.613 -1.092
427.941 -1.093
428.27 -1.094
428.599 -1.095
428.93 -1.096
429.261 -1.097
429.594 -1.098
429.928 -1.099
430.262 -1.1
430.598 -1.101
430.934 -1.102
431.272 -1.103
431.611 -1.104
431.95 -1.105
432.291 -1.106
432.632 -1.107
432.975 -1.108
433.319 -1.109
433.663 -1.11
434.009 -1.111
434.355 -1.112
434.703 -1.113
435.051 -1.114
435.401 -1.115
435.752 -1.116
436.103 -1.117
436.456 -1.118
436.81 -1.119
437.164 -1.12
437.52 -1.121
437.877 -1.122
438.235 -1.123
438.594 -1.124
438.954 -1.125
439.314 -1.126
439.676 -1.127
440.039 -1.128
440.403 -1.129
440.768 -1.13
441.135 -1.131
441.502 -1.132
441.87 -1.133
442.239 -1.134
442.609 -1.135
442.981 -1.136
443.353 -1.137
443.726 -1.138
444.101 -1.139
444.476 -1.14
444.853 -1.141
445.231 -1.142
445.609 -1.143
445.989 -1.144
446.37 -1.145
446.752 -1.146
447.135 -1.147
447.519 -1.148
447.904 -1.149
448.289 -1.15
448.676 -1.151
449.064 -1.152
449.453 -1.153
449.843 -1.154
450.234 -1.155
450.626 -1.156
451.019 -1.157
451.413 -1.158
451.809 -1.159
452.205 -1.16
452.602 -1.161
453.001 -1.162
453.4 -1.163
453.801 -1.164
454.202 -1.165
454.605 -1.166
455.009 -1.167
455.414 -1.168
455.82 -1.169
456.228 -1.17
456.636 -1.171
457.045 -1.172
457.456 -1.173
457.867 -1.174
458.28 -1.175
458.694 -1.176
459.109 -1.177
459.525 -1.178
459.942 -1.179
460.36 -1.18
460.779 -1.181
461.199 -1.182
461.621 -1.183
462.043 -1.184
462.467 -1.185
462.892 -1.186
463.317 -1.187
463.744 -1.188
464.173 -1.189
464.602 -1.19
465.032 -1.191
465.464 -1.192
465.897 -1.193
466.33 -1.194
466.765 -1.195
467.201 -1.196
467.639 -1.197
468.077 -1.198
468.517 -1.199
468.957 -1.2
469.399 -1.201
469.842 -1.202
470.286 -1.203
470.732 -1.204
471.178 -1.205
471.625 -1.206
472.074 -1.207
472.524 -1.208
472.975 -1.209
473.427 -1.21
473.88 -1.211
474.334 -1.212
474.79 -1.213
475.247 -1.214
475.705 -1.215
476.164 -1.216
476.624 -1.217
477.085 -1.218
477.548 -1.219
478.012 -1.22
478.476 -1.221
478.943 -1.222
479.41 -1.223
479.878 -1.224
480.348 -1.225
480.819 -1.226
481.291 -1.227
481.764 -1.228
482.238 -1.229
482.713 -1.23
483.19 -1.231
483.668 -1.232
484.147 -1.233
484.627 -1.234
485.108 -1.235
485.59 -1.236
486.074 -1.237
486.559 -1.238
487.045 -1.239
487.532 -1.24
488.02 -1.241
488.51 -1.242
489.001 -1.243
489.493 -1.244
489.986 -1.245
490.481 -1.246
490.976 -1.247
491.473 -1.248
491.971 -1.249
492.47 -1.25
492.971 -1.251
493.472 -1.252
493.975 -1.253
494.479 -1.254
494.985 -1.255
495.491 -1.256
495.999 -1.257
496.508 -1.258
497.018 -1.259
497.53 -1.26
498.043 -1.261
498.557 -1.262
499.072 -1.263
499.588 -1.264
500.106 -1.265
500.625 -1.266
501.145 -1.267
501.667 -1.268
502.189 -1.269
502.713 -1.27
503.239 -1.271
503.765 -1.272
504.293 -1.273
504.822 -1.274
505.352 -1.275
505.884 -1.276
506.416 -1.277
506.95 -1.278
507.486 -1.279
508.022 -1.28
508.56 -1.281
509.099 -1.282
509.639 -1.283
510.181 -1.284
510.724 -1.285
511.268 -1.286
511.813 -1.287
512.36 -1.288
512.908 -1.289
513.457 -1.29
514.007 -1.291
514.559 -1.292
515.112 -1.293
515.666 -1.294
516.221 -1.295
516.778 -1.296
517.336 -1.297
517.896 -1.298
518.456 -1.299
519.018 -1.3
