7.67698 -0.001
15.3199 -0.002
22.9357 -0.003
30.5215 -0.004
38.0771 -0.005
45.6019 -0.006
53.0956 -0.007
60.5579 -0.008
67.9881 -0.009
75.386 -0.01
82.7509 -0.011
90.0825 -0.012
97.3801 -0.013
104.643 -0.014
111.871 -0.015
119.064 -0.016
126.219 -0.017
133.338 -0.018
140.42 -0.019
147.462 -0.02
154.465 -0.021
161.36 -0.022
167.489 -0.023
172.99 -0.024
178.45 -0.025
183.868 -0.026
189.247 -0.027
194.588 -0.028
199.892 -0.029
205.161 -0.03
210.396 -0.031
215.596 -0.032
220.76 -0.033
225.886 -0.034
230.974 -0.035
236.024 -0.036
241.037 -0.037
246.012 -0.038
250.949 -0.039
255.846 -0.04
260.706 -0.041
265.529 -0.042
270.293 -0.043
274.825 -0.044
279.025 -0.045
282.694 -0.046
285.609 -0.047
287.99 -0.048
290.23 -0.049
292.301 -0.05
294.176 -0.051
295.942 -0.052
297.348 -0.053
298.674 -0.054
299.753 -0.055
300.598 -0.056
301.178 -0.057
301.611 -0.058
301.95 -0.059
302.265 -0.06
302.564 -0.061
302.844 -0.062
303.102 -0.063
303.313 -0.064
303.472 -0.065
303.605 -0.066
303.727 -0.067
303.835 -0.068
303.928 -0.069
304.006 -0.07
304.07 -0.071
304.121 -0.072
304.161 -0.073
304.191 -0.074
304.213 -0.075
304.226 -0.076
304.233 -0.077
304.233 -0.078
304.226 -0.079
304.214 -0.08
304.198 -0.081
304.178 -0.082
304.152 -0.083
304.123 -0.084
304.091 -0.085
304.055 -0.086
304.015 -0.087
303.969 -0.088
303.919 -0.089
303.864 -0.09
303.803 -0.091
303.741 -0.092
303.676 -0.093
303.609 -0.094
303.539 -0.095
303.467 -0.096
303.39 -0.097
303.311 -0.098
303.229 -0.099
303.145 -0.1
303.059 -0.101
302.971 -0.102
302.88 -0.103
302.787 -0.104
302.692 -0.105
302.595 -0.106
302.496 -0.107
302.395 -0.108
302.292 -0.109
302.187 -0.11
302.08 -0.111
301.971 -0.112
301.86 -0.113
301.747 -0.114
301.634 -0.115
301.519 -0.116
301.403 -0.117
301.285 -0.118
301.166 -0.119
301.046 -0.12
300.925 -0.121
300.803 -0.122
300.679 -0.123
300.555 -0.124
300.43 -0.125
300.304 -0.126
300.178 -0.127
300.05 -0.128
299.921 -0.129
299.792 -0.13
299.66 -0.131
299.528 -0.132
299.395 -0.133
299.261 -0.134
299.126 -0.135
298.989 -0.136
298.852 -0.137
298.714 -0.138
298.575 -0.139
298.436 -0.14
298.296 -0.141
298.155 -0.142
298.014 -0.143
297.873 -0.144
297.733 -0.145
297.595 -0.146
297.459 -0.147
297.325 -0.148
297.194 -0.149
297.064 -0.15
296.936 -0.151
296.809 -0.152
296.682 -0.153
296.555 -0.154
296.427 -0.155
296.3 -0.156
296.173 -0.157
296.046 -0.158
295.918 -0.159
295.791 -0.16
295.663 -0.161
295.536 -0.162
295.408 -0.163
295.28 -0.164
295.151 -0.165
295.023 -0.166
294.895 -0.167
294.768 -0.168
294.642 -0.169
294.52 -0.17
294.402 -0.171
294.285 -0.172
294.173 -0.173
294.064 -0.174
293.957 -0.175
293.855 -0.176
293.754 -0.177
293.656 -0.178
293.558 -0.179
293.46 -0.18
293.363 -0.181
293.266 -0.182
293.169 -0.183
293.073 -0.184
292.978 -0.185
292.883 -0.186
292.788 -0.187
292.693 -0.188
292.599 -0.189
292.505 -0.19
292.411 -0.191
292.317 -0.192
292.225 -0.193
292.132 -0.194
292.04 -0.195
291.949 -0.196
291.858 -0.197
291.768 -0.198
291.681 -0.199
291.595 -0.2
291.511 -0.201
291.429 -0.202
291.349 -0.203
291.271 -0.204
291.195 -0.205
291.121 -0.206
291.049 -0.207
290.979 -0.208
290.911 -0.209
290.845 -0.21
290.78 -0.211
290.716 -0.212
290.653 -0.213
290.592 -0.214
290.531 -0.215
290.472 -0.216
290.414 -0.217
290.357 -0.218
290.301 -0.219
290.246 -0.22
290.192 -0.221
290.139 -0.222
290.086 -0.223
290.035 -0.224
289.985 -0.225
289.936 -0.226
289.888 -0.227
289.841 -0.228
289.795 -0.229
289.75 -0.23
289.707 -0.231
289.664 -0.232
289.623 -0.233
289.582 -0.234
289.543 -0.235
289.505 -0.236
289.468 -0.237
289.432 -0.238
289.398 -0.239
289.365 -0.24
289.332 -0.241
289.302 -0.242
289.272 -0.243
289.244 -0.244
289.217 -0.245
289.192 -0.246
289.169 -0.247
289.147 -0.248
289.128 -0.249
289.111 -0.25
289.096 -0.251
289.083 -0.252
289.073 -0.253
289.065 -0.254
289.059 -0.255
289.054 -0.256
289.053 -0.257
289.053 -0.258
289.055 -0.259
289.059 -0.26
289.066 -0.261
289.073 -0.262
289.082 -0.263
289.093 -0.264
289.106 -0.265
289.12 -0.266
289.136 -0.267
289.153 -0.268
289.172 -0.269
289.192 -0.27
289.215 -0.271
289.238 -0.272
289.263 -0.273
289.29 -0.274
289.319 -0.275
289.349 -0.276
289.381 -0.277
289.414 -0.278
289.449 -0.279
289.485 -0.28
289.524 -0.281
289.564 -0.282
289.605 -0.283
289.648 -0.284
289.693 -0.285
289.74 -0.286
289.788 -0.287
289.838 -0.288
289.89 -0.289
289.944 -0.29
289.999 -0.291
290.056 -0.292
290.115 -0.293
290.175 -0.294
290.238 -0.295
290.302 -0.296
290.368 -0.297
290.436 -0.298
290.503 -0.299
290.573 -0.3
290.642 -0.301
290.712 -0.302
290.782 -0.303
290.853 -0.304
290.926 -0.305
290.996 -0.306
291.066 -0.307
291.138 -0.308
291.212 -0.309
291.287 -0.31
291.363 -0.311
291.441 -0.312
291.519 -0.313
291.598 -0.314
291.678 -0.315
291.759 -0.316
291.841 -0.317
291.923 -0.318
292.007 -0.319
292.093 -0.32
292.178 -0.321
292.265 -0.322
292.354 -0.323
292.443 -0.324
292.533 -0.325
292.625 -0.326
292.718 -0.327
292.814 -0.328
292.91 -0.329
293.009 -0.33
293.109 -0.331
293.211 -0.332
293.314 -0.333
293.42 -0.334
293.527 -0.335
293.635 -0.336
293.746 -0.337
293.858 -0.338
293.972 -0.339
294.088 -0.34
294.206 -0.341
294.325 -0.342
294.447 -0.343
294.57 -0.344
294.695 -0.345
294.821 -0.346
294.95 -0.347
295.08 -0.348
295.213 -0.349
295.347 -0.35
295.483 -0.351
295.621 -0.352
295.761 -0.353
295.903 -0.354
296.047 -0.355
296.193 -0.356
296.34 -0.357
296.489 -0.358
296.638 -0.359
296.789 -0.36
296.942 -0.361
297.096 -0.362
297.253 -0.363
297.411 -0.364
297.569 -0.365
297.729 -0.366
297.89 -0.367
298.054 -0.368
298.219 -0.369
298.384 -0.37
298.55 -0.371
298.719 -0.372
298.889 -0.373
299.059 -0.374
299.23 -0.375
299.403 -0.376
299.577 -0.377
299.751 -0.378
299.926 -0.379
300.103 -0.38
300.279 -0.381
300.457 -0.382
300.637 -0.383
300.819 -0.384
301.003 -0.385
301.189 -0.386
301.377 -0.387
301.568 -0.388
301.76 -0.389
301.954 -0.39
302.15 -0.391
302.348 -0.392
302.546 -0.393
302.745 -0.394
302.946 -0.395
303.149 -0.396
303.351 -0.397
303.556 -0.398
303.76 -0.399
303.965 -0.4
304.17 -0.401
304.373 -0.402
304.577 -0.403
304.776 -0.404
304.976 -0.405
305.173 -0.406
305.368 -0.407
305.56 -0.408
305.752 -0.409
305.944 -0.41
306.138 -0.411
306.331 -0.412
306.525 -0.413
306.719 -0.414
306.914 -0.415
307.11 -0.416
307.306 -0.417
307.504 -0.418
307.702 -0.419
307.902 -0.42
308.103 -0.421
308.306 -0.422
308.511 -0.423
308.718 -0.424
308.926 -0.425
309.136 -0.426
309.348 -0.427
309.561 -0.428
309.776 -0.429
309.993 -0.43
310.211 -0.431
310.432 -0.432
310.654 -0.433
310.877 -0.434
311.103 -0.435
311.33 -0.436
311.558 -0.437
311.789 -0.438
312.021 -0.439
312.256 -0.44
312.493 -0.441
312.731 -0.442
312.972 -0.443
313.214 -0.444
313.459 -0.445
313.706 -0.446
313.954 -0.447
314.205 -0.448
314.457 -0.449
314.712 -0.45
314.969 -0.451
315.228 -0.452
315.489 -0.453
315.752 -0.454
316.018 -0.455
316.285 -0.456
316.555 -0.457
316.824 -0.458
317.091 -0.459
317.357 -0.46
317.622 -0.461
317.885 -0.462
318.145 -0.463
318.406 -0.464
318.668 -0.465
318.933 -0.466
319.198 -0.467
319.462 -0.468
319.725 -0.469
319.985 -0.47
320.244 -0.471
320.504 -0.472
320.766 -0.473
321.03 -0.474
321.296 -0.475
321.563 -0.476
321.833 -0.477
322.105 -0.478
322.379 -0.479
322.655 -0.48
322.933 -0.481
323.213 -0.482
323.495 -0.483
323.779 -0.484
324.065 -0.485
324.353 -0.486
324.643 -0.487
324.936 -0.488
325.23 -0.489
325.527 -0.49
325.825 -0.491
326.125 -0.492
326.423 -0.493
326.719 -0.494
327.013 -0.495
327.306 -0.496
327.597 -0.497
327.889 -0.498
328.183 -0.499
328.479 -0.5
328.778 -0.501
329.078 -0.502
329.381 -0.503
329.686 -0.504
329.992 -0.505
330.301 -0.506
330.613 -0.507
330.926 -0.508
331.241 -0.509
331.556 -0.51
331.872 -0.511
332.189 -0.512
332.506 -0.513
332.824 -0.514
333.143 -0.515
333.463 -0.516
333.786 -0.517
334.111 -0.518
334.439 -0.519
334.768 -0.52
335.1 -0.521
335.434 -0.522
335.77 -0.523
336.108 -0.524
336.449 -0.525
336.792 -0.526
337.137 -0.527
337.484 -0.528
337.834 -0.529
338.186 -0.53
338.54 -0.531
338.892 -0.532
339.239 -0.533
339.582 -0.534
339.927 -0.535
340.273 -0.536
340.623 -0.537
340.974 -0.538
341.328 -0.539
341.683 -0.54
342.041 -0.541
342.402 -0.542
342.764 -0.543
343.129 -0.544
343.496 -0.545
343.865 -0.546
344.237 -0.547
344.61 -0.548
344.987 -0.549
345.359 -0.55
345.727 -0.551
346.097 -0.552
346.469 -0.553
346.843 -0.554
347.22 -0.555
347.599 -0.556
347.98 -0.557
348.363 -0.558
348.748 -0.559
349.136 -0.56
349.526 -0.561
349.918 -0.562
350.312 -0.563
350.709 -0.564
351.108 -0.565
351.509 -0.566
351.913 -0.567
352.317 -0.568
352.716 -0.569
353.115 -0.57
353.517 -0.571
353.919 -0.572
354.323 -0.573
354.729 -0.574
355.138 -0.575
355.549 -0.576
355.962 -0.577
356.378 -0.578
356.796 -0.579
357.216 -0.58
357.639 -0.581
358.064 -0.582
358.492 -0.583
358.921 -0.584
359.354 -0.585
359.788 -0.586
360.225 -0.587
360.665 -0.588
361.107 -0.589
361.552 -0.59
361.999 -0.591
362.448 -0.592
362.9 -0.593
363.354 -0.594
363.811 -0.595
364.27 -0.596
364.732 -0.597
365.196 -0.598
365.662 -0.599
366.131 -0.6
366.603 -0.601
367.077 -0.602
367.553 -0.603
368.032 -0.604
368.513 -0.605
368.997 -0.606
369.483 -0.607
369.972 -0.608
370.461 -0.609
370.947 -0.61
371.432 -0.611
371.917 -0.612
372.405 -0.613
372.895 -0.614
373.388 -0.615
373.882 -0.616
374.38 -0.617
374.879 -0.618
375.381 -0.619
375.885 -0.62
376.39 -0.621
376.897 -0.622
377.405 -0.623
377.916 -0.624
378.427 -0.625
378.94 -0.626
379.455 -0.627
379.971 -0.628
380.49 -0.629
381.011 -0.63
381.534 -0.631
382.059 -0.632
382.586 -0.633
383.116 -0.634
383.647 -0.635
384.179 -0.636
384.714 -0.637
385.252 -0.638
385.792 -0.639
386.335 -0.64
386.88 -0.641
387.4 -0.642
387.917 -0.643
388.437 -0.644
388.958 -0.645
389.481 -0.646
390.005 -0.647
390.529 -0.648
391.055 -0.649
391.581 -0.65
392.11 -0.651
392.639 -0.652
393.169 -0.653
393.697 -0.654
394.226 -0.655
394.756 -0.656
395.287 -0.657
395.819 -0.658
396.351 -0.659
396.883 -0.66
397.416 -0.661
397.95 -0.662
398.485 -0.663
399.02 -0.664
399.557 -0.665
400.095 -0.666
400.636 -0.667
401.179 -0.668
401.725 -0.669
402.272 -0.67
402.82 -0.671
403.369 -0.672
403.918 -0.673
404.466 -0.674
405.013 -0.675
405.559 -0.676
406.104 -0.677
406.651 -0.678
407.199 -0.679
407.751 -0.68
408.304 -0.681
408.86 -0.682
409.418 -0.683
409.979 -0.684
410.541 -0.685
411.106 -0.686
411.672 -0.687
412.239 -0.688
412.809 -0.689
413.379 -0.69
413.951 -0.691
414.52 -0.692
415.089 -0.693
415.658 -0.694
416.225 -0.695
416.792 -0.696
417.355 -0.697
417.919 -0.698
418.478 -0.699
419.036 -0.7
419.593 -0.701
420.148 -0.702
420.702 -0.703
421.255 -0.704
421.81 -0.705
422.361 -0.706
422.915 -0.707
423.471 -0.708
424.029 -0.709
424.588 -0.71
425.15 -0.711
425.714 -0.712
426.28 -0.713
426.848 -0.714
427.419 -0.715
427.991 -0.716
428.566 -0.717
429.142 -0.718
429.721 -0.719
430.302 -0.72
430.879 -0.721
431.448 -0.722
432.004 -0.723
432.561 -0.724
433.121 -0.725
433.68 -0.726
434.238 -0.727
434.794 -0.728
435.353 -0.729
435.913 -0.73
436.475 -0.731
437.04 -0.732
437.606 -0.733
438.174 -0.734
438.744 -0.735
439.315 -0.736
439.889 -0.737
440.465 -0.738
441.043 -0.739
441.622 -0.74
442.204 -0.741
442.788 -0.742
443.373 -0.743
443.961 -0.744
444.55 -0.745
445.142 -0.746
445.735 -0.747
446.331 -0.748
446.928 -0.749
447.528 -0.75
448.128 -0.751
448.723 -0.752
449.319 -0.753
449.917 -0.754
450.516 -0.755
451.118 -0.756
451.721 -0.757
452.324 -0.758
452.925 -0.759
453.525 -0.76
454.124 -0.761
454.72 -0.762
455.317 -0.763
455.916 -0.764
456.516 -0.765
457.119 -0.766
457.723 -0.767
458.33 -0.768
458.938 -0.769
459.548 -0.77
460.159 -0.771
460.771 -0.772
461.385 -0.773
462 -0.774
462.596 -0.775
463.193 -0.776
463.79 -0.777
464.384 -0.778
464.974 -0.779
465.562 -0.78
466.147 -0.781
466.732 -0.782
467.319 -0.783
467.906 -0.784
468.494 -0.785
469.083 -0.786
469.673 -0.787
470.263 -0.788
470.853 -0.789
471.442 -0.79
472.031 -0.791
472.619 -0.792
473.204 -0.793
473.783 -0.794
474.356 -0.795
474.923 -0.796
475.481 -0.797
476.028 -0.798
476.561 -0.799
477.095 -0.8
477.628 -0.801
478.149 -0.802
478.625 -0.803
479.049 -0.804
479.472 -0.805
479.897 -0.806
480.321 -0.807
480.747 -0.808
481.172 -0.809
481.598 -0.81
482.024 -0.811
482.449 -0.812
482.873 -0.813
483.298 -0.814
483.724 -0.815
484.149 -0.816
484.575 -0.817
485.002 -0.818
485.428 -0.819
485.855 -0.82
486.283 -0.821
486.711 -0.822
487.139 -0.823
487.568 -0.824
487.997 -0.825
488.426 -0.826
488.856 -0.827
489.287 -0.828
489.718 -0.829
490.149 -0.83
490.581 -0.831
491.013 -0.832
491.446 -0.833
491.879 -0.834
492.312 -0.835
492.746 -0.836
493.181 -0.837
493.616 -0.838
494.051 -0.839
494.487 -0.84
494.924 -0.841
495.36 -0.842
495.798 -0.843
496.235 -0.844
496.674 -0.845
497.112 -0.846
497.551 -0.847
497.991 -0.848
498.431 -0.849
498.871 -0.85
499.312 -0.851
499.753 -0.852
500.195 -0.853
500.637 -0.854
501.08 -0.855
501.523 -0.856
501.966 -0.857
502.41 -0.858
502.836 -0.859
503.244 -0.86
503.642 -0.861
504.036 -0.862
504.429 -0.863
504.822 -0.864
505.214 -0.865
505.606 -0.866
505.997 -0.867
506.388 -0.868
506.779 -0.869
507.17 -0.87
507.56 -0.871
507.951 -0.872
508.341 -0.873
508.731 -0.874
509.122 -0.875
509.512 -0.876
509.903 -0.877
510.293 -0.878
510.684 -0.879
511.074 -0.88
511.465 -0.881
511.856 -0.882
512.247 -0.883
512.638 -0.884
513.03 -0.885
513.421 -0.886
513.813 -0.887
514.204 -0.888
514.596 -0.889
514.988 -0.89
515.38 -0.891
515.772 -0.892
516.165 -0.893
516.557 -0.894
516.95 -0.895
517.342 -0.896
517.734 -0.897
518.126 -0.898
518.518 -0.899
518.91 -0.9
