14.3872 -0.001
28.7576 -0.002
43.1111 -0.003
57.4476 -0.004
71.767 -0.005
86.0694 -0.006
100.355 -0.007
114.622 -0.008
128.873 -0.009
143.106 -0.01
157.322 -0.011
171.52 -0.012
185.701 -0.013
199.863 -0.014
214.009 -0.015
228.136 -0.016
242.245 -0.017
256.336 -0.018
270.41 -0.019
284.465 -0.02
298.501 -0.021
312.52 -0.022
326.52 -0.023
340.501 -0.024
354.464 -0.025
368.408 -0.026
382.333 -0.027
396.239 -0.028
410.127 -0.029
423.995 -0.03
437.844 -0.031
451.673 -0.032
465.475 -0.033
478.967 -0.034
491.595 -0.035
502.625 -0.036
512.65 -0.037
522.632 -0.038
532.567 -0.039
542.459 -0.04
552.308 -0.041
562.116 -0.042
571.879 -0.043
581.608 -0.044
591.314 -0.045
601.004 -0.046
610.681 -0.047
620.357 -0.048
630.002 -0.049
639.452 -0.05
648.403 -0.051
656.883 -0.052
664.526 -0.053
671.093 -0.054
676.271 -0.055
681.029 -0.056
685.405 -0.057
689.269 -0.058
692.846 -0.059
695.733 -0.06
697.836 -0.061
699.193 -0.062
700.48 -0.063
701.744 -0.064
702.994 -0.065
704.225 -0.066
705.435 -0.067
706.63 -0.068
707.804 -0.069
708.951 -0.07
710.07 -0.071
711.168 -0.072
712.239 -0.073
713.279 -0.074
714.291 -0.075
715.272 -0.076
716.223 -0.077
717.144 -0.078
718.041 -0.079
718.914 -0.08
719.767 -0.081
720.606 -0.082
721.433 -0.083
722.25 -0.084
723.061 -0.085
723.865 -0.086
724.665 -0.087
725.457 -0.088
726.242 -0.089
727.022 -0.09
727.793 -0.091
728.559 -0.092
729.319 -0.093
730.072 -0.094
730.82 -0.095
731.56 -0.096
732.293 -0.097
733.015 -0.098
733.729 -0.099
734.435 -0.1
735.132 -0.101
735.819 -0.102
736.498 -0.103
737.167 -0.104
737.827 -0.105
738.478 -0.106
739.118 -0.107
739.75 -0.108
740.374 -0.109
740.989 -0.11
741.596 -0.111
742.193 -0.112
742.784 -0.113
743.364 -0.114
743.935 -0.115
744.5 -0.116
745.053 -0.117
745.596 -0.118
746.133 -0.119
746.663 -0.12
747.188 -0.121
747.708 -0.122
748.222 -0.123
748.729 -0.124
749.23 -0.125
749.726 -0.126
750.217 -0.127
750.704 -0.128
751.186 -0.129
751.662 -0.13
752.134 -0.131
752.602 -0.132
753.064 -0.133
753.522 -0.134
753.973 -0.135
754.421 -0.136
754.865 -0.137
755.305 -0.138
755.741 -0.139
756.173 -0.14
756.601 -0.141
757.023 -0.142
757.442 -0.143
757.855 -0.144
758.265 -0.145
758.67 -0.146
759.073 -0.147
759.472 -0.148
759.866 -0.149
760.257 -0.15
760.645 -0.151
761.028 -0.152
761.408 -0.153
761.785 -0.154
762.158 -0.155
762.527 -0.156
762.893 -0.157
763.253 -0.158
763.606 -0.159
763.957 -0.16
764.304 -0.161
764.648 -0.162
764.99 -0.163
765.328 -0.164
765.664 -0.165
765.998 -0.166
766.323 -0.167
766.645 -0.168
766.962 -0.169
767.277 -0.17
767.588 -0.171
767.895 -0.172
768.2 -0.173
768.502 -0.174
768.801 -0.175
769.098 -0.176
769.388 -0.177
769.674 -0.178
769.957 -0.179
770.238 -0.18
770.516 -0.181
770.791 -0.182
771.063 -0.183
771.332 -0.184
771.598 -0.185
771.862 -0.186
772.123 -0.187
772.377 -0.188
772.625 -0.189
772.864 -0.19
773.099 -0.191
773.332 -0.192
773.561 -0.193
773.789 -0.194
774.013 -0.195
774.235 -0.196
774.455 -0.197
774.667 -0.198
774.873 -0.199
775.076 -0.2
775.277 -0.201
775.474 -0.202
775.67 -0.203
775.863 -0.204
776.054 -0.205
776.24 -0.206
776.416 -0.207
776.59 -0.208
776.762 -0.209
776.931 -0.21
777.098 -0.211
777.263 -0.212
777.425 -0.213
777.583 -0.214
777.725 -0.215
777.864 -0.216
778 -0.217
778.134 -0.218
778.265 -0.219
778.394 -0.22
778.521 -0.221
778.647 -0.222
778.77 -0.223
778.89 -0.224
779.007 -0.225
779.121 -0.226
779.232 -0.227
779.339 -0.228
779.443 -0.229
779.545 -0.23
779.644 -0.231
779.74 -0.232
779.834 -0.233
779.925 -0.234
780.014 -0.235
780.102 -0.236
780.187 -0.237
780.269 -0.238
780.35 -0.239
780.427 -0.24
780.501 -0.241
780.573 -0.242
780.642 -0.243
780.708 -0.244
780.773 -0.245
780.836 -0.246
780.898 -0.247
780.958 -0.248
781.016 -0.249
781.072 -0.25
781.126 -0.251
781.177 -0.252
781.227 -0.253
781.275 -0.254
781.322 -0.255
781.362 -0.256
781.4 -0.257
781.434 -0.258
781.467 -0.259
781.498 -0.26
781.528 -0.261
781.556 -0.262
781.582 -0.263
781.607 -0.264
781.63 -0.265
781.648 -0.266
781.664 -0.267
781.678 -0.268
781.688 -0.269
781.696 -0.27
781.702 -0.271
781.707 -0.272
781.712 -0.273
781.715 -0.274
781.717 -0.275
781.716 -0.276
781.712 -0.277
781.707 -0.278
781.7 -0.279
781.692 -0.28
781.683 -0.281
781.672 -0.282
781.658 -0.283
781.641 -0.284
781.624 -0.285
781.606 -0.286
781.587 -0.287
781.566 -0.288
781.544 -0.289
781.518 -0.29
781.491 -0.291
781.462 -0.292
781.432 -0.293
781.4 -0.294
781.367 -0.295
781.332 -0.296
781.296 -0.297
781.256 -0.298
781.216 -0.299
781.174 -0.3
781.131 -0.301
781.087 -0.302
781.042 -0.303
780.996 -0.304
780.948 -0.305
780.9 -0.306
780.85 -0.307
780.799 -0.308
780.746 -0.309
780.693 -0.31
780.638 -0.311
780.583 -0.312
780.526 -0.313
780.468 -0.314
780.409 -0.315
780.349 -0.316
780.288 -0.317
780.225 -0.318
780.162 -0.319
780.098 -0.32
780.033 -0.321
779.967 -0.322
779.9 -0.323
779.832 -0.324
779.763 -0.325
779.692 -0.326
779.621 -0.327
779.549 -0.328
779.476 -0.329
779.402 -0.33
779.327 -0.331
779.251 -0.332
779.174 -0.333
779.096 -0.334
779.018 -0.335
778.938 -0.336
778.858 -0.337
778.777 -0.338
778.695 -0.339
778.611 -0.34
778.527 -0.341
778.442 -0.342
778.357 -0.343
778.27 -0.344
778.183 -0.345
778.094 -0.346
778.005 -0.347
777.916 -0.348
777.825 -0.349
777.734 -0.35
777.642 -0.351
777.549 -0.352
777.455 -0.353
777.36 -0.354
777.264 -0.355
777.168 -0.356
777.071 -0.357
776.973 -0.358
776.874 -0.359
776.775 -0.36
776.674 -0.361
776.573 -0.362
776.472 -0.363
776.369 -0.364
776.266 -0.365
776.162 -0.366
776.058 -0.367
775.952 -0.368
775.846 -0.369
775.739 -0.37
775.632 -0.371
775.523 -0.372
775.414 -0.373
775.304 -0.374
775.193 -0.375
775.081 -0.376
774.969 -0.377
774.856 -0.378
774.743 -0.379
774.629 -0.38
774.514 -0.381
774.398 -0.382
774.282 -0.383
774.165 -0.384
774.047 -0.385
773.929 -0.386
773.81 -0.387
773.69 -0.388
773.569 -0.389
773.447 -0.39
773.325 -0.391
773.202 -0.392
773.078 -0.393
772.952 -0.394
772.826 -0.395
772.699 -0.396
772.572 -0.397
772.445 -0.398
772.317 -0.399
772.188 -0.4
772.058 -0.401
771.926 -0.402
771.794 -0.403
771.661 -0.404
771.526 -0.405
771.391 -0.406
771.257 -0.407
771.123 -0.408
770.989 -0.409
770.854 -0.41
770.718 -0.411
770.582 -0.412
770.445 -0.413
770.308 -0.414
770.171 -0.415
770.034 -0.416
769.897 -0.417
769.76 -0.418
769.622 -0.419
769.483 -0.42
769.344 -0.421
769.205 -0.422
769.065 -0.423
768.927 -0.424
768.787 -0.425
768.647 -0.426
768.507 -0.427
768.368 -0.428
768.229 -0.429
768.09 -0.43
767.951 -0.431
767.811 -0.432
767.672 -0.433
767.532 -0.434
767.391 -0.435
767.25 -0.436
767.108 -0.437
766.966 -0.438
766.825 -0.439
766.685 -0.44
766.545 -0.441
766.405 -0.442
766.264 -0.443
766.123 -0.444
765.982 -0.445
765.841 -0.446
765.699 -0.447
765.558 -0.448
765.416 -0.449
765.274 -0.45
765.134 -0.451
764.995 -0.452
764.856 -0.453
764.717 -0.454
764.577 -0.455
764.437 -0.456
764.297 -0.457
764.156 -0.458
764.016 -0.459
763.875 -0.46
763.735 -0.461
763.597 -0.462
763.458 -0.463
763.319 -0.464
763.18 -0.465
763.041 -0.466
762.902 -0.467
762.765 -0.468
762.627 -0.469
762.489 -0.47
762.351 -0.471
762.213 -0.472
762.075 -0.473
761.937 -0.474
761.8 -0.475
761.663 -0.476
761.526 -0.477
761.389 -0.478
761.253 -0.479
761.116 -0.48
760.98 -0.481
760.845 -0.482
760.709 -0.483
760.574 -0.484
760.439 -0.485
760.303 -0.486
760.168 -0.487
760.033 -0.488
759.899 -0.489
759.764 -0.49
759.629 -0.491
759.495 -0.492
759.361 -0.493
759.227 -0.494
759.093 -0.495
758.959 -0.496
758.826 -0.497
758.693 -0.498
758.56 -0.499
758.429 -0.5
758.298 -0.501
758.167 -0.502
758.035 -0.503
757.904 -0.504
757.773 -0.505
757.643 -0.506
757.514 -0.507
757.386 -0.508
757.258 -0.509
757.13 -0.51
757.003 -0.511
756.876 -0.512
756.749 -0.513
756.623 -0.514
756.497 -0.515
756.371 -0.516
756.246 -0.517
756.121 -0.518
755.997 -0.519
755.874 -0.52
755.751 -0.521
755.628 -0.522
755.506 -0.523
755.384 -0.524
755.264 -0.525
755.144 -0.526
755.024 -0.527
754.905 -0.528
754.786 -0.529
754.667 -0.53
754.549 -0.531
754.431 -0.532
754.314 -0.533
754.197 -0.534
754.081 -0.535
753.965 -0.536
753.85 -0.537
753.736 -0.538
753.622 -0.539
753.508 -0.54
753.395 -0.541
753.282 -0.542
753.17 -0.543
753.059 -0.544
752.949 -0.545
752.839 -0.546
752.73 -0.547
752.621 -0.548
752.512 -0.549
752.404 -0.55
752.297 -0.551
752.19 -0.552
752.083 -0.553
751.977 -0.554
751.873 -0.555
751.769 -0.556
751.665 -0.557
751.562 -0.558
751.459 -0.559
751.357 -0.56
751.255 -0.561
751.155 -0.562
751.055 -0.563
750.956 -0.564
750.858 -0.565
750.76 -0.566
750.662 -0.567
750.566 -0.568
750.469 -0.569
750.374 -0.57
750.279 -0.571
750.184 -0.572
750.091 -0.573
749.998 -0.574
749.905 -0.575
749.814 -0.576
749.723 -0.577
749.632 -0.578
749.543 -0.579
749.455 -0.58
749.367 -0.581
749.28 -0.582
749.194 -0.583
749.108 -0.584
749.023 -0.585
748.939 -0.586
748.855 -0.587
748.772 -0.588
748.69 -0.589
748.608 -0.59
748.527 -0.591
748.447 -0.592
748.369 -0.593
748.29 -0.594
748.213 -0.595
748.136 -0.596
748.061 -0.597
747.987 -0.598
747.914 -0.599
747.841 -0.6
747.769 -0.601
747.698 -0.602
747.629 -0.603
747.559 -0.604
747.491 -0.605
747.423 -0.606
747.357 -0.607
747.291 -0.608
747.226 -0.609
747.162 -0.61
747.098 -0.611
747.036 -0.612
746.974 -0.613
746.913 -0.614
746.853 -0.615
746.794 -0.616
746.736 -0.617
746.679 -0.618
746.623 -0.619
746.567 -0.62
746.512 -0.621
746.458 -0.622
746.405 -0.623
746.352 -0.624
746.301 -0.625
746.25 -0.626
746.201 -0.627
746.152 -0.628
746.104 -0.629
746.058 -0.63
746.012 -0.631
745.967 -0.632
745.923 -0.633
745.88 -0.634
745.838 -0.635
745.797 -0.636
745.757 -0.637
745.718 -0.638
745.68 -0.639
745.643 -0.64
745.607 -0.641
745.572 -0.642
745.538 -0.643
745.505 -0.644
745.473 -0.645
745.442 -0.646
745.412 -0.647
745.383 -0.648
745.355 -0.649
745.327 -0.65
745.301 -0.651
745.275 -0.652
745.25 -0.653
745.226 -0.654
745.203 -0.655
745.181 -0.656
745.16 -0.657
745.139 -0.658
745.12 -0.659
745.101 -0.66
745.083 -0.661
745.066 -0.662
745.05 -0.663
745.034 -0.664
745.02 -0.665
745.006 -0.666
744.993 -0.667
744.981 -0.668
744.97 -0.669
744.959 -0.67
744.949 -0.671
744.94 -0.672
744.932 -0.673
744.925 -0.674
744.918 -0.675
744.912 -0.676
744.907 -0.677
744.902 -0.678
744.898 -0.679
744.895 -0.68
744.893 -0.681
744.892 -0.682
744.891 -0.683
744.89 -0.684
744.889 -0.685
744.89 -0.686
744.89 -0.687
744.89 -0.688
744.89 -0.689
744.891 -0.69
744.891 -0.691
744.892 -0.692
744.894 -0.693
744.897 -0.694
744.901 -0.695
744.906 -0.696
744.911 -0.697
744.918 -0.698
744.925 -0.699
744.934 -0.7
744.943 -0.701
744.953 -0.702
744.964 -0.703
744.977 -0.704
744.989 -0.705
745.003 -0.706
745.018 -0.707
745.034 -0.708
745.05 -0.709
745.068 -0.71
745.086 -0.711
745.105 -0.712
745.125 -0.713
745.146 -0.714
745.168 -0.715
745.191 -0.716
745.216 -0.717
745.241 -0.718
745.268 -0.719
745.296 -0.72
745.326 -0.721
745.356 -0.722
745.388 -0.723
745.42 -0.724
745.454 -0.725
745.488 -0.726
745.523 -0.727
745.559 -0.728
745.595 -0.729
745.631 -0.73
745.667 -0.731
745.702 -0.732
745.736 -0.733
745.768 -0.734
745.795 -0.735
745.82 -0.736
745.839 -0.737
745.853 -0.738
745.861 -0.739
745.86 -0.74
745.855 -0.741
745.842 -0.742
745.826 -0.743
745.807 -0.744
745.787 -0.745
745.765 -0.746
745.741 -0.747
745.719 -0.748
745.698 -0.749
745.679 -0.75
745.658 -0.751
745.631 -0.752
745.605 -0.753
745.579 -0.754
745.555 -0.755
745.529 -0.756
745.496 -0.757
745.464 -0.758
745.431 -0.759
745.4 -0.76
745.368 -0.761
745.337 -0.762
745.307 -0.763
745.277 -0.764
745.25 -0.765
745.224 -0.766
745.201 -0.767
745.18 -0.768
745.163 -0.769
745.174 -0.77
745.19 -0.771
745.225 -0.772
745.266 -0.773
745.339 -0.774
745.435 -0.775
745.55 -0.776
745.671 -0.777
745.789 -0.778
745.921 -0.779
746.057 -0.78
746.189 -0.781
746.32 -0.782
746.453 -0.783
746.589 -0.784
746.732 -0.785
746.877 -0.786
747.024 -0.787
747.172 -0.788
747.325 -0.789
747.48 -0.79
747.636 -0.791
747.792 -0.792
747.951 -0.793
748.11 -0.794
748.271 -0.795
748.433 -0.796
748.595 -0.797
748.759 -0.798
748.925 -0.799
749.091 -0.8
749.257 -0.801
749.425 -0.802
749.595 -0.803
749.764 -0.804
749.935 -0.805
750.107 -0.806
750.279 -0.807
750.452 -0.808
750.626 -0.809
750.801 -0.81
750.975 -0.811
751.151 -0.812
751.327 -0.813
751.503 -0.814
751.67 -0.815
751.835 -0.816
752.002 -0.817
752.169 -0.818
752.338 -0.819
752.496 -0.82
752.655 -0.821
752.815 -0.822
752.977 -0.823
753.141 -0.824
753.306 -0.825
753.473 -0.826
753.641 -0.827
753.811 -0.828
753.983 -0.829
754.156 -0.83
754.331 -0.831
754.507 -0.832
754.685 -0.833
754.865 -0.834
755.046 -0.835
755.229 -0.836
755.414 -0.837
755.6 -0.838
755.788 -0.839
755.978 -0.84
756.169 -0.841
756.362 -0.842
756.558 -0.843
756.754 -0.844
756.953 -0.845
757.153 -0.846
757.355 -0.847
757.559 -0.848
757.765 -0.849
757.972 -0.85
758.182 -0.851
758.394 -0.852
758.607 -0.853
758.823 -0.854
759.041 -0.855
759.261 -0.856
759.483 -0.857
759.708 -0.858
759.934 -0.859
760.163 -0.86
760.394 -0.861
760.626 -0.862
760.86 -0.863
761.096 -0.864
761.334 -0.865
761.574 -0.866
761.816 -0.867
762.059 -0.868
762.304 -0.869
762.552 -0.87
762.801 -0.871
763.053 -0.872
763.306 -0.873
763.562 -0.874
763.818 -0.875
764.075 -0.876
764.333 -0.877
764.594 -0.878
764.856 -0.879
765.121 -0.88
765.387 -0.881
765.654 -0.882
765.922 -0.883
766.19 -0.884
766.459 -0.885
766.73 -0.886
767.004 -0.887
767.279 -0.888
767.556 -0.889
767.833 -0.89
768.111 -0.891
768.388 -0.892
768.666 -0.893
768.946 -0.894
769.228 -0.895
769.512 -0.896
769.798 -0.897
770.086 -0.898
770.374 -0.899
770.662 -0.9
770.95 -0.901
771.24 -0.902
771.531 -0.903
771.824 -0.904
772.118 -0.905
772.415 -0.906
772.713 -0.907
773.013 -0.908
773.312 -0.909
773.611 -0.91
773.912 -0.911
774.214 -0.912
774.518 -0.913
774.824 -0.914
775.131 -0.915
775.44 -0.916
775.751 -0.917
776.062 -0.918
776.373 -0.919
776.684 -0.92
776.998 -0.921
777.313 -0.922
777.63 -0.923
777.949 -0.924
778.27 -0.925
778.592 -0.926
778.916 -0.927
779.242 -0.928
779.568 -0.929
779.895 -0.93
780.223 -0.931
780.554 -0.932
780.886 -0.933
781.22 -0.934
781.557 -0.935
781.895 -0.936
782.236 -0.937
782.577 -0.938
782.92 -0.939
783.264 -0.94
783.61 -0.941
783.957 -0.942
784.306 -0.943
784.656 -0.944
785.007 -0.945
785.361 -0.946
785.716 -0.947
786.073 -0.948
786.43 -0.949
786.789 -0.95
787.149 -0.951
787.512 -0.952
787.877 -0.953
788.243 -0.954
788.612 -0.955
788.983 -0.956
789.356 -0.957
789.731 -0.958
790.108 -0.959
790.486 -0.96
790.866 -0.961
791.247 -0.962
791.63 -0.963
792.014 -0.964
792.401 -0.965
792.79 -0.966
793.181 -0.967
793.574 -0.968
793.969 -0.969
794.366 -0.97
794.766 -0.971
795.167 -0.972
795.571 -0.973
795.975 -0.974
796.381 -0.975
796.789 -0.976
797.2 -0.977
797.612 -0.978
798.026 -0.979
798.442 -0.98
798.86 -0.981
799.28 -0.982
799.703 -0.983
800.127 -0.984
800.554 -0.985
800.983 -0.986
801.415 -0.987
801.847 -0.988
802.281 -0.989
802.717 -0.99
803.156 -0.991
803.597 -0.992
804.04 -0.993
804.485 -0.994
804.932 -0.995
805.382 -0.996
805.833 -0.997
806.287 -0.998
806.742 -0.999
807.2 -1
807.66 -1.001
808.123 -1.002
808.587 -1.003
809.054 -1.004
809.524 -1.005
809.995 -1.006
810.469 -1.007
810.945 -1.008
811.424 -1.009
811.905 -1.01
812.388 -1.011
812.873 -1.012
813.361 -1.013
813.851 -1.014
814.344 -1.015
814.839 -1.016
815.336 -1.017
815.835 -1.018
816.336 -1.019
816.84 -1.02
817.346 -1.021
817.854 -1.022
818.365 -1.023
818.878 -1.024
819.393 -1.025
819.911 -1.026
820.432 -1.027
820.955 -1.028
821.48 -1.029
822.007 -1.03
822.537 -1.031
823.07 -1.032
823.605 -1.033
824.142 -1.034
824.682 -1.035
825.224 -1.036
825.768 -1.037
826.315 -1.038
826.864 -1.039
827.416 -1.04
827.97 -1.041
828.527 -1.042
829.086 -1.043
829.648 -1.044
830.212 -1.045
830.778 -1.046
831.347 -1.047
831.917 -1.048
832.491 -1.049
833.067 -1.05
833.645 -1.051
834.226 -1.052
834.809 -1.053
835.395 -1.054
835.984 -1.055
836.575 -1.056
837.168 -1.057
837.764 -1.058
838.363 -1.059
838.963 -1.06
839.567 -1.061
840.173 -1.062
840.782 -1.063
841.393 -1.064
842.007 -1.065
842.623 -1.066
843.242 -1.067
843.864 -1.068
844.488 -1.069
845.114 -1.07
845.744 -1.071
846.376 -1.072
847.01 -1.073
847.647 -1.074
848.286 -1.075
848.929 -1.076
849.574 -1.077
850.221 -1.078
850.871 -1.079
851.524 -1.08
852.179 -1.081
852.835 -1.082
853.493 -1.083
854.154 -1.084
854.817 -1.085
855.483 -1.086
856.151 -1.087
856.822 -1.088
857.496 -1.089
858.173 -1.09
858.852 -1.091
859.534 -1.092
860.219 -1.093
860.906 -1.094
861.596 -1.095
862.289 -1.096
862.985 -1.097
863.683 -1.098
864.382 -1.099
865.083 -1.1
865.787 -1.101
866.493 -1.102
867.202 -1.103
867.914 -1.104
868.629 -1.105
869.346 -1.106
870.066 -1.107
870.789 -1.108
871.515 -1.109
872.243 -1.11
872.974 -1.111
873.708 -1.112
874.445 -1.113
875.184 -1.114
875.926 -1.115
876.671 -1.116
877.418 -1.117
878.167 -1.118
878.918 -1.119
879.672 -1.12
880.428 -1.121
881.187 -1.122
881.948 -1.123
882.712 -1.124
883.479 -1.125
884.248 -1.126
885.021 -1.127
885.796 -1.128
886.574 -1.129
887.354 -1.13
888.138 -1.131
888.924 -1.132
889.713 -1.133
890.505 -1.134
891.3 -1.135
892.098 -1.136
892.898 -1.137
893.702 -1.138
894.507 -1.139
895.314 -1.14
896.123 -1.141
896.935 -1.142
897.751 -1.143
898.569 -1.144
899.39 -1.145
900.213 -1.146
901.039 -1.147
901.868 -1.148
902.7 -1.149
903.534 -1.15
904.372 -1.151
905.211 -1.152
906.054 -1.153
906.898 -1.154
907.745 -1.155
908.594 -1.156
909.445 -1.157
910.298 -1.158
911.152 -1.159
912.006 -1.16
912.861 -1.161
913.715 -1.162
914.568 -1.163
915.422 -1.164
916.275 -1.165
917.129 -1.166
917.983 -1.167
918.838 -1.168
919.694 -1.169
920.552 -1.17
921.41 -1.171
922.27 -1.172
923.132 -1.173
923.995 -1.174
924.862 -1.175
925.731 -1.176
926.603 -1.177
927.478 -1.178
928.356 -1.179
929.237 -1.18
930.121 -1.181
931.008 -1.182
931.897 -1.183
932.79 -1.184
933.684 -1.185
934.58 -1.186
935.479 -1.187
936.38 -1.188
937.284 -1.189
938.189 -1.19
939.098 -1.191
940.009 -1.192
940.939 -1.193
941.89 -1.194
942.843 -1.195
943.8 -1.196
944.759 -1.197
945.739 -1.198
946.722 -1.199
947.707 -1.2
