6.03406 -0.001
12.0601 -0.002
18.0782 -0.003
24.0882 -0.004
30.0901 -0.005
36.0838 -0.006
42.0692 -0.007
48.0463 -0.008
54.0151 -0.009
59.9754 -0.01
65.9273 -0.011
71.8706 -0.012
77.8054 -0.013
83.7314 -0.014
89.6487 -0.015
95.5572 -0.016
101.457 -0.017
107.348 -0.018
113.229 -0.019
119.102 -0.02
124.965 -0.021
130.819 -0.022
136.664 -0.023
142.5 -0.024
148.325 -0.025
154.142 -0.026
159.949 -0.027
165.746 -0.028
171.533 -0.029
177.31 -0.03
183.077 -0.031
188.834 -0.032
194.581 -0.033
200.318 -0.034
206.019 -0.035
211.423 -0.036
216.164 -0.037
220.543 -0.038
224.903 -0.039
229.252 -0.04
233.588 -0.041
237.917 -0.042
242.238 -0.043
246.551 -0.044
250.855 -0.045
255.155 -0.046
259.438 -0.047
263.519 -0.048
267.225 -0.049
270.256 -0.05
272.614 -0.051
274.961 -0.052
277.295 -0.053
279.621 -0.054
281.935 -0.055
284.232 -0.056
286.517 -0.057
288.799 -0.058
291.072 -0.059
293.331 -0.06
295.575 -0.061
297.812 -0.062
300.054 -0.063
302.295 -0.064
304.523 -0.065
306.741 -0.066
308.949 -0.067
311.153 -0.068
313.357 -0.069
315.555 -0.07
317.746 -0.071
319.929 -0.072
322.107 -0.073
324.28 -0.074
326.446 -0.075
328.586 -0.076
330.707 -0.077
332.758 -0.078
334.733 -0.079
336.681 -0.08
338.407 -0.081
340.026 -0.082
341.634 -0.083
342.934 -0.084
344.099 -0.085
345.085 -0.086
345.848 -0.087
346.495 -0.088
346.852 -0.089
347.178 -0.09
347.493 -0.091
347.8 -0.092
348.102 -0.093
348.401 -0.094
348.695 -0.095
348.986 -0.096
349.274 -0.097
349.556 -0.098
349.832 -0.099
350.102 -0.1
350.368 -0.101
350.628 -0.102
350.88 -0.103
351.122 -0.104
351.353 -0.105
351.578 -0.106
351.801 -0.107
352.02 -0.108
352.235 -0.109
352.44 -0.11
352.634 -0.111
352.82 -0.112
353 -0.113
353.177 -0.114
353.352 -0.115
353.525 -0.116
353.695 -0.117
353.86 -0.118
354.018 -0.119
354.168 -0.12
354.307 -0.121
354.437 -0.122
354.564 -0.123
354.687 -0.124
354.808 -0.125
354.927 -0.126
355.043 -0.127
355.157 -0.128
355.269 -0.129
355.379 -0.13
355.482 -0.131
355.578 -0.132
355.67 -0.133
355.76 -0.134
355.849 -0.135
355.936 -0.136
356.022 -0.137
356.107 -0.138
356.19 -0.139
356.272 -0.14
356.353 -0.141
356.434 -0.142
356.514 -0.143
356.593 -0.144
356.671 -0.145
356.748 -0.146
356.825 -0.147
356.9 -0.148
356.974 -0.149
357.047 -0.15
357.12 -0.151
357.192 -0.152
357.261 -0.153
357.327 -0.154
357.391 -0.155
357.451 -0.156
357.511 -0.157
357.57 -0.158
357.629 -0.159
357.687 -0.16
357.744 -0.161
357.8 -0.162
357.856 -0.163
357.911 -0.164
357.966 -0.165
358.02 -0.166
358.073 -0.167
358.126 -0.168
358.179 -0.169
358.231 -0.17
358.283 -0.171
358.334 -0.172
358.384 -0.173
358.433 -0.174
358.481 -0.175
358.528 -0.176
358.575 -0.177
358.621 -0.178
358.666 -0.179
358.711 -0.18
358.756 -0.181
358.8 -0.182
358.843 -0.183
358.886 -0.184
358.929 -0.185
358.971 -0.186
359.012 -0.187
359.053 -0.188
359.094 -0.189
359.134 -0.19
359.174 -0.191
359.213 -0.192
359.252 -0.193
359.291 -0.194
359.329 -0.195
359.366 -0.196
359.404 -0.197
359.44 -0.198
359.477 -0.199
359.513 -0.2
359.548 -0.201
359.583 -0.202
359.618 -0.203
359.652 -0.204
359.686 -0.205
359.719 -0.206
359.752 -0.207
359.785 -0.208
359.817 -0.209
359.848 -0.21
359.878 -0.211
359.908 -0.212
359.937 -0.213
359.965 -0.214
359.992 -0.215
360.019 -0.216
360.046 -0.217
360.072 -0.218
360.098 -0.219
360.123 -0.22
360.148 -0.221
360.172 -0.222
360.196 -0.223
360.22 -0.224
360.244 -0.225
360.267 -0.226
360.29 -0.227
360.313 -0.228
360.336 -0.229
360.358 -0.23
360.381 -0.231
360.403 -0.232
360.426 -0.233
360.448 -0.234
360.47 -0.235
360.491 -0.236
360.513 -0.237
360.535 -0.238
360.556 -0.239
360.577 -0.24
360.599 -0.241
360.62 -0.242
360.641 -0.243
360.662 -0.244
360.682 -0.245
360.703 -0.246
360.723 -0.247
360.743 -0.248
360.763 -0.249
360.783 -0.25
360.803 -0.251
360.822 -0.252
360.842 -0.253
360.861 -0.254
360.879 -0.255
360.897 -0.256
360.914 -0.257
360.931 -0.258
360.947 -0.259
360.964 -0.26
360.98 -0.261
360.996 -0.262
361.012 -0.263
361.028 -0.264
361.044 -0.265
361.06 -0.266
361.076 -0.267
361.092 -0.268
361.107 -0.269
361.123 -0.27
361.138 -0.271
361.154 -0.272
361.169 -0.273
361.184 -0.274
361.199 -0.275
361.214 -0.276
361.229 -0.277
361.244 -0.278
361.259 -0.279
361.274 -0.28
361.289 -0.281
361.304 -0.282
361.318 -0.283
361.333 -0.284
361.348 -0.285
361.362 -0.286
361.377 -0.287
361.391 -0.288
361.406 -0.289
361.42 -0.29
361.434 -0.291
361.449 -0.292
361.463 -0.293
361.477 -0.294
361.492 -0.295
361.505 -0.296
361.519 -0.297
361.531 -0.298
361.544 -0.299
361.556 -0.3
361.567 -0.301
361.578 -0.302
361.588 -0.303
361.599 -0.304
361.609 -0.305
361.62 -0.306
361.63 -0.307
361.641 -0.308
361.651 -0.309
361.661 -0.31
361.671 -0.311
361.682 -0.312
361.692 -0.313
361.702 -0.314
361.712 -0.315
361.723 -0.316
361.733 -0.317
361.743 -0.318
361.753 -0.319
361.763 -0.32
361.773 -0.321
361.784 -0.322
361.794 -0.323
361.804 -0.324
361.814 -0.325
361.825 -0.326
361.835 -0.327
361.845 -0.328
361.856 -0.329
361.866 -0.33
361.876 -0.331
361.887 -0.332
361.897 -0.333
361.908 -0.334
361.918 -0.335
361.929 -0.336
361.939 -0.337
361.95 -0.338
361.96 -0.339
361.971 -0.34
361.981 -0.341
361.992 -0.342
362.002 -0.343
362.013 -0.344
362.023 -0.345
362.034 -0.346
362.045 -0.347
362.055 -0.348
362.066 -0.349
362.077 -0.35
362.087 -0.351
362.098 -0.352
362.109 -0.353
362.119 -0.354
362.13 -0.355
362.141 -0.356
362.152 -0.357
362.162 -0.358
362.173 -0.359
362.184 -0.36
362.195 -0.361
362.205 -0.362
362.216 -0.363
362.227 -0.364
362.238 -0.365
362.248 -0.366
362.259 -0.367
362.27 -0.368
362.281 -0.369
362.291 -0.37
362.302 -0.371
362.313 -0.372
362.324 -0.373
362.335 -0.374
362.345 -0.375
362.356 -0.376
362.367 -0.377
362.378 -0.378
362.388 -0.379
362.399 -0.38
362.41 -0.381
362.421 -0.382
362.431 -0.383
362.442 -0.384
362.453 -0.385
362.464 -0.386
362.474 -0.387
362.485 -0.388
362.496 -0.389
362.507 -0.39
362.517 -0.391
362.528 -0.392
362.539 -0.393
362.55 -0.394
362.561 -0.395
362.572 -0.396
362.582 -0.397
362.593 -0.398
362.604 -0.399
362.615 -0.4
362.625 -0.401
362.636 -0.402
362.646 -0.403
362.656 -0.404
362.665 -0.405
362.675 -0.406
362.684 -0.407
362.693 -0.408
362.701 -0.409
362.708 -0.41
362.716 -0.411
362.722 -0.412
362.728 -0.413
362.733 -0.414
362.737 -0.415
362.74 -0.416
362.741 -0.417
362.74 -0.418
362.736 -0.419
362.729 -0.42
362.719 -0.421
362.704 -0.422
362.685 -0.423
362.661 -0.424
362.634 -0.425
362.602 -0.426
362.567 -0.427
362.53 -0.428
362.494 -0.429
362.46 -0.43
362.429 -0.431
362.402 -0.432
362.381 -0.433
362.369 -0.434
362.361 -0.435
362.358 -0.436
362.358 -0.437
362.363 -0.438
362.371 -0.439
362.385 -0.44
362.4 -0.441
362.42 -0.442
362.441 -0.443
362.466 -0.444
362.491 -0.445
362.517 -0.446
362.543 -0.447
362.569 -0.448
362.595 -0.449
362.621 -0.45
362.648 -0.451
362.675 -0.452
362.702 -0.453
362.73 -0.454
362.756 -0.455
362.784 -0.456
362.81 -0.457
362.837 -0.458
362.864 -0.459
362.89 -0.46
362.917 -0.461
362.943 -0.462
362.968 -0.463
362.989 -0.464
363.008 -0.465
363.028 -0.466
363.048 -0.467
363.068 -0.468
363.088 -0.469
363.11 -0.47
363.133 -0.471
363.158 -0.472
363.184 -0.473
363.211 -0.474
363.239 -0.475
363.269 -0.476
363.299 -0.477
363.329 -0.478
363.359 -0.479
363.39 -0.48
363.421 -0.481
363.452 -0.482
363.483 -0.483
363.514 -0.484
363.546 -0.485
363.578 -0.486
363.61 -0.487
363.643 -0.488
363.675 -0.489
363.708 -0.49
363.742 -0.491
363.775 -0.492
363.809 -0.493
363.843 -0.494
363.877 -0.495
363.911 -0.496
363.946 -0.497
363.981 -0.498
364.016 -0.499
364.052 -0.5
364.087 -0.501
364.123 -0.502
364.16 -0.503
364.197 -0.504
364.235 -0.505
364.273 -0.506
364.312 -0.507
364.352 -0.508
364.392 -0.509
364.433 -0.51
364.474 -0.511
364.515 -0.512
364.557 -0.513
364.599 -0.514
364.642 -0.515
364.684 -0.516
364.727 -0.517
364.771 -0.518
364.814 -0.519
364.858 -0.52
364.902 -0.521
364.946 -0.522
364.991 -0.523
365.036 -0.524
365.081 -0.525
365.126 -0.526
365.172 -0.527
365.218 -0.528
365.264 -0.529
365.311 -0.53
365.358 -0.531
365.405 -0.532
365.452 -0.533
365.5 -0.534
365.548 -0.535
365.597 -0.536
365.645 -0.537
365.694 -0.538
365.743 -0.539
365.793 -0.54
365.843 -0.541
365.893 -0.542
365.943 -0.543
365.994 -0.544
366.044 -0.545
366.096 -0.546
366.147 -0.547
366.199 -0.548
366.251 -0.549
366.303 -0.55
366.356 -0.551
366.409 -0.552
366.462 -0.553
366.516 -0.554
366.57 -0.555
366.624 -0.556
366.678 -0.557
366.733 -0.558
366.788 -0.559
366.844 -0.56
366.899 -0.561
366.955 -0.562
367.012 -0.563
367.068 -0.564
367.125 -0.565
367.183 -0.566
367.24 -0.567
367.298 -0.568
367.357 -0.569
367.415 -0.57
367.474 -0.571
367.534 -0.572
367.593 -0.573
367.653 -0.574
367.714 -0.575
367.774 -0.576
367.835 -0.577
367.896 -0.578
367.958 -0.579
368.02 -0.58
368.083 -0.581
368.145 -0.582
368.208 -0.583
368.272 -0.584
368.335 -0.585
368.4 -0.586
368.464 -0.587
368.529 -0.588
368.594 -0.589
368.659 -0.59
368.725 -0.591
368.791 -0.592
368.858 -0.593
368.925 -0.594
368.992 -0.595
369.06 -0.596
369.128 -0.597
369.196 -0.598
369.265 -0.599
369.334 -0.6
369.404 -0.601
369.474 -0.602
369.545 -0.603
369.617 -0.604
369.689 -0.605
369.762 -0.606
369.836 -0.607
369.911 -0.608
369.986 -0.609
370.061 -0.61
370.137 -0.611
370.213 -0.612
370.289 -0.613
370.366 -0.614
370.443 -0.615
370.521 -0.616
370.599 -0.617
370.677 -0.618
370.756 -0.619
370.835 -0.62
370.914 -0.621
370.994 -0.622
371.074 -0.623
371.155 -0.624
371.235 -0.625
371.317 -0.626
371.398 -0.627
371.48 -0.628
371.563 -0.629
371.646 -0.63
371.729 -0.631
371.812 -0.632
371.896 -0.633
371.981 -0.634
372.065 -0.635
372.15 -0.636
372.236 -0.637
372.322 -0.638
372.408 -0.639
372.494 -0.64
372.581 -0.641
372.668 -0.642
372.756 -0.643
372.844 -0.644
372.932 -0.645
373.021 -0.646
373.11 -0.647
373.199 -0.648
373.289 -0.649
373.379 -0.65
373.47 -0.651
373.561 -0.652
373.652 -0.653
373.744 -0.654
373.836 -0.655
373.928 -0.656
374.021 -0.657
374.114 -0.658
374.208 -0.659
374.303 -0.66
374.398 -0.661
374.495 -0.662
374.592 -0.663
374.69 -0.664
374.788 -0.665
374.886 -0.666
374.985 -0.667
375.084 -0.668
375.183 -0.669
375.283 -0.67
375.384 -0.671
375.484 -0.672
375.585 -0.673
375.687 -0.674
375.788 -0.675
375.891 -0.676
375.993 -0.677
376.096 -0.678
376.199 -0.679
376.303 -0.68
376.407 -0.681
376.512 -0.682
376.617 -0.683
376.722 -0.684
376.828 -0.685
376.934 -0.686
377.041 -0.687
377.148 -0.688
377.256 -0.689
377.364 -0.69
377.472 -0.691
377.581 -0.692
377.69 -0.693
377.799 -0.694
377.909 -0.695
378.02 -0.696
378.131 -0.697
378.242 -0.698
378.353 -0.699
378.465 -0.7
378.578 -0.701
378.69 -0.702
378.804 -0.703
378.917 -0.704
379.031 -0.705
379.146 -0.706
379.26 -0.707
379.375 -0.708
379.491 -0.709
379.607 -0.71
379.723 -0.711
379.84 -0.712
379.957 -0.713
380.074 -0.714
380.191 -0.715
380.309 -0.716
380.428 -0.717
380.546 -0.718
380.665 -0.719
380.784 -0.72
380.903 -0.721
381.022 -0.722
381.141 -0.723
381.26 -0.724
381.379 -0.725
381.498 -0.726
381.615 -0.727
381.731 -0.728
381.841 -0.729
381.938 -0.73
382.011 -0.731
382.045 -0.732
382.036 -0.733
381.986 -0.734
381.91 -0.735
381.938 -0.736
382.023 -0.737
382.144 -0.738
382.29 -0.739
382.452 -0.74
382.632 -0.741
382.797 -0.742
382.945 -0.743
383.094 -0.744
383.243 -0.745
383.392 -0.746
383.542 -0.747
383.693 -0.748
383.844 -0.749
383.996 -0.75
384.148 -0.751
384.3 -0.752
384.438 -0.753
384.57 -0.754
384.702 -0.755
384.836 -0.756
384.97 -0.757
385.106 -0.758
385.243 -0.759
385.381 -0.76
385.52 -0.761
385.66 -0.762
385.801 -0.763
385.943 -0.764
386.085 -0.765
386.227 -0.766
386.37 -0.767
386.514 -0.768
386.657 -0.769
386.802 -0.77
386.946 -0.771
387.092 -0.772
387.238 -0.773
387.384 -0.774
387.53 -0.775
387.677 -0.776
387.825 -0.777
387.973 -0.778
388.122 -0.779
388.271 -0.78
388.42 -0.781
388.57 -0.782
388.72 -0.783
388.871 -0.784
389.022 -0.785
389.174 -0.786
389.326 -0.787
389.478 -0.788
389.63 -0.789
389.784 -0.79
389.937 -0.791
390.092 -0.792
390.246 -0.793
390.4 -0.794
390.555 -0.795
390.71 -0.796
390.866 -0.797
391.022 -0.798
391.178 -0.799
391.333 -0.8
391.49 -0.801
391.646 -0.802
391.803 -0.803
391.96 -0.804
392.118 -0.805
392.276 -0.806
392.434 -0.807
392.592 -0.808
392.75 -0.809
392.909 -0.81
393.067 -0.811
393.226 -0.812
393.387 -0.813
393.549 -0.814
393.713 -0.815
393.878 -0.816
394.045 -0.817
394.214 -0.818
394.383 -0.819
394.554 -0.82
394.726 -0.821
394.897 -0.822
395.069 -0.823
395.241 -0.824
395.413 -0.825
395.585 -0.826
395.757 -0.827
395.929 -0.828
396.099 -0.829
396.269 -0.83
396.437 -0.831
396.602 -0.832
396.765 -0.833
396.924 -0.834
397.08 -0.835
397.232 -0.836
397.378 -0.837
397.517 -0.838
397.649 -0.839
397.773 -0.84
397.887 -0.841
397.991 -0.842
398.086 -0.843
398.173 -0.844
398.252 -0.845
398.327 -0.846
398.398 -0.847
398.469 -0.848
398.54 -0.849
398.612 -0.85
398.685 -0.851
398.757 -0.852
398.83 -0.853
398.904 -0.854
398.978 -0.855
399.052 -0.856
399.166 -0.857
399.291 -0.858
399.435 -0.859
399.59 -0.86
399.766 -0.861
399.96 -0.862
400.183 -0.863
400.43 -0.864
400.693 -0.865
400.959 -0.866
401.224 -0.867
401.487 -0.868
401.749 -0.869
402.009 -0.87
402.263 -0.871
402.509 -0.872
402.745 -0.873
402.969 -0.874
403.193 -0.875
403.416 -0.876
403.64 -0.877
403.864 -0.878
404.089 -0.879
404.313 -0.88
404.538 -0.881
404.762 -0.882
404.986 -0.883
405.21 -0.884
405.433 -0.885
405.655 -0.886
405.877 -0.887
406.098 -0.888
406.318 -0.889
406.537 -0.89
406.755 -0.891
406.972 -0.892
407.187 -0.893
407.4 -0.894
407.612 -0.895
407.821 -0.896
408.028 -0.897
408.232 -0.898
408.431 -0.899
408.627 -0.9
408.817 -0.901
409.003 -0.902
409.182 -0.903
409.357 -0.904
409.527 -0.905
409.693 -0.906
409.857 -0.907
410.019 -0.908
410.176 -0.909
410.357 -0.91
410.564 -0.911
410.769 -0.912
410.983 -0.913
411.215 -0.914
411.443 -0.915
411.672 -0.916
411.913 -0.917
412.157 -0.918
412.401 -0.919
412.651 -0.92
412.908 -0.921
413.166 -0.922
413.426 -0.923
413.693 -0.924
413.961 -0.925
414.23 -0.926
414.5 -0.927
414.774 -0.928
415.048 -0.929
415.323 -0.93
415.597 -0.931
415.866 -0.932
416.131 -0.933
416.393 -0.934
416.648 -0.935
416.897 -0.936
417.142 -0.937
417.387 -0.938
417.633 -0.939
417.88 -0.94
418.128 -0.941
418.376 -0.942
418.625 -0.943
418.875 -0.944
419.125 -0.945
419.376 -0.946
419.627 -0.947
419.878 -0.948
420.13 -0.949
420.383 -0.95
420.636 -0.951
420.89 -0.952
421.144 -0.953
421.399 -0.954
421.655 -0.955
421.911 -0.956
422.167 -0.957
422.425 -0.958
422.682 -0.959
422.94 -0.96
423.198 -0.961
423.457 -0.962
423.717 -0.963
423.977 -0.964
424.239 -0.965
424.5 -0.966
424.763 -0.967
425.026 -0.968
425.29 -0.969
425.555 -0.97
425.82 -0.971
426.086 -0.972
426.353 -0.973
426.621 -0.974
426.889 -0.975
427.158 -0.976
427.428 -0.977
427.699 -0.978
427.97 -0.979
428.242 -0.98
428.515 -0.981
428.788 -0.982
429.062 -0.983
429.337 -0.984
429.613 -0.985
429.89 -0.986
430.167 -0.987
430.445 -0.988
430.723 -0.989
431.003 -0.99
431.283 -0.991
431.564 -0.992
431.845 -0.993
432.127 -0.994
432.411 -0.995
432.694 -0.996
432.979 -0.997
433.264 -0.998
433.55 -0.999
433.837 -1
434.124 -1.001
434.413 -1.002
434.702 -1.003
434.992 -1.004
435.282 -1.005
435.573 -1.006
435.865 -1.007
436.158 -1.008
436.452 -1.009
436.746 -1.01
437.041 -1.011
437.337 -1.012
437.634 -1.013
437.931 -1.014
438.229 -1.015
438.528 -1.016
438.828 -1.017
439.128 -1.018
439.429 -1.019
439.731 -1.02
440.034 -1.021
440.338 -1.022
440.642 -1.023
440.947 -1.024
441.253 -1.025
441.559 -1.026
441.867 -1.027
442.175 -1.028
442.484 -1.029
442.793 -1.03
443.104 -1.031
443.415 -1.032
443.727 -1.033
444.04 -1.034
444.353 -1.035
444.668 -1.036
444.983 -1.037
445.299 -1.038
445.616 -1.039
445.933 -1.04
446.252 -1.041
446.571 -1.042
446.891 -1.043
447.211 -1.044
447.533 -1.045
447.855 -1.046
448.178 -1.047
448.502 -1.048
448.827 -1.049
449.153 -1.05
449.479 -1.051
449.806 -1.052
450.134 -1.053
450.463 -1.054
450.792 -1.055
451.123 -1.056
451.454 -1.057
451.786 -1.058
452.119 -1.059
452.453 -1.06
452.787 -1.061
453.122 -1.062
453.458 -1.063
453.795 -1.064
454.133 -1.065
454.472 -1.066
454.811 -1.067
455.151 -1.068
455.491 -1.069
455.832 -1.07
456.174 -1.071
456.516 -1.072
456.859 -1.073
457.202 -1.074
457.546 -1.075
457.89 -1.076
458.235 -1.077
458.58 -1.078
458.926 -1.079
459.272 -1.08
459.619 -1.081
459.966 -1.082
460.313 -1.083
460.662 -1.084
461.011 -1.085
461.359 -1.086
461.709 -1.087
462.059 -1.088
462.41 -1.089
462.76 -1.09
463.111 -1.091
463.463 -1.092
463.815 -1.093
464.169 -1.094
464.523 -1.095
464.878 -1.096
465.234 -1.097
465.59 -1.098
465.948 -1.099
466.306 -1.1
466.666 -1.101
467.026 -1.102
467.386 -1.103
467.748 -1.104
468.111 -1.105
468.474 -1.106
468.838 -1.107
469.204 -1.108
469.57 -1.109
469.936 -1.11
470.304 -1.111
470.672 -1.112
471.042 -1.113
471.412 -1.114
471.783 -1.115
472.155 -1.116
472.528 -1.117
472.901 -1.118
473.276 -1.119
473.651 -1.12
474.027 -1.121
474.404 -1.122
474.782 -1.123
475.161 -1.124
475.541 -1.125
475.921 -1.126
476.302 -1.127
476.685 -1.128
477.068 -1.129
477.452 -1.13
477.836 -1.131
478.222 -1.132
478.609 -1.133
478.996 -1.134
479.384 -1.135
479.774 -1.136
480.164 -1.137
480.555 -1.138
480.946 -1.139
481.339 -1.14
481.732 -1.141
482.126 -1.142
482.521 -1.143
482.916 -1.144
483.312 -1.145
483.708 -1.146
484.106 -1.147
484.504 -1.148
484.902 -1.149
485.301 -1.15
485.701 -1.151
486.102 -1.152
486.503 -1.153
486.905 -1.154
487.308 -1.155
487.712 -1.156
488.116 -1.157
488.521 -1.158
488.926 -1.159
489.333 -1.16
489.74 -1.161
490.148 -1.162
490.556 -1.163
490.965 -1.164
491.375 -1.165
491.786 -1.166
492.198 -1.167
492.61 -1.168
493.023 -1.169
493.438 -1.17
493.853 -1.171
494.269 -1.172
494.686 -1.173
495.104 -1.174
495.523 -1.175
495.942 -1.176
496.363 -1.177
496.784 -1.178
497.206 -1.179
497.63 -1.18
498.053 -1.181
498.478 -1.182
498.904 -1.183
499.33 -1.184
499.758 -1.185
500.186 -1.186
500.616 -1.187
501.046 -1.188
501.477 -1.189
501.909 -1.19
502.342 -1.191
502.776 -1.192
503.211 -1.193
503.647 -1.194
504.083 -1.195
504.521 -1.196
504.96 -1.197
505.4 -1.198
505.84 -1.199
506.282 -1.2
