18.7388 -0.001
37.3645 -0.002
55.8718 -0.003
74.2549 -0.004
92.5074 -0.005
110.622 -0.006
128.59 -0.007
146.402 -0.008
164.048 -0.009
181.514 -0.01
198.672 -0.011
210.448 -0.012
219.255 -0.013
227.856 -0.014
236.334 -0.015
244.731 -0.016
253.046 -0.017
261.267 -0.018
269.38 -0.019
277.17 -0.02
284.156 -0.021
290.184 -0.022
295.405 -0.023
299.672 -0.024
303.676 -0.025
307.582 -0.026
311.413 -0.027
315.184 -0.028
318.914 -0.029
322.592 -0.03
326.206 -0.031
329.749 -0.032
333.237 -0.033
336.634 -0.034
339.59 -0.035
341.583 -0.036
343.05 -0.037
344.465 -0.038
345.85 -0.039
347.235 -0.04
348.616 -0.041
349.991 -0.042
351.369 -0.043
352.748 -0.044
354.12 -0.045
355.486 -0.046
356.843 -0.047
358.193 -0.048
359.532 -0.049
360.861 -0.05
362.179 -0.051
363.487 -0.052
364.785 -0.053
366.073 -0.054
367.351 -0.055
368.616 -0.056
369.866 -0.057
371.1 -0.058
372.325 -0.059
373.54 -0.06
374.745 -0.061
375.938 -0.062
377.12 -0.063
378.282 -0.064
379.424 -0.065
380.517 -0.066
381.538 -0.067
382.487 -0.068
383.367 -0.069
384.137 -0.07
384.798 -0.071
385.441 -0.072
386.012 -0.073
386.467 -0.074
386.861 -0.075
387.175 -0.076
387.36 -0.077
387.52 -0.078
387.668 -0.079
387.807 -0.08
387.94 -0.081
388.064 -0.082
388.169 -0.083
388.261 -0.084
388.362 -0.085
388.452 -0.086
388.53 -0.087
388.609 -0.088
388.689 -0.089
388.762 -0.09
388.838 -0.091
388.901 -0.092
388.968 -0.093
389.024 -0.094
389.063 -0.095
389.115 -0.096
389.17 -0.097
389.213 -0.098
389.256 -0.099
389.293 -0.1
389.298 -0.101
389.28 -0.102
389.261 -0.103
389.217 -0.104
389.152 -0.105
389.081 -0.106
389.008 -0.107
388.971 -0.108
388.956 -0.109
388.941 -0.11
388.943 -0.111
388.958 -0.112
388.974 -0.113
388.99 -0.114
389.015 -0.115
389.049 -0.116
389.082 -0.117
389.113 -0.118
389.144 -0.119
389.177 -0.12
389.215 -0.121
389.251 -0.122
389.285 -0.123
389.319 -0.124
389.349 -0.125
389.391 -0.126
389.429 -0.127
389.466 -0.128
389.504 -0.129
389.54 -0.13
389.578 -0.131
389.622 -0.132
389.663 -0.133
389.702 -0.134
389.737 -0.135
389.771 -0.136
389.801 -0.137
389.833 -0.138
389.864 -0.139
389.892 -0.14
389.92 -0.141
389.946 -0.142
389.97 -0.143
389.989 -0.144
390.007 -0.145
390.023 -0.146
390.038 -0.147
390.049 -0.148
390.058 -0.149
390.065 -0.15
390.071 -0.151
390.076 -0.152
390.08 -0.153
390.085 -0.154
390.092 -0.155
390.102 -0.156
390.12 -0.157
390.142 -0.158
390.163 -0.159
390.183 -0.16
390.202 -0.161
390.222 -0.162
390.246 -0.163
390.27 -0.164
390.297 -0.165
390.327 -0.166
390.364 -0.167
390.406 -0.168
390.454 -0.169
390.507 -0.17
390.561 -0.171
390.615 -0.172
390.67 -0.173
390.725 -0.174
390.778 -0.175
390.833 -0.176
390.885 -0.177
390.94 -0.178
390.998 -0.179
391.054 -0.18
391.111 -0.181
391.174 -0.182
391.237 -0.183
391.3 -0.184
391.362 -0.185
391.423 -0.186
391.484 -0.187
391.543 -0.188
391.603 -0.189
391.665 -0.19
391.729 -0.191
391.794 -0.192
391.859 -0.193
391.924 -0.194
391.99 -0.195
392.058 -0.196
392.128 -0.197
392.198 -0.198
392.268 -0.199
392.339 -0.2
392.412 -0.201
392.483 -0.202
392.554 -0.203
392.628 -0.204
392.701 -0.205
392.774 -0.206
392.849 -0.207
392.925 -0.208
393.003 -0.209
393.082 -0.21
393.162 -0.211
393.242 -0.212
393.324 -0.213
393.407 -0.214
393.491 -0.215
393.575 -0.216
393.659 -0.217
393.744 -0.218
393.83 -0.219
393.916 -0.22
394.001 -0.221
394.086 -0.222
394.171 -0.223
394.255 -0.224
394.34 -0.225
394.424 -0.226
394.508 -0.227
394.592 -0.228
394.677 -0.229
394.761 -0.23
394.845 -0.231
394.928 -0.232
395.011 -0.233
395.094 -0.234
395.176 -0.235
395.258 -0.236
395.341 -0.237
395.423 -0.238
395.506 -0.239
395.589 -0.24
395.672 -0.241
395.754 -0.242
395.836 -0.243
395.918 -0.244
395.999 -0.245
396.08 -0.246
396.161 -0.247
396.241 -0.248
396.321 -0.249
396.4 -0.25
396.479 -0.251
396.558 -0.252
396.636 -0.253
396.714 -0.254
396.791 -0.255
396.867 -0.256
396.943 -0.257
397.018 -0.258
397.093 -0.259
397.168 -0.26
397.244 -0.261
397.321 -0.262
397.401 -0.263
397.481 -0.264
397.561 -0.265
397.64 -0.266
397.72 -0.267
397.799 -0.268
397.878 -0.269
397.957 -0.27
398.035 -0.271
398.113 -0.272
398.19 -0.273
398.266 -0.274
398.34 -0.275
398.411 -0.276
398.478 -0.277
398.541 -0.278
398.601 -0.279
398.657 -0.28
398.71 -0.281
398.759 -0.282
398.804 -0.283
398.849 -0.284
398.895 -0.285
398.941 -0.286
398.988 -0.287
399.037 -0.288
399.091 -0.289
399.148 -0.29
399.207 -0.291
399.274 -0.292
399.344 -0.293
399.417 -0.294
399.496 -0.295
399.578 -0.296
399.661 -0.297
399.742 -0.298
399.827 -0.299
399.913 -0.3
399.999 -0.301
400.085 -0.302
400.171 -0.303
400.258 -0.304
400.345 -0.305
400.429 -0.306
400.51 -0.307
400.591 -0.308
400.672 -0.309
400.754 -0.31
400.835 -0.311
400.916 -0.312
400.998 -0.313
401.079 -0.314
401.162 -0.315
401.244 -0.316
401.326 -0.317
401.408 -0.318
401.489 -0.319
401.571 -0.32
401.652 -0.321
401.733 -0.322
401.814 -0.323
401.894 -0.324
401.975 -0.325
402.055 -0.326
402.136 -0.327
402.216 -0.328
402.296 -0.329
402.376 -0.33
402.456 -0.331
402.535 -0.332
402.615 -0.333
402.695 -0.334
402.774 -0.335
402.853 -0.336
402.931 -0.337
403.009 -0.338
403.087 -0.339
403.163 -0.34
403.239 -0.341
403.314 -0.342
403.389 -0.343
403.464 -0.344
403.54 -0.345
403.625 -0.346
403.707 -0.347
403.788 -0.348
403.868 -0.349
403.947 -0.35
404.027 -0.351
404.116 -0.352
404.209 -0.353
404.301 -0.354
404.396 -0.355
404.491 -0.356
404.586 -0.357
404.682 -0.358
404.777 -0.359
404.872 -0.36
404.968 -0.361
405.063 -0.362
405.159 -0.363
405.254 -0.364
405.349 -0.365
405.444 -0.366
405.539 -0.367
405.634 -0.368
405.729 -0.369
405.823 -0.37
405.918 -0.371
406.012 -0.372
406.105 -0.373
406.198 -0.374
406.29 -0.375
406.382 -0.376
406.473 -0.377
406.563 -0.378
406.653 -0.379
406.74 -0.38
406.827 -0.381
406.912 -0.382
406.995 -0.383
407.076 -0.384
407.154 -0.385
407.23 -0.386
407.302 -0.387
407.37 -0.388
407.434 -0.389
407.493 -0.39
407.547 -0.391
407.603 -0.392
407.664 -0.393
407.727 -0.394
407.794 -0.395
407.866 -0.396
407.94 -0.397
408.015 -0.398
408.094 -0.399
408.189 -0.4
408.288 -0.401
408.392 -0.402
408.496 -0.403
408.603 -0.404
408.714 -0.405
408.829 -0.406
408.947 -0.407
409.066 -0.408
409.185 -0.409
409.305 -0.41
409.426 -0.411
409.547 -0.412
409.668 -0.413
409.787 -0.414
409.905 -0.415
410.023 -0.416
410.141 -0.417
410.259 -0.418
410.376 -0.419
410.492 -0.42
410.608 -0.421
410.721 -0.422
410.834 -0.423
410.947 -0.424
411.061 -0.425
411.175 -0.426
411.288 -0.427
411.402 -0.428
411.517 -0.429
411.631 -0.43
411.746 -0.431
411.86 -0.432
411.975 -0.433
412.091 -0.434
412.206 -0.435
412.321 -0.436
412.437 -0.437
412.553 -0.438
412.669 -0.439
412.785 -0.44
412.901 -0.441
413.017 -0.442
413.134 -0.443
413.25 -0.444
413.367 -0.445
413.484 -0.446
413.601 -0.447
413.718 -0.448
413.835 -0.449
413.952 -0.45
414.069 -0.451
414.186 -0.452
414.303 -0.453
414.42 -0.454
414.537 -0.455
414.653 -0.456
414.769 -0.457
414.885 -0.458
414.999 -0.459
415.112 -0.46
415.223 -0.461
415.332 -0.462
415.44 -0.463
415.545 -0.464
415.649 -0.465
415.751 -0.466
415.854 -0.467
415.957 -0.468
416.06 -0.469
416.163 -0.47
416.265 -0.471
416.366 -0.472
416.465 -0.473
416.563 -0.474
416.66 -0.475
416.757 -0.476
416.853 -0.477
416.948 -0.478
417.043 -0.479
417.138 -0.48
417.234 -0.481
417.329 -0.482
417.424 -0.483
417.518 -0.484
417.613 -0.485
417.708 -0.486
417.802 -0.487
417.897 -0.488
417.993 -0.489
418.089 -0.49
418.185 -0.491
418.282 -0.492
418.38 -0.493
418.479 -0.494
418.579 -0.495
418.679 -0.496
418.781 -0.497
418.883 -0.498
418.986 -0.499
419.093 -0.5
419.201 -0.501
419.314 -0.502
419.429 -0.503
419.545 -0.504
419.663 -0.505
419.781 -0.506
419.9 -0.507
420.023 -0.508
420.147 -0.509
420.283 -0.51
420.422 -0.511
420.561 -0.512
420.702 -0.513
420.844 -0.514
420.986 -0.515
421.129 -0.516
421.277 -0.517
421.425 -0.518
421.574 -0.519
421.723 -0.52
421.872 -0.521
422.022 -0.522
422.173 -0.523
422.323 -0.524
422.475 -0.525
422.625 -0.526
422.777 -0.527
422.93 -0.528
423.084 -0.529
423.237 -0.53
423.391 -0.531
423.542 -0.532
423.693 -0.533
423.845 -0.534
423.998 -0.535
424.152 -0.536
424.306 -0.537
424.46 -0.538
424.617 -0.539
424.775 -0.54
424.933 -0.541
425.092 -0.542
425.252 -0.543
425.412 -0.544
425.572 -0.545
425.733 -0.546
425.893 -0.547
426.054 -0.548
426.216 -0.549
426.375 -0.55
426.534 -0.551
426.694 -0.552
426.848 -0.553
427.002 -0.554
427.151 -0.555
427.302 -0.556
427.458 -0.557
427.614 -0.558
427.776 -0.559
427.939 -0.56
428.102 -0.561
428.267 -0.562
428.432 -0.563
428.599 -0.564
428.765 -0.565
428.933 -0.566
429.102 -0.567
429.27 -0.568
429.439 -0.569
429.609 -0.57
429.779 -0.571
429.949 -0.572
430.12 -0.573
430.292 -0.574
430.463 -0.575
430.635 -0.576
430.807 -0.577
430.98 -0.578
431.153 -0.579
431.327 -0.58
431.501 -0.581
431.676 -0.582
431.851 -0.583
432.026 -0.584
432.185 -0.585
432.231 -0.586
432.135 -0.587
431.938 -0.588
431.736 -0.589
431.534 -0.59
431.332 -0.591
431.131 -0.592
430.93 -0.593
430.729 -0.594
430.529 -0.595
430.328 -0.596
430.128 -0.597
429.927 -0.598
429.727 -0.599
429.527 -0.6
