12.4918 -0.001
24.965 -0.002
37.4192 -0.003
49.8544 -0.004
62.2702 -0.005
74.6664 -0.006
87.0428 -0.007
99.3992 -0.008
111.735 -0.009
124.051 -0.01
136.345 -0.011
148.619 -0.012
160.871 -0.013
173.102 -0.014
185.311 -0.015
197.497 -0.016
209.661 -0.017
221.802 -0.018
233.92 -0.019
246.014 -0.02
258.085 -0.021
270.131 -0.022
282.152 -0.023
294.149 -0.024
306.12 -0.025
318.066 -0.026
329.985 -0.027
341.878 -0.028
353.74 -0.029
365.384 -0.03
376.303 -0.031
386.84 -0.032
397.353 -0.033
407.842 -0.034
418.305 -0.035
428.742 -0.036
439.152 -0.037
449.536 -0.038
459.894 -0.039
470.224 -0.04
480.528 -0.041
490.807 -0.042
501.059 -0.043
511.283 -0.044
521.478 -0.045
531.644 -0.046
541.607 -0.047
550.697 -0.048
558.59 -0.049
564.634 -0.05
569.723 -0.051
572.715 -0.052
574.387 -0.053
575.937 -0.054
577.396 -0.055
578.801 -0.056
580.147 -0.057
581.479 -0.058
582.803 -0.059
584.113 -0.06
585.404 -0.061
586.662 -0.062
587.864 -0.063
588.997 -0.064
590.063 -0.065
591.036 -0.066
591.922 -0.067
592.797 -0.068
593.593 -0.069
594.258 -0.07
594.876 -0.071
595.425 -0.072
595.889 -0.073
596.347 -0.074
596.796 -0.075
597.226 -0.076
597.608 -0.077
597.96 -0.078
598.305 -0.079
598.644 -0.08
598.981 -0.081
599.317 -0.082
599.647 -0.083
599.957 -0.084
600.235 -0.085
600.495 -0.086
600.746 -0.087
600.995 -0.088
601.233 -0.089
601.454 -0.09
601.663 -0.091
601.862 -0.092
602.06 -0.093
602.257 -0.094
602.452 -0.095
602.646 -0.096
602.838 -0.097
603.031 -0.098
603.22 -0.099
603.405 -0.1
603.59 -0.101
603.774 -0.102
603.954 -0.103
604.132 -0.104
604.309 -0.105
604.482 -0.106
604.655 -0.107
604.827 -0.108
604.995 -0.109
605.162 -0.11
605.328 -0.111
605.493 -0.112
605.658 -0.113
605.822 -0.114
605.986 -0.115
606.15 -0.116
606.312 -0.117
606.474 -0.118
606.634 -0.119
606.793 -0.12
606.952 -0.121
607.11 -0.122
607.266 -0.123
607.421 -0.124
607.575 -0.125
607.73 -0.126
607.882 -0.127
608.033 -0.128
608.184 -0.129
608.335 -0.13
608.485 -0.131
608.632 -0.132
608.779 -0.133
608.926 -0.134
609.072 -0.135
609.218 -0.136
609.364 -0.137
609.509 -0.138
609.654 -0.139
609.798 -0.14
609.943 -0.141
610.086 -0.142
610.23 -0.143
610.374 -0.144
610.517 -0.145
610.66 -0.146
610.803 -0.147
610.945 -0.148
611.086 -0.149
611.227 -0.15
611.367 -0.151
611.507 -0.152
611.646 -0.153
611.784 -0.154
611.922 -0.155
612.06 -0.156
612.198 -0.157
612.335 -0.158
612.472 -0.159
612.608 -0.16
612.745 -0.161
612.881 -0.162
613.017 -0.163
613.153 -0.164
613.289 -0.165
613.425 -0.166
613.56 -0.167
613.695 -0.168
613.83 -0.169
613.965 -0.17
614.099 -0.171
614.233 -0.172
614.365 -0.173
614.497 -0.174
614.628 -0.175
614.757 -0.176
614.884 -0.177
615.01 -0.178
615.136 -0.179
615.26 -0.18
615.384 -0.181
615.507 -0.182
615.629 -0.183
615.75 -0.184
615.871 -0.185
615.991 -0.186
616.111 -0.187
616.23 -0.188
616.349 -0.189
616.467 -0.19
616.586 -0.191
616.704 -0.192
616.822 -0.193
616.94 -0.194
617.057 -0.195
617.175 -0.196
617.291 -0.197
617.408 -0.198
617.524 -0.199
617.639 -0.2
617.755 -0.201
617.87 -0.202
617.984 -0.203
618.096 -0.204
618.208 -0.205
618.319 -0.206
618.43 -0.207
618.54 -0.208
618.65 -0.209
618.758 -0.21
618.864 -0.211
618.969 -0.212
619.072 -0.213
619.173 -0.214
619.273 -0.215
619.373 -0.216
619.471 -0.217
619.568 -0.218
619.665 -0.219
619.761 -0.22
619.857 -0.221
619.952 -0.222
620.047 -0.223
620.142 -0.224
620.237 -0.225
620.331 -0.226
620.424 -0.227
620.517 -0.228
620.61 -0.229
620.704 -0.23
620.797 -0.231
620.89 -0.232
620.981 -0.233
621.071 -0.234
621.162 -0.235
621.253 -0.236
621.345 -0.237
621.435 -0.238
621.526 -0.239
621.615 -0.24
621.704 -0.241
621.791 -0.242
621.877 -0.243
621.962 -0.244
622.048 -0.245
622.135 -0.246
622.221 -0.247
622.305 -0.248
622.388 -0.249
622.47 -0.25
622.551 -0.251
622.63 -0.252
622.706 -0.253
622.78 -0.254
622.854 -0.255
622.93 -0.256
623.004 -0.257
623.077 -0.258
623.147 -0.259
623.214 -0.26
623.279 -0.261
623.345 -0.262
623.418 -0.263
623.493 -0.264
623.567 -0.265
623.64 -0.266
623.712 -0.267
623.781 -0.268
623.849 -0.269
623.916 -0.27
623.985 -0.271
624.056 -0.272
624.13 -0.273
624.203 -0.274
624.277 -0.275
624.35 -0.276
624.423 -0.277
624.494 -0.278
624.565 -0.279
624.634 -0.28
624.702 -0.281
624.768 -0.282
624.836 -0.283
624.906 -0.284
624.975 -0.285
625.043 -0.286
625.11 -0.287
625.174 -0.288
625.237 -0.289
625.296 -0.29
625.354 -0.291
625.409 -0.292
625.466 -0.293
625.526 -0.294
625.585 -0.295
625.642 -0.296
625.697 -0.297
625.75 -0.298
625.801 -0.299
625.85 -0.3
625.896 -0.301
625.942 -0.302
625.988 -0.303
626.035 -0.304
626.086 -0.305
626.137 -0.306
626.189 -0.307
626.242 -0.308
626.296 -0.309
626.35 -0.31
626.407 -0.311
626.469 -0.312
626.532 -0.313
626.597 -0.314
626.661 -0.315
626.726 -0.316
626.79 -0.317
626.855 -0.318
626.92 -0.319
626.986 -0.32
627.051 -0.321
627.116 -0.322
627.183 -0.323
627.253 -0.324
627.323 -0.325
627.393 -0.326
627.463 -0.327
627.533 -0.328
627.604 -0.329
627.674 -0.33
627.744 -0.331
627.813 -0.332
627.883 -0.333
627.953 -0.334
628.023 -0.335
628.093 -0.336
628.163 -0.337
628.234 -0.338
628.306 -0.339
628.379 -0.34
628.452 -0.341
628.524 -0.342
628.596 -0.343
628.668 -0.344
628.741 -0.345
628.814 -0.346
628.886 -0.347
628.958 -0.348
629.03 -0.349
629.102 -0.35
629.174 -0.351
629.246 -0.352
629.317 -0.353
629.388 -0.354
629.461 -0.355
629.536 -0.356
629.61 -0.357
629.684 -0.358
629.758 -0.359
629.833 -0.36
629.908 -0.361
629.983 -0.362
630.058 -0.363
630.132 -0.364
630.207 -0.365
630.282 -0.366
630.357 -0.367
630.433 -0.368
630.508 -0.369
630.583 -0.37
630.658 -0.371
630.736 -0.372
630.814 -0.373
630.893 -0.374
630.971 -0.375
631.05 -0.376
631.128 -0.377
631.206 -0.378
631.284 -0.379
631.361 -0.38
631.438 -0.381
631.515 -0.382
631.592 -0.383
631.669 -0.384
631.746 -0.385
631.822 -0.386
631.898 -0.387
631.975 -0.388
632.051 -0.389
632.129 -0.39
632.208 -0.391
632.288 -0.392
632.368 -0.393
632.448 -0.394
632.527 -0.395
632.606 -0.396
632.687 -0.397
632.767 -0.398
632.847 -0.399
632.927 -0.4
633.007 -0.401
633.087 -0.402
633.167 -0.403
633.247 -0.404
633.326 -0.405
633.406 -0.406
633.485 -0.407
633.565 -0.408
633.643 -0.409
633.722 -0.41
633.801 -0.411
633.88 -0.412
633.958 -0.413
634.036 -0.414
634.113 -0.415
634.19 -0.416
634.267 -0.417
634.345 -0.418
634.422 -0.419
634.5 -0.42
634.577 -0.421
634.654 -0.422
634.73 -0.423
634.807 -0.424
634.884 -0.425
634.96 -0.426
635.035 -0.427
635.111 -0.428
635.186 -0.429
635.26 -0.43
635.336 -0.431
635.411 -0.432
635.485 -0.433
635.559 -0.434
635.633 -0.435
635.706 -0.436
635.779 -0.437
635.852 -0.438
635.925 -0.439
635.998 -0.44
636.07 -0.441
636.142 -0.442
636.214 -0.443
636.287 -0.444
636.359 -0.445
636.431 -0.446
636.503 -0.447
636.574 -0.448
636.646 -0.449
636.718 -0.45
636.789 -0.451
636.861 -0.452
636.933 -0.453
637.006 -0.454
637.081 -0.455
637.155 -0.456
637.228 -0.457
637.303 -0.458
637.378 -0.459
637.453 -0.46
637.528 -0.461
637.604 -0.462
637.679 -0.463
637.755 -0.464
637.831 -0.465
637.907 -0.466
637.983 -0.467
638.059 -0.468
638.136 -0.469
638.213 -0.47
638.29 -0.471
638.367 -0.472
638.444 -0.473
638.522 -0.474
638.599 -0.475
638.677 -0.476
638.755 -0.477
638.833 -0.478
638.912 -0.479
638.991 -0.48
639.069 -0.481
639.148 -0.482
639.229 -0.483
639.311 -0.484
639.394 -0.485
639.478 -0.486
639.561 -0.487
639.645 -0.488
639.728 -0.489
639.811 -0.49
639.894 -0.491
639.978 -0.492
640.061 -0.493
640.145 -0.494
640.228 -0.495
640.312 -0.496
640.395 -0.497
640.479 -0.498
640.562 -0.499
640.646 -0.5
640.73 -0.501
640.813 -0.502
640.897 -0.503
640.981 -0.504
641.066 -0.505
641.151 -0.506
641.236 -0.507
641.321 -0.508
641.405 -0.509
641.49 -0.51
641.575 -0.511
641.66 -0.512
641.744 -0.513
641.829 -0.514
641.914 -0.515
641.999 -0.516
642.085 -0.517
642.17 -0.518
642.256 -0.519
642.341 -0.52
642.427 -0.521
642.512 -0.522
642.598 -0.523
642.685 -0.524
642.771 -0.525
642.858 -0.526
642.944 -0.527
643.031 -0.528
643.117 -0.529
643.204 -0.53
643.291 -0.531
643.377 -0.532
643.464 -0.533
643.551 -0.534
643.638 -0.535
643.724 -0.536
643.811 -0.537
643.897 -0.538
643.984 -0.539
644.071 -0.54
644.158 -0.541
644.245 -0.542
644.332 -0.543
644.419 -0.544
644.505 -0.545
644.592 -0.546
644.679 -0.547
644.766 -0.548
644.853 -0.549
644.94 -0.55
645.027 -0.551
645.114 -0.552
645.201 -0.553
645.289 -0.554
645.377 -0.555
645.464 -0.556
645.552 -0.557
645.64 -0.558
645.728 -0.559
645.816 -0.56
645.905 -0.561
645.993 -0.562
646.081 -0.563
646.17 -0.564
646.258 -0.565
646.347 -0.566
646.437 -0.567
646.526 -0.568
646.616 -0.569
646.706 -0.57
646.795 -0.571
646.885 -0.572
646.975 -0.573
647.065 -0.574
647.155 -0.575
647.245 -0.576
647.335 -0.577
647.425 -0.578
647.516 -0.579
647.606 -0.58
647.696 -0.581
647.786 -0.582
647.876 -0.583
647.967 -0.584
648.057 -0.585
648.148 -0.586
648.239 -0.587
648.33 -0.588
648.421 -0.589
648.511 -0.59
648.602 -0.591
648.693 -0.592
648.784 -0.593
648.875 -0.594
648.966 -0.595
649.057 -0.596
649.149 -0.597
649.24 -0.598
649.332 -0.599
649.423 -0.6
649.515 -0.601
649.606 -0.602
649.698 -0.603
649.79 -0.604
649.882 -0.605
649.974 -0.606
650.066 -0.607
650.158 -0.608
650.25 -0.609
650.342 -0.61
650.434 -0.611
650.526 -0.612
650.618 -0.613
650.71 -0.614
650.802 -0.615
650.893 -0.616
650.985 -0.617
651.077 -0.618
651.169 -0.619
651.262 -0.62
651.354 -0.621
651.447 -0.622
651.539 -0.623
651.632 -0.624
651.724 -0.625
651.817 -0.626
651.91 -0.627
652.002 -0.628
652.095 -0.629
652.188 -0.63
652.281 -0.631
652.374 -0.632
652.467 -0.633
652.56 -0.634
652.652 -0.635
652.745 -0.636
652.838 -0.637
652.931 -0.638
653.024 -0.639
653.117 -0.64
653.209 -0.641
653.302 -0.642
653.395 -0.643
653.488 -0.644
653.58 -0.645
653.673 -0.646
653.766 -0.647
653.858 -0.648
653.951 -0.649
654.043 -0.65
654.136 -0.651
654.228 -0.652
654.321 -0.653
654.413 -0.654
654.506 -0.655
654.598 -0.656
654.691 -0.657
654.784 -0.658
654.877 -0.659
654.97 -0.66
655.062 -0.661
655.155 -0.662
655.248 -0.663
655.341 -0.664
655.434 -0.665
655.527 -0.666
655.619 -0.667
655.712 -0.668
655.805 -0.669
655.897 -0.67
655.99 -0.671
656.083 -0.672
656.175 -0.673
656.268 -0.674
656.361 -0.675
656.453 -0.676
656.546 -0.677
656.639 -0.678
656.731 -0.679
656.824 -0.68
656.917 -0.681
657.009 -0.682
657.102 -0.683
657.195 -0.684
657.288 -0.685
657.381 -0.686
657.475 -0.687
657.568 -0.688
657.661 -0.689
657.755 -0.69
657.848 -0.691
657.941 -0.692
658.035 -0.693
658.128 -0.694
658.221 -0.695
658.315 -0.696
658.408 -0.697
658.502 -0.698
658.595 -0.699
658.689 -0.7
658.782 -0.701
658.876 -0.702
658.969 -0.703
659.062 -0.704
659.156 -0.705
659.249 -0.706
659.343 -0.707
659.436 -0.708
659.529 -0.709
659.623 -0.71
659.716 -0.711
659.81 -0.712
659.903 -0.713
659.997 -0.714
660.09 -0.715
660.184 -0.716
660.277 -0.717
660.371 -0.718
660.464 -0.719
660.558 -0.72
660.651 -0.721
660.744 -0.722
660.838 -0.723
660.931 -0.724
661.024 -0.725
661.117 -0.726
661.211 -0.727
661.304 -0.728
661.398 -0.729
661.491 -0.73
661.585 -0.731
661.678 -0.732
661.772 -0.733
661.865 -0.734
661.959 -0.735
662.052 -0.736
662.146 -0.737
662.239 -0.738
662.333 -0.739
662.427 -0.74
662.521 -0.741
662.615 -0.742
662.71 -0.743
662.805 -0.744
662.899 -0.745
662.994 -0.746
663.089 -0.747
663.184 -0.748
663.279 -0.749
663.374 -0.75
663.469 -0.751
663.564 -0.752
663.659 -0.753
663.754 -0.754
663.849 -0.755
663.944 -0.756
664.039 -0.757
664.133 -0.758
664.228 -0.759
664.322 -0.76
664.417 -0.761
664.511 -0.762
664.606 -0.763
664.701 -0.764
664.795 -0.765
664.89 -0.766
664.985 -0.767
665.08 -0.768
665.175 -0.769
665.271 -0.77
665.366 -0.771
665.461 -0.772
665.556 -0.773
665.652 -0.774
665.747 -0.775
665.842 -0.776
665.938 -0.777
666.033 -0.778
666.128 -0.779
666.224 -0.78
666.319 -0.781
666.414 -0.782
666.51 -0.783
666.604 -0.784
666.699 -0.785
666.793 -0.786
666.888 -0.787
666.983 -0.788
667.077 -0.789
667.172 -0.79
667.267 -0.791
667.362 -0.792
667.457 -0.793
667.551 -0.794
667.646 -0.795
667.741 -0.796
667.836 -0.797
667.931 -0.798
668.026 -0.799
668.121 -0.8
668.216 -0.801
668.311 -0.802
668.406 -0.803
668.501 -0.804
668.596 -0.805
668.691 -0.806
668.786 -0.807
668.88 -0.808
668.974 -0.809
669.068 -0.81
669.162 -0.811
669.256 -0.812
669.35 -0.813
669.444 -0.814
669.539 -0.815
669.633 -0.816
669.727 -0.817
669.821 -0.818
669.916 -0.819
670.01 -0.82
670.104 -0.821
670.199 -0.822
670.294 -0.823
670.389 -0.824
670.484 -0.825
670.58 -0.826
670.675 -0.827
670.77 -0.828
670.865 -0.829
670.961 -0.83
671.056 -0.831
671.151 -0.832
671.247 -0.833
671.343 -0.834
671.438 -0.835
671.532 -0.836
671.627 -0.837
671.721 -0.838
671.816 -0.839
671.91 -0.84
672.004 -0.841
672.099 -0.842
672.193 -0.843
672.288 -0.844
672.382 -0.845
672.477 -0.846
672.572 -0.847
672.666 -0.848
672.761 -0.849
672.856 -0.85
672.951 -0.851
673.045 -0.852
673.14 -0.853
673.235 -0.854
673.33 -0.855
673.425 -0.856
673.519 -0.857
673.614 -0.858
673.709 -0.859
673.804 -0.86
673.899 -0.861
673.995 -0.862
674.09 -0.863
674.185 -0.864
674.28 -0.865
674.376 -0.866
674.471 -0.867
674.567 -0.868
674.662 -0.869
674.757 -0.87
674.852 -0.871
674.945 -0.872
675.039 -0.873
675.133 -0.874
675.227 -0.875
675.321 -0.876
675.415 -0.877
675.51 -0.878
675.604 -0.879
675.698 -0.88
675.793 -0.881
675.887 -0.882
675.982 -0.883
676.076 -0.884
676.171 -0.885
676.266 -0.886
676.36 -0.887
676.455 -0.888
676.55 -0.889
676.645 -0.89
676.74 -0.891
676.835 -0.892
676.93 -0.893
677.025 -0.894
677.12 -0.895
677.215 -0.896
677.31 -0.897
677.406 -0.898
677.501 -0.899
677.597 -0.9
677.692 -0.901
677.788 -0.902
677.883 -0.903
677.979 -0.904
678.074 -0.905
678.17 -0.906
678.266 -0.907
678.362 -0.908
678.458 -0.909
678.554 -0.91
678.65 -0.911
678.746 -0.912
678.842 -0.913
678.939 -0.914
679.035 -0.915
679.131 -0.916
679.227 -0.917
679.323 -0.918
679.419 -0.919
679.516 -0.92
679.612 -0.921
679.708 -0.922
679.805 -0.923
679.902 -0.924
680 -0.925
680.098 -0.926
680.198 -0.927
680.298 -0.928
680.397 -0.929
680.497 -0.93
680.596 -0.931
680.696 -0.932
680.795 -0.933
680.895 -0.934
680.993 -0.935
681.092 -0.936
681.191 -0.937
681.29 -0.938
681.389 -0.939
681.488 -0.94
681.587 -0.941
681.686 -0.942
681.785 -0.943
681.883 -0.944
681.982 -0.945
682.081 -0.946
682.18 -0.947
682.279 -0.948
682.378 -0.949
682.477 -0.95
682.576 -0.951
682.675 -0.952
682.774 -0.953
682.873 -0.954
682.972 -0.955
683.071 -0.956
683.17 -0.957
683.27 -0.958
683.369 -0.959
683.468 -0.96
683.568 -0.961
683.668 -0.962
683.767 -0.963
683.867 -0.964
683.967 -0.965
684.066 -0.966
684.166 -0.967
684.266 -0.968
684.366 -0.969
684.466 -0.97
684.566 -0.971
684.667 -0.972
684.767 -0.973
684.867 -0.974
684.968 -0.975
685.068 -0.976
685.169 -0.977
685.269 -0.978
685.37 -0.979
685.472 -0.98
685.573 -0.981
685.675 -0.982
685.777 -0.983
685.88 -0.984
685.982 -0.985
686.085 -0.986
686.188 -0.987
686.291 -0.988
686.394 -0.989
686.497 -0.99
686.6 -0.991
686.703 -0.992
686.807 -0.993
686.91 -0.994
687.013 -0.995
687.117 -0.996
687.219 -0.997
687.322 -0.998
687.424 -0.999
687.525 -1
