4.5907 -0.001
9.17567 -0.002
13.7549 -0.003
18.3284 -0.004
22.8961 -0.005
27.4579 -0.006
32.0138 -0.007
36.5637 -0.008
41.1075 -0.009
45.6453 -0.01
50.1769 -0.011
54.7024 -0.012
59.2215 -0.013
63.7344 -0.014
68.2408 -0.015
72.7409 -0.016
77.2344 -0.017
81.7213 -0.018
86.2016 -0.019
90.6752 -0.02
95.1421 -0.021
99.6021 -0.022
104.055 -0.023
108.501 -0.024
112.94 -0.025
117.372 -0.026
121.797 -0.027
126.214 -0.028
130.624 -0.029
135.027 -0.03
139.422 -0.031
143.809 -0.032
148.189 -0.033
152.56 -0.034
156.924 -0.035
161.28 -0.036
165.628 -0.037
169.967 -0.038
174.279 -0.039
178.395 -0.04
182.083 -0.041
185.12 -0.042
188.092 -0.043
191.061 -0.044
194.029 -0.045
196.999 -0.046
199.966 -0.047
202.927 -0.048
205.882 -0.049
208.829 -0.05
211.744 -0.051
214.553 -0.052
217.217 -0.053
219.641 -0.054
221.837 -0.055
223.623 -0.056
225.205 -0.057
226.731 -0.058
228.169 -0.059
229.56 -0.06
230.856 -0.061
232.034 -0.062
233.092 -0.063
234.129 -0.064
235.16 -0.065
236.182 -0.066
237.199 -0.067
238.21 -0.068
239.212 -0.069
240.206 -0.07
241.19 -0.071
242.167 -0.072
243.136 -0.073
244.098 -0.074
245.054 -0.075
246.005 -0.076
246.951 -0.077
247.894 -0.078
248.831 -0.079
249.764 -0.08
250.692 -0.081
251.617 -0.082
252.534 -0.083
253.438 -0.084
254.326 -0.085
255.174 -0.086
255.979 -0.087
256.733 -0.088
257.464 -0.089
258.121 -0.09
258.69 -0.091
259.238 -0.092
259.779 -0.093
260.263 -0.094
260.652 -0.095
261.013 -0.096
261.343 -0.097
261.573 -0.098
261.767 -0.099
261.955 -0.1
262.137 -0.101
262.312 -0.102
262.479 -0.103
262.64 -0.104
262.796 -0.105
262.949 -0.106
263.097 -0.107
263.241 -0.108
263.382 -0.109
263.52 -0.11
263.655 -0.111
263.786 -0.112
263.915 -0.113
264.042 -0.114
264.166 -0.115
264.289 -0.116
264.408 -0.117
264.524 -0.118
264.637 -0.119
264.745 -0.12
264.849 -0.121
264.949 -0.122
265.043 -0.123
265.133 -0.124
265.219 -0.125
265.3 -0.126
265.379 -0.127
265.456 -0.128
265.533 -0.129
265.608 -0.13
265.682 -0.131
265.755 -0.132
265.827 -0.133
265.898 -0.134
265.965 -0.135
266.031 -0.136
266.093 -0.137
266.152 -0.138
266.209 -0.139
266.264 -0.14
266.317 -0.141
266.365 -0.142
266.412 -0.143
266.459 -0.144
266.506 -0.145
266.552 -0.146
266.598 -0.147
266.643 -0.148
266.688 -0.149
266.733 -0.15
266.778 -0.151
266.822 -0.152
266.866 -0.153
266.91 -0.154
266.953 -0.155
266.996 -0.156
267.039 -0.157
267.082 -0.158
267.124 -0.159
267.166 -0.16
267.208 -0.161
267.249 -0.162
267.291 -0.163
267.332 -0.164
267.373 -0.165
267.414 -0.166
267.454 -0.167
267.494 -0.168
267.533 -0.169
267.572 -0.17
267.611 -0.171
267.649 -0.172
267.686 -0.173
267.722 -0.174
267.758 -0.175
267.794 -0.176
267.829 -0.177
267.863 -0.178
267.897 -0.179
267.931 -0.18
267.964 -0.181
267.996 -0.182
268.029 -0.183
268.061 -0.184
268.093 -0.185
268.124 -0.186
268.155 -0.187
268.185 -0.188
268.216 -0.189
268.246 -0.19
268.276 -0.191
268.307 -0.192
268.337 -0.193
268.367 -0.194
268.397 -0.195
268.426 -0.196
268.456 -0.197
268.486 -0.198
268.515 -0.199
268.545 -0.2
268.574 -0.201
268.604 -0.202
268.633 -0.203
268.662 -0.204
268.691 -0.205
268.72 -0.206
268.749 -0.207
268.778 -0.208
268.807 -0.209
268.836 -0.21
268.865 -0.211
268.893 -0.212
268.922 -0.213
268.95 -0.214
268.978 -0.215
269.007 -0.216
269.035 -0.217
269.063 -0.218
269.091 -0.219
269.119 -0.22
269.147 -0.221
269.175 -0.222
269.203 -0.223
269.23 -0.224
269.258 -0.225
269.285 -0.226
269.313 -0.227
269.34 -0.228
269.367 -0.229
269.394 -0.23
269.421 -0.231
269.448 -0.232
269.475 -0.233
269.502 -0.234
269.529 -0.235
269.556 -0.236
269.582 -0.237
269.609 -0.238
269.635 -0.239
269.662 -0.24
269.688 -0.241
269.714 -0.242
269.74 -0.243
269.766 -0.244
269.792 -0.245
269.818 -0.246
269.844 -0.247
269.869 -0.248
269.895 -0.249
269.92 -0.25
269.946 -0.251
269.971 -0.252
269.996 -0.253
270.021 -0.254
270.046 -0.255
270.071 -0.256
270.096 -0.257
270.12 -0.258
270.145 -0.259
270.17 -0.26
270.194 -0.261
270.218 -0.262
270.243 -0.263
270.267 -0.264
270.291 -0.265
270.314 -0.266
270.338 -0.267
270.362 -0.268
270.385 -0.269
270.408 -0.27
270.432 -0.271
270.455 -0.272
270.477 -0.273
270.5 -0.274
270.523 -0.275
270.545 -0.276
270.567 -0.277
270.59 -0.278
270.612 -0.279
270.633 -0.28
270.655 -0.281
270.677 -0.282
270.698 -0.283
270.719 -0.284
270.74 -0.285
270.761 -0.286
270.782 -0.287
270.803 -0.288
270.823 -0.289
270.843 -0.29
270.863 -0.291
270.883 -0.292
270.902 -0.293
270.922 -0.294
270.94 -0.295
270.959 -0.296
270.977 -0.297
270.995 -0.298
271.012 -0.299
271.029 -0.3
271.046 -0.301
271.062 -0.302
271.079 -0.303
271.094 -0.304
271.109 -0.305
271.125 -0.306
271.14 -0.307
271.155 -0.308
271.169 -0.309
271.184 -0.31
271.197 -0.311
271.211 -0.312
271.225 -0.313
271.238 -0.314
271.252 -0.315
271.265 -0.316
271.278 -0.317
271.291 -0.318
271.304 -0.319
271.316 -0.32
271.329 -0.321
271.342 -0.322
271.354 -0.323
271.366 -0.324
271.379 -0.325
271.392 -0.326
271.404 -0.327
271.416 -0.328
271.429 -0.329
271.441 -0.33
271.455 -0.331
271.467 -0.332
271.48 -0.333
271.493 -0.334
271.506 -0.335
271.519 -0.336
271.532 -0.337
271.545 -0.338
271.559 -0.339
271.572 -0.34
271.586 -0.341
271.599 -0.342
271.612 -0.343
271.626 -0.344
271.639 -0.345
271.652 -0.346
271.665 -0.347
271.678 -0.348
271.691 -0.349
271.704 -0.35
271.717 -0.351
271.73 -0.352
271.743 -0.353
271.755 -0.354
271.768 -0.355
271.781 -0.356
271.793 -0.357
271.805 -0.358
271.818 -0.359
271.83 -0.36
271.842 -0.361
271.854 -0.362
271.865 -0.363
271.877 -0.364
271.889 -0.365
271.901 -0.366
271.913 -0.367
271.924 -0.368
271.936 -0.369
271.947 -0.37
271.959 -0.371
271.97 -0.372
271.98 -0.373
271.991 -0.374
272.001 -0.375
272.012 -0.376
272.022 -0.377
272.033 -0.378
272.044 -0.379
272.055 -0.38
272.065 -0.381
272.076 -0.382
272.087 -0.383
272.097 -0.384
272.108 -0.385
272.118 -0.386
272.128 -0.387
272.139 -0.388
272.149 -0.389
272.16 -0.39
272.171 -0.391
272.182 -0.392
272.193 -0.393
272.204 -0.394
272.214 -0.395
272.225 -0.396
272.236 -0.397
272.247 -0.398
272.258 -0.399
272.27 -0.4
272.281 -0.401
272.292 -0.402
272.303 -0.403
272.314 -0.404
272.324 -0.405
272.336 -0.406
272.347 -0.407
272.359 -0.408
272.37 -0.409
272.381 -0.41
272.392 -0.411
272.404 -0.412
272.416 -0.413
272.428 -0.414
272.44 -0.415
272.452 -0.416
272.463 -0.417
272.475 -0.418
272.486 -0.419
272.498 -0.42
272.508 -0.421
272.519 -0.422
272.53 -0.423
272.541 -0.424
272.551 -0.425
272.561 -0.426
272.571 -0.427
272.581 -0.428
272.591 -0.429
272.6 -0.43
272.61 -0.431
272.618 -0.432
272.627 -0.433
272.636 -0.434
272.646 -0.435
272.656 -0.436
272.667 -0.437
272.678 -0.438
272.689 -0.439
272.701 -0.44
272.712 -0.441
272.723 -0.442
272.733 -0.443
272.742 -0.444
272.75 -0.445
272.756 -0.446
272.761 -0.447
272.765 -0.448
272.767 -0.449
272.768 -0.45
272.771 -0.451
272.773 -0.452
272.777 -0.453
272.78 -0.454
272.785 -0.455
272.79 -0.456
272.796 -0.457
272.802 -0.458
272.81 -0.459
272.817 -0.46
272.826 -0.461
272.835 -0.462
272.845 -0.463
272.856 -0.464
272.867 -0.465
272.88 -0.466
272.892 -0.467
272.906 -0.468
272.92 -0.469
272.933 -0.47
272.947 -0.471
272.961 -0.472
272.975 -0.473
272.989 -0.474
273.002 -0.475
273.016 -0.476
273.029 -0.477
273.042 -0.478
273.056 -0.479
273.069 -0.48
273.082 -0.481
273.096 -0.482
273.109 -0.483
273.122 -0.484
273.135 -0.485
273.148 -0.486
273.161 -0.487
273.174 -0.488
273.187 -0.489
273.201 -0.49
273.217 -0.491
273.234 -0.492
273.252 -0.493
273.271 -0.494
273.291 -0.495
273.31 -0.496
273.33 -0.497
273.349 -0.498
273.369 -0.499
273.388 -0.5
273.408 -0.501
273.427 -0.502
273.447 -0.503
273.466 -0.504
273.485 -0.505
273.505 -0.506
273.524 -0.507
273.545 -0.508
273.566 -0.509
273.587 -0.51
273.609 -0.511
273.632 -0.512
273.654 -0.513
273.677 -0.514
273.699 -0.515
273.722 -0.516
273.745 -0.517
273.767 -0.518
273.79 -0.519
273.812 -0.52
273.835 -0.521
273.857 -0.522
273.88 -0.523
273.902 -0.524
273.924 -0.525
273.947 -0.526
273.969 -0.527
273.991 -0.528
274.013 -0.529
274.035 -0.53
274.057 -0.531
274.079 -0.532
274.1 -0.533
274.122 -0.534
274.143 -0.535
274.164 -0.536
274.184 -0.537
274.205 -0.538
274.224 -0.539
274.243 -0.54
274.262 -0.541
274.28 -0.542
274.297 -0.543
274.313 -0.544
274.328 -0.545
274.342 -0.546
274.355 -0.547
274.367 -0.548
274.377 -0.549
274.386 -0.55
274.394 -0.551
274.399 -0.552
274.403 -0.553
274.403 -0.554
274.401 -0.555
274.396 -0.556
274.388 -0.557
274.378 -0.558
274.365 -0.559
274.351 -0.56
274.335 -0.561
274.319 -0.562
274.302 -0.563
274.286 -0.564
274.27 -0.565
274.253 -0.566
274.237 -0.567
274.221 -0.568
274.205 -0.569
274.189 -0.57
274.174 -0.571
274.163 -0.572
274.156 -0.573
274.152 -0.574
274.15 -0.575
274.149 -0.576
274.149 -0.577
274.15 -0.578
274.151 -0.579
274.153 -0.58
274.155 -0.581
274.157 -0.582
274.159 -0.583
274.161 -0.584
274.164 -0.585
274.166 -0.586
274.17 -0.587
274.179 -0.588
274.198 -0.589
274.225 -0.59
274.259 -0.591
274.297 -0.592
274.334 -0.593
274.369 -0.594
274.402 -0.595
274.433 -0.596
274.466 -0.597
274.499 -0.598
274.533 -0.599
274.568 -0.6
274.603 -0.601
274.639 -0.602
274.676 -0.603
274.713 -0.604
274.75 -0.605
274.787 -0.606
274.823 -0.607
274.86 -0.608
274.897 -0.609
274.934 -0.61
274.971 -0.611
275.008 -0.612
275.045 -0.613
275.081 -0.614
275.118 -0.615
275.155 -0.616
275.193 -0.617
275.23 -0.618
275.267 -0.619
275.304 -0.62
275.342 -0.621
275.379 -0.622
275.417 -0.623
275.455 -0.624
275.493 -0.625
275.53 -0.626
275.568 -0.627
275.606 -0.628
275.645 -0.629
275.683 -0.63
275.721 -0.631
275.759 -0.632
275.798 -0.633
275.836 -0.634
275.875 -0.635
275.913 -0.636
275.953 -0.637
275.996 -0.638
276.038 -0.639
276.081 -0.64
276.124 -0.641
276.167 -0.642
276.21 -0.643
276.253 -0.644
276.296 -0.645
276.34 -0.646
276.383 -0.647
276.427 -0.648
276.47 -0.649
276.514 -0.65
276.558 -0.651
276.601 -0.652
276.645 -0.653
276.689 -0.654
276.733 -0.655
276.778 -0.656
276.822 -0.657
276.866 -0.658
276.911 -0.659
276.955 -0.66
277 -0.661
277.045 -0.662
277.089 -0.663
277.134 -0.664
277.179 -0.665
277.224 -0.666
277.269 -0.667
277.314 -0.668
277.359 -0.669
277.404 -0.67
277.45 -0.671
277.495 -0.672
277.54 -0.673
277.586 -0.674
277.631 -0.675
277.677 -0.676
277.723 -0.677
277.769 -0.678
277.815 -0.679
277.861 -0.68
277.907 -0.681
277.953 -0.682
277.999 -0.683
278.045 -0.684
278.092 -0.685
278.138 -0.686
278.184 -0.687
278.231 -0.688
278.278 -0.689
278.324 -0.69
278.371 -0.691
278.418 -0.692
278.465 -0.693
278.512 -0.694
278.559 -0.695
278.606 -0.696
278.653 -0.697
278.701 -0.698
278.748 -0.699
278.795 -0.7
278.843 -0.701
278.891 -0.702
278.94 -0.703
278.989 -0.704
279.039 -0.705
279.09 -0.706
279.141 -0.707
279.193 -0.708
279.245 -0.709
279.297 -0.71
279.348 -0.711
279.4 -0.712
279.452 -0.713
279.504 -0.714
279.557 -0.715
279.609 -0.716
279.661 -0.717
279.713 -0.718
279.766 -0.719
279.818 -0.72
279.87 -0.721
279.923 -0.722
279.975 -0.723
280.028 -0.724
280.081 -0.725
280.133 -0.726
280.186 -0.727
280.239 -0.728
280.291 -0.729
280.344 -0.73
280.397 -0.731
280.449 -0.732
280.502 -0.733
280.555 -0.734
280.608 -0.735
280.661 -0.736
280.713 -0.737
280.766 -0.738
280.819 -0.739
280.871 -0.74
280.924 -0.741
280.977 -0.742
281.029 -0.743
281.082 -0.744
281.134 -0.745
281.186 -0.746
281.238 -0.747
281.29 -0.748
281.342 -0.749
281.394 -0.75
281.446 -0.751
281.498 -0.752
281.55 -0.753
281.602 -0.754
281.654 -0.755
281.705 -0.756
281.757 -0.757
281.809 -0.758
281.86 -0.759
281.912 -0.76
281.964 -0.761
282.015 -0.762
282.067 -0.763
282.119 -0.764
282.17 -0.765
282.222 -0.766
282.274 -0.767
282.326 -0.768
282.378 -0.769
282.43 -0.77
282.482 -0.771
282.536 -0.772
282.589 -0.773
282.644 -0.774
282.698 -0.775
282.753 -0.776
282.809 -0.777
282.865 -0.778
282.922 -0.779
282.978 -0.78
283.035 -0.781
283.092 -0.782
283.149 -0.783
283.206 -0.784
283.264 -0.785
283.321 -0.786
283.379 -0.787
283.437 -0.788
283.495 -0.789
283.553 -0.79
283.611 -0.791
283.669 -0.792
283.728 -0.793
283.786 -0.794
283.845 -0.795
283.903 -0.796
283.962 -0.797
284.021 -0.798
284.079 -0.799
284.138 -0.8
284.197 -0.801
284.256 -0.802
284.315 -0.803
284.373 -0.804
284.432 -0.805
284.492 -0.806
284.551 -0.807
284.61 -0.808
284.67 -0.809
284.73 -0.81
284.79 -0.811
284.85 -0.812
284.911 -0.813
284.971 -0.814
285.032 -0.815
285.093 -0.816
285.154 -0.817
285.215 -0.818
285.277 -0.819
285.339 -0.82
285.401 -0.821
285.463 -0.822
285.525 -0.823
285.587 -0.824
285.65 -0.825
285.713 -0.826
285.776 -0.827
285.839 -0.828
285.903 -0.829
285.966 -0.83
286.03 -0.831
286.094 -0.832
286.159 -0.833
286.223 -0.834
286.288 -0.835
286.352 -0.836
286.417 -0.837
286.483 -0.838
286.548 -0.839
286.614 -0.84
286.68 -0.841
286.746 -0.842
286.812 -0.843
286.88 -0.844
286.95 -0.845
287.019 -0.846
287.089 -0.847
287.158 -0.848
287.229 -0.849
287.299 -0.85
287.369 -0.851
287.44 -0.852
287.511 -0.853
287.581 -0.854
287.653 -0.855
287.724 -0.856
287.796 -0.857
287.867 -0.858
287.939 -0.859
288.012 -0.86
288.086 -0.861
288.161 -0.862
288.235 -0.863
288.31 -0.864
288.385 -0.865
288.46 -0.866
288.535 -0.867
288.611 -0.868
288.687 -0.869
288.763 -0.87
288.84 -0.871
288.916 -0.872
288.993 -0.873
289.07 -0.874
289.147 -0.875
289.225 -0.876
289.302 -0.877
289.381 -0.878
289.46 -0.879
289.539 -0.88
289.619 -0.881
289.698 -0.882
289.778 -0.883
289.859 -0.884
289.939 -0.885
290.019 -0.886
290.1 -0.887
290.181 -0.888
290.262 -0.889
290.343 -0.89
290.425 -0.891
290.507 -0.892
290.588 -0.893
290.671 -0.894
290.754 -0.895
290.836 -0.896
290.92 -0.897
291.003 -0.898
291.087 -0.899
291.172 -0.9
291.257 -0.901
291.343 -0.902
291.429 -0.903
291.515 -0.904
291.601 -0.905
291.688 -0.906
291.775 -0.907
291.862 -0.908
291.949 -0.909
292.036 -0.91
292.124 -0.911
292.213 -0.912
292.301 -0.913
292.39 -0.914
292.478 -0.915
292.568 -0.916
292.657 -0.917
292.747 -0.918
292.837 -0.919
292.927 -0.92
293.017 -0.921
293.108 -0.922
293.199 -0.923
293.29 -0.924
293.382 -0.925
293.474 -0.926
293.566 -0.927
293.659 -0.928
293.752 -0.929
293.845 -0.93
293.938 -0.931
294.031 -0.932
294.125 -0.933
294.219 -0.934
294.313 -0.935
294.407 -0.936
294.502 -0.937
294.597 -0.938
294.692 -0.939
294.788 -0.94
294.883 -0.941
294.979 -0.942
295.075 -0.943
295.172 -0.944
295.269 -0.945
295.366 -0.946
295.463 -0.947
295.56 -0.948
295.658 -0.949
295.757 -0.95
295.856 -0.951
295.955 -0.952
296.055 -0.953
296.157 -0.954
296.258 -0.955
296.36 -0.956
296.462 -0.957
296.565 -0.958
296.667 -0.959
296.77 -0.96
296.873 -0.961
296.977 -0.962
297.08 -0.963
297.184 -0.964
297.289 -0.965
297.393 -0.966
297.498 -0.967
297.603 -0.968
297.708 -0.969
297.814 -0.97
297.92 -0.971
298.026 -0.972
298.133 -0.973
298.24 -0.974
298.347 -0.975
298.454 -0.976
298.562 -0.977
298.669 -0.978
298.777 -0.979
298.885 -0.98
298.994 -0.981
299.103 -0.982
299.213 -0.983
299.322 -0.984
299.433 -0.985
299.544 -0.986
299.655 -0.987
299.766 -0.988
299.878 -0.989
299.989 -0.99
300.102 -0.991
300.214 -0.992
300.326 -0.993
300.439 -0.994
300.552 -0.995
300.665 -0.996
300.779 -0.997
300.893 -0.998
301.007 -0.999
301.121 -1
301.235 -1.001
301.35 -1.002
301.465 -1.003
301.58 -1.004
301.696 -1.005
301.812 -1.006
301.928 -1.007
302.044 -1.008
302.16 -1.009
302.277 -1.01
302.394 -1.011
302.511 -1.012
302.629 -1.013
302.747 -1.014
302.865 -1.015
302.983 -1.016
303.101 -1.017
303.22 -1.018
303.34 -1.019
303.459 -1.02
303.579 -1.021
303.699 -1.022
303.82 -1.023
303.94 -1.024
304.062 -1.025
304.183 -1.026
304.305 -1.027
304.428 -1.028
304.55 -1.029
304.673 -1.03
304.797 -1.031
304.92 -1.032
305.044 -1.033
305.169 -1.034
305.293 -1.035
305.418 -1.036
305.543 -1.037
305.668 -1.038
305.793 -1.039
305.919 -1.04
306.045 -1.041
306.172 -1.042
306.298 -1.043
306.425 -1.044
306.552 -1.045
306.68 -1.046
306.807 -1.047
306.935 -1.048
307.064 -1.049
307.192 -1.05
307.321 -1.051
307.45 -1.052
307.58 -1.053
307.709 -1.054
307.839 -1.055
307.97 -1.056
308.101 -1.057
308.232 -1.058
308.363 -1.059
308.494 -1.06
308.626 -1.061
308.758 -1.062
308.89 -1.063
309.023 -1.064
309.156 -1.065
309.289 -1.066
309.423 -1.067
309.556 -1.068
309.69 -1.069
309.824 -1.07
309.959 -1.071
310.094 -1.072
310.229 -1.073
310.364 -1.074
310.5 -1.075
310.636 -1.076
310.772 -1.077
310.908 -1.078
311.045 -1.079
311.182 -1.08
311.32 -1.081
311.457 -1.082
311.595 -1.083
311.733 -1.084
311.872 -1.085
312.011 -1.086
312.15 -1.087
312.289 -1.088
312.429 -1.089
312.569 -1.09
312.709 -1.091
312.85 -1.092
312.991 -1.093
313.132 -1.094
313.274 -1.095
313.416 -1.096
313.558 -1.097
313.701 -1.098
313.844 -1.099
313.987 -1.1
314.13 -1.101
314.274 -1.102
314.419 -1.103
314.563 -1.104
314.708 -1.105
314.853 -1.106
314.999 -1.107
315.144 -1.108
315.291 -1.109
315.437 -1.11
315.584 -1.111
315.731 -1.112
315.878 -1.113
316.025 -1.114
316.173 -1.115
316.321 -1.116
316.47 -1.117
316.619 -1.118
316.768 -1.119
316.917 -1.12
317.067 -1.121
317.217 -1.122
317.368 -1.123
317.519 -1.124
317.67 -1.125
317.822 -1.126
317.974 -1.127
318.126 -1.128
318.278 -1.129
318.431 -1.13
318.584 -1.131
318.738 -1.132
318.892 -1.133
319.046 -1.134
319.2 -1.135
319.355 -1.136
319.51 -1.137
319.665 -1.138
319.821 -1.139
319.977 -1.14
320.133 -1.141
320.29 -1.142
320.447 -1.143
320.605 -1.144
320.762 -1.145
320.92 -1.146
321.079 -1.147
321.237 -1.148
321.396 -1.149
321.555 -1.15
321.715 -1.151
321.875 -1.152
322.035 -1.153
322.196 -1.154
322.357 -1.155
322.518 -1.156
322.679 -1.157
322.841 -1.158
323.003 -1.159
323.166 -1.16
323.329 -1.161
323.492 -1.162
323.656 -1.163
323.82 -1.164
323.984 -1.165
324.149 -1.166
324.314 -1.167
324.479 -1.168
324.645 -1.169
324.811 -1.17
324.978 -1.171
325.144 -1.172
325.312 -1.173
325.479 -1.174
325.647 -1.175
325.815 -1.176
325.984 -1.177
326.153 -1.178
326.323 -1.179
326.493 -1.18
326.663 -1.181
326.833 -1.182
327.004 -1.183
327.175 -1.184
327.347 -1.185
327.519 -1.186
327.691 -1.187
327.864 -1.188
328.037 -1.189
328.21 -1.19
328.384 -1.191
328.558 -1.192
328.732 -1.193
328.907 -1.194
329.082 -1.195
329.258 -1.196
329.434 -1.197
329.61 -1.198
329.786 -1.199
329.963 -1.2
