14.7623 -0.001
29.4892 -0.002
44.1809 -0.003
58.8364 -0.004
73.4552 -0.005
88.0365 -0.006
102.579 -0.007
117.083 -0.008
131.548 -0.009
143.418 -0.01
151.127 -0.011
158.928 -0.012
166.754 -0.013
174.525 -0.014
182.245 -0.015
189.904 -0.016
197.456 -0.017
203.881 -0.018
207.981 -0.019
211.76 -0.02
215.432 -0.021
219.096 -0.022
222.751 -0.023
226.397 -0.024
230.023 -0.025
233.609 -0.026
237.155 -0.027
240.647 -0.028
244.107 -0.029
247.515 -0.03
250.886 -0.031
254.247 -0.032
257.601 -0.033
260.95 -0.034
264.292 -0.035
267.629 -0.036
270.959 -0.037
274.284 -0.038
277.602 -0.039
280.915 -0.04
284.221 -0.041
287.522 -0.042
290.816 -0.043
294.104 -0.044
297.386 -0.045
300.662 -0.046
303.931 -0.047
307.194 -0.048
310.449 -0.049
313.644 -0.05
316.639 -0.051
319.188 -0.052
321.065 -0.053
322.703 -0.054
324.34 -0.055
325.971 -0.056
327.592 -0.057
329.199 -0.058
330.8 -0.059
332.391 -0.06
333.972 -0.061
335.547 -0.062
337.116 -0.063
338.677 -0.064
340.231 -0.065
341.78 -0.066
343.323 -0.067
344.857 -0.068
346.382 -0.069
347.9 -0.07
349.412 -0.071
350.921 -0.072
352.426 -0.073
353.928 -0.074
355.426 -0.075
356.92 -0.076
358.409 -0.077
359.892 -0.078
361.371 -0.079
362.844 -0.08
364.313 -0.081
365.777 -0.082
367.236 -0.083
368.692 -0.084
370.143 -0.085
371.592 -0.086
373.036 -0.087
374.478 -0.088
375.91 -0.089
377.334 -0.09
378.74 -0.091
380.123 -0.092
381.48 -0.093
382.81 -0.094
384.069 -0.095
385.274 -0.096
386.401 -0.097
387.438 -0.098
388.334 -0.099
389.08 -0.1
389.644 -0.101
390.106 -0.102
390.565 -0.103
391.02 -0.104
391.464 -0.105
391.903 -0.106
392.339 -0.107
392.77 -0.108
393.19 -0.109
393.603 -0.11
394.014 -0.111
394.421 -0.112
394.818 -0.113
395.204 -0.114
395.587 -0.115
395.967 -0.116
396.342 -0.117
396.705 -0.118
397.061 -0.119
397.413 -0.12
397.763 -0.121
398.105 -0.122
398.437 -0.123
398.763 -0.124
399.086 -0.125
399.404 -0.126
399.718 -0.127
400.027 -0.128
400.329 -0.129
400.626 -0.13
400.92 -0.131
401.213 -0.132
401.504 -0.133
401.791 -0.134
402.075 -0.135
402.356 -0.136
402.634 -0.137
402.909 -0.138
403.183 -0.139
403.454 -0.14
403.722 -0.141
403.988 -0.142
404.252 -0.143
404.514 -0.144
404.773 -0.145
405.03 -0.146
405.285 -0.147
405.538 -0.148
405.789 -0.149
406.037 -0.15
406.282 -0.151
406.526 -0.152
406.767 -0.153
407.006 -0.154
407.243 -0.155
407.478 -0.156
407.711 -0.157
407.939 -0.158
408.166 -0.159
408.39 -0.16
408.612 -0.161
408.832 -0.162
409.049 -0.163
409.265 -0.164
409.478 -0.165
409.689 -0.166
409.898 -0.167
410.103 -0.168
410.306 -0.169
410.507 -0.17
410.705 -0.171
410.9 -0.172
411.093 -0.173
411.284 -0.174
411.472 -0.175
411.658 -0.176
411.842 -0.177
412.024 -0.178
412.204 -0.179
412.38 -0.18
412.554 -0.181
412.726 -0.182
412.896 -0.183
413.064 -0.184
413.23 -0.185
413.393 -0.186
413.554 -0.187
413.713 -0.188
413.869 -0.189
414.024 -0.19
414.176 -0.191
414.327 -0.192
414.475 -0.193
414.622 -0.194
414.766 -0.195
414.908 -0.196
415.047 -0.197
415.185 -0.198
415.32 -0.199
415.454 -0.2
415.586 -0.201
415.717 -0.202
415.845 -0.203
415.972 -0.204
416.097 -0.205
416.22 -0.206
416.341 -0.207
416.46 -0.208
416.578 -0.209
416.693 -0.21
416.808 -0.211
416.92 -0.212
417.031 -0.213
417.141 -0.214
417.249 -0.215
417.355 -0.216
417.46 -0.217
417.563 -0.218
417.664 -0.219
417.764 -0.22
417.862 -0.221
417.959 -0.222
418.054 -0.223
418.148 -0.224
418.239 -0.225
418.33 -0.226
418.419 -0.227
418.507 -0.228
418.593 -0.229
418.678 -0.23
418.761 -0.231
418.842 -0.232
418.923 -0.233
419.002 -0.234
419.079 -0.235
419.155 -0.236
419.23 -0.237
419.303 -0.238
419.374 -0.239
419.445 -0.24
419.514 -0.241
419.581 -0.242
419.648 -0.243
419.713 -0.244
419.777 -0.245
419.839 -0.246
419.9 -0.247
419.959 -0.248
420.018 -0.249
420.075 -0.25
420.13 -0.251
420.184 -0.252
420.236 -0.253
420.288 -0.254
420.338 -0.255
420.387 -0.256
420.435 -0.257
420.482 -0.258
420.526 -0.259
420.569 -0.26
420.611 -0.261
420.651 -0.262
420.69 -0.263
420.728 -0.264
420.764 -0.265
420.799 -0.266
420.834 -0.267
420.867 -0.268
420.898 -0.269
420.929 -0.27
420.959 -0.271
420.988 -0.272
421.016 -0.273
421.043 -0.274
421.068 -0.275
421.091 -0.276
421.113 -0.277
421.135 -0.278
421.155 -0.279
421.175 -0.28
421.193 -0.281
421.21 -0.282
421.226 -0.283
421.24 -0.284
421.254 -0.285
421.267 -0.286
421.279 -0.287
421.29 -0.288
421.301 -0.289
421.31 -0.29
421.318 -0.291
421.326 -0.292
421.332 -0.293
421.336 -0.294
421.339 -0.295
421.342 -0.296
421.344 -0.297
421.344 -0.298
421.344 -0.299
421.343 -0.3
421.341 -0.301
421.338 -0.302
421.334 -0.303
421.329 -0.304
421.324 -0.305
421.317 -0.306
421.31 -0.307
421.301 -0.308
421.291 -0.309
421.281 -0.31
421.269 -0.311
421.256 -0.312
421.241 -0.313
421.225 -0.314
421.208 -0.315
421.19 -0.316
421.171 -0.317
421.151 -0.318
421.129 -0.319
421.106 -0.32
421.08 -0.321
421.049 -0.322
421.008 -0.323
420.92 -0.324
420.744 -0.325
420.423 -0.326
419.885 -0.327
419.272 -0.328
418.721 -0.329
418.213 -0.33
417.609 -0.331
416.89 -0.332
416.182 -0.333
415.61 -0.334
415.13 -0.335
414.665 -0.336
414.257 -0.337
413.893 -0.338
413.541 -0.339
413.287 -0.34
413.072 -0.341
412.932 -0.342
412.831 -0.343
412.821 -0.344
412.886 -0.345
413.042 -0.346
413.31 -0.347
413.602 -0.348
413.883 -0.349
414.146 -0.35
414.39 -0.351
414.608 -0.352
414.783 -0.353
414.877 -0.354
414.969 -0.355
415.066 -0.356
415.13 -0.357
415.135 -0.358
415.102 -0.359
415.169 -0.36
415.222 -0.361
415.269 -0.362
415.335 -0.363
415.416 -0.364
415.502 -0.365
415.593 -0.366
415.684 -0.367
415.778 -0.368
415.871 -0.369
415.959 -0.37
416.031 -0.371
416.084 -0.372
416.118 -0.373
416.139 -0.374
416.152 -0.375
416.149 -0.376
416.13 -0.377
416.093 -0.378
416.048 -0.379
416.003 -0.38
415.958 -0.381
415.914 -0.382
415.869 -0.383
415.824 -0.384
415.78 -0.385
415.736 -0.386
415.691 -0.387
415.647 -0.388
415.603 -0.389
415.559 -0.39
415.514 -0.391
415.47 -0.392
415.425 -0.393
415.379 -0.394
415.333 -0.395
415.287 -0.396
415.241 -0.397
415.195 -0.398
415.149 -0.399
415.103 -0.4
415.056 -0.401
415.01 -0.402
414.963 -0.403
414.916 -0.404
414.869 -0.405
414.822 -0.406
414.776 -0.407
414.729 -0.408
414.682 -0.409
414.635 -0.41
414.588 -0.411
414.541 -0.412
414.494 -0.413
414.447 -0.414
414.4 -0.415
414.353 -0.416
414.306 -0.417
414.258 -0.418
414.211 -0.419
414.164 -0.42
414.117 -0.421
414.07 -0.422
414.023 -0.423
413.976 -0.424
413.928 -0.425
413.881 -0.426
413.834 -0.427
413.786 -0.428
413.739 -0.429
413.692 -0.43
413.644 -0.431
413.597 -0.432
413.549 -0.433
413.502 -0.434
413.454 -0.435
413.407 -0.436
413.36 -0.437
413.313 -0.438
413.266 -0.439
413.219 -0.44
413.173 -0.441
413.126 -0.442
413.08 -0.443
413.034 -0.444
412.988 -0.445
412.943 -0.446
412.897 -0.447
412.852 -0.448
412.807 -0.449
412.762 -0.45
412.717 -0.451
412.673 -0.452
412.629 -0.453
412.584 -0.454
412.54 -0.455
412.497 -0.456
412.453 -0.457
412.41 -0.458
412.367 -0.459
412.324 -0.46
412.282 -0.461
412.24 -0.462
412.198 -0.463
412.156 -0.464
412.115 -0.465
412.074 -0.466
412.033 -0.467
411.992 -0.468
411.952 -0.469
411.911 -0.47
411.872 -0.471
411.833 -0.472
411.794 -0.473
411.755 -0.474
411.718 -0.475
411.68 -0.476
411.643 -0.477
411.606 -0.478
411.57 -0.479
411.533 -0.48
411.497 -0.481
411.462 -0.482
411.427 -0.483
411.393 -0.484
411.359 -0.485
411.326 -0.486
411.293 -0.487
411.261 -0.488
411.228 -0.489
411.195 -0.49
411.162 -0.491
411.129 -0.492
411.096 -0.493
411.064 -0.494
411.032 -0.495
411 -0.496
410.969 -0.497
410.939 -0.498
410.908 -0.499
410.878 -0.5
410.848 -0.501
410.817 -0.502
410.785 -0.503
410.754 -0.504
410.723 -0.505
410.692 -0.506
410.661 -0.507
410.629 -0.508
410.598 -0.509
410.567 -0.51
410.536 -0.511
410.403 -0.512
410.041 -0.513
409.62 -0.514
409.329 -0.515
409.087 -0.516
408.811 -0.517
408.496 -0.518
408.175 -0.519
407.855 -0.52
407.388 -0.521
406.932 -0.522
406.578 -0.523
406.322 -0.524
406.094 -0.525
405.801 -0.526
405.491 -0.527
405.179 -0.528
404.866 -0.529
404.552 -0.53
404.237 -0.531
403.92 -0.532
403.6 -0.533
403.278 -0.534
402.957 -0.535
402.636 -0.536
402.315 -0.537
401.994 -0.538
401.674 -0.539
401.354 -0.54
401.035 -0.541
400.716 -0.542
400.397 -0.543
400.079 -0.544
399.761 -0.545
399.444 -0.546
399.127 -0.547
398.811 -0.548
398.495 -0.549
398.179 -0.55
397.864 -0.551
397.549 -0.552
397.235 -0.553
396.92 -0.554
396.606 -0.555
396.292 -0.556
395.978 -0.557
395.665 -0.558
395.352 -0.559
395.039 -0.56
394.728 -0.561
394.416 -0.562
394.104 -0.563
393.793 -0.564
393.481 -0.565
393.169 -0.566
392.856 -0.567
392.544 -0.568
392.231 -0.569
391.919 -0.57
391.607 -0.571
391.296 -0.572
390.986 -0.573
390.676 -0.574
390.368 -0.575
390.059 -0.576
389.749 -0.577
389.439 -0.578
389.127 -0.579
388.815 -0.58
388.503 -0.581
388.191 -0.582
387.88 -0.583
387.569 -0.584
387.258 -0.585
386.948 -0.586
386.64 -0.587
386.332 -0.588
386.025 -0.589
385.718 -0.59
385.413 -0.591
385.108 -0.592
384.804 -0.593
384.501 -0.594
384.199 -0.595
383.897 -0.596
383.597 -0.597
383.297 -0.598
382.998 -0.599
382.7 -0.6
