9.41005 -0.001
18.8104 -0.002
28.2009 -0.003
37.5815 -0.004
46.9522 -0.005
56.3129 -0.006
65.6635 -0.007
75.004 -0.008
84.3343 -0.009
93.6543 -0.01
102.964 -0.011
112.263 -0.012
121.552 -0.013
130.83 -0.014
140.098 -0.015
149.355 -0.016
158.601 -0.017
167.836 -0.018
177.06 -0.019
186.274 -0.02
195.476 -0.021
204.667 -0.022
213.847 -0.023
223.015 -0.024
232.172 -0.025
241.317 -0.026
250.451 -0.027
259.573 -0.028
268.684 -0.029
277.782 -0.03
286.868 -0.031
295.943 -0.032
305.005 -0.033
314.055 -0.034
323.092 -0.035
332.117 -0.036
341.13 -0.037
350.129 -0.038
359.116 -0.039
368.09 -0.04
377.051 -0.041
385.999 -0.042
394.933 -0.043
403.854 -0.044
412.762 -0.045
421.655 -0.046
430.535 -0.047
439.402 -0.048
448.254 -0.049
457.092 -0.05
465.915 -0.051
474.724 -0.052
483.519 -0.053
492.298 -0.054
501.063 -0.055
509.753 -0.056
518.255 -0.057
526.393 -0.058
533.974 -0.059
540.894 -0.06
546.716 -0.061
551.375 -0.062
555.307 -0.063
558.276 -0.064
560.939 -0.065
563.256 -0.066
565.367 -0.067
567.187 -0.068
568.982 -0.069
570.755 -0.07
572.509 -0.071
574.241 -0.072
575.933 -0.073
577.586 -0.074
579.17 -0.075
580.661 -0.076
582.114 -0.077
583.503 -0.078
584.721 -0.079
585.864 -0.08
586.976 -0.081
587.868 -0.082
588.626 -0.083
589.134 -0.084
589.563 -0.085
589.982 -0.086
590.39 -0.087
590.787 -0.088
591.173 -0.089
591.55 -0.09
591.916 -0.091
592.269 -0.092
592.611 -0.093
592.945 -0.094
593.271 -0.095
593.59 -0.096
593.898 -0.097
594.193 -0.098
594.479 -0.099
594.758 -0.1
595.027 -0.101
595.288 -0.102
595.541 -0.103
595.786 -0.104
596.026 -0.105
596.261 -0.106
596.491 -0.107
596.717 -0.108
596.939 -0.109
597.159 -0.11
597.376 -0.111
597.591 -0.112
597.804 -0.113
598.014 -0.114
598.222 -0.115
598.426 -0.116
598.628 -0.117
598.827 -0.118
599.022 -0.119
599.215 -0.12
599.404 -0.121
599.591 -0.122
599.776 -0.123
599.958 -0.124
600.138 -0.125
600.316 -0.126
600.49 -0.127
600.663 -0.128
600.832 -0.129
600.999 -0.13
601.163 -0.131
601.324 -0.132
601.484 -0.133
601.642 -0.134
601.798 -0.135
601.953 -0.136
602.106 -0.137
602.257 -0.138
602.406 -0.139
602.551 -0.14
602.695 -0.141
602.835 -0.142
602.973 -0.143
603.111 -0.144
603.246 -0.145
603.379 -0.146
603.511 -0.147
603.641 -0.148
603.77 -0.149
603.898 -0.15
604.025 -0.151
604.15 -0.152
604.273 -0.153
604.394 -0.154
604.515 -0.155
604.633 -0.156
604.749 -0.157
604.865 -0.158
604.979 -0.159
605.093 -0.16
605.204 -0.161
605.315 -0.162
605.425 -0.163
605.533 -0.164
605.64 -0.165
605.747 -0.166
605.852 -0.167
605.958 -0.168
606.061 -0.169
606.163 -0.17
606.265 -0.171
606.366 -0.172
606.467 -0.173
606.567 -0.174
606.665 -0.175
606.763 -0.176
606.86 -0.177
606.957 -0.178
607.054 -0.179
607.15 -0.18
607.246 -0.181
607.341 -0.182
607.436 -0.183
607.531 -0.184
607.626 -0.185
607.72 -0.186
607.814 -0.187
607.907 -0.188
608 -0.189
608.092 -0.19
608.185 -0.191
608.278 -0.192
608.37 -0.193
608.463 -0.194
608.555 -0.195
608.646 -0.196
608.738 -0.197
608.83 -0.198
608.921 -0.199
609.012 -0.2
609.103 -0.201
609.194 -0.202
609.285 -0.203
609.376 -0.204
609.466 -0.205
609.556 -0.206
609.646 -0.207
609.736 -0.208
609.826 -0.209
609.916 -0.21
610.006 -0.211
610.096 -0.212
610.185 -0.213
610.275 -0.214
610.364 -0.215
610.453 -0.216
610.542 -0.217
610.631 -0.218
610.72 -0.219
610.808 -0.22
610.897 -0.221
610.985 -0.222
611.074 -0.223
611.162 -0.224
611.251 -0.225
611.339 -0.226
611.427 -0.227
611.515 -0.228
611.603 -0.229
611.692 -0.23
611.779 -0.231
611.867 -0.232
611.955 -0.233
612.042 -0.234
612.13 -0.235
612.217 -0.236
612.305 -0.237
612.392 -0.238
612.479 -0.239
612.567 -0.24
612.654 -0.241
612.741 -0.242
612.828 -0.243
612.915 -0.244
613.002 -0.245
613.089 -0.246
613.176 -0.247
613.262 -0.248
613.348 -0.249
613.435 -0.25
613.521 -0.251
613.607 -0.252
613.693 -0.253
613.78 -0.254
613.866 -0.255
613.952 -0.256
614.038 -0.257
614.124 -0.258
614.21 -0.259
614.295 -0.26
614.381 -0.261
614.467 -0.262
614.552 -0.263
614.638 -0.264
614.724 -0.265
614.809 -0.266
614.894 -0.267
614.979 -0.268
615.065 -0.269
615.15 -0.27
615.235 -0.271
615.32 -0.272
615.404 -0.273
615.489 -0.274
615.573 -0.275
615.658 -0.276
615.743 -0.277
615.827 -0.278
615.912 -0.279
615.996 -0.28
616.08 -0.281
616.165 -0.282
616.249 -0.283
616.334 -0.284
616.418 -0.285
616.502 -0.286
616.586 -0.287
616.67 -0.288
616.754 -0.289
616.838 -0.29
616.922 -0.291
617.005 -0.292
617.089 -0.293
617.173 -0.294
617.256 -0.295
617.34 -0.296
617.423 -0.297
617.507 -0.298
617.59 -0.299
617.674 -0.3
617.757 -0.301
617.84 -0.302
617.923 -0.303
618.006 -0.304
618.089 -0.305
618.172 -0.306
618.255 -0.307
618.338 -0.308
618.421 -0.309
618.504 -0.31
618.587 -0.311
618.669 -0.312
618.752 -0.313
618.835 -0.314
618.917 -0.315
619 -0.316
619.082 -0.317
619.164 -0.318
619.247 -0.319
619.329 -0.32
619.411 -0.321
619.494 -0.322
619.576 -0.323
619.658 -0.324
619.74 -0.325
619.823 -0.326
619.905 -0.327
619.987 -0.328
620.069 -0.329
620.151 -0.33
620.233 -0.331
620.315 -0.332
620.397 -0.333
620.478 -0.334
620.559 -0.335
620.64 -0.336
620.721 -0.337
620.802 -0.338
620.883 -0.339
620.964 -0.34
621.045 -0.341
621.126 -0.342
621.207 -0.343
621.288 -0.344
621.369 -0.345
621.45 -0.346
621.531 -0.347
621.612 -0.348
621.693 -0.349
621.773 -0.35
621.854 -0.351
621.935 -0.352
622.016 -0.353
622.096 -0.354
622.177 -0.355
622.258 -0.356
622.338 -0.357
622.419 -0.358
622.499 -0.359
622.579 -0.36
622.659 -0.361
622.739 -0.362
622.819 -0.363
622.899 -0.364
622.979 -0.365
623.059 -0.366
623.139 -0.367
623.218 -0.368
623.298 -0.369
623.377 -0.37
623.457 -0.371
623.537 -0.372
623.616 -0.373
623.696 -0.374
623.775 -0.375
623.855 -0.376
623.934 -0.377
624.014 -0.378
624.093 -0.379
624.172 -0.38
624.252 -0.381
624.331 -0.382
624.41 -0.383
624.489 -0.384
624.568 -0.385
624.647 -0.386
624.725 -0.387
624.803 -0.388
624.882 -0.389
624.96 -0.39
625.039 -0.391
625.117 -0.392
625.195 -0.393
625.274 -0.394
625.352 -0.395
625.43 -0.396
625.508 -0.397
625.586 -0.398
625.664 -0.399
625.742 -0.4
625.82 -0.401
625.898 -0.402
625.976 -0.403
626.054 -0.404
626.132 -0.405
626.21 -0.406
626.288 -0.407
626.366 -0.408
626.444 -0.409
626.522 -0.41
626.6 -0.411
626.677 -0.412
626.754 -0.413
626.831 -0.414
626.908 -0.415
626.985 -0.416
627.062 -0.417
627.139 -0.418
627.216 -0.419
627.293 -0.42
627.37 -0.421
627.446 -0.422
627.523 -0.423
627.6 -0.424
627.676 -0.425
627.752 -0.426
627.829 -0.427
627.905 -0.428
627.981 -0.429
628.058 -0.43
628.134 -0.431
628.211 -0.432
628.287 -0.433
628.363 -0.434
628.44 -0.435
628.516 -0.436
628.592 -0.437
628.668 -0.438
628.744 -0.439
628.821 -0.44
628.897 -0.441
628.973 -0.442
629.049 -0.443
629.125 -0.444
629.201 -0.445
629.278 -0.446
629.354 -0.447
629.43 -0.448
629.506 -0.449
629.582 -0.45
629.658 -0.451
629.734 -0.452
629.809 -0.453
629.885 -0.454
629.961 -0.455
630.036 -0.456
630.112 -0.457
630.188 -0.458
630.263 -0.459
630.339 -0.46
630.415 -0.461
630.49 -0.462
630.566 -0.463
630.641 -0.464
630.717 -0.465
630.792 -0.466
630.868 -0.467
630.943 -0.468
631.019 -0.469
631.095 -0.47
631.17 -0.471
631.246 -0.472
631.321 -0.473
631.397 -0.474
631.472 -0.475
631.548 -0.476
631.624 -0.477
631.699 -0.478
631.775 -0.479
631.85 -0.48
631.925 -0.481
632.001 -0.482
632.076 -0.483
632.151 -0.484
632.226 -0.485
632.301 -0.486
632.376 -0.487
632.451 -0.488
632.526 -0.489
632.601 -0.49
632.677 -0.491
632.752 -0.492
632.827 -0.493
632.902 -0.494
632.977 -0.495
633.052 -0.496
633.127 -0.497
633.202 -0.498
633.277 -0.499
633.352 -0.5
633.427 -0.501
633.502 -0.502
633.577 -0.503
633.652 -0.504
633.727 -0.505
633.802 -0.506
633.877 -0.507
633.952 -0.508
634.027 -0.509
634.102 -0.51
634.177 -0.511
634.252 -0.512
634.326 -0.513
634.401 -0.514
634.475 -0.515
634.55 -0.516
634.625 -0.517
634.699 -0.518
634.774 -0.519
634.849 -0.52
634.923 -0.521
634.998 -0.522
635.073 -0.523
635.147 -0.524
635.222 -0.525
635.297 -0.526
635.372 -0.527
635.446 -0.528
635.521 -0.529
635.596 -0.53
635.671 -0.531
635.745 -0.532
635.82 -0.533
635.895 -0.534
635.97 -0.535
636.045 -0.536
636.119 -0.537
636.194 -0.538
636.269 -0.539
636.344 -0.54
636.419 -0.541
636.494 -0.542
636.569 -0.543
636.644 -0.544
636.718 -0.545
636.793 -0.546
636.868 -0.547
636.943 -0.548
637.018 -0.549
637.093 -0.55
637.168 -0.551
637.243 -0.552
637.318 -0.553
637.393 -0.554
637.468 -0.555
637.543 -0.556
637.618 -0.557
637.693 -0.558
637.768 -0.559
637.843 -0.56
637.918 -0.561
637.993 -0.562
638.068 -0.563
638.143 -0.564
638.219 -0.565
638.294 -0.566
638.369 -0.567
638.444 -0.568
638.519 -0.569
638.594 -0.57
638.669 -0.571
638.745 -0.572
638.82 -0.573
638.895 -0.574
638.97 -0.575
639.045 -0.576
639.121 -0.577
639.196 -0.578
639.271 -0.579
639.346 -0.58
639.422 -0.581
639.497 -0.582
639.572 -0.583
639.648 -0.584
639.723 -0.585
639.798 -0.586
639.874 -0.587
639.949 -0.588
640.024 -0.589
640.1 -0.59
640.175 -0.591
640.251 -0.592
640.326 -0.593
640.401 -0.594
640.477 -0.595
640.552 -0.596
640.628 -0.597
640.703 -0.598
640.779 -0.599
640.855 -0.6
640.93 -0.601
641.006 -0.602
641.081 -0.603
641.157 -0.604
641.233 -0.605
641.308 -0.606
641.384 -0.607
641.46 -0.608
641.535 -0.609
641.611 -0.61
641.687 -0.611
641.763 -0.612
641.838 -0.613
641.914 -0.614
641.99 -0.615
642.066 -0.616
642.142 -0.617
642.218 -0.618
642.294 -0.619
642.369 -0.62
642.445 -0.621
642.521 -0.622
642.597 -0.623
642.673 -0.624
642.749 -0.625
642.825 -0.626
642.901 -0.627
642.977 -0.628
643.053 -0.629
643.129 -0.63
643.206 -0.631
643.282 -0.632
643.358 -0.633
643.434 -0.634
643.51 -0.635
643.586 -0.636
643.662 -0.637
643.739 -0.638
643.815 -0.639
643.891 -0.64
643.968 -0.641
644.044 -0.642
644.12 -0.643
644.197 -0.644
644.273 -0.645
644.35 -0.646
644.426 -0.647
644.503 -0.648
644.579 -0.649
644.655 -0.65
644.732 -0.651
644.809 -0.652
644.885 -0.653
644.962 -0.654
645.038 -0.655
645.115 -0.656
645.191 -0.657
645.268 -0.658
645.345 -0.659
645.421 -0.66
645.498 -0.661
645.575 -0.662
645.652 -0.663
645.729 -0.664
645.805 -0.665
645.882 -0.666
645.959 -0.667
646.036 -0.668
646.113 -0.669
646.19 -0.67
646.267 -0.671
646.344 -0.672
646.421 -0.673
646.498 -0.674
646.575 -0.675
646.652 -0.676
646.73 -0.677
646.807 -0.678
646.884 -0.679
646.961 -0.68
647.038 -0.681
647.116 -0.682
647.193 -0.683
647.27 -0.684
647.348 -0.685
647.425 -0.686
647.503 -0.687
647.58 -0.688
647.657 -0.689
647.735 -0.69
647.813 -0.691
647.89 -0.692
647.968 -0.693
648.045 -0.694
648.123 -0.695
648.2 -0.696
648.278 -0.697
648.356 -0.698
648.433 -0.699
648.511 -0.7
648.589 -0.701
648.667 -0.702
648.745 -0.703
648.822 -0.704
648.9 -0.705
648.978 -0.706
649.056 -0.707
649.134 -0.708
649.212 -0.709
649.29 -0.71
649.368 -0.711
649.446 -0.712
649.525 -0.713
649.603 -0.714
649.681 -0.715
649.759 -0.716
649.837 -0.717
649.916 -0.718
649.994 -0.719
650.072 -0.72
650.151 -0.721
650.229 -0.722
650.307 -0.723
650.386 -0.724
650.464 -0.725
650.543 -0.726
650.621 -0.727
650.7 -0.728
650.778 -0.729
650.857 -0.73
650.936 -0.731
651.014 -0.732
651.093 -0.733
651.172 -0.734
651.251 -0.735
651.33 -0.736
651.408 -0.737
651.487 -0.738
651.566 -0.739
651.645 -0.74
651.724 -0.741
651.803 -0.742
651.882 -0.743
651.961 -0.744
652.041 -0.745
652.12 -0.746
652.199 -0.747
652.278 -0.748
652.357 -0.749
652.436 -0.75
652.516 -0.751
652.595 -0.752
652.674 -0.753
652.754 -0.754
652.833 -0.755
652.912 -0.756
652.992 -0.757
653.071 -0.758
653.151 -0.759
653.23 -0.76
653.31 -0.761
653.389 -0.762
653.469 -0.763
653.548 -0.764
653.628 -0.765
653.708 -0.766
653.787 -0.767
653.867 -0.768
653.947 -0.769
654.027 -0.77
654.107 -0.771
654.186 -0.772
654.266 -0.773
654.346 -0.774
654.426 -0.775
654.506 -0.776
654.586 -0.777
654.666 -0.778
654.747 -0.779
654.827 -0.78
654.907 -0.781
654.987 -0.782
655.067 -0.783
655.148 -0.784
655.228 -0.785
655.309 -0.786
655.389 -0.787
655.469 -0.788
655.55 -0.789
655.63 -0.79
655.711 -0.791
655.791 -0.792
655.872 -0.793
655.952 -0.794
656.033 -0.795
656.113 -0.796
656.194 -0.797
656.274 -0.798
656.355 -0.799
656.436 -0.8
656.516 -0.801
656.597 -0.802
656.678 -0.803
656.759 -0.804
656.84 -0.805
656.921 -0.806
657.002 -0.807
657.083 -0.808
657.164 -0.809
657.245 -0.81
657.326 -0.811
657.407 -0.812
657.488 -0.813
657.569 -0.814
657.65 -0.815
657.731 -0.816
657.812 -0.817
657.893 -0.818
657.974 -0.819
658.056 -0.82
658.137 -0.821
658.218 -0.822
658.299 -0.823
658.38 -0.824
658.461 -0.825
658.542 -0.826
658.623 -0.827
658.704 -0.828
658.785 -0.829
658.867 -0.83
658.948 -0.831
659.029 -0.832
659.11 -0.833
659.192 -0.834
659.273 -0.835
659.354 -0.836
659.436 -0.837
659.517 -0.838
659.599 -0.839
659.68 -0.84
659.762 -0.841
659.844 -0.842
659.925 -0.843
660.007 -0.844
660.089 -0.845
660.171 -0.846
660.252 -0.847
660.334 -0.848
660.416 -0.849
660.498 -0.85
660.58 -0.851
660.662 -0.852
660.744 -0.853
660.827 -0.854
660.909 -0.855
660.991 -0.856
661.073 -0.857
661.155 -0.858
661.237 -0.859
661.319 -0.86
661.401 -0.861
661.483 -0.862
661.565 -0.863
661.648 -0.864
661.73 -0.865
661.812 -0.866
661.895 -0.867
661.977 -0.868
662.059 -0.869
662.142 -0.87
662.224 -0.871
662.307 -0.872
662.39 -0.873
662.472 -0.874
662.555 -0.875
662.638 -0.876
662.721 -0.877
662.804 -0.878
662.887 -0.879
662.97 -0.88
663.053 -0.881
663.136 -0.882
663.219 -0.883
663.302 -0.884
663.386 -0.885
663.469 -0.886
663.552 -0.887
663.636 -0.888
663.719 -0.889
663.803 -0.89
663.886 -0.891
663.97 -0.892
664.054 -0.893
664.138 -0.894
664.221 -0.895
664.305 -0.896
664.389 -0.897
664.473 -0.898
664.558 -0.899
664.642 -0.9
664.726 -0.901
664.81 -0.902
664.895 -0.903
664.979 -0.904
665.064 -0.905
665.148 -0.906
665.233 -0.907
665.317 -0.908
665.402 -0.909
665.487 -0.91
665.572 -0.911
665.656 -0.912
665.741 -0.913
665.826 -0.914
665.911 -0.915
665.996 -0.916
666.081 -0.917
666.166 -0.918
666.252 -0.919
666.337 -0.92
666.422 -0.921
666.507 -0.922
666.593 -0.923
666.678 -0.924
666.764 -0.925
666.849 -0.926
666.935 -0.927
667.02 -0.928
667.106 -0.929
667.192 -0.93
667.278 -0.931
667.364 -0.932
667.45 -0.933
667.536 -0.934
667.622 -0.935
667.708 -0.936
667.794 -0.937
667.88 -0.938
667.966 -0.939
668.052 -0.94
668.139 -0.941
668.225 -0.942
668.311 -0.943
668.398 -0.944
668.484 -0.945
668.571 -0.946
668.657 -0.947
668.744 -0.948
668.831 -0.949
668.918 -0.95
669.004 -0.951
669.091 -0.952
669.178 -0.953
669.265 -0.954
669.352 -0.955
669.439 -0.956
669.526 -0.957
669.613 -0.958
669.701 -0.959
669.788 -0.96
669.875 -0.961
669.963 -0.962
670.05 -0.963
670.137 -0.964
670.225 -0.965
670.313 -0.966
670.4 -0.967
670.488 -0.968
670.575 -0.969
670.663 -0.97
670.751 -0.971
670.839 -0.972
670.927 -0.973
671.014 -0.974
671.102 -0.975
671.19 -0.976
671.279 -0.977
671.367 -0.978
671.455 -0.979
671.543 -0.98
671.631 -0.981
671.72 -0.982
671.808 -0.983
671.897 -0.984
671.985 -0.985
672.074 -0.986
672.163 -0.987
672.252 -0.988
672.341 -0.989
672.429 -0.99
672.518 -0.991
672.608 -0.992
672.697 -0.993
672.786 -0.994
672.875 -0.995
672.964 -0.996
673.054 -0.997
673.143 -0.998
673.233 -0.999
673.323 -1
673.412 -1.001
673.502 -1.002
673.592 -1.003
673.682 -1.004
673.772 -1.005
673.862 -1.006
673.952 -1.007
674.042 -1.008
674.132 -1.009
674.222 -1.01
674.312 -1.011
674.403 -1.012
674.493 -1.013
674.584 -1.014
674.674 -1.015
674.765 -1.016
674.856 -1.017
674.946 -1.018
675.037 -1.019
675.128 -1.02
675.219 -1.021
675.31 -1.022
675.401 -1.023
675.492 -1.024
675.584 -1.025
675.675 -1.026
675.766 -1.027
675.858 -1.028
675.949 -1.029
676.041 -1.03
676.133 -1.031
676.224 -1.032
676.316 -1.033
676.408 -1.034
676.499 -1.035
676.591 -1.036
676.683 -1.037
676.775 -1.038
676.867 -1.039
676.959 -1.04
677.051 -1.041
677.143 -1.042
677.235 -1.043
677.328 -1.044
677.42 -1.045
677.512 -1.046
677.605 -1.047
677.698 -1.048
677.79 -1.049
677.883 -1.05
677.976 -1.051
678.069 -1.052
678.161 -1.053
678.254 -1.054
678.348 -1.055
678.441 -1.056
678.534 -1.057
678.627 -1.058
678.721 -1.059
678.814 -1.06
678.908 -1.061
679.001 -1.062
679.095 -1.063
679.189 -1.064
679.283 -1.065
679.377 -1.066
679.471 -1.067
679.565 -1.068
679.659 -1.069
679.753 -1.07
679.848 -1.071
679.942 -1.072
680.037 -1.073
680.131 -1.074
680.226 -1.075
680.321 -1.076
680.416 -1.077
680.51 -1.078
680.605 -1.079
680.701 -1.08
680.796 -1.081
680.891 -1.082
680.986 -1.083
681.082 -1.084
681.177 -1.085
681.273 -1.086
681.368 -1.087
681.464 -1.088
681.56 -1.089
681.656 -1.09
681.752 -1.091
681.848 -1.092
681.944 -1.093
682.04 -1.094
682.136 -1.095
682.232 -1.096
682.329 -1.097
682.425 -1.098
682.522 -1.099
682.618 -1.1
682.715 -1.101
682.811 -1.102
682.908 -1.103
683.005 -1.104
683.102 -1.105
683.199 -1.106
683.296 -1.107
683.393 -1.108
683.49 -1.109
683.587 -1.11
683.684 -1.111
683.782 -1.112
683.879 -1.113
683.977 -1.114
684.074 -1.115
684.172 -1.116
684.27 -1.117
684.368 -1.118
684.466 -1.119
684.564 -1.12
684.662 -1.121
684.76 -1.122
684.858 -1.123
684.956 -1.124
685.054 -1.125
685.153 -1.126
685.251 -1.127
685.35 -1.128
685.448 -1.129
685.547 -1.13
685.646 -1.131
685.744 -1.132
685.843 -1.133
685.942 -1.134
686.041 -1.135
686.141 -1.136
686.24 -1.137
686.339 -1.138
686.439 -1.139
686.538 -1.14
686.638 -1.141
686.737 -1.142
686.837 -1.143
686.937 -1.144
687.037 -1.145
687.137 -1.146
687.237 -1.147
687.337 -1.148
687.438 -1.149
687.538 -1.15
687.638 -1.151
687.739 -1.152
687.84 -1.153
687.94 -1.154
688.041 -1.155
688.142 -1.156
688.243 -1.157
688.344 -1.158
688.445 -1.159
688.546 -1.16
688.647 -1.161
688.748 -1.162
688.85 -1.163
688.951 -1.164
689.053 -1.165
689.154 -1.166
689.256 -1.167
689.358 -1.168
689.46 -1.169
689.562 -1.17
689.664 -1.171
689.766 -1.172
689.868 -1.173
689.97 -1.174
690.073 -1.175
690.175 -1.176
690.278 -1.177
690.381 -1.178
690.483 -1.179
690.586 -1.18
690.689 -1.181
690.792 -1.182
690.895 -1.183
690.999 -1.184
691.102 -1.185
691.205 -1.186
691.309 -1.187
691.412 -1.188
691.516 -1.189
691.62 -1.19
691.724 -1.191
691.828 -1.192
691.932 -1.193
692.036 -1.194
692.14 -1.195
692.244 -1.196
692.349 -1.197
692.453 -1.198
692.558 -1.199
692.662 -1.2
692.767 -1.201
692.872 -1.202
692.977 -1.203
693.081 -1.204
693.186 -1.205
693.291 -1.206
693.397 -1.207
693.502 -1.208
693.607 -1.209
693.713 -1.21
693.818 -1.211
693.924 -1.212
694.029 -1.213
694.135 -1.214
694.241 -1.215
694.347 -1.216
694.453 -1.217
694.559 -1.218
694.665 -1.219
694.772 -1.22
694.878 -1.221
694.985 -1.222
695.091 -1.223
695.198 -1.224
695.305 -1.225
695.412 -1.226
695.519 -1.227
695.626 -1.228
695.733 -1.229
695.84 -1.23
695.948 -1.231
696.055 -1.232
696.163 -1.233
696.27 -1.234
696.378 -1.235
696.486 -1.236
696.594 -1.237
696.702 -1.238
696.81 -1.239
696.918 -1.24
697.026 -1.241
697.135 -1.242
697.243 -1.243
697.352 -1.244
697.46 -1.245
697.569 -1.246
697.678 -1.247
697.787 -1.248
697.896 -1.249
698.005 -1.25
698.114 -1.251
698.224 -1.252
698.333 -1.253
698.442 -1.254
698.552 -1.255
698.661 -1.256
698.771 -1.257
698.88 -1.258
698.99 -1.259
699.1 -1.26
699.21 -1.261
699.32 -1.262
699.43 -1.263
699.54 -1.264
699.651 -1.265
699.761 -1.266
699.871 -1.267
699.982 -1.268
700.093 -1.269
700.203 -1.27
700.314 -1.271
700.425 -1.272
700.536 -1.273
700.647 -1.274
700.758 -1.275
700.869 -1.276
700.98 -1.277
701.092 -1.278
701.203 -1.279
701.315 -1.28
701.426 -1.281
701.538 -1.282
701.65 -1.283
701.762 -1.284
701.873 -1.285
701.985 -1.286
702.098 -1.287
702.21 -1.288
702.322 -1.289
702.434 -1.29
702.547 -1.291
702.659 -1.292
702.772 -1.293
702.884 -1.294
702.997 -1.295
703.11 -1.296
703.223 -1.297
703.336 -1.298
703.448 -1.299
703.561 -1.3
703.674 -1.301
703.786 -1.302
703.899 -1.303
704.012 -1.304
704.124 -1.305
704.237 -1.306
704.35 -1.307
704.462 -1.308
704.575 -1.309
704.687 -1.31
704.8 -1.311
704.912 -1.312
705.025 -1.313
705.137 -1.314
705.249 -1.315
705.361 -1.316
705.473 -1.317
705.584 -1.318
705.695 -1.319
705.798 -1.32
705.898 -1.321
705.994 -1.322
706.087 -1.323
706.177 -1.324
706.264 -1.325
706.345 -1.326
706.423 -1.327
706.497 -1.328
706.567 -1.329
706.633 -1.33
706.693 -1.331
706.755 -1.332
706.813 -1.333
706.868 -1.334
706.921 -1.335
706.981 -1.336
707.03 -1.337
707.081 -1.338
707.132 -1.339
707.185 -1.34
707.236 -1.341
707.286 -1.342
707.334 -1.343
707.383 -1.344
707.43 -1.345
707.475 -1.346
707.518 -1.347
707.56 -1.348
707.603 -1.349
707.644 -1.35
707.684 -1.351
707.73 -1.352
707.788 -1.353
707.85 -1.354
707.909 -1.355
707.968 -1.356
708.028 -1.357
708.089 -1.358
708.153 -1.359
708.217 -1.36
708.28 -1.361
708.345 -1.362
708.412 -1.363
708.48 -1.364
708.547 -1.365
708.617 -1.366
708.695 -1.367
708.775 -1.368
708.874 -1.369
708.999 -1.37
709.123 -1.371
709.248 -1.372
709.375 -1.373
709.503 -1.374
709.63 -1.375
709.761 -1.376
709.902 -1.377
710.038 -1.378
710.169 -1.379
710.303 -1.38
710.459 -1.381
710.616 -1.382
710.771 -1.383
710.926 -1.384
711.08 -1.385
711.235 -1.386
711.392 -1.387
711.547 -1.388
711.702 -1.389
711.857 -1.39
712.009 -1.391
712.178 -1.392
712.346 -1.393
712.511 -1.394
712.674 -1.395
712.837 -1.396
712.999 -1.397
713.161 -1.398
713.321 -1.399
713.482 -1.4
713.639 -1.401
713.796 -1.402
713.958 -1.403
714.122 -1.404
714.288 -1.405
714.448 -1.406
714.604 -1.407
714.76 -1.408
714.916 -1.409
715.071 -1.41
715.225 -1.411
715.379 -1.412
715.532 -1.413
715.685 -1.414
715.837 -1.415
715.988 -1.416
716.14 -1.417
716.291 -1.418
716.445 -1.419
716.597 -1.42
716.748 -1.421
716.898 -1.422
717.048 -1.423
717.197 -1.424
717.344 -1.425
717.489 -1.426
717.633 -1.427
717.786 -1.428
717.944 -1.429
718.1 -1.43
718.256 -1.431
718.41 -1.432
718.562 -1.433
718.712 -1.434
718.861 -1.435
719.005 -1.436
719.149 -1.437
719.287 -1.438
719.422 -1.439
719.557 -1.44
719.692 -1.441
719.827 -1.442
719.976 -1.443
720.125 -1.444
720.273 -1.445
720.422 -1.446
720.566 -1.447
720.711 -1.448
720.856 -1.449
720.996 -1.45
721.136 -1.451
721.275 -1.452
721.408 -1.453
721.542 -1.454
721.676 -1.455
721.81 -1.456
721.944 -1.457
722.078 -1.458
722.212 -1.459
722.346 -1.46
722.481 -1.461
722.615 -1.462
722.75 -1.463
722.885 -1.464
723.02 -1.465
723.155 -1.466
723.29 -1.467
723.425 -1.468
723.561 -1.469
723.696 -1.47
723.832 -1.471
723.968 -1.472
724.104 -1.473
724.24 -1.474
724.376 -1.475
724.512 -1.476
724.649 -1.477
724.785 -1.478
724.922 -1.479
725.059 -1.48
725.196 -1.481
725.333 -1.482
725.47 -1.483
725.607 -1.484
725.745 -1.485
725.882 -1.486
726.02 -1.487
726.158 -1.488
726.296 -1.489
726.434 -1.49
726.572 -1.491
726.711 -1.492
726.849 -1.493
726.988 -1.494
727.126 -1.495
727.265 -1.496
727.404 -1.497
727.544 -1.498
727.683 -1.499
727.822 -1.5
