4.73549 -0.001
9.46784 -0.002
14.1971 -0.003
18.9231 -0.004
23.646 -0.005
28.3657 -0.006
33.0822 -0.007
37.7955 -0.008
42.5056 -0.009
47.2124 -0.01
51.916 -0.011
56.6163 -0.012
61.3133 -0.013
66.007 -0.014
70.6973 -0.015
75.3844 -0.016
80.068 -0.017
84.7483 -0.018
89.4252 -0.019
94.0987 -0.02
98.7688 -0.021
103.435 -0.022
108.099 -0.023
112.758 -0.024
117.414 -0.025
122.067 -0.026
126.716 -0.027
131.362 -0.028
136.004 -0.029
140.642 -0.03
145.277 -0.031
149.908 -0.032
154.535 -0.033
159.159 -0.034
163.779 -0.035
168.395 -0.036
172.898 -0.037
176.987 -0.038
180.514 -0.039
184.026 -0.04
187.533 -0.041
191.037 -0.042
194.538 -0.043
198.035 -0.044
201.526 -0.045
205.013 -0.046
208.494 -0.047
211.967 -0.048
215.435 -0.049
218.899 -0.05
222.359 -0.051
225.772 -0.052
228.991 -0.053
231.925 -0.054
234.434 -0.055
236.378 -0.056
238.289 -0.057
240.181 -0.058
242.065 -0.059
243.942 -0.06
245.803 -0.061
247.652 -0.062
249.492 -0.063
251.325 -0.064
253.154 -0.065
254.986 -0.066
256.822 -0.067
258.659 -0.068
260.495 -0.069
262.329 -0.07
264.161 -0.071
265.998 -0.072
267.84 -0.073
269.688 -0.074
271.538 -0.075
273.39 -0.076
275.242 -0.077
277.093 -0.078
278.944 -0.079
280.796 -0.08
282.647 -0.081
284.497 -0.082
286.345 -0.083
288.191 -0.084
290.034 -0.085
291.874 -0.086
293.713 -0.087
295.54 -0.088
297.352 -0.089
299.122 -0.09
300.851 -0.091
302.53 -0.092
304.136 -0.093
305.655 -0.094
307.105 -0.095
308.422 -0.096
309.558 -0.097
310.517 -0.098
311.464 -0.099
312.379 -0.1
313.177 -0.101
313.932 -0.102
314.685 -0.103
315.377 -0.104
315.921 -0.105
316.428 -0.106
316.761 -0.107
317.054 -0.108
317.339 -0.109
317.618 -0.11
317.893 -0.111
318.163 -0.112
318.431 -0.113
318.695 -0.114
318.956 -0.115
319.212 -0.116
319.463 -0.117
319.711 -0.118
319.955 -0.119
320.194 -0.12
320.429 -0.121
320.657 -0.122
320.88 -0.123
321.096 -0.124
321.305 -0.125
321.509 -0.126
321.706 -0.127
321.9 -0.128
322.087 -0.129
322.271 -0.13
322.451 -0.131
322.626 -0.132
322.797 -0.133
322.965 -0.134
323.129 -0.135
323.29 -0.136
323.447 -0.137
323.601 -0.138
323.751 -0.139
323.899 -0.14
324.042 -0.141
324.181 -0.142
324.317 -0.143
324.45 -0.144
324.582 -0.145
324.712 -0.146
324.841 -0.147
324.97 -0.148
325.098 -0.149
325.225 -0.15
325.353 -0.151
325.48 -0.152
325.607 -0.153
325.733 -0.154
325.859 -0.155
325.984 -0.156
326.109 -0.157
326.233 -0.158
326.356 -0.159
326.479 -0.16
326.602 -0.161
326.724 -0.162
326.844 -0.163
326.963 -0.164
327.082 -0.165
327.201 -0.166
327.317 -0.167
327.433 -0.168
327.547 -0.169
327.661 -0.17
327.773 -0.171
327.884 -0.172
327.994 -0.173
328.102 -0.174
328.208 -0.175
328.313 -0.176
328.416 -0.177
328.518 -0.178
328.618 -0.179
328.717 -0.18
328.814 -0.181
328.909 -0.182
329.003 -0.183
329.093 -0.184
329.183 -0.185
329.272 -0.186
329.359 -0.187
329.444 -0.188
329.527 -0.189
329.61 -0.19
329.692 -0.191
329.773 -0.192
329.852 -0.193
329.929 -0.194
330.006 -0.195
330.081 -0.196
330.154 -0.197
330.226 -0.198
330.297 -0.199
330.366 -0.2
330.434 -0.201
330.501 -0.202
330.567 -0.203
330.63 -0.204
330.693 -0.205
330.755 -0.206
330.817 -0.207
330.878 -0.208
330.938 -0.209
330.998 -0.21
331.057 -0.211
331.115 -0.212
331.173 -0.213
331.23 -0.214
331.286 -0.215
331.343 -0.216
331.399 -0.217
331.455 -0.218
331.511 -0.219
331.566 -0.22
331.622 -0.221
331.677 -0.222
331.732 -0.223
331.787 -0.224
331.841 -0.225
331.894 -0.226
331.948 -0.227
332 -0.228
332.053 -0.229
332.106 -0.23
332.158 -0.231
332.209 -0.232
332.26 -0.233
332.311 -0.234
332.361 -0.235
332.412 -0.236
332.462 -0.237
332.511 -0.238
332.56 -0.239
332.609 -0.24
332.658 -0.241
332.706 -0.242
332.754 -0.243
332.802 -0.244
332.848 -0.245
332.895 -0.246
332.942 -0.247
332.988 -0.248
333.035 -0.249
333.081 -0.25
333.127 -0.251
333.173 -0.252
333.219 -0.253
333.264 -0.254
333.31 -0.255
333.355 -0.256
333.4 -0.257
333.445 -0.258
333.49 -0.259
333.535 -0.26
333.58 -0.261
333.625 -0.262
333.67 -0.263
333.714 -0.264
333.759 -0.265
333.804 -0.266
333.848 -0.267
333.892 -0.268
333.936 -0.269
333.98 -0.27
334.024 -0.271
334.067 -0.272
334.111 -0.273
334.154 -0.274
334.198 -0.275
334.241 -0.276
334.285 -0.277
334.328 -0.278
334.371 -0.279
334.414 -0.28
334.457 -0.281
334.5 -0.282
334.543 -0.283
334.585 -0.284
334.628 -0.285
334.671 -0.286
334.713 -0.287
334.756 -0.288
334.798 -0.289
334.84 -0.29
334.883 -0.291
334.925 -0.292
334.967 -0.293
335.009 -0.294
335.051 -0.295
335.093 -0.296
335.135 -0.297
335.177 -0.298
335.219 -0.299
335.26 -0.3
335.302 -0.301
335.344 -0.302
335.385 -0.303
335.427 -0.304
335.468 -0.305
335.51 -0.306
335.551 -0.307
335.593 -0.308
335.634 -0.309
335.675 -0.31
335.716 -0.311
335.757 -0.312
335.798 -0.313
335.839 -0.314
335.88 -0.315
335.921 -0.316
335.962 -0.317
336.002 -0.318
336.043 -0.319
336.084 -0.32
336.124 -0.321
336.165 -0.322
336.205 -0.323
336.245 -0.324
336.285 -0.325
336.325 -0.326
336.364 -0.327
336.404 -0.328
336.444 -0.329
336.483 -0.33
336.523 -0.331
336.562 -0.332
336.601 -0.333
336.64 -0.334
336.679 -0.335
336.718 -0.336
336.756 -0.337
336.795 -0.338
336.833 -0.339
336.872 -0.34
336.91 -0.341
336.948 -0.342
336.986 -0.343
337.024 -0.344
337.062 -0.345
337.099 -0.346
337.137 -0.347
337.174 -0.348
337.211 -0.349
337.249 -0.35
337.286 -0.351
337.323 -0.352
337.36 -0.353
337.397 -0.354
337.434 -0.355
337.471 -0.356
337.508 -0.357
337.544 -0.358
337.581 -0.359
337.618 -0.36
337.655 -0.361
337.691 -0.362
337.728 -0.363
337.764 -0.364
337.801 -0.365
337.837 -0.366
337.873 -0.367
337.909 -0.368
337.946 -0.369
337.982 -0.37
338.018 -0.371
338.054 -0.372
338.091 -0.373
338.127 -0.374
338.163 -0.375
338.199 -0.376
338.235 -0.377
338.271 -0.378
338.307 -0.379
338.342 -0.38
338.378 -0.381
338.413 -0.382
338.448 -0.383
338.484 -0.384
338.519 -0.385
338.554 -0.386
338.589 -0.387
338.624 -0.388
338.659 -0.389
338.693 -0.39
338.728 -0.391
338.763 -0.392
338.798 -0.393
338.832 -0.394
338.867 -0.395
338.901 -0.396
338.936 -0.397
338.97 -0.398
339.004 -0.399
339.038 -0.4
339.073 -0.401
339.107 -0.402
339.141 -0.403
339.175 -0.404
339.209 -0.405
339.242 -0.406
339.276 -0.407
339.31 -0.408
339.344 -0.409
339.378 -0.41
339.411 -0.411
339.445 -0.412
339.479 -0.413
339.512 -0.414
339.546 -0.415
339.579 -0.416
339.612 -0.417
339.646 -0.418
339.679 -0.419
339.712 -0.42
339.745 -0.421
339.778 -0.422
339.812 -0.423
339.845 -0.424
339.878 -0.425
339.911 -0.426
339.944 -0.427
339.977 -0.428
340.01 -0.429
340.043 -0.43
340.076 -0.431
340.109 -0.432
340.142 -0.433
340.175 -0.434
340.208 -0.435
340.24 -0.436
340.273 -0.437
340.306 -0.438
340.339 -0.439
340.372 -0.44
340.405 -0.441
340.438 -0.442
340.471 -0.443
340.504 -0.444
340.537 -0.445
340.569 -0.446
340.602 -0.447
340.635 -0.448
340.668 -0.449
340.701 -0.45
340.734 -0.451
340.766 -0.452
340.799 -0.453
340.832 -0.454
340.865 -0.455
340.897 -0.456
340.93 -0.457
340.963 -0.458
340.995 -0.459
341.028 -0.46
341.06 -0.461
341.093 -0.462
341.126 -0.463
341.158 -0.464
341.191 -0.465
341.223 -0.466
341.256 -0.467
341.288 -0.468
341.321 -0.469
341.353 -0.47
341.386 -0.471
341.418 -0.472
341.451 -0.473
341.483 -0.474
341.515 -0.475
341.548 -0.476
341.58 -0.477
341.613 -0.478
341.645 -0.479
341.677 -0.48
341.709 -0.481
341.742 -0.482
341.774 -0.483
341.806 -0.484
341.839 -0.485
341.871 -0.486
341.903 -0.487
341.936 -0.488
341.968 -0.489
342 -0.49
342.032 -0.491
342.065 -0.492
342.097 -0.493
342.129 -0.494
342.161 -0.495
342.194 -0.496
342.226 -0.497
342.258 -0.498
342.29 -0.499
342.323 -0.5
342.355 -0.501
342.387 -0.502
342.419 -0.503
342.451 -0.504
342.484 -0.505
342.516 -0.506
342.548 -0.507
342.58 -0.508
342.612 -0.509
342.645 -0.51
342.677 -0.511
342.709 -0.512
342.741 -0.513
342.773 -0.514
342.806 -0.515
342.838 -0.516
342.87 -0.517
342.903 -0.518
342.935 -0.519
342.967 -0.52
343 -0.521
343.032 -0.522
343.064 -0.523
343.097 -0.524
343.129 -0.525
343.161 -0.526
343.193 -0.527
343.226 -0.528
343.258 -0.529
343.29 -0.53
343.322 -0.531
343.355 -0.532
343.387 -0.533
343.419 -0.534
343.451 -0.535
343.483 -0.536
343.515 -0.537
343.548 -0.538
343.58 -0.539
343.612 -0.54
343.644 -0.541
343.676 -0.542
343.708 -0.543
343.741 -0.544
343.773 -0.545
343.805 -0.546
343.837 -0.547
343.869 -0.548
343.901 -0.549
343.933 -0.55
343.965 -0.551
343.998 -0.552
344.03 -0.553
344.062 -0.554
344.094 -0.555
344.125 -0.556
344.157 -0.557
344.189 -0.558
344.221 -0.559
344.253 -0.56
344.285 -0.561
344.317 -0.562
344.349 -0.563
344.381 -0.564
344.413 -0.565
344.445 -0.566
344.477 -0.567
344.509 -0.568
344.54 -0.569
344.572 -0.57
344.604 -0.571
344.636 -0.572
344.668 -0.573
344.699 -0.574
344.731 -0.575
344.762 -0.576
344.794 -0.577
344.826 -0.578
344.857 -0.579
344.889 -0.58
344.921 -0.581
344.952 -0.582
344.984 -0.583
345.016 -0.584
345.047 -0.585
345.079 -0.586
345.111 -0.587
345.142 -0.588
345.174 -0.589
345.205 -0.59
345.237 -0.591
345.269 -0.592
345.3 -0.593
345.332 -0.594
345.364 -0.595
345.395 -0.596
345.427 -0.597
345.459 -0.598
345.491 -0.599
345.522 -0.6
345.554 -0.601
345.586 -0.602
345.618 -0.603
345.649 -0.604
345.681 -0.605
345.713 -0.606
345.745 -0.607
345.777 -0.608
345.809 -0.609
345.841 -0.61
345.873 -0.611
345.905 -0.612
345.937 -0.613
345.969 -0.614
346.001 -0.615
346.033 -0.616
346.066 -0.617
346.098 -0.618
346.13 -0.619
346.162 -0.62
346.195 -0.621
346.227 -0.622
346.259 -0.623
346.292 -0.624
346.324 -0.625
346.356 -0.626
346.389 -0.627
346.421 -0.628
346.454 -0.629
346.486 -0.63
346.519 -0.631
346.551 -0.632
346.584 -0.633
346.616 -0.634
346.649 -0.635
346.681 -0.636
346.714 -0.637
346.746 -0.638
346.779 -0.639
346.812 -0.64
346.844 -0.641
346.877 -0.642
346.909 -0.643
346.942 -0.644
346.975 -0.645
347.007 -0.646
347.04 -0.647
347.072 -0.648
347.105 -0.649
347.138 -0.65
347.17 -0.651
347.203 -0.652
347.236 -0.653
347.268 -0.654
347.301 -0.655
347.334 -0.656
347.367 -0.657
347.399 -0.658
347.432 -0.659
347.465 -0.66
347.497 -0.661
347.53 -0.662
347.563 -0.663
347.596 -0.664
347.628 -0.665
347.661 -0.666
347.694 -0.667
347.727 -0.668
347.759 -0.669
347.792 -0.67
347.825 -0.671
347.858 -0.672
347.891 -0.673
347.923 -0.674
347.956 -0.675
347.989 -0.676
348.022 -0.677
348.055 -0.678
348.088 -0.679
348.12 -0.68
348.153 -0.681
348.186 -0.682
348.219 -0.683
348.252 -0.684
348.285 -0.685
348.318 -0.686
348.35 -0.687
348.383 -0.688
348.416 -0.689
348.449 -0.69
348.482 -0.691
348.515 -0.692
348.548 -0.693
348.581 -0.694
348.613 -0.695
348.646 -0.696
348.679 -0.697
348.712 -0.698
348.745 -0.699
348.778 -0.7
348.811 -0.701
348.844 -0.702
348.877 -0.703
348.909 -0.704
348.942 -0.705
348.975 -0.706
349.008 -0.707
349.041 -0.708
349.074 -0.709
349.107 -0.71
349.14 -0.711
349.172 -0.712
349.205 -0.713
349.238 -0.714
349.271 -0.715
349.304 -0.716
349.336 -0.717
349.369 -0.718
349.402 -0.719
349.435 -0.72
349.467 -0.721
349.5 -0.722
349.533 -0.723
349.566 -0.724
349.598 -0.725
349.631 -0.726
349.664 -0.727
349.696 -0.728
349.729 -0.729
349.762 -0.73
349.795 -0.731
349.827 -0.732
349.86 -0.733
349.892 -0.734
349.925 -0.735
349.958 -0.736
349.99 -0.737
350.023 -0.738
350.055 -0.739
350.088 -0.74
350.12 -0.741
350.153 -0.742
350.185 -0.743
350.218 -0.744
350.25 -0.745
350.282 -0.746
350.315 -0.747
350.347 -0.748
350.379 -0.749
350.412 -0.75
350.444 -0.751
350.476 -0.752
350.508 -0.753
350.54 -0.754
350.572 -0.755
350.604 -0.756
350.636 -0.757
350.668 -0.758
350.7 -0.759
350.732 -0.76
350.764 -0.761
350.796 -0.762
350.828 -0.763
350.86 -0.764
350.891 -0.765
350.923 -0.766
350.955 -0.767
350.986 -0.768
351.018 -0.769
351.049 -0.77
351.081 -0.771
351.112 -0.772
351.144 -0.773
351.175 -0.774
351.206 -0.775
351.238 -0.776
351.269 -0.777
351.3 -0.778
351.331 -0.779
351.362 -0.78
351.393 -0.781
351.423 -0.782
351.454 -0.783
351.484 -0.784
351.515 -0.785
351.545 -0.786
351.575 -0.787
351.605 -0.788
351.635 -0.789
351.664 -0.79
351.693 -0.791
351.722 -0.792
351.751 -0.793
351.779 -0.794
351.807 -0.795
351.834 -0.796
351.86 -0.797
351.885 -0.798
351.909 -0.799
351.93 -0.8
351.947 -0.801
351.958 -0.802
351.962 -0.803
351.956 -0.804
351.938 -0.805
351.905 -0.806
351.853 -0.807
351.779 -0.808
351.67 -0.809
351.521 -0.81
351.344 -0.811
351.168 -0.812
351.035 -0.813
351.01 -0.814
351.032 -0.815
351.077 -0.816
351.138 -0.817
351.201 -0.818
351.263 -0.819
351.326 -0.82
351.389 -0.821
351.452 -0.822
351.515 -0.823
351.578 -0.824
351.64 -0.825
351.698 -0.826
351.742 -0.827
351.783 -0.828
351.825 -0.829
351.867 -0.83
351.908 -0.831
351.95 -0.832
351.992 -0.833
352.034 -0.834
352.075 -0.835
352.117 -0.836
352.158 -0.837
352.2 -0.838
352.242 -0.839
352.283 -0.84
352.317 -0.841
352.346 -0.842
352.374 -0.843
352.401 -0.844
352.427 -0.845
352.452 -0.846
352.478 -0.847
352.503 -0.848
352.527 -0.849
352.552 -0.85
352.575 -0.851
352.599 -0.852
352.622 -0.853
352.644 -0.854
352.666 -0.855
352.688 -0.856
352.711 -0.857
352.744 -0.858
352.78 -0.859
352.815 -0.86
352.85 -0.861
352.884 -0.862
352.919 -0.863
352.952 -0.864
352.986 -0.865
353.019 -0.866
353.052 -0.867
353.084 -0.868
353.116 -0.869
353.147 -0.87
353.178 -0.871
353.208 -0.872
353.237 -0.873
353.266 -0.874
353.293 -0.875
353.321 -0.876
353.348 -0.877
353.375 -0.878
353.401 -0.879
353.427 -0.88
353.452 -0.881
353.477 -0.882
353.501 -0.883
353.525 -0.884
353.547 -0.885
353.568 -0.886
353.589 -0.887
353.607 -0.888
353.625 -0.889
353.641 -0.89
353.656 -0.891
353.669 -0.892
353.68 -0.893
353.688 -0.894
353.695 -0.895
353.705 -0.896
353.728 -0.897
353.765 -0.898
353.815 -0.899
353.868 -0.9
353.915 -0.901
353.953 -0.902
353.986 -0.903
354.019 -0.904
354.052 -0.905
354.086 -0.906
354.119 -0.907
354.152 -0.908
354.185 -0.909
354.218 -0.91
354.251 -0.911
354.284 -0.912
354.317 -0.913
354.35 -0.914
354.383 -0.915
354.416 -0.916
354.449 -0.917
354.482 -0.918
354.515 -0.919
354.548 -0.92
354.581 -0.921
354.614 -0.922
354.647 -0.923
354.679 -0.924
354.712 -0.925
354.745 -0.926
354.777 -0.927
354.81 -0.928
354.842 -0.929
354.874 -0.93
354.906 -0.931
354.938 -0.932
354.97 -0.933
355.002 -0.934
355.034 -0.935
355.066 -0.936
355.097 -0.937
355.129 -0.938
355.16 -0.939
355.191 -0.94
355.222 -0.941
355.253 -0.942
355.283 -0.943
355.314 -0.944
355.344 -0.945
355.374 -0.946
355.404 -0.947
355.434 -0.948
355.464 -0.949
355.493 -0.95
355.523 -0.951
355.552 -0.952
355.581 -0.953
355.61 -0.954
355.638 -0.955
355.666 -0.956
355.694 -0.957
355.721 -0.958
355.747 -0.959
355.771 -0.96
355.793 -0.961
355.813 -0.962
355.829 -0.963
355.842 -0.964
355.848 -0.965
355.848 -0.966
355.843 -0.967
355.831 -0.968
355.813 -0.969
355.79 -0.97
355.761 -0.971
355.728 -0.972
355.69 -0.973
355.649 -0.974
355.606 -0.975
355.56 -0.976
355.515 -0.977
355.468 -0.978
355.422 -0.979
355.375 -0.98
355.328 -0.981
355.28 -0.982
355.232 -0.983
355.183 -0.984
355.134 -0.985
355.084 -0.986
355.034 -0.987
354.984 -0.988
354.933 -0.989
354.881 -0.99
354.835 -0.991
354.818 -0.992
354.805 -0.993
354.808 -0.994
354.818 -0.995
354.836 -0.996
354.863 -0.997
354.897 -0.998
354.936 -0.999
354.98 -1
355.031 -1.001
355.083 -1.002
355.14 -1.003
355.203 -1.004
355.267 -1.005
355.332 -1.006
355.399 -1.007
355.469 -1.008
355.538 -1.009
355.586 -1.01
355.626 -1.011
355.662 -1.012
355.696 -1.013
355.725 -1.014
355.749 -1.015
355.768 -1.016
355.779 -1.017
355.783 -1.018
355.781 -1.019
355.774 -1.02
355.763 -1.021
355.748 -1.022
355.746 -1.023
355.75 -1.024
355.784 -1.025
355.814 -1.026
355.849 -1.027
355.888 -1.028
355.936 -1.029
355.988 -1.03
356.047 -1.031
356.11 -1.032
356.176 -1.033
356.243 -1.034
356.311 -1.035
356.382 -1.036
356.452 -1.037
356.523 -1.038
356.592 -1.039
356.664 -1.04
356.736 -1.041
356.808 -1.042
356.878 -1.043
356.946 -1.044
357.015 -1.045
357.085 -1.046
357.154 -1.047
357.222 -1.048
357.288 -1.049
357.351 -1.05
357.414 -1.051
357.475 -1.052
357.534 -1.053
357.59 -1.054
357.646 -1.055
357.702 -1.056
357.757 -1.057
357.814 -1.058
357.872 -1.059
357.93 -1.06
357.98 -1.061
358.023 -1.062
358.066 -1.063
358.108 -1.064
358.15 -1.065
358.192 -1.066
358.235 -1.067
358.277 -1.068
358.319 -1.069
358.362 -1.07
358.404 -1.071
358.447 -1.072
358.489 -1.073
358.531 -1.074
358.574 -1.075
358.616 -1.076
358.659 -1.077
358.701 -1.078
358.744 -1.079
358.787 -1.08
358.829 -1.081
358.872 -1.082
358.914 -1.083
358.957 -1.084
359 -1.085
359.043 -1.086
359.086 -1.087
359.129 -1.088
359.172 -1.089
359.216 -1.09
359.259 -1.091
359.303 -1.092
359.346 -1.093
359.39 -1.094
359.434 -1.095
359.478 -1.096
359.521 -1.097
359.565 -1.098
359.609 -1.099
359.653 -1.1
359.697 -1.101
359.742 -1.102
359.786 -1.103
359.83 -1.104
359.874 -1.105
359.919 -1.106
359.963 -1.107
360.008 -1.108
360.052 -1.109
360.097 -1.11
360.141 -1.111
360.186 -1.112
360.231 -1.113
360.275 -1.114
360.32 -1.115
360.365 -1.116
360.41 -1.117
360.455 -1.118
360.5 -1.119
360.545 -1.12
360.59 -1.121
360.636 -1.122
360.681 -1.123
360.727 -1.124
360.772 -1.125
360.818 -1.126
360.864 -1.127
360.909 -1.128
360.955 -1.129
361.001 -1.13
361.047 -1.131
361.093 -1.132
361.14 -1.133
361.186 -1.134
361.232 -1.135
361.279 -1.136
361.325 -1.137
361.371 -1.138
361.418 -1.139
361.464 -1.14
361.511 -1.141
361.557 -1.142
361.604 -1.143
361.651 -1.144
361.697 -1.145
361.744 -1.146
361.79 -1.147
361.837 -1.148
361.884 -1.149
361.93 -1.15
361.977 -1.151
362.024 -1.152
362.071 -1.153
362.118 -1.154
362.165 -1.155
362.211 -1.156
362.258 -1.157
362.305 -1.158
362.353 -1.159
362.4 -1.16
362.446 -1.161
362.493 -1.162
362.54 -1.163
362.587 -1.164
362.633 -1.165
362.68 -1.166
362.727 -1.167
362.774 -1.168
362.82 -1.169
362.867 -1.17
362.914 -1.171
362.961 -1.172
363.008 -1.173
363.055 -1.174
363.102 -1.175
363.149 -1.176
363.196 -1.177
363.243 -1.178
363.291 -1.179
363.338 -1.18
363.386 -1.181
363.433 -1.182
363.481 -1.183
363.529 -1.184
363.577 -1.185
363.625 -1.186
363.673 -1.187
363.721 -1.188
363.769 -1.189
363.817 -1.19
363.865 -1.191
363.913 -1.192
363.961 -1.193
364.009 -1.194
364.058 -1.195
364.106 -1.196
364.154 -1.197
364.203 -1.198
364.251 -1.199
364.299 -1.2
364.348 -1.201
364.396 -1.202
364.445 -1.203
364.493 -1.204
364.542 -1.205
364.59 -1.206
364.639 -1.207
364.688 -1.208
364.737 -1.209
364.786 -1.21
364.834 -1.211
364.883 -1.212
364.932 -1.213
364.981 -1.214
365.031 -1.215
365.08 -1.216
365.129 -1.217
365.178 -1.218
365.227 -1.219
365.276 -1.22
365.326 -1.221
365.375 -1.222
365.424 -1.223
365.474 -1.224
365.523 -1.225
365.572 -1.226
365.622 -1.227
365.671 -1.228
365.721 -1.229
365.77 -1.23
365.82 -1.231
365.869 -1.232
365.919 -1.233
365.969 -1.234
366.018 -1.235
366.068 -1.236
366.118 -1.237
366.167 -1.238
366.217 -1.239
366.267 -1.24
366.317 -1.241
366.367 -1.242
366.416 -1.243
366.466 -1.244
366.516 -1.245
366.566 -1.246
366.616 -1.247
366.666 -1.248
366.716 -1.249
366.766 -1.25
366.817 -1.251
366.867 -1.252
366.917 -1.253
366.967 -1.254
367.018 -1.255
367.068 -1.256
367.118 -1.257
367.168 -1.258
367.219 -1.259
367.269 -1.26
367.32 -1.261
367.37 -1.262
367.42 -1.263
367.471 -1.264
367.521 -1.265
367.572 -1.266
367.623 -1.267
367.673 -1.268
367.724 -1.269
367.774 -1.27
367.825 -1.271
367.875 -1.272
367.926 -1.273
367.976 -1.274
368.027 -1.275
368.078 -1.276
368.128 -1.277
368.179 -1.278
368.229 -1.279
368.28 -1.28
368.33 -1.281
368.381 -1.282
368.431 -1.283
368.482 -1.284
368.533 -1.285
368.584 -1.286
368.634 -1.287
368.685 -1.288
368.735 -1.289
368.786 -1.29
368.836 -1.291
368.887 -1.292
368.937 -1.293
368.988 -1.294
369.039 -1.295
369.09 -1.296
369.14 -1.297
369.191 -1.298
369.242 -1.299
369.293 -1.3
369.344 -1.301
369.395 -1.302
369.445 -1.303
369.496 -1.304
369.547 -1.305
369.598 -1.306
369.649 -1.307
369.7 -1.308
369.751 -1.309
369.802 -1.31
369.853 -1.311
369.904 -1.312
369.955 -1.313
370.005 -1.314
370.055 -1.315
370.106 -1.316
370.155 -1.317
370.205 -1.318
370.254 -1.319
370.303 -1.32
370.351 -1.321
370.398 -1.322
370.445 -1.323
370.492 -1.324
370.538 -1.325
370.584 -1.326
370.629 -1.327
370.674 -1.328
370.719 -1.329
370.762 -1.33
370.805 -1.331
370.848 -1.332
370.89 -1.333
370.931 -1.334
370.97 -1.335
371.009 -1.336
371.046 -1.337
371.084 -1.338
371.126 -1.339
371.167 -1.34
371.209 -1.341
371.25 -1.342
371.291 -1.343
371.332 -1.344
371.372 -1.345
371.415 -1.346
371.458 -1.347
371.501 -1.348
371.545 -1.349
371.588 -1.35
371.63 -1.351
371.673 -1.352
371.718 -1.353
371.763 -1.354
371.814 -1.355
371.865 -1.356
371.916 -1.357
371.968 -1.358
372.021 -1.359
372.076 -1.36
372.131 -1.361
372.185 -1.362
372.24 -1.363
372.295 -1.364
372.347 -1.365
372.4 -1.366
372.453 -1.367
372.505 -1.368
372.556 -1.369
372.607 -1.37
372.656 -1.371
372.704 -1.372
372.752 -1.373
372.799 -1.374
372.845 -1.375
372.888 -1.376
372.93 -1.377
372.969 -1.378
373.007 -1.379
373.044 -1.38
373.08 -1.381
373.115 -1.382
373.149 -1.383
373.184 -1.384
373.218 -1.385
373.252 -1.386
373.285 -1.387
373.318 -1.388
373.35 -1.389
373.384 -1.39
373.422 -1.391
373.461 -1.392
373.502 -1.393
373.543 -1.394
373.585 -1.395
373.63 -1.396
373.675 -1.397
373.72 -1.398
373.767 -1.399
373.813 -1.4
