17.0036 -0.001
33.8821 -0.002
50.6324 -0.003
67.2479 -0.004
83.7221 -0.005
100.048 -0.006
116.217 -0.007
132.221 -0.008
147.66 -0.009
157.757 -0.01
167.241 -0.011
176.63 -0.012
185.901 -0.013
195.046 -0.014
204.058 -0.015
212.924 -0.016
221.642 -0.017
230.233 -0.018
238.679 -0.019
246.696 -0.02
253.826 -0.021
260.024 -0.022
265.53 -0.023
270.205 -0.024
274.599 -0.025
278.684 -0.026
282.519 -0.027
286.274 -0.028
289.978 -0.029
293.638 -0.03
297.257 -0.031
300.827 -0.032
304.342 -0.033
307.799 -0.034
311.174 -0.035
314.477 -0.036
317.735 -0.037
320.959 -0.038
324.158 -0.039
327.336 -0.04
330.501 -0.041
333.648 -0.042
336.78 -0.043
339.89 -0.044
342.986 -0.045
346.06 -0.046
349.118 -0.047
352.155 -0.048
355.179 -0.049
358.185 -0.05
361.178 -0.051
364.155 -0.052
367.116 -0.053
370.063 -0.054
372.993 -0.055
375.905 -0.056
378.8 -0.057
381.677 -0.058
384.535 -0.059
387.379 -0.06
390.206 -0.061
392.96 -0.062
395.584 -0.063
397.997 -0.064
400.216 -0.065
402.184 -0.066
403.798 -0.067
404.923 -0.068
405.799 -0.069
406.631 -0.07
407.439 -0.071
408.172 -0.072
408.85 -0.073
409.541 -0.074
410.187 -0.075
410.719 -0.076
411.253 -0.077
411.763 -0.078
412.074 -0.079
412.319 -0.08
412.377 -0.081
412.372 -0.082
412.364 -0.083
412.35 -0.084
412.331 -0.085
412.31 -0.086
412.292 -0.087
412.275 -0.088
412.265 -0.089
412.256 -0.09
412.243 -0.091
412.223 -0.092
412.194 -0.093
412.154 -0.094
412.106 -0.095
412.047 -0.096
411.98 -0.097
411.908 -0.098
411.829 -0.099
411.746 -0.1
411.658 -0.101
411.564 -0.102
411.47 -0.103
411.378 -0.104
411.294 -0.105
411.218 -0.106
411.148 -0.107
411.082 -0.108
411.016 -0.109
410.948 -0.11
410.877 -0.111
410.802 -0.112
410.726 -0.113
410.647 -0.114
410.565 -0.115
410.478 -0.116
410.388 -0.117
410.293 -0.118
410.196 -0.119
410.095 -0.12
409.991 -0.121
409.89 -0.122
409.789 -0.123
409.692 -0.124
409.588 -0.125
409.453 -0.126
409.314 -0.127
409.175 -0.128
409.033 -0.129
408.891 -0.13
408.742 -0.131
408.588 -0.132
408.429 -0.133
408.265 -0.134
408.097 -0.135
407.922 -0.136
407.758 -0.137
407.595 -0.138
407.428 -0.139
407.253 -0.14
407.082 -0.141
406.912 -0.142
406.737 -0.143
406.552 -0.144
406.371 -0.145
406.196 -0.146
406.016 -0.147
405.838 -0.148
405.668 -0.149
405.515 -0.15
405.358 -0.151
405.197 -0.152
405.033 -0.153
404.874 -0.154
404.718 -0.155
404.56 -0.156
404.399 -0.157
404.236 -0.158
404.08 -0.159
403.931 -0.16
403.784 -0.161
403.637 -0.162
403.488 -0.163
403.338 -0.164
403.19 -0.165
403.04 -0.166
402.894 -0.167
402.752 -0.168
402.615 -0.169
402.481 -0.17
402.356 -0.171
402.232 -0.172
402.108 -0.173
401.988 -0.174
401.869 -0.175
401.753 -0.176
401.638 -0.177
401.526 -0.178
401.416 -0.179
401.309 -0.18
401.205 -0.181
401.105 -0.182
401.007 -0.183
400.912 -0.184
400.821 -0.185
400.734 -0.186
400.651 -0.187
400.57 -0.188
400.493 -0.189
400.418 -0.19
400.345 -0.191
400.274 -0.192
400.205 -0.193
400.138 -0.194
400.072 -0.195
400.007 -0.196
399.944 -0.197
399.882 -0.198
399.822 -0.199
399.763 -0.2
399.707 -0.201
399.652 -0.202
399.599 -0.203
399.548 -0.204
399.498 -0.205
399.45 -0.206
399.404 -0.207
399.36 -0.208
399.317 -0.209
399.276 -0.21
399.237 -0.211
399.2 -0.212
399.165 -0.213
399.132 -0.214
399.1 -0.215
399.071 -0.216
399.043 -0.217
399.017 -0.218
398.993 -0.219
398.971 -0.22
398.952 -0.221
398.934 -0.222
398.918 -0.223
398.905 -0.224
398.894 -0.225
398.886 -0.226
398.879 -0.227
398.874 -0.228
398.871 -0.229
398.87 -0.23
398.87 -0.231
398.872 -0.232
398.876 -0.233
398.882 -0.234
398.889 -0.235
398.9 -0.236
398.912 -0.237
398.927 -0.238
398.944 -0.239
398.963 -0.24
398.985 -0.241
399.009 -0.242
399.035 -0.243
399.064 -0.244
399.096 -0.245
399.13 -0.246
399.166 -0.247
399.203 -0.248
399.243 -0.249
399.285 -0.25
399.33 -0.251
399.378 -0.252
399.428 -0.253
399.481 -0.254
399.536 -0.255
399.593 -0.256
399.653 -0.257
399.715 -0.258
399.78 -0.259
399.846 -0.26
399.915 -0.261
399.987 -0.262
400.061 -0.263
400.139 -0.264
400.219 -0.265
400.303 -0.266
400.389 -0.267
400.478 -0.268
400.568 -0.269
400.657 -0.27
400.749 -0.271
400.844 -0.272
400.941 -0.273
401.041 -0.274
401.144 -0.275
401.251 -0.276
401.361 -0.277
401.474 -0.278
401.591 -0.279
401.711 -0.28
401.832 -0.281
401.956 -0.282
402.083 -0.283
402.214 -0.284
402.348 -0.285
402.485 -0.286
402.626 -0.287
402.77 -0.288
402.916 -0.289
403.064 -0.29
403.215 -0.291
403.367 -0.292
403.522 -0.293
403.679 -0.294
403.839 -0.295
404.003 -0.296
404.171 -0.297
404.342 -0.298
404.517 -0.299
404.695 -0.3
404.878 -0.301
405.062 -0.302
405.25 -0.303
405.441 -0.304
405.636 -0.305
405.835 -0.306
406.038 -0.307
406.245 -0.308
406.456 -0.309
406.67 -0.31
406.887 -0.311
407.107 -0.312
407.331 -0.313
407.558 -0.314
407.789 -0.315
408.023 -0.316
408.261 -0.317
408.504 -0.318
408.749 -0.319
408.995 -0.32
409.241 -0.321
409.488 -0.322
409.739 -0.323
409.994 -0.324
410.253 -0.325
410.515 -0.326
410.782 -0.327
411.053 -0.328
411.328 -0.329
411.607 -0.33
411.89 -0.331
412.178 -0.332
412.47 -0.333
412.766 -0.334
413.067 -0.335
413.37 -0.336
413.677 -0.337
413.986 -0.338
414.298 -0.339
414.612 -0.34
414.926 -0.341
415.241 -0.342
415.554 -0.343
415.858 -0.344
416.163 -0.345
416.47 -0.346
416.782 -0.347
417.096 -0.348
417.411 -0.349
417.724 -0.35
418.033 -0.351
418.338 -0.352
418.644 -0.353
418.955 -0.354
419.269 -0.355
419.585 -0.356
419.901 -0.357
420.217 -0.358
420.53 -0.359
420.841 -0.36
421.155 -0.361
421.472 -0.362
421.793 -0.363
422.117 -0.364
422.446 -0.365
422.777 -0.366
423.11 -0.367
423.445 -0.368
423.78 -0.369
424.116 -0.37
424.453 -0.371
424.792 -0.372
425.135 -0.373
425.481 -0.374
425.832 -0.375
426.186 -0.376
426.543 -0.377
426.904 -0.378
427.269 -0.379
427.637 -0.38
428.009 -0.381
428.385 -0.382
428.763 -0.383
429.142 -0.384
429.518 -0.385
429.891 -0.386
430.261 -0.387
430.626 -0.388
430.988 -0.389
431.348 -0.39
431.711 -0.391
432.077 -0.392
432.445 -0.393
432.817 -0.394
433.192 -0.395
433.571 -0.396
433.954 -0.397
434.34 -0.398
434.724 -0.399
435.11 -0.4
435.499 -0.401
435.885 -0.402
436.274 -0.403
436.662 -0.404
437.05 -0.405
437.438 -0.406
437.823 -0.407
438.209 -0.408
438.591 -0.409
438.973 -0.41
439.348 -0.411
439.725 -0.412
440.102 -0.413
440.477 -0.414
440.856 -0.415
441.231 -0.416
441.604 -0.417
441.981 -0.418
442.352 -0.419
442.724 -0.42
443.098 -0.421
443.468 -0.422
443.838 -0.423
444.212 -0.424
444.583 -0.425
444.953 -0.426
445.327 -0.427
445.703 -0.428
446.081 -0.429
446.46 -0.43
446.842 -0.431
447.221 -0.432
447.593 -0.433
447.958 -0.434
448.318 -0.435
448.68 -0.436
449.043 -0.437
449.409 -0.438
449.776 -0.439
450.146 -0.44
450.518 -0.441
450.894 -0.442
451.271 -0.443
451.652 -0.444
452.036 -0.445
452.422 -0.446
452.812 -0.447
453.204 -0.448
453.598 -0.449
453.995 -0.45
454.395 -0.451
454.798 -0.452
455.205 -0.453
455.614 -0.454
456.026 -0.455
456.441 -0.456
456.86 -0.457
457.281 -0.458
457.706 -0.459
458.133 -0.46
458.564 -0.461
458.997 -0.462
459.434 -0.463
459.874 -0.464
460.312 -0.465
460.753 -0.466
461.197 -0.467
461.644 -0.468
462.091 -0.469
462.536 -0.47
462.985 -0.471
463.437 -0.472
463.892 -0.473
464.345 -0.474
464.797 -0.475
465.243 -0.476
465.689 -0.477
466.135 -0.478
466.581 -0.479
467.03 -0.48
467.477 -0.481
467.924 -0.482
468.37 -0.483
468.814 -0.484
469.259 -0.485
469.705 -0.486
470.15 -0.487
470.594 -0.488
471.035 -0.489
471.476 -0.49
471.92 -0.491
472.365 -0.492
472.811 -0.493
473.258 -0.494
473.706 -0.495
474.156 -0.496
474.606 -0.497
475.053 -0.498
475.497 -0.499
475.943 -0.5
476.391 -0.501
476.839 -0.502
477.278 -0.503
477.719 -0.504
478.158 -0.505
478.593 -0.506
479.03 -0.507
479.47 -0.508
479.911 -0.509
480.34 -0.51
480.718 -0.511
481.007 -0.512
481.203 -0.513
481.349 -0.514
481.495 -0.515
481.644 -0.516
481.794 -0.517
481.947 -0.518
482.102 -0.519
482.26 -0.52
482.42 -0.521
482.581 -0.522
482.745 -0.523
482.91 -0.524
483.078 -0.525
483.248 -0.526
483.421 -0.527
483.596 -0.528
483.774 -0.529
483.954 -0.53
484.135 -0.531
484.318 -0.532
484.502 -0.533
484.688 -0.534
484.875 -0.535
485.063 -0.536
485.253 -0.537
485.444 -0.538
485.639 -0.539
485.836 -0.54
486.036 -0.541
486.239 -0.542
486.446 -0.543
486.655 -0.544
486.864 -0.545
487.073 -0.546
487.28 -0.547
487.49 -0.548
487.703 -0.549
487.92 -0.55
488.14 -0.551
488.363 -0.552
488.584 -0.553
488.801 -0.554
489.021 -0.555
489.244 -0.556
489.471 -0.557
489.701 -0.558
489.934 -0.559
490.17 -0.56
490.41 -0.561
490.653 -0.562
490.899 -0.563
491.149 -0.564
491.401 -0.565
491.657 -0.566
491.916 -0.567
492.179 -0.568
492.445 -0.569
492.715 -0.57
492.988 -0.571
493.265 -0.572
493.545 -0.573
493.829 -0.574
494.116 -0.575
494.405 -0.576
494.699 -0.577
494.995 -0.578
495.296 -0.579
495.6 -0.58
495.908 -0.581
496.22 -0.582
496.535 -0.583
496.852 -0.584
497.173 -0.585
497.498 -0.586
497.825 -0.587
498.156 -0.588
498.491 -0.589
498.83 -0.59
499.173 -0.591
499.52 -0.592
499.87 -0.593
500.225 -0.594
500.583 -0.595
500.945 -0.596
501.308 -0.597
501.673 -0.598
502.041 -0.599
502.413 -0.6
