10.3291 -0.001
20.6451 -0.002
30.948 -0.003
41.2377 -0.004
51.514 -0.005
61.7767 -0.006
72.0259 -0.007
82.2613 -0.008
92.4827 -0.009
102.69 -0.01
112.883 -0.011
123.062 -0.012
133.227 -0.013
143.377 -0.014
153.512 -0.015
163.632 -0.016
173.737 -0.017
183.826 -0.018
193.9 -0.019
203.685 -0.02
211.69 -0.021
219.051 -0.022
225.759 -0.023
232.039 -0.024
238.288 -0.025
244.506 -0.026
250.677 -0.027
256.493 -0.028
261.286 -0.029
264.233 -0.03
266.642 -0.031
269.029 -0.032
271.39 -0.033
273.722 -0.034
276.022 -0.035
278.285 -0.036
280.494 -0.037
282.611 -0.038
284.613 -0.039
286.406 -0.04
287.986 -0.041
289.246 -0.042
289.999 -0.043
290.462 -0.044
290.912 -0.045
291.347 -0.046
291.766 -0.047
292.161 -0.048
292.528 -0.049
292.872 -0.05
293.196 -0.051
293.502 -0.052
293.786 -0.053
294.057 -0.054
294.32 -0.055
294.573 -0.056
294.825 -0.057
295.072 -0.058
295.314 -0.059
295.551 -0.06
295.782 -0.061
296.009 -0.062
296.23 -0.063
296.447 -0.064
296.659 -0.065
296.863 -0.066
297.063 -0.067
297.255 -0.068
297.445 -0.069
297.632 -0.07
297.81 -0.071
297.985 -0.072
298.153 -0.073
298.314 -0.074
298.472 -0.075
298.625 -0.076
298.771 -0.077
298.916 -0.078
299.056 -0.079
299.192 -0.08
299.326 -0.081
299.459 -0.082
299.587 -0.083
299.713 -0.084
299.838 -0.085
299.963 -0.086
300.084 -0.087
300.205 -0.088
300.324 -0.089
300.443 -0.09
300.561 -0.091
300.677 -0.092
300.793 -0.093
300.908 -0.094
301.024 -0.095
301.139 -0.096
301.254 -0.097
301.368 -0.098
301.482 -0.099
301.596 -0.1
301.709 -0.101
301.822 -0.102
301.935 -0.103
302.048 -0.104
302.161 -0.105
302.274 -0.106
302.387 -0.107
302.498 -0.108
302.609 -0.109
302.718 -0.11
302.828 -0.111
302.937 -0.112
303.046 -0.113
303.155 -0.114
303.264 -0.115
303.373 -0.116
303.481 -0.117
303.589 -0.118
303.698 -0.119
303.806 -0.12
303.914 -0.121
304.021 -0.122
304.128 -0.123
304.235 -0.124
304.341 -0.125
304.446 -0.126
304.551 -0.127
304.656 -0.128
304.76 -0.129
304.864 -0.13
304.968 -0.131
305.07 -0.132
305.173 -0.133
305.276 -0.134
305.376 -0.135
305.476 -0.136
305.576 -0.137
305.675 -0.138
305.774 -0.139
305.873 -0.14
305.972 -0.141
306.071 -0.142
306.169 -0.143
306.267 -0.144
306.365 -0.145
306.463 -0.146
306.56 -0.147
306.656 -0.148
306.752 -0.149
306.849 -0.15
306.945 -0.151
307.04 -0.152
307.135 -0.153
307.23 -0.154
307.323 -0.155
307.416 -0.156
307.509 -0.157
307.601 -0.158
307.692 -0.159
307.784 -0.16
307.876 -0.161
307.968 -0.162
308.06 -0.163
308.152 -0.164
308.244 -0.165
308.336 -0.166
308.428 -0.167
308.519 -0.168
308.61 -0.169
308.701 -0.17
308.792 -0.171
308.883 -0.172
308.974 -0.173
309.065 -0.174
309.154 -0.175
309.244 -0.176
309.333 -0.177
309.422 -0.178
309.511 -0.179
309.601 -0.18
309.69 -0.181
309.779 -0.182
309.868 -0.183
309.957 -0.184
310.046 -0.185
310.134 -0.186
310.223 -0.187
310.311 -0.188
310.399 -0.189
310.486 -0.19
310.574 -0.191
310.661 -0.192
310.749 -0.193
310.836 -0.194
310.924 -0.195
311.011 -0.196
311.099 -0.197
311.186 -0.198
311.273 -0.199
311.36 -0.2
311.447 -0.201
311.534 -0.202
311.622 -0.203
311.709 -0.204
311.796 -0.205
311.883 -0.206
311.97 -0.207
312.057 -0.208
312.144 -0.209
312.231 -0.21
312.318 -0.211
312.405 -0.212
312.492 -0.213
312.579 -0.214
312.666 -0.215
312.753 -0.216
312.84 -0.217
312.927 -0.218
313.014 -0.219
313.101 -0.22
313.188 -0.221
313.275 -0.222
313.361 -0.223
313.448 -0.224
313.535 -0.225
313.622 -0.226
313.709 -0.227
313.796 -0.228
313.882 -0.229
313.968 -0.23
314.054 -0.231
314.14 -0.232
314.225 -0.233
314.311 -0.234
314.397 -0.235
314.483 -0.236
314.569 -0.237
314.655 -0.238
314.74 -0.239
314.826 -0.24
314.912 -0.241
314.998 -0.242
315.083 -0.243
315.169 -0.244
315.255 -0.245
315.341 -0.246
315.426 -0.247
315.512 -0.248
315.598 -0.249
315.684 -0.25
315.769 -0.251
315.855 -0.252
315.94 -0.253
316.026 -0.254
316.112 -0.255
316.197 -0.256
316.283 -0.257
316.368 -0.258
316.454 -0.259
316.539 -0.26
316.624 -0.261
316.71 -0.262
316.795 -0.263
316.88 -0.264
316.966 -0.265
317.051 -0.266
317.136 -0.267
317.222 -0.268
317.307 -0.269
317.392 -0.27
317.478 -0.271
317.563 -0.272
317.648 -0.273
317.734 -0.274
317.819 -0.275
317.904 -0.276
317.989 -0.277
318.075 -0.278
318.16 -0.279
318.245 -0.28
318.331 -0.281
318.416 -0.282
318.501 -0.283
318.586 -0.284
318.672 -0.285
318.757 -0.286
318.842 -0.287
318.928 -0.288
319.013 -0.289
319.098 -0.29
319.183 -0.291
319.269 -0.292
319.354 -0.293
319.439 -0.294
319.524 -0.295
319.61 -0.296
319.695 -0.297
319.78 -0.298
319.865 -0.299
319.95 -0.3
320.036 -0.301
320.121 -0.302
320.206 -0.303
320.291 -0.304
320.376 -0.305
320.462 -0.306
320.547 -0.307
320.632 -0.308
320.717 -0.309
320.802 -0.31
320.887 -0.311
320.973 -0.312
321.058 -0.313
321.143 -0.314
321.228 -0.315
321.313 -0.316
321.399 -0.317
321.484 -0.318
321.569 -0.319
321.654 -0.32
321.739 -0.321
321.825 -0.322
321.91 -0.323
321.995 -0.324
322.08 -0.325
322.165 -0.326
322.251 -0.327
322.336 -0.328
322.421 -0.329
322.506 -0.33
322.591 -0.331
322.676 -0.332
322.761 -0.333
322.846 -0.334
322.931 -0.335
323.016 -0.336
323.101 -0.337
323.186 -0.338
323.271 -0.339
323.355 -0.34
323.44 -0.341
323.525 -0.342
323.61 -0.343
323.695 -0.344
323.78 -0.345
323.865 -0.346
323.95 -0.347
324.035 -0.348
324.12 -0.349
324.205 -0.35
324.29 -0.351
324.375 -0.352
324.46 -0.353
324.545 -0.354
324.63 -0.355
324.715 -0.356
324.8 -0.357
324.885 -0.358
324.97 -0.359
325.055 -0.36
325.141 -0.361
325.226 -0.362
325.311 -0.363
325.396 -0.364
325.481 -0.365
325.566 -0.366
325.651 -0.367
325.736 -0.368
325.821 -0.369
325.906 -0.37
325.991 -0.371
326.076 -0.372
326.161 -0.373
326.246 -0.374
326.331 -0.375
326.416 -0.376
326.501 -0.377
326.586 -0.378
326.671 -0.379
326.756 -0.38
326.841 -0.381
326.927 -0.382
327.012 -0.383
327.097 -0.384
327.182 -0.385
327.267 -0.386
327.352 -0.387
327.437 -0.388
327.522 -0.389
327.607 -0.39
327.692 -0.391
327.778 -0.392
327.863 -0.393
327.948 -0.394
328.033 -0.395
328.118 -0.396
328.203 -0.397
328.288 -0.398
328.372 -0.399
328.456 -0.4
328.541 -0.401
328.625 -0.402
328.71 -0.403
328.794 -0.404
328.879 -0.405
328.963 -0.406
329.047 -0.407
329.132 -0.408
329.216 -0.409
329.3 -0.41
329.385 -0.411
329.469 -0.412
329.554 -0.413
329.638 -0.414
329.722 -0.415
329.807 -0.416
329.891 -0.417
329.975 -0.418
330.06 -0.419
330.144 -0.42
330.228 -0.421
330.313 -0.422
330.397 -0.423
330.481 -0.424
330.565 -0.425
330.65 -0.426
330.734 -0.427
330.818 -0.428
330.902 -0.429
330.986 -0.43
331.07 -0.431
331.154 -0.432
331.239 -0.433
331.323 -0.434
331.407 -0.435
331.491 -0.436
331.575 -0.437
331.659 -0.438
331.743 -0.439
331.827 -0.44
331.911 -0.441
331.995 -0.442
332.079 -0.443
332.163 -0.444
332.247 -0.445
332.331 -0.446
332.415 -0.447
332.499 -0.448
332.583 -0.449
332.667 -0.45
332.751 -0.451
332.835 -0.452
332.919 -0.453
333.003 -0.454
333.087 -0.455
333.17 -0.456
333.254 -0.457
333.338 -0.458
333.422 -0.459
333.506 -0.46
333.59 -0.461
333.674 -0.462
333.758 -0.463
333.841 -0.464
333.925 -0.465
334.008 -0.466
334.092 -0.467
334.175 -0.468
334.258 -0.469
334.341 -0.47
334.424 -0.471
334.507 -0.472
334.59 -0.473
334.673 -0.474
334.756 -0.475
334.838 -0.476
334.921 -0.477
335.004 -0.478
335.087 -0.479
335.169 -0.48
335.252 -0.481
335.335 -0.482
335.418 -0.483
335.501 -0.484
335.584 -0.485
335.667 -0.486
335.749 -0.487
335.832 -0.488
335.915 -0.489
335.997 -0.49
336.08 -0.491
336.162 -0.492
336.245 -0.493
336.327 -0.494
336.409 -0.495
336.491 -0.496
336.574 -0.497
336.655 -0.498
336.737 -0.499
336.819 -0.5
336.901 -0.501
336.982 -0.502
337.064 -0.503
337.145 -0.504
337.227 -0.505
337.308 -0.506
337.389 -0.507
337.471 -0.508
337.553 -0.509
337.635 -0.51
337.717 -0.511
337.799 -0.512
337.88 -0.513
337.962 -0.514
338.043 -0.515
338.124 -0.516
338.205 -0.517
338.286 -0.518
338.367 -0.519
338.448 -0.52
338.529 -0.521
338.609 -0.522
338.69 -0.523
338.77 -0.524
338.85 -0.525
338.931 -0.526
339.011 -0.527
339.092 -0.528
339.174 -0.529
339.255 -0.53
339.336 -0.531
339.418 -0.532
339.499 -0.533
339.579 -0.534
339.66 -0.535
339.741 -0.536
339.822 -0.537
339.903 -0.538
339.984 -0.539
340.065 -0.54
340.146 -0.541
340.227 -0.542
340.308 -0.543
340.389 -0.544
340.471 -0.545
340.553 -0.546
340.636 -0.547
340.719 -0.548
340.801 -0.549
340.884 -0.55
340.966 -0.551
341.049 -0.552
341.131 -0.553
341.214 -0.554
341.297 -0.555
341.379 -0.556
341.462 -0.557
341.545 -0.558
341.627 -0.559
341.71 -0.56
341.793 -0.561
341.876 -0.562
341.959 -0.563
342.041 -0.564
342.124 -0.565
342.207 -0.566
342.29 -0.567
342.372 -0.568
342.455 -0.569
342.537 -0.57
342.62 -0.571
342.702 -0.572
342.785 -0.573
342.867 -0.574
342.95 -0.575
343.032 -0.576
343.115 -0.577
343.198 -0.578
343.28 -0.579
343.363 -0.58
343.445 -0.581
343.527 -0.582
343.608 -0.583
343.69 -0.584
343.772 -0.585
343.853 -0.586
343.935 -0.587
344.016 -0.588
344.098 -0.589
344.179 -0.59
344.26 -0.591
344.339 -0.592
344.418 -0.593
344.497 -0.594
344.575 -0.595
344.653 -0.596
344.73 -0.597
344.807 -0.598
344.882 -0.599
344.956 -0.6
345.028 -0.601
345.096 -0.602
345.158 -0.603
345.21 -0.604
345.248 -0.605
345.269 -0.606
345.269 -0.607
345.251 -0.608
345.214 -0.609
345.157 -0.61
345.107 -0.611
345.084 -0.612
345.083 -0.613
345.083 -0.614
345.111 -0.615
345.172 -0.616
345.232 -0.617
345.312 -0.618
345.412 -0.619
345.513 -0.62
345.618 -0.621
345.732 -0.622
345.848 -0.623
345.963 -0.624
346.086 -0.625
346.215 -0.626
346.339 -0.627
346.46 -0.628
346.579 -0.629
346.698 -0.63
346.81 -0.631
346.916 -0.632
347.011 -0.633
347.097 -0.634
347.181 -0.635
347.265 -0.636
347.349 -0.637
347.433 -0.638
347.517 -0.639
347.601 -0.64
347.685 -0.641
347.769 -0.642
347.852 -0.643
347.936 -0.644
348.02 -0.645
348.104 -0.646
348.187 -0.647
348.271 -0.648
348.355 -0.649
348.438 -0.65
348.522 -0.651
348.605 -0.652
348.688 -0.653
348.771 -0.654
348.855 -0.655
348.938 -0.656
349.022 -0.657
349.105 -0.658
349.189 -0.659
349.273 -0.66
349.356 -0.661
349.441 -0.662
349.525 -0.663
349.609 -0.664
349.693 -0.665
349.778 -0.666
349.862 -0.667
349.947 -0.668
350.032 -0.669
350.117 -0.67
350.202 -0.671
350.287 -0.672
350.372 -0.673
350.456 -0.674
350.539 -0.675
350.62 -0.676
350.699 -0.677
350.768 -0.678
350.821 -0.679
350.855 -0.68
350.867 -0.681
350.858 -0.682
350.831 -0.683
350.814 -0.684
350.864 -0.685
350.942 -0.686
351.053 -0.687
351.156 -0.688
351.273 -0.689
351.394 -0.69
351.522 -0.691
351.65 -0.692
351.762 -0.693
351.86 -0.694
351.948 -0.695
352.035 -0.696
352.122 -0.697
352.209 -0.698
352.296 -0.699
352.383 -0.7
352.47 -0.701
352.557 -0.702
352.646 -0.703
352.734 -0.704
352.822 -0.705
352.91 -0.706
352.998 -0.707
353.086 -0.708
353.174 -0.709
353.262 -0.71
353.35 -0.711
353.438 -0.712
353.527 -0.713
353.615 -0.714
353.703 -0.715
353.792 -0.716
353.88 -0.717
353.969 -0.718
354.057 -0.719
354.146 -0.72
354.234 -0.721
354.323 -0.722
354.412 -0.723
354.5 -0.724
354.588 -0.725
354.677 -0.726
354.765 -0.727
354.853 -0.728
354.942 -0.729
355.03 -0.73
355.119 -0.731
355.207 -0.732
355.295 -0.733
355.383 -0.734
355.472 -0.735
355.56 -0.736
355.648 -0.737
355.736 -0.738
355.825 -0.739
355.913 -0.74
356.002 -0.741
356.09 -0.742
356.179 -0.743
356.268 -0.744
356.357 -0.745
356.445 -0.746
356.534 -0.747
356.623 -0.748
356.712 -0.749
356.801 -0.75
356.891 -0.751
356.98 -0.752
357.069 -0.753
357.158 -0.754
357.247 -0.755
357.337 -0.756
357.426 -0.757
357.516 -0.758
357.605 -0.759
357.694 -0.76
357.784 -0.761
357.873 -0.762
357.963 -0.763
358.053 -0.764
358.142 -0.765
358.232 -0.766
358.322 -0.767
358.411 -0.768
358.501 -0.769
358.591 -0.77
358.681 -0.771
358.771 -0.772
358.861 -0.773
358.951 -0.774
359.041 -0.775
359.131 -0.776
359.221 -0.777
359.312 -0.778
359.402 -0.779
359.492 -0.78
359.582 -0.781
359.673 -0.782
359.763 -0.783
359.854 -0.784
359.944 -0.785
360.035 -0.786
360.126 -0.787
360.216 -0.788
360.307 -0.789
360.398 -0.79
360.488 -0.791
360.579 -0.792
360.67 -0.793
360.761 -0.794
360.852 -0.795
360.943 -0.796
361.034 -0.797
361.125 -0.798
361.216 -0.799
361.307 -0.8
