14.2054 -0.001
28.3871 -0.002
42.5449 -0.003
56.6784 -0.004
70.7874 -0.005
84.8713 -0.006
98.93 -0.007
112.963 -0.008
126.97 -0.009
140.95 -0.01
154.904 -0.011
168.83 -0.012
182.728 -0.013
196.599 -0.014
210.44 -0.015
224.252 -0.016
238.034 -0.017
251.787 -0.018
265.48 -0.019
278.18 -0.02
287.951 -0.021
297.097 -0.022
306.177 -0.023
315.19 -0.024
324.144 -0.025
333.061 -0.026
341.976 -0.027
350.876 -0.028
359.78 -0.029
368.679 -0.03
377.565 -0.031
386.407 -0.032
395.111 -0.033
403.56 -0.034
411.622 -0.035
419.244 -0.036
426.143 -0.037
432.7 -0.038
439.207 -0.039
445.401 -0.04
450.738 -0.041
454.412 -0.042
457.229 -0.043
459.979 -0.044
462.679 -0.045
465.339 -0.046
467.966 -0.047
470.569 -0.048
473.174 -0.049
475.769 -0.05
478.355 -0.051
480.932 -0.052
483.515 -0.053
486.098 -0.054
488.677 -0.055
491.249 -0.056
493.816 -0.057
496.372 -0.058
498.921 -0.059
501.463 -0.06
503.997 -0.061
506.519 -0.062
509.029 -0.063
511.528 -0.064
514.019 -0.065
516.499 -0.066
518.969 -0.067
521.43 -0.068
523.874 -0.069
526.289 -0.07
528.658 -0.071
530.946 -0.072
533.148 -0.073
535.216 -0.074
537.098 -0.075
538.821 -0.076
540.306 -0.077
541.565 -0.078
542.393 -0.079
542.912 -0.08
543.393 -0.081
543.87 -0.082
544.34 -0.083
544.796 -0.084
545.243 -0.085
545.681 -0.086
546.106 -0.087
546.521 -0.088
546.921 -0.089
547.314 -0.09
547.688 -0.091
548.052 -0.092
548.397 -0.093
548.73 -0.094
549.05 -0.095
549.358 -0.096
549.655 -0.097
549.939 -0.098
550.221 -0.099
550.491 -0.1
550.758 -0.101
551.018 -0.102
551.271 -0.103
551.523 -0.104
551.773 -0.105
552.019 -0.106
552.263 -0.107
552.507 -0.108
552.75 -0.109
552.993 -0.11
553.234 -0.111
553.475 -0.112
553.714 -0.113
553.951 -0.114
554.187 -0.115
554.421 -0.116
554.653 -0.117
554.884 -0.118
555.114 -0.119
555.338 -0.12
555.562 -0.121
555.785 -0.122
556.003 -0.123
556.219 -0.124
556.434 -0.125
556.648 -0.126
556.858 -0.127
557.064 -0.128
557.267 -0.129
557.469 -0.13
557.667 -0.131
557.864 -0.132
558.057 -0.133
558.247 -0.134
558.437 -0.135
558.624 -0.136
558.81 -0.137
558.992 -0.138
559.172 -0.139
559.351 -0.14
559.526 -0.141
559.699 -0.142
559.869 -0.143
560.037 -0.144
560.203 -0.145
560.365 -0.146
560.526 -0.147
560.686 -0.148
560.842 -0.149
560.997 -0.15
561.149 -0.151
561.3 -0.152
561.45 -0.153
561.597 -0.154
561.74 -0.155
561.884 -0.156
562.026 -0.157
562.166 -0.158
562.303 -0.159
562.438 -0.16
562.573 -0.161
562.707 -0.162
562.841 -0.163
562.974 -0.164
563.106 -0.165
563.236 -0.166
563.366 -0.167
563.495 -0.168
563.624 -0.169
563.752 -0.17
563.877 -0.171
564.003 -0.172
564.128 -0.173
564.252 -0.174
564.377 -0.175
564.501 -0.176
564.625 -0.177
564.748 -0.178
564.871 -0.179
564.993 -0.18
565.114 -0.181
565.236 -0.182
565.358 -0.183
565.479 -0.184
565.599 -0.185
565.719 -0.186
565.839 -0.187
565.957 -0.188
566.075 -0.189
566.192 -0.19
566.31 -0.191
566.427 -0.192
566.544 -0.193
566.661 -0.194
566.778 -0.195
566.893 -0.196
567.008 -0.197
567.122 -0.198
567.237 -0.199
567.351 -0.2
567.465 -0.201
567.578 -0.202
567.692 -0.203
567.805 -0.204
567.917 -0.205
568.03 -0.206
568.142 -0.207
568.254 -0.208
568.365 -0.209
568.477 -0.21
568.588 -0.211
568.698 -0.212
568.806 -0.213
568.913 -0.214
569.02 -0.215
569.126 -0.216
569.232 -0.217
569.336 -0.218
569.44 -0.219
569.545 -0.22
569.648 -0.221
569.751 -0.222
569.854 -0.223
569.957 -0.224
570.059 -0.225
570.161 -0.226
570.263 -0.227
570.364 -0.228
570.466 -0.229
570.568 -0.23
570.669 -0.231
570.768 -0.232
570.866 -0.233
570.964 -0.234
571.061 -0.235
571.157 -0.236
571.252 -0.237
571.347 -0.238
571.441 -0.239
571.536 -0.24
571.63 -0.241
571.724 -0.242
571.818 -0.243
571.91 -0.244
572.002 -0.245
572.096 -0.246
572.189 -0.247
572.282 -0.248
572.375 -0.249
572.467 -0.25
572.556 -0.251
572.642 -0.252
572.726 -0.253
572.808 -0.254
572.897 -0.255
572.983 -0.256
573.067 -0.257
573.149 -0.258
573.234 -0.259
573.323 -0.26
573.411 -0.261
573.499 -0.262
573.585 -0.263
573.671 -0.264
573.754 -0.265
573.835 -0.266
573.914 -0.267
573.99 -0.268
574.07 -0.269
574.148 -0.27
574.224 -0.271
574.296 -0.272
574.369 -0.273
574.444 -0.274
574.519 -0.275
574.593 -0.276
574.665 -0.277
574.739 -0.278
574.817 -0.279
574.893 -0.28
574.97 -0.281
575.048 -0.282
575.129 -0.283
575.207 -0.284
575.285 -0.285
575.362 -0.286
575.437 -0.287
575.509 -0.288
575.586 -0.289
575.665 -0.29
575.744 -0.291
575.821 -0.292
575.901 -0.293
575.986 -0.294
576.071 -0.295
576.155 -0.296
576.238 -0.297
576.321 -0.298
576.403 -0.299
576.485 -0.3
576.565 -0.301
576.645 -0.302
576.724 -0.303
576.802 -0.304
576.881 -0.305
576.961 -0.306
577.04 -0.307
577.119 -0.308
577.198 -0.309
577.283 -0.31
577.366 -0.311
577.448 -0.312
577.531 -0.313
577.617 -0.314
577.702 -0.315
577.786 -0.316
577.87 -0.317
577.954 -0.318
578.037 -0.319
578.121 -0.32
578.205 -0.321
578.29 -0.322
578.376 -0.323
578.461 -0.324
578.546 -0.325
578.634 -0.326
578.721 -0.327
578.808 -0.328
578.894 -0.329
578.981 -0.33
579.068 -0.331
579.155 -0.332
579.241 -0.333
579.326 -0.334
579.413 -0.335
579.5 -0.336
579.587 -0.337
579.674 -0.338
579.762 -0.339
579.849 -0.34
579.936 -0.341
580.024 -0.342
580.113 -0.343
580.202 -0.344
580.291 -0.345
580.38 -0.346
580.468 -0.347
580.556 -0.348
580.644 -0.349
580.731 -0.35
580.818 -0.351
580.903 -0.352
580.989 -0.353
581.075 -0.354
581.162 -0.355
581.247 -0.356
581.333 -0.357
581.421 -0.358
581.509 -0.359
581.597 -0.36
581.684 -0.361
581.77 -0.362
581.857 -0.363
581.944 -0.364
582.03 -0.365
582.116 -0.366
582.2 -0.367
582.282 -0.368
582.363 -0.369
582.44 -0.37
582.52 -0.371
582.6 -0.372
582.678 -0.373
582.754 -0.374
582.837 -0.375
582.919 -0.376
583.001 -0.377
583.083 -0.378
583.164 -0.379
583.243 -0.38
583.319 -0.381
583.394 -0.382
583.465 -0.383
583.545 -0.384
583.621 -0.385
583.694 -0.386
583.779 -0.387
583.863 -0.388
583.948 -0.389
584.032 -0.39
584.116 -0.391
584.198 -0.392
584.28 -0.393
584.359 -0.394
584.435 -0.395
584.508 -0.396
584.588 -0.397
584.668 -0.398
584.744 -0.399
584.823 -0.4
584.909 -0.401
584.993 -0.402
585.075 -0.403
585.154 -0.404
585.233 -0.405
585.31 -0.406
585.386 -0.407
585.458 -0.408
585.528 -0.409
585.595 -0.41
585.66 -0.411
585.721 -0.412
585.779 -0.413
585.832 -0.414
585.879 -0.415
585.923 -0.416
585.961 -0.417
585.993 -0.418
586.02 -0.419
586.042 -0.42
586.058 -0.421
586.075 -0.422
586.109 -0.423
586.139 -0.424
586.164 -0.425
586.197 -0.426
586.251 -0.427
586.3 -0.428
586.348 -0.429
586.397 -0.43
586.46 -0.431
586.519 -0.432
586.577 -0.433
586.638 -0.434
586.706 -0.435
586.772 -0.436
586.836 -0.437
586.896 -0.438
586.951 -0.439
587.008 -0.44
587.061 -0.441
587.124 -0.442
587.201 -0.443
587.277 -0.444
587.358 -0.445
587.442 -0.446
587.523 -0.447
587.601 -0.448
587.677 -0.449
587.75 -0.45
587.819 -0.451
587.883 -0.452
587.942 -0.453
588.023 -0.454
588.106 -0.455
588.196 -0.456
588.289 -0.457
588.382 -0.458
588.483 -0.459
588.575 -0.46
588.664 -0.461
588.758 -0.462
588.852 -0.463
588.947 -0.464
589.043 -0.465
589.133 -0.466
589.223 -0.467
589.314 -0.468
589.405 -0.469
589.495 -0.47
589.582 -0.471
589.669 -0.472
589.756 -0.473
589.844 -0.474
589.932 -0.475
590.019 -0.476
590.107 -0.477
590.196 -0.478
590.284 -0.479
590.372 -0.48
590.46 -0.481
590.549 -0.482
590.637 -0.483
590.726 -0.484
590.815 -0.485
590.904 -0.486
590.993 -0.487
591.082 -0.488
591.17 -0.489
591.259 -0.49
591.348 -0.491
591.438 -0.492
591.528 -0.493
591.619 -0.494
591.71 -0.495
591.802 -0.496
591.893 -0.497
591.984 -0.498
592.076 -0.499
592.167 -0.5
592.258 -0.501
592.35 -0.502
592.442 -0.503
592.534 -0.504
592.626 -0.505
592.718 -0.506
592.811 -0.507
592.904 -0.508
592.996 -0.509
593.089 -0.51
593.182 -0.511
593.275 -0.512
593.368 -0.513
593.462 -0.514
593.555 -0.515
593.649 -0.516
593.742 -0.517
593.836 -0.518
593.929 -0.519
594.023 -0.52
594.116 -0.521
594.209 -0.522
594.303 -0.523
594.397 -0.524
594.49 -0.525
594.584 -0.526
594.677 -0.527
594.771 -0.528
594.864 -0.529
594.957 -0.53
595.05 -0.531
595.143 -0.532
595.236 -0.533
595.328 -0.534
595.421 -0.535
595.514 -0.536
595.606 -0.537
595.698 -0.538
595.791 -0.539
595.883 -0.54
595.975 -0.541
596.067 -0.542
596.159 -0.543
596.251 -0.544
596.343 -0.545
596.435 -0.546
596.527 -0.547
596.619 -0.548
596.711 -0.549
596.802 -0.55
596.894 -0.551
596.985 -0.552
597.077 -0.553
597.168 -0.554
597.26 -0.555
597.351 -0.556
597.443 -0.557
597.535 -0.558
597.626 -0.559
597.718 -0.56
597.809 -0.561
597.901 -0.562
597.992 -0.563
598.083 -0.564
598.175 -0.565
598.266 -0.566
598.356 -0.567
598.447 -0.568
598.538 -0.569
598.629 -0.57
598.719 -0.571
598.809 -0.572
598.899 -0.573
598.989 -0.574
599.079 -0.575
599.169 -0.576
599.258 -0.577
599.348 -0.578
599.44 -0.579
599.531 -0.58
599.622 -0.581
599.713 -0.582
599.804 -0.583
599.895 -0.584
599.985 -0.585
600.076 -0.586
600.168 -0.587
600.261 -0.588
600.355 -0.589
600.448 -0.59
600.541 -0.591
600.635 -0.592
600.728 -0.593
600.821 -0.594
600.915 -0.595
601.008 -0.596
601.102 -0.597
601.196 -0.598
601.29 -0.599
601.384 -0.6
601.478 -0.601
601.573 -0.602
601.667 -0.603
601.761 -0.604
601.856 -0.605
601.95 -0.606
602.044 -0.607
602.138 -0.608
602.233 -0.609
602.327 -0.61
602.422 -0.611
602.516 -0.612
602.611 -0.613
602.705 -0.614
602.8 -0.615
602.895 -0.616
602.99 -0.617
603.084 -0.618
603.179 -0.619
603.274 -0.62
603.368 -0.621
603.463 -0.622
603.557 -0.623
603.652 -0.624
603.747 -0.625
603.842 -0.626
603.937 -0.627
604.032 -0.628
604.126 -0.629
604.221 -0.63
604.316 -0.631
604.411 -0.632
604.506 -0.633
604.6 -0.634
604.695 -0.635
604.79 -0.636
604.885 -0.637
604.979 -0.638
605.074 -0.639
605.169 -0.64
605.264 -0.641
605.359 -0.642
605.454 -0.643
605.549 -0.644
605.644 -0.645
605.739 -0.646
605.834 -0.647
605.929 -0.648
606.024 -0.649
606.119 -0.65
606.214 -0.651
606.308 -0.652
606.403 -0.653
606.498 -0.654
606.592 -0.655
606.687 -0.656
606.782 -0.657
606.877 -0.658
606.972 -0.659
607.067 -0.66
607.162 -0.661
607.257 -0.662
607.352 -0.663
607.448 -0.664
607.543 -0.665
607.638 -0.666
607.733 -0.667
607.829 -0.668
607.924 -0.669
608.019 -0.67
608.115 -0.671
608.21 -0.672
608.305 -0.673
608.4 -0.674
608.495 -0.675
608.59 -0.676
608.685 -0.677
608.78 -0.678
608.874 -0.679
608.969 -0.68
609.063 -0.681
609.158 -0.682
609.252 -0.683
609.346 -0.684
609.44 -0.685
609.533 -0.686
609.629 -0.687
609.725 -0.688
609.82 -0.689
609.916 -0.69
610.011 -0.691
610.107 -0.692
610.202 -0.693
610.297 -0.694
610.392 -0.695
610.488 -0.696
610.583 -0.697
610.678 -0.698
610.772 -0.699
610.867 -0.7
610.961 -0.701
611.055 -0.702
611.149 -0.703
611.245 -0.704
611.34 -0.705
611.434 -0.706
611.529 -0.707
611.622 -0.708
611.719 -0.709
611.815 -0.71
611.911 -0.711
612.007 -0.712
612.103 -0.713
612.199 -0.714
612.295 -0.715
612.391 -0.716
612.486 -0.717
612.581 -0.718
612.676 -0.719
612.771 -0.72
612.866 -0.721
612.96 -0.722
613.053 -0.723
613.146 -0.724
613.238 -0.725
613.33 -0.726
613.42 -0.727
613.512 -0.728
613.608 -0.729
613.703 -0.73
613.798 -0.731
613.893 -0.732
613.987 -0.733
614.081 -0.734
614.175 -0.735
614.267 -0.736
614.359 -0.737
614.452 -0.738
614.544 -0.739
614.636 -0.74
614.728 -0.741
614.819 -0.742
614.91 -0.743
615.001 -0.744
615.091 -0.745
615.181 -0.746
615.27 -0.747
615.36 -0.748
615.457 -0.749
615.554 -0.75
615.651 -0.751
615.748 -0.752
615.845 -0.753
615.942 -0.754
616.037 -0.755
616.132 -0.756
616.228 -0.757
616.322 -0.758
616.416 -0.759
616.51 -0.76
616.602 -0.761
616.694 -0.762
616.785 -0.763
616.875 -0.764
616.965 -0.765
617.054 -0.766
617.143 -0.767
617.231 -0.768
617.321 -0.769
617.412 -0.77
617.502 -0.771
617.593 -0.772
617.684 -0.773
617.775 -0.774
617.866 -0.775
617.957 -0.776
618.046 -0.777
618.136 -0.778
618.225 -0.779
618.314 -0.78
618.407 -0.781
618.504 -0.782
618.601 -0.783
618.698 -0.784
618.794 -0.785
618.889 -0.786
618.983 -0.787
619.077 -0.788
619.17 -0.789
619.263 -0.79
619.356 -0.791
619.448 -0.792
619.54 -0.793
619.633 -0.794
619.725 -0.795
619.816 -0.796
619.907 -0.797
619.996 -0.798
620.086 -0.799
620.177 -0.8
