8.8297 -0.001
17.6409 -0.002
26.4333 -0.003
35.2067 -0.004
43.9608 -0.005
52.6954 -0.006
61.4101 -0.007
70.1048 -0.008
78.779 -0.009
87.4326 -0.01
96.0651 -0.011
104.676 -0.012
113.266 -0.013
121.833 -0.014
130.379 -0.015
138.901 -0.016
147.4 -0.017
155.876 -0.018
164.328 -0.019
172.756 -0.02
181.158 -0.021
189.536 -0.022
197.888 -0.023
206.213 -0.024
214.512 -0.025
222.783 -0.026
231.027 -0.027
239.241 -0.028
247.427 -0.029
255.583 -0.03
263.623 -0.031
270.914 -0.032
276.619 -0.033
281.848 -0.034
287.044 -0.035
292.21 -0.036
297.351 -0.037
302.468 -0.038
307.573 -0.039
312.663 -0.04
317.735 -0.041
322.787 -0.042
327.817 -0.043
332.824 -0.044
337.807 -0.045
342.768 -0.046
347.706 -0.047
352.623 -0.048
357.517 -0.049
362.387 -0.05
367.234 -0.051
372.059 -0.052
376.861 -0.053
381.639 -0.054
386.319 -0.055
390.727 -0.056
394.673 -0.057
397.841 -0.058
400.798 -0.059
403.719 -0.06
406.607 -0.061
409.463 -0.062
412.283 -0.063
415.041 -0.064
417.713 -0.065
420.296 -0.066
422.738 -0.067
425.04 -0.068
427.047 -0.069
428.87 -0.07
430.658 -0.071
432.396 -0.072
434.048 -0.073
435.615 -0.074
437.067 -0.075
438.484 -0.076
439.788 -0.077
440.947 -0.078
441.957 -0.079
442.939 -0.08
443.854 -0.081
444.706 -0.082
445.48 -0.083
446.095 -0.084
446.526 -0.085
446.868 -0.086
447.199 -0.087
447.522 -0.088
447.835 -0.089
448.141 -0.09
448.425 -0.091
448.665 -0.092
448.857 -0.093
449 -0.094
449.123 -0.095
449.237 -0.096
449.344 -0.097
449.444 -0.098
449.534 -0.099
449.616 -0.1
449.689 -0.101
449.754 -0.102
449.809 -0.103
449.857 -0.104
449.901 -0.105
449.941 -0.106
449.977 -0.107
450.01 -0.108
450.039 -0.109
450.066 -0.11
450.088 -0.111
450.107 -0.112
450.122 -0.113
450.135 -0.114
450.145 -0.115
450.153 -0.116
450.158 -0.117
450.16 -0.118
450.16 -0.119
450.157 -0.12
450.153 -0.121
450.145 -0.122
450.136 -0.123
450.124 -0.124
450.106 -0.125
450.085 -0.126
450.057 -0.127
450.026 -0.128
449.989 -0.129
449.95 -0.13
449.905 -0.131
449.858 -0.132
449.809 -0.133
449.759 -0.134
449.707 -0.135
449.654 -0.136
449.599 -0.137
449.544 -0.138
449.488 -0.139
449.43 -0.14
449.371 -0.141
449.311 -0.142
449.251 -0.143
449.19 -0.144
449.127 -0.145
449.064 -0.146
448.998 -0.147
448.932 -0.148
448.864 -0.149
448.796 -0.15
448.725 -0.151
448.654 -0.152
448.582 -0.153
448.509 -0.154
448.435 -0.155
448.362 -0.156
448.287 -0.157
448.212 -0.158
448.136 -0.159
448.059 -0.16
447.982 -0.161
447.903 -0.162
447.824 -0.163
447.744 -0.164
447.663 -0.165
447.582 -0.166
447.5 -0.167
447.417 -0.168
447.334 -0.169
447.251 -0.17
447.167 -0.171
447.083 -0.172
446.999 -0.173
446.914 -0.174
446.828 -0.175
446.742 -0.176
446.655 -0.177
446.568 -0.178
446.48 -0.179
446.392 -0.18
446.303 -0.181
446.213 -0.182
446.123 -0.183
446.033 -0.184
445.942 -0.185
445.852 -0.186
445.761 -0.187
445.669 -0.188
445.578 -0.189
445.485 -0.19
445.393 -0.191
445.299 -0.192
445.206 -0.193
445.111 -0.194
445.017 -0.195
444.921 -0.196
444.826 -0.197
444.729 -0.198
444.633 -0.199
444.535 -0.2
444.438 -0.201
444.34 -0.202
444.242 -0.203
444.144 -0.204
444.046 -0.205
443.947 -0.206
443.848 -0.207
443.749 -0.208
443.649 -0.209
443.548 -0.21
443.447 -0.211
443.347 -0.212
443.249 -0.213
443.153 -0.214
443.059 -0.215
442.967 -0.216
442.876 -0.217
442.787 -0.218
442.7 -0.219
442.614 -0.22
442.53 -0.221
442.446 -0.222
442.362 -0.223
442.278 -0.224
442.193 -0.225
442.108 -0.226
442.023 -0.227
441.938 -0.228
441.853 -0.229
441.767 -0.23
441.681 -0.231
441.594 -0.232
441.507 -0.233
441.42 -0.234
441.333 -0.235
441.245 -0.236
441.157 -0.237
441.07 -0.238
440.982 -0.239
440.893 -0.24
440.804 -0.241
440.716 -0.242
440.629 -0.243
440.542 -0.244
440.456 -0.245
440.375 -0.246
440.295 -0.247
440.22 -0.248
440.147 -0.249
440.077 -0.25
440.01 -0.251
439.944 -0.252
439.883 -0.253
439.822 -0.254
439.766 -0.255
439.711 -0.256
439.66 -0.257
439.61 -0.258
439.559 -0.259
439.509 -0.26
439.459 -0.261
439.408 -0.262
439.357 -0.263
439.307 -0.264
439.256 -0.265
439.205 -0.266
439.155 -0.267
439.105 -0.268
439.054 -0.269
439.004 -0.27
438.954 -0.271
438.903 -0.272
438.853 -0.273
438.802 -0.274
438.751 -0.275
438.701 -0.276
438.651 -0.277
438.601 -0.278
438.551 -0.279
438.501 -0.28
438.45 -0.281
438.4 -0.282
438.35 -0.283
438.3 -0.284
438.253 -0.285
438.206 -0.286
438.159 -0.287
438.114 -0.288
438.07 -0.289
438.028 -0.29
437.987 -0.291
437.948 -0.292
437.909 -0.293
437.872 -0.294
437.838 -0.295
437.803 -0.296
437.77 -0.297
437.739 -0.298
437.709 -0.299
437.68 -0.3
437.652 -0.301
437.626 -0.302
437.601 -0.303
437.575 -0.304
437.55 -0.305
437.525 -0.306
437.501 -0.307
437.477 -0.308
437.454 -0.309
437.43 -0.31
437.408 -0.311
437.386 -0.312
437.364 -0.313
437.342 -0.314
437.321 -0.315
437.299 -0.316
437.278 -0.317
437.256 -0.318
437.235 -0.319
437.214 -0.32
437.193 -0.321
437.173 -0.322
437.152 -0.323
437.131 -0.324
437.111 -0.325
437.091 -0.326
437.071 -0.327
437.051 -0.328
437.031 -0.329
437.012 -0.33
436.992 -0.331
436.973 -0.332
436.954 -0.333
436.935 -0.334
436.916 -0.335
436.897 -0.336
436.879 -0.337
436.86 -0.338
436.842 -0.339
436.824 -0.34
436.806 -0.341
436.789 -0.342
436.771 -0.343
436.754 -0.344
436.737 -0.345
436.721 -0.346
436.706 -0.347
436.692 -0.348
436.679 -0.349
436.667 -0.35
436.657 -0.351
436.648 -0.352
436.641 -0.353
436.633 -0.354
436.629 -0.355
436.625 -0.356
436.623 -0.357
436.622 -0.358
436.621 -0.359
436.623 -0.36
436.626 -0.361
436.63 -0.362
436.635 -0.363
436.641 -0.364
436.649 -0.365
436.657 -0.366
436.665 -0.367
436.673 -0.368
436.683 -0.369
436.694 -0.37
436.704 -0.371
436.715 -0.372
436.726 -0.373
436.738 -0.374
436.749 -0.375
436.762 -0.376
436.775 -0.377
436.788 -0.378
436.801 -0.379
436.815 -0.38
436.828 -0.381
436.843 -0.382
436.858 -0.383
436.873 -0.384
436.889 -0.385
436.904 -0.386
436.921 -0.387
436.937 -0.388
436.954 -0.389
436.972 -0.39
436.99 -0.391
437.008 -0.392
437.026 -0.393
437.045 -0.394
437.064 -0.395
437.084 -0.396
437.104 -0.397
437.124 -0.398
437.145 -0.399
437.166 -0.4
437.188 -0.401
437.209 -0.402
437.232 -0.403
437.255 -0.404
437.278 -0.405
437.302 -0.406
437.325 -0.407
437.349 -0.408
437.374 -0.409
437.399 -0.41
437.425 -0.411
437.451 -0.412
437.477 -0.413
437.505 -0.414
437.533 -0.415
437.561 -0.416
437.59 -0.417
437.621 -0.418
437.651 -0.419
437.682 -0.42
437.714 -0.421
437.747 -0.422
437.78 -0.423
437.814 -0.424
437.848 -0.425
437.884 -0.426
437.92 -0.427
437.956 -0.428
437.993 -0.429
438.031 -0.43
438.07 -0.431
438.108 -0.432
438.148 -0.433
438.189 -0.434
438.23 -0.435
438.271 -0.436
438.313 -0.437
438.355 -0.438
438.397 -0.439
438.44 -0.44
438.483 -0.441
438.527 -0.442
438.57 -0.443
438.614 -0.444
438.659 -0.445
438.704 -0.446
438.749 -0.447
438.794 -0.448
438.84 -0.449
438.887 -0.45
438.933 -0.451
438.98 -0.452
439.028 -0.453
439.075 -0.454
439.123 -0.455
439.172 -0.456
439.221 -0.457
439.271 -0.458
439.321 -0.459
439.372 -0.46
439.423 -0.461
439.475 -0.462
439.527 -0.463
439.579 -0.464
439.633 -0.465
439.687 -0.466
439.741 -0.467
439.796 -0.468
439.851 -0.469
439.907 -0.47
439.963 -0.471
440.02 -0.472
440.078 -0.473
440.136 -0.474
440.194 -0.475
440.253 -0.476
440.312 -0.477
440.372 -0.478
440.433 -0.479
440.494 -0.48
440.556 -0.481
440.618 -0.482
440.681 -0.483
440.744 -0.484
440.807 -0.485
440.871 -0.486
440.936 -0.487
441.002 -0.488
441.068 -0.489
441.134 -0.49
441.201 -0.491
441.269 -0.492
441.336 -0.493
441.405 -0.494
441.475 -0.495
441.545 -0.496
441.615 -0.497
441.686 -0.498
441.757 -0.499
441.829 -0.5
441.901 -0.501
441.973 -0.502
442.046 -0.503
442.12 -0.504
442.193 -0.505
442.268 -0.506
442.343 -0.507
442.418 -0.508
442.494 -0.509
442.57 -0.51
442.647 -0.511
442.724 -0.512
442.801 -0.513
442.879 -0.514
442.958 -0.515
443.037 -0.516
443.116 -0.517
443.197 -0.518
443.278 -0.519
443.36 -0.52
443.442 -0.521
443.524 -0.522
443.608 -0.523
443.692 -0.524
443.777 -0.525
443.862 -0.526
443.948 -0.527
444.035 -0.528
444.122 -0.529
444.21 -0.53
444.298 -0.531
444.387 -0.532
444.477 -0.533
444.568 -0.534
444.659 -0.535
444.75 -0.536
444.842 -0.537
444.935 -0.538
445.029 -0.539
445.123 -0.54
445.218 -0.541
445.314 -0.542
445.409 -0.543
445.506 -0.544
445.604 -0.545
445.702 -0.546
445.801 -0.547
445.9 -0.548
446 -0.549
446.1 -0.55
446.201 -0.551
446.303 -0.552
446.404 -0.553
446.507 -0.554
446.61 -0.555
446.713 -0.556
446.817 -0.557
446.922 -0.558
447.027 -0.559
447.133 -0.56
447.239 -0.561
447.346 -0.562
447.453 -0.563
447.561 -0.564
447.669 -0.565
447.778 -0.566
447.888 -0.567
447.998 -0.568
448.109 -0.569
448.22 -0.57
448.332 -0.571
448.444 -0.572
448.557 -0.573
448.67 -0.574
448.784 -0.575
448.899 -0.576
449.014 -0.577
449.13 -0.578
449.246 -0.579
449.363 -0.58
449.481 -0.581
449.599 -0.582
449.717 -0.583
449.837 -0.584
449.957 -0.585
450.077 -0.586
450.199 -0.587
450.32 -0.588
450.443 -0.589
450.566 -0.59
450.689 -0.591
450.813 -0.592
450.938 -0.593
451.063 -0.594
451.189 -0.595
451.316 -0.596
451.443 -0.597
451.571 -0.598
451.699 -0.599
451.828 -0.6
451.958 -0.601
452.088 -0.602
452.219 -0.603
452.351 -0.604
452.483 -0.605
452.615 -0.606
452.749 -0.607
452.883 -0.608
453.018 -0.609
453.153 -0.61
453.289 -0.611
453.426 -0.612
453.563 -0.613
453.701 -0.614
453.84 -0.615
453.979 -0.616
454.119 -0.617
454.259 -0.618
454.4 -0.619
454.542 -0.62
454.685 -0.621
454.828 -0.622
454.972 -0.623
455.117 -0.624
455.262 -0.625
455.408 -0.626
455.554 -0.627
455.701 -0.628
455.849 -0.629
455.997 -0.63
456.147 -0.631
456.297 -0.632
456.447 -0.633
456.598 -0.634
456.75 -0.635
456.903 -0.636
457.056 -0.637
457.21 -0.638
457.365 -0.639
457.52 -0.64
457.676 -0.641
457.833 -0.642
457.99 -0.643
458.149 -0.644
458.307 -0.645
458.467 -0.646
458.627 -0.647
458.788 -0.648
458.95 -0.649
459.112 -0.65
459.275 -0.651
459.439 -0.652
459.603 -0.653
459.768 -0.654
459.934 -0.655
460.101 -0.656
460.268 -0.657
460.436 -0.658
460.604 -0.659
460.774 -0.66
460.944 -0.661
461.115 -0.662
461.286 -0.663
461.458 -0.664
461.631 -0.665
461.804 -0.666
461.979 -0.667
462.154 -0.668
462.329 -0.669
462.506 -0.67
462.683 -0.671
462.86 -0.672
463.039 -0.673
463.218 -0.674
463.398 -0.675
463.579 -0.676
463.76 -0.677
463.942 -0.678
464.125 -0.679
464.309 -0.68
464.493 -0.681
464.678 -0.682
464.864 -0.683
465.051 -0.684
465.238 -0.685
465.426 -0.686
465.615 -0.687
465.805 -0.688
465.995 -0.689
466.186 -0.69
466.378 -0.691
466.571 -0.692
466.764 -0.693
466.958 -0.694
467.153 -0.695
467.349 -0.696
467.545 -0.697
467.743 -0.698
467.941 -0.699
468.139 -0.7
468.339 -0.701
468.539 -0.702
468.74 -0.703
468.942 -0.704
469.144 -0.705
469.348 -0.706
469.552 -0.707
469.757 -0.708
469.963 -0.709
470.169 -0.71
470.376 -0.711
470.585 -0.712
470.793 -0.713
471.003 -0.714
471.214 -0.715
471.425 -0.716
471.637 -0.717
471.85 -0.718
472.064 -0.719
472.279 -0.72
472.495 -0.721
472.711 -0.722
472.928 -0.723
473.146 -0.724
473.365 -0.725
473.585 -0.726
473.806 -0.727
474.027 -0.728
474.25 -0.729
474.473 -0.73
474.697 -0.731
474.922 -0.732
475.148 -0.733
475.374 -0.734
475.601 -0.735
475.83 -0.736
476.058 -0.737
476.288 -0.738
476.519 -0.739
476.751 -0.74
476.984 -0.741
477.217 -0.742
477.452 -0.743
477.687 -0.744
477.923 -0.745
478.16 -0.746
478.398 -0.747
478.637 -0.748
478.877 -0.749
479.117 -0.75
479.358 -0.751
479.601 -0.752
479.843 -0.753
480.087 -0.754
480.331 -0.755
480.574 -0.756
480.819 -0.757
481.061 -0.758
481.302 -0.759
481.544 -0.76
481.786 -0.761
482.028 -0.762
482.268 -0.763
482.508 -0.764
482.749 -0.765
482.991 -0.766
483.233 -0.767
483.477 -0.768
483.721 -0.769
483.966 -0.77
484.212 -0.771
484.459 -0.772
484.706 -0.773
484.955 -0.774
485.204 -0.775
485.454 -0.776
485.705 -0.777
485.956 -0.778
486.209 -0.779
486.462 -0.78
486.717 -0.781
486.972 -0.782
487.228 -0.783
487.484 -0.784
487.742 -0.785
488.001 -0.786
488.26 -0.787
488.52 -0.788
488.782 -0.789
489.044 -0.79
489.307 -0.791
489.571 -0.792
489.836 -0.793
490.102 -0.794
490.369 -0.795
490.636 -0.796
490.905 -0.797
491.175 -0.798
491.445 -0.799
491.717 -0.8
491.989 -0.801
492.262 -0.802
492.537 -0.803
492.812 -0.804
493.088 -0.805
493.365 -0.806
493.643 -0.807
493.922 -0.808
494.202 -0.809
494.483 -0.81
494.764 -0.811
495.047 -0.812
495.33 -0.813
495.614 -0.814
495.899 -0.815
496.185 -0.816
496.472 -0.817
496.76 -0.818
497.049 -0.819
497.339 -0.82
497.629 -0.821
497.921 -0.822
498.213 -0.823
498.506 -0.824
498.801 -0.825
499.096 -0.826
499.392 -0.827
499.689 -0.828
499.986 -0.829
500.285 -0.83
500.585 -0.831
500.885 -0.832
501.187 -0.833
501.489 -0.834
501.793 -0.835
502.097 -0.836
502.402 -0.837
502.708 -0.838
503.015 -0.839
503.323 -0.84
503.632 -0.841
503.942 -0.842
504.253 -0.843
504.564 -0.844
504.877 -0.845
505.19 -0.846
505.505 -0.847
505.82 -0.848
506.137 -0.849
506.454 -0.85
506.772 -0.851
507.091 -0.852
507.411 -0.853
507.732 -0.854
508.054 -0.855
508.377 -0.856
508.7 -0.857
509.025 -0.858
509.349 -0.859
509.674 -0.86
510 -0.861
510.326 -0.862
510.651 -0.863
510.977 -0.864
511.302 -0.865
511.627 -0.866
511.952 -0.867
512.277 -0.868
512.602 -0.869
512.928 -0.87
513.253 -0.871
513.579 -0.872
513.906 -0.873
514.233 -0.874
514.562 -0.875
514.891 -0.876
515.222 -0.877
515.553 -0.878
515.885 -0.879
516.219 -0.88
516.553 -0.881
516.888 -0.882
517.224 -0.883
517.561 -0.884
517.899 -0.885
518.238 -0.886
518.578 -0.887
518.918 -0.888
519.26 -0.889
519.603 -0.89
519.946 -0.891
520.291 -0.892
520.636 -0.893
520.983 -0.894
521.33 -0.895
521.679 -0.896
522.028 -0.897
522.378 -0.898
522.73 -0.899
523.082 -0.9
523.435 -0.901
523.789 -0.902
524.144 -0.903
524.501 -0.904
524.858 -0.905
525.216 -0.906
525.575 -0.907
525.935 -0.908
526.296 -0.909
526.658 -0.91
527.021 -0.911
527.385 -0.912
527.75 -0.913
528.116 -0.914
528.483 -0.915
528.851 -0.916
529.22 -0.917
529.59 -0.918
529.961 -0.919
530.333 -0.92
530.706 -0.921
531.08 -0.922
531.455 -0.923
531.832 -0.924
532.209 -0.925
532.587 -0.926
532.966 -0.927
533.347 -0.928
533.728 -0.929
534.11 -0.93
534.494 -0.931
534.878 -0.932
535.264 -0.933
535.65 -0.934
536.038 -0.935
536.427 -0.936
536.816 -0.937
537.207 -0.938
537.599 -0.939
537.992 -0.94
538.386 -0.941
538.78 -0.942
539.176 -0.943
539.573 -0.944
539.972 -0.945
540.371 -0.946
540.771 -0.947
541.172 -0.948
541.575 -0.949
541.978 -0.95
542.382 -0.951
542.788 -0.952
543.195 -0.953
543.602 -0.954
544.011 -0.955
544.421 -0.956
544.831 -0.957
545.241 -0.958
545.652 -0.959
546.064 -0.96
546.476 -0.961
546.887 -0.962
547.299 -0.963
547.71 -0.964
548.121 -0.965
548.532 -0.966
548.943 -0.967
549.354 -0.968
549.766 -0.969
550.179 -0.97
550.592 -0.971
551.005 -0.972
551.419 -0.973
551.835 -0.974
552.251 -0.975
552.669 -0.976
553.087 -0.977
553.507 -0.978
553.928 -0.979
554.349 -0.98
554.772 -0.981
555.196 -0.982
555.621 -0.983
556.047 -0.984
556.475 -0.985
556.903 -0.986
557.332 -0.987
557.763 -0.988
558.194 -0.989
558.627 -0.99
559.06 -0.991
559.495 -0.992
559.931 -0.993
560.368 -0.994
560.806 -0.995
561.245 -0.996
561.685 -0.997
562.127 -0.998
562.569 -0.999
563.013 -1
563.457 -1.001
563.903 -1.002
564.35 -1.003
564.798 -1.004
565.247 -1.005
565.697 -1.006
566.148 -1.007
566.6 -1.008
567.054 -1.009
567.508 -1.01
567.964 -1.011
568.421 -1.012
568.879 -1.013
569.338 -1.014
569.798 -1.015
570.259 -1.016
570.722 -1.017
571.185 -1.018
571.65 -1.019
572.116 -1.02
572.582 -1.021
573.049 -1.022
573.518 -1.023
573.987 -1.024
574.456 -1.025
574.927 -1.026
575.398 -1.027
575.869 -1.028
576.341 -1.029
576.814 -1.03
577.286 -1.031
577.759 -1.032
578.232 -1.033
578.704 -1.034
579.176 -1.035
579.649 -1.036
580.12 -1.037
580.591 -1.038
581.061 -1.039
581.529 -1.04
581.997 -1.041
582.464 -1.042
582.93 -1.043
583.396 -1.044
583.861 -1.045
584.327 -1.046
584.793 -1.047
585.259 -1.048
585.725 -1.049
586.192 -1.05
586.659 -1.051
587.127 -1.052
587.596 -1.053
588.066 -1.054
588.536 -1.055
589.007 -1.056
589.479 -1.057
589.951 -1.058
590.424 -1.059
590.896 -1.06
591.37 -1.061
591.844 -1.062
592.319 -1.063
592.794 -1.064
593.269 -1.065
593.745 -1.066
594.222 -1.067
594.7 -1.068
595.177 -1.069
595.656 -1.07
596.134 -1.071
596.614 -1.072
597.094 -1.073
597.574 -1.074
598.055 -1.075
598.537 -1.076
599.019 -1.077
599.503 -1.078
599.987 -1.079
600.472 -1.08
600.958 -1.081
601.444 -1.082
601.932 -1.083
602.421 -1.084
602.911 -1.085
603.402 -1.086
603.894 -1.087
604.388 -1.088
604.882 -1.089
605.378 -1.09
605.874 -1.091
606.372 -1.092
606.871 -1.093
607.371 -1.094
607.872 -1.095
608.374 -1.096
608.877 -1.097
609.382 -1.098
609.887 -1.099
610.394 -1.1
610.902 -1.101
611.411 -1.102
611.921 -1.103
612.432 -1.104
612.944 -1.105
613.458 -1.106
613.972 -1.107
614.488 -1.108
615.005 -1.109
615.523 -1.11
616.042 -1.111
616.562 -1.112
617.084 -1.113
617.606 -1.114
618.13 -1.115
618.655 -1.116
619.181 -1.117
619.708 -1.118
620.236 -1.119
620.765 -1.12
621.296 -1.121
621.828 -1.122
622.36 -1.123
622.894 -1.124
623.43 -1.125
623.966 -1.126
624.503 -1.127
625.042 -1.128
625.582 -1.129
626.123 -1.13
626.665 -1.131
627.208 -1.132
627.753 -1.133
628.298 -1.134
628.845 -1.135
629.393 -1.136
629.942 -1.137
630.493 -1.138
631.044 -1.139
631.597 -1.14
632.151 -1.141
632.706 -1.142
633.262 -1.143
633.819 -1.144
634.378 -1.145
634.936 -1.146
635.496 -1.147
636.056 -1.148
636.618 -1.149
637.179 -1.15
637.742 -1.151
638.305 -1.152
638.868 -1.153
639.43 -1.154
639.994 -1.155
640.559 -1.156
641.122 -1.157
641.687 -1.158
642.252 -1.159
642.817 -1.16
643.382 -1.161
643.947 -1.162
644.514 -1.163
645.079 -1.164
645.643 -1.165
646.207 -1.166
646.772 -1.167
647.335 -1.168
647.9 -1.169
648.464 -1.17
649.028 -1.171
649.59 -1.172
650.152 -1.173
650.714 -1.174
651.277 -1.175
651.84 -1.176
652.403 -1.177
652.967 -1.178
653.532 -1.179
654.097 -1.18
654.663 -1.181
655.229 -1.182
655.797 -1.183
656.366 -1.184
656.937 -1.185
657.508 -1.186
658.081 -1.187
658.655 -1.188
659.23 -1.189
659.806 -1.19
660.384 -1.191
660.963 -1.192
661.543 -1.193
662.124 -1.194
662.706 -1.195
663.29 -1.196
663.875 -1.197
664.461 -1.198
665.048 -1.199
665.636 -1.2
666.226 -1.201
666.817 -1.202
667.409 -1.203
668.003 -1.204
668.597 -1.205
669.193 -1.206
669.79 -1.207
670.388 -1.208
670.988 -1.209
671.589 -1.21
672.191 -1.211
672.794 -1.212
673.398 -1.213
674.004 -1.214
674.611 -1.215
675.219 -1.216
675.828 -1.217
676.439 -1.218
677.051 -1.219
677.664 -1.22
678.278 -1.221
678.894 -1.222
679.51 -1.223
680.128 -1.224
680.748 -1.225
681.368 -1.226
681.99 -1.227
682.614 -1.228
683.238 -1.229
683.864 -1.23
684.491 -1.231
685.119 -1.232
685.748 -1.233
686.379 -1.234
687.011 -1.235
687.644 -1.236
688.279 -1.237
688.915 -1.238
689.552 -1.239
690.19 -1.24
690.829 -1.241
691.47 -1.242
692.112 -1.243
692.756 -1.244
693.4 -1.245
694.046 -1.246
694.692 -1.247
695.34 -1.248
695.988 -1.249
696.638 -1.25
697.288 -1.251
697.94 -1.252
698.593 -1.253
699.246 -1.254
699.9 -1.255
700.555 -1.256
701.212 -1.257
701.868 -1.258
702.526 -1.259
703.184 -1.26
703.844 -1.261
704.504 -1.262
705.164 -1.263
705.826 -1.264
706.489 -1.265
707.154 -1.266
707.817 -1.267
708.483 -1.268
709.149 -1.269
709.817 -1.27
710.486 -1.271
711.156 -1.272
711.827 -1.273
712.499 -1.274
713.173 -1.275
713.847 -1.276
714.522 -1.277
715.199 -1.278
715.877 -1.279
716.557 -1.28
717.238 -1.281
717.92 -1.282
718.603 -1.283
719.288 -1.284
719.975 -1.285
720.662 -1.286
721.351 -1.287
722.041 -1.288
722.733 -1.289
723.426 -1.29
724.12 -1.291
724.816 -1.292
725.513 -1.293
726.212 -1.294
726.911 -1.295
727.613 -1.296
728.315 -1.297
729.019 -1.298
729.724 -1.299
730.431 -1.3
