12.6513 -0.001
25.2349 -0.002
37.7516 -0.003
50.2008 -0.004
62.5824 -0.005
74.8963 -0.006
87.1424 -0.007
99.3203 -0.008
111.43 -0.009
123.471 -0.01
135.443 -0.011
147.347 -0.012
159.181 -0.013
170.945 -0.014
182.64 -0.015
194.264 -0.016
205.818 -0.017
217.301 -0.018
228.713 -0.019
240.052 -0.02
251.32 -0.021
262.514 -0.022
273.635 -0.023
284.683 -0.024
295.656 -0.025
306.553 -0.026
317.375 -0.027
328.121 -0.028
338.788 -0.029
349.122 -0.03
358.797 -0.031
367.36 -0.032
375.24 -0.033
383.023 -0.034
390.683 -0.035
398.157 -0.036
405.484 -0.037
412.5 -0.038
419.283 -0.039
425.662 -0.04
431.822 -0.041
437.873 -0.042
443.723 -0.043
449.221 -0.044
454.408 -0.045
459.088 -0.046
463.486 -0.047
467.44 -0.048
470.932 -0.049
473.932 -0.05
476.843 -0.051
479.686 -0.052
482.434 -0.053
485.088 -0.054
487.639 -0.055
490.099 -0.056
492.518 -0.057
494.805 -0.058
496.895 -0.059
498.751 -0.06
500.345 -0.061
501.712 -0.062
502.83 -0.063
503.891 -0.064
504.913 -0.065
505.821 -0.066
506.553 -0.067
507.095 -0.068
507.483 -0.069
507.84 -0.07
508.168 -0.071
508.475 -0.072
508.759 -0.073
509.018 -0.074
509.261 -0.075
509.483 -0.076
509.668 -0.077
509.84 -0.078
509.981 -0.079
510.102 -0.08
510.208 -0.081
510.284 -0.082
510.349 -0.083
510.404 -0.084
510.425 -0.085
510.431 -0.086
510.429 -0.087
510.409 -0.088
510.376 -0.089
510.321 -0.09
510.235 -0.091
510.135 -0.092
510.014 -0.093
509.865 -0.094
509.712 -0.095
509.555 -0.096
509.378 -0.097
509.192 -0.098
509.003 -0.099
508.802 -0.1
508.578 -0.101
508.351 -0.102
508.12 -0.103
507.885 -0.104
507.647 -0.105
507.405 -0.106
507.16 -0.107
506.911 -0.108
506.66 -0.109
506.407 -0.11
506.149 -0.111
505.887 -0.112
505.623 -0.113
505.357 -0.114
505.09 -0.115
504.821 -0.116
504.551 -0.117
504.28 -0.118
504.007 -0.119
503.733 -0.12
503.458 -0.121
503.182 -0.122
502.905 -0.123
502.627 -0.124
502.349 -0.125
502.069 -0.126
501.789 -0.127
501.509 -0.128
501.228 -0.129
500.946 -0.13
500.665 -0.131
500.382 -0.132
500.1 -0.133
499.817 -0.134
499.534 -0.135
499.25 -0.136
498.966 -0.137
498.682 -0.138
498.395 -0.139
498.108 -0.14
497.82 -0.141
497.532 -0.142
497.244 -0.143
496.956 -0.144
496.669 -0.145
496.379 -0.146
496.088 -0.147
495.798 -0.148
495.507 -0.149
495.217 -0.15
494.928 -0.151
494.638 -0.152
494.35 -0.153
494.061 -0.154
493.771 -0.155
493.481 -0.156
493.191 -0.157
492.902 -0.158
492.614 -0.159
492.325 -0.16
492.038 -0.161
491.75 -0.162
491.463 -0.163
491.177 -0.164
490.891 -0.165
490.606 -0.166
490.322 -0.167
490.038 -0.168
489.754 -0.169
489.471 -0.17
489.188 -0.171
488.905 -0.172
488.624 -0.173
488.342 -0.174
488.061 -0.175
487.781 -0.176
487.502 -0.177
487.224 -0.178
486.947 -0.179
486.67 -0.18
486.394 -0.181
486.119 -0.182
485.845 -0.183
485.573 -0.184
485.301 -0.185
485.03 -0.186
484.759 -0.187
484.489 -0.188
484.221 -0.189
483.952 -0.19
483.684 -0.191
483.419 -0.192
483.156 -0.193
482.896 -0.194
482.639 -0.195
482.385 -0.196
482.133 -0.197
481.884 -0.198
481.638 -0.199
481.394 -0.2
481.153 -0.201
480.912 -0.202
480.672 -0.203
480.434 -0.204
480.197 -0.205
479.962 -0.206
479.728 -0.207
479.495 -0.208
479.264 -0.209
479.034 -0.21
478.805 -0.211
478.577 -0.212
478.35 -0.213
478.125 -0.214
477.901 -0.215
477.678 -0.216
477.457 -0.217
477.238 -0.218
477.021 -0.219
476.805 -0.22
476.59 -0.221
476.375 -0.222
476.162 -0.223
475.951 -0.224
475.741 -0.225
475.533 -0.226
475.328 -0.227
475.125 -0.228
474.925 -0.229
474.727 -0.23
474.53 -0.231
474.338 -0.232
474.149 -0.233
473.964 -0.234
473.784 -0.235
473.607 -0.236
473.434 -0.237
473.264 -0.238
473.1 -0.239
472.938 -0.24
472.781 -0.241
472.625 -0.242
472.472 -0.243
472.317 -0.244
472.164 -0.245
472.014 -0.246
471.865 -0.247
471.718 -0.248
471.574 -0.249
471.429 -0.25
471.285 -0.251
471.143 -0.252
471.003 -0.253
470.865 -0.254
470.729 -0.255
470.592 -0.256
470.456 -0.257
470.323 -0.258
470.191 -0.259
470.061 -0.26
469.933 -0.261
469.804 -0.262
469.676 -0.263
469.551 -0.264
469.427 -0.265
469.306 -0.266
469.184 -0.267
469.062 -0.268
468.943 -0.269
468.826 -0.27
468.711 -0.271
468.595 -0.272
468.48 -0.273
468.367 -0.274
468.256 -0.275
468.147 -0.276
468.041 -0.277
467.937 -0.278
467.837 -0.279
467.739 -0.28
467.644 -0.281
467.552 -0.282
467.463 -0.283
467.377 -0.284
467.293 -0.285
467.213 -0.286
467.137 -0.287
467.063 -0.288
466.991 -0.289
466.924 -0.29
466.859 -0.291
466.797 -0.292
466.737 -0.293
466.674 -0.294
466.607 -0.295
466.527 -0.296
466.45 -0.297
466.374 -0.298
466.3 -0.299
466.227 -0.3
466.153 -0.301
466.082 -0.302
466.011 -0.303
465.941 -0.304
465.873 -0.305
465.807 -0.306
465.742 -0.307
465.678 -0.308
465.616 -0.309
465.555 -0.31
465.497 -0.311
465.44 -0.312
465.384 -0.313
465.329 -0.314
465.275 -0.315
465.224 -0.316
465.174 -0.317
465.127 -0.318
465.079 -0.319
465.033 -0.32
464.989 -0.321
464.947 -0.322
464.907 -0.323
464.867 -0.324
464.828 -0.325
464.792 -0.326
464.758 -0.327
464.724 -0.328
464.69 -0.329
464.657 -0.33
464.627 -0.331
464.6 -0.332
464.573 -0.333
464.548 -0.334
464.525 -0.335
464.505 -0.336
464.487 -0.337
464.471 -0.338
464.456 -0.339
464.443 -0.34
464.433 -0.341
464.424 -0.342
464.414 -0.343
464.406 -0.344
464.401 -0.345
464.399 -0.346
464.398 -0.347
464.398 -0.348
464.398 -0.349
464.4 -0.35
464.404 -0.351
464.41 -0.352
464.417 -0.353
464.426 -0.354
464.433 -0.355
464.443 -0.356
464.454 -0.357
464.468 -0.358
464.484 -0.359
464.497 -0.36
464.513 -0.361
464.531 -0.362
464.55 -0.363
464.57 -0.364
464.589 -0.365
464.61 -0.366
464.634 -0.367
464.657 -0.368
464.678 -0.369
464.702 -0.37
464.729 -0.371
464.758 -0.372
464.789 -0.373
464.823 -0.374
464.86 -0.375
464.899 -0.376
464.94 -0.377
464.985 -0.378
465.032 -0.379
465.082 -0.38
465.134 -0.381
465.19 -0.382
465.248 -0.383
465.309 -0.384
465.373 -0.385
465.438 -0.386
465.503 -0.387
465.571 -0.388
465.642 -0.389
465.715 -0.39
465.788 -0.391
465.862 -0.392
465.939 -0.393
466.019 -0.394
466.097 -0.395
466.177 -0.396
466.256 -0.397
466.333 -0.398
466.409 -0.399
466.483 -0.4
466.553 -0.401
466.622 -0.402
466.684 -0.403
466.746 -0.404
466.807 -0.405
466.869 -0.406
466.931 -0.407
466.994 -0.408
467.059 -0.409
467.123 -0.41
467.189 -0.411
467.254 -0.412
467.319 -0.413
467.385 -0.414
467.45 -0.415
467.514 -0.416
467.58 -0.417
467.648 -0.418
467.717 -0.419
467.789 -0.42
467.863 -0.421
467.939 -0.422
468.017 -0.423
468.097 -0.424
468.179 -0.425
468.264 -0.426
468.35 -0.427
468.439 -0.428
468.529 -0.429
468.622 -0.43
468.718 -0.431
468.815 -0.432
468.915 -0.433
469.017 -0.434
469.121 -0.435
469.227 -0.436
469.336 -0.437
469.448 -0.438
469.561 -0.439
469.677 -0.44
469.796 -0.441
469.917 -0.442
470.041 -0.443
470.167 -0.444
470.294 -0.445
470.424 -0.446
470.556 -0.447
470.691 -0.448
470.827 -0.449
470.965 -0.45
471.105 -0.451
471.248 -0.452
471.392 -0.453
471.538 -0.454
471.686 -0.455
471.836 -0.456
471.989 -0.457
472.144 -0.458
472.302 -0.459
472.462 -0.46
472.626 -0.461
472.791 -0.462
472.96 -0.463
473.131 -0.464
473.305 -0.465
473.481 -0.466
473.66 -0.467
473.821 -0.468
473.972 -0.469
474.125 -0.47
474.28 -0.471
474.438 -0.472
474.598 -0.473
474.761 -0.474
474.926 -0.475
475.093 -0.476
475.244 -0.477
475.392 -0.478
475.541 -0.479
475.693 -0.48
475.847 -0.481
476.003 -0.482
476.161 -0.483
476.321 -0.484
476.484 -0.485
476.649 -0.486
476.816 -0.487
476.986 -0.488
477.157 -0.489
477.331 -0.49
477.507 -0.491
477.686 -0.492
477.867 -0.493
478.051 -0.494
478.236 -0.495
478.425 -0.496
478.615 -0.497
478.808 -0.498
479.004 -0.499
479.202 -0.5
479.402 -0.501
479.603 -0.502
479.807 -0.503
480.013 -0.504
480.221 -0.505
480.429 -0.506
480.63 -0.507
480.822 -0.508
481.007 -0.509
481.193 -0.51
481.382 -0.511
481.572 -0.512
481.765 -0.513
481.96 -0.514
482.157 -0.515
482.357 -0.516
482.559 -0.517
482.764 -0.518
482.97 -0.519
483.179 -0.52
483.391 -0.521
483.605 -0.522
483.822 -0.523
484.04 -0.524
484.262 -0.525
484.486 -0.526
484.709 -0.527
484.932 -0.528
485.154 -0.529
485.376 -0.53
485.598 -0.531
485.821 -0.532
486.046 -0.533
486.274 -0.534
486.504 -0.535
486.735 -0.536
486.969 -0.537
487.206 -0.538
487.445 -0.539
487.687 -0.54
487.932 -0.541
488.179 -0.542
488.429 -0.543
488.682 -0.544
488.937 -0.545
489.195 -0.546
489.456 -0.547
489.717 -0.548
489.977 -0.549
490.235 -0.55
490.491 -0.551
490.746 -0.552
491 -0.553
491.253 -0.554
491.508 -0.555
491.766 -0.556
492.027 -0.557
492.29 -0.558
492.553 -0.559
492.815 -0.56
493.079 -0.561
493.342 -0.562
493.606 -0.563
493.871 -0.564
494.136 -0.565
494.405 -0.566
494.677 -0.567
494.951 -0.568
495.228 -0.569
495.508 -0.57
495.791 -0.571
496.077 -0.572
496.365 -0.573
496.657 -0.574
496.951 -0.575
497.248 -0.576
497.549 -0.577
497.852 -0.578
498.158 -0.579
498.467 -0.58
498.78 -0.581
499.095 -0.582
499.413 -0.583
499.734 -0.584
500.059 -0.585
500.386 -0.586
500.717 -0.587
501.049 -0.588
501.387 -0.589
501.727 -0.59
502.07 -0.591
502.415 -0.592
502.764 -0.593
503.112 -0.594
503.359 -0.595
503.682 -0.596
504.008 -0.597
504.336 -0.598
504.664 -0.599
504.995 -0.6
505.326 -0.601
505.66 -0.602
505.994 -0.603
506.329 -0.604
506.512 -0.605
506.83 -0.606
507.151 -0.607
507.475 -0.608
507.802 -0.609
508.133 -0.61
508.467 -0.611
508.804 -0.612
509.144 -0.613
509.489 -0.614
509.836 -0.615
510.187 -0.616
510.541 -0.617
510.897 -0.618
511.256 -0.619
511.603 -0.62
511.934 -0.621
512.27 -0.622
512.624 -0.623
512.981 -0.624
513.34 -0.625
513.704 -0.626
514.07 -0.627
514.423 -0.628
514.763 -0.629
515.118 -0.63
515.481 -0.631
515.846 -0.632
516.222 -0.633
516.694 -0.634
517.182 -0.635
517.674 -0.636
518.168 -0.637
518.666 -0.638
519.158 -0.639
519.623 -0.64
520.105 -0.641
520.593 -0.642
521.171 -0.643
521.754 -0.644
522.34 -0.645
522.927 -0.646
523.517 -0.647
524.08 -0.648
524.629 -0.649
525.179 -0.65
525.731 -0.651
526.285 -0.652
526.839 -0.653
527.393 -0.654
527.946 -0.655
528.497 -0.656
529.036 -0.657
529.551 -0.658
530.067 -0.659
530.586 -0.66
531.107 -0.661
531.63 -0.662
532.154 -0.663
532.761 -0.664
533.354 -0.665
533.939 -0.666
534.513 -0.667
535.073 -0.668
535.637 -0.669
536.204 -0.67
536.776 -0.671
537.338 -0.672
537.889 -0.673
538.506 -0.674
539.129 -0.675
539.747 -0.676
540.37 -0.677
540.996 -0.678
541.627 -0.679
542.249 -0.68
542.857 -0.681
543.468 -0.682
544.083 -0.683
544.702 -0.684
545.324 -0.685
545.948 -0.686
546.577 -0.687
547.208 -0.688
547.843 -0.689
548.48 -0.69
549.119 -0.691
549.762 -0.692
550.407 -0.693
551.055 -0.694
551.705 -0.695
552.359 -0.696
553.016 -0.697
553.676 -0.698
554.339 -0.699
555.006 -0.7
555.675 -0.701
556.346 -0.702
557.02 -0.703
557.697 -0.704
558.376 -0.705
559.059 -0.706
559.745 -0.707
560.433 -0.708
561.125 -0.709
561.821 -0.71
562.521 -0.711
563.225 -0.712
563.933 -0.713
564.643 -0.714
565.357 -0.715
566.076 -0.716
566.798 -0.717
567.523 -0.718
568.252 -0.719
568.984 -0.72
569.719 -0.721
570.459 -0.722
571.202 -0.723
571.951 -0.724
572.703 -0.725
573.46 -0.726
574.22 -0.727
574.984 -0.728
575.752 -0.729
576.524 -0.73
577.3 -0.731
578.08 -0.732
578.864 -0.733
579.653 -0.734
580.445 -0.735
581.242 -0.736
582.043 -0.737
582.848 -0.738
583.657 -0.739
584.47 -0.74
585.288 -0.741
586.109 -0.742
586.935 -0.743
587.765 -0.744
588.598 -0.745
589.436 -0.746
590.279 -0.747
591.124 -0.748
591.975 -0.749
592.828 -0.75
593.687 -0.751
594.549 -0.752
595.413 -0.753
596.281 -0.754
597.152 -0.755
598.027 -0.756
598.906 -0.757
599.789 -0.758
600.675 -0.759
601.565 -0.76
602.457 -0.761
603.352 -0.762
604.249 -0.763
605.151 -0.764
606.057 -0.765
606.967 -0.766
607.879 -0.767
608.795 -0.768
609.716 -0.769
610.64 -0.77
611.568 -0.771
612.499 -0.772
613.433 -0.773
614.371 -0.774
615.312 -0.775
616.256 -0.776
617.203 -0.777
618.154 -0.778
619.109 -0.779
620.067 -0.78
621.029 -0.781
621.994 -0.782
622.961 -0.783
623.931 -0.784
624.906 -0.785
625.885 -0.786
626.869 -0.787
627.856 -0.788
628.848 -0.789
629.844 -0.79
630.843 -0.791
631.848 -0.792
632.857 -0.793
633.87 -0.794
634.887 -0.795
635.909 -0.796
636.936 -0.797
637.968 -0.798
639.004 -0.799
640.045 -0.8
641.091 -0.801
642.141 -0.802
643.197 -0.803
644.257 -0.804
645.323 -0.805
646.393 -0.806
647.468 -0.807
648.547 -0.808
649.631 -0.809
650.719 -0.81
651.812 -0.811
652.911 -0.812
654.015 -0.813
655.123 -0.814
656.238 -0.815
657.352 -0.816
658.469 -0.817
659.591 -0.818
660.718 -0.819
661.851 -0.82
662.988 -0.821
664.13 -0.822
665.278 -0.823
666.42 -0.824
667.564 -0.825
668.713 -0.826
669.867 -0.827
671.026 -0.828
672.19 -0.829
673.351 -0.83
674.516 -0.831
675.687 -0.832
676.863 -0.833
678.044 -0.834
679.23 -0.835
680.415 -0.836
681.584 -0.837
682.757 -0.838
683.934 -0.839
685.117 -0.84
686.304 -0.841
687.496 -0.842
688.691 -0.843
689.879 -0.844
691.073 -0.845
692.271 -0.846
693.472 -0.847
694.668 -0.848
695.868 -0.849
697.055 -0.85
698.246 -0.851
699.441 -0.852
700.638 -0.853
701.84 -0.854
703.047 -0.855
704.259 -0.856
705.476 -0.857
706.693 -0.858
707.898 -0.859
709.1 -0.86
710.307 -0.861
711.516 -0.862
712.72 -0.863
713.913 -0.864
715.111 -0.865
716.313 -0.866
717.52 -0.867
718.731 -0.868
719.947 -0.869
721.163 -0.87
722.366 -0.871
723.573 -0.872
724.781 -0.873
725.993 -0.874
727.208 -0.875
728.428 -0.876
729.651 -0.877
730.88 -0.878
732.108 -0.879
733.34 -0.88
734.576 -0.881
735.817 -0.882
737.06 -0.883
738.299 -0.884
739.516 -0.885
740.7 -0.886
741.886 -0.887
743.059 -0.888
744.232 -0.889
745.409 -0.89
746.59 -0.891
747.776 -0.892
748.965 -0.893
750.157 -0.894
751.354 -0.895
752.555 -0.896
753.76 -0.897
754.97 -0.898
756.185 -0.899
757.404 -0.9
