9.83724 -0.001
19.6656 -0.002
29.4851 -0.003
39.2956 -0.004
49.0971 -0.005
58.8895 -0.006
68.6727 -0.007
78.4467 -0.008
88.2114 -0.009
97.9667 -0.01
107.713 -0.011
117.449 -0.012
127.176 -0.013
136.893 -0.014
146.6 -0.015
156.298 -0.016
165.986 -0.017
175.664 -0.018
185.331 -0.019
194.989 -0.02
204.637 -0.021
214.274 -0.022
223.901 -0.023
233.517 -0.024
243.123 -0.025
252.719 -0.026
262.304 -0.027
271.877 -0.028
281.44 -0.029
290.993 -0.03
300.534 -0.031
310.063 -0.032
319.582 -0.033
329.089 -0.034
338.585 -0.035
348.069 -0.036
357.542 -0.037
367.003 -0.038
376.452 -0.039
385.889 -0.04
395.313 -0.041
404.726 -0.042
414.126 -0.043
423.514 -0.044
432.889 -0.045
442.252 -0.046
451.602 -0.047
460.939 -0.048
470.262 -0.049
479.573 -0.05
488.87 -0.051
498.132 -0.052
507.207 -0.053
515.882 -0.054
523.812 -0.055
530.499 -0.056
536.36 -0.057
541.66 -0.058
546.024 -0.059
549.415 -0.06
552.547 -0.061
555.431 -0.062
558.056 -0.063
560.511 -0.064
562.614 -0.065
564.304 -0.066
565.594 -0.067
566.657 -0.068
567.438 -0.069
568.036 -0.07
568.607 -0.071
569.149 -0.072
569.665 -0.073
570.163 -0.074
570.644 -0.075
571.11 -0.076
571.562 -0.077
572.003 -0.078
572.435 -0.079
572.858 -0.08
573.275 -0.081
573.688 -0.082
574.095 -0.083
574.496 -0.084
574.888 -0.085
575.27 -0.086
575.643 -0.087
576.009 -0.088
576.365 -0.089
576.71 -0.09
577.047 -0.091
577.374 -0.092
577.693 -0.093
578.002 -0.094
578.305 -0.095
578.601 -0.096
578.889 -0.097
579.171 -0.098
579.444 -0.099
579.714 -0.1
579.978 -0.101
580.237 -0.102
580.49 -0.103
580.739 -0.104
580.979 -0.105
581.216 -0.106
581.444 -0.107
581.667 -0.108
581.886 -0.109
582.099 -0.11
582.308 -0.111
582.513 -0.112
582.714 -0.113
582.911 -0.114
583.104 -0.115
583.295 -0.116
583.482 -0.117
583.666 -0.118
583.85 -0.119
584.031 -0.12
584.211 -0.121
584.39 -0.122
584.566 -0.123
584.741 -0.124
584.915 -0.125
585.09 -0.126
585.263 -0.127
585.436 -0.128
585.608 -0.129
585.78 -0.13
585.952 -0.131
586.122 -0.132
586.291 -0.133
586.459 -0.134
586.627 -0.135
586.795 -0.136
586.96 -0.137
587.125 -0.138
587.289 -0.139
587.453 -0.14
587.616 -0.141
587.778 -0.142
587.94 -0.143
588.101 -0.144
588.26 -0.145
588.42 -0.146
588.578 -0.147
588.736 -0.148
588.893 -0.149
589.049 -0.15
589.204 -0.151
589.359 -0.152
589.512 -0.153
589.665 -0.154
589.815 -0.155
589.965 -0.156
590.115 -0.157
590.265 -0.158
590.413 -0.159
590.561 -0.16
590.707 -0.161
590.852 -0.162
590.997 -0.163
591.141 -0.164
591.286 -0.165
591.43 -0.166
591.572 -0.167
591.713 -0.168
591.853 -0.169
591.992 -0.17
592.131 -0.171
592.269 -0.172
592.406 -0.173
592.542 -0.174
592.676 -0.175
592.811 -0.176
592.944 -0.177
593.076 -0.178
593.208 -0.179
593.34 -0.18
593.47 -0.181
593.599 -0.182
593.728 -0.183
593.855 -0.184
593.983 -0.185
594.11 -0.186
594.236 -0.187
594.361 -0.188
594.485 -0.189
594.608 -0.19
594.73 -0.191
594.851 -0.192
594.971 -0.193
595.091 -0.194
595.211 -0.195
595.331 -0.196
595.449 -0.197
595.567 -0.198
595.684 -0.199
595.799 -0.2
595.914 -0.201
596.029 -0.202
596.144 -0.203
596.258 -0.204
596.372 -0.205
596.484 -0.206
596.595 -0.207
596.706 -0.208
596.816 -0.209
596.924 -0.21
597.032 -0.211
597.141 -0.212
597.249 -0.213
597.357 -0.214
597.464 -0.215
597.571 -0.216
597.678 -0.217
597.784 -0.218
597.889 -0.219
597.993 -0.22
598.097 -0.221
598.201 -0.222
598.305 -0.223
598.408 -0.224
598.511 -0.225
598.613 -0.226
598.715 -0.227
598.816 -0.228
598.917 -0.229
599.017 -0.23
599.116 -0.231
599.216 -0.232
599.316 -0.233
599.416 -0.234
599.514 -0.235
599.612 -0.236
599.709 -0.237
599.805 -0.238
599.902 -0.239
599.997 -0.24
600.092 -0.241
600.187 -0.242
600.282 -0.243
600.376 -0.244
600.471 -0.245
600.565 -0.246
600.66 -0.247
600.754 -0.248
600.849 -0.249
600.943 -0.25
601.037 -0.251
601.13 -0.252
601.224 -0.253
601.316 -0.254
601.409 -0.255
601.501 -0.256
601.594 -0.257
601.686 -0.258
601.778 -0.259
601.869 -0.26
601.96 -0.261
602.052 -0.262
602.143 -0.263
602.234 -0.264
602.325 -0.265
602.416 -0.266
602.507 -0.267
602.598 -0.268
602.689 -0.269
602.779 -0.27
602.87 -0.271
602.96 -0.272
603.05 -0.273
603.14 -0.274
603.23 -0.275
603.32 -0.276
603.409 -0.277
603.499 -0.278
603.588 -0.279
603.678 -0.28
603.767 -0.281
603.857 -0.282
603.946 -0.283
604.035 -0.284
604.125 -0.285
604.214 -0.286
604.303 -0.287
604.393 -0.288
604.482 -0.289
604.571 -0.29
604.66 -0.291
604.749 -0.292
604.838 -0.293
604.927 -0.294
605.016 -0.295
605.105 -0.296
605.194 -0.297
605.283 -0.298
605.372 -0.299
605.46 -0.3
605.549 -0.301
605.637 -0.302
605.725 -0.303
605.813 -0.304
605.901 -0.305
605.989 -0.306
606.077 -0.307
606.164 -0.308
606.252 -0.309
606.339 -0.31
606.427 -0.311
606.514 -0.312
606.602 -0.313
606.689 -0.314
606.777 -0.315
606.864 -0.316
606.952 -0.317
607.039 -0.318
607.126 -0.319
607.214 -0.32
607.301 -0.321
607.388 -0.322
607.475 -0.323
607.563 -0.324
607.65 -0.325
607.737 -0.326
607.824 -0.327
607.911 -0.328
607.997 -0.329
608.084 -0.33
608.171 -0.331
608.258 -0.332
608.344 -0.333
608.431 -0.334
608.517 -0.335
608.604 -0.336
608.69 -0.337
608.776 -0.338
608.863 -0.339
608.949 -0.34
609.035 -0.341
609.121 -0.342
609.208 -0.343
609.294 -0.344
609.38 -0.345
609.466 -0.346
609.552 -0.347
609.638 -0.348
609.725 -0.349
609.811 -0.35
609.897 -0.351
609.982 -0.352
610.068 -0.353
610.154 -0.354
610.24 -0.355
610.325 -0.356
610.411 -0.357
610.496 -0.358
610.582 -0.359
610.667 -0.36
610.752 -0.361
610.837 -0.362
610.922 -0.363
611.007 -0.364
611.092 -0.365
611.177 -0.366
611.262 -0.367
611.347 -0.368
611.431 -0.369
611.516 -0.37
611.601 -0.371
611.685 -0.372
611.77 -0.373
611.854 -0.374
611.939 -0.375
612.024 -0.376
612.108 -0.377
612.193 -0.378
612.277 -0.379
612.362 -0.38
612.446 -0.381
612.53 -0.382
612.615 -0.383
612.699 -0.384
612.783 -0.385
612.867 -0.386
612.951 -0.387
613.035 -0.388
613.12 -0.389
613.204 -0.39
613.288 -0.391
613.372 -0.392
613.456 -0.393
613.54 -0.394
613.624 -0.395
613.708 -0.396
613.792 -0.397
613.875 -0.398
613.959 -0.399
614.042 -0.4
614.126 -0.401
614.209 -0.402
614.293 -0.403
614.376 -0.404
614.46 -0.405
614.543 -0.406
614.627 -0.407
614.71 -0.408
614.793 -0.409
614.877 -0.41
614.96 -0.411
615.043 -0.412
615.126 -0.413
615.208 -0.414
615.291 -0.415
615.374 -0.416
615.457 -0.417
615.539 -0.418
615.622 -0.419
615.705 -0.42
615.787 -0.421
615.87 -0.422
615.953 -0.423
616.035 -0.424
616.118 -0.425
616.201 -0.426
616.283 -0.427
616.366 -0.428
616.448 -0.429
616.531 -0.43
616.613 -0.431
616.696 -0.432
616.778 -0.433
616.861 -0.434
616.943 -0.435
617.026 -0.436
617.108 -0.437
617.19 -0.438
617.273 -0.439
617.355 -0.44
617.438 -0.441
617.52 -0.442
617.603 -0.443
617.685 -0.444
617.767 -0.445
617.849 -0.446
617.931 -0.447
618.014 -0.448
618.096 -0.449
618.178 -0.45
618.26 -0.451
618.342 -0.452
618.424 -0.453
618.506 -0.454
618.588 -0.455
618.67 -0.456
618.752 -0.457
618.834 -0.458
618.916 -0.459
618.998 -0.46
619.08 -0.461
619.162 -0.462
619.244 -0.463
619.326 -0.464
619.408 -0.465
619.49 -0.466
619.572 -0.467
619.654 -0.468
619.735 -0.469
619.817 -0.47
619.899 -0.471
619.981 -0.472
620.063 -0.473
620.145 -0.474
620.227 -0.475
620.309 -0.476
620.391 -0.477
620.473 -0.478
620.554 -0.479
620.636 -0.48
620.718 -0.481
620.8 -0.482
620.882 -0.483
620.964 -0.484
621.046 -0.485
621.128 -0.486
621.21 -0.487
621.291 -0.488
621.373 -0.489
621.455 -0.49
621.537 -0.491
621.619 -0.492
621.7 -0.493
621.782 -0.494
621.863 -0.495
621.945 -0.496
622.026 -0.497
622.108 -0.498
622.189 -0.499
622.271 -0.5
622.352 -0.501
622.434 -0.502
622.515 -0.503
622.596 -0.504
622.678 -0.505
622.759 -0.506
622.841 -0.507
622.922 -0.508
623.003 -0.509
623.085 -0.51
623.166 -0.511
623.248 -0.512
623.329 -0.513
623.41 -0.514
623.492 -0.515
623.573 -0.516
623.655 -0.517
623.736 -0.518
623.818 -0.519
623.899 -0.52
623.981 -0.521
624.062 -0.522
624.143 -0.523
624.225 -0.524
624.306 -0.525
624.388 -0.526
624.469 -0.527
624.551 -0.528
624.632 -0.529
624.714 -0.53
624.795 -0.531
624.877 -0.532
624.958 -0.533
625.04 -0.534
625.121 -0.535
625.203 -0.536
625.285 -0.537
625.366 -0.538
625.448 -0.539
625.529 -0.54
625.611 -0.541
625.692 -0.542
625.774 -0.543
625.855 -0.544
625.936 -0.545
626.017 -0.546
626.098 -0.547
626.179 -0.548
626.26 -0.549
626.341 -0.55
626.422 -0.551
626.503 -0.552
626.583 -0.553
626.664 -0.554
626.745 -0.555
626.826 -0.556
626.907 -0.557
626.988 -0.558
627.069 -0.559
627.15 -0.56
627.23 -0.561
627.311 -0.562
627.392 -0.563
627.473 -0.564
627.554 -0.565
627.635 -0.566
627.716 -0.567
627.797 -0.568
627.878 -0.569
627.958 -0.57
628.039 -0.571
628.12 -0.572
628.201 -0.573
628.282 -0.574
628.363 -0.575
628.443 -0.576
628.524 -0.577
628.605 -0.578
628.686 -0.579
628.766 -0.58
628.847 -0.581
628.928 -0.582
629.009 -0.583
629.09 -0.584
629.17 -0.585
629.251 -0.586
629.332 -0.587
629.413 -0.588
629.493 -0.589
629.574 -0.59
629.655 -0.591
629.731 -0.592
629.807 -0.593
629.883 -0.594
629.958 -0.595
630.03 -0.596
630.102 -0.597
630.176 -0.598
630.251 -0.599
630.325 -0.6
630.399 -0.601
630.475 -0.602
630.553 -0.603
630.631 -0.604
630.71 -0.605
630.788 -0.606
630.866 -0.607
630.945 -0.608
631.023 -0.609
631.101 -0.61
631.18 -0.611
631.258 -0.612
631.337 -0.613
631.415 -0.614
631.493 -0.615
631.572 -0.616
631.65 -0.617
631.729 -0.618
631.807 -0.619
631.885 -0.62
631.964 -0.621
632.042 -0.622
632.121 -0.623
632.199 -0.624
632.278 -0.625
632.356 -0.626
632.435 -0.627
632.513 -0.628
632.592 -0.629
632.67 -0.63
632.749 -0.631
632.827 -0.632
632.906 -0.633
632.985 -0.634
633.063 -0.635
633.142 -0.636
633.221 -0.637
633.299 -0.638
633.378 -0.639
633.457 -0.64
633.536 -0.641
633.616 -0.642
633.695 -0.643
633.774 -0.644
633.853 -0.645
633.932 -0.646
634.011 -0.647
634.09 -0.648
634.169 -0.649
634.248 -0.65
634.328 -0.651
634.407 -0.652
634.486 -0.653
634.565 -0.654
634.644 -0.655
634.724 -0.656
634.803 -0.657
634.882 -0.658
634.961 -0.659
635.041 -0.66
635.12 -0.661
635.199 -0.662
635.278 -0.663
635.358 -0.664
635.437 -0.665
635.516 -0.666
635.596 -0.667
635.675 -0.668
635.754 -0.669
635.834 -0.67
635.913 -0.671
635.993 -0.672
636.072 -0.673
636.152 -0.674
636.231 -0.675
636.31 -0.676
636.39 -0.677
636.469 -0.678
636.549 -0.679
636.628 -0.68
636.708 -0.681
636.788 -0.682
636.867 -0.683
636.947 -0.684
637.026 -0.685
637.106 -0.686
637.185 -0.687
637.265 -0.688
637.344 -0.689
637.424 -0.69
637.504 -0.691
637.583 -0.692
637.662 -0.693
637.742 -0.694
637.822 -0.695
637.901 -0.696
637.981 -0.697
638.061 -0.698
638.141 -0.699
638.22 -0.7
638.3 -0.701
638.38 -0.702
638.46 -0.703
638.539 -0.704
638.619 -0.705
638.699 -0.706
638.779 -0.707
638.859 -0.708
638.939 -0.709
639.019 -0.71
639.099 -0.711
639.178 -0.712
639.258 -0.713
639.338 -0.714
639.418 -0.715
639.498 -0.716
639.578 -0.717
639.659 -0.718
639.739 -0.719
639.819 -0.72
639.899 -0.721
639.979 -0.722
640.059 -0.723
640.139 -0.724
640.219 -0.725
640.3 -0.726
640.38 -0.727
640.46 -0.728
640.54 -0.729
640.621 -0.73
640.701 -0.731
640.781 -0.732
640.862 -0.733
640.942 -0.734
641.022 -0.735
641.102 -0.736
641.182 -0.737
641.262 -0.738
641.342 -0.739
641.422 -0.74
641.502 -0.741
641.582 -0.742
641.662 -0.743
641.742 -0.744
641.822 -0.745
641.902 -0.746
641.981 -0.747
642.061 -0.748
642.141 -0.749
642.221 -0.75
642.301 -0.751
642.381 -0.752
642.461 -0.753
642.541 -0.754
642.621 -0.755
642.701 -0.756
642.782 -0.757
642.862 -0.758
642.942 -0.759
643.023 -0.76
643.103 -0.761
643.183 -0.762
643.264 -0.763
643.344 -0.764
643.425 -0.765
643.505 -0.766
643.586 -0.767
643.666 -0.768
643.747 -0.769
643.827 -0.77
643.908 -0.771
643.989 -0.772
644.069 -0.773
644.15 -0.774
644.231 -0.775
644.311 -0.776
644.392 -0.777
644.473 -0.778
644.554 -0.779
644.635 -0.78
644.716 -0.781
644.797 -0.782
644.878 -0.783
644.958 -0.784
645.039 -0.785
645.12 -0.786
645.201 -0.787
645.281 -0.788
645.362 -0.789
645.443 -0.79
645.524 -0.791
645.605 -0.792
645.685 -0.793
645.766 -0.794
645.847 -0.795
645.928 -0.796
646.009 -0.797
646.09 -0.798
646.171 -0.799
646.252 -0.8
646.333 -0.801
646.414 -0.802
646.496 -0.803
646.577 -0.804
646.659 -0.805
646.74 -0.806
646.822 -0.807
646.903 -0.808
646.985 -0.809
647.066 -0.81
647.148 -0.811
647.229 -0.812
647.311 -0.813
647.393 -0.814
647.474 -0.815
647.556 -0.816
647.638 -0.817
647.719 -0.818
647.801 -0.819
647.883 -0.82
647.965 -0.821
648.047 -0.822
648.129 -0.823
648.211 -0.824
648.293 -0.825
648.375 -0.826
648.457 -0.827
648.539 -0.828
648.621 -0.829
648.703 -0.83
648.785 -0.831
648.867 -0.832
648.949 -0.833
649.032 -0.834
649.114 -0.835
649.196 -0.836
649.278 -0.837
649.36 -0.838
649.442 -0.839
649.524 -0.84
649.606 -0.841
649.688 -0.842
649.77 -0.843
649.853 -0.844
649.935 -0.845
650.017 -0.846
650.1 -0.847
650.182 -0.848
650.265 -0.849
650.347 -0.85
650.43 -0.851
650.513 -0.852
650.595 -0.853
650.678 -0.854
650.761 -0.855
650.843 -0.856
650.926 -0.857
651.009 -0.858
651.092 -0.859
651.175 -0.86
651.257 -0.861
651.34 -0.862
651.423 -0.863
651.506 -0.864
651.589 -0.865
651.672 -0.866
651.755 -0.867
651.838 -0.868
651.922 -0.869
652.005 -0.87
652.088 -0.871
652.171 -0.872
652.254 -0.873
652.337 -0.874
652.421 -0.875
652.504 -0.876
652.587 -0.877
652.671 -0.878
652.754 -0.879
652.838 -0.88
652.921 -0.881
653.005 -0.882
653.088 -0.883
653.172 -0.884
653.255 -0.885
653.338 -0.886
653.421 -0.887
653.504 -0.888
653.588 -0.889
653.671 -0.89
653.754 -0.891
653.837 -0.892
653.921 -0.893
654.004 -0.894
654.087 -0.895
654.171 -0.896
654.254 -0.897
654.338 -0.898
654.421 -0.899
654.505 -0.9
654.588 -0.901
654.672 -0.902
654.756 -0.903
654.839 -0.904
654.923 -0.905
655.007 -0.906
655.09 -0.907
655.174 -0.908
655.258 -0.909
655.341 -0.91
655.425 -0.911
655.509 -0.912
655.593 -0.913
655.677 -0.914
655.761 -0.915
655.845 -0.916
655.929 -0.917
656.013 -0.918
656.097 -0.919
656.181 -0.92
656.265 -0.921
656.349 -0.922
656.433 -0.923
656.517 -0.924
656.601 -0.925
656.686 -0.926
656.77 -0.927
656.854 -0.928
656.939 -0.929
657.023 -0.93
657.108 -0.931
657.192 -0.932
657.276 -0.933
657.361 -0.934
657.445 -0.935
657.53 -0.936
657.615 -0.937
657.699 -0.938
657.784 -0.939
657.869 -0.94
657.953 -0.941
658.038 -0.942
658.123 -0.943
658.207 -0.944
658.292 -0.945
658.377 -0.946
658.462 -0.947
658.546 -0.948
658.631 -0.949
658.716 -0.95
658.801 -0.951
658.886 -0.952
658.971 -0.953
659.056 -0.954
659.141 -0.955
659.226 -0.956
659.311 -0.957
659.396 -0.958
659.481 -0.959
659.566 -0.96
659.652 -0.961
659.737 -0.962
659.822 -0.963
659.907 -0.964
659.993 -0.965
660.078 -0.966
660.163 -0.967
660.249 -0.968
660.334 -0.969
660.419 -0.97
660.504 -0.971
660.589 -0.972
660.675 -0.973
660.76 -0.974
660.845 -0.975
660.93 -0.976
661.016 -0.977
661.101 -0.978
661.186 -0.979
661.272 -0.98
661.357 -0.981
661.442 -0.982
661.528 -0.983
661.613 -0.984
661.699 -0.985
661.784 -0.986
661.868 -0.987
661.953 -0.988
662.037 -0.989
662.122 -0.99
662.206 -0.991
662.29 -0.992
662.374 -0.993
662.457 -0.994
662.54 -0.995
662.623 -0.996
662.706 -0.997
662.79 -0.998
662.872 -0.999
662.955 -1
663.04 -1.001
663.125 -1.002
663.21 -1.003
663.295 -1.004
663.38 -1.005
663.464 -1.006
663.549 -1.007
663.634 -1.008
663.719 -1.009
663.803 -1.01
663.888 -1.011
663.972 -1.012
664.056 -1.013
664.141 -1.014
664.226 -1.015
664.311 -1.016
664.396 -1.017
664.482 -1.018
664.567 -1.019
664.653 -1.02
664.738 -1.021
664.824 -1.022
664.909 -1.023
664.995 -1.024
665.08 -1.025
665.166 -1.026
665.251 -1.027
665.336 -1.028
665.422 -1.029
665.507 -1.03
665.593 -1.031
665.679 -1.032
665.765 -1.033
665.851 -1.034
665.938 -1.035
666.024 -1.036
666.111 -1.037
666.197 -1.038
666.284 -1.039
666.37 -1.04
666.457 -1.041
666.544 -1.042
666.631 -1.043
666.717 -1.044
666.804 -1.045
666.891 -1.046
666.978 -1.047
667.065 -1.048
667.152 -1.049
667.24 -1.05
667.327 -1.051
667.415 -1.052
667.503 -1.053
667.591 -1.054
667.679 -1.055
667.766 -1.056
667.854 -1.057
667.942 -1.058
668.03 -1.059
668.118 -1.06
668.207 -1.061
668.295 -1.062
668.383 -1.063
668.471 -1.064
668.559 -1.065
668.648 -1.066
668.737 -1.067
668.825 -1.068
668.914 -1.069
669.003 -1.07
669.092 -1.071
669.181 -1.072
669.27 -1.073
669.359 -1.074
669.449 -1.075
669.538 -1.076
669.627 -1.077
669.716 -1.078
669.806 -1.079
669.895 -1.08
669.985 -1.081
670.074 -1.082
670.164 -1.083
670.253 -1.084
670.343 -1.085
670.433 -1.086
670.523 -1.087
670.613 -1.088
670.703 -1.089
670.794 -1.09
670.884 -1.091
670.974 -1.092
671.064 -1.093
671.155 -1.094
671.245 -1.095
671.335 -1.096
671.426 -1.097
671.516 -1.098
671.607 -1.099
671.697 -1.1
671.788 -1.101
671.879 -1.102
671.969 -1.103
672.06 -1.104
672.151 -1.105
672.242 -1.106
672.333 -1.107
672.424 -1.108
672.515 -1.109
672.606 -1.11
672.697 -1.111
672.788 -1.112
672.879 -1.113
672.97 -1.114
673.061 -1.115
673.152 -1.116
673.244 -1.117
673.335 -1.118
673.426 -1.119
673.518 -1.12
673.609 -1.121
673.701 -1.122
673.792 -1.123
673.884 -1.124
673.976 -1.125
674.067 -1.126
674.159 -1.127
674.251 -1.128
674.343 -1.129
674.435 -1.13
674.527 -1.131
674.619 -1.132
674.711 -1.133
674.803 -1.134
674.895 -1.135
674.987 -1.136
675.079 -1.137
675.172 -1.138
675.264 -1.139
675.356 -1.14
675.449 -1.141
675.541 -1.142
675.634 -1.143
675.726 -1.144
675.819 -1.145
675.912 -1.146
676.004 -1.147
676.097 -1.148
676.19 -1.149
676.283 -1.15
676.376 -1.151
676.469 -1.152
676.562 -1.153
676.655 -1.154
676.748 -1.155
676.841 -1.156
676.934 -1.157
677.028 -1.158
677.121 -1.159
677.214 -1.16
677.308 -1.161
677.401 -1.162
677.494 -1.163
677.588 -1.164
677.682 -1.165
677.775 -1.166
677.869 -1.167
677.963 -1.168
678.056 -1.169
678.15 -1.17
678.244 -1.171
678.338 -1.172
678.432 -1.173
678.526 -1.174
678.62 -1.175
678.714 -1.176
678.808 -1.177
678.903 -1.178
678.997 -1.179
679.091 -1.18
679.186 -1.181
679.28 -1.182
679.374 -1.183
679.469 -1.184
679.563 -1.185
679.658 -1.186
679.753 -1.187
679.847 -1.188
679.942 -1.189
680.037 -1.19
680.132 -1.191
680.226 -1.192
680.321 -1.193
680.416 -1.194
680.511 -1.195
680.606 -1.196
680.701 -1.197
680.796 -1.198
680.892 -1.199
680.987 -1.2
681.082 -1.201
681.178 -1.202
681.273 -1.203
681.368 -1.204
681.464 -1.205
681.559 -1.206
681.655 -1.207
681.751 -1.208
681.846 -1.209
681.942 -1.21
682.038 -1.211
682.134 -1.212
682.229 -1.213
682.325 -1.214
682.421 -1.215
682.517 -1.216
682.613 -1.217
682.709 -1.218
682.806 -1.219
682.902 -1.22
682.998 -1.221
683.094 -1.222
683.191 -1.223
683.287 -1.224
683.384 -1.225
683.48 -1.226
683.577 -1.227
683.673 -1.228
683.77 -1.229
683.866 -1.23
683.963 -1.231
684.06 -1.232
684.157 -1.233
684.253 -1.234
684.35 -1.235
684.447 -1.236
684.544 -1.237
684.641 -1.238
684.738 -1.239
684.835 -1.24
684.932 -1.241
685.029 -1.242
685.126 -1.243
685.223 -1.244
685.321 -1.245
685.418 -1.246
685.516 -1.247
685.614 -1.248
685.712 -1.249
685.81 -1.25
685.908 -1.251
686.007 -1.252
686.105 -1.253
686.203 -1.254
686.302 -1.255
686.4 -1.256
686.499 -1.257
686.598 -1.258
686.696 -1.259
686.795 -1.26
686.894 -1.261
686.993 -1.262
687.092 -1.263
687.191 -1.264
687.29 -1.265
687.389 -1.266
687.488 -1.267
687.587 -1.268
687.686 -1.269
687.786 -1.27
687.885 -1.271
687.984 -1.272
688.084 -1.273
688.183 -1.274
688.283 -1.275
688.383 -1.276
688.482 -1.277
688.582 -1.278
688.682 -1.279
688.782 -1.28
688.882 -1.281
688.981 -1.282
689.081 -1.283
689.181 -1.284
689.281 -1.285
689.381 -1.286
689.481 -1.287
689.581 -1.288
689.681 -1.289
689.781 -1.29
689.881 -1.291
689.982 -1.292
690.082 -1.293
690.182 -1.294
690.283 -1.295
690.383 -1.296
690.484 -1.297
690.584 -1.298
690.685 -1.299
690.785 -1.3
690.886 -1.301
690.987 -1.302
691.088 -1.303
691.189 -1.304
691.29 -1.305
691.391 -1.306
691.491 -1.307
691.592 -1.308
691.694 -1.309
691.795 -1.31
691.896 -1.311
691.997 -1.312
692.098 -1.313
692.2 -1.314
692.301 -1.315
692.403 -1.316
692.504 -1.317
692.606 -1.318
692.707 -1.319
692.808 -1.32
692.91 -1.321
693.011 -1.322
693.113 -1.323
693.214 -1.324
693.316 -1.325
693.418 -1.326
693.52 -1.327
693.622 -1.328
693.723 -1.329
693.825 -1.33
693.928 -1.331
694.03 -1.332
694.132 -1.333
694.234 -1.334
694.336 -1.335
694.439 -1.336
694.541 -1.337
694.643 -1.338
694.746 -1.339
694.848 -1.34
694.951 -1.341
695.053 -1.342
695.156 -1.343
695.258 -1.344
695.361 -1.345
695.464 -1.346
695.567 -1.347
695.67 -1.348
695.773 -1.349
695.876 -1.35
695.979 -1.351
696.082 -1.352
696.185 -1.353
696.289 -1.354
696.392 -1.355
696.495 -1.356
696.599 -1.357
696.702 -1.358
696.806 -1.359
696.909 -1.36
697.013 -1.361
697.117 -1.362
697.221 -1.363
697.324 -1.364
697.428 -1.365
697.532 -1.366
697.636 -1.367
697.74 -1.368
697.844 -1.369
697.948 -1.37
698.052 -1.371
698.156 -1.372
698.26 -1.373
698.364 -1.374
698.468 -1.375
698.573 -1.376
698.677 -1.377
698.782 -1.378
698.886 -1.379
698.991 -1.38
699.095 -1.381
699.2 -1.382
699.305 -1.383
699.409 -1.384
699.514 -1.385
699.619 -1.386
699.724 -1.387
699.828 -1.388
699.933 -1.389
700.038 -1.39
700.143 -1.391
700.248 -1.392
700.354 -1.393
700.459 -1.394
700.564 -1.395
700.669 -1.396
700.775 -1.397
700.88 -1.398
700.986 -1.399
701.091 -1.4
701.197 -1.401
701.302 -1.402
701.408 -1.403
701.514 -1.404
701.619 -1.405
701.725 -1.406
701.831 -1.407
701.937 -1.408
702.043 -1.409
702.149 -1.41
702.255 -1.411
702.361 -1.412
702.467 -1.413
702.574 -1.414
702.68 -1.415
702.786 -1.416
702.893 -1.417
702.999 -1.418
703.105 -1.419
703.212 -1.42
703.318 -1.421
703.425 -1.422
703.532 -1.423
703.638 -1.424
703.745 -1.425
703.852 -1.426
703.958 -1.427
704.065 -1.428
704.172 -1.429
704.279 -1.43
704.386 -1.431
704.493 -1.432
704.6 -1.433
704.707 -1.434
704.814 -1.435
704.921 -1.436
705.028 -1.437
705.135 -1.438
705.242 -1.439
705.349 -1.44
705.456 -1.441
705.563 -1.442
705.67 -1.443
705.777 -1.444
705.884 -1.445
705.991 -1.446
706.098 -1.447
706.205 -1.448
706.312 -1.449
706.419 -1.45
706.526 -1.451
706.633 -1.452
706.74 -1.453
706.848 -1.454
706.955 -1.455
707.062 -1.456
707.169 -1.457
707.276 -1.458
707.384 -1.459
707.491 -1.46
707.598 -1.461
707.705 -1.462
707.812 -1.463
707.92 -1.464
708.027 -1.465
708.134 -1.466
708.241 -1.467
708.348 -1.468
708.455 -1.469
708.562 -1.47
708.669 -1.471
708.776 -1.472
708.884 -1.473
708.989 -1.474
709.094 -1.475
709.199 -1.476
709.302 -1.477
709.4 -1.478
709.495 -1.479
709.584 -1.48
709.668 -1.481
709.742 -1.482
709.807 -1.483
709.865 -1.484
709.912 -1.485
709.946 -1.486
709.977 -1.487
710.004 -1.488
710.031 -1.489
710.056 -1.49
710.078 -1.491
710.096 -1.492
710.11 -1.493
710.12 -1.494
710.127 -1.495
710.127 -1.496
710.125 -1.497
710.125 -1.498
710.125 -1.499
710.128 -1.5
710.134 -1.501
710.14 -1.502
710.15 -1.503
710.161 -1.504
710.174 -1.505
710.19 -1.506
710.206 -1.507
710.222 -1.508
710.241 -1.509
710.26 -1.51
710.28 -1.511
710.302 -1.512
710.324 -1.513
710.369 -1.514
710.43 -1.515
710.491 -1.516
710.553 -1.517
710.614 -1.518
710.675 -1.519
710.748 -1.52
710.824 -1.521
710.901 -1.522
711.017 -1.523
711.158 -1.524
711.299 -1.525
711.442 -1.526
711.597 -1.527
711.766 -1.528
711.949 -1.529
712.132 -1.53
712.315 -1.531
712.495 -1.532
712.67 -1.533
712.833 -1.534
713.004 -1.535
713.18 -1.536
713.355 -1.537
713.526 -1.538
713.698 -1.539
713.866 -1.54
714.025 -1.541
714.178 -1.542
714.329 -1.543
714.484 -1.544
714.64 -1.545
714.796 -1.546
714.953 -1.547
715.111 -1.548
715.27 -1.549
715.428 -1.55
715.586 -1.551
715.744 -1.552
715.901 -1.553
716.059 -1.554
716.217 -1.555
716.374 -1.556
716.532 -1.557
716.692 -1.558
716.852 -1.559
717.012 -1.56
717.172 -1.561
717.331 -1.562
717.49 -1.563
717.636 -1.564
717.772 -1.565
717.908 -1.566
718.044 -1.567
718.181 -1.568
718.317 -1.569
718.453 -1.57
718.59 -1.571
718.724 -1.572
718.847 -1.573
718.964 -1.574
719.08 -1.575
719.196 -1.576
719.313 -1.577
719.429 -1.578
719.546 -1.579
719.663 -1.58
719.779 -1.581
719.896 -1.582
720.013 -1.583
720.13 -1.584
720.248 -1.585
720.365 -1.586
720.482 -1.587
720.6 -1.588
720.718 -1.589
720.835 -1.59
720.953 -1.591
721.071 -1.592
721.188 -1.593
721.306 -1.594
721.424 -1.595
721.542 -1.596
721.661 -1.597
721.779 -1.598
721.897 -1.599
722.016 -1.6
722.134 -1.601
722.252 -1.602
722.37 -1.603
722.489 -1.604
722.607 -1.605
722.725 -1.606
722.844 -1.607
722.962 -1.608
723.081 -1.609
723.2 -1.61
723.318 -1.611
723.437 -1.612
723.556 -1.613
723.675 -1.614
723.794 -1.615
723.913 -1.616
724.032 -1.617
724.151 -1.618
724.271 -1.619
724.39 -1.62
724.51 -1.621
724.629 -1.622
724.749 -1.623
724.868 -1.624
724.988 -1.625
725.108 -1.626
725.227 -1.627
725.347 -1.628
725.467 -1.629
725.587 -1.63
725.707 -1.631
725.827 -1.632
725.948 -1.633
726.068 -1.634
726.188 -1.635
726.309 -1.636
726.429 -1.637
726.55 -1.638
726.671 -1.639
726.791 -1.64
726.912 -1.641
727.033 -1.642
727.154 -1.643
727.275 -1.644
727.396 -1.645
727.517 -1.646
727.638 -1.647
727.76 -1.648
727.881 -1.649
728.003 -1.65
728.124 -1.651
728.246 -1.652
728.367 -1.653
728.489 -1.654
728.611 -1.655
728.733 -1.656
728.854 -1.657
728.976 -1.658
729.098 -1.659
729.221 -1.66
729.343 -1.661
729.465 -1.662
729.587 -1.663
729.71 -1.664
729.832 -1.665
729.955 -1.666
730.077 -1.667
730.2 -1.668
730.323 -1.669
730.446 -1.67
730.569 -1.671
730.692 -1.672
730.815 -1.673
730.938 -1.674
731.061 -1.675
731.184 -1.676
731.307 -1.677
731.431 -1.678
731.554 -1.679
731.677 -1.68
731.801 -1.681
731.924 -1.682
732.048 -1.683
732.171 -1.684
732.295 -1.685
732.419 -1.686
732.543 -1.687
732.666 -1.688
732.79 -1.689
732.914 -1.69
733.038 -1.691
733.162 -1.692
733.286 -1.693
733.41 -1.694
733.534 -1.695
733.659 -1.696
733.783 -1.697
733.907 -1.698
734.031 -1.699
734.156 -1.7
