16.2008 -0.001
32.3018 -0.002
48.3032 -0.003
64.2049 -0.004
80.0066 -0.005
95.7084 -0.006
111.31 -0.007
126.811 -0.008
142.212 -0.009
157.513 -0.01
172.712 -0.011
187.811 -0.012
202.808 -0.013
217.704 -0.014
232.497 -0.015
247.189 -0.016
261.777 -0.017
276.263 -0.018
290.645 -0.019
304.923 -0.02
319.001 -0.021
332.368 -0.022
344.706 -0.023
356.81 -0.024
368.824 -0.025
380.749 -0.026
392.584 -0.027
404.325 -0.028
415.966 -0.029
427.504 -0.03
438.939 -0.031
450.269 -0.032
461.489 -0.033
472.597 -0.034
483.59 -0.035
494.468 -0.036
505.231 -0.037
515.884 -0.038
526.424 -0.039
536.854 -0.04
547.138 -0.041
557.175 -0.042
566.359 -0.043
574.511 -0.044
580.572 -0.045
585.191 -0.046
589.683 -0.047
593.695 -0.048
597.46 -0.049
601.131 -0.05
604.689 -0.051
608.138 -0.052
611.505 -0.053
614.802 -0.054
618.037 -0.055
621.249 -0.056
624.416 -0.057
627.534 -0.058
630.581 -0.059
633.564 -0.06
636.521 -0.061
639.377 -0.062
642.151 -0.063
644.703 -0.064
647.097 -0.065
649.443 -0.066
651.3 -0.067
653.083 -0.068
654.735 -0.069
655.841 -0.07
656.649 -0.071
657.139 -0.072
657.609 -0.073
658.058 -0.074
658.488 -0.075
658.899 -0.076
659.29 -0.077
659.651 -0.078
659.982 -0.079
660.283 -0.08
660.555 -0.081
660.806 -0.082
661.035 -0.083
661.249 -0.084
661.449 -0.085
661.636 -0.086
661.793 -0.087
661.926 -0.088
662.047 -0.089
662.155 -0.09
662.251 -0.091
662.335 -0.092
662.406 -0.093
662.47 -0.094
662.525 -0.095
662.544 -0.096
662.555 -0.097
662.556 -0.098
662.549 -0.099
662.533 -0.1
662.508 -0.101
662.476 -0.102
662.435 -0.103
662.385 -0.104
662.322 -0.105
662.23 -0.106
662.132 -0.107
662.027 -0.108
661.914 -0.109
661.795 -0.11
661.667 -0.111
661.531 -0.112
661.377 -0.113
661.218 -0.114
661.054 -0.115
660.883 -0.116
660.707 -0.117
660.524 -0.118
660.337 -0.119
660.144 -0.12
659.946 -0.121
659.744 -0.122
659.538 -0.123
659.326 -0.124
659.099 -0.125
658.874 -0.126
658.66 -0.127
658.452 -0.128
658.241 -0.129
658.027 -0.13
657.809 -0.131
657.587 -0.132
657.362 -0.133
657.133 -0.134
656.901 -0.135
656.666 -0.136
656.424 -0.137
656.14 -0.138
655.849 -0.139
655.55 -0.14
655.245 -0.141
654.938 -0.142
654.627 -0.143
654.314 -0.144
653.998 -0.145
653.679 -0.146
653.361 -0.147
653.046 -0.148
652.738 -0.149
652.447 -0.15
652.167 -0.151
651.892 -0.152
651.616 -0.153
651.337 -0.154
651.057 -0.155
650.776 -0.156
650.466 -0.157
650.121 -0.158
649.773 -0.159
649.421 -0.16
649.063 -0.161
648.702 -0.162
648.339 -0.163
647.973 -0.164
647.604 -0.165
647.232 -0.166
646.857 -0.167
646.48 -0.168
646.099 -0.169
645.715 -0.17
645.328 -0.171
644.936 -0.172
644.54 -0.173
644.141 -0.174
643.738 -0.175
643.335 -0.176
642.934 -0.177
642.532 -0.178
642.125 -0.179
641.726 -0.18
641.351 -0.181
640.976 -0.182
640.601 -0.183
640.226 -0.184
639.852 -0.185
639.476 -0.186
639.098 -0.187
638.719 -0.188
638.336 -0.189
637.951 -0.19
637.565 -0.191
637.175 -0.192
636.783 -0.193
636.388 -0.194
635.988 -0.195
635.586 -0.196
635.183 -0.197
634.78 -0.198
634.375 -0.199
633.97 -0.2
633.56 -0.201
633.14 -0.202
632.72 -0.203
632.314 -0.204
631.919 -0.205
631.52 -0.206
631.108 -0.207
630.695 -0.208
630.282 -0.209
629.869 -0.21
629.456 -0.211
629.044 -0.212
628.631 -0.213
628.223 -0.214
627.821 -0.215
627.424 -0.216
627.034 -0.217
626.645 -0.218
626.26 -0.219
625.877 -0.22
625.496 -0.221
625.117 -0.222
624.738 -0.223
624.359 -0.224
623.978 -0.225
623.597 -0.226
623.217 -0.227
622.834 -0.228
622.451 -0.229
622.068 -0.23
621.682 -0.231
621.297 -0.232
620.912 -0.233
620.525 -0.234
620.137 -0.235
619.75 -0.236
619.363 -0.237
618.972 -0.238
618.579 -0.239
618.186 -0.24
617.792 -0.241
617.395 -0.242
616.996 -0.243
616.597 -0.244
616.196 -0.245
615.795 -0.246
615.392 -0.247
614.989 -0.248
614.583 -0.249
614.176 -0.25
613.768 -0.251
613.36 -0.252
612.952 -0.253
612.544 -0.254
612.135 -0.255
611.727 -0.256
611.322 -0.257
610.919 -0.258
610.518 -0.259
610.119 -0.26
609.719 -0.261
609.319 -0.262
608.919 -0.263
608.518 -0.264
608.117 -0.265
607.715 -0.266
607.312 -0.267
606.907 -0.268
606.502 -0.269
606.096 -0.27
605.688 -0.271
605.277 -0.272
604.864 -0.273
604.446 -0.274
604.025 -0.275
603.602 -0.276
603.176 -0.277
602.748 -0.278
602.318 -0.279
601.886 -0.28
601.45 -0.281
601.01 -0.282
600.564 -0.283
600.113 -0.284
599.655 -0.285
599.19 -0.286
598.73 -0.287
598.295 -0.288
597.862 -0.289
597.48 -0.29
597.096 -0.291
596.707 -0.292
596.319 -0.293
595.933 -0.294
595.547 -0.295
595.163 -0.296
594.78 -0.297
594.398 -0.298
594.017 -0.299
593.635 -0.3
593.255 -0.301
592.878 -0.302
592.505 -0.303
592.135 -0.304
591.768 -0.305
591.401 -0.306
591.034 -0.307
590.662 -0.308
590.293 -0.309
589.923 -0.31
589.556 -0.311
589.188 -0.312
588.821 -0.313
588.455 -0.314
588.09 -0.315
587.725 -0.316
587.361 -0.317
586.998 -0.318
586.638 -0.319
586.281 -0.32
585.926 -0.321
585.575 -0.322
585.225 -0.323
584.878 -0.324
584.534 -0.325
584.192 -0.326
583.852 -0.327
583.515 -0.328
583.181 -0.329
582.849 -0.33
582.519 -0.331
582.192 -0.332
581.867 -0.333
581.544 -0.334
581.225 -0.335
580.909 -0.336
580.605 -0.337
580.318 -0.338
580.033 -0.339
579.792 -0.34
579.547 -0.341
579.305 -0.342
579.063 -0.343
578.823 -0.344
578.581 -0.345
578.34 -0.346
578.099 -0.347
577.858 -0.348
577.618 -0.349
577.376 -0.35
577.135 -0.351
576.894 -0.352
576.657 -0.353
576.423 -0.354
576.192 -0.355
575.965 -0.356
575.741 -0.357
575.522 -0.358
575.316 -0.359
575.122 -0.36
574.929 -0.361
574.74 -0.362
574.553 -0.363
574.365 -0.364
574.176 -0.365
573.989 -0.366
573.806 -0.367
573.627 -0.368
573.451 -0.369
573.28 -0.37
573.112 -0.371
572.949 -0.372
572.789 -0.373
572.633 -0.374
572.481 -0.375
572.332 -0.376
572.188 -0.377
572.047 -0.378
571.904 -0.379
571.762 -0.38
571.622 -0.381
571.486 -0.382
571.353 -0.383
571.223 -0.384
571.096 -0.385
570.971 -0.386
570.848 -0.387
570.726 -0.388
570.605 -0.389
570.481 -0.39
570.359 -0.391
570.23 -0.392
570.102 -0.393
569.974 -0.394
569.867 -0.395
569.792 -0.396
569.716 -0.397
569.638 -0.398
569.561 -0.399
569.484 -0.4
569.398 -0.401
569.312 -0.402
569.217 -0.403
569.192 -0.404
569.19 -0.405
569.197 -0.406
569.207 -0.407
569.222 -0.408
569.233 -0.409
569.242 -0.41
569.255 -0.411
569.273 -0.412
569.284 -0.413
569.213 -0.414
569.133 -0.415
569.056 -0.416
568.984 -0.417
568.914 -0.418
568.848 -0.419
568.785 -0.42
568.726 -0.421
568.671 -0.422
568.619 -0.423
568.573 -0.424
568.536 -0.425
568.506 -0.426
568.479 -0.427
568.455 -0.428
568.434 -0.429
568.417 -0.43
568.404 -0.431
568.395 -0.432
568.391 -0.433
568.39 -0.434
568.373 -0.435
568.342 -0.436
568.315 -0.437
568.291 -0.438
568.271 -0.439
568.255 -0.44
568.242 -0.441
568.233 -0.442
568.227 -0.443
568.225 -0.444
568.227 -0.445
568.233 -0.446
568.241 -0.447
568.254 -0.448
568.27 -0.449
568.291 -0.45
568.315 -0.451
568.343 -0.452
568.375 -0.453
568.411 -0.454
568.45 -0.455
568.493 -0.456
568.54 -0.457
568.59 -0.458
568.645 -0.459
568.704 -0.46
568.767 -0.461
568.834 -0.462
568.904 -0.463
568.963 -0.464
569.002 -0.465
569.033 -0.466
569.069 -0.467
569.108 -0.468
569.15 -0.469
569.196 -0.47
569.246 -0.471
569.299 -0.472
569.356 -0.473
569.416 -0.474
569.48 -0.475
569.548 -0.476
569.619 -0.477
569.694 -0.478
569.771 -0.479
569.852 -0.48
569.936 -0.481
570.023 -0.482
570.114 -0.483
570.208 -0.484
570.293 -0.485
570.365 -0.486
570.427 -0.487
570.493 -0.488
570.56 -0.489
570.6 -0.49
570.637 -0.491
570.677 -0.492
570.719 -0.493
570.765 -0.494
570.813 -0.495
570.856 -0.496
570.891 -0.497
570.921 -0.498
570.953 -0.499
570.989 -0.5
571.027 -0.501
571.069 -0.502
571.114 -0.503
571.161 -0.504
571.211 -0.505
571.265 -0.506
571.321 -0.507
571.381 -0.508
571.444 -0.509
571.511 -0.51
571.582 -0.511
571.663 -0.512
571.748 -0.513
571.837 -0.514
571.928 -0.515
572.022 -0.516
572.12 -0.517
572.221 -0.518
572.325 -0.519
572.432 -0.52
572.542 -0.521
572.655 -0.522
572.772 -0.523
572.892 -0.524
573.015 -0.525
573.142 -0.526
573.273 -0.527
573.407 -0.528
573.544 -0.529
573.684 -0.53
573.828 -0.531
573.976 -0.532
574.127 -0.533
574.282 -0.534
574.441 -0.535
574.603 -0.536
574.769 -0.537
574.935 -0.538
575.076 -0.539
575.209 -0.54
575.345 -0.541
575.485 -0.542
575.628 -0.543
575.775 -0.544
575.924 -0.545
576.077 -0.546
576.234 -0.547
576.394 -0.548
576.542 -0.549
576.677 -0.55
576.815 -0.551
576.957 -0.552
577.101 -0.553
577.249 -0.554
577.4 -0.555
577.554 -0.556
577.71 -0.557
577.871 -0.558
578.034 -0.559
578.201 -0.56
578.371 -0.561
578.545 -0.562
578.723 -0.563
578.903 -0.564
579.088 -0.565
579.276 -0.566
579.467 -0.567
579.662 -0.568
579.861 -0.569
580.063 -0.57
580.248 -0.571
580.423 -0.572
580.601 -0.573
580.783 -0.574
580.968 -0.575
581.157 -0.576
581.349 -0.577
581.544 -0.578
581.743 -0.579
581.945 -0.58
582.149 -0.581
582.356 -0.582
582.568 -0.583
582.787 -0.584
583.011 -0.585
583.239 -0.586
583.47 -0.587
583.705 -0.588
583.933 -0.589
584.159 -0.59
584.391 -0.591
584.627 -0.592
584.866 -0.593
585.109 -0.594
585.356 -0.595
585.606 -0.596
585.859 -0.597
586.116 -0.598
586.377 -0.599
586.641 -0.6
586.909 -0.601
587.181 -0.602
587.456 -0.603
587.735 -0.604
588.018 -0.605
588.305 -0.606
588.596 -0.607
588.89 -0.608
589.188 -0.609
589.475 -0.61
589.749 -0.611
590.026 -0.612
590.306 -0.613
590.589 -0.614
590.876 -0.615
591.166 -0.616
591.46 -0.617
591.757 -0.618
592.057 -0.619
592.362 -0.62
592.67 -0.621
592.982 -0.622
593.298 -0.623
593.613 -0.624
593.904 -0.625
594.189 -0.626
594.477 -0.627
594.768 -0.628
595.063 -0.629
595.361 -0.63
595.662 -0.631
595.966 -0.632
596.273 -0.633
596.584 -0.634
596.898 -0.635
597.216 -0.636
597.538 -0.637
597.863 -0.638
598.192 -0.639
598.525 -0.64
598.861 -0.641
599.2 -0.642
599.543 -0.643
599.889 -0.644
600.239 -0.645
600.592 -0.646
600.949 -0.647
601.31 -0.648
601.675 -0.649
602.044 -0.65
602.417 -0.651
602.793 -0.652
603.174 -0.653
603.558 -0.654
603.946 -0.655
604.338 -0.656
604.734 -0.657
605.133 -0.658
605.535 -0.659
605.942 -0.66
606.352 -0.661
606.766 -0.662
607.185 -0.663
607.607 -0.664
608.033 -0.665
608.464 -0.666
608.898 -0.667
609.337 -0.668
609.779 -0.669
610.225 -0.67
610.676 -0.671
611.13 -0.672
611.589 -0.673
612.052 -0.674
612.519 -0.675
612.99 -0.676
613.463 -0.677
613.939 -0.678
614.419 -0.679
614.903 -0.68
615.391 -0.681
615.882 -0.682
616.377 -0.683
616.876 -0.684
617.379 -0.685
617.874 -0.686
618.363 -0.687
618.855 -0.688
619.351 -0.689
619.851 -0.69
620.351 -0.691
620.853 -0.692
621.36 -0.693
621.87 -0.694
622.383 -0.695
622.888 -0.696
623.391 -0.697
623.896 -0.698
624.402 -0.699
624.907 -0.7
625.408 -0.701
625.912 -0.702
626.411 -0.703
626.913 -0.704
627.419 -0.705
627.929 -0.706
628.443 -0.707
628.961 -0.708
629.483 -0.709
630.009 -0.71
630.539 -0.711
631.073 -0.712
631.609 -0.713
632.148 -0.714
632.692 -0.715
633.24 -0.716
633.789 -0.717
634.336 -0.718
634.887 -0.719
635.442 -0.72
636 -0.721
636.563 -0.722
637.123 -0.723
637.679 -0.724
638.239 -0.725
638.804 -0.726
639.373 -0.727
639.946 -0.728
640.515 -0.729
641.077 -0.73
641.64 -0.731
642.202 -0.732
642.759 -0.733
643.317 -0.734
643.878 -0.735
644.443 -0.736
645.013 -0.737
645.586 -0.738
646.163 -0.739
646.741 -0.74
647.306 -0.741
647.874 -0.742
648.445 -0.743
649.02 -0.744
649.599 -0.745
650.182 -0.746
650.767 -0.747
651.356 -0.748
651.948 -0.749
652.545 -0.75
653.146 -0.751
653.751 -0.752
654.36 -0.753
654.973 -0.754
655.591 -0.755
656.212 -0.756
656.837 -0.757
657.466 -0.758
658.099 -0.759
658.736 -0.76
659.378 -0.761
660.024 -0.762
660.673 -0.763
661.326 -0.764
661.984 -0.765
662.646 -0.766
663.311 -0.767
663.98 -0.768
664.652 -0.769
665.328 -0.77
666.008 -0.771
666.693 -0.772
667.379 -0.773
668.069 -0.774
668.763 -0.775
669.462 -0.776
670.162 -0.777
670.865 -0.778
671.569 -0.779
672.273 -0.78
672.98 -0.781
673.69 -0.782
674.404 -0.783
675.123 -0.784
675.846 -0.785
676.574 -0.786
677.306 -0.787
678.042 -0.788
678.783 -0.789
679.528 -0.79
680.278 -0.791
681.032 -0.792
681.79 -0.793
682.549 -0.794
683.307 -0.795
684.064 -0.796
684.822 -0.797
685.58 -0.798
686.339 -0.799
687.097 -0.8
687.858 -0.801
688.622 -0.802
689.384 -0.803
690.142 -0.804
690.897 -0.805
691.655 -0.806
692.417 -0.807
693.182 -0.808
693.952 -0.809
694.726 -0.81
695.505 -0.811
696.287 -0.812
697.073 -0.813
697.863 -0.814
698.658 -0.815
699.456 -0.816
700.259 -0.817
701.065 -0.818
701.869 -0.819
702.67 -0.82
703.467 -0.821
704.26 -0.822
705.033 -0.823
705.81 -0.824
706.59 -0.825
707.375 -0.826
708.163 -0.827
708.956 -0.828
709.752 -0.829
710.552 -0.83
711.356 -0.831
712.163 -0.832
712.973 -0.833
713.787 -0.834
714.605 -0.835
715.427 -0.836
716.253 -0.837
717.084 -0.838
717.918 -0.839
718.756 -0.84
719.598 -0.841
720.444 -0.842
721.293 -0.843
722.14 -0.844
722.987 -0.845
723.838 -0.846
724.693 -0.847
725.552 -0.848
726.415 -0.849
727.282 -0.85
728.153 -0.851
729.028 -0.852
729.907 -0.853
730.789 -0.854
731.676 -0.855
732.567 -0.856
733.461 -0.857
734.359 -0.858
735.26 -0.859
736.161 -0.86
737.062 -0.861
737.967 -0.862
738.875 -0.863
739.788 -0.864
740.705 -0.865
741.626 -0.866
742.55 -0.867
743.464 -0.868
744.343 -0.869
745.226 -0.87
746.112 -0.871
747.002 -0.872
747.891 -0.873
748.773 -0.874
749.653 -0.875
750.536 -0.876
751.423 -0.877
752.314 -0.878
753.208 -0.879
754.1 -0.88
754.981 -0.881
755.866 -0.882
756.754 -0.883
757.646 -0.884
758.542 -0.885
759.442 -0.886
760.345 -0.887
761.253 -0.888
762.164 -0.889
763.079 -0.89
763.998 -0.891
764.921 -0.892
765.847 -0.893
766.778 -0.894
767.712 -0.895
768.65 -0.896
769.592 -0.897
770.538 -0.898
771.488 -0.899
772.441 -0.9
773.399 -0.901
774.35 -0.902
775.301 -0.903
776.256 -0.904
777.214 -0.905
778.177 -0.906
779.143 -0.907
780.113 -0.908
781.087 -0.909
782.065 -0.91
783.047 -0.911
784.033 -0.912
785.022 -0.913
786.016 -0.914
787.014 -0.915
788.015 -0.916
789.021 -0.917
790.03 -0.918
791.043 -0.919
792.06 -0.92
793.082 -0.921
794.106 -0.922
795.133 -0.923
796.16 -0.924
797.187 -0.925
798.189 -0.926
799.192 -0.927
800.2 -0.928
801.212 -0.929
802.22 -0.93
803.229 -0.931
804.211 -0.932
805.153 -0.933
806.098 -0.934
807.046 -0.935
807.996 -0.936
808.949 -0.937
809.905 -0.938
810.863 -0.939
811.824 -0.94
812.788 -0.941
813.754 -0.942
814.723 -0.943
815.696 -0.944
816.672 -0.945
817.652 -0.946
818.635 -0.947
819.621 -0.948
820.612 -0.949
821.605 -0.95
822.602 -0.951
823.603 -0.952
824.606 -0.953
825.612 -0.954
826.6 -0.955
827.576 -0.956
828.556 -0.957
829.538 -0.958
830.524 -0.959
831.513 -0.96
832.503 -0.961
833.459 -0.962
834.414 -0.963
835.299 -0.964
836.179 -0.965
837.063 -0.966
837.948 -0.967
838.836 -0.968
839.727 -0.969
840.62 -0.97
841.515 -0.971
842.385 -0.972
843.245 -0.973
844.103 -0.974
844.96 -0.975
845.806 -0.976
846.653 -0.977
847.502 -0.978
848.353 -0.979
849.205 -0.98
850.06 -0.981
850.916 -0.982
851.775 -0.983
852.636 -0.984
853.499 -0.985
854.364 -0.986
855.232 -0.987
856.101 -0.988
856.971 -0.989
857.844 -0.99
858.718 -0.991
859.595 -0.992
860.474 -0.993
861.356 -0.994
862.239 -0.995
863.126 -0.996
864.014 -0.997
864.905 -0.998
865.798 -0.999
866.694 -1
