12.1366 -0.001
24.2271 -0.002
36.2709 -0.003
48.2674 -0.004
60.2163 -0.005
72.1168 -0.006
83.9685 -0.007
95.7708 -0.008
107.523 -0.009
119.224 -0.01
130.874 -0.011
142.472 -0.012
154.017 -0.013
165.508 -0.014
176.944 -0.015
188.324 -0.016
199.648 -0.017
210.708 -0.018
220.171 -0.019
229.142 -0.02
238.063 -0.021
246.938 -0.022
255.771 -0.023
264.569 -0.024
273.331 -0.025
282.058 -0.026
290.752 -0.027
299.408 -0.028
308.011 -0.029
316.19 -0.03
322.639 -0.031
327.469 -0.032
332.199 -0.033
336.828 -0.034
341.37 -0.035
345.837 -0.036
350.235 -0.037
354.551 -0.038
358.705 -0.039
362.592 -0.04
366.054 -0.041
368.713 -0.042
371.018 -0.043
373.276 -0.044
375.485 -0.045
377.628 -0.046
379.701 -0.047
381.64 -0.048
383.403 -0.049
384.903 -0.05
386.094 -0.051
386.969 -0.052
387.632 -0.053
388.183 -0.054
388.634 -0.055
389.036 -0.056
389.395 -0.057
389.708 -0.058
389.972 -0.059
390.188 -0.06
390.358 -0.061
390.482 -0.062
390.582 -0.063
390.661 -0.064
390.714 -0.065
390.747 -0.066
390.76 -0.067
390.755 -0.068
390.737 -0.069
390.709 -0.07
390.671 -0.071
390.625 -0.072
390.57 -0.073
390.506 -0.074
390.435 -0.075
390.356 -0.076
390.271 -0.077
390.178 -0.078
390.078 -0.079
389.972 -0.08
389.86 -0.081
389.742 -0.082
389.617 -0.083
389.486 -0.084
389.349 -0.085
389.207 -0.086
389.059 -0.087
388.905 -0.088
388.746 -0.089
388.582 -0.09
388.414 -0.091
388.241 -0.092
388.064 -0.093
387.883 -0.094
387.697 -0.095
387.508 -0.096
387.315 -0.097
387.118 -0.098
386.918 -0.099
386.713 -0.1
386.505 -0.101
386.294 -0.102
386.079 -0.103
385.861 -0.104
385.64 -0.105
385.416 -0.106
385.19 -0.107
384.961 -0.108
384.73 -0.109
384.496 -0.11
384.26 -0.111
384.021 -0.112
383.779 -0.113
383.534 -0.114
383.287 -0.115
383.038 -0.116
382.787 -0.117
382.533 -0.118
382.278 -0.119
382.021 -0.12
381.762 -0.121
381.501 -0.122
381.242 -0.123
380.986 -0.124
380.734 -0.125
380.482 -0.126
380.233 -0.127
379.987 -0.128
379.741 -0.129
379.499 -0.13
379.258 -0.131
379.018 -0.132
378.778 -0.133
378.536 -0.134
378.294 -0.135
378.05 -0.136
377.806 -0.137
377.562 -0.138
377.317 -0.139
377.074 -0.14
376.831 -0.141
376.589 -0.142
376.352 -0.143
376.118 -0.144
375.891 -0.145
375.666 -0.146
375.447 -0.147
375.23 -0.148
375.019 -0.149
374.81 -0.15
374.605 -0.151
374.403 -0.152
374.206 -0.153
374.01 -0.154
373.813 -0.155
373.616 -0.156
373.418 -0.157
373.221 -0.158
373.023 -0.159
372.825 -0.16
372.626 -0.161
372.428 -0.162
372.229 -0.163
372.031 -0.164
371.832 -0.165
371.637 -0.166
371.443 -0.167
371.252 -0.168
371.063 -0.169
370.874 -0.17
370.69 -0.171
370.506 -0.172
370.323 -0.173
370.144 -0.174
369.967 -0.175
369.79 -0.176
369.616 -0.177
369.444 -0.178
369.273 -0.179
369.104 -0.18
368.937 -0.181
368.77 -0.182
368.605 -0.183
368.439 -0.184
368.274 -0.185
368.111 -0.186
367.948 -0.187
367.785 -0.188
367.623 -0.189
367.462 -0.19
367.301 -0.191
367.14 -0.192
366.98 -0.193
366.821 -0.194
366.662 -0.195
366.503 -0.196
366.346 -0.197
366.189 -0.198
366.033 -0.199
365.877 -0.2
365.724 -0.201
365.572 -0.202
365.421 -0.203
365.271 -0.204
365.125 -0.205
364.981 -0.206
364.838 -0.207
364.699 -0.208
364.561 -0.209
364.426 -0.21
364.295 -0.211
364.164 -0.212
364.036 -0.213
363.912 -0.214
363.789 -0.215
363.669 -0.216
363.552 -0.217
363.437 -0.218
363.325 -0.219
363.215 -0.22
363.106 -0.221
362.998 -0.222
362.894 -0.223
362.791 -0.224
362.69 -0.225
362.59 -0.226
362.491 -0.227
362.393 -0.228
362.297 -0.229
362.202 -0.23
362.109 -0.231
362.017 -0.232
361.927 -0.233
361.837 -0.234
361.749 -0.235
361.663 -0.236
361.579 -0.237
361.496 -0.238
361.415 -0.239
361.335 -0.24
361.257 -0.241
361.18 -0.242
361.105 -0.243
361.033 -0.244
360.963 -0.245
360.894 -0.246
360.827 -0.247
360.764 -0.248
360.702 -0.249
360.642 -0.25
360.584 -0.251
360.529 -0.252
360.476 -0.253
360.425 -0.254
360.376 -0.255
360.33 -0.256
360.286 -0.257
360.244 -0.258
360.204 -0.259
360.166 -0.26
360.13 -0.261
360.096 -0.262
360.064 -0.263
360.035 -0.264
360.008 -0.265
359.983 -0.266
359.961 -0.267
359.941 -0.268
359.923 -0.269
359.907 -0.27
359.894 -0.271
359.882 -0.272
359.872 -0.273
359.865 -0.274
359.86 -0.275
359.858 -0.276
359.857 -0.277
359.859 -0.278
359.862 -0.279
359.868 -0.28
359.877 -0.281
359.888 -0.282
359.901 -0.283
359.917 -0.284
359.936 -0.285
359.956 -0.286
359.979 -0.287
360.005 -0.288
360.033 -0.289
360.063 -0.29
360.096 -0.291
360.132 -0.292
360.169 -0.293
360.209 -0.294
360.251 -0.295
360.296 -0.296
360.344 -0.297
360.394 -0.298
360.447 -0.299
360.504 -0.3
360.562 -0.301
360.623 -0.302
360.687 -0.303
360.754 -0.304
360.822 -0.305
360.893 -0.306
360.968 -0.307
361.045 -0.308
361.125 -0.309
361.208 -0.31
361.294 -0.311
361.382 -0.312
361.474 -0.313
361.567 -0.314
361.664 -0.315
361.763 -0.316
361.866 -0.317
361.971 -0.318
362.079 -0.319
362.19 -0.32
362.303 -0.321
362.42 -0.322
362.54 -0.323
362.662 -0.324
362.787 -0.325
362.915 -0.326
363.046 -0.327
363.179 -0.328
363.316 -0.329
363.456 -0.33
363.598 -0.331
363.742 -0.332
363.89 -0.333
364.04 -0.334
364.194 -0.335
364.35 -0.336
364.51 -0.337
364.673 -0.338
364.839 -0.339
365.008 -0.34
365.18 -0.341
365.354 -0.342
365.532 -0.343
365.713 -0.344
365.896 -0.345
366.083 -0.346
366.272 -0.347
366.464 -0.348
366.659 -0.349
366.857 -0.35
367.057 -0.351
367.261 -0.352
367.467 -0.353
367.677 -0.354
367.891 -0.355
368.107 -0.356
368.326 -0.357
368.548 -0.358
368.773 -0.359
369 -0.36
369.23 -0.361
369.464 -0.362
369.7 -0.363
369.939 -0.364
370.18 -0.365
370.424 -0.366
370.672 -0.367
370.922 -0.368
371.176 -0.369
371.433 -0.37
371.693 -0.371
371.957 -0.372
372.223 -0.373
372.492 -0.374
372.765 -0.375
373.04 -0.376
373.318 -0.377
373.599 -0.378
373.884 -0.379
374.171 -0.38
374.462 -0.381
374.756 -0.382
375.053 -0.383
375.353 -0.384
375.656 -0.385
375.962 -0.386
376.273 -0.387
376.586 -0.388
376.903 -0.389
377.223 -0.39
377.546 -0.391
377.872 -0.392
378.201 -0.393
378.534 -0.394
378.87 -0.395
379.209 -0.396
379.552 -0.397
379.898 -0.398
380.248 -0.399
380.6 -0.4
380.952 -0.401
381.304 -0.402
381.649 -0.403
381.988 -0.404
382.318 -0.405
382.623 -0.406
382.931 -0.407
383.242 -0.408
383.556 -0.409
383.873 -0.41
384.194 -0.411
384.518 -0.412
384.844 -0.413
385.175 -0.414
385.508 -0.415
385.845 -0.416
386.18 -0.417
386.519 -0.418
386.857 -0.419
387.195 -0.42
387.536 -0.421
387.876 -0.422
388.218 -0.423
388.558 -0.424
388.902 -0.425
389.243 -0.426
389.587 -0.427
389.929 -0.428
390.274 -0.429
390.621 -0.43
390.972 -0.431
391.326 -0.432
391.683 -0.433
392.044 -0.434
392.407 -0.435
392.774 -0.436
393.144 -0.437
393.518 -0.438
393.894 -0.439
394.274 -0.44
394.658 -0.441
395.045 -0.442
395.435 -0.443
395.829 -0.444
396.225 -0.445
396.622 -0.446
397.019 -0.447
397.419 -0.448
397.823 -0.449
398.229 -0.45
398.632 -0.451
399.039 -0.452
399.449 -0.453
399.86 -0.454
400.27 -0.455
400.684 -0.456
401.1 -0.457
401.516 -0.458
401.932 -0.459
402.352 -0.46
402.774 -0.461
403.193 -0.462
403.616 -0.463
404.042 -0.464
404.464 -0.465
404.889 -0.466
405.313 -0.467
405.738 -0.468
406.167 -0.469
406.598 -0.47
407.033 -0.471
407.464 -0.472
407.899 -0.473
408.337 -0.474
408.776 -0.475
409.211 -0.476
409.642 -0.477
410.069 -0.478
410.497 -0.479
410.914 -0.48
411.33 -0.481
411.74 -0.482
412.143 -0.483
412.545 -0.484
412.949 -0.485
413.351 -0.486
413.747 -0.487
414.147 -0.488
414.548 -0.489
414.945 -0.49
415.344 -0.491
415.745 -0.492
416.149 -0.493
416.552 -0.494
416.957 -0.495
417.366 -0.496
417.775 -0.497
418.184 -0.498
418.596 -0.499
419.011 -0.5
419.429 -0.501
419.85 -0.502
420.273 -0.503
420.7 -0.504
421.129 -0.505
421.561 -0.506
421.996 -0.507
422.434 -0.508
422.874 -0.509
423.318 -0.51
423.765 -0.511
424.214 -0.512
424.667 -0.513
425.123 -0.514
425.581 -0.515
426.043 -0.516
426.507 -0.517
426.971 -0.518
427.435 -0.519
427.898 -0.52
428.361 -0.521
428.825 -0.522
429.287 -0.523
429.75 -0.524
430.211 -0.525
430.673 -0.526
431.134 -0.527
431.591 -0.528
432.042 -0.529
432.492 -0.53
432.942 -0.531
433.39 -0.532
433.837 -0.533
434.283 -0.534
434.731 -0.535
435.182 -0.536
435.635 -0.537
436.091 -0.538
436.55 -0.539
437.012 -0.54
437.477 -0.541
437.944 -0.542
438.414 -0.543
438.887 -0.544
439.363 -0.545
439.842 -0.546
440.323 -0.547
440.804 -0.548
441.286 -0.549
441.768 -0.55
442.25 -0.551
442.733 -0.552
443.216 -0.553
443.701 -0.554
444.184 -0.555
444.67 -0.556
445.155 -0.557
445.641 -0.558
446.127 -0.559
446.615 -0.56
447.105 -0.561
447.599 -0.562
448.094 -0.563
448.591 -0.564
449.09 -0.565
449.591 -0.566
450.094 -0.567
450.599 -0.568
451.107 -0.569
451.616 -0.57
452.129 -0.571
452.644 -0.572
453.161 -0.573
453.682 -0.574
454.205 -0.575
454.731 -0.576
455.259 -0.577
455.79 -0.578
456.322 -0.579
456.858 -0.58
457.396 -0.581
457.938 -0.582
458.482 -0.583
459.024 -0.584
459.568 -0.585
460.112 -0.586
460.653 -0.587
461.195 -0.588
461.736 -0.589
462.277 -0.59
462.818 -0.591
463.359 -0.592
463.902 -0.593
464.449 -0.594
464.997 -0.595
465.547 -0.596
466.1 -0.597
466.657 -0.598
467.216 -0.599
467.777 -0.6
468.335 -0.601
468.887 -0.602
469.437 -0.603
469.988 -0.604
470.542 -0.605
471.099 -0.606
471.658 -0.607
472.221 -0.608
472.786 -0.609
473.354 -0.61
473.925 -0.611
474.499 -0.612
475.075 -0.613
475.653 -0.614
476.233 -0.615
476.817 -0.616
477.403 -0.617
477.991 -0.618
478.583 -0.619
479.177 -0.62
479.774 -0.621
480.374 -0.622
480.964 -0.623
481.549 -0.624
482.136 -0.625
482.725 -0.626
483.316 -0.627
483.91 -0.628
484.507 -0.629
485.102 -0.63
485.698 -0.631
486.297 -0.632
486.899 -0.633
487.504 -0.634
488.106 -0.635
488.705 -0.636
489.308 -0.637
489.913 -0.638
490.519 -0.639
491.119 -0.64
491.721 -0.641
492.32 -0.642
492.917 -0.643
493.518 -0.644
494.121 -0.645
494.728 -0.646
495.337 -0.647
495.949 -0.648
496.564 -0.649
497.183 -0.65
497.804 -0.651
498.428 -0.652
499.054 -0.653
499.682 -0.654
500.313 -0.655
500.946 -0.656
501.583 -0.657
502.22 -0.658
502.857 -0.659
503.496 -0.66
504.137 -0.661
504.782 -0.662
505.429 -0.663
506.078 -0.664
506.727 -0.665
507.374 -0.666
508.022 -0.667
508.674 -0.668
509.328 -0.669
509.984 -0.67
510.642 -0.671
511.299 -0.672
511.953 -0.673
512.61 -0.674
513.269 -0.675
513.929 -0.676
514.587 -0.677
515.247 -0.678
515.907 -0.679
516.57 -0.68
517.235 -0.681
517.902 -0.682
518.573 -0.683
519.246 -0.684
519.921 -0.685
520.599 -0.686
521.28 -0.687
521.962 -0.688
522.647 -0.689
523.334 -0.69
524.024 -0.691
524.717 -0.692
525.413 -0.693
526.112 -0.694
526.813 -0.695
527.516 -0.696
528.221 -0.697
528.928 -0.698
529.638 -0.699
530.35 -0.7
531.063 -0.701
531.776 -0.702
532.49 -0.703
533.205 -0.704
533.919 -0.705
534.63 -0.706
535.341 -0.707
536.055 -0.708
536.771 -0.709
537.489 -0.71
538.209 -0.711
538.932 -0.712
539.658 -0.713
540.386 -0.714
541.115 -0.715
541.843 -0.716
542.572 -0.717
543.301 -0.718
544.031 -0.719
544.762 -0.72
545.49 -0.721
546.211 -0.722
546.926 -0.723
547.641 -0.724
548.356 -0.725
549.072 -0.726
549.789 -0.727
550.504 -0.728
551.212 -0.729
551.916 -0.73
552.618 -0.731
553.322 -0.732
554.028 -0.733
554.736 -0.734
555.446 -0.735
556.157 -0.736
556.871 -0.737
557.587 -0.738
558.302 -0.739
559.007 -0.74
559.702 -0.741
560.394 -0.742
561.086 -0.743
561.779 -0.744
562.475 -0.745
563.173 -0.746
563.872 -0.747
564.574 -0.748
565.278 -0.749
565.981 -0.75
566.685 -0.751
567.389 -0.752
568.092 -0.753
568.79 -0.754
569.485 -0.755
570.182 -0.756
570.881 -0.757
571.581 -0.758
572.281 -0.759
572.981 -0.76
573.681 -0.761
574.382 -0.762
575.086 -0.763
575.79 -0.764
576.495 -0.765
577.201 -0.766
577.909 -0.767
578.617 -0.768
579.313 -0.769
579.996 -0.77
580.678 -0.771
581.361 -0.772
582.045 -0.773
582.732 -0.774
583.42 -0.775
584.11 -0.776
584.803 -0.777
585.497 -0.778
586.193 -0.779
586.891 -0.78
587.592 -0.781
588.294 -0.782
588.997 -0.783
589.699 -0.784
590.404 -0.785
591.11 -0.786
591.819 -0.787
592.529 -0.788
593.242 -0.789
593.956 -0.79
594.673 -0.791
595.391 -0.792
596.112 -0.793
596.834 -0.794
597.559 -0.795
598.281 -0.796
599.004 -0.797
599.729 -0.798
600.455 -0.799
601.184 -0.8
601.914 -0.801
602.647 -0.802
603.382 -0.803
604.119 -0.804
604.857 -0.805
605.596 -0.806
606.337 -0.807
607.081 -0.808
607.825 -0.809
608.57 -0.81
609.317 -0.811
610.066 -0.812
610.815 -0.813
611.566 -0.814
612.318 -0.815
613.071 -0.816
613.823 -0.817
614.575 -0.818
615.326 -0.819
616.079 -0.82
616.834 -0.821
617.59 -0.822
618.348 -0.823
619.108 -0.824
619.869 -0.825
620.633 -0.826
621.397 -0.827
622.16 -0.828
622.904 -0.829
623.634 -0.83
624.36 -0.831
625.087 -0.832
625.811 -0.833
626.534 -0.834
627.25 -0.835
627.952 -0.836
628.644 -0.837
629.328 -0.838
630.012 -0.839
630.696 -0.84
631.377 -0.841
632.054 -0.842
632.718 -0.843
633.373 -0.844
633.966 -0.845
634.552 -0.846
635.136 -0.847
635.7 -0.848
636.256 -0.849
636.812 -0.85
637.368 -0.851
637.923 -0.852
638.478 -0.853
639.034 -0.854
639.589 -0.855
640.145 -0.856
640.702 -0.857
641.258 -0.858
641.815 -0.859
642.373 -0.86
642.93 -0.861
643.489 -0.862
644.047 -0.863
644.606 -0.864
645.165 -0.865
645.725 -0.866
646.285 -0.867
646.845 -0.868
647.406 -0.869
647.968 -0.87
648.529 -0.871
649.092 -0.872
649.654 -0.873
650.217 -0.874
650.781 -0.875
651.345 -0.876
651.909 -0.877
652.474 -0.878
653.04 -0.879
653.605 -0.88
654.172 -0.881
654.738 -0.882
655.305 -0.883
655.873 -0.884
656.441 -0.885
657.009 -0.886
657.578 -0.887
658.148 -0.888
658.717 -0.889
659.288 -0.89
659.858 -0.891
660.43 -0.892
661.001 -0.893
661.573 -0.894
662.146 -0.895
662.719 -0.896
663.292 -0.897
663.866 -0.898
664.441 -0.899
665.015 -0.9
