12.1531 -0.001
24.2881 -0.002
36.4046 -0.003
48.5025 -0.004
60.5816 -0.005
72.6417 -0.006
84.6826 -0.007
96.704 -0.008
108.706 -0.009
120.687 -0.01
132.649 -0.011
144.59 -0.012
156.51 -0.013
168.41 -0.014
180.288 -0.015
192.145 -0.016
203.979 -0.017
215.792 -0.018
227.582 -0.019
239.349 -0.02
251.093 -0.021
262.814 -0.022
274.511 -0.023
286.183 -0.024
297.831 -0.025
309.454 -0.026
321.051 -0.027
332.623 -0.028
344.168 -0.029
355.686 -0.03
367.177 -0.031
378.64 -0.032
390.075 -0.033
401.351 -0.034
412.01 -0.035
421.449 -0.036
429.345 -0.037
437.15 -0.038
444.925 -0.039
452.493 -0.04
459.258 -0.041
464.253 -0.042
468.551 -0.043
472.814 -0.044
477.053 -0.045
481.268 -0.046
485.462 -0.047
489.648 -0.048
493.823 -0.049
497.981 -0.05
502.118 -0.051
506.261 -0.052
510.407 -0.053
514.524 -0.054
518.55 -0.055
522.459 -0.056
526.234 -0.057
529.852 -0.058
533.254 -0.059
536.555 -0.06
539.668 -0.061
542.503 -0.062
545.03 -0.063
547.203 -0.064
549.172 -0.065
550.892 -0.066
552.271 -0.067
553.032 -0.068
553.541 -0.069
554.033 -0.07
554.513 -0.071
554.981 -0.072
555.441 -0.073
555.892 -0.074
556.338 -0.075
556.776 -0.076
557.208 -0.077
557.63 -0.078
558.043 -0.079
558.45 -0.08
558.848 -0.081
559.236 -0.082
559.617 -0.083
559.983 -0.084
560.34 -0.085
560.689 -0.086
561.027 -0.087
561.35 -0.088
561.668 -0.089
561.971 -0.09
562.264 -0.091
562.55 -0.092
562.829 -0.093
563.095 -0.094
563.348 -0.095
563.596 -0.096
563.835 -0.097
564.07 -0.098
564.296 -0.099
564.511 -0.1
564.723 -0.101
564.927 -0.102
565.128 -0.103
565.327 -0.104
565.519 -0.105
565.707 -0.106
565.892 -0.107
566.075 -0.108
566.256 -0.109
566.431 -0.11
566.603 -0.111
566.773 -0.112
566.941 -0.113
567.107 -0.114
567.272 -0.115
567.436 -0.116
567.598 -0.117
567.758 -0.118
567.916 -0.119
568.072 -0.12
568.227 -0.121
568.382 -0.122
568.535 -0.123
568.687 -0.124
568.838 -0.125
568.987 -0.126
569.135 -0.127
569.28 -0.128
569.423 -0.129
569.566 -0.13
569.708 -0.131
569.849 -0.132
569.988 -0.133
570.127 -0.134
570.265 -0.135
570.403 -0.136
570.537 -0.137
570.669 -0.138
570.798 -0.139
570.925 -0.14
571.051 -0.141
571.176 -0.142
571.301 -0.143
571.425 -0.144
571.549 -0.145
571.672 -0.146
571.795 -0.147
571.915 -0.148
572.033 -0.149
572.151 -0.15
572.268 -0.151
572.384 -0.152
572.499 -0.153
572.614 -0.154
572.729 -0.155
572.843 -0.156
572.957 -0.157
573.07 -0.158
573.181 -0.159
573.29 -0.16
573.399 -0.161
573.508 -0.162
573.617 -0.163
573.725 -0.164
573.833 -0.165
573.94 -0.166
574.046 -0.167
574.153 -0.168
574.258 -0.169
574.362 -0.17
574.465 -0.171
574.566 -0.172
574.667 -0.173
574.767 -0.174
574.868 -0.175
574.968 -0.176
575.068 -0.177
575.167 -0.178
575.266 -0.179
575.365 -0.18
575.463 -0.181
575.561 -0.182
575.658 -0.183
575.755 -0.184
575.851 -0.185
575.947 -0.186
576.043 -0.187
576.138 -0.188
576.234 -0.189
576.329 -0.19
576.423 -0.191
576.517 -0.192
576.612 -0.193
576.706 -0.194
576.799 -0.195
576.893 -0.196
576.986 -0.197
577.079 -0.198
577.172 -0.199
577.265 -0.2
577.357 -0.201
577.45 -0.202
577.542 -0.203
577.633 -0.204
577.725 -0.205
577.816 -0.206
577.907 -0.207
577.998 -0.208
578.089 -0.209
578.179 -0.21
578.27 -0.211
578.36 -0.212
578.45 -0.213
578.539 -0.214
578.629 -0.215
578.718 -0.216
578.807 -0.217
578.896 -0.218
578.984 -0.219
579.072 -0.22
579.16 -0.221
579.247 -0.222
579.335 -0.223
579.421 -0.224
579.508 -0.225
579.594 -0.226
579.681 -0.227
579.767 -0.228
579.854 -0.229
579.94 -0.23
580.026 -0.231
580.112 -0.232
580.197 -0.233
580.283 -0.234
580.368 -0.235
580.454 -0.236
580.539 -0.237
580.624 -0.238
580.709 -0.239
580.793 -0.24
580.877 -0.241
580.961 -0.242
581.044 -0.243
581.128 -0.244
581.211 -0.245
581.294 -0.246
581.376 -0.247
581.458 -0.248
581.541 -0.249
581.622 -0.25
581.702 -0.251
581.783 -0.252
581.862 -0.253
581.942 -0.254
582.02 -0.255
582.099 -0.256
582.177 -0.257
582.255 -0.258
582.333 -0.259
582.41 -0.26
582.487 -0.261
582.564 -0.262
582.639 -0.263
582.714 -0.264
582.789 -0.265
582.863 -0.266
582.937 -0.267
583.011 -0.268
583.084 -0.269
583.157 -0.27
583.23 -0.271
583.303 -0.272
583.375 -0.273
583.448 -0.274
583.52 -0.275
583.592 -0.276
583.664 -0.277
583.735 -0.278
583.806 -0.279
583.877 -0.28
583.947 -0.281
584.017 -0.282
584.086 -0.283
584.155 -0.284
584.223 -0.285
584.291 -0.286
584.359 -0.287
584.426 -0.288
584.493 -0.289
584.56 -0.29
584.625 -0.291
584.69 -0.292
584.754 -0.293
584.818 -0.294
584.881 -0.295
584.944 -0.296
585.007 -0.297
585.07 -0.298
585.132 -0.299
585.194 -0.3
585.255 -0.301
585.314 -0.302
585.376 -0.303
585.438 -0.304
585.5 -0.305
585.561 -0.306
585.622 -0.307
585.682 -0.308
585.741 -0.309
585.799 -0.31
585.858 -0.311
585.916 -0.312
585.975 -0.313
586.034 -0.314
586.093 -0.315
586.152 -0.316
586.21 -0.317
586.267 -0.318
586.323 -0.319
586.381 -0.32
586.438 -0.321
586.494 -0.322
586.55 -0.323
586.605 -0.324
586.66 -0.325
586.716 -0.326
586.773 -0.327
586.829 -0.328
586.886 -0.329
586.942 -0.33
586.998 -0.331
587.056 -0.332
587.113 -0.333
587.171 -0.334
587.229 -0.335
587.286 -0.336
587.343 -0.337
587.399 -0.338
587.455 -0.339
587.51 -0.34
587.566 -0.341
587.621 -0.342
587.676 -0.343
587.73 -0.344
587.785 -0.345
587.838 -0.346
587.89 -0.347
587.944 -0.348
587.997 -0.349
588.05 -0.35
588.102 -0.351
588.156 -0.352
588.21 -0.353
588.264 -0.354
588.319 -0.355
588.373 -0.356
588.427 -0.357
588.48 -0.358
588.533 -0.359
588.585 -0.36
588.637 -0.361
588.688 -0.362
588.739 -0.363
588.789 -0.364
588.839 -0.365
588.888 -0.366
588.937 -0.367
588.986 -0.368
589.033 -0.369
589.081 -0.37
589.127 -0.371
589.171 -0.372
589.217 -0.373
589.263 -0.374
589.308 -0.375
589.351 -0.376
589.397 -0.377
589.444 -0.378
589.491 -0.379
589.536 -0.38
589.581 -0.381
589.626 -0.382
589.67 -0.383
589.714 -0.384
589.756 -0.385
589.798 -0.386
589.839 -0.387
589.875 -0.388
589.909 -0.389
589.951 -0.39
589.99 -0.391
590.025 -0.392
590.06 -0.393
590.101 -0.394
590.141 -0.395
590.181 -0.396
590.219 -0.397
590.257 -0.398
590.294 -0.399
590.327 -0.4
590.355 -0.401
590.378 -0.402
590.4 -0.403
590.421 -0.404
590.446 -0.405
590.467 -0.406
590.483 -0.407
590.507 -0.408
590.538 -0.409
590.568 -0.41
590.598 -0.411
590.629 -0.412
590.659 -0.413
590.686 -0.414
590.713 -0.415
590.741 -0.416
590.769 -0.417
590.806 -0.418
590.841 -0.419
590.877 -0.42
590.913 -0.421
590.956 -0.422
591.002 -0.423
591.049 -0.424
591.095 -0.425
591.141 -0.426
591.187 -0.427
591.233 -0.428
591.279 -0.429
591.326 -0.43
591.371 -0.431
591.417 -0.432
591.464 -0.433
591.511 -0.434
591.558 -0.435
591.605 -0.436
591.655 -0.437
591.705 -0.438
591.756 -0.439
591.806 -0.44
591.856 -0.441
591.906 -0.442
591.955 -0.443
592.004 -0.444
592.053 -0.445
592.102 -0.446
592.151 -0.447
592.198 -0.448
592.246 -0.449
592.293 -0.45
592.339 -0.451
592.385 -0.452
592.431 -0.453
592.48 -0.454
592.53 -0.455
592.578 -0.456
592.629 -0.457
592.682 -0.458
592.734 -0.459
592.788 -0.46
592.841 -0.461
592.894 -0.462
592.947 -0.463
593.002 -0.464
593.056 -0.465
593.11 -0.466
593.164 -0.467
593.218 -0.468
593.272 -0.469
593.326 -0.47
593.38 -0.471
593.434 -0.472
593.488 -0.473
593.543 -0.474
593.598 -0.475
593.653 -0.476
593.707 -0.477
593.76 -0.478
593.814 -0.479
593.868 -0.48
593.923 -0.481
593.978 -0.482
594.033 -0.483
594.09 -0.484
594.146 -0.485
594.203 -0.486
594.26 -0.487
594.318 -0.488
594.376 -0.489
594.433 -0.49
594.491 -0.491
594.548 -0.492
594.606 -0.493
594.663 -0.494
594.721 -0.495
594.778 -0.496
594.837 -0.497
594.895 -0.498
594.954 -0.499
595.012 -0.5
595.071 -0.501
595.129 -0.502
595.187 -0.503
595.245 -0.504
595.302 -0.505
595.36 -0.506
595.418 -0.507
595.476 -0.508
595.536 -0.509
595.595 -0.51
595.655 -0.511
595.716 -0.512
595.778 -0.513
595.839 -0.514
595.9 -0.515
595.962 -0.516
596.025 -0.517
596.088 -0.518
596.151 -0.519
596.215 -0.52
596.279 -0.521
596.343 -0.522
596.407 -0.523
596.471 -0.524
596.536 -0.525
596.601 -0.526
596.668 -0.527
596.735 -0.528
596.802 -0.529
596.869 -0.53
596.936 -0.531
597.003 -0.532
597.07 -0.533
597.138 -0.534
597.206 -0.535
597.274 -0.536
597.343 -0.537
597.412 -0.538
597.481 -0.539
597.55 -0.54
597.62 -0.541
597.69 -0.542
597.76 -0.543
597.83 -0.544
597.9 -0.545
597.971 -0.546
598.042 -0.547
598.113 -0.548
598.185 -0.549
598.259 -0.55
598.332 -0.551
598.405 -0.552
598.479 -0.553
598.553 -0.554
598.626 -0.555
598.7 -0.556
598.774 -0.557
598.848 -0.558
598.923 -0.559
598.998 -0.56
599.073 -0.561
599.148 -0.562
599.223 -0.563
599.298 -0.564
599.374 -0.565
599.449 -0.566
599.525 -0.567
599.6 -0.568
599.676 -0.569
599.752 -0.57
599.828 -0.571
599.904 -0.572
599.98 -0.573
600.056 -0.574
600.133 -0.575
600.209 -0.576
600.285 -0.577
600.362 -0.578
600.438 -0.579
600.515 -0.58
600.592 -0.581
600.669 -0.582
600.746 -0.583
600.823 -0.584
600.9 -0.585
600.977 -0.586
601.054 -0.587
601.131 -0.588
601.208 -0.589
601.286 -0.59
601.363 -0.591
601.44 -0.592
601.518 -0.593
601.596 -0.594
601.674 -0.595
601.751 -0.596
601.829 -0.597
601.907 -0.598
601.985 -0.599
602.063 -0.6
602.141 -0.601
602.219 -0.602
602.296 -0.603
602.374 -0.604
602.452 -0.605
602.53 -0.606
602.608 -0.607
602.687 -0.608
602.765 -0.609
602.844 -0.61
602.922 -0.611
603.001 -0.612
603.08 -0.613
603.16 -0.614
603.24 -0.615
603.32 -0.616
603.4 -0.617
603.48 -0.618
603.561 -0.619
603.642 -0.62
603.723 -0.621
603.804 -0.622
603.885 -0.623
603.966 -0.624
604.048 -0.625
604.129 -0.626
604.21 -0.627
604.292 -0.628
604.373 -0.629
604.455 -0.63
604.536 -0.631
604.618 -0.632
604.7 -0.633
604.781 -0.634
604.863 -0.635
604.945 -0.636
605.027 -0.637
605.108 -0.638
605.19 -0.639
605.272 -0.64
605.353 -0.641
605.434 -0.642
605.515 -0.643
605.596 -0.644
605.676 -0.645
605.756 -0.646
605.835 -0.647
605.912 -0.648
605.988 -0.649
606.069 -0.65
606.153 -0.651
606.237 -0.652
606.32 -0.653
606.403 -0.654
606.486 -0.655
606.569 -0.656
606.651 -0.657
606.733 -0.658
606.814 -0.659
606.895 -0.66
606.975 -0.661
607.054 -0.662
607.133 -0.663
607.21 -0.664
607.286 -0.665
607.361 -0.666
607.435 -0.667
607.51 -0.668
607.592 -0.669
607.678 -0.67
607.764 -0.671
607.849 -0.672
607.933 -0.673
608.017 -0.674
608.103 -0.675
608.188 -0.676
608.274 -0.677
608.369 -0.678
608.466 -0.679
608.561 -0.68
608.652 -0.681
608.743 -0.682
608.835 -0.683
608.926 -0.684
609.018 -0.685
609.111 -0.686
609.203 -0.687
609.296 -0.688
609.388 -0.689
609.481 -0.69
609.574 -0.691
609.668 -0.692
609.762 -0.693
609.856 -0.694
609.95 -0.695
610.044 -0.696
610.139 -0.697
610.234 -0.698
610.329 -0.699
610.424 -0.7
610.519 -0.701
610.616 -0.702
610.712 -0.703
610.809 -0.704
610.906 -0.705
611.003 -0.706
611.1 -0.707
611.198 -0.708
611.295 -0.709
611.393 -0.71
611.491 -0.711
611.588 -0.712
611.686 -0.713
611.785 -0.714
611.884 -0.715
611.983 -0.716
612.082 -0.717
612.181 -0.718
612.281 -0.719
612.381 -0.72
612.48 -0.721
612.58 -0.722
612.681 -0.723
612.781 -0.724
612.881 -0.725
612.98 -0.726
613.08 -0.727
613.18 -0.728
613.28 -0.729
613.381 -0.73
613.481 -0.731
613.582 -0.732
613.683 -0.733
613.784 -0.734
613.885 -0.735
613.953 -0.736
614.033 -0.737
614.15 -0.738
614.257 -0.739
614.358 -0.74
614.461 -0.741
614.564 -0.742
614.668 -0.743
614.771 -0.744
614.875 -0.745
614.979 -0.746
615.083 -0.747
615.186 -0.748
615.29 -0.749
615.394 -0.75
615.498 -0.751
615.605 -0.752
615.71 -0.753
615.816 -0.754
615.92 -0.755
616.025 -0.756
616.13 -0.757
616.181 -0.758
616.307 -0.759
616.421 -0.76
616.529 -0.761
616.637 -0.762
616.745 -0.763
616.854 -0.764
616.963 -0.765
617.071 -0.766
617.18 -0.767
617.289 -0.768
617.398 -0.769
617.507 -0.77
617.616 -0.771
617.726 -0.772
617.836 -0.773
617.945 -0.774
618.056 -0.775
618.166 -0.776
618.276 -0.777
618.387 -0.778
618.498 -0.779
618.61 -0.78
618.721 -0.781
618.833 -0.782
618.945 -0.783
619.057 -0.784
619.169 -0.785
619.282 -0.786
619.395 -0.787
619.507 -0.788
619.621 -0.789
619.734 -0.79
619.848 -0.791
619.961 -0.792
620.075 -0.793
620.19 -0.794
620.304 -0.795
620.419 -0.796
620.534 -0.797
620.649 -0.798
620.764 -0.799
620.879 -0.8
620.995 -0.801
621.111 -0.802
621.228 -0.803
621.345 -0.804
621.462 -0.805
621.579 -0.806
621.696 -0.807
621.814 -0.808
621.931 -0.809
622.049 -0.81
622.168 -0.811
622.286 -0.812
622.405 -0.813
622.524 -0.814
622.643 -0.815
622.763 -0.816
622.883 -0.817
623.003 -0.818
623.124 -0.819
623.244 -0.82
623.365 -0.821
623.486 -0.822
623.607 -0.823
623.729 -0.824
623.851 -0.825
623.972 -0.826
624.095 -0.827
624.217 -0.828
624.34 -0.829
624.462 -0.83
624.585 -0.831
624.709 -0.832
624.832 -0.833
624.956 -0.834
625.08 -0.835
625.204 -0.836
625.329 -0.837
625.453 -0.838
625.578 -0.839
625.703 -0.84
625.829 -0.841
625.954 -0.842
626.08 -0.843
626.206 -0.844
626.332 -0.845
626.459 -0.846
626.585 -0.847
626.712 -0.848
626.84 -0.849
626.967 -0.85
627.095 -0.851
627.223 -0.852
627.351 -0.853
627.479 -0.854
627.608 -0.855
627.737 -0.856
627.866 -0.857
627.996 -0.858
628.125 -0.859
628.255 -0.86
628.385 -0.861
628.515 -0.862
628.646 -0.863
628.777 -0.864
628.908 -0.865
629.039 -0.866
629.171 -0.867
629.303 -0.868
629.435 -0.869
629.567 -0.87
629.7 -0.871
629.832 -0.872
629.965 -0.873
630.099 -0.874
630.232 -0.875
630.366 -0.876
630.5 -0.877
630.634 -0.878
630.769 -0.879
630.904 -0.88
631.039 -0.881
631.174 -0.882
631.31 -0.883
631.446 -0.884
631.582 -0.885
631.719 -0.886
631.855 -0.887
631.992 -0.888
632.129 -0.889
632.267 -0.89
632.405 -0.891
632.543 -0.892
632.681 -0.893
632.819 -0.894
632.958 -0.895
633.097 -0.896
633.237 -0.897
633.376 -0.898
633.516 -0.899
633.656 -0.9
633.796 -0.901
633.937 -0.902
634.078 -0.903
634.219 -0.904
634.36 -0.905
634.502 -0.906
634.644 -0.907
634.786 -0.908
634.929 -0.909
635.071 -0.91
635.214 -0.911
635.358 -0.912
635.501 -0.913
635.645 -0.914
635.789 -0.915
635.933 -0.916
636.078 -0.917
636.223 -0.918
636.368 -0.919
636.513 -0.92
636.658 -0.921
636.804 -0.922
636.95 -0.923
637.097 -0.924
637.244 -0.925
637.39 -0.926
637.538 -0.927
637.685 -0.928
637.833 -0.929
637.981 -0.93
638.129 -0.931
638.278 -0.932
638.427 -0.933
638.576 -0.934
638.725 -0.935
638.875 -0.936
639.025 -0.937
639.175 -0.938
639.325 -0.939
639.476 -0.94
639.627 -0.941
639.778 -0.942
639.93 -0.943
640.082 -0.944
640.234 -0.945
640.387 -0.946
640.54 -0.947
640.693 -0.948
640.846 -0.949
641 -0.95
641.154 -0.951
641.308 -0.952
641.463 -0.953
641.618 -0.954
641.773 -0.955
641.929 -0.956
642.085 -0.957
642.241 -0.958
642.398 -0.959
642.555 -0.96
642.712 -0.961
642.869 -0.962
643.027 -0.963
643.185 -0.964
643.343 -0.965
643.502 -0.966
643.661 -0.967
643.82 -0.968
643.98 -0.969
644.14 -0.97
644.3 -0.971
644.46 -0.972
644.621 -0.973
644.782 -0.974
644.943 -0.975
645.104 -0.976
645.266 -0.977
645.428 -0.978
645.591 -0.979
645.753 -0.98
645.916 -0.981
646.08 -0.982
646.243 -0.983
646.407 -0.984
646.571 -0.985
646.736 -0.986
646.9 -0.987
647.065 -0.988
647.231 -0.989
647.396 -0.99
647.562 -0.991
647.728 -0.992
647.895 -0.993
648.062 -0.994
648.229 -0.995
648.396 -0.996
648.564 -0.997
648.732 -0.998
648.9 -0.999
649.068 -1
649.237 -1.001
649.406 -1.002
649.576 -1.003
649.745 -1.004
649.915 -1.005
650.086 -1.006
650.256 -1.007
650.427 -1.008
650.598 -1.009
650.77 -1.01
650.942 -1.011
651.114 -1.012
651.286 -1.013
651.459 -1.014
651.632 -1.015
651.805 -1.016
651.979 -1.017
652.152 -1.018
652.327 -1.019
652.501 -1.02
652.676 -1.021
652.851 -1.022
653.026 -1.023
653.202 -1.024
653.378 -1.025
653.554 -1.026
653.731 -1.027
653.908 -1.028
654.085 -1.029
654.262 -1.03
654.44 -1.031
654.618 -1.032
654.797 -1.033
654.975 -1.034
655.154 -1.035
655.334 -1.036
655.513 -1.037
655.693 -1.038
655.873 -1.039
656.054 -1.04
656.234 -1.041
656.415 -1.042
656.597 -1.043
656.778 -1.044
656.96 -1.045
657.143 -1.046
657.325 -1.047
657.508 -1.048
657.691 -1.049
657.875 -1.05
658.059 -1.051
658.243 -1.052
658.427 -1.053
658.612 -1.054
658.797 -1.055
658.983 -1.056
659.168 -1.057
659.354 -1.058
659.541 -1.059
659.727 -1.06
659.914 -1.061
660.101 -1.062
660.289 -1.063
660.477 -1.064
660.665 -1.065
660.853 -1.066
661.042 -1.067
661.231 -1.068
661.421 -1.069
661.61 -1.07
661.801 -1.071
661.991 -1.072
662.181 -1.073
662.371 -1.074
662.562 -1.075
662.753 -1.076
662.944 -1.077
663.136 -1.078
663.328 -1.079
663.52 -1.08
663.712 -1.081
663.905 -1.082
664.099 -1.083
664.292 -1.084
664.486 -1.085
664.68 -1.086
664.874 -1.087
665.069 -1.088
665.264 -1.089
665.46 -1.09
665.655 -1.091
665.851 -1.092
666.048 -1.093
666.244 -1.094
666.441 -1.095
666.639 -1.096
666.836 -1.097
667.034 -1.098
667.232 -1.099
667.431 -1.1
667.63 -1.101
667.829 -1.102
668.028 -1.103
668.228 -1.104
668.428 -1.105
668.629 -1.106
668.83 -1.107
669.031 -1.108
669.232 -1.109
669.434 -1.11
669.636 -1.111
669.839 -1.112
670.041 -1.113
670.244 -1.114
670.448 -1.115
670.651 -1.116
670.856 -1.117
671.06 -1.118
671.265 -1.119
671.47 -1.12
671.675 -1.121
671.881 -1.122
672.087 -1.123
672.294 -1.124
672.501 -1.125
672.708 -1.126
672.916 -1.127
673.123 -1.128
673.332 -1.129
673.54 -1.13
673.749 -1.131
673.958 -1.132
674.168 -1.133
674.377 -1.134
674.587 -1.135
674.798 -1.136
675.008 -1.137
675.219 -1.138
675.431 -1.139
675.642 -1.14
675.854 -1.141
676.066 -1.142
676.279 -1.143
676.492 -1.144
676.705 -1.145
676.919 -1.146
677.133 -1.147
677.347 -1.148
677.561 -1.149
677.776 -1.15
677.991 -1.151
678.206 -1.152
678.421 -1.153
678.636 -1.154
678.851 -1.155
679.067 -1.156
679.283 -1.157
679.499 -1.158
679.716 -1.159
679.933 -1.16
680.15 -1.161
680.367 -1.162
680.585 -1.163
680.803 -1.164
681.021 -1.165
681.24 -1.166
681.459 -1.167
681.678 -1.168
681.898 -1.169
682.118 -1.17
682.338 -1.171
682.559 -1.172
682.78 -1.173
683.001 -1.174
683.222 -1.175
683.444 -1.176
683.666 -1.177
683.889 -1.178
684.111 -1.179
684.334 -1.18
684.557 -1.181
684.781 -1.182
685.005 -1.183
685.229 -1.184
685.453 -1.185
685.678 -1.186
685.903 -1.187
686.128 -1.188
686.353 -1.189
686.579 -1.19
686.805 -1.191
687.031 -1.192
687.257 -1.193
687.483 -1.194
687.71 -1.195
687.937 -1.196
688.164 -1.197
688.391 -1.198
688.618 -1.199
688.846 -1.2
