15.8462 -0.001
31.6702 -0.002
47.4719 -0.003
63.251 -0.004
79.0072 -0.005
94.7404 -0.006
110.45 -0.007
126.136 -0.008
141.799 -0.009
157.437 -0.01
173.051 -0.011
188.64 -0.012
204.204 -0.013
219.743 -0.014
235.256 -0.015
250.743 -0.016
266.204 -0.017
281.639 -0.018
297.046 -0.019
312.427 -0.02
327.779 -0.021
343.104 -0.022
358.4 -0.023
373.668 -0.024
388.906 -0.025
404.115 -0.026
419.294 -0.027
434.442 -0.028
449.559 -0.029
464.645 -0.03
479.7 -0.031
494.721 -0.032
509.71 -0.033
524.666 -0.034
539.587 -0.035
554.474 -0.036
569.327 -0.037
584.143 -0.038
598.923 -0.039
613.666 -0.04
628.332 -0.041
642.635 -0.042
656.183 -0.043
668.33 -0.044
678.549 -0.045
687.744 -0.046
695.866 -0.047
702.125 -0.048
707.64 -0.049
713.096 -0.05
718.497 -0.051
723.857 -0.052
729.169 -0.053
734.433 -0.054
739.651 -0.055
744.815 -0.056
749.908 -0.057
754.863 -0.058
759.673 -0.059
764.31 -0.06
768.654 -0.061
772.676 -0.062
776.429 -0.063
779.713 -0.064
782.495 -0.065
784.921 -0.066
787.111 -0.067
789.256 -0.068
791.212 -0.069
792.936 -0.07
794.416 -0.071
795.683 -0.072
796.601 -0.073
797.402 -0.074
798.162 -0.075
798.902 -0.076
799.617 -0.077
800.316 -0.078
800.995 -0.079
801.66 -0.08
802.312 -0.081
802.954 -0.082
803.588 -0.083
804.212 -0.084
804.824 -0.085
805.431 -0.086
806.029 -0.087
806.621 -0.088
807.199 -0.089
807.769 -0.09
808.319 -0.091
808.86 -0.092
809.386 -0.093
809.906 -0.094
810.4 -0.095
810.887 -0.096
811.362 -0.097
811.823 -0.098
812.273 -0.099
812.705 -0.1
813.123 -0.101
813.522 -0.102
813.915 -0.103
814.304 -0.104
814.686 -0.105
815.057 -0.106
815.418 -0.107
815.771 -0.108
816.118 -0.109
816.463 -0.11
816.804 -0.111
817.143 -0.112
817.472 -0.113
817.788 -0.114
818.101 -0.115
818.408 -0.116
818.708 -0.117
819.006 -0.118
819.301 -0.119
819.59 -0.12
819.872 -0.121
820.141 -0.122
820.399 -0.123
820.646 -0.124
820.886 -0.125
821.125 -0.126
821.364 -0.127
821.597 -0.128
821.826 -0.129
822.045 -0.13
822.256 -0.131
822.465 -0.132
822.673 -0.133
822.879 -0.134
823.08 -0.135
823.279 -0.136
823.477 -0.137
823.667 -0.138
823.851 -0.139
824.031 -0.14
824.211 -0.141
824.391 -0.142
824.569 -0.143
824.745 -0.144
824.921 -0.145
825.094 -0.146
825.261 -0.147
825.423 -0.148
825.585 -0.149
825.747 -0.15
825.908 -0.151
826.068 -0.152
826.227 -0.153
826.387 -0.154
826.546 -0.155
826.704 -0.156
826.861 -0.157
827.018 -0.158
827.174 -0.159
827.329 -0.16
827.483 -0.161
827.636 -0.162
827.789 -0.163
827.943 -0.164
828.096 -0.165
828.249 -0.166
828.402 -0.167
828.555 -0.168
828.707 -0.169
828.859 -0.17
829.01 -0.171
829.162 -0.172
829.313 -0.173
829.463 -0.174
829.613 -0.175
829.763 -0.176
829.913 -0.177
830.062 -0.178
830.211 -0.179
830.359 -0.18
830.508 -0.181
830.656 -0.182
830.803 -0.183
830.951 -0.184
831.099 -0.185
831.246 -0.186
831.394 -0.187
831.541 -0.188
831.688 -0.189
831.835 -0.19
831.98 -0.191
832.125 -0.192
832.269 -0.193
832.414 -0.194
832.559 -0.195
832.703 -0.196
832.846 -0.197
832.989 -0.198
833.131 -0.199
833.272 -0.2
833.412 -0.201
833.551 -0.202
833.689 -0.203
833.827 -0.204
833.965 -0.205
834.103 -0.206
834.24 -0.207
834.377 -0.208
834.515 -0.209
834.651 -0.21
834.787 -0.211
834.922 -0.212
835.054 -0.213
835.184 -0.214
835.315 -0.215
835.445 -0.216
835.574 -0.217
835.703 -0.218
835.831 -0.219
835.959 -0.22
836.086 -0.221
836.213 -0.222
836.339 -0.223
836.465 -0.224
836.59 -0.225
836.714 -0.226
836.837 -0.227
836.96 -0.228
837.082 -0.229
837.204 -0.23
837.326 -0.231
837.447 -0.232
837.568 -0.233
837.689 -0.234
837.809 -0.235
837.93 -0.236
838.05 -0.237
838.169 -0.238
838.287 -0.239
838.405 -0.24
838.523 -0.241
838.64 -0.242
838.758 -0.243
838.875 -0.244
838.992 -0.245
839.11 -0.246
839.227 -0.247
839.343 -0.248
839.46 -0.249
839.577 -0.25
839.694 -0.251
839.81 -0.252
839.927 -0.253
840.043 -0.254
840.16 -0.255
840.276 -0.256
840.392 -0.257
840.508 -0.258
840.624 -0.259
840.739 -0.26
840.855 -0.261
840.969 -0.262
841.083 -0.263
841.196 -0.264
841.31 -0.265
841.423 -0.266
841.535 -0.267
841.647 -0.268
841.759 -0.269
841.871 -0.27
841.982 -0.271
842.093 -0.272
842.205 -0.273
842.315 -0.274
842.426 -0.275
842.537 -0.276
842.647 -0.277
842.757 -0.278
842.866 -0.279
842.976 -0.28
843.086 -0.281
843.195 -0.282
843.304 -0.283
843.413 -0.284
843.522 -0.285
843.631 -0.286
843.74 -0.287
843.848 -0.288
843.957 -0.289
844.065 -0.29
844.173 -0.291
844.28 -0.292
844.388 -0.293
844.496 -0.294
844.603 -0.295
844.71 -0.296
844.818 -0.297
844.925 -0.298
845.032 -0.299
845.138 -0.3
845.245 -0.301
845.352 -0.302
845.459 -0.303
845.565 -0.304
845.671 -0.305
845.777 -0.306
845.882 -0.307
845.988 -0.308
846.093 -0.309
846.198 -0.31
846.304 -0.311
846.409 -0.312
846.514 -0.313
846.619 -0.314
846.724 -0.315
846.829 -0.316
846.934 -0.317
847.038 -0.318
847.143 -0.319
847.247 -0.32
847.351 -0.321
847.455 -0.322
847.559 -0.323
847.663 -0.324
847.767 -0.325
847.871 -0.326
847.975 -0.327
848.078 -0.328
848.182 -0.329
848.286 -0.33
848.389 -0.331
848.493 -0.332
848.596 -0.333
848.7 -0.334
848.804 -0.335
848.908 -0.336
849.013 -0.337
849.117 -0.338
849.221 -0.339
849.325 -0.34
849.429 -0.341
849.534 -0.342
849.638 -0.343
849.742 -0.344
849.846 -0.345
849.95 -0.346
850.054 -0.347
850.157 -0.348
850.261 -0.349
850.364 -0.35
850.467 -0.351
850.571 -0.352
850.674 -0.353
850.777 -0.354
850.88 -0.355
850.983 -0.356
851.085 -0.357
851.188 -0.358
851.29 -0.359
851.393 -0.36
851.495 -0.361
851.598 -0.362
851.7 -0.363
851.802 -0.364
851.904 -0.365
852.006 -0.366
852.108 -0.367
852.209 -0.368
852.31 -0.369
852.411 -0.37
852.512 -0.371
852.613 -0.372
852.713 -0.373
852.813 -0.374
852.913 -0.375
853.012 -0.376
853.113 -0.377
853.213 -0.378
853.314 -0.379
853.414 -0.38
853.514 -0.381
853.615 -0.382
853.716 -0.383
853.816 -0.384
853.917 -0.385
854.017 -0.386
854.117 -0.387
854.217 -0.388
854.317 -0.389
854.417 -0.39
854.516 -0.391
854.615 -0.392
854.713 -0.393
854.811 -0.394
854.909 -0.395
855.006 -0.396
855.103 -0.397
855.2 -0.398
855.297 -0.399
855.393 -0.4
855.489 -0.401
855.584 -0.402
855.68 -0.403
855.775 -0.404
855.87 -0.405
855.966 -0.406
856.063 -0.407
856.159 -0.408
856.255 -0.409
856.352 -0.41
856.449 -0.411
856.546 -0.412
856.643 -0.413
856.739 -0.414
856.835 -0.415
856.931 -0.416
857.027 -0.417
857.122 -0.418
857.217 -0.419
857.312 -0.42
857.407 -0.421
857.502 -0.422
857.596 -0.423
857.69 -0.424
857.784 -0.425
857.877 -0.426
857.971 -0.427
858.064 -0.428
858.156 -0.429
858.249 -0.43
858.341 -0.431
858.434 -0.432
858.527 -0.433
858.619 -0.434
858.712 -0.435
858.805 -0.436
858.898 -0.437
858.992 -0.438
859.086 -0.439
859.179 -0.44
859.273 -0.441
859.367 -0.442
859.462 -0.443
859.556 -0.444
859.65 -0.445
859.744 -0.446
859.838 -0.447
859.931 -0.448
860.025 -0.449
860.118 -0.45
860.21 -0.451
860.303 -0.452
860.394 -0.453
860.486 -0.454
860.577 -0.455
860.667 -0.456
860.757 -0.457
860.847 -0.458
860.935 -0.459
861.024 -0.46
861.11 -0.461
861.197 -0.462
861.282 -0.463
861.368 -0.464
861.455 -0.465
861.542 -0.466
861.628 -0.467
861.716 -0.468
861.805 -0.469
861.894 -0.47
861.981 -0.471
862.068 -0.472
862.155 -0.473
862.24 -0.474
862.324 -0.475
862.408 -0.476
862.492 -0.477
862.576 -0.478
862.659 -0.479
862.74 -0.48
862.82 -0.481
862.9 -0.482
862.984 -0.483
863.067 -0.484
863.15 -0.485
863.236 -0.486
863.323 -0.487
863.411 -0.488
863.497 -0.489
863.58 -0.49
863.656 -0.491
863.726 -0.492
863.789 -0.493
863.847 -0.494
863.92 -0.495
864 -0.496
864.077 -0.497
864.152 -0.498
864.222 -0.499
864.293 -0.5
864.366 -0.501
864.453 -0.502
864.539 -0.503
864.625 -0.504
864.71 -0.505
864.793 -0.506
864.872 -0.507
864.945 -0.508
865.022 -0.509
865.093 -0.51
865.155 -0.511
865.207 -0.512
865.272 -0.513
865.349 -0.514
865.424 -0.515
865.495 -0.516
865.562 -0.517
865.627 -0.518
865.701 -0.519
865.786 -0.52
865.869 -0.521
865.949 -0.522
866.031 -0.523
866.111 -0.524
866.189 -0.525
866.28 -0.526
866.367 -0.527
866.454 -0.528
866.54 -0.529
866.625 -0.53
866.708 -0.531
866.787 -0.532
866.865 -0.533
866.943 -0.534
867.02 -0.535
867.095 -0.536
867.164 -0.537
867.232 -0.538
867.298 -0.539
867.361 -0.54
867.417 -0.541
867.471 -0.542
867.52 -0.543
867.565 -0.544
867.608 -0.545
867.646 -0.546
867.678 -0.547
867.708 -0.548
867.735 -0.549
867.757 -0.55
867.774 -0.551
867.79 -0.552
867.802 -0.553
867.808 -0.554
867.811 -0.555
867.814 -0.556
867.814 -0.557
867.814 -0.558
867.814 -0.559
867.812 -0.56
867.81 -0.561
867.81 -0.562
867.809 -0.563
867.809 -0.564
867.81 -0.565
867.813 -0.566
867.817 -0.567
867.82 -0.568
867.826 -0.569
867.832 -0.57
867.839 -0.571
867.846 -0.572
867.862 -0.573
867.897 -0.574
867.929 -0.575
867.962 -0.576
867.996 -0.577
868.043 -0.578
868.103 -0.579
868.162 -0.58
868.232 -0.581
868.304 -0.582
868.376 -0.583
868.448 -0.584
868.523 -0.585
868.606 -0.586
868.687 -0.587
868.768 -0.588
868.848 -0.589
868.937 -0.59
869.025 -0.591
869.111 -0.592
869.197 -0.593
869.284 -0.594
869.378 -0.595
869.47 -0.596
869.561 -0.597
869.652 -0.598
869.745 -0.599
869.842 -0.6
869.937 -0.601
870.031 -0.602
870.125 -0.603
870.222 -0.604
870.323 -0.605
870.419 -0.606
870.511 -0.607
870.614 -0.608
870.717 -0.609
870.822 -0.61
870.931 -0.611
871.04 -0.612
871.149 -0.613
871.257 -0.614
871.367 -0.615
871.479 -0.616
871.587 -0.617
871.694 -0.618
871.798 -0.619
871.899 -0.62
871.992 -0.621
872.096 -0.622
872.215 -0.623
872.329 -0.624
872.443 -0.625
872.556 -0.626
872.671 -0.627
872.789 -0.628
872.905 -0.629
873.022 -0.63
873.14 -0.631
873.257 -0.632
873.376 -0.633
873.494 -0.634
873.613 -0.635
873.733 -0.636
873.852 -0.637
873.973 -0.638
874.094 -0.639
874.215 -0.64
874.335 -0.641
874.453 -0.642
874.571 -0.643
874.688 -0.644
874.804 -0.645
874.918 -0.646
875.031 -0.647
875.143 -0.648
875.252 -0.649
875.358 -0.65
875.462 -0.651
875.566 -0.652
875.667 -0.653
875.768 -0.654
875.865 -0.655
875.961 -0.656
876.057 -0.657
876.153 -0.658
876.249 -0.659
876.344 -0.66
876.44 -0.661
876.536 -0.662
876.632 -0.663
876.729 -0.664
876.826 -0.665
876.923 -0.666
877.019 -0.667
877.116 -0.668
877.213 -0.669
877.31 -0.67
877.407 -0.671
877.504 -0.672
877.601 -0.673
877.699 -0.674
877.796 -0.675
877.894 -0.676
877.992 -0.677
878.089 -0.678
878.187 -0.679
878.285 -0.68
878.384 -0.681
878.482 -0.682
878.581 -0.683
878.68 -0.684
878.779 -0.685
878.878 -0.686
878.977 -0.687
879.077 -0.688
879.176 -0.689
879.277 -0.69
879.377 -0.691
879.477 -0.692
879.578 -0.693
879.68 -0.694
879.781 -0.695
879.883 -0.696
879.984 -0.697
880.086 -0.698
880.189 -0.699
880.291 -0.7
880.394 -0.701
880.497 -0.702
880.6 -0.703
880.704 -0.704
880.808 -0.705
880.911 -0.706
881.015 -0.707
881.119 -0.708
881.224 -0.709
881.329 -0.71
881.433 -0.711
881.538 -0.712
881.643 -0.713
881.748 -0.714
881.853 -0.715
881.958 -0.716
882.063 -0.717
882.168 -0.718
882.273 -0.719
882.378 -0.72
882.484 -0.721
882.589 -0.722
882.694 -0.723
882.8 -0.724
882.905 -0.725
883.01 -0.726
883.115 -0.727
883.221 -0.728
883.327 -0.729
883.433 -0.73
883.539 -0.731
883.646 -0.732
883.752 -0.733
883.859 -0.734
883.965 -0.735
884.072 -0.736
884.179 -0.737
884.286 -0.738
884.393 -0.739
884.5 -0.74
884.607 -0.741
884.714 -0.742
884.82 -0.743
884.927 -0.744
885.034 -0.745
885.141 -0.746
885.248 -0.747
885.355 -0.748
885.462 -0.749
885.569 -0.75
885.676 -0.751
885.783 -0.752
885.891 -0.753
885.998 -0.754
886.105 -0.755
886.212 -0.756
886.319 -0.757
886.426 -0.758
886.533 -0.759
886.64 -0.76
886.747 -0.761
886.854 -0.762
886.961 -0.763
887.067 -0.764
887.174 -0.765
887.281 -0.766
887.388 -0.767
887.496 -0.768
887.603 -0.769
887.71 -0.77
887.818 -0.771
887.927 -0.772
888.035 -0.773
888.144 -0.774
888.253 -0.775
888.363 -0.776
888.473 -0.777
888.582 -0.778
888.692 -0.779
888.802 -0.78
888.911 -0.781
889.021 -0.782
889.13 -0.783
889.24 -0.784
889.349 -0.785
889.459 -0.786
889.568 -0.787
889.678 -0.788
889.787 -0.789
889.896 -0.79
890.006 -0.791
890.115 -0.792
890.225 -0.793
890.334 -0.794
890.444 -0.795
890.553 -0.796
890.663 -0.797
890.772 -0.798
890.882 -0.799
890.991 -0.8
891.101 -0.801
891.21 -0.802
891.32 -0.803
891.429 -0.804
891.539 -0.805
891.65 -0.806
891.76 -0.807
891.871 -0.808
891.982 -0.809
892.092 -0.81
892.203 -0.811
892.314 -0.812
892.424 -0.813
892.535 -0.814
892.646 -0.815
892.756 -0.816
892.867 -0.817
892.978 -0.818
893.088 -0.819
893.199 -0.82
893.309 -0.821
893.42 -0.822
893.531 -0.823
893.641 -0.824
893.752 -0.825
893.862 -0.826
893.973 -0.827
894.084 -0.828
894.194 -0.829
894.305 -0.83
894.415 -0.831
894.526 -0.832
894.637 -0.833
894.747 -0.834
894.858 -0.835
894.968 -0.836
895.078 -0.837
895.189 -0.838
895.299 -0.839
895.41 -0.84
895.52 -0.841
895.63 -0.842
895.74 -0.843
895.85 -0.844
895.96 -0.845
896.07 -0.846
896.18 -0.847
896.29 -0.848
896.399 -0.849
896.509 -0.85
896.618 -0.851
896.728 -0.852
896.837 -0.853
896.946 -0.854
897.054 -0.855
897.163 -0.856
897.271 -0.857
897.379 -0.858
897.486 -0.859
897.594 -0.86
897.7 -0.861
897.808 -0.862
897.915 -0.863
898.021 -0.864
898.127 -0.865
898.232 -0.866
898.337 -0.867
898.441 -0.868
898.543 -0.869
898.645 -0.87
898.747 -0.871
898.847 -0.872
898.945 -0.873
899.043 -0.874
899.14 -0.875
899.235 -0.876
899.329 -0.877
899.422 -0.878
899.514 -0.879
899.604 -0.88
899.693 -0.881
899.78 -0.882
899.863 -0.883
899.941 -0.884
900.012 -0.885
900.079 -0.886
900.145 -0.887
900.211 -0.888
900.276 -0.889
900.339 -0.89
900.4 -0.891
900.461 -0.892
900.52 -0.893
900.579 -0.894
900.639 -0.895
900.698 -0.896
900.758 -0.897
900.818 -0.898
900.88 -0.899
900.942 -0.9
901.005 -0.901
901.07 -0.902
901.135 -0.903
901.204 -0.904
901.282 -0.905
901.366 -0.906
901.45 -0.907
901.535 -0.908
901.62 -0.909
901.706 -0.91
901.791 -0.911
901.878 -0.912
901.971 -0.913
902.066 -0.914
902.16 -0.915
902.254 -0.916
902.348 -0.917
902.44 -0.918
902.532 -0.919
902.627 -0.92
902.726 -0.921
902.823 -0.922
902.919 -0.923
903.014 -0.924
903.106 -0.925
903.2 -0.926
903.299 -0.927
903.396 -0.928
903.49 -0.929
903.583 -0.93
903.672 -0.931
903.764 -0.932
903.856 -0.933
903.94 -0.934
904.023 -0.935
904.1 -0.936
904.174 -0.937
904.246 -0.938
904.307 -0.939
904.367 -0.94
904.427 -0.941
904.485 -0.942
904.543 -0.943
904.601 -0.944
904.659 -0.945
904.716 -0.946
904.774 -0.947
904.832 -0.948
904.888 -0.949
904.943 -0.95
904.997 -0.951
905.049 -0.952
905.112 -0.953
905.205 -0.954
905.295 -0.955
905.399 -0.956
905.494 -0.957
905.592 -0.958
905.73 -0.959
905.872 -0.96
906.03 -0.961
906.185 -0.962
906.336 -0.963
906.487 -0.964
906.641 -0.965
906.8 -0.966
906.961 -0.967
907.121 -0.968
907.281 -0.969
907.441 -0.97
907.601 -0.971
907.764 -0.972
907.926 -0.973
908.089 -0.974
908.254 -0.975
908.418 -0.976
908.582 -0.977
908.745 -0.978
908.909 -0.979
909.074 -0.98
909.239 -0.981
909.404 -0.982
909.569 -0.983
909.734 -0.984
909.9 -0.985
910.065 -0.986
910.231 -0.987
910.396 -0.988
910.557 -0.989
910.702 -0.99
910.847 -0.991
910.991 -0.992
911.136 -0.993
911.28 -0.994
911.419 -0.995
911.543 -0.996
911.666 -0.997
911.79 -0.998
911.913 -0.999
912.037 -1
912.161 -1.001
912.284 -1.002
912.408 -1.003
912.532 -1.004
912.656 -1.005
912.78 -1.006
912.904 -1.007
913.028 -1.008
913.152 -1.009
913.276 -1.01
913.4 -1.011
913.524 -1.012
913.649 -1.013
913.773 -1.014
913.897 -1.015
914.022 -1.016
914.146 -1.017
914.271 -1.018
914.396 -1.019
914.52 -1.02
914.645 -1.021
914.769 -1.022
914.894 -1.023
915.019 -1.024
915.144 -1.025
915.269 -1.026
915.394 -1.027
915.519 -1.028
915.644 -1.029
915.769 -1.03
915.894 -1.031
916.02 -1.032
916.145 -1.033
916.271 -1.034
916.397 -1.035
916.523 -1.036
916.649 -1.037
916.775 -1.038
916.901 -1.039
917.028 -1.04
917.154 -1.041
917.281 -1.042
917.408 -1.043
917.535 -1.044
917.662 -1.045
917.789 -1.046
917.916 -1.047
918.043 -1.048
918.171 -1.049
918.298 -1.05
918.426 -1.051
918.554 -1.052
918.682 -1.053
918.809 -1.054
918.937 -1.055
919.066 -1.056
919.194 -1.057
919.322 -1.058
919.45 -1.059
919.579 -1.06
919.708 -1.061
919.837 -1.062
919.966 -1.063
920.095 -1.064
920.225 -1.065
920.354 -1.066
920.484 -1.067
920.615 -1.068
920.745 -1.069
920.876 -1.07
921.007 -1.071
921.139 -1.072
921.27 -1.073
921.402 -1.074
921.534 -1.075
921.666 -1.076
921.798 -1.077
921.931 -1.078
922.063 -1.079
922.195 -1.08
922.328 -1.081
922.46 -1.082
922.593 -1.083
922.726 -1.084
922.858 -1.085
922.991 -1.086
923.124 -1.087
923.257 -1.088
923.391 -1.089
923.524 -1.09
923.657 -1.091
923.791 -1.092
923.924 -1.093
924.057 -1.094
924.191 -1.095
924.324 -1.096
924.458 -1.097
924.592 -1.098
924.726 -1.099
924.859 -1.1
924.993 -1.101
925.127 -1.102
925.262 -1.103
925.396 -1.104
925.53 -1.105
925.665 -1.106
925.799 -1.107
925.934 -1.108
926.068 -1.109
926.203 -1.11
926.338 -1.111
926.473 -1.112
926.607 -1.113
926.742 -1.114
926.877 -1.115
927.012 -1.116
927.147 -1.117
927.283 -1.118
927.418 -1.119
927.554 -1.12
927.689 -1.121
927.825 -1.122
927.96 -1.123
928.096 -1.124
928.232 -1.125
928.368 -1.126
928.504 -1.127
928.64 -1.128
928.776 -1.129
928.912 -1.13
929.048 -1.131
929.184 -1.132
929.32 -1.133
929.456 -1.134
929.593 -1.135
929.729 -1.136
929.866 -1.137
930.002 -1.138
930.139 -1.139
930.276 -1.14
930.413 -1.141
930.55 -1.142
930.687 -1.143
930.824 -1.144
930.961 -1.145
931.098 -1.146
931.235 -1.147
931.372 -1.148
931.51 -1.149
931.647 -1.15
931.785 -1.151
931.922 -1.152
932.06 -1.153
932.198 -1.154
932.335 -1.155
932.473 -1.156
932.611 -1.157
932.749 -1.158
932.887 -1.159
933.025 -1.16
933.163 -1.161
933.301 -1.162
933.439 -1.163
933.577 -1.164
933.715 -1.165
933.853 -1.166
933.992 -1.167
934.13 -1.168
934.268 -1.169
934.407 -1.17
934.545 -1.171
934.684 -1.172
934.822 -1.173
934.961 -1.174
935.099 -1.175
935.238 -1.176
935.376 -1.177
935.515 -1.178
935.653 -1.179
935.792 -1.18
935.931 -1.181
936.069 -1.182
936.208 -1.183
936.347 -1.184
936.485 -1.185
936.624 -1.186
936.763 -1.187
936.902 -1.188
937.041 -1.189
937.18 -1.19
937.318 -1.191
937.457 -1.192
937.596 -1.193
937.735 -1.194
937.874 -1.195
938.013 -1.196
938.152 -1.197
938.29 -1.198
938.429 -1.199
938.568 -1.2
938.707 -1.201
938.846 -1.202
938.985 -1.203
939.124 -1.204
939.262 -1.205
939.401 -1.206
939.54 -1.207
939.679 -1.208
939.818 -1.209
939.957 -1.21
940.096 -1.211
940.234 -1.212
940.373 -1.213
940.512 -1.214
940.65 -1.215
940.789 -1.216
940.927 -1.217
941.065 -1.218
941.203 -1.219
941.341 -1.22
941.478 -1.221
941.616 -1.222
941.753 -1.223
941.89 -1.224
942.027 -1.225
942.164 -1.226
942.301 -1.227
942.437 -1.228
942.574 -1.229
942.71 -1.23
942.845 -1.231
942.981 -1.232
943.116 -1.233
943.251 -1.234
943.386 -1.235
943.52 -1.236
943.654 -1.237
943.789 -1.238
943.923 -1.239
944.056 -1.24
944.19 -1.241
944.323 -1.242
944.456 -1.243
944.589 -1.244
944.721 -1.245
944.854 -1.246
944.986 -1.247
945.118 -1.248
945.249 -1.249
945.38 -1.25
945.511 -1.251
945.642 -1.252
945.772 -1.253
945.903 -1.254
946.033 -1.255
946.164 -1.256
946.294 -1.257
946.424 -1.258
946.554 -1.259
946.684 -1.26
946.813 -1.261
946.943 -1.262
947.073 -1.263
947.203 -1.264
947.333 -1.265
947.463 -1.266
947.594 -1.267
947.725 -1.268
947.856 -1.269
947.987 -1.27
948.118 -1.271
948.249 -1.272
948.379 -1.273
948.51 -1.274
948.641 -1.275
948.773 -1.276
948.905 -1.277
949.037 -1.278
949.169 -1.279
949.301 -1.28
949.433 -1.281
949.566 -1.282
949.7 -1.283
949.834 -1.284
949.968 -1.285
950.102 -1.286
950.237 -1.287
950.372 -1.288
950.507 -1.289
950.643 -1.29
950.779 -1.291
950.916 -1.292
951.053 -1.293
951.19 -1.294
951.327 -1.295
951.464 -1.296
951.602 -1.297
951.741 -1.298
951.879 -1.299
952.018 -1.3
952.157 -1.301
952.296 -1.302
952.436 -1.303
952.576 -1.304
952.716 -1.305
952.856 -1.306
952.997 -1.307
953.138 -1.308
953.279 -1.309
953.42 -1.31
953.562 -1.311
953.704 -1.312
953.846 -1.313
953.988 -1.314
954.131 -1.315
954.274 -1.316
954.417 -1.317
954.561 -1.318
954.705 -1.319
954.848 -1.32
954.993 -1.321
955.137 -1.322
955.281 -1.323
955.426 -1.324
955.571 -1.325
955.717 -1.326
955.862 -1.327
956.008 -1.328
956.154 -1.329
956.3 -1.33
956.446 -1.331
956.593 -1.332
956.739 -1.333
956.886 -1.334
957.032 -1.335
957.179 -1.336
957.326 -1.337
957.473 -1.338
957.621 -1.339
957.768 -1.34
957.915 -1.341
958.063 -1.342
958.21 -1.343
958.358 -1.344
958.506 -1.345
958.654 -1.346
958.802 -1.347
958.951 -1.348
959.099 -1.349
959.247 -1.35
959.395 -1.351
959.544 -1.352
959.692 -1.353
959.841 -1.354
959.99 -1.355
960.138 -1.356
960.287 -1.357
960.436 -1.358
960.585 -1.359
960.733 -1.36
960.882 -1.361
961.031 -1.362
961.179 -1.363
961.328 -1.364
961.478 -1.365
961.627 -1.366
961.777 -1.367
961.927 -1.368
962.076 -1.369
962.226 -1.37
962.376 -1.371
962.525 -1.372
962.675 -1.373
962.825 -1.374
962.975 -1.375
963.125 -1.376
963.276 -1.377
963.426 -1.378
963.576 -1.379
963.727 -1.38
963.877 -1.381
964.028 -1.382
964.178 -1.383
964.329 -1.384
964.48 -1.385
964.631 -1.386
964.782 -1.387
964.933 -1.388
965.084 -1.389
965.235 -1.39
965.387 -1.391
965.538 -1.392
965.689 -1.393
965.841 -1.394
965.993 -1.395
966.144 -1.396
966.296 -1.397
966.448 -1.398
966.6 -1.399
966.752 -1.4
966.904 -1.401
967.056 -1.402
967.208 -1.403
967.36 -1.404
967.513 -1.405
967.665 -1.406
967.817 -1.407
967.969 -1.408
968.122 -1.409
968.274 -1.41
968.427 -1.411
968.58 -1.412
968.732 -1.413
968.885 -1.414
969.039 -1.415
969.192 -1.416
969.345 -1.417
969.498 -1.418
969.651 -1.419
969.804 -1.42
969.957 -1.421
970.111 -1.422
970.264 -1.423
970.422 -1.424
970.582 -1.425
970.742 -1.426
970.901 -1.427
971.061 -1.428
971.219 -1.429
971.377 -1.43
971.533 -1.431
971.687 -1.432
971.84 -1.433
971.991 -1.434
972.139 -1.435
972.284 -1.436
972.435 -1.437
972.598 -1.438
972.761 -1.439
972.923 -1.44
973.086 -1.441
973.249 -1.442
973.411 -1.443
973.572 -1.444
973.733 -1.445
973.893 -1.446
974.053 -1.447
974.223 -1.448
974.394 -1.449
974.557 -1.45
974.721 -1.451
974.884 -1.452
975.048 -1.453
975.218 -1.454
975.388 -1.455
975.561 -1.456
975.735 -1.457
975.908 -1.458
976.081 -1.459
976.255 -1.46
976.428 -1.461
976.602 -1.462
976.775 -1.463
976.948 -1.464
977.121 -1.465
977.295 -1.466
977.468 -1.467
977.641 -1.468
977.814 -1.469
977.987 -1.47
978.16 -1.471
978.333 -1.472
978.506 -1.473
978.679 -1.474
978.852 -1.475
979.024 -1.476
979.197 -1.477
979.37 -1.478
979.542 -1.479
979.715 -1.48
979.887 -1.481
980.06 -1.482
980.232 -1.483
980.404 -1.484
980.576 -1.485
980.748 -1.486
980.92 -1.487
981.091 -1.488
981.266 -1.489
981.44 -1.49
981.614 -1.491
981.789 -1.492
981.962 -1.493
982.136 -1.494
982.309 -1.495
982.483 -1.496
982.657 -1.497
982.832 -1.498
983.008 -1.499
983.183 -1.5
