10.218 -0.001
20.3846 -0.002
30.5002 -0.003
40.5647 -0.004
50.5782 -0.005
60.5409 -0.006
70.4527 -0.007
80.3138 -0.008
90.1243 -0.009
99.8841 -0.01
109.593 -0.011
119.252 -0.012
128.86 -0.013
138.418 -0.014
147.926 -0.015
157.383 -0.016
166.79 -0.017
176.147 -0.018
185.453 -0.019
194.709 -0.02
203.915 -0.021
213.071 -0.022
222.176 -0.023
231.232 -0.024
240.236 -0.025
249.191 -0.026
258.095 -0.027
266.949 -0.028
275.753 -0.029
284.505 -0.03
293.208 -0.031
301.859 -0.032
310.367 -0.033
318.612 -0.034
326.521 -0.035
334.14 -0.036
341.712 -0.037
349.232 -0.038
356.701 -0.039
364.12 -0.04
371.489 -0.041
378.807 -0.042
386.037 -0.043
392.911 -0.044
399.239 -0.045
404.746 -0.046
409.028 -0.047
413.077 -0.048
417.081 -0.049
421.038 -0.05
424.948 -0.051
428.802 -0.052
432.606 -0.053
436.366 -0.054
440.053 -0.055
443.708 -0.056
447.329 -0.057
450.909 -0.058
454.439 -0.059
457.903 -0.06
461.333 -0.061
464.729 -0.062
468.09 -0.063
471.348 -0.064
474.534 -0.065
477.488 -0.066
480.333 -0.067
483.071 -0.068
485.393 -0.069
487.575 -0.07
489.575 -0.071
491.113 -0.072
492.526 -0.073
493.539 -0.074
494.495 -0.075
495.224 -0.076
495.89 -0.077
496.522 -0.078
497.125 -0.079
497.703 -0.08
498.255 -0.081
498.782 -0.082
499.291 -0.083
499.783 -0.084
500.256 -0.085
500.697 -0.086
501.113 -0.087
501.511 -0.088
501.891 -0.089
502.252 -0.09
502.591 -0.091
502.9 -0.092
503.196 -0.093
503.48 -0.094
503.751 -0.095
504.011 -0.096
504.258 -0.097
504.494 -0.098
504.718 -0.099
504.919 -0.1
505.105 -0.101
505.283 -0.102
505.454 -0.103
505.618 -0.104
505.774 -0.105
505.923 -0.106
506.06 -0.107
506.185 -0.108
506.299 -0.109
506.394 -0.11
506.477 -0.111
506.536 -0.112
506.587 -0.113
506.63 -0.114
506.667 -0.115
506.697 -0.116
506.721 -0.117
506.737 -0.118
506.744 -0.119
506.746 -0.12
506.741 -0.121
506.688 -0.122
506.626 -0.123
506.56 -0.124
506.489 -0.125
506.412 -0.126
506.329 -0.127
506.241 -0.128
506.147 -0.129
506.046 -0.13
505.942 -0.131
505.831 -0.132
505.716 -0.133
505.595 -0.134
505.469 -0.135
505.338 -0.136
505.203 -0.137
505.016 -0.138
504.81 -0.139
504.599 -0.14
504.383 -0.141
504.166 -0.142
503.946 -0.143
503.722 -0.144
503.493 -0.145
503.259 -0.146
503.021 -0.147
502.777 -0.148
502.528 -0.149
502.272 -0.15
502.011 -0.151
501.747 -0.152
501.477 -0.153
501.203 -0.154
500.924 -0.155
500.641 -0.156
500.354 -0.157
500.063 -0.158
499.768 -0.159
499.468 -0.16
499.163 -0.161
498.855 -0.162
498.542 -0.163
498.225 -0.164
497.903 -0.165
497.577 -0.166
497.253 -0.167
496.929 -0.168
496.603 -0.169
496.275 -0.17
495.943 -0.171
495.608 -0.172
495.272 -0.173
494.934 -0.174
494.592 -0.175
494.247 -0.176
493.898 -0.177
493.547 -0.178
493.18 -0.179
492.808 -0.18
492.434 -0.181
492.056 -0.182
491.676 -0.183
491.292 -0.184
490.907 -0.185
490.52 -0.186
490.136 -0.187
489.758 -0.188
489.384 -0.189
489.01 -0.19
488.635 -0.191
488.258 -0.192
487.88 -0.193
487.5 -0.194
487.12 -0.195
486.738 -0.196
486.354 -0.197
485.97 -0.198
485.584 -0.199
485.197 -0.2
484.81 -0.201
484.421 -0.202
484.031 -0.203
483.64 -0.204
483.244 -0.205
482.847 -0.206
482.449 -0.207
482.05 -0.208
481.65 -0.209
481.248 -0.21
480.845 -0.211
480.441 -0.212
480.036 -0.213
479.63 -0.214
479.223 -0.215
478.815 -0.216
478.406 -0.217
477.998 -0.218
477.593 -0.219
477.189 -0.22
476.787 -0.221
476.39 -0.222
475.998 -0.223
475.611 -0.224
475.227 -0.225
474.841 -0.226
474.455 -0.227
474.066 -0.228
473.677 -0.229
473.286 -0.23
472.893 -0.231
472.499 -0.232
472.103 -0.233
471.705 -0.234
471.304 -0.235
470.901 -0.236
470.498 -0.237
470.092 -0.238
469.685 -0.239
469.276 -0.24
468.864 -0.241
468.449 -0.242
468.03 -0.243
467.604 -0.244
467.173 -0.245
466.752 -0.246
466.349 -0.247
465.952 -0.248
465.555 -0.249
465.158 -0.25
464.762 -0.251
464.367 -0.252
463.971 -0.253
463.576 -0.254
463.182 -0.255
462.788 -0.256
462.394 -0.257
462.001 -0.258
461.608 -0.259
461.216 -0.26
460.824 -0.261
460.433 -0.262
460.042 -0.263
459.654 -0.264
459.268 -0.265
458.886 -0.266
458.506 -0.267
458.129 -0.268
457.753 -0.269
457.376 -0.27
456.996 -0.271
456.615 -0.272
456.234 -0.273
455.851 -0.274
455.467 -0.275
455.084 -0.276
454.703 -0.277
454.323 -0.278
453.944 -0.279
453.566 -0.28
453.19 -0.281
452.814 -0.282
452.44 -0.283
452.068 -0.284
451.696 -0.285
451.326 -0.286
450.956 -0.287
450.588 -0.288
450.221 -0.289
449.856 -0.29
449.492 -0.291
449.13 -0.292
448.77 -0.293
448.417 -0.294
448.074 -0.295
447.752 -0.296
447.431 -0.297
447.111 -0.298
446.794 -0.299
446.479 -0.3
446.165 -0.301
445.854 -0.302
445.545 -0.303
445.239 -0.304
444.934 -0.305
444.632 -0.306
444.333 -0.307
444.036 -0.308
443.741 -0.309
443.446 -0.31
443.152 -0.311
442.861 -0.312
442.572 -0.313
442.285 -0.314
442.001 -0.315
441.72 -0.316
441.441 -0.317
441.165 -0.318
440.891 -0.319
440.62 -0.32
440.351 -0.321
440.081 -0.322
439.813 -0.323
439.547 -0.324
439.284 -0.325
439.024 -0.326
438.766 -0.327
438.51 -0.328
438.257 -0.329
438.006 -0.33
437.758 -0.331
437.51 -0.332
437.261 -0.333
437.014 -0.334
436.769 -0.335
436.527 -0.336
436.287 -0.337
436.047 -0.338
435.808 -0.339
435.571 -0.34
435.336 -0.341
435.102 -0.342
434.87 -0.343
434.64 -0.344
434.408 -0.345
434.177 -0.346
433.958 -0.347
433.743 -0.348
433.537 -0.349
433.356 -0.35
433.174 -0.351
432.995 -0.352
432.82 -0.353
432.648 -0.354
432.479 -0.355
432.313 -0.356
432.15 -0.357
431.991 -0.358
431.839 -0.359
431.694 -0.36
431.551 -0.361
431.411 -0.362
431.275 -0.363
431.141 -0.364
431.01 -0.365
430.882 -0.366
430.758 -0.367
430.637 -0.368
430.519 -0.369
430.403 -0.37
430.29 -0.371
430.179 -0.372
430.071 -0.373
429.966 -0.374
429.861 -0.375
429.757 -0.376
429.655 -0.377
429.556 -0.378
429.46 -0.379
429.366 -0.38
429.275 -0.381
429.187 -0.382
429.102 -0.383
429.02 -0.384
428.939 -0.385
428.863 -0.386
428.789 -0.387
428.718 -0.388
428.65 -0.389
428.583 -0.39
428.519 -0.391
428.457 -0.392
428.397 -0.393
428.334 -0.394
428.268 -0.395
428.201 -0.396
428.131 -0.397
428.001 -0.398
427.87 -0.399
427.741 -0.4
427.614 -0.401
427.49 -0.402
427.368 -0.403
427.248 -0.404
427.131 -0.405
427.017 -0.406
426.906 -0.407
426.797 -0.408
426.691 -0.409
426.588 -0.41
426.487 -0.411
426.389 -0.412
426.295 -0.413
426.203 -0.414
426.114 -0.415
426.033 -0.416
425.966 -0.417
425.903 -0.418
425.842 -0.419
425.784 -0.42
425.729 -0.421
425.678 -0.422
425.629 -0.423
425.584 -0.424
425.542 -0.425
425.504 -0.426
425.469 -0.427
425.437 -0.428
425.409 -0.429
425.384 -0.43
425.362 -0.431
425.344 -0.432
425.328 -0.433
425.318 -0.434
425.311 -0.435
425.298 -0.436
425.28 -0.437
425.254 -0.438
425.226 -0.439
425.202 -0.44
425.18 -0.441
425.162 -0.442
425.146 -0.443
425.133 -0.444
425.123 -0.445
425.116 -0.446
425.112 -0.447
425.112 -0.448
425.114 -0.449
425.12 -0.45
425.129 -0.451
425.141 -0.452
425.155 -0.453
425.172 -0.454
425.193 -0.455
425.216 -0.456
425.243 -0.457
425.272 -0.458
425.304 -0.459
425.34 -0.46
425.377 -0.461
425.418 -0.462
425.455 -0.463
425.484 -0.464
425.503 -0.465
425.514 -0.466
425.51 -0.467
425.506 -0.468
425.505 -0.469
425.507 -0.47
425.511 -0.471
425.518 -0.472
425.528 -0.473
425.54 -0.474
425.554 -0.475
425.562 -0.476
425.562 -0.477
425.562 -0.478
425.565 -0.479
425.571 -0.48
425.58 -0.481
425.591 -0.482
425.605 -0.483
425.621 -0.484
425.64 -0.485
425.662 -0.486
425.687 -0.487
425.714 -0.488
425.744 -0.489
425.776 -0.49
425.81 -0.491
425.845 -0.492
425.883 -0.493
425.923 -0.494
425.967 -0.495
426.013 -0.496
426.062 -0.497
426.114 -0.498
426.169 -0.499
426.226 -0.5
426.287 -0.501
426.35 -0.502
426.416 -0.503
426.484 -0.504
426.555 -0.505
426.629 -0.506
426.706 -0.507
426.785 -0.508
426.868 -0.509
426.953 -0.51
427.042 -0.511
427.133 -0.512
427.227 -0.513
427.324 -0.514
427.424 -0.515
427.526 -0.516
427.632 -0.517
427.74 -0.518
427.851 -0.519
427.965 -0.52
428.082 -0.521
428.202 -0.522
428.311 -0.523
428.403 -0.524
428.498 -0.525
428.596 -0.526
428.697 -0.527
428.801 -0.528
428.908 -0.529
429.017 -0.53
429.129 -0.531
429.243 -0.532
429.342 -0.533
429.444 -0.534
429.548 -0.535
429.655 -0.536
429.765 -0.537
429.878 -0.538
429.993 -0.539
430.112 -0.54
430.233 -0.541
430.357 -0.542
430.484 -0.543
430.614 -0.544
430.747 -0.545
430.882 -0.546
431.02 -0.547
431.161 -0.548
431.305 -0.549
431.451 -0.55
431.6 -0.551
431.752 -0.552
431.908 -0.553
432.066 -0.554
432.228 -0.555
432.392 -0.556
432.56 -0.557
432.73 -0.558
432.883 -0.559
433.032 -0.56
433.183 -0.561
433.338 -0.562
433.496 -0.563
433.657 -0.564
433.82 -0.565
433.987 -0.566
434.156 -0.567
434.328 -0.568
434.502 -0.569
434.68 -0.57
434.862 -0.571
435.046 -0.572
435.234 -0.573
435.425 -0.574
435.619 -0.575
435.817 -0.576
436.017 -0.577
436.22 -0.578
436.422 -0.579
436.617 -0.58
436.816 -0.581
437.017 -0.582
437.222 -0.583
437.43 -0.584
437.641 -0.585
437.856 -0.586
438.074 -0.587
438.295 -0.588
438.519 -0.589
438.747 -0.59
438.978 -0.591
439.213 -0.592
439.451 -0.593
439.693 -0.594
439.938 -0.595
440.186 -0.596
440.439 -0.597
440.694 -0.598
440.953 -0.599
441.216 -0.6
441.482 -0.601
441.751 -0.602
442.005 -0.603
442.253 -0.604
442.504 -0.605
442.759 -0.606
443.017 -0.607
443.278 -0.608
443.542 -0.609
443.81 -0.61
444.081 -0.611
444.355 -0.612
444.634 -0.613
444.916 -0.614
445.201 -0.615
445.49 -0.616
445.782 -0.617
446.066 -0.618
446.346 -0.619
446.63 -0.62
446.917 -0.621
447.208 -0.622
447.503 -0.623
447.801 -0.624
448.103 -0.625
448.408 -0.626
448.717 -0.627
449.03 -0.628
449.346 -0.629
449.666 -0.63
449.992 -0.631
450.322 -0.632
450.655 -0.633
450.992 -0.634
451.332 -0.635
451.676 -0.636
452.024 -0.637
452.376 -0.638
452.731 -0.639
453.089 -0.64
453.452 -0.641
453.818 -0.642
454.187 -0.643
454.56 -0.644
454.914 -0.645
455.267 -0.646
455.61 -0.647
455.955 -0.648
456.303 -0.649
456.655 -0.65
457.01 -0.651
457.369 -0.652
457.73 -0.653
458.095 -0.654
458.464 -0.655
458.836 -0.656
459.212 -0.657
459.591 -0.658
459.973 -0.659
460.359 -0.66
460.748 -0.661
461.141 -0.662
461.538 -0.663
461.938 -0.664
462.342 -0.665
462.743 -0.666
463.144 -0.667
463.546 -0.668
463.952 -0.669
464.362 -0.67
464.775 -0.671
465.191 -0.672
465.611 -0.673
466.035 -0.674
466.462 -0.675
466.893 -0.676
467.325 -0.677
467.761 -0.678
468.201 -0.679
468.644 -0.68
469.09 -0.681
469.541 -0.682
469.995 -0.683
470.453 -0.684
470.907 -0.685
471.349 -0.686
471.795 -0.687
472.244 -0.688
472.696 -0.689
473.152 -0.69
473.612 -0.691
474.075 -0.692
474.542 -0.693
475.012 -0.694
475.486 -0.695
475.964 -0.696
476.445 -0.697
476.93 -0.698
477.418 -0.699
477.91 -0.7
478.406 -0.701
478.905 -0.702
479.408 -0.703
479.915 -0.704
480.426 -0.705
480.94 -0.706
481.456 -0.707
481.977 -0.708
482.5 -0.709
483.027 -0.71
483.558 -0.711
484.093 -0.712
484.631 -0.713
485.174 -0.714
485.72 -0.715
486.267 -0.716
486.817 -0.717
487.371 -0.718
487.927 -0.719
488.488 -0.72
489.053 -0.721
489.622 -0.722
490.194 -0.723
490.766 -0.724
491.342 -0.725
491.922 -0.726
492.506 -0.727
493.09 -0.728
493.673 -0.729
494.251 -0.73
494.831 -0.731
495.416 -0.732
496.003 -0.733
496.595 -0.734
497.19 -0.735
497.788 -0.736
498.391 -0.737
498.998 -0.738
499.609 -0.739
500.223 -0.74
500.84 -0.741
501.462 -0.742
502.087 -0.743
502.702 -0.744
503.318 -0.745
503.938 -0.746
504.559 -0.747
505.183 -0.748
505.811 -0.749
506.442 -0.75
507.073 -0.751
507.706 -0.752
508.34 -0.753
508.969 -0.754
509.598 -0.755
510.229 -0.756
510.854 -0.757
511.474 -0.758
512.095 -0.759
512.719 -0.76
513.347 -0.761
513.979 -0.762
514.613 -0.763
515.25 -0.764
515.864 -0.765
516.468 -0.766
517.069 -0.767
517.665 -0.768
518.262 -0.769
518.857 -0.77
519.456 -0.771
520.058 -0.772
520.659 -0.773
521.261 -0.774
521.866 -0.775
522.471 -0.776
523.078 -0.777
523.681 -0.778
524.282 -0.779
524.886 -0.78
525.493 -0.781
526.103 -0.782
526.717 -0.783
527.335 -0.784
527.955 -0.785
528.578 -0.786
529.201 -0.787
529.825 -0.788
530.446 -0.789
531.058 -0.79
531.669 -0.791
532.281 -0.792
532.895 -0.793
533.511 -0.794
534.128 -0.795
534.742 -0.796
535.355 -0.797
535.965 -0.798
536.576 -0.799
537.189 -0.8
537.805 -0.801
538.425 -0.802
539.048 -0.803
539.669 -0.804
540.269 -0.805
540.871 -0.806
541.477 -0.807
542.085 -0.808
542.696 -0.809
543.31 -0.81
543.927 -0.811
544.547 -0.812
545.17 -0.813
545.795 -0.814
546.424 -0.815
547.057 -0.816
547.692 -0.817
548.33 -0.818
548.954 -0.819
549.578 -0.82
550.205 -0.821
550.835 -0.822
551.467 -0.823
552.103 -0.824
552.742 -0.825
553.384 -0.826
554.029 -0.827
554.676 -0.828
555.326 -0.829
555.978 -0.83
556.634 -0.831
557.292 -0.832
557.954 -0.833
558.619 -0.834
559.286 -0.835
559.957 -0.836
560.631 -0.837
561.301 -0.838
561.968 -0.839
562.638 -0.84
563.311 -0.841
563.982 -0.842
564.655 -0.843
565.331 -0.844
566.01 -0.845
566.691 -0.846
567.376 -0.847
568.064 -0.848
568.755 -0.849
569.448 -0.85
570.144 -0.851
570.843 -0.852
571.545 -0.853
572.25 -0.854
572.959 -0.855
573.67 -0.856
574.384 -0.857
575.102 -0.858
575.822 -0.859
576.546 -0.86
577.273 -0.861
578.003 -0.862
578.736 -0.863
579.472 -0.864
580.212 -0.865
580.954 -0.866
581.698 -0.867
582.446 -0.868
583.197 -0.869
583.952 -0.87
584.709 -0.871
585.47 -0.872
586.234 -0.873
587.001 -0.874
587.771 -0.875
588.545 -0.876
589.322 -0.877
590.102 -0.878
590.885 -0.879
591.672 -0.88
592.461 -0.881
593.255 -0.882
594.05 -0.883
594.835 -0.884
595.622 -0.885
596.412 -0.886
597.205 -0.887
598.002 -0.888
598.801 -0.889
599.604 -0.89
600.41 -0.891
601.22 -0.892
602.032 -0.893
602.848 -0.894
603.635 -0.895
604.425 -0.896
605.217 -0.897
606.012 -0.898
606.811 -0.899
607.613 -0.9
608.418 -0.901
609.226 -0.902
610.037 -0.903
610.852 -0.904
611.67 -0.905
612.491 -0.906
613.316 -0.907
614.143 -0.908
614.973 -0.909
615.807 -0.91
616.644 -0.911
617.484 -0.912
618.328 -0.913
619.174 -0.914
620.021 -0.915
620.869 -0.916
621.717 -0.917
622.538 -0.918
623.361 -0.919
624.187 -0.92
625.015 -0.921
625.847 -0.922
626.674 -0.923
627.479 -0.924
628.283 -0.925
629.089 -0.926
629.899 -0.927
630.711 -0.928
631.526 -0.929
632.344 -0.93
633.165 -0.931
633.983 -0.932
634.798 -0.933
635.617 -0.934
636.438 -0.935
637.261 -0.936
638.087 -0.937
638.913 -0.938
639.738 -0.939
640.467 -0.94
641.177 -0.941
641.883 -0.942
642.585 -0.943
643.289 -0.944
643.994 -0.945
644.702 -0.946
645.412 -0.947
646.125 -0.948
646.839 -0.949
647.555 -0.95
648.274 -0.951
648.994 -0.952
649.717 -0.953
650.441 -0.954
651.168 -0.955
651.895 -0.956
652.624 -0.957
653.356 -0.958
654.09 -0.959
654.826 -0.96
655.563 -0.961
656.303 -0.962
657.044 -0.963
657.788 -0.964
658.533 -0.965
659.281 -0.966
660.03 -0.967
660.782 -0.968
661.537 -0.969
662.293 -0.97
663.052 -0.971
663.813 -0.972
664.576 -0.973
665.342 -0.974
666.11 -0.975
666.88 -0.976
667.652 -0.977
668.427 -0.978
669.204 -0.979
669.983 -0.98
670.764 -0.981
671.548 -0.982
672.334 -0.983
673.122 -0.984
673.913 -0.985
674.705 -0.986
675.501 -0.987
676.294 -0.988
677.072 -0.989
677.851 -0.99
678.633 -0.991
679.416 -0.992
680.202 -0.993
680.99 -0.994
681.78 -0.995
682.571 -0.996
683.365 -0.997
684.16 -0.998
684.957 -0.999
685.756 -1
686.557 -1.001
687.361 -1.002
688.167 -1.003
688.975 -1.004
689.786 -1.005
690.599 -1.006
691.414 -1.007
692.231 -1.008
693.051 -1.009
693.873 -1.01
694.697 -1.011
695.524 -1.012
696.353 -1.013
697.185 -1.014
698.018 -1.015
698.854 -1.016
699.692 -1.017
700.533 -1.018
701.376 -1.019
702.221 -1.02
703.068 -1.021
703.917 -1.022
704.769 -1.023
705.622 -1.024
706.471 -1.025
707.295 -1.026
708.12 -1.027
708.946 -1.028
709.774 -1.029
710.602 -1.03
711.431 -1.031
712.262 -1.032
713.095 -1.033
713.93 -1.034
714.766 -1.035
715.604 -1.036
716.443 -1.037
717.285 -1.038
718.13 -1.039
718.976 -1.04
719.825 -1.041
720.676 -1.042
721.528 -1.043
722.382 -1.044
723.238 -1.045
724.096 -1.046
724.956 -1.047
725.819 -1.048
726.683 -1.049
727.548 -1.05
728.415 -1.051
729.284 -1.052
730.154 -1.053
731.026 -1.054
731.901 -1.055
732.777 -1.056
733.656 -1.057
734.537 -1.058
735.42 -1.059
736.306 -1.06
737.194 -1.061
738.084 -1.062
738.976 -1.063
739.871 -1.064
740.768 -1.065
741.667 -1.066
742.567 -1.067
743.471 -1.068
744.376 -1.069
745.283 -1.07
746.192 -1.071
747.104 -1.072
748.009 -1.073
748.91 -1.074
749.811 -1.075
750.714 -1.076
751.62 -1.077
752.528 -1.078
753.438 -1.079
754.351 -1.08
755.264 -1.081
756.179 -1.082
757.09 -1.083
757.999 -1.084
758.909 -1.085
759.822 -1.086
760.738 -1.087
761.655 -1.088
762.574 -1.089
763.496 -1.09
764.419 -1.091
765.345 -1.092
766.273 -1.093
767.203 -1.094
768.136 -1.095
769.071 -1.096
770.007 -1.097
770.944 -1.098
771.884 -1.099
772.826 -1.1
773.77 -1.101
774.716 -1.102
775.663 -1.103
776.613 -1.104
777.566 -1.105
778.52 -1.106
779.477 -1.107
780.436 -1.108
781.397 -1.109
782.36 -1.11
783.325 -1.111
784.29 -1.112
785.259 -1.113
786.229 -1.114
787.202 -1.115
788.178 -1.116
789.156 -1.117
790.136 -1.118
791.118 -1.119
792.103 -1.12
793.09 -1.121
794.079 -1.122
795.07 -1.123
796.063 -1.124
797.059 -1.125
798.057 -1.126
799.058 -1.127
800.06 -1.128
801.065 -1.129
802.071 -1.13
803.08 -1.131
804.091 -1.132
805.105 -1.133
806.121 -1.134
807.139 -1.135
808.16 -1.136
809.183 -1.137
810.207 -1.138
811.234 -1.139
812.264 -1.14
813.295 -1.141
814.329 -1.142
815.364 -1.143
816.401 -1.144
817.436 -1.145
818.472 -1.146
819.511 -1.147
820.552 -1.148
821.595 -1.149
822.641 -1.15
823.69 -1.151
824.741 -1.152
825.794 -1.153
826.85 -1.154
827.905 -1.155
828.963 -1.156
830.023 -1.157
831.086 -1.158
832.151 -1.159
833.219 -1.16
834.289 -1.161
835.362 -1.162
836.436 -1.163
837.513 -1.164
838.593 -1.165
839.675 -1.166
840.759 -1.167
841.847 -1.168
842.936 -1.169
844.027 -1.17
845.118 -1.171
846.211 -1.172
847.306 -1.173
848.404 -1.174
849.504 -1.175
850.606 -1.176
851.711 -1.177
852.819 -1.178
853.929 -1.179
855.042 -1.18
856.156 -1.181
857.272 -1.182
858.389 -1.183
859.509 -1.184
860.631 -1.185
861.755 -1.186
862.881 -1.187
864.01 -1.188
865.141 -1.189
866.275 -1.19
867.412 -1.191
868.551 -1.192
869.693 -1.193
870.837 -1.194
871.983 -1.195
873.13 -1.196
874.279 -1.197
875.431 -1.198
876.585 -1.199
877.735 -1.2
