8.84483 -0.001
17.6818 -0.002
26.5107 -0.003
35.3317 -0.004
44.1447 -0.005
52.9495 -0.006
61.7462 -0.007
70.5347 -0.008
79.315 -0.009
88.0869 -0.01
96.8505 -0.011
105.606 -0.012
114.352 -0.013
123.091 -0.014
131.82 -0.015
140.541 -0.016
149.253 -0.017
157.957 -0.018
166.651 -0.019
175.337 -0.02
184.014 -0.021
192.682 -0.022
201.34 -0.023
209.99 -0.024
218.63 -0.025
227.261 -0.026
235.883 -0.027
244.495 -0.028
253.098 -0.029
261.691 -0.03
270.271 -0.031
278.655 -0.032
286.374 -0.033
292.697 -0.034
298.251 -0.035
303.532 -0.036
308.295 -0.037
312.809 -0.038
317.303 -0.039
321.781 -0.04
326.247 -0.041
330.705 -0.042
335.156 -0.043
339.596 -0.044
344.025 -0.045
348.444 -0.046
352.852 -0.047
357.247 -0.048
361.628 -0.049
365.968 -0.05
370.063 -0.051
373.697 -0.052
376.569 -0.053
378.436 -0.054
380.218 -0.055
381.981 -0.056
383.72 -0.057
385.437 -0.058
387.136 -0.059
388.813 -0.06
390.469 -0.061
392.109 -0.062
393.735 -0.063
395.347 -0.064
396.95 -0.065
398.547 -0.066
400.138 -0.067
401.727 -0.068
403.313 -0.069
404.898 -0.07
406.481 -0.071
408.071 -0.072
409.667 -0.073
411.252 -0.074
412.819 -0.075
414.333 -0.076
415.782 -0.077
417.156 -0.078
418.427 -0.079
419.555 -0.08
420.583 -0.081
421.344 -0.082
421.8 -0.083
422.162 -0.084
422.517 -0.085
422.859 -0.086
423.191 -0.087
423.515 -0.088
423.827 -0.089
424.127 -0.09
424.416 -0.091
424.692 -0.092
424.955 -0.093
425.21 -0.094
425.458 -0.095
425.7 -0.096
425.935 -0.097
426.165 -0.098
426.394 -0.099
426.62 -0.1
426.844 -0.101
427.067 -0.102
427.29 -0.103
427.511 -0.104
427.732 -0.105
427.952 -0.106
428.171 -0.107
428.389 -0.108
428.606 -0.109
428.822 -0.11
429.037 -0.111
429.25 -0.112
429.463 -0.113
429.673 -0.114
429.882 -0.115
430.088 -0.116
430.292 -0.117
430.494 -0.118
430.693 -0.119
430.889 -0.12
431.084 -0.121
431.275 -0.122
431.464 -0.123
431.652 -0.124
431.835 -0.125
432.016 -0.126
432.195 -0.127
432.37 -0.128
432.542 -0.129
432.713 -0.13
432.881 -0.131
433.046 -0.132
433.208 -0.133
433.365 -0.134
433.52 -0.135
433.674 -0.136
433.824 -0.137
433.971 -0.138
434.116 -0.139
434.258 -0.14
434.396 -0.141
434.532 -0.142
434.665 -0.143
434.794 -0.144
434.923 -0.145
435.05 -0.146
435.174 -0.147
435.296 -0.148
435.418 -0.149
435.538 -0.15
435.656 -0.151
435.772 -0.152
435.887 -0.153
436 -0.154
436.112 -0.155
436.222 -0.156
436.332 -0.157
436.442 -0.158
436.55 -0.159
436.657 -0.16
436.764 -0.161
436.869 -0.162
436.974 -0.163
437.078 -0.164
437.182 -0.165
437.285 -0.166
437.388 -0.167
437.491 -0.168
437.593 -0.169
437.694 -0.17
437.795 -0.171
437.896 -0.172
437.995 -0.173
438.095 -0.174
438.194 -0.175
438.292 -0.176
438.39 -0.177
438.488 -0.178
438.586 -0.179
438.683 -0.18
438.78 -0.181
438.876 -0.182
438.972 -0.183
439.068 -0.184
439.164 -0.185
439.259 -0.186
439.354 -0.187
439.448 -0.188
439.542 -0.189
439.636 -0.19
439.73 -0.191
439.823 -0.192
439.916 -0.193
440.009 -0.194
440.102 -0.195
440.194 -0.196
440.286 -0.197
440.378 -0.198
440.47 -0.199
440.561 -0.2
440.652 -0.201
440.743 -0.202
440.833 -0.203
440.924 -0.204
441.014 -0.205
441.105 -0.206
441.195 -0.207
441.284 -0.208
441.374 -0.209
441.464 -0.21
441.553 -0.211
441.642 -0.212
441.731 -0.213
441.819 -0.214
441.907 -0.215
441.996 -0.216
442.083 -0.217
442.171 -0.218
442.259 -0.219
442.346 -0.22
442.434 -0.221
442.521 -0.222
442.608 -0.223
442.695 -0.224
442.781 -0.225
442.868 -0.226
442.954 -0.227
443.041 -0.228
443.127 -0.229
443.212 -0.23
443.298 -0.231
443.384 -0.232
443.469 -0.233
443.555 -0.234
443.64 -0.235
443.725 -0.236
443.81 -0.237
443.894 -0.238
443.979 -0.239
444.063 -0.24
444.148 -0.241
444.232 -0.242
444.316 -0.243
444.4 -0.244
444.483 -0.245
444.567 -0.246
444.65 -0.247
444.733 -0.248
444.817 -0.249
444.9 -0.25
444.982 -0.251
445.065 -0.252
445.147 -0.253
445.23 -0.254
445.312 -0.255
445.394 -0.256
445.476 -0.257
445.558 -0.258
445.639 -0.259
445.721 -0.26
445.802 -0.261
445.883 -0.262
445.964 -0.263
446.045 -0.264
446.126 -0.265
446.206 -0.266
446.287 -0.267
446.367 -0.268
446.447 -0.269
446.527 -0.27
446.607 -0.271
446.687 -0.272
446.767 -0.273
446.846 -0.274
446.925 -0.275
447.005 -0.276
447.084 -0.277
447.163 -0.278
447.242 -0.279
447.32 -0.28
447.399 -0.281
447.477 -0.282
447.556 -0.283
447.634 -0.284
447.712 -0.285
447.79 -0.286
447.868 -0.287
447.945 -0.288
448.023 -0.289
448.1 -0.29
448.178 -0.291
448.255 -0.292
448.332 -0.293
448.409 -0.294
448.486 -0.295
448.563 -0.296
448.639 -0.297
448.716 -0.298
448.792 -0.299
448.869 -0.3
448.945 -0.301
449.021 -0.302
449.096 -0.303
449.172 -0.304
449.247 -0.305
449.323 -0.306
449.398 -0.307
449.473 -0.308
449.548 -0.309
449.623 -0.31
449.698 -0.311
449.773 -0.312
449.848 -0.313
449.922 -0.314
449.997 -0.315
450.071 -0.316
450.146 -0.317
450.22 -0.318
450.295 -0.319
450.369 -0.32
450.443 -0.321
450.517 -0.322
450.59 -0.323
450.664 -0.324
450.738 -0.325
450.811 -0.326
450.885 -0.327
450.958 -0.328
451.031 -0.329
451.104 -0.33
451.178 -0.331
451.251 -0.332
451.324 -0.333
451.397 -0.334
451.47 -0.335
451.543 -0.336
451.615 -0.337
451.688 -0.338
451.761 -0.339
451.833 -0.34
451.906 -0.341
451.979 -0.342
452.051 -0.343
452.123 -0.344
452.196 -0.345
452.268 -0.346
452.34 -0.347
452.412 -0.348
452.484 -0.349
452.556 -0.35
452.628 -0.351
452.7 -0.352
452.772 -0.353
452.843 -0.354
452.915 -0.355
452.987 -0.356
453.059 -0.357
453.13 -0.358
453.202 -0.359
453.273 -0.36
453.345 -0.361
453.416 -0.362
453.487 -0.363
453.559 -0.364
453.63 -0.365
453.701 -0.366
453.772 -0.367
453.844 -0.368
453.915 -0.369
453.986 -0.37
454.057 -0.371
454.128 -0.372
454.199 -0.373
454.27 -0.374
454.341 -0.375
454.412 -0.376
454.483 -0.377
454.554 -0.378
454.625 -0.379
454.695 -0.38
454.766 -0.381
454.837 -0.382
454.907 -0.383
454.978 -0.384
455.048 -0.385
455.119 -0.386
455.189 -0.387
455.26 -0.388
455.33 -0.389
455.4 -0.39
455.471 -0.391
455.541 -0.392
455.611 -0.393
455.682 -0.394
455.752 -0.395
455.822 -0.396
455.892 -0.397
455.962 -0.398
456.033 -0.399
456.103 -0.4
456.173 -0.401
456.243 -0.402
456.313 -0.403
456.383 -0.404
456.453 -0.405
456.524 -0.406
456.594 -0.407
456.664 -0.408
456.734 -0.409
456.804 -0.41
456.874 -0.411
456.944 -0.412
457.014 -0.413
457.083 -0.414
457.153 -0.415
457.223 -0.416
457.293 -0.417
457.362 -0.418
457.432 -0.419
457.502 -0.42
457.571 -0.421
457.641 -0.422
457.711 -0.423
457.78 -0.424
457.85 -0.425
457.919 -0.426
457.989 -0.427
458.058 -0.428
458.127 -0.429
458.196 -0.43
458.266 -0.431
458.335 -0.432
458.404 -0.433
458.473 -0.434
458.543 -0.435
458.612 -0.436
458.681 -0.437
458.75 -0.438
458.819 -0.439
458.888 -0.44
458.957 -0.441
459.026 -0.442
459.095 -0.443
459.164 -0.444
459.233 -0.445
459.302 -0.446
459.371 -0.447
459.439 -0.448
459.508 -0.449
459.577 -0.45
459.646 -0.451
459.714 -0.452
459.783 -0.453
459.852 -0.454
459.92 -0.455
459.989 -0.456
460.058 -0.457
460.126 -0.458
460.195 -0.459
460.264 -0.46
460.332 -0.461
460.401 -0.462
460.469 -0.463
460.538 -0.464
460.606 -0.465
460.674 -0.466
460.742 -0.467
460.81 -0.468
460.878 -0.469
460.946 -0.47
461.014 -0.471
461.083 -0.472
461.151 -0.473
461.219 -0.474
461.287 -0.475
461.355 -0.476
461.423 -0.477
461.491 -0.478
461.559 -0.479
461.627 -0.48
461.695 -0.481
461.763 -0.482
461.83 -0.483
461.898 -0.484
461.966 -0.485
462.033 -0.486
462.101 -0.487
462.169 -0.488
462.236 -0.489
462.304 -0.49
462.372 -0.491
462.439 -0.492
462.507 -0.493
462.574 -0.494
462.642 -0.495
462.709 -0.496
462.776 -0.497
462.844 -0.498
462.911 -0.499
462.978 -0.5
463.045 -0.501
463.112 -0.502
463.18 -0.503
463.247 -0.504
463.314 -0.505
463.382 -0.506
463.449 -0.507
463.516 -0.508
463.583 -0.509
463.65 -0.51
463.717 -0.511
463.784 -0.512
463.851 -0.513
463.918 -0.514
463.985 -0.515
464.052 -0.516
464.119 -0.517
464.186 -0.518
464.253 -0.519
464.32 -0.52
464.387 -0.521
464.454 -0.522
464.521 -0.523
464.588 -0.524
464.655 -0.525
464.722 -0.526
464.79 -0.527
464.857 -0.528
464.924 -0.529
464.991 -0.53
465.058 -0.531
465.125 -0.532
465.193 -0.533
465.26 -0.534
465.327 -0.535
465.395 -0.536
465.462 -0.537
465.529 -0.538
465.597 -0.539
465.664 -0.54
465.732 -0.541
465.799 -0.542
465.867 -0.543
465.934 -0.544
466.002 -0.545
466.069 -0.546
466.137 -0.547
466.204 -0.548
466.272 -0.549
466.339 -0.55
466.407 -0.551
466.475 -0.552
466.542 -0.553
466.61 -0.554
466.678 -0.555
466.746 -0.556
466.813 -0.557
466.881 -0.558
466.949 -0.559
467.017 -0.56
467.084 -0.561
467.152 -0.562
467.22 -0.563
467.288 -0.564
467.356 -0.565
467.424 -0.566
467.492 -0.567
467.56 -0.568
467.628 -0.569
467.696 -0.57
467.764 -0.571
467.832 -0.572
467.9 -0.573
467.969 -0.574
468.037 -0.575
468.105 -0.576
468.174 -0.577
468.242 -0.578
468.311 -0.579
468.379 -0.58
468.448 -0.581
468.516 -0.582
468.585 -0.583
468.654 -0.584
468.722 -0.585
468.791 -0.586
468.86 -0.587
468.929 -0.588
468.997 -0.589
469.066 -0.59
469.135 -0.591
469.204 -0.592
469.273 -0.593
469.342 -0.594
469.411 -0.595
469.48 -0.596
469.549 -0.597
469.619 -0.598
469.688 -0.599
469.757 -0.6
469.826 -0.601
469.896 -0.602
469.965 -0.603
470.034 -0.604
470.104 -0.605
470.173 -0.606
470.243 -0.607
470.312 -0.608
470.382 -0.609
470.452 -0.61
470.521 -0.611
470.591 -0.612
470.661 -0.613
470.731 -0.614
470.801 -0.615
470.871 -0.616
470.941 -0.617
471.011 -0.618
471.081 -0.619
471.151 -0.62
471.221 -0.621
471.292 -0.622
471.362 -0.623
471.432 -0.624
471.502 -0.625
471.573 -0.626
471.643 -0.627
471.714 -0.628
471.784 -0.629
471.855 -0.63
471.926 -0.631
471.996 -0.632
472.067 -0.633
472.138 -0.634
472.209 -0.635
472.28 -0.636
472.351 -0.637
472.422 -0.638
472.493 -0.639
472.563 -0.64
472.634 -0.641
472.706 -0.642
472.777 -0.643
472.848 -0.644
472.919 -0.645
472.991 -0.646
473.062 -0.647
473.133 -0.648
473.205 -0.649
473.276 -0.65
473.347 -0.651
473.419 -0.652
473.49 -0.653
473.562 -0.654
473.633 -0.655
473.705 -0.656
473.776 -0.657
473.848 -0.658
473.92 -0.659
473.992 -0.66
474.064 -0.661
474.136 -0.662
474.208 -0.663
474.28 -0.664
474.352 -0.665
474.425 -0.666
474.497 -0.667
474.569 -0.668
474.642 -0.669
474.714 -0.67
474.787 -0.671
474.86 -0.672
474.933 -0.673
475.006 -0.674
475.079 -0.675
475.152 -0.676
475.225 -0.677
475.298 -0.678
475.371 -0.679
475.444 -0.68
475.518 -0.681
475.591 -0.682
475.665 -0.683
475.738 -0.684
475.812 -0.685
475.886 -0.686
475.96 -0.687
476.034 -0.688
476.108 -0.689
476.182 -0.69
476.256 -0.691
476.33 -0.692
476.404 -0.693
476.479 -0.694
476.553 -0.695
476.628 -0.696
476.703 -0.697
476.777 -0.698
476.852 -0.699
476.927 -0.7
477.002 -0.701
477.077 -0.702
477.152 -0.703
477.227 -0.704
477.303 -0.705
477.378 -0.706
477.453 -0.707
477.529 -0.708
477.604 -0.709
477.68 -0.71
477.756 -0.711
477.832 -0.712
477.908 -0.713
477.984 -0.714
478.06 -0.715
478.136 -0.716
478.212 -0.717
478.289 -0.718
478.365 -0.719
478.442 -0.72
478.518 -0.721
478.595 -0.722
478.672 -0.723
478.749 -0.724
478.826 -0.725
478.903 -0.726
478.98 -0.727
479.057 -0.728
479.134 -0.729
479.212 -0.73
479.289 -0.731
479.367 -0.732
479.445 -0.733
479.522 -0.734
479.6 -0.735
479.678 -0.736
479.756 -0.737
479.834 -0.738
479.913 -0.739
479.991 -0.74
480.069 -0.741
480.148 -0.742
480.226 -0.743
480.305 -0.744
480.384 -0.745
480.463 -0.746
480.542 -0.747
480.621 -0.748
480.7 -0.749
480.779 -0.75
480.859 -0.751
480.938 -0.752
481.017 -0.753
481.097 -0.754
481.177 -0.755
481.257 -0.756
481.336 -0.757
481.416 -0.758
481.497 -0.759
481.577 -0.76
481.657 -0.761
481.737 -0.762
481.818 -0.763
481.898 -0.764
481.979 -0.765
482.06 -0.766
482.141 -0.767
482.222 -0.768
482.303 -0.769
482.384 -0.77
482.465 -0.771
482.546 -0.772
482.628 -0.773
482.709 -0.774
482.791 -0.775
482.873 -0.776
482.955 -0.777
483.036 -0.778
483.118 -0.779
483.201 -0.78
483.283 -0.781
483.365 -0.782
483.448 -0.783
483.53 -0.784
483.613 -0.785
483.695 -0.786
483.778 -0.787
483.861 -0.788
483.944 -0.789
484.027 -0.79
484.111 -0.791
484.194 -0.792
484.278 -0.793
484.361 -0.794
484.445 -0.795
484.529 -0.796
484.612 -0.797
484.696 -0.798
484.78 -0.799
484.865 -0.8
484.949 -0.801
485.033 -0.802
485.118 -0.803
485.203 -0.804
485.287 -0.805
485.372 -0.806
485.457 -0.807
485.542 -0.808
485.627 -0.809
485.712 -0.81
485.798 -0.811
485.883 -0.812
485.969 -0.813
486.055 -0.814
486.14 -0.815
486.226 -0.816
486.312 -0.817
486.399 -0.818
486.485 -0.819
486.571 -0.82
486.658 -0.821
486.744 -0.822
486.831 -0.823
486.918 -0.824
487.005 -0.825
487.092 -0.826
487.179 -0.827
487.266 -0.828
487.354 -0.829
487.441 -0.83
487.529 -0.831
487.616 -0.832
487.704 -0.833
487.792 -0.834
487.88 -0.835
487.968 -0.836
488.057 -0.837
488.145 -0.838
488.234 -0.839
488.322 -0.84
488.411 -0.841
488.5 -0.842
488.589 -0.843
488.678 -0.844
488.767 -0.845
488.857 -0.846
488.946 -0.847
489.036 -0.848
489.125 -0.849
489.215 -0.85
489.305 -0.851
489.395 -0.852
489.485 -0.853
489.576 -0.854
489.666 -0.855
489.756 -0.856
489.847 -0.857
489.938 -0.858
490.029 -0.859
490.12 -0.86
490.211 -0.861
490.302 -0.862
490.393 -0.863
490.485 -0.864
490.576 -0.865
490.668 -0.866
490.76 -0.867
490.852 -0.868
490.944 -0.869
491.036 -0.87
491.128 -0.871
491.221 -0.872
491.313 -0.873
491.406 -0.874
491.499 -0.875
491.592 -0.876
491.685 -0.877
491.778 -0.878
491.871 -0.879
491.965 -0.88
492.059 -0.881
492.152 -0.882
492.246 -0.883
492.34 -0.884
492.434 -0.885
492.528 -0.886
492.623 -0.887
492.717 -0.888
492.812 -0.889
492.907 -0.89
493.001 -0.891
493.096 -0.892
493.192 -0.893
493.287 -0.894
493.382 -0.895
493.478 -0.896
493.573 -0.897
493.669 -0.898
493.765 -0.899
493.86 -0.9
493.956 -0.901
494.052 -0.902
494.148 -0.903
494.244 -0.904
494.341 -0.905
494.437 -0.906
494.534 -0.907
494.63 -0.908
494.727 -0.909
494.824 -0.91
494.921 -0.911
495.019 -0.912
495.116 -0.913
495.213 -0.914
495.311 -0.915
495.409 -0.916
495.507 -0.917
495.605 -0.918
495.703 -0.919
495.801 -0.92
495.9 -0.921
495.999 -0.922
496.097 -0.923
496.196 -0.924
496.295 -0.925
496.394 -0.926
496.494 -0.927
496.593 -0.928
496.693 -0.929
496.792 -0.93
496.892 -0.931
496.992 -0.932
497.092 -0.933
497.193 -0.934
497.293 -0.935
497.394 -0.936
497.494 -0.937
497.595 -0.938
497.696 -0.939
497.797 -0.94
497.899 -0.941
498 -0.942
498.102 -0.943
498.203 -0.944
498.305 -0.945
498.407 -0.946
498.509 -0.947
498.612 -0.948
498.714 -0.949
498.817 -0.95
498.919 -0.951
499.022 -0.952
499.125 -0.953
499.228 -0.954
499.331 -0.955
499.434 -0.956
499.537 -0.957
499.641 -0.958
499.744 -0.959
499.848 -0.96
499.952 -0.961
500.056 -0.962
500.16 -0.963
500.265 -0.964
500.369 -0.965
500.473 -0.966
500.578 -0.967
500.683 -0.968
500.788 -0.969
500.893 -0.97
500.997 -0.971
501.103 -0.972
501.208 -0.973
501.313 -0.974
501.419 -0.975
501.524 -0.976
501.63 -0.977
501.736 -0.978
501.842 -0.979
501.949 -0.98
502.055 -0.981
502.162 -0.982
502.269 -0.983
502.376 -0.984
502.483 -0.985
502.59 -0.986
502.697 -0.987
502.805 -0.988
502.912 -0.989
503.02 -0.99
503.128 -0.991
503.236 -0.992
503.345 -0.993
503.453 -0.994
503.562 -0.995
503.671 -0.996
503.779 -0.997
503.888 -0.998
503.998 -0.999
504.107 -1
