11.609 -0.001
23.1367 -0.002
34.5835 -0.003
45.95 -0.004
57.2368 -0.005
68.4444 -0.006
79.5733 -0.007
90.624 -0.008
101.597 -0.009
112.493 -0.01
123.312 -0.011
134.055 -0.012
144.722 -0.013
155.314 -0.014
165.831 -0.015
176.274 -0.016
186.642 -0.017
196.938 -0.018
207.16 -0.019
217.309 -0.02
227.386 -0.021
237.392 -0.022
247.325 -0.023
257.188 -0.024
266.98 -0.025
276.701 -0.026
286.352 -0.027
295.934 -0.028
305.445 -0.029
314.888 -0.03
324.262 -0.031
333.505 -0.032
342.358 -0.033
350.57 -0.034
358.074 -0.035
365.013 -0.036
371.361 -0.037
377.336 -0.038
382.736 -0.039
387.97 -0.04
392.886 -0.041
397.654 -0.042
402.222 -0.043
406.479 -0.044
410.447 -0.045
414.277 -0.046
418.054 -0.047
421.689 -0.048
425.119 -0.049
428.328 -0.05
431.411 -0.051
434.424 -0.052
437.39 -0.053
440.313 -0.054
443.198 -0.055
446.05 -0.056
448.872 -0.057
451.626 -0.058
454.206 -0.059
456.604 -0.06
458.587 -0.061
460.152 -0.062
461.142 -0.063
462.085 -0.064
463.006 -0.065
463.897 -0.066
464.765 -0.067
465.587 -0.068
466.373 -0.069
467.135 -0.07
467.877 -0.071
468.603 -0.072
469.289 -0.073
469.966 -0.074
470.635 -0.075
471.296 -0.076
471.945 -0.077
472.557 -0.078
473.141 -0.079
473.72 -0.08
474.19 -0.081
474.643 -0.082
475.092 -0.083
475.404 -0.084
475.665 -0.085
475.924 -0.086
476.035 -0.087
476.058 -0.088
475.887 -0.089
475.673 -0.09
475.458 -0.091
475.241 -0.092
475.014 -0.093
474.776 -0.094
474.537 -0.095
474.298 -0.096
474.057 -0.097
473.805 -0.098
473.539 -0.099
473.273 -0.1
473.007 -0.101
472.741 -0.102
472.464 -0.103
472.175 -0.104
471.886 -0.105
471.593 -0.106
471.291 -0.107
470.989 -0.108
470.687 -0.109
470.387 -0.11
470.086 -0.111
469.787 -0.112
469.488 -0.113
469.189 -0.114
468.891 -0.115
468.593 -0.116
468.297 -0.117
468.001 -0.118
467.705 -0.119
467.411 -0.12
467.117 -0.121
466.824 -0.122
466.532 -0.123
466.241 -0.124
465.952 -0.125
465.664 -0.126
465.376 -0.127
465.086 -0.128
464.798 -0.129
464.511 -0.13
464.224 -0.131
463.94 -0.132
463.656 -0.133
463.374 -0.134
463.092 -0.135
462.801 -0.136
462.511 -0.137
462.222 -0.138
461.934 -0.139
461.646 -0.14
461.361 -0.141
461.077 -0.142
460.794 -0.143
460.513 -0.144
460.233 -0.145
459.955 -0.146
459.672 -0.147
459.386 -0.148
459.102 -0.149
458.818 -0.15
458.536 -0.151
458.256 -0.152
457.978 -0.153
457.701 -0.154
457.426 -0.155
457.152 -0.156
456.88 -0.157
456.611 -0.158
456.342 -0.159
456.065 -0.16
455.788 -0.161
455.513 -0.162
455.241 -0.163
454.97 -0.164
454.701 -0.165
454.435 -0.166
454.17 -0.167
453.908 -0.168
453.644 -0.169
453.383 -0.17
453.124 -0.171
452.869 -0.172
452.617 -0.173
452.367 -0.174
452.121 -0.175
451.877 -0.176
451.636 -0.177
451.398 -0.178
451.162 -0.179
450.93 -0.18
450.7 -0.181
450.472 -0.182
450.246 -0.183
450.021 -0.184
449.799 -0.185
449.579 -0.186
449.362 -0.187
449.146 -0.188
448.931 -0.189
448.717 -0.19
448.504 -0.191
448.293 -0.192
448.085 -0.193
447.879 -0.194
447.676 -0.195
447.475 -0.196
447.274 -0.197
447.077 -0.198
446.88 -0.199
446.686 -0.2
446.495 -0.201
446.307 -0.202
446.121 -0.203
445.939 -0.204
445.757 -0.205
445.577 -0.206
445.397 -0.207
445.219 -0.208
445.043 -0.209
444.869 -0.21
444.696 -0.211
444.524 -0.212
444.353 -0.213
444.185 -0.214
444.017 -0.215
443.85 -0.216
443.686 -0.217
443.523 -0.218
443.36 -0.219
443.199 -0.22
443.041 -0.221
442.884 -0.222
442.729 -0.223
442.577 -0.224
442.421 -0.225
442.266 -0.226
442.113 -0.227
441.963 -0.228
441.815 -0.229
441.67 -0.23
441.528 -0.231
441.387 -0.232
441.249 -0.233
441.113 -0.234
440.979 -0.235
440.846 -0.236
440.715 -0.237
440.587 -0.238
440.461 -0.239
440.338 -0.24
440.217 -0.241
440.098 -0.242
439.982 -0.243
439.867 -0.244
439.754 -0.245
439.644 -0.246
439.536 -0.247
439.43 -0.248
439.327 -0.249
439.227 -0.25
439.129 -0.251
439.034 -0.252
438.941 -0.253
438.849 -0.254
438.76 -0.255
438.673 -0.256
438.589 -0.257
438.508 -0.258
438.429 -0.259
438.354 -0.26
438.282 -0.261
438.212 -0.262
438.142 -0.263
438.073 -0.264
438.007 -0.265
437.943 -0.266
437.882 -0.267
437.823 -0.268
437.763 -0.269
437.703 -0.27
437.645 -0.271
437.59 -0.272
437.538 -0.273
437.488 -0.274
437.435 -0.275
437.381 -0.276
437.329 -0.277
437.28 -0.278
437.233 -0.279
437.188 -0.28
437.14 -0.281
437.09 -0.282
437.042 -0.283
436.997 -0.284
436.953 -0.285
436.908 -0.286
436.862 -0.287
436.816 -0.288
436.771 -0.289
436.728 -0.29
436.684 -0.291
436.639 -0.292
436.595 -0.293
436.551 -0.294
436.508 -0.295
436.461 -0.296
436.416 -0.297
436.371 -0.298
436.329 -0.299
436.289 -0.3
436.251 -0.301
436.215 -0.302
436.182 -0.303
436.149 -0.304
436.118 -0.305
436.09 -0.306
436.064 -0.307
436.04 -0.308
436.019 -0.309
435.998 -0.31
435.98 -0.311
435.964 -0.312
435.95 -0.313
435.939 -0.314
435.93 -0.315
435.921 -0.316
435.915 -0.317
435.911 -0.318
435.91 -0.319
435.912 -0.32
435.915 -0.321
435.92 -0.322
435.927 -0.323
435.937 -0.324
435.949 -0.325
435.964 -0.326
435.98 -0.327
435.998 -0.328
436.019 -0.329
436.043 -0.33
436.069 -0.331
436.094 -0.332
436.123 -0.333
436.152 -0.334
436.18 -0.335
436.209 -0.336
436.24 -0.337
436.272 -0.338
436.3 -0.339
436.328 -0.34
436.357 -0.341
436.388 -0.342
436.416 -0.343
436.442 -0.344
436.471 -0.345
436.496 -0.346
436.523 -0.347
436.55 -0.348
436.571 -0.349
436.594 -0.35
436.62 -0.351
436.645 -0.352
436.669 -0.353
436.695 -0.354
436.724 -0.355
436.754 -0.356
436.785 -0.357
436.814 -0.358
436.846 -0.359
436.88 -0.36
436.915 -0.361
436.951 -0.362
436.99 -0.363
437.032 -0.364
437.076 -0.365
437.12 -0.366
437.165 -0.367
437.212 -0.368
437.263 -0.369
437.315 -0.37
437.368 -0.371
437.424 -0.372
437.482 -0.373
437.542 -0.374
437.605 -0.375
437.669 -0.376
437.735 -0.377
437.804 -0.378
437.875 -0.379
437.948 -0.38
438.023 -0.381
438.1 -0.382
438.18 -0.383
438.262 -0.384
438.346 -0.385
438.43 -0.386
438.516 -0.387
438.604 -0.388
438.694 -0.389
438.783 -0.39
438.872 -0.391
438.964 -0.392
439.055 -0.393
439.145 -0.394
439.237 -0.395
439.33 -0.396
439.422 -0.397
439.514 -0.398
439.61 -0.399
439.702 -0.4
439.795 -0.401
439.891 -0.402
439.985 -0.403
440.079 -0.404
440.175 -0.405
440.273 -0.406
440.371 -0.407
440.472 -0.408
440.576 -0.409
440.682 -0.41
440.79 -0.411
440.9 -0.412
441.013 -0.413
441.129 -0.414
441.246 -0.415
441.366 -0.416
441.489 -0.417
441.615 -0.418
441.742 -0.419
441.872 -0.42
442.006 -0.421
442.142 -0.422
442.28 -0.423
442.421 -0.424
442.566 -0.425
442.712 -0.426
442.862 -0.427
443.015 -0.428
443.17 -0.429
443.328 -0.43
443.489 -0.431
443.653 -0.432
443.822 -0.433
443.993 -0.434
444.169 -0.435
444.348 -0.436
444.526 -0.437
444.708 -0.438
444.891 -0.439
445.076 -0.44
445.265 -0.441
445.451 -0.442
445.64 -0.443
445.831 -0.444
446.022 -0.445
446.214 -0.446
446.406 -0.447
446.601 -0.448
446.793 -0.449
446.988 -0.45
447.187 -0.451
447.385 -0.452
447.586 -0.453
447.791 -0.454
447.997 -0.455
448.205 -0.456
448.415 -0.457
448.628 -0.458
448.841 -0.459
449.058 -0.46
449.278 -0.461
449.502 -0.462
449.729 -0.463
449.961 -0.464
450.196 -0.465
450.436 -0.466
450.678 -0.467
450.924 -0.468
451.174 -0.469
451.428 -0.47
451.685 -0.471
451.946 -0.472
452.211 -0.473
452.479 -0.474
452.751 -0.475
453.026 -0.476
453.306 -0.477
453.589 -0.478
453.876 -0.479
454.167 -0.48
454.462 -0.481
454.76 -0.482
455.061 -0.483
455.365 -0.484
455.672 -0.485
455.98 -0.486
456.291 -0.487
456.604 -0.488
456.919 -0.489
457.236 -0.49
457.556 -0.491
457.876 -0.492
458.2 -0.493
458.524 -0.494
458.851 -0.495
459.18 -0.496
459.513 -0.497
459.849 -0.498
460.19 -0.499
460.534 -0.5
460.883 -0.501
461.236 -0.502
461.593 -0.503
461.954 -0.504
462.319 -0.505
462.689 -0.506
463.062 -0.507
463.439 -0.508
463.82 -0.509
464.205 -0.51
464.594 -0.511
464.987 -0.512
465.384 -0.513
465.785 -0.514
466.19 -0.515
466.599 -0.516
467.01 -0.517
467.425 -0.518
467.845 -0.519
468.268 -0.52
468.696 -0.521
469.129 -0.522
469.565 -0.523
470.006 -0.524
470.451 -0.525
470.9 -0.526
471.352 -0.527
471.809 -0.528
472.27 -0.529
472.734 -0.53
473.202 -0.531
473.673 -0.532
474.148 -0.533
474.628 -0.534
475.111 -0.535
475.598 -0.536
476.086 -0.537
476.58 -0.538
477.078 -0.539
477.582 -0.54
478.09 -0.541
478.604 -0.542
479.123 -0.543
479.647 -0.544
480.174 -0.545
480.703 -0.546
481.237 -0.547
481.776 -0.548
482.321 -0.549
482.871 -0.55
483.424 -0.551
483.981 -0.552
484.543 -0.553
485.108 -0.554
485.677 -0.555
486.25 -0.556
486.827 -0.557
487.407 -0.558
487.989 -0.559
488.573 -0.56
489.161 -0.561
489.752 -0.562
490.347 -0.563
490.945 -0.564
491.547 -0.565
492.154 -0.566
492.762 -0.567
493.373 -0.568
493.987 -0.569
494.606 -0.57
495.229 -0.571
495.857 -0.572
496.49 -0.573
497.126 -0.574
497.766 -0.575
498.407 -0.576
499.049 -0.577
499.697 -0.578
500.35 -0.579
501.008 -0.58
501.671 -0.581
502.339 -0.582
503.013 -0.583
503.689 -0.584
504.365 -0.585
505.045 -0.586
505.729 -0.587
506.419 -0.588
507.114 -0.589
507.813 -0.59
508.515 -0.591
509.218 -0.592
509.923 -0.593
510.631 -0.594
511.344 -0.595
512.06 -0.596
512.778 -0.597
513.498 -0.598
514.222 -0.599
514.95 -0.6
515.682 -0.601
516.416 -0.602
517.152 -0.603
517.893 -0.604
518.637 -0.605
519.387 -0.606
520.142 -0.607
520.9 -0.608
521.662 -0.609
522.426 -0.61
523.194 -0.611
523.966 -0.612
524.743 -0.613
525.526 -0.614
526.311 -0.615
527.101 -0.616
527.896 -0.617
528.695 -0.618
529.499 -0.619
530.308 -0.62
531.123 -0.621
531.944 -0.622
532.77 -0.623
533.601 -0.624
534.438 -0.625
535.281 -0.626
536.13 -0.627
536.984 -0.628
537.844 -0.629
538.71 -0.63
539.582 -0.631
540.459 -0.632
541.342 -0.633
542.231 -0.634
543.126 -0.635
544.027 -0.636
544.934 -0.637
545.847 -0.638
546.766 -0.639
547.69 -0.64
548.621 -0.641
549.558 -0.642
550.5 -0.643
551.449 -0.644
552.404 -0.645
553.365 -0.646
554.332 -0.647
555.306 -0.648
556.285 -0.649
557.271 -0.65
558.263 -0.651
559.26 -0.652
560.264 -0.653
561.274 -0.654
562.288 -0.655
563.302 -0.656
564.315 -0.657
565.326 -0.658
566.333 -0.659
567.326 -0.66
568.314 -0.661
569.292 -0.662
570.274 -0.663
571.245 -0.664
572.189 -0.665
573.124 -0.666
574.059 -0.667
574.995 -0.668
575.935 -0.669
576.88 -0.67
577.813 -0.671
578.733 -0.672
579.658 -0.673
580.587 -0.674
581.52 -0.675
582.458 -0.676
583.4 -0.677
584.347 -0.678
585.298 -0.679
586.255 -0.68
587.216 -0.681
588.179 -0.682
589.147 -0.683
590.12 -0.684
591.098 -0.685
592.081 -0.686
593.068 -0.687
594.061 -0.688
595.053 -0.689
595.998 -0.69
596.948 -0.691
597.904 -0.692
598.864 -0.693
599.829 -0.694
600.799 -0.695
601.732 -0.696
602.656 -0.697
603.585 -0.698
604.519 -0.699
605.458 -0.7
606.402 -0.701
607.351 -0.702
608.302 -0.703
609.258 -0.704
610.219 -0.705
611.186 -0.706
612.157 -0.707
613.133 -0.708
614.112 -0.709
615.095 -0.71
616.084 -0.711
617.078 -0.712
618.073 -0.713
619.061 -0.714
620.049 -0.715
621.043 -0.716
622.041 -0.717
623.045 -0.718
624.053 -0.719
625.066 -0.72
626.085 -0.721
627.108 -0.722
628.137 -0.723
629.171 -0.724
630.209 -0.725
631.253 -0.726
632.303 -0.727
633.356 -0.728
634.414 -0.729
635.471 -0.73
636.53 -0.731
637.594 -0.732
638.659 -0.733
639.725 -0.734
640.797 -0.735
641.873 -0.736
642.953 -0.737
644.038 -0.738
645.128 -0.739
646.223 -0.74
647.322 -0.741
648.426 -0.742
649.536 -0.743
650.648 -0.744
651.761 -0.745
652.877 -0.746
653.996 -0.747
655.116 -0.748
656.241 -0.749
657.37 -0.75
658.503 -0.751
659.641 -0.752
660.783 -0.753
661.929 -0.754
663.081 -0.755
664.238 -0.756
665.4 -0.757
666.567 -0.758
667.74 -0.759
668.917 -0.76
670.1 -0.761
671.288 -0.762
672.482 -0.763
673.681 -0.764
674.885 -0.765
676.094 -0.766
677.309 -0.767
678.529 -0.768
679.754 -0.769
680.984 -0.77
682.218 -0.771
683.458 -0.772
684.702 -0.773
685.95 -0.774
687.204 -0.775
688.462 -0.776
689.725 -0.777
690.992 -0.778
692.264 -0.779
693.541 -0.78
694.822 -0.781
696.108 -0.782
697.398 -0.783
698.694 -0.784
699.994 -0.785
701.299 -0.786
702.61 -0.787
703.927 -0.788
705.248 -0.789
706.575 -0.79
707.908 -0.791
709.245 -0.792
710.588 -0.793
711.937 -0.794
713.292 -0.795
714.652 -0.796
716.017 -0.797
717.388 -0.798
718.765 -0.799
720.145 -0.8
721.53 -0.801
722.843 -0.802
724.055 -0.803
725.101 -0.804
726.095 -0.805
727.057 -0.806
727.969 -0.807
728.884 -0.808
729.8 -0.809
730.719 -0.81
731.639 -0.811
732.561 -0.812
733.486 -0.813
734.412 -0.814
735.341 -0.815
736.271 -0.816
737.202 -0.817
738.134 -0.818
739.068 -0.819
739.973 -0.82
740.804 -0.821
741.586 -0.822
742.265 -0.823
742.94 -0.824
743.607 -0.825
744.269 -0.826
744.931 -0.827
745.594 -0.828
746.256 -0.829
746.917 -0.83
747.577 -0.831
748.237 -0.832
748.896 -0.833
749.554 -0.834
750.212 -0.835
750.871 -0.836
751.529 -0.837
752.188 -0.838
752.846 -0.839
753.505 -0.84
754.164 -0.841
754.823 -0.842
755.482 -0.843
756.141 -0.844
756.8 -0.845
757.459 -0.846
758.118 -0.847
758.778 -0.848
759.437 -0.849
760.097 -0.85
760.756 -0.851
761.416 -0.852
762.076 -0.853
762.736 -0.854
763.395 -0.855
764.053 -0.856
764.711 -0.857
765.369 -0.858
766.026 -0.859
766.684 -0.86
767.342 -0.861
768 -0.862
768.657 -0.863
769.313 -0.864
769.969 -0.865
770.625 -0.866
771.281 -0.867
771.938 -0.868
772.594 -0.869
773.25 -0.87
773.907 -0.871
774.563 -0.872
775.219 -0.873
775.876 -0.874
776.532 -0.875
777.188 -0.876
777.845 -0.877
778.502 -0.878
779.158 -0.879
779.815 -0.88
780.472 -0.881
781.129 -0.882
781.785 -0.883
782.442 -0.884
783.099 -0.885
783.756 -0.886
784.412 -0.887
785.069 -0.888
785.726 -0.889
786.383 -0.89
787.04 -0.891
787.698 -0.892
788.355 -0.893
789.012 -0.894
789.669 -0.895
790.327 -0.896
790.984 -0.897
791.642 -0.898
792.299 -0.899
792.957 -0.9
