15.663 -0.001
31.2971 -0.002
46.902 -0.003
62.4774 -0.004
78.0229 -0.005
93.5381 -0.006
109.023 -0.007
124.476 -0.008
139.898 -0.009
155.288 -0.01
170.646 -0.011
185.97 -0.012
201.262 -0.013
216.52 -0.014
231.743 -0.015
246.932 -0.016
262.086 -0.017
277.203 -0.018
292.285 -0.019
307.329 -0.02
322.336 -0.021
337.304 -0.022
352.234 -0.023
367.125 -0.024
381.975 -0.025
396.784 -0.026
411.551 -0.027
426.276 -0.028
440.958 -0.029
455.596 -0.03
470.141 -0.031
483.468 -0.032
493.716 -0.033
499.977 -0.034
505.852 -0.035
511.626 -0.036
517.394 -0.037
523.139 -0.038
528.874 -0.039
534.611 -0.04
540.339 -0.041
546.053 -0.042
551.752 -0.043
557.434 -0.044
563.098 -0.045
568.729 -0.046
574.317 -0.047
579.889 -0.048
585.443 -0.049
590.972 -0.05
596.486 -0.051
601.953 -0.052
607.39 -0.053
612.782 -0.054
618.105 -0.055
623.289 -0.056
628.29 -0.057
633.18 -0.058
637.78 -0.059
642.214 -0.06
646.588 -0.061
650.676 -0.062
654.596 -0.063
658.135 -0.064
661.486 -0.065
664.436 -0.066
667.29 -0.067
670.09 -0.068
672.259 -0.069
674.386 -0.07
676.488 -0.071
678.461 -0.072
679.946 -0.073
681.41 -0.074
682.732 -0.075
683.621 -0.076
684.48 -0.077
685.332 -0.078
686.174 -0.079
686.92 -0.08
687.625 -0.081
688.32 -0.082
689.01 -0.083
689.683 -0.084
690.313 -0.085
690.84 -0.086
691.334 -0.087
691.812 -0.088
692.28 -0.089
692.729 -0.09
693.17 -0.091
693.596 -0.092
693.998 -0.093
694.385 -0.094
694.766 -0.095
695.134 -0.096
695.497 -0.097
695.793 -0.098
696.053 -0.099
696.31 -0.1
696.564 -0.101
696.812 -0.102
697.043 -0.103
697.259 -0.104
697.472 -0.105
697.68 -0.106
697.878 -0.107
698.074 -0.108
698.26 -0.109
698.441 -0.11
698.619 -0.111
698.782 -0.112
698.944 -0.113
699.103 -0.114
699.261 -0.115
699.415 -0.116
699.568 -0.117
699.719 -0.118
699.868 -0.119
700.015 -0.12
700.161 -0.121
700.304 -0.122
700.445 -0.123
700.585 -0.124
700.724 -0.125
700.86 -0.126
700.996 -0.127
701.13 -0.128
701.261 -0.129
701.375 -0.13
701.479 -0.131
701.579 -0.132
701.675 -0.133
701.769 -0.134
701.863 -0.135
701.954 -0.136
702.045 -0.137
702.135 -0.138
702.223 -0.139
702.309 -0.14
702.394 -0.141
702.476 -0.142
702.557 -0.143
702.636 -0.144
702.713 -0.145
702.789 -0.146
702.863 -0.147
702.934 -0.148
703.004 -0.149
703.071 -0.15
703.138 -0.151
703.202 -0.152
703.263 -0.153
703.322 -0.154
703.378 -0.155
703.434 -0.156
703.488 -0.157
703.541 -0.158
703.59 -0.159
703.636 -0.16
703.681 -0.161
703.724 -0.162
703.766 -0.163
703.807 -0.164
703.846 -0.165
703.885 -0.166
703.922 -0.167
703.957 -0.168
703.991 -0.169
704.024 -0.17
704.055 -0.171
704.086 -0.172
704.114 -0.173
704.142 -0.174
704.168 -0.175
704.192 -0.176
704.214 -0.177
704.234 -0.178
704.253 -0.179
704.27 -0.18
704.286 -0.181
704.299 -0.182
704.311 -0.183
704.321 -0.184
704.328 -0.185
704.333 -0.186
704.336 -0.187
704.337 -0.188
704.335 -0.189
704.331 -0.19
704.325 -0.191
704.317 -0.192
704.308 -0.193
704.294 -0.194
704.279 -0.195
704.258 -0.196
704.235 -0.197
704.209 -0.198
704.181 -0.199
704.153 -0.2
704.124 -0.201
704.094 -0.202
704.067 -0.203
704.041 -0.204
704.016 -0.205
703.99 -0.206
703.963 -0.207
703.933 -0.208
703.9 -0.209
703.869 -0.21
703.839 -0.211
703.807 -0.212
703.773 -0.213
703.738 -0.214
703.701 -0.215
703.662 -0.216
703.626 -0.217
703.589 -0.218
703.551 -0.219
703.51 -0.22
703.467 -0.221
703.422 -0.222
703.376 -0.223
703.334 -0.224
703.288 -0.225
703.24 -0.226
703.191 -0.227
703.141 -0.228
703.094 -0.229
703.047 -0.23
703.001 -0.231
702.953 -0.232
702.906 -0.233
702.857 -0.234
702.808 -0.235
702.758 -0.236
702.706 -0.237
702.652 -0.238
702.598 -0.239
702.543 -0.24
702.486 -0.241
702.429 -0.242
702.37 -0.243
702.312 -0.244
702.252 -0.245
702.191 -0.246
702.128 -0.247
702.064 -0.248
701.996 -0.249
701.926 -0.25
701.853 -0.251
701.777 -0.252
701.698 -0.253
701.615 -0.254
701.532 -0.255
701.444 -0.256
701.36 -0.257
701.285 -0.258
701.213 -0.259
701.142 -0.26
701.072 -0.261
701.002 -0.262
700.932 -0.263
700.865 -0.264
700.796 -0.265
700.726 -0.266
700.654 -0.267
700.58 -0.268
700.504 -0.269
700.427 -0.27
700.354 -0.271
700.279 -0.272
700.202 -0.273
700.122 -0.274
700.039 -0.275
699.952 -0.276
699.867 -0.277
699.782 -0.278
699.693 -0.279
699.611 -0.28
699.528 -0.281
699.443 -0.282
699.358 -0.283
699.273 -0.284
699.186 -0.285
699.098 -0.286
699.01 -0.287
698.927 -0.288
698.845 -0.289
698.761 -0.29
698.678 -0.291
698.592 -0.292
698.503 -0.293
698.411 -0.294
698.316 -0.295
698.225 -0.296
698.132 -0.297
698.037 -0.298
697.939 -0.299
697.838 -0.3
697.734 -0.301
697.627 -0.302
697.523 -0.303
697.42 -0.304
697.313 -0.305
697.203 -0.306
697.101 -0.307
697.009 -0.308
696.914 -0.309
696.818 -0.31
696.723 -0.311
696.623 -0.312
696.518 -0.313
696.409 -0.314
696.295 -0.315
696.175 -0.316
696.051 -0.317
695.923 -0.318
695.792 -0.319
695.656 -0.32
695.514 -0.321
695.367 -0.322
695.212 -0.323
695.05 -0.324
694.877 -0.325
694.694 -0.326
694.497 -0.327
694.288 -0.328
694.068 -0.329
693.843 -0.33
693.617 -0.331
693.393 -0.332
693.168 -0.333
692.944 -0.334
692.721 -0.335
692.499 -0.336
692.276 -0.337
692.08 -0.338
691.949 -0.339
691.853 -0.34
691.81 -0.341
691.764 -0.342
691.723 -0.343
691.682 -0.344
691.64 -0.345
691.599 -0.346
691.565 -0.347
691.537 -0.348
691.509 -0.349
691.478 -0.35
691.445 -0.351
691.41 -0.352
691.373 -0.353
691.333 -0.354
691.291 -0.355
691.246 -0.356
691.198 -0.357
691.147 -0.358
691.093 -0.359
691.037 -0.36
690.979 -0.361
690.918 -0.362
690.855 -0.363
690.79 -0.364
690.723 -0.365
690.654 -0.366
690.582 -0.367
690.509 -0.368
690.434 -0.369
690.356 -0.37
690.277 -0.371
690.196 -0.372
690.114 -0.373
690.032 -0.374
689.952 -0.375
689.873 -0.376
689.797 -0.377
689.723 -0.378
689.651 -0.379
689.583 -0.38
689.521 -0.381
689.475 -0.382
689.434 -0.383
689.395 -0.384
689.359 -0.385
689.324 -0.386
689.289 -0.387
689.26 -0.388
689.234 -0.389
689.206 -0.39
689.178 -0.391
689.151 -0.392
689.124 -0.393
689.097 -0.394
689.073 -0.395
689.051 -0.396
689.03 -0.397
689.011 -0.398
688.992 -0.399
688.978 -0.4
688.98 -0.401
688.984 -0.402
688.987 -0.403
688.991 -0.404
688.995 -0.405
689.002 -0.406
689.008 -0.407
689.016 -0.408
689.023 -0.409
689.03 -0.41
689.037 -0.411
689.045 -0.412
689.052 -0.413
689.058 -0.414
689.064 -0.415
689.071 -0.416
689.079 -0.417
689.086 -0.418
689.092 -0.419
689.099 -0.42
689.112 -0.421
689.131 -0.422
689.149 -0.423
689.166 -0.424
689.183 -0.425
689.2 -0.426
689.216 -0.427
689.232 -0.428
689.247 -0.429
689.262 -0.43
689.273 -0.431
689.283 -0.432
689.291 -0.433
689.293 -0.434
689.294 -0.435
689.293 -0.436
689.291 -0.437
689.287 -0.438
689.281 -0.439
689.274 -0.44
689.264 -0.441
689.252 -0.442
689.24 -0.443
689.227 -0.444
689.215 -0.445
689.201 -0.446
689.188 -0.447
689.174 -0.448
689.16 -0.449
689.145 -0.45
689.129 -0.451
689.113 -0.452
689.097 -0.453
689.08 -0.454
689.062 -0.455
689.045 -0.456
689.046 -0.457
689.048 -0.458
689.05 -0.459
689.05 -0.46
689.051 -0.461
689.05 -0.462
689.049 -0.463
689.047 -0.464
689.044 -0.465
689.04 -0.466
689.035 -0.467
689.029 -0.468
689.021 -0.469
689.013 -0.47
689.006 -0.471
689 -0.472
688.994 -0.473
688.988 -0.474
688.983 -0.475
688.978 -0.476
688.974 -0.477
688.97 -0.478
688.967 -0.479
688.965 -0.48
688.963 -0.481
688.977 -0.482
688.998 -0.483
689.019 -0.484
689.041 -0.485
689.063 -0.486
689.087 -0.487
689.113 -0.488
689.141 -0.489
689.171 -0.49
689.207 -0.491
689.254 -0.492
689.306 -0.493
689.363 -0.494
689.42 -0.495
689.477 -0.496
689.535 -0.497
689.594 -0.498
689.653 -0.499
689.713 -0.5
689.773 -0.501
689.833 -0.502
689.894 -0.503
689.955 -0.504
690.017 -0.505
690.079 -0.506
690.141 -0.507
690.204 -0.508
690.267 -0.509
690.33 -0.51
690.394 -0.511
690.458 -0.512
690.522 -0.513
690.587 -0.514
690.652 -0.515
690.718 -0.516
690.784 -0.517
690.85 -0.518
690.917 -0.519
690.983 -0.52
691.051 -0.521
691.118 -0.522
691.186 -0.523
691.255 -0.524
691.323 -0.525
691.392 -0.526
691.462 -0.527
691.532 -0.528
691.602 -0.529
691.672 -0.53
691.743 -0.531
691.814 -0.532
691.886 -0.533
691.958 -0.534
692.031 -0.535
692.11 -0.536
692.189 -0.537
692.27 -0.538
692.362 -0.539
692.454 -0.54
692.546 -0.541
692.639 -0.542
692.733 -0.543
692.826 -0.544
692.921 -0.545
693.015 -0.546
693.11 -0.547
693.206 -0.548
693.302 -0.549
693.399 -0.55
693.497 -0.551
693.595 -0.552
693.694 -0.553
693.793 -0.554
693.894 -0.555
693.994 -0.556
694.096 -0.557
694.198 -0.558
694.302 -0.559
694.405 -0.56
694.509 -0.561
694.614 -0.562
694.718 -0.563
694.823 -0.564
694.929 -0.565
695.035 -0.566
695.148 -0.567
695.266 -0.568
695.39 -0.569
695.515 -0.57
695.64 -0.571
695.766 -0.572
695.893 -0.573
696.02 -0.574
696.147 -0.575
696.276 -0.576
696.405 -0.577
696.534 -0.578
696.664 -0.579
696.795 -0.58
696.926 -0.581
697.057 -0.582
697.189 -0.583
697.322 -0.584
697.456 -0.585
697.589 -0.586
697.724 -0.587
697.859 -0.588
697.995 -0.589
698.131 -0.59
698.268 -0.591
698.405 -0.592
698.543 -0.593
698.683 -0.594
698.824 -0.595
698.967 -0.596
699.111 -0.597
699.255 -0.598
699.4 -0.599
699.546 -0.6
699.692 -0.601
699.839 -0.602
699.987 -0.603
700.135 -0.604
700.284 -0.605
700.434 -0.606
700.585 -0.607
700.736 -0.608
700.888 -0.609
701.041 -0.61
701.194 -0.611
701.348 -0.612
701.503 -0.613
701.659 -0.614
701.816 -0.615
701.973 -0.616
702.131 -0.617
702.29 -0.618
702.449 -0.619
702.609 -0.62
702.77 -0.621
702.932 -0.622
703.094 -0.623
703.258 -0.624
703.422 -0.625
703.586 -0.626
703.752 -0.627
703.918 -0.628
704.085 -0.629
704.253 -0.63
704.421 -0.631
704.591 -0.632
704.761 -0.633
704.932 -0.634
705.103 -0.635
705.275 -0.636
705.448 -0.637
705.621 -0.638
705.796 -0.639
705.974 -0.64
706.155 -0.641
706.336 -0.642
706.517 -0.643
706.697 -0.644
706.877 -0.645
707.057 -0.646
707.237 -0.647
707.419 -0.648
707.601 -0.649
707.78 -0.65
707.955 -0.651
708.132 -0.652
708.309 -0.653
708.487 -0.654
708.665 -0.655
708.845 -0.656
709.025 -0.657
709.205 -0.658
709.387 -0.659
709.569 -0.66
709.751 -0.661
709.935 -0.662
710.119 -0.663
710.304 -0.664
710.49 -0.665
710.676 -0.666
710.863 -0.667
711.051 -0.668
711.24 -0.669
711.429 -0.67
711.619 -0.671
711.81 -0.672
712.001 -0.673
712.194 -0.674
712.386 -0.675
712.58 -0.676
712.775 -0.677
712.97 -0.678
713.166 -0.679
713.362 -0.68
713.56 -0.681
713.758 -0.682
713.957 -0.683
714.157 -0.684
714.357 -0.685
714.559 -0.686
714.766 -0.687
714.975 -0.688
715.184 -0.689
715.394 -0.69
715.605 -0.691
715.816 -0.692
716.028 -0.693
716.241 -0.694
716.455 -0.695
716.67 -0.696
716.885 -0.697
717.101 -0.698
717.318 -0.699
717.536 -0.7
717.754 -0.701
717.973 -0.702
718.194 -0.703
718.414 -0.704
718.636 -0.705
718.859 -0.706
719.082 -0.707
719.306 -0.708
719.531 -0.709
719.757 -0.71
719.984 -0.711
720.211 -0.712
720.439 -0.713
720.668 -0.714
720.898 -0.715
721.129 -0.716
721.361 -0.717
721.593 -0.718
721.826 -0.719
722.06 -0.72
722.295 -0.721
722.531 -0.722
722.767 -0.723
723.004 -0.724
723.243 -0.725
723.482 -0.726
723.721 -0.727
723.962 -0.728
724.204 -0.729
724.446 -0.73
724.689 -0.731
724.933 -0.732
725.178 -0.733
725.423 -0.734
725.67 -0.735
725.917 -0.736
726.165 -0.737
726.414 -0.738
726.664 -0.739
726.915 -0.74
727.166 -0.741
727.419 -0.742
727.672 -0.743
727.926 -0.744
728.18 -0.745
728.436 -0.746
728.693 -0.747
728.95 -0.748
729.208 -0.749
729.467 -0.75
729.727 -0.751
729.987 -0.752
730.249 -0.753
730.511 -0.754
730.774 -0.755
731.038 -0.756
731.303 -0.757
731.569 -0.758
731.835 -0.759
732.102 -0.76
732.37 -0.761
732.639 -0.762
732.908 -0.763
733.179 -0.764
733.45 -0.765
733.722 -0.766
733.995 -0.767
734.269 -0.768
734.544 -0.769
734.82 -0.77
735.097 -0.771
735.374 -0.772
735.653 -0.773
735.933 -0.774
736.213 -0.775
736.495 -0.776
736.777 -0.777
737.061 -0.778
737.345 -0.779
737.631 -0.78
737.917 -0.781
738.205 -0.782
738.493 -0.783
738.782 -0.784
739.073 -0.785
739.364 -0.786
739.656 -0.787
739.949 -0.788
740.244 -0.789
740.539 -0.79
740.835 -0.791
741.132 -0.792
741.43 -0.793
741.73 -0.794
742.029 -0.795
742.328 -0.796
742.628 -0.797
742.93 -0.798
743.232 -0.799
743.535 -0.8
743.837 -0.801
744.14 -0.802
744.444 -0.803
744.749 -0.804
745.055 -0.805
745.36 -0.806
745.665 -0.807
745.972 -0.808
746.28 -0.809
746.588 -0.81
746.898 -0.811
747.207 -0.812
747.516 -0.813
747.826 -0.814
748.137 -0.815
748.45 -0.816
748.763 -0.817
749.077 -0.818
749.39 -0.819
749.704 -0.82
750.019 -0.821
750.335 -0.822
750.651 -0.823
750.969 -0.824
751.288 -0.825
751.607 -0.826
751.925 -0.827
752.244 -0.828
752.564 -0.829
752.886 -0.83
753.209 -0.831
753.534 -0.832
753.86 -0.833
754.187 -0.834
754.516 -0.835
754.845 -0.836
755.175 -0.837
755.507 -0.838
755.84 -0.839
756.173 -0.84
756.508 -0.841
756.844 -0.842
757.181 -0.843
757.52 -0.844
757.859 -0.845
758.2 -0.846
758.541 -0.847
758.884 -0.848
759.228 -0.849
759.572 -0.85
759.917 -0.851
760.263 -0.852
760.61 -0.853
760.958 -0.854
761.308 -0.855
761.658 -0.856
762.01 -0.857
762.361 -0.858
762.713 -0.859
763.066 -0.86
763.42 -0.861
763.775 -0.862
764.133 -0.863
764.492 -0.864
764.855 -0.865
765.22 -0.866
765.585 -0.867
765.953 -0.868
766.322 -0.869
766.693 -0.87
767.066 -0.871
767.44 -0.872
767.816 -0.873
768.193 -0.874
768.572 -0.875
768.951 -0.876
769.33 -0.877
769.711 -0.878
770.093 -0.879
770.476 -0.88
770.861 -0.881
771.246 -0.882
771.633 -0.883
772.021 -0.884
772.41 -0.885
772.8 -0.886
773.192 -0.887
773.584 -0.888
773.976 -0.889
774.37 -0.89
774.765 -0.891
775.161 -0.892
775.559 -0.893
775.957 -0.894
776.357 -0.895
776.758 -0.896
777.162 -0.897
777.568 -0.898
777.974 -0.899
778.382 -0.9
778.791 -0.901
779.201 -0.902
779.611 -0.903
780.023 -0.904
780.435 -0.905
780.849 -0.906
781.264 -0.907
781.681 -0.908
782.099 -0.909
782.517 -0.91
782.938 -0.911
783.357 -0.912
783.777 -0.913
784.198 -0.914
784.621 -0.915
785.044 -0.916
785.469 -0.917
785.895 -0.918
786.322 -0.919
786.748 -0.92
787.175 -0.921
787.603 -0.922
788.033 -0.923
788.464 -0.924
788.896 -0.925
789.329 -0.926
789.761 -0.927
790.194 -0.928
790.628 -0.929
791.064 -0.93
791.501 -0.931
791.939 -0.932
792.378 -0.933
792.818 -0.934
793.256 -0.935
793.696 -0.936
794.137 -0.937
794.58 -0.938
795.025 -0.939
795.471 -0.94
795.92 -0.941
796.369 -0.942
796.817 -0.943
797.267 -0.944
797.718 -0.945
798.171 -0.946
798.624 -0.947
799.079 -0.948
799.533 -0.949
799.988 -0.95
800.441 -0.951
800.896 -0.952
801.35 -0.953
801.805 -0.954
802.261 -0.955
802.719 -0.956
803.177 -0.957
803.635 -0.958
804.094 -0.959
804.555 -0.96
805.016 -0.961
805.479 -0.962
805.941 -0.963
806.405 -0.964
806.87 -0.965
807.336 -0.966
807.803 -0.967
808.271 -0.968
808.74 -0.969
809.209 -0.97
809.68 -0.971
810.152 -0.972
810.625 -0.973
811.1 -0.974
811.574 -0.975
812.05 -0.976
812.526 -0.977
813.005 -0.978
813.484 -0.979
813.965 -0.98
814.446 -0.981
814.93 -0.982
815.414 -0.983
815.899 -0.984
816.385 -0.985
816.872 -0.986
817.361 -0.987
817.85 -0.988
818.342 -0.989
818.834 -0.99
819.328 -0.991
819.823 -0.992
820.32 -0.993
820.818 -0.994
821.317 -0.995
821.817 -0.996
822.319 -0.997
822.822 -0.998
823.326 -0.999
823.831 -1
824.337 -1.001
824.845 -1.002
825.354 -1.003
825.864 -1.004
826.376 -1.005
826.89 -1.006
827.404 -1.007
827.92 -1.008
828.437 -1.009
828.956 -1.01
829.476 -1.011
829.998 -1.012
830.522 -1.013
831.046 -1.014
831.571 -1.015
832.097 -1.016
832.624 -1.017
833.153 -1.018
833.684 -1.019
834.216 -1.02
834.749 -1.021
835.284 -1.022
835.82 -1.023
836.357 -1.024
836.895 -1.025
837.433 -1.026
837.972 -1.027
838.513 -1.028
839.056 -1.029
839.599 -1.03
840.145 -1.031
840.691 -1.032
841.239 -1.033
841.789 -1.034
842.338 -1.035
842.889 -1.036
843.44 -1.037
843.993 -1.038
844.548 -1.039
845.104 -1.04
845.661 -1.041
846.22 -1.042
846.78 -1.043
847.342 -1.044
847.905 -1.045
848.468 -1.046
849.032 -1.047
849.597 -1.048
850.164 -1.049
850.733 -1.05
851.302 -1.051
851.874 -1.052
852.446 -1.053
853.021 -1.054
853.596 -1.055
854.173 -1.056
854.75 -1.057
855.328 -1.058
855.908 -1.059
856.489 -1.06
857.072 -1.061
857.656 -1.062
858.241 -1.063
858.828 -1.064
859.417 -1.065
860.007 -1.066
860.598 -1.067
861.191 -1.068
861.784 -1.069
862.379 -1.07
862.974 -1.071
863.571 -1.072
864.17 -1.073
864.77 -1.074
865.372 -1.075
865.975 -1.076
866.58 -1.077
867.186 -1.078
867.794 -1.079
868.403 -1.08
869.014 -1.081
869.626 -1.082
870.24 -1.083
870.855 -1.084
871.472 -1.085
872.091 -1.086
872.71 -1.087
873.331 -1.088
873.953 -1.089
874.577 -1.09
875.202 -1.091
875.829 -1.092
876.458 -1.093
877.088 -1.094
877.72 -1.095
878.353 -1.096
878.988 -1.097
879.624 -1.098
880.262 -1.099
880.902 -1.1
881.542 -1.101
882.184 -1.102
882.828 -1.103
883.473 -1.104
884.12 -1.105
884.769 -1.106
885.419 -1.107
886.07 -1.108
886.723 -1.109
887.378 -1.11
888.035 -1.111
888.693 -1.112
889.352 -1.113
890.014 -1.114
890.676 -1.115
891.34 -1.116
892.005 -1.117
892.672 -1.118
893.341 -1.119
894.011 -1.12
894.681 -1.121
895.352 -1.122
896.024 -1.123
896.699 -1.124
897.374 -1.125
898.052 -1.126
898.731 -1.127
899.412 -1.128
900.094 -1.129
900.778 -1.13
901.464 -1.131
902.15 -1.132
902.837 -1.133
903.525 -1.134
904.215 -1.135
904.908 -1.136
905.602 -1.137
906.298 -1.138
906.996 -1.139
907.695 -1.14
908.39 -1.141
909.086 -1.142
909.782 -1.143
910.48 -1.144
911.18 -1.145
911.881 -1.146
912.583 -1.147
913.287 -1.148
913.993 -1.149
914.7 -1.15
915.408 -1.151
916.118 -1.152
916.829 -1.153
917.543 -1.154
918.258 -1.155
918.974 -1.156
919.691 -1.157
920.409 -1.158
921.128 -1.159
921.848 -1.16
922.57 -1.161
923.293 -1.162
924.018 -1.163
924.745 -1.164
925.474 -1.165
926.204 -1.166
926.936 -1.167
927.669 -1.168
928.405 -1.169
929.141 -1.17
929.878 -1.171
930.616 -1.172
931.354 -1.173
932.093 -1.174
932.834 -1.175
933.576 -1.176
934.319 -1.177
935.065 -1.178
935.812 -1.179
936.562 -1.18
937.312 -1.181
938.064 -1.182
938.817 -1.183
939.57 -1.184
940.324 -1.185
941.078 -1.186
941.833 -1.187
942.59 -1.188
943.347 -1.189
944.106 -1.19
944.865 -1.191
945.626 -1.192
946.388 -1.193
947.152 -1.194
947.917 -1.195
948.684 -1.196
949.453 -1.197
950.224 -1.198
950.996 -1.199
951.771 -1.2
