5.85532 -0.001
11.6998 -0.002
17.5338 -0.003
23.3569 -0.004
29.1692 -0.005
34.9706 -0.006
40.7611 -0.007
46.5404 -0.008
52.3086 -0.009
58.0655 -0.01
63.8111 -0.011
69.5452 -0.012
75.2678 -0.013
80.9789 -0.014
86.6782 -0.015
92.3656 -0.016
98.0412 -0.017
103.705 -0.018
109.35 -0.019
114.074 -0.02
117.616 -0.021
121.152 -0.022
124.7 -0.023
128.257 -0.024
131.815 -0.025
135.367 -0.026
138.913 -0.027
142.45 -0.028
145.977 -0.029
149.495 -0.03
153.005 -0.031
156.506 -0.032
159.994 -0.033
163.456 -0.034
166.776 -0.035
169.724 -0.036
172.04 -0.037
174.255 -0.038
176.424 -0.039
178.566 -0.04
180.7 -0.041
182.83 -0.042
184.953 -0.043
187.071 -0.044
189.146 -0.045
191.037 -0.046
192.567 -0.047
193.725 -0.048
194.86 -0.049
195.984 -0.05
197.094 -0.051
198.19 -0.052
199.275 -0.053
200.345 -0.054
201.404 -0.055
202.458 -0.056
203.503 -0.057
204.535 -0.058
205.558 -0.059
206.577 -0.06
207.59 -0.061
208.594 -0.062
209.589 -0.063
210.577 -0.064
211.558 -0.065
212.534 -0.066
213.503 -0.067
214.467 -0.068
215.427 -0.069
216.383 -0.07
217.335 -0.071
218.283 -0.072
219.227 -0.073
220.166 -0.074
221.102 -0.075
222.033 -0.076
222.96 -0.077
223.882 -0.078
224.8 -0.079
225.714 -0.08
226.619 -0.081
227.512 -0.082
228.381 -0.083
229.214 -0.084
230.013 -0.085
230.759 -0.086
231.441 -0.087
232.071 -0.088
232.613 -0.089
233.029 -0.09
233.335 -0.091
233.633 -0.092
233.928 -0.093
234.218 -0.094
234.503 -0.095
234.785 -0.096
235.062 -0.097
235.333 -0.098
235.6 -0.099
235.861 -0.1
236.119 -0.101
236.371 -0.102
236.617 -0.103
236.859 -0.104
237.093 -0.105
237.323 -0.106
237.548 -0.107
237.768 -0.108
237.983 -0.109
238.191 -0.11
238.396 -0.111
238.594 -0.112
238.788 -0.113
238.978 -0.114
239.163 -0.115
239.344 -0.116
239.523 -0.117
239.699 -0.118
239.871 -0.119
240.042 -0.12
240.209 -0.121
240.373 -0.122
240.535 -0.123
240.696 -0.124
240.854 -0.125
241.01 -0.126
241.164 -0.127
241.317 -0.128
241.467 -0.129
241.616 -0.13
241.763 -0.131
241.908 -0.132
242.051 -0.133
242.193 -0.134
242.333 -0.135
242.471 -0.136
242.607 -0.137
242.741 -0.138
242.874 -0.139
243.005 -0.14
243.134 -0.141
243.262 -0.142
243.387 -0.143
243.511 -0.144
243.633 -0.145
243.753 -0.146
243.872 -0.147
243.989 -0.148
244.104 -0.149
244.217 -0.15
244.329 -0.151
244.438 -0.152
244.546 -0.153
244.652 -0.154
244.757 -0.155
244.859 -0.156
244.96 -0.157
245.059 -0.158
245.156 -0.159
245.251 -0.16
245.345 -0.161
245.437 -0.162
245.527 -0.163
245.615 -0.164
245.701 -0.165
245.786 -0.166
245.869 -0.167
245.95 -0.168
246.029 -0.169
246.107 -0.17
246.183 -0.171
246.257 -0.172
246.33 -0.173
246.401 -0.174
246.47 -0.175
246.538 -0.176
246.604 -0.177
246.668 -0.178
246.732 -0.179
246.793 -0.18
246.853 -0.181
246.912 -0.182
246.968 -0.183
247.023 -0.184
247.076 -0.185
247.128 -0.186
247.178 -0.187
247.227 -0.188
247.275 -0.189
247.32 -0.19
247.364 -0.191
247.407 -0.192
247.448 -0.193
247.487 -0.194
247.523 -0.195
247.558 -0.196
247.591 -0.197
247.623 -0.198
247.653 -0.199
247.682 -0.2
247.709 -0.201
247.735 -0.202
247.759 -0.203
247.781 -0.204
247.802 -0.205
247.821 -0.206
247.838 -0.207
247.854 -0.208
247.868 -0.209
247.882 -0.21
247.894 -0.211
247.906 -0.212
247.916 -0.213
247.925 -0.214
247.933 -0.215
247.94 -0.216
247.946 -0.217
247.95 -0.218
247.952 -0.219
247.954 -0.22
247.954 -0.221
247.953 -0.222
247.951 -0.223
247.947 -0.224
247.942 -0.225
247.936 -0.226
247.929 -0.227
247.921 -0.228
247.911 -0.229
247.9 -0.23
247.887 -0.231
247.874 -0.232
247.86 -0.233
247.844 -0.234
247.827 -0.235
247.809 -0.236
247.789 -0.237
247.769 -0.238
247.747 -0.239
247.724 -0.24
247.701 -0.241
247.676 -0.242
247.651 -0.243
247.624 -0.244
247.597 -0.245
247.569 -0.246
247.539 -0.247
247.509 -0.248
247.478 -0.249
247.446 -0.25
247.413 -0.251
247.379 -0.252
247.345 -0.253
247.309 -0.254
247.273 -0.255
247.235 -0.256
247.197 -0.257
247.158 -0.258
247.118 -0.259
247.077 -0.26
247.036 -0.261
246.994 -0.262
246.951 -0.263
246.907 -0.264
246.862 -0.265
246.817 -0.266
246.77 -0.267
246.723 -0.268
246.675 -0.269
246.627 -0.27
246.577 -0.271
246.527 -0.272
246.476 -0.273
246.425 -0.274
246.373 -0.275
246.32 -0.276
246.266 -0.277
246.212 -0.278
246.157 -0.279
246.101 -0.28
246.044 -0.281
245.987 -0.282
245.93 -0.283
245.872 -0.284
245.813 -0.285
245.754 -0.286
245.694 -0.287
245.634 -0.288
245.572 -0.289
245.51 -0.29
245.448 -0.291
245.385 -0.292
245.322 -0.293
245.258 -0.294
245.194 -0.295
245.129 -0.296
245.063 -0.297
244.998 -0.298
244.931 -0.299
244.864 -0.3
244.796 -0.301
244.728 -0.302
244.659 -0.303
244.59 -0.304
244.52 -0.305
244.451 -0.306
244.38 -0.307
244.309 -0.308
244.238 -0.309
244.166 -0.31
244.094 -0.311
244.022 -0.312
243.949 -0.313
243.876 -0.314
243.802 -0.315
243.728 -0.316
243.654 -0.317
243.579 -0.318
243.504 -0.319
243.428 -0.32
243.353 -0.321
243.276 -0.322
243.2 -0.323
243.123 -0.324
243.046 -0.325
242.969 -0.326
242.891 -0.327
242.813 -0.328
242.735 -0.329
242.657 -0.33
242.578 -0.331
242.499 -0.332
242.42 -0.333
242.34 -0.334
242.26 -0.335
242.18 -0.336
242.1 -0.337
242.02 -0.338
241.939 -0.339
241.858 -0.34
241.777 -0.341
241.696 -0.342
241.614 -0.343
241.533 -0.344
241.451 -0.345
241.369 -0.346
241.286 -0.347
241.204 -0.348
241.122 -0.349
241.039 -0.35
240.956 -0.351
240.873 -0.352
240.79 -0.353
240.707 -0.354
240.624 -0.355
240.54 -0.356
240.457 -0.357
240.373 -0.358
240.289 -0.359
240.205 -0.36
240.122 -0.361
240.037 -0.362
239.953 -0.363
239.869 -0.364
239.785 -0.365
239.701 -0.366
239.616 -0.367
239.532 -0.368
239.447 -0.369
239.363 -0.37
239.278 -0.371
239.194 -0.372
239.109 -0.373
239.024 -0.374
238.94 -0.375
238.855 -0.376
238.77 -0.377
238.686 -0.378
238.601 -0.379
238.516 -0.38
238.432 -0.381
238.347 -0.382
238.262 -0.383
238.178 -0.384
238.093 -0.385
238.008 -0.386
237.924 -0.387
237.839 -0.388
237.755 -0.389
237.67 -0.39
237.586 -0.391
237.502 -0.392
237.418 -0.393
237.333 -0.394
237.249 -0.395
237.165 -0.396
237.082 -0.397
236.998 -0.398
236.914 -0.399
236.831 -0.4
236.747 -0.401
236.664 -0.402
236.58 -0.403
236.497 -0.404
236.414 -0.405
236.331 -0.406
236.248 -0.407
236.166 -0.408
236.083 -0.409
236.001 -0.41
235.919 -0.411
235.837 -0.412
235.755 -0.413
235.673 -0.414
235.591 -0.415
235.51 -0.416
235.429 -0.417
235.348 -0.418
235.267 -0.419
235.186 -0.42
235.105 -0.421
235.025 -0.422
234.945 -0.423
234.865 -0.424
234.785 -0.425
234.705 -0.426
234.626 -0.427
234.547 -0.428
234.468 -0.429
234.389 -0.43
234.311 -0.431
234.233 -0.432
234.155 -0.433
234.077 -0.434
234 -0.435
233.922 -0.436
233.845 -0.437
233.769 -0.438
233.692 -0.439
233.616 -0.44
233.54 -0.441
233.465 -0.442
233.389 -0.443
233.314 -0.444
233.24 -0.445
233.165 -0.446
233.091 -0.447
233.018 -0.448
232.944 -0.449
232.871 -0.45
232.798 -0.451
232.726 -0.452
232.653 -0.453
232.582 -0.454
232.51 -0.455
232.439 -0.456
232.368 -0.457
232.298 -0.458
232.228 -0.459
232.158 -0.46
232.089 -0.461
232.02 -0.462
231.951 -0.463
231.883 -0.464
231.815 -0.465
231.748 -0.466
231.68 -0.467
231.614 -0.468
231.548 -0.469
231.482 -0.47
231.416 -0.471
231.351 -0.472
231.287 -0.473
231.222 -0.474
231.158 -0.475
231.095 -0.476
231.032 -0.477
230.97 -0.478
230.908 -0.479
230.846 -0.48
230.785 -0.481
230.724 -0.482
230.664 -0.483
230.604 -0.484
230.545 -0.485
230.486 -0.486
230.428 -0.487
230.37 -0.488
230.313 -0.489
230.256 -0.49
230.2 -0.491
230.144 -0.492
230.089 -0.493
230.034 -0.494
229.98 -0.495
229.926 -0.496
229.873 -0.497
229.82 -0.498
229.768 -0.499
229.717 -0.5
229.666 -0.501
229.615 -0.502
229.565 -0.503
229.516 -0.504
229.467 -0.505
229.419 -0.506
229.371 -0.507
229.324 -0.508
229.277 -0.509
229.231 -0.51
229.185 -0.511
229.14 -0.512
229.096 -0.513
229.052 -0.514
229.009 -0.515
228.966 -0.516
228.924 -0.517
228.882 -0.518
228.841 -0.519
228.801 -0.52
228.761 -0.521
228.722 -0.522
228.683 -0.523
228.645 -0.524
228.607 -0.525
228.57 -0.526
228.533 -0.527
228.497 -0.528
228.462 -0.529
228.427 -0.53
228.393 -0.531
228.359 -0.532
228.327 -0.533
228.294 -0.534
228.263 -0.535
228.232 -0.536
228.202 -0.537
228.172 -0.538
228.144 -0.539
228.116 -0.54
228.088 -0.541
228.061 -0.542
228.035 -0.543
228.01 -0.544
227.985 -0.545
227.961 -0.546
227.938 -0.547
227.916 -0.548
227.894 -0.549
227.873 -0.55
227.853 -0.551
227.833 -0.552
227.814 -0.553
227.796 -0.554
227.779 -0.555
227.762 -0.556
227.747 -0.557
227.732 -0.558
227.717 -0.559
227.704 -0.56
227.691 -0.561
227.679 -0.562
227.668 -0.563
227.658 -0.564
227.648 -0.565
227.64 -0.566
227.632 -0.567
227.625 -0.568
227.618 -0.569
227.613 -0.57
227.608 -0.571
227.604 -0.572
227.601 -0.573
227.599 -0.574
227.598 -0.575
227.598 -0.576
227.598 -0.577
227.599 -0.578
227.601 -0.579
227.604 -0.58
227.608 -0.581
227.613 -0.582
227.619 -0.583
227.625 -0.584
227.633 -0.585
227.641 -0.586
227.65 -0.587
227.66 -0.588
227.671 -0.589
227.683 -0.59
227.696 -0.591
227.709 -0.592
227.724 -0.593
227.739 -0.594
227.756 -0.595
227.773 -0.596
227.791 -0.597
227.811 -0.598
227.831 -0.599
227.852 -0.6
227.874 -0.601
227.897 -0.602
227.921 -0.603
227.946 -0.604
227.972 -0.605
227.999 -0.606
228.027 -0.607
228.056 -0.608
228.086 -0.609
228.117 -0.61
228.149 -0.611
228.182 -0.612
228.216 -0.613
228.251 -0.614
228.287 -0.615
228.324 -0.616
228.362 -0.617
228.401 -0.618
228.441 -0.619
228.482 -0.62
228.524 -0.621
228.567 -0.622
228.612 -0.623
228.657 -0.624
228.703 -0.625
228.751 -0.626
228.799 -0.627
228.849 -0.628
228.9 -0.629
228.952 -0.63
229.004 -0.631
229.058 -0.632
229.114 -0.633
229.17 -0.634
229.227 -0.635
229.285 -0.636
229.345 -0.637
229.406 -0.638
229.467 -0.639
229.53 -0.64
229.594 -0.641
229.659 -0.642
229.726 -0.643
229.793 -0.644
229.862 -0.645
229.931 -0.646
230.002 -0.647
230.074 -0.648
230.148 -0.649
230.222 -0.65
230.298 -0.651
230.374 -0.652
230.452 -0.653
230.532 -0.654
230.612 -0.655
230.693 -0.656
230.776 -0.657
230.86 -0.658
230.945 -0.659
231.032 -0.66
231.119 -0.661
231.208 -0.662
231.298 -0.663
231.39 -0.664
231.482 -0.665
231.576 -0.666
231.672 -0.667
231.768 -0.668
231.866 -0.669
231.965 -0.67
232.065 -0.671
232.167 -0.672
232.27 -0.673
232.374 -0.674
232.48 -0.675
232.587 -0.676
232.695 -0.677
232.805 -0.678
232.916 -0.679
233.028 -0.68
233.141 -0.681
233.256 -0.682
233.373 -0.683
233.49 -0.684
233.609 -0.685
233.729 -0.686
233.851 -0.687
233.973 -0.688
234.098 -0.689
234.223 -0.69
234.35 -0.691
234.478 -0.692
234.608 -0.693
234.739 -0.694
234.871 -0.695
235.005 -0.696
235.14 -0.697
235.277 -0.698
235.415 -0.699
235.555 -0.7
235.696 -0.701
235.839 -0.702
235.983 -0.703
236.129 -0.704
236.276 -0.705
236.424 -0.706
236.574 -0.707
236.725 -0.708
236.877 -0.709
237.031 -0.71
237.187 -0.711
237.343 -0.712
237.501 -0.713
237.661 -0.714
237.821 -0.715
237.983 -0.716
238.146 -0.717
238.311 -0.718
238.477 -0.719
238.644 -0.72
238.813 -0.721
238.984 -0.722
239.155 -0.723
239.329 -0.724
239.503 -0.725
239.679 -0.726
239.856 -0.727
240.034 -0.728
240.213 -0.729
240.393 -0.73
240.575 -0.731
240.757 -0.732
240.941 -0.733
241.127 -0.734
241.314 -0.735
241.502 -0.736
241.692 -0.737
241.882 -0.738
242.074 -0.739
242.267 -0.74
242.462 -0.741
242.658 -0.742
242.856 -0.743
243.055 -0.744
243.256 -0.745
243.459 -0.746
243.662 -0.747
243.866 -0.748
244.072 -0.749
244.279 -0.75
244.489 -0.751
244.699 -0.752
244.911 -0.753
245.125 -0.754
245.341 -0.755
245.558 -0.756
245.775 -0.757
245.993 -0.758
246.212 -0.759
246.434 -0.76
246.657 -0.761
246.881 -0.762
247.107 -0.763
247.335 -0.764
247.565 -0.765
247.796 -0.766
248.029 -0.767
248.264 -0.768
248.499 -0.769
248.736 -0.77
248.974 -0.771
249.214 -0.772
249.456 -0.773
249.699 -0.774
249.944 -0.775
250.192 -0.776
250.441 -0.777
250.692 -0.778
250.944 -0.779
251.198 -0.78
251.454 -0.781
251.712 -0.782
251.969 -0.783
252.228 -0.784
252.489 -0.785
252.751 -0.786
253.015 -0.787
253.281 -0.788
253.548 -0.789
253.818 -0.79
254.09 -0.791
254.364 -0.792
254.64 -0.793
254.917 -0.794
255.197 -0.795
255.478 -0.796
255.76 -0.797
256.044 -0.798
256.329 -0.799
256.617 -0.8
