15.3613 -0.001
30.6983 -0.002
46.0113 -0.003
61.2998 -0.004
76.5635 -0.005
91.8023 -0.006
107.016 -0.007
122.204 -0.008
137.366 -0.009
152.502 -0.01
167.612 -0.011
182.695 -0.012
197.751 -0.013
212.78 -0.014
227.781 -0.015
242.755 -0.016
257.7 -0.017
272.616 -0.018
287.504 -0.019
302.362 -0.02
317.19 -0.021
331.988 -0.022
346.756 -0.023
361.493 -0.024
376.199 -0.025
390.872 -0.026
405.514 -0.027
420.123 -0.028
434.698 -0.029
449.24 -0.03
463.748 -0.031
478.222 -0.032
492.659 -0.033
507.062 -0.034
521.427 -0.035
535.678 -0.036
549.204 -0.037
561.057 -0.038
570.476 -0.039
579.727 -0.04
588.976 -0.041
598.183 -0.042
607.054 -0.043
615.355 -0.044
622.759 -0.045
628.78 -0.046
634.531 -0.047
640.263 -0.048
645.973 -0.049
651.656 -0.05
657.31 -0.051
662.927 -0.052
668.507 -0.053
674.057 -0.054
679.569 -0.055
685.041 -0.056
690.473 -0.057
695.874 -0.058
701.236 -0.059
706.523 -0.06
711.744 -0.061
716.75 -0.062
721.721 -0.063
726.545 -0.064
731.095 -0.065
735.628 -0.066
740.025 -0.067
744.093 -0.068
747.978 -0.069
751.586 -0.07
755.176 -0.071
758.749 -0.072
762.306 -0.073
765.847 -0.074
769.368 -0.075
772.869 -0.076
776.351 -0.077
779.814 -0.078
783.257 -0.079
786.678 -0.08
790.077 -0.081
793.441 -0.082
796.771 -0.083
800.06 -0.084
803.281 -0.085
806.407 -0.086
809.42 -0.087
812.315 -0.088
815.088 -0.089
817.596 -0.09
819.93 -0.091
822.093 -0.092
824.085 -0.093
825.973 -0.094
827.762 -0.095
829.406 -0.096
830.876 -0.097
832.156 -0.098
833.229 -0.099
834.221 -0.1
835.14 -0.101
835.928 -0.102
836.561 -0.103
837.045 -0.104
837.491 -0.105
837.925 -0.106
838.346 -0.107
838.761 -0.108
839.137 -0.109
839.5 -0.11
839.836 -0.111
840.146 -0.112
840.445 -0.113
840.707 -0.114
840.964 -0.115
841.201 -0.116
841.413 -0.117
841.621 -0.118
841.825 -0.119
842.026 -0.12
842.226 -0.121
842.423 -0.122
842.618 -0.123
842.811 -0.124
843.002 -0.125
843.188 -0.126
843.37 -0.127
843.549 -0.128
843.725 -0.129
843.898 -0.13
844.066 -0.131
844.232 -0.132
844.395 -0.133
844.555 -0.134
844.711 -0.135
844.865 -0.136
845.016 -0.137
845.166 -0.138
845.313 -0.139
845.455 -0.14
845.592 -0.141
845.727 -0.142
845.86 -0.143
845.991 -0.144
846.113 -0.145
846.234 -0.146
846.352 -0.147
846.47 -0.148
846.583 -0.149
846.69 -0.15
846.795 -0.151
846.899 -0.152
847.002 -0.153
847.102 -0.154
847.194 -0.155
847.286 -0.156
847.377 -0.157
847.467 -0.158
847.556 -0.159
847.644 -0.16
847.73 -0.161
847.816 -0.162
847.901 -0.163
847.984 -0.164
848.067 -0.165
848.149 -0.166
848.23 -0.167
848.31 -0.168
848.389 -0.169
848.467 -0.17
848.544 -0.171
848.62 -0.172
848.695 -0.173
848.768 -0.174
848.841 -0.175
848.912 -0.176
848.982 -0.177
849.051 -0.178
849.119 -0.179
849.186 -0.18
849.253 -0.181
849.319 -0.182
849.384 -0.183
849.449 -0.184
849.513 -0.185
849.576 -0.186
849.638 -0.187
849.699 -0.188
849.76 -0.189
849.82 -0.19
849.88 -0.191
849.938 -0.192
849.996 -0.193
850.054 -0.194
850.108 -0.195
850.162 -0.196
850.213 -0.197
850.263 -0.198
850.31 -0.199
850.356 -0.2
850.398 -0.201
850.439 -0.202
850.478 -0.203
850.515 -0.204
850.552 -0.205
850.587 -0.206
850.621 -0.207
850.654 -0.208
850.686 -0.209
850.718 -0.21
850.748 -0.211
850.778 -0.212
850.806 -0.213
850.834 -0.214
850.86 -0.215
850.886 -0.216
850.91 -0.217
850.934 -0.218
850.956 -0.219
850.978 -0.22
850.998 -0.221
851.018 -0.222
851.036 -0.223
851.054 -0.224
851.071 -0.225
851.086 -0.226
851.101 -0.227
851.114 -0.228
851.128 -0.229
851.14 -0.23
851.152 -0.231
851.162 -0.232
851.172 -0.233
851.18 -0.234
851.188 -0.235
851.194 -0.236
851.199 -0.237
851.203 -0.238
851.206 -0.239
851.207 -0.24
851.207 -0.241
851.205 -0.242
851.201 -0.243
851.195 -0.244
851.188 -0.245
851.181 -0.246
851.174 -0.247
851.165 -0.248
851.155 -0.249
851.144 -0.25
851.131 -0.251
851.117 -0.252
851.102 -0.253
851.084 -0.254
851.066 -0.255
851.046 -0.256
851.024 -0.257
851 -0.258
850.976 -0.259
850.95 -0.26
850.925 -0.261
850.901 -0.262
850.874 -0.263
850.846 -0.264
850.817 -0.265
850.787 -0.266
850.755 -0.267
850.722 -0.268
850.688 -0.269
850.653 -0.27
850.617 -0.271
850.58 -0.272
850.544 -0.273
850.51 -0.274
850.475 -0.275
850.44 -0.276
850.403 -0.277
850.365 -0.278
850.326 -0.279
850.286 -0.28
850.245 -0.281
850.203 -0.282
850.16 -0.283
850.116 -0.284
850.071 -0.285
850.024 -0.286
849.976 -0.287
849.925 -0.288
849.873 -0.289
849.819 -0.29
849.764 -0.291
849.707 -0.292
849.65 -0.293
849.592 -0.294
849.534 -0.295
849.474 -0.296
849.413 -0.297
849.351 -0.298
849.287 -0.299
849.222 -0.3
849.156 -0.301
849.089 -0.302
849.021 -0.303
848.952 -0.304
848.882 -0.305
848.811 -0.306
848.739 -0.307
848.666 -0.308
848.591 -0.309
848.516 -0.31
848.44 -0.311
848.362 -0.312
848.283 -0.313
848.203 -0.314
848.121 -0.315
848.039 -0.316
847.955 -0.317
847.869 -0.318
847.783 -0.319
847.698 -0.32
847.612 -0.321
847.525 -0.322
847.436 -0.323
847.348 -0.324
847.261 -0.325
847.174 -0.326
847.087 -0.327
847.001 -0.328
846.914 -0.329
846.828 -0.33
846.742 -0.331
846.657 -0.332
846.572 -0.333
846.487 -0.334
846.403 -0.335
846.319 -0.336
846.235 -0.337
846.152 -0.338
846.069 -0.339
845.984 -0.34
845.899 -0.341
845.815 -0.342
845.732 -0.343
845.652 -0.344
845.57 -0.345
845.487 -0.346
845.402 -0.347
845.316 -0.348
845.228 -0.349
845.139 -0.35
845.048 -0.351
844.955 -0.352
844.86 -0.353
844.764 -0.354
844.667 -0.355
844.567 -0.356
844.466 -0.357
844.364 -0.358
844.262 -0.359
844.162 -0.36
844.061 -0.361
843.963 -0.362
843.867 -0.363
843.77 -0.364
843.672 -0.365
843.572 -0.366
843.471 -0.367
843.369 -0.368
843.266 -0.369
843.162 -0.37
843.063 -0.371
842.971 -0.372
842.886 -0.373
842.806 -0.374
842.73 -0.375
842.659 -0.376
842.592 -0.377
842.528 -0.378
842.471 -0.379
842.422 -0.38
842.377 -0.381
842.334 -0.382
842.296 -0.383
842.26 -0.384
842.225 -0.385
842.191 -0.386
842.156 -0.387
842.12 -0.388
842.084 -0.389
842.047 -0.39
842.012 -0.391
841.978 -0.392
841.945 -0.393
841.911 -0.394
841.877 -0.395
841.843 -0.396
841.808 -0.397
841.772 -0.398
841.735 -0.399
841.7 -0.4
841.666 -0.401
841.632 -0.402
841.599 -0.403
841.565 -0.404
841.531 -0.405
841.496 -0.406
841.46 -0.407
841.424 -0.408
841.388 -0.409
841.351 -0.41
841.314 -0.411
841.277 -0.412
841.24 -0.413
841.203 -0.414
841.166 -0.415
841.129 -0.416
841.092 -0.417
841.056 -0.418
841.019 -0.419
840.981 -0.42
840.944 -0.421
840.906 -0.422
840.869 -0.423
840.835 -0.424
840.803 -0.425
840.77 -0.426
840.738 -0.427
840.705 -0.428
840.672 -0.429
840.639 -0.43
840.605 -0.431
840.573 -0.432
840.543 -0.433
840.513 -0.434
840.484 -0.435
840.458 -0.436
840.432 -0.437
840.407 -0.438
840.384 -0.439
840.361 -0.44
840.338 -0.441
840.318 -0.442
840.299 -0.443
840.28 -0.444
840.263 -0.445
840.247 -0.446
840.233 -0.447
840.221 -0.448
840.209 -0.449
840.201 -0.45
840.194 -0.451
840.186 -0.452
840.179 -0.453
840.172 -0.454
840.166 -0.455
840.16 -0.456
840.153 -0.457
840.148 -0.458
840.143 -0.459
840.138 -0.46
840.133 -0.461
840.128 -0.462
840.124 -0.463
840.12 -0.464
840.116 -0.465
840.112 -0.466
840.11 -0.467
840.107 -0.468
840.104 -0.469
840.1 -0.47
840.097 -0.471
840.093 -0.472
840.089 -0.473
840.085 -0.474
840.081 -0.475
840.077 -0.476
840.072 -0.477
840.067 -0.478
840.062 -0.479
840.057 -0.48
840.051 -0.481
840.045 -0.482
840.04 -0.483
840.035 -0.484
840.029 -0.485
840.023 -0.486
840.017 -0.487
840.011 -0.488
840.004 -0.489
839.997 -0.49
839.989 -0.491
839.98 -0.492
839.97 -0.493
839.96 -0.494
839.949 -0.495
839.938 -0.496
839.925 -0.497
839.91 -0.498
839.892 -0.499
839.871 -0.5
839.846 -0.501
839.816 -0.502
839.779 -0.503
839.734 -0.504
839.681 -0.505
839.619 -0.506
839.548 -0.507
839.47 -0.508
839.385 -0.509
839.295 -0.51
839.201 -0.511
839.105 -0.512
839.009 -0.513
838.913 -0.514
838.816 -0.515
838.736 -0.516
838.68 -0.517
838.653 -0.518
838.672 -0.519
838.716 -0.52
838.755 -0.521
838.77 -0.522
838.754 -0.523
838.73 -0.524
838.699 -0.525
838.662 -0.526
838.62 -0.527
838.573 -0.528
838.523 -0.529
838.473 -0.53
838.428 -0.531
838.39 -0.532
838.359 -0.533
838.329 -0.534
838.321 -0.535
838.329 -0.536
838.365 -0.537
838.447 -0.538
838.536 -0.539
838.623 -0.54
838.681 -0.541
838.732 -0.542
838.782 -0.543
838.833 -0.544
838.884 -0.545
838.937 -0.546
838.988 -0.547
839.034 -0.548
839.078 -0.549
839.123 -0.55
839.166 -0.551
839.208 -0.552
839.249 -0.553
839.288 -0.554
839.326 -0.555
839.36 -0.556
839.386 -0.557
839.407 -0.558
839.425 -0.559
839.437 -0.56
839.441 -0.561
839.436 -0.562
839.427 -0.563
839.414 -0.564
839.401 -0.565
839.386 -0.566
839.37 -0.567
839.387 -0.568
839.419 -0.569
839.456 -0.57
839.501 -0.571
839.554 -0.572
839.613 -0.573
839.675 -0.574
839.736 -0.575
839.773 -0.576
839.805 -0.577
839.835 -0.578
839.861 -0.579
839.879 -0.58
839.888 -0.581
839.885 -0.582
839.877 -0.583
839.867 -0.584
839.859 -0.585
839.851 -0.586
839.865 -0.587
839.905 -0.588
839.962 -0.589
840.025 -0.59
840.093 -0.591
840.164 -0.592
840.235 -0.593
840.303 -0.594
840.347 -0.595
840.388 -0.596
840.429 -0.597
840.471 -0.598
840.512 -0.599
840.555 -0.6
840.598 -0.601
840.64 -0.602
840.683 -0.603
840.726 -0.604
840.77 -0.605
840.814 -0.606
840.858 -0.607
840.902 -0.608
840.947 -0.609
840.993 -0.61
841.038 -0.611
841.083 -0.612
841.129 -0.613
841.175 -0.614
841.221 -0.615
841.267 -0.616
841.313 -0.617
841.359 -0.618
841.405 -0.619
841.452 -0.62
841.501 -0.621
841.549 -0.622
841.6 -0.623
841.65 -0.624
841.702 -0.625
841.755 -0.626
841.809 -0.627
841.863 -0.628
841.919 -0.629
841.975 -0.63
842.033 -0.631
842.091 -0.632
842.15 -0.633
842.21 -0.634
842.269 -0.635
842.328 -0.636
842.388 -0.637
842.448 -0.638
842.508 -0.639
842.568 -0.64
842.628 -0.641
842.688 -0.642
842.749 -0.643
842.809 -0.644
842.87 -0.645
842.931 -0.646
842.992 -0.647
843.054 -0.648
843.116 -0.649
843.179 -0.65
843.242 -0.651
843.306 -0.652
843.37 -0.653
843.434 -0.654
843.498 -0.655
843.563 -0.656
843.627 -0.657
843.692 -0.658
843.757 -0.659
843.822 -0.66
843.887 -0.661
843.953 -0.662
844.018 -0.663
844.084 -0.664
844.15 -0.665
844.217 -0.666
844.283 -0.667
844.35 -0.668
844.416 -0.669
844.483 -0.67
844.551 -0.671
844.618 -0.672
844.686 -0.673
844.754 -0.674
844.822 -0.675
844.89 -0.676
844.958 -0.677
845.027 -0.678
845.096 -0.679
845.165 -0.68
845.234 -0.681
845.303 -0.682
845.373 -0.683
845.443 -0.684
845.513 -0.685
845.583 -0.686
845.653 -0.687
845.724 -0.688
845.795 -0.689
845.866 -0.69
845.937 -0.691
846.008 -0.692
846.08 -0.693
846.151 -0.694
846.223 -0.695
846.296 -0.696
846.368 -0.697
846.441 -0.698
846.513 -0.699
846.586 -0.7
846.66 -0.701
846.733 -0.702
846.807 -0.703
846.88 -0.704
846.954 -0.705
847.029 -0.706
847.103 -0.707
847.178 -0.708
847.254 -0.709
847.331 -0.71
847.408 -0.711
847.486 -0.712
847.564 -0.713
847.643 -0.714
847.723 -0.715
847.803 -0.716
847.885 -0.717
847.966 -0.718
848.049 -0.719
848.133 -0.72
848.217 -0.721
848.302 -0.722
848.388 -0.723
848.474 -0.724
848.56 -0.725
848.647 -0.726
848.733 -0.727
848.82 -0.728
848.907 -0.729
848.995 -0.73
849.082 -0.731
849.17 -0.732
849.258 -0.733
849.346 -0.734
849.435 -0.735
849.524 -0.736
849.614 -0.737
849.705 -0.738
849.796 -0.739
849.888 -0.74
849.98 -0.741
850.073 -0.742
850.166 -0.743
850.259 -0.744
850.353 -0.745
850.447 -0.746
850.54 -0.747
850.635 -0.748
850.729 -0.749
850.824 -0.75
850.918 -0.751
851.013 -0.752
851.108 -0.753
851.204 -0.754
851.299 -0.755
851.395 -0.756
851.491 -0.757
851.587 -0.758
851.684 -0.759
851.78 -0.76
851.877 -0.761
851.974 -0.762
852.071 -0.763
852.168 -0.764
852.266 -0.765
852.364 -0.766
852.462 -0.767
852.56 -0.768
852.658 -0.769
852.757 -0.77
852.855 -0.771
852.954 -0.772
853.053 -0.773
853.153 -0.774
853.252 -0.775
853.352 -0.776
853.453 -0.777
853.556 -0.778
853.66 -0.779
853.767 -0.78
853.875 -0.781
853.984 -0.782
854.094 -0.783
854.203 -0.784
854.313 -0.785
854.424 -0.786
854.535 -0.787
854.646 -0.788
854.758 -0.789
854.871 -0.79
854.985 -0.791
855.099 -0.792
855.213 -0.793
855.328 -0.794
855.443 -0.795
855.559 -0.796
855.675 -0.797
855.791 -0.798
855.907 -0.799
856.024 -0.8
856.142 -0.801
856.259 -0.802
856.377 -0.803
856.495 -0.804
856.614 -0.805
856.733 -0.806
856.852 -0.807
856.972 -0.808
857.092 -0.809
857.212 -0.81
857.333 -0.811
857.454 -0.812
857.576 -0.813
857.698 -0.814
857.82 -0.815
857.942 -0.816
858.065 -0.817
858.188 -0.818
858.312 -0.819
858.436 -0.82
858.56 -0.821
858.685 -0.822
858.81 -0.823
858.935 -0.824
859.061 -0.825
859.187 -0.826
859.313 -0.827
859.44 -0.828
859.568 -0.829
859.696 -0.83
859.824 -0.831
859.953 -0.832
860.082 -0.833
860.211 -0.834
860.341 -0.835
860.471 -0.836
860.602 -0.837
860.733 -0.838
860.865 -0.839
860.997 -0.84
861.129 -0.841
861.262 -0.842
861.395 -0.843
861.529 -0.844
861.663 -0.845
861.798 -0.846
861.933 -0.847
862.068 -0.848
862.204 -0.849
862.34 -0.85
862.477 -0.851
862.614 -0.852
862.752 -0.853
862.89 -0.854
863.028 -0.855
863.167 -0.856
863.306 -0.857
863.446 -0.858
863.586 -0.859
863.726 -0.86
863.867 -0.861
864.008 -0.862
864.15 -0.863
864.292 -0.864
864.434 -0.865
864.577 -0.866
864.721 -0.867
864.864 -0.868
865.009 -0.869
865.153 -0.87
865.298 -0.871
865.444 -0.872
865.59 -0.873
865.736 -0.874
865.883 -0.875
866.03 -0.876
866.177 -0.877
866.325 -0.878
866.474 -0.879
866.623 -0.88
866.772 -0.881
866.922 -0.882
867.072 -0.883
867.223 -0.884
867.374 -0.885
867.525 -0.886
867.677 -0.887
867.831 -0.888
867.985 -0.889
868.139 -0.89
868.294 -0.891
868.451 -0.892
868.608 -0.893
868.766 -0.894
868.924 -0.895
869.083 -0.896
869.244 -0.897
869.405 -0.898
869.566 -0.899
869.728 -0.9
869.891 -0.901
870.054 -0.902
870.218 -0.903
870.383 -0.904
870.548 -0.905
870.714 -0.906
870.881 -0.907
871.047 -0.908
871.215 -0.909
871.383 -0.91
871.551 -0.911
871.72 -0.912
871.89 -0.913
872.06 -0.914
872.23 -0.915
872.401 -0.916
872.573 -0.917
872.744 -0.918
872.917 -0.919
873.089 -0.92
873.263 -0.921
873.437 -0.922
873.611 -0.923
873.785 -0.924
873.96 -0.925
874.136 -0.926
874.312 -0.927
874.488 -0.928
874.665 -0.929
874.843 -0.93
875.021 -0.931
875.199 -0.932
875.378 -0.933
875.557 -0.934
875.737 -0.935
875.917 -0.936
876.097 -0.937
876.278 -0.938
876.459 -0.939
876.641 -0.94
876.823 -0.941
877.006 -0.942
877.189 -0.943
877.373 -0.944
877.557 -0.945
877.741 -0.946
877.926 -0.947
878.112 -0.948
878.297 -0.949
878.483 -0.95
878.67 -0.951
878.857 -0.952
879.045 -0.953
879.233 -0.954
879.421 -0.955
879.61 -0.956
879.799 -0.957
879.989 -0.958
880.179 -0.959
880.37 -0.96
880.561 -0.961
880.753 -0.962
880.945 -0.963
881.137 -0.964
881.33 -0.965
881.524 -0.966
881.717 -0.967
881.912 -0.968
882.106 -0.969
882.302 -0.97
882.497 -0.971
882.694 -0.972
882.89 -0.973
883.087 -0.974
883.284 -0.975
883.482 -0.976
883.681 -0.977
883.88 -0.978
884.079 -0.979
884.279 -0.98
884.479 -0.981
884.68 -0.982
884.882 -0.983
885.083 -0.984
885.285 -0.985
885.488 -0.986
885.691 -0.987
885.894 -0.988
886.098 -0.989
886.303 -0.99
886.508 -0.991
886.714 -0.992
886.92 -0.993
887.126 -0.994
887.333 -0.995
887.54 -0.996
887.748 -0.997
887.956 -0.998
888.165 -0.999
888.374 -1
888.584 -1.001
888.794 -1.002
889.005 -1.003
889.216 -1.004
889.428 -1.005
889.641 -1.006
889.853 -1.007
890.066 -1.008
890.279 -1.009
890.493 -1.01
890.707 -1.011
890.922 -1.012
891.137 -1.013
891.353 -1.014
891.57 -1.015
891.787 -1.016
892.004 -1.017
892.222 -1.018
892.44 -1.019
892.658 -1.02
892.877 -1.021
893.097 -1.022
893.317 -1.023
893.537 -1.024
893.758 -1.025
893.981 -1.026
894.204 -1.027
894.427 -1.028
894.651 -1.029
894.875 -1.03
895.101 -1.031
895.327 -1.032
895.554 -1.033
895.781 -1.034
896.009 -1.035
896.237 -1.036
896.467 -1.037
896.697 -1.038
896.927 -1.039
897.158 -1.04
897.39 -1.041
897.622 -1.042
897.855 -1.043
898.089 -1.044
898.324 -1.045
898.559 -1.046
898.794 -1.047
899.031 -1.048
899.267 -1.049
899.505 -1.05
899.743 -1.051
899.982 -1.052
900.222 -1.053
900.462 -1.054
900.702 -1.055
900.943 -1.056
901.185 -1.057
901.428 -1.058
901.672 -1.059
901.917 -1.06
902.162 -1.061
902.408 -1.062
902.655 -1.063
902.902 -1.064
903.151 -1.065
903.399 -1.066
903.649 -1.067
903.899 -1.068
904.151 -1.069
904.403 -1.07
904.656 -1.071
904.91 -1.072
905.165 -1.073
905.42 -1.074
905.676 -1.075
905.932 -1.076
906.19 -1.077
906.447 -1.078
906.706 -1.079
906.965 -1.08
907.225 -1.081
907.485 -1.082
907.747 -1.083
908.009 -1.084
908.271 -1.085
908.534 -1.086
908.798 -1.087
909.062 -1.088
909.327 -1.089
909.593 -1.09
909.859 -1.091
910.126 -1.092
910.393 -1.093
910.661 -1.094
910.929 -1.095
911.199 -1.096
911.469 -1.097
911.74 -1.098
912.011 -1.099
912.283 -1.1
912.555 -1.101
912.828 -1.102
913.102 -1.103
913.376 -1.104
913.651 -1.105
913.926 -1.106
914.202 -1.107
914.478 -1.108
914.755 -1.109
915.033 -1.11
915.311 -1.111
915.59 -1.112
915.87 -1.113
916.15 -1.114
916.431 -1.115
916.713 -1.116
916.995 -1.117
917.277 -1.118
917.56 -1.119
917.843 -1.12
918.127 -1.121
918.411 -1.122
918.696 -1.123
918.982 -1.124
919.268 -1.125
919.554 -1.126
919.842 -1.127
920.13 -1.128
920.418 -1.129
920.708 -1.13
920.998 -1.131
921.289 -1.132
921.58 -1.133
921.871 -1.134
922.163 -1.135
922.456 -1.136
922.749 -1.137
923.042 -1.138
923.336 -1.139
923.631 -1.14
923.926 -1.141
924.222 -1.142
924.519 -1.143
924.816 -1.144
925.113 -1.145
925.412 -1.146
925.711 -1.147
926.011 -1.148
926.311 -1.149
926.612 -1.15
926.913 -1.151
927.215 -1.152
927.517 -1.153
927.82 -1.154
928.123 -1.155
928.427 -1.156
928.731 -1.157
929.036 -1.158
929.342 -1.159
929.648 -1.16
929.955 -1.161
930.262 -1.162
930.57 -1.163
930.879 -1.164
931.189 -1.165
931.499 -1.166
931.809 -1.167
932.121 -1.168
932.433 -1.169
932.745 -1.17
933.058 -1.171
933.371 -1.172
933.686 -1.173
934 -1.174
934.316 -1.175
934.632 -1.176
934.948 -1.177
935.265 -1.178
935.583 -1.179
935.901 -1.18
936.22 -1.181
936.539 -1.182
936.859 -1.183
937.18 -1.184
937.501 -1.185
937.823 -1.186
938.146 -1.187
938.47 -1.188
938.794 -1.189
939.118 -1.19
939.444 -1.191
939.77 -1.192
940.096 -1.193
940.423 -1.194
940.751 -1.195
941.079 -1.196
941.408 -1.197
941.738 -1.198
942.068 -1.199
942.398 -1.2
942.729 -1.201
943.061 -1.202
943.393 -1.203
943.726 -1.204
944.06 -1.205
944.394 -1.206
944.729 -1.207
945.064 -1.208
945.401 -1.209
945.738 -1.21
946.075 -1.211
946.414 -1.212
946.753 -1.213
947.092 -1.214
947.433 -1.215
947.774 -1.216
948.115 -1.217
948.457 -1.218
948.8 -1.219
949.143 -1.22
949.487 -1.221
949.831 -1.222
950.177 -1.223
950.523 -1.224
950.869 -1.225
951.216 -1.226
951.564 -1.227
951.913 -1.228
952.262 -1.229
952.612 -1.23
952.963 -1.231
953.314 -1.232
953.666 -1.233
954.019 -1.234
954.373 -1.235
954.727 -1.236
955.082 -1.237
955.437 -1.238
955.793 -1.239
956.15 -1.24
956.508 -1.241
956.866 -1.242
957.225 -1.243
957.585 -1.244
957.945 -1.245
958.306 -1.246
958.668 -1.247
959.031 -1.248
959.395 -1.249
959.759 -1.25
960.124 -1.251
960.489 -1.252
960.856 -1.253
961.223 -1.254
961.591 -1.255
961.959 -1.256
962.329 -1.257
962.699 -1.258
963.069 -1.259
963.441 -1.26
963.813 -1.261
964.186 -1.262
964.56 -1.263
964.935 -1.264
965.31 -1.265
965.686 -1.266
966.063 -1.267
966.44 -1.268
966.818 -1.269
967.197 -1.27
967.577 -1.271
967.958 -1.272
968.339 -1.273
968.721 -1.274
969.104 -1.275
969.488 -1.276
969.873 -1.277
970.258 -1.278
970.644 -1.279
971.031 -1.28
971.419 -1.281
971.808 -1.282
972.197 -1.283
972.587 -1.284
972.978 -1.285
973.37 -1.286
973.763 -1.287
974.156 -1.288
974.55 -1.289
974.945 -1.29
975.341 -1.291
975.738 -1.292
976.135 -1.293
976.534 -1.294
976.933 -1.295
977.333 -1.296
977.733 -1.297
978.135 -1.298
978.537 -1.299
978.939 -1.3
979.343 -1.301
979.747 -1.302
980.152 -1.303
980.558 -1.304
980.965 -1.305
981.372 -1.306
981.781 -1.307
982.19 -1.308
982.6 -1.309
983.01 -1.31
983.422 -1.311
983.834 -1.312
984.247 -1.313
984.662 -1.314
985.076 -1.315
985.492 -1.316
985.907 -1.317
986.324 -1.318
986.74 -1.319
987.158 -1.32
987.577 -1.321
987.996 -1.322
988.416 -1.323
988.837 -1.324
989.259 -1.325
989.681 -1.326
990.104 -1.327
990.528 -1.328
990.953 -1.329
991.379 -1.33
991.805 -1.331
992.232 -1.332
992.66 -1.333
993.089 -1.334
993.518 -1.335
993.948 -1.336
994.378 -1.337
994.809 -1.338
995.241 -1.339
995.673 -1.34
996.106 -1.341
996.54 -1.342
996.975 -1.343
997.411 -1.344
997.847 -1.345
998.285 -1.346
998.723 -1.347
999.162 -1.348
999.601 -1.349
1000.04 -1.35
1000.48 -1.351
1000.93 -1.352
1001.37 -1.353
1001.81 -1.354
1002.26 -1.355
1002.7 -1.356
1003.15 -1.357
1003.59 -1.358
1004.04 -1.359
1004.49 -1.36
1004.94 -1.361
1005.39 -1.362
1005.84 -1.363
1006.29 -1.364
1006.74 -1.365
1007.19 -1.366
1007.64 -1.367
1008.1 -1.368
1008.55 -1.369
1009.01 -1.37
1009.47 -1.371
1009.92 -1.372
1010.38 -1.373
1010.84 -1.374
1011.3 -1.375
1011.76 -1.376
1012.22 -1.377
1012.69 -1.378
1013.15 -1.379
1013.61 -1.38
1014.08 -1.381
1014.54 -1.382
1015.01 -1.383
1015.47 -1.384
1015.94 -1.385
1016.41 -1.386
1016.87 -1.387
1017.34 -1.388
1017.81 -1.389
1018.29 -1.39
1018.76 -1.391
1019.23 -1.392
1019.7 -1.393
1020.18 -1.394
1020.65 -1.395
1021.13 -1.396
1021.61 -1.397
1022.08 -1.398
1022.56 -1.399
1023.04 -1.4
