19.2433 -0.001
38.3935 -0.002
57.4505 -0.003
76.4138 -0.004
95.2829 -0.005
114.057 -0.006
132.737 -0.007
151.321 -0.008
169.81 -0.009
188.201 -0.01
206.496 -0.011
224.694 -0.012
242.793 -0.013
260.794 -0.014
278.696 -0.015
296.498 -0.016
314.2 -0.017
331.8 -0.018
349.299 -0.019
366.695 -0.02
383.988 -0.021
401.176 -0.022
418.26 -0.023
435.237 -0.024
452.108 -0.025
468.87 -0.026
485.524 -0.027
502.068 -0.028
518.501 -0.029
534.821 -0.03
551.027 -0.031
567.119 -0.032
583.093 -0.033
598.594 -0.034
612.746 -0.035
624.4 -0.036
635.565 -0.037
646.603 -0.038
657.53 -0.039
668.349 -0.04
678.95 -0.041
689.17 -0.042
698.998 -0.043
708.228 -0.044
717.165 -0.045
725.377 -0.046
733.007 -0.047
740.364 -0.048
747.535 -0.049
754.46 -0.05
761.299 -0.051
768.035 -0.052
774.365 -0.053
780.603 -0.054
786.765 -0.055
792.851 -0.056
798.676 -0.057
804.329 -0.058
809.913 -0.059
815.359 -0.06
820.573 -0.061
825.687 -0.062
830.664 -0.063
835.574 -0.064
840.425 -0.065
845.214 -0.066
849.686 -0.067
854.061 -0.068
858.383 -0.069
862.65 -0.07
866.862 -0.071
871.025 -0.072
875.138 -0.073
879.187 -0.074
882.909 -0.075
886.528 -0.076
890.078 -0.077
893.477 -0.078
896.783 -0.079
900.033 -0.08
903.088 -0.081
905.703 -0.082
908.242 -0.083
910.563 -0.084
912.809 -0.085
914.539 -0.086
915.475 -0.087
916.364 -0.088
917.207 -0.089
918 -0.09
918.738 -0.091
919.168 -0.092
919.503 -0.093
919.793 -0.094
920.031 -0.095
920.169 -0.096
920.27 -0.097
920.34 -0.098
920.378 -0.099
920.351 -0.1
920.2 -0.101
920.011 -0.102
919.789 -0.103
919.504 -0.104
919.192 -0.105
918.859 -0.106
918.508 -0.107
918.139 -0.108
917.755 -0.109
917.357 -0.11
916.943 -0.111
916.516 -0.112
916.073 -0.113
915.616 -0.114
915.143 -0.115
914.625 -0.116
914.087 -0.117
913.541 -0.118
912.99 -0.119
912.43 -0.12
911.862 -0.121
911.286 -0.122
910.703 -0.123
910.113 -0.124
909.516 -0.125
908.911 -0.126
908.3 -0.127
907.683 -0.128
907.06 -0.129
906.433 -0.13
905.8 -0.131
905.162 -0.132
904.519 -0.133
903.871 -0.134
903.215 -0.135
902.553 -0.136
901.885 -0.137
901.213 -0.138
900.535 -0.139
899.852 -0.14
899.165 -0.141
898.472 -0.142
897.772 -0.143
897.064 -0.144
896.346 -0.145
895.624 -0.146
894.898 -0.147
894.167 -0.148
893.433 -0.149
892.695 -0.15
891.953 -0.151
891.207 -0.152
890.457 -0.153
889.703 -0.154
888.945 -0.155
888.185 -0.156
887.42 -0.157
886.653 -0.158
885.883 -0.159
885.11 -0.16
884.333 -0.161
883.553 -0.162
882.771 -0.163
881.985 -0.164
881.196 -0.165
880.405 -0.166
879.61 -0.167
878.813 -0.168
878.012 -0.169
877.209 -0.17
876.404 -0.171
875.595 -0.172
874.785 -0.173
873.972 -0.174
873.156 -0.175
872.339 -0.176
871.519 -0.177
870.698 -0.178
869.874 -0.179
869.048 -0.18
868.221 -0.181
867.392 -0.182
866.56 -0.183
865.728 -0.184
864.893 -0.185
864.057 -0.186
863.219 -0.187
862.38 -0.188
861.54 -0.189
860.698 -0.19
859.856 -0.191
859.013 -0.192
858.169 -0.193
857.325 -0.194
856.479 -0.195
855.632 -0.196
854.785 -0.197
853.937 -0.198
853.089 -0.199
852.244 -0.2
851.412 -0.201
850.588 -0.202
849.764 -0.203
848.94 -0.204
848.115 -0.205
847.291 -0.206
846.466 -0.207
845.641 -0.208
844.816 -0.209
843.991 -0.21
843.166 -0.211
842.341 -0.212
841.518 -0.213
840.721 -0.214
839.945 -0.215
839.169 -0.216
838.392 -0.217
837.616 -0.218
836.84 -0.219
836.065 -0.22
835.289 -0.221
834.514 -0.222
833.739 -0.223
832.964 -0.224
832.191 -0.225
831.417 -0.226
830.644 -0.227
829.869 -0.228
829.093 -0.229
828.316 -0.23
827.539 -0.231
826.764 -0.232
825.988 -0.233
825.217 -0.234
824.448 -0.235
823.68 -0.236
822.912 -0.237
822.146 -0.238
821.383 -0.239
820.63 -0.24
819.887 -0.241
819.156 -0.242
818.426 -0.243
817.7 -0.244
816.979 -0.245
816.278 -0.246
815.584 -0.247
814.899 -0.248
814.249 -0.249
813.615 -0.25
812.982 -0.251
812.351 -0.252
811.72 -0.253
811.091 -0.254
810.463 -0.255
809.836 -0.256
809.21 -0.257
808.584 -0.258
807.959 -0.259
807.332 -0.26
806.704 -0.261
806.076 -0.262
805.447 -0.263
804.819 -0.264
804.192 -0.265
803.566 -0.266
802.941 -0.267
802.317 -0.268
801.694 -0.269
801.072 -0.27
800.451 -0.271
799.832 -0.272
799.214 -0.273
798.598 -0.274
797.983 -0.275
797.37 -0.276
796.758 -0.277
796.148 -0.278
795.538 -0.279
794.93 -0.28
794.324 -0.281
793.719 -0.282
793.115 -0.283
792.515 -0.284
791.919 -0.285
791.328 -0.286
790.744 -0.287
790.162 -0.288
789.588 -0.289
789.017 -0.29
788.449 -0.291
787.884 -0.292
787.326 -0.293
786.774 -0.294
786.228 -0.295
785.689 -0.296
785.153 -0.297
784.627 -0.298
784.106 -0.299
783.588 -0.3
783.074 -0.301
782.563 -0.302
782.055 -0.303
781.549 -0.304
781.045 -0.305
780.543 -0.306
780.042 -0.307
779.543 -0.308
779.046 -0.309
778.55 -0.31
778.056 -0.311
777.563 -0.312
777.072 -0.313
776.585 -0.314
776.1 -0.315
775.616 -0.316
775.135 -0.317
774.655 -0.318
774.177 -0.319
773.699 -0.32
773.223 -0.321
772.749 -0.322
772.277 -0.323
771.808 -0.324
771.34 -0.325
770.874 -0.326
770.411 -0.327
769.949 -0.328
769.489 -0.329
769.03 -0.33
768.574 -0.331
768.121 -0.332
767.669 -0.333
767.221 -0.334
766.774 -0.335
766.33 -0.336
765.888 -0.337
765.449 -0.338
765.013 -0.339
764.578 -0.34
764.146 -0.341
763.715 -0.342
763.288 -0.343
762.865 -0.344
762.447 -0.345
762.032 -0.346
761.619 -0.347
761.212 -0.348
760.812 -0.349
760.416 -0.35
760.023 -0.351
759.636 -0.352
759.253 -0.353
758.875 -0.354
758.499 -0.355
758.128 -0.356
757.757 -0.357
757.39 -0.358
757.031 -0.359
756.677 -0.36
756.325 -0.361
755.979 -0.362
755.636 -0.363
755.298 -0.364
754.966 -0.365
754.638 -0.366
754.313 -0.367
753.991 -0.368
753.673 -0.369
753.358 -0.37
753.047 -0.371
752.737 -0.372
752.428 -0.373
752.12 -0.374
751.813 -0.375
751.509 -0.376
751.207 -0.377
750.906 -0.378
750.607 -0.379
750.31 -0.38
750.011 -0.381
749.711 -0.382
749.407 -0.383
749.105 -0.384
748.806 -0.385
748.511 -0.386
748.219 -0.387
747.931 -0.388
747.645 -0.389
747.363 -0.39
747.083 -0.391
746.806 -0.392
746.532 -0.393
746.261 -0.394
745.993 -0.395
745.727 -0.396
745.464 -0.397
745.203 -0.398
744.945 -0.399
744.691 -0.4
744.439 -0.401
744.191 -0.402
743.945 -0.403
743.703 -0.404
743.462 -0.405
743.224 -0.406
742.987 -0.407
742.751 -0.408
742.516 -0.409
742.283 -0.41
742.052 -0.411
741.823 -0.412
741.596 -0.413
741.371 -0.414
741.148 -0.415
740.927 -0.416
740.708 -0.417
740.493 -0.418
740.283 -0.419
740.075 -0.42
739.871 -0.421
739.671 -0.422
739.474 -0.423
739.28 -0.424
739.09 -0.425
738.903 -0.426
738.719 -0.427
738.539 -0.428
738.361 -0.429
738.185 -0.43
738.012 -0.431
737.845 -0.432
737.681 -0.433
737.521 -0.434
737.364 -0.435
737.211 -0.436
737.061 -0.437
736.915 -0.438
736.774 -0.439
736.637 -0.44
736.504 -0.441
736.374 -0.442
736.246 -0.443
736.121 -0.444
735.999 -0.445
735.883 -0.446
735.77 -0.447
735.662 -0.448
735.557 -0.449
735.457 -0.45
735.362 -0.451
735.27 -0.452
735.182 -0.453
735.097 -0.454
735.017 -0.455
734.94 -0.456
734.866 -0.457
734.795 -0.458
734.728 -0.459
734.663 -0.46
734.601 -0.461
734.543 -0.462
734.49 -0.463
734.442 -0.464
734.397 -0.465
734.356 -0.466
734.319 -0.467
734.287 -0.468
734.258 -0.469
734.233 -0.47
734.213 -0.471
734.196 -0.472
734.184 -0.473
734.174 -0.474
734.169 -0.475
734.166 -0.476
734.167 -0.477
734.172 -0.478
734.182 -0.479
734.195 -0.48
734.212 -0.481
734.234 -0.482
734.26 -0.483
734.29 -0.484
734.325 -0.485
734.365 -0.486
734.409 -0.487
734.457 -0.488
734.51 -0.489
734.568 -0.49
734.63 -0.491
734.697 -0.492
734.767 -0.493
734.841 -0.494
734.919 -0.495
735.002 -0.496
735.09 -0.497
735.183 -0.498
735.28 -0.499
735.382 -0.5
735.485 -0.501
735.585 -0.502
735.682 -0.503
735.775 -0.504
735.87 -0.505
735.97 -0.506
736.074 -0.507
736.183 -0.508
736.297 -0.509
736.415 -0.51
736.536 -0.511
736.659 -0.512
736.786 -0.513
736.919 -0.514
737.056 -0.515
737.186 -0.516
737.311 -0.517
737.441 -0.518
737.576 -0.519
737.715 -0.52
737.858 -0.521
738.006 -0.522
738.16 -0.523
738.32 -0.524
738.484 -0.525
738.653 -0.526
738.826 -0.527
739.004 -0.528
739.187 -0.529
739.374 -0.53
739.565 -0.531
739.761 -0.532
739.961 -0.533
740.167 -0.534
740.378 -0.535
740.593 -0.536
740.812 -0.537
741.036 -0.538
741.264 -0.539
741.496 -0.54
741.733 -0.541
741.974 -0.542
742.219 -0.543
742.469 -0.544
742.724 -0.545
742.984 -0.546
743.249 -0.547
743.518 -0.548
743.792 -0.549
744.072 -0.55
744.356 -0.551
744.646 -0.552
744.94 -0.553
745.24 -0.554
745.545 -0.555
745.854 -0.556
746.16 -0.557
746.463 -0.558
746.762 -0.559
747.06 -0.56
747.363 -0.561
747.67 -0.562
747.982 -0.563
748.299 -0.564
748.621 -0.565
748.948 -0.566
749.279 -0.567
749.615 -0.568
749.956 -0.569
750.302 -0.57
750.653 -0.571
751.009 -0.572
751.369 -0.573
751.734 -0.574
752.103 -0.575
752.477 -0.576
752.855 -0.577
753.239 -0.578
753.628 -0.579
754.022 -0.58
754.421 -0.581
754.826 -0.582
755.236 -0.583
755.652 -0.584
756.071 -0.585
756.492 -0.586
756.912 -0.587
757.334 -0.588
757.758 -0.589
758.187 -0.59
758.621 -0.591
759.06 -0.592
759.505 -0.593
759.955 -0.594
760.41 -0.595
760.871 -0.596
761.337 -0.597
761.808 -0.598
762.284 -0.599
762.765 -0.6
763.251 -0.601
763.742 -0.602
764.239 -0.603
764.74 -0.604
765.246 -0.605
765.757 -0.606
766.274 -0.607
766.795 -0.608
767.322 -0.609
767.854 -0.61
768.392 -0.611
768.935 -0.612
769.484 -0.613
770.038 -0.614
770.598 -0.615
771.164 -0.616
771.735 -0.617
772.312 -0.618
772.888 -0.619
773.449 -0.62
774.013 -0.621
774.582 -0.622
775.157 -0.623
775.738 -0.624
776.324 -0.625
776.916 -0.626
777.514 -0.627
778.117 -0.628
778.725 -0.629
779.338 -0.63
779.956 -0.631
780.579 -0.632
781.207 -0.633
781.84 -0.634
782.478 -0.635
783.122 -0.636
783.771 -0.637
784.425 -0.638
785.085 -0.639
785.749 -0.64
786.418 -0.641
787.082 -0.642
787.746 -0.643
788.415 -0.644
789.091 -0.645
789.773 -0.646
790.46 -0.647
791.154 -0.648
791.854 -0.649
792.56 -0.65
793.264 -0.651
793.965 -0.652
794.655 -0.653
795.32 -0.654
795.942 -0.655
796.569 -0.656
797.202 -0.657
797.84 -0.658
798.483 -0.659
799.132 -0.66
799.786 -0.661
800.446 -0.662
801.111 -0.663
801.781 -0.664
802.456 -0.665
803.137 -0.666
803.824 -0.667
804.516 -0.668
805.214 -0.669
805.917 -0.67
806.626 -0.671
807.341 -0.672
808.061 -0.673
808.781 -0.674
809.505 -0.675
810.235 -0.676
810.97 -0.677
811.707 -0.678
812.439 -0.679
813.163 -0.68
813.887 -0.681
814.608 -0.682
815.334 -0.683
816.064 -0.684
816.792 -0.685
817.526 -0.686
818.261 -0.687
818.995 -0.688
819.735 -0.689
820.473 -0.69
821.214 -0.691
821.96 -0.692
822.712 -0.693
823.469 -0.694
824.232 -0.695
825.001 -0.696
825.776 -0.697
826.555 -0.698
827.34 -0.699
828.132 -0.7
828.928 -0.701
829.73 -0.702
830.537 -0.703
831.35 -0.704
832.168 -0.705
832.992 -0.706
833.821 -0.707
834.655 -0.708
835.492 -0.709
836.33 -0.71
837.171 -0.711
838.018 -0.712
838.871 -0.713
839.731 -0.714
840.595 -0.715
841.466 -0.716
842.342 -0.717
843.223 -0.718
844.111 -0.719
845.004 -0.72
845.903 -0.721
846.808 -0.722
847.719 -0.723
848.636 -0.724
849.559 -0.725
850.489 -0.726
851.425 -0.727
852.367 -0.728
853.316 -0.729
854.271 -0.73
855.231 -0.731
856.198 -0.732
857.171 -0.733
858.15 -0.734
859.132 -0.735
860.117 -0.736
861.103 -0.737
862.093 -0.738
863.083 -0.739
864.073 -0.74
865.06 -0.741
866.042 -0.742
867.013 -0.743
867.979 -0.744
868.942 -0.745
869.906 -0.746
870.873 -0.747
871.846 -0.748
872.825 -0.749
873.81 -0.75
874.801 -0.751
875.798 -0.752
876.802 -0.753
877.811 -0.754
878.826 -0.755
879.847 -0.756
880.873 -0.757
881.906 -0.758
882.944 -0.759
883.989 -0.76
885.039 -0.761
886.097 -0.762
887.16 -0.763
888.23 -0.764
889.306 -0.765
890.387 -0.766
891.474 -0.767
892.565 -0.768
893.661 -0.769
894.764 -0.77
895.872 -0.771
896.982 -0.772
898.096 -0.773
899.21 -0.774
900.324 -0.775
901.44 -0.776
902.553 -0.777
903.669 -0.778
904.783 -0.779
905.883 -0.78
906.949 -0.781
908.004 -0.782
909.06 -0.783
910.121 -0.784
911.187 -0.785
912.258 -0.786
913.333 -0.787
914.41 -0.788
915.489 -0.789
916.57 -0.79
917.65 -0.791
918.731 -0.792
919.81 -0.793
920.891 -0.794
921.972 -0.795
923.056 -0.796
924.141 -0.797
925.228 -0.798
926.317 -0.799
927.412 -0.8
928.513 -0.801
929.619 -0.802
930.732 -0.803
931.85 -0.804
932.975 -0.805
934.105 -0.806
935.241 -0.807
936.383 -0.808
937.529 -0.809
938.68 -0.81
939.835 -0.811
940.995 -0.812
942.162 -0.813
943.334 -0.814
944.512 -0.815
945.696 -0.816
946.886 -0.817
948.082 -0.818
949.278 -0.819
950.472 -0.82
951.665 -0.821
952.864 -0.822
954.068 -0.823
955.278 -0.824
956.494 -0.825
957.716 -0.826
958.941 -0.827
960.17 -0.828
961.405 -0.829
962.646 -0.83
963.893 -0.831
965.146 -0.832
966.405 -0.833
967.67 -0.834
968.94 -0.835
970.215 -0.836
971.496 -0.837
972.782 -0.838
974.074 -0.839
975.372 -0.84
976.676 -0.841
977.986 -0.842
979.301 -0.843
980.622 -0.844
981.948 -0.845
983.278 -0.846
984.614 -0.847
985.955 -0.848
987.302 -0.849
988.656 -0.85
990.016 -0.851
991.382 -0.852
992.752 -0.853
994.124 -0.854
995.468 -0.855
996.792 -0.856
998.12 -0.857
999.455 -0.858
1000.8 -0.859
1002.14 -0.86
1003.49 -0.861
1004.85 -0.862
1006.21 -0.863
1007.57 -0.864
1008.95 -0.865
1010.33 -0.866
1011.71 -0.867
1013.09 -0.868
1014.45 -0.869
1015.81 -0.87
1017.17 -0.871
1018.54 -0.872
1019.91 -0.873
1021.29 -0.874
1022.68 -0.875
1024.08 -0.876
1025.47 -0.877
1026.88 -0.878
1028.29 -0.879
1029.71 -0.88
1031.13 -0.881
1032.56 -0.882
1033.99 -0.883
1035.43 -0.884
1036.87 -0.885
1038.33 -0.886
1039.78 -0.887
1041.24 -0.888
1042.71 -0.889
1044.19 -0.89
1045.67 -0.891
1047.15 -0.892
1048.64 -0.893
1050.14 -0.894
1051.64 -0.895
1053.15 -0.896
1054.66 -0.897
1056.18 -0.898
1057.7 -0.899
1059.23 -0.9
1060.77 -0.901
1062.31 -0.902
1063.86 -0.903
1065.4 -0.904
1066.95 -0.905
1068.5 -0.906
1070.05 -0.907
1071.59 -0.908
1073.12 -0.909
1074.65 -0.91
1076.19 -0.911
1077.72 -0.912
1079.27 -0.913
1080.81 -0.914
1082.37 -0.915
1083.93 -0.916
1085.49 -0.917
1087.06 -0.918
1088.63 -0.919
1090.21 -0.92
1091.78 -0.921
1093.37 -0.922
1094.95 -0.923
1096.55 -0.924
1098.14 -0.925
1099.74 -0.926
1101.34 -0.927
1102.95 -0.928
1104.57 -0.929
1106.19 -0.93
1107.82 -0.931
1109.46 -0.932
1111.1 -0.933
1112.75 -0.934
1114.4 -0.935
1116.07 -0.936
1117.73 -0.937
1119.39 -0.938
1121.06 -0.939
1122.74 -0.94
1124.42 -0.941
1126.11 -0.942
1127.8 -0.943
1129.5 -0.944
1131.21 -0.945
1132.93 -0.946
1134.64 -0.947
1136.37 -0.948
1138.1 -0.949
1139.84 -0.95
1141.59 -0.951
1143.34 -0.952
1145.09 -0.953
1146.84 -0.954
1148.59 -0.955
1150.35 -0.956
1152.11 -0.957
1153.88 -0.958
1155.65 -0.959
1157.42 -0.96
1159.18 -0.961
1160.93 -0.962
1162.68 -0.963
1164.44 -0.964
1166.2 -0.965
1167.97 -0.966
1169.74 -0.967
1171.49 -0.968
1173.24 -0.969
1174.96 -0.97
1176.66 -0.971
1178.36 -0.972
1180.06 -0.973
1181.77 -0.974
1183.48 -0.975
1185.2 -0.976
1186.93 -0.977
1188.66 -0.978
1190.39 -0.979
1192.08 -0.98
1193.79 -0.981
1195.49 -0.982
1197.21 -0.983
1198.93 -0.984
1200.65 -0.985
1202.38 -0.986
1204.12 -0.987
1205.86 -0.988
1207.61 -0.989
1209.37 -0.99
1211.13 -0.991
1212.9 -0.992
1214.67 -0.993
1216.45 -0.994
1218.23 -0.995
1220.03 -0.996
1221.82 -0.997
1223.63 -0.998
1225.44 -0.999
1227.25 -1
1229.05 -1.001
1230.86 -1.002
1232.68 -1.003
1234.49 -1.004
1236.31 -1.005
1238.14 -1.006
1239.97 -1.007
1241.81 -1.008
1243.66 -1.009
1245.51 -1.01
1247.36 -1.011
1249.22 -1.012
1251.09 -1.013
1252.97 -1.014
1254.85 -1.015
1256.73 -1.016
1258.63 -1.017
1260.52 -1.018
1262.43 -1.019
1264.34 -1.02
1266.25 -1.021
1268.18 -1.022
1270.1 -1.023
1272.04 -1.024
1273.98 -1.025
1275.92 -1.026
1277.87 -1.027
1279.79 -1.028
1281.72 -1.029
1283.66 -1.03
1285.6 -1.031
1287.55 -1.032
1289.5 -1.033
1291.46 -1.034
1293.43 -1.035
1295.4 -1.036
1297.39 -1.037
1299.37 -1.038
1301.37 -1.039
1303.37 -1.04
1305.38 -1.041
1307.39 -1.042
1309.41 -1.043
1311.44 -1.044
1313.47 -1.045
1315.51 -1.046
1317.56 -1.047
1319.62 -1.048
1321.68 -1.049
1323.75 -1.05
1325.82 -1.051
1327.9 -1.052
1329.99 -1.053
1332.09 -1.054
1334.19 -1.055
1336.3 -1.056
1338.41 -1.057
1340.53 -1.058
1342.65 -1.059
1344.77 -1.06
1346.9 -1.061
1349.03 -1.062
1351.17 -1.063
1353.31 -1.064
1355.46 -1.065
1357.62 -1.066
1359.78 -1.067
1361.95 -1.068
1364.13 -1.069
1366.31 -1.07
1368.5 -1.071
1370.7 -1.072
1372.9 -1.073
1375.11 -1.074
1377.32 -1.075
1379.54 -1.076
1381.75 -1.077
1383.93 -1.078
1386.11 -1.079
1388.31 -1.08
1390.51 -1.081
1392.71 -1.082
1394.92 -1.083
1397.14 -1.084
1399.35 -1.085
1401.56 -1.086
1403.78 -1.087
1406.01 -1.088
1408.24 -1.089
1410.48 -1.09
1412.72 -1.091
1414.96 -1.092
1417.2 -1.093
1419.44 -1.094
1421.67 -1.095
1423.9 -1.096
1426.13 -1.097
1428.36 -1.098
1430.6 -1.099
1432.84 -1.1
1435.08 -1.101
1437.33 -1.102
1439.58 -1.103
1441.83 -1.104
1444.08 -1.105
1446.34 -1.106
1448.61 -1.107
1450.88 -1.108
1453.15 -1.109
1455.44 -1.11
1457.73 -1.111
1460.03 -1.112
1462.33 -1.113
1464.64 -1.114
1466.95 -1.115
1469.26 -1.116
1471.57 -1.117
1473.89 -1.118
1476.22 -1.119
1478.55 -1.12
1480.89 -1.121
1483.24 -1.122
1485.59 -1.123
1487.95 -1.124
1490.31 -1.125
1492.68 -1.126
1495.05 -1.127
1497.43 -1.128
1499.81 -1.129
1502.19 -1.13
1504.58 -1.131
1506.98 -1.132
1509.38 -1.133
1511.79 -1.134
1514.21 -1.135
1516.63 -1.136
1519.05 -1.137
1521.49 -1.138
1523.92 -1.139
1526.36 -1.14
1528.79 -1.141
1531.2 -1.142
1533.63 -1.143
1536.05 -1.144
1538.48 -1.145
1540.92 -1.146
1543.36 -1.147
1545.81 -1.148
1548.25 -1.149
1550.71 -1.15
1553.16 -1.151
1555.61 -1.152
1557.99 -1.153
1560.36 -1.154
1562.73 -1.155
1565.11 -1.156
1567.49 -1.157
1569.89 -1.158
1572.28 -1.159
1574.69 -1.16
1577.1 -1.161
1579.52 -1.162
1581.95 -1.163
1584.38 -1.164
1586.82 -1.165
1589.21 -1.166
1591.47 -1.167
1593.65 -1.168
1595.82 -1.169
1597.99 -1.17
1600.17 -1.171
1602.34 -1.172
1604.49 -1.173
1606.63 -1.174
1608.77 -1.175
1610.83 -1.176
1612.8 -1.177
1614.76 -1.178
1616.73 -1.179
1618.7 -1.18
1620.66 -1.181
1622.61 -1.182
1624.56 -1.183
1626.5 -1.184
1628.45 -1.185
1630.39 -1.186
1632.33 -1.187
1634.27 -1.188
1636.21 -1.189
1638.15 -1.19
1640.1 -1.191
1642.05 -1.192
1644 -1.193
1645.96 -1.194
1647.91 -1.195
1649.87 -1.196
1651.84 -1.197
1653.8 -1.198
1655.77 -1.199
1657.74 -1.2
1659.72 -1.201
1661.69 -1.202
1663.67 -1.203
1665.65 -1.204
1667.63 -1.205
1669.61 -1.206
1671.59 -1.207
1673.57 -1.208
1675.56 -1.209
1677.54 -1.21
1679.53 -1.211
1681.52 -1.212
1683.5 -1.213
1685.48 -1.214
1687.47 -1.215
1689.44 -1.216
1691.42 -1.217
1693.4 -1.218
1695.38 -1.219
1697.34 -1.22
1699.31 -1.221
1701.28 -1.222
1703.24 -1.223
1705.2 -1.224
1707.15 -1.225
1709.11 -1.226
1711.07 -1.227
1713.04 -1.228
1714.99 -1.229
1716.95 -1.23
1718.9 -1.231
1720.85 -1.232
1722.79 -1.233
1724.74 -1.234
1726.67 -1.235
1728.61 -1.236
1730.53 -1.237
1732.46 -1.238
1734.37 -1.239
1736.29 -1.24
1738.21 -1.241
1740.12 -1.242
1742.03 -1.243
1743.95 -1.244
1745.86 -1.245
1747.78 -1.246
1749.7 -1.247
1751.62 -1.248
1753.55 -1.249
1755.48 -1.25
1757.4 -1.251
1759.33 -1.252
1761.27 -1.253
1763.2 -1.254
1765.14 -1.255
1767.08 -1.256
1769.02 -1.257
1770.97 -1.258
1772.91 -1.259
1774.86 -1.26
1776.81 -1.261
1778.76 -1.262
1780.72 -1.263
1782.68 -1.264
1784.64 -1.265
1786.61 -1.266
1788.57 -1.267
1790.54 -1.268
1792.52 -1.269
1794.49 -1.27
1796.47 -1.271
1798.44 -1.272
1800.41 -1.273
1802.38 -1.274
1804.35 -1.275
1806.31 -1.276
1808.28 -1.277
1810.25 -1.278
1812.22 -1.279
1814.19 -1.28
1816.17 -1.281
1818.15 -1.282
1820.13 -1.283
1822.12 -1.284
1824.1 -1.285
1826.09 -1.286
1828.09 -1.287
1830.09 -1.288
1832.08 -1.289
1834.09 -1.29
1836.09 -1.291
1838.1 -1.292
1840.11 -1.293
1842.12 -1.294
1844.14 -1.295
1846.16 -1.296
1848.18 -1.297
1850.21 -1.298
1852.24 -1.299
1854.27 -1.3
