14.4948 -0.001
28.9656 -0.002
43.4123 -0.003
57.8346 -0.004
72.2321 -0.005
86.6047 -0.006
100.952 -0.007
115.274 -0.008
129.57 -0.009
143.84 -0.01
158.083 -0.011
172.3 -0.012
186.489 -0.013
200.651 -0.014
214.785 -0.015
228.892 -0.016
242.969 -0.017
257.018 -0.018
271.037 -0.019
285.027 -0.02
298.987 -0.021
312.916 -0.022
326.802 -0.023
340.119 -0.024
351.472 -0.025
361.806 -0.026
372.121 -0.027
382.418 -0.028
392.689 -0.029
402.923 -0.03
413.111 -0.031
423.158 -0.032
432.968 -0.033
442.411 -0.034
451.182 -0.035
459.605 -0.036
467.991 -0.037
476.341 -0.038
484.652 -0.039
492.923 -0.04
501.099 -0.041
508.695 -0.042
515.109 -0.043
519.947 -0.044
522.566 -0.045
524.428 -0.046
525.447 -0.047
526.138 -0.048
526.782 -0.049
527.393 -0.05
527.969 -0.051
528.527 -0.052
529.072 -0.053
529.61 -0.054
530.14 -0.055
530.662 -0.056
531.175 -0.057
531.679 -0.058
532.169 -0.059
532.645 -0.06
533.109 -0.061
533.561 -0.062
534.002 -0.063
534.425 -0.064
534.829 -0.065
535.219 -0.066
535.598 -0.067
535.965 -0.068
536.319 -0.069
536.657 -0.07
536.976 -0.071
537.284 -0.072
537.583 -0.073
537.869 -0.074
538.145 -0.075
538.405 -0.076
538.655 -0.077
538.893 -0.078
539.124 -0.079
539.348 -0.08
539.563 -0.081
539.772 -0.082
539.974 -0.083
540.172 -0.084
540.363 -0.085
540.551 -0.086
540.737 -0.087
540.921 -0.088
541.101 -0.089
541.279 -0.09
541.455 -0.091
541.629 -0.092
541.802 -0.093
541.974 -0.094
542.145 -0.095
542.315 -0.096
542.484 -0.097
542.653 -0.098
542.82 -0.099
542.987 -0.1
543.152 -0.101
543.317 -0.102
543.481 -0.103
543.644 -0.104
543.806 -0.105
543.968 -0.106
544.128 -0.107
544.288 -0.108
544.447 -0.109
544.606 -0.11
544.764 -0.111
544.92 -0.112
545.077 -0.113
545.232 -0.114
545.386 -0.115
545.54 -0.116
545.692 -0.117
545.844 -0.118
545.995 -0.119
546.145 -0.12
546.294 -0.121
546.443 -0.122
546.59 -0.123
546.737 -0.124
546.883 -0.125
547.028 -0.126
547.173 -0.127
547.316 -0.128
547.459 -0.129
547.601 -0.13
547.742 -0.131
547.882 -0.132
548.021 -0.133
548.16 -0.134
548.298 -0.135
548.435 -0.136
548.571 -0.137
548.706 -0.138
548.841 -0.139
548.974 -0.14
549.107 -0.141
549.239 -0.142
549.371 -0.143
549.502 -0.144
549.632 -0.145
549.761 -0.146
549.889 -0.147
550.017 -0.148
550.144 -0.149
550.271 -0.15
550.396 -0.151
550.521 -0.152
550.645 -0.153
550.769 -0.154
550.892 -0.155
551.014 -0.156
551.135 -0.157
551.257 -0.158
551.377 -0.159
551.497 -0.16
551.616 -0.161
551.735 -0.162
551.853 -0.163
551.971 -0.164
552.088 -0.165
552.205 -0.166
552.321 -0.167
552.437 -0.168
552.552 -0.169
552.667 -0.17
552.781 -0.171
552.895 -0.172
553.009 -0.173
553.121 -0.174
553.234 -0.175
553.346 -0.176
553.458 -0.177
553.569 -0.178
553.68 -0.179
553.791 -0.18
553.902 -0.181
554.012 -0.182
554.121 -0.183
554.231 -0.184
554.34 -0.185
554.449 -0.186
554.558 -0.187
554.666 -0.188
554.775 -0.189
554.882 -0.19
554.99 -0.191
555.098 -0.192
555.205 -0.193
555.312 -0.194
555.419 -0.195
555.526 -0.196
555.633 -0.197
555.739 -0.198
555.846 -0.199
555.952 -0.2
556.058 -0.201
556.164 -0.202
556.27 -0.203
556.376 -0.204
556.482 -0.205
556.588 -0.206
556.694 -0.207
556.799 -0.208
556.904 -0.209
557.01 -0.21
557.115 -0.211
557.22 -0.212
557.326 -0.213
557.431 -0.214
557.536 -0.215
557.641 -0.216
557.746 -0.217
557.851 -0.218
557.955 -0.219
558.06 -0.22
558.165 -0.221
558.269 -0.222
558.374 -0.223
558.479 -0.224
558.583 -0.225
558.688 -0.226
558.792 -0.227
558.896 -0.228
559.001 -0.229
559.105 -0.23
559.209 -0.231
559.313 -0.232
559.417 -0.233
559.522 -0.234
559.626 -0.235
559.73 -0.236
559.833 -0.237
559.937 -0.238
560.041 -0.239
560.145 -0.24
560.249 -0.241
560.352 -0.242
560.456 -0.243
560.56 -0.244
560.663 -0.245
560.767 -0.246
560.87 -0.247
560.973 -0.248
561.077 -0.249
561.18 -0.25
561.283 -0.251
561.386 -0.252
561.49 -0.253
561.593 -0.254
561.696 -0.255
561.799 -0.256
561.902 -0.257
562.005 -0.258
562.107 -0.259
562.21 -0.26
562.313 -0.261
562.416 -0.262
562.519 -0.263
562.621 -0.264
562.724 -0.265
562.827 -0.266
562.929 -0.267
563.032 -0.268
563.134 -0.269
563.237 -0.27
563.339 -0.271
563.442 -0.272
563.544 -0.273
563.646 -0.274
563.749 -0.275
563.851 -0.276
563.953 -0.277
564.055 -0.278
564.157 -0.279
564.259 -0.28
564.362 -0.281
564.464 -0.282
564.566 -0.283
564.668 -0.284
564.77 -0.285
564.872 -0.286
564.974 -0.287
565.076 -0.288
565.177 -0.289
565.279 -0.29
565.381 -0.291
565.483 -0.292
565.585 -0.293
565.686 -0.294
565.788 -0.295
565.89 -0.296
565.991 -0.297
566.093 -0.298
566.194 -0.299
566.295 -0.3
566.397 -0.301
566.498 -0.302
566.6 -0.303
566.701 -0.304
566.802 -0.305
566.903 -0.306
567.004 -0.307
567.106 -0.308
567.207 -0.309
567.308 -0.31
567.409 -0.311
567.51 -0.312
567.611 -0.313
567.712 -0.314
567.813 -0.315
567.914 -0.316
568.015 -0.317
568.116 -0.318
568.217 -0.319
568.318 -0.32
568.418 -0.321
568.519 -0.322
568.62 -0.323
568.721 -0.324
568.822 -0.325
568.922 -0.326
569.023 -0.327
569.124 -0.328
569.225 -0.329
569.325 -0.33
569.426 -0.331
569.527 -0.332
569.627 -0.333
569.728 -0.334
569.828 -0.335
569.929 -0.336
570.029 -0.337
570.13 -0.338
570.231 -0.339
570.331 -0.34
570.432 -0.341
570.532 -0.342
570.633 -0.343
570.733 -0.344
570.834 -0.345
570.934 -0.346
571.035 -0.347
571.135 -0.348
571.235 -0.349
571.336 -0.35
571.436 -0.351
571.537 -0.352
571.637 -0.353
571.737 -0.354
571.838 -0.355
571.938 -0.356
572.039 -0.357
572.139 -0.358
572.239 -0.359
572.34 -0.36
572.44 -0.361
572.54 -0.362
572.64 -0.363
572.74 -0.364
572.84 -0.365
572.94 -0.366
573.04 -0.367
573.14 -0.368
573.241 -0.369
573.341 -0.37
573.441 -0.371
573.541 -0.372
573.641 -0.373
573.741 -0.374
573.84 -0.375
573.94 -0.376
574.04 -0.377
574.14 -0.378
574.24 -0.379
574.34 -0.38
574.44 -0.381
574.54 -0.382
574.64 -0.383
574.74 -0.384
574.839 -0.385
574.939 -0.386
575.039 -0.387
575.139 -0.388
575.239 -0.389
575.339 -0.39
575.439 -0.391
575.539 -0.392
575.639 -0.393
575.739 -0.394
575.838 -0.395
575.938 -0.396
576.038 -0.397
576.138 -0.398
576.238 -0.399
576.338 -0.4
576.438 -0.401
576.538 -0.402
576.638 -0.403
576.738 -0.404
576.838 -0.405
576.938 -0.406
577.038 -0.407
577.138 -0.408
577.238 -0.409
577.339 -0.41
577.439 -0.411
577.539 -0.412
577.639 -0.413
577.739 -0.414
577.839 -0.415
577.939 -0.416
578.039 -0.417
578.139 -0.418
578.24 -0.419
578.34 -0.42
578.44 -0.421
578.54 -0.422
578.641 -0.423
578.741 -0.424
578.841 -0.425
578.941 -0.426
579.041 -0.427
579.142 -0.428
579.242 -0.429
579.342 -0.43
579.442 -0.431
579.542 -0.432
579.641 -0.433
579.741 -0.434
579.841 -0.435
579.94 -0.436
580.04 -0.437
580.139 -0.438
580.239 -0.439
580.339 -0.44
580.438 -0.441
580.538 -0.442
580.637 -0.443
580.737 -0.444
580.837 -0.445
580.936 -0.446
581.036 -0.447
581.136 -0.448
581.236 -0.449
581.335 -0.45
581.435 -0.451
581.535 -0.452
581.634 -0.453
581.734 -0.454
581.834 -0.455
581.934 -0.456
582.033 -0.457
582.133 -0.458
582.233 -0.459
582.333 -0.46
582.433 -0.461
582.533 -0.462
582.633 -0.463
582.733 -0.464
582.833 -0.465
582.933 -0.466
583.033 -0.467
583.133 -0.468
583.233 -0.469
583.333 -0.47
583.433 -0.471
583.533 -0.472
583.633 -0.473
583.733 -0.474
583.833 -0.475
583.932 -0.476
584.032 -0.477
584.131 -0.478
584.23 -0.479
584.329 -0.48
584.428 -0.481
584.527 -0.482
584.626 -0.483
584.725 -0.484
584.824 -0.485
584.923 -0.486
585.022 -0.487
585.121 -0.488
585.22 -0.489
585.319 -0.49
585.419 -0.491
585.518 -0.492
585.618 -0.493
585.718 -0.494
585.817 -0.495
585.913 -0.496
586.008 -0.497
586.099 -0.498
586.174 -0.499
586.243 -0.5
586.341 -0.501
586.38 -0.502
586.472 -0.503
586.548 -0.504
586.599 -0.505
586.645 -0.506
586.644 -0.507
586.659 -0.508
586.663 -0.509
586.684 -0.51
586.724 -0.511
586.789 -0.512
586.87 -0.513
586.949 -0.514
587.027 -0.515
587.103 -0.516
587.172 -0.517
587.263 -0.518
587.358 -0.519
587.485 -0.52
587.609 -0.521
587.732 -0.522
587.848 -0.523
587.961 -0.524
588.074 -0.525
588.178 -0.526
588.282 -0.527
588.381 -0.528
588.478 -0.529
588.575 -0.53
588.671 -0.531
588.768 -0.532
588.865 -0.533
588.963 -0.534
589.061 -0.535
589.159 -0.536
589.258 -0.537
589.358 -0.538
589.459 -0.539
589.559 -0.54
589.659 -0.541
589.759 -0.542
589.859 -0.543
589.959 -0.544
590.06 -0.545
590.16 -0.546
590.26 -0.547
590.36 -0.548
590.461 -0.549
590.561 -0.55
590.662 -0.551
590.761 -0.552
590.861 -0.553
590.961 -0.554
591.061 -0.555
591.161 -0.556
591.261 -0.557
591.361 -0.558
591.46 -0.559
591.56 -0.56
591.66 -0.561
591.76 -0.562
591.859 -0.563
591.959 -0.564
592.061 -0.565
592.163 -0.566
592.265 -0.567
592.366 -0.568
592.468 -0.569
592.571 -0.57
592.673 -0.571
592.776 -0.572
592.878 -0.573
592.98 -0.574
593.082 -0.575
593.184 -0.576
593.286 -0.577
593.388 -0.578
593.491 -0.579
593.594 -0.58
593.696 -0.581
593.799 -0.582
593.902 -0.583
594.004 -0.584
594.107 -0.585
594.21 -0.586
594.313 -0.587
594.416 -0.588
594.52 -0.589
594.623 -0.59
594.727 -0.591
594.83 -0.592
594.934 -0.593
595.037 -0.594
595.141 -0.595
595.245 -0.596
595.35 -0.597
595.455 -0.598
595.559 -0.599
595.664 -0.6
595.769 -0.601
595.874 -0.602
595.978 -0.603
596.083 -0.604
596.188 -0.605
596.293 -0.606
596.398 -0.607
596.503 -0.608
596.608 -0.609
596.713 -0.61
596.818 -0.611
596.923 -0.612
597.028 -0.613
597.133 -0.614
597.238 -0.615
597.342 -0.616
597.447 -0.617
597.552 -0.618
597.657 -0.619
597.762 -0.62
597.867 -0.621
597.972 -0.622
598.077 -0.623
598.182 -0.624
598.287 -0.625
598.392 -0.626
598.497 -0.627
598.602 -0.628
598.707 -0.629
598.813 -0.63
598.918 -0.631
599.023 -0.632
599.128 -0.633
599.233 -0.634
599.338 -0.635
599.444 -0.636
599.549 -0.637
599.654 -0.638
599.759 -0.639
599.864 -0.64
599.97 -0.641
600.075 -0.642
600.18 -0.643
600.286 -0.644
600.391 -0.645
600.497 -0.646
600.602 -0.647
600.708 -0.648
600.813 -0.649
600.919 -0.65
601.024 -0.651
601.13 -0.652
601.236 -0.653
601.341 -0.654
601.447 -0.655
601.552 -0.656
601.658 -0.657
601.764 -0.658
601.869 -0.659
601.975 -0.66
602.081 -0.661
602.186 -0.662
602.292 -0.663
602.398 -0.664
602.503 -0.665
602.609 -0.666
602.714 -0.667
602.82 -0.668
602.926 -0.669
603.032 -0.67
603.138 -0.671
603.244 -0.672
603.351 -0.673
603.457 -0.674
603.563 -0.675
603.669 -0.676
603.775 -0.677
603.882 -0.678
603.988 -0.679
604.095 -0.68
604.202 -0.681
604.308 -0.682
604.415 -0.683
604.522 -0.684
604.628 -0.685
604.735 -0.686
604.842 -0.687
604.948 -0.688
605.056 -0.689
605.163 -0.69
605.271 -0.691
605.379 -0.692
605.487 -0.693
605.595 -0.694
605.704 -0.695
605.812 -0.696
605.921 -0.697
606.03 -0.698
606.138 -0.699
606.247 -0.7
606.355 -0.701
606.464 -0.702
606.574 -0.703
606.683 -0.704
606.792 -0.705
606.901 -0.706
607.011 -0.707
607.12 -0.708
607.23 -0.709
607.339 -0.71
607.448 -0.711
607.558 -0.712
607.667 -0.713
607.777 -0.714
607.888 -0.715
607.998 -0.716
608.109 -0.717
608.22 -0.718
608.332 -0.719
608.444 -0.72
608.555 -0.721
608.667 -0.722
608.78 -0.723
608.892 -0.724
609.004 -0.725
609.117 -0.726
609.229 -0.727
609.342 -0.728
609.455 -0.729
609.569 -0.73
609.682 -0.731
609.796 -0.732
609.91 -0.733
610.024 -0.734
610.138 -0.735
610.252 -0.736
610.366 -0.737
610.481 -0.738
610.596 -0.739
610.71 -0.74
610.825 -0.741
610.94 -0.742
611.056 -0.743
611.171 -0.744
611.287 -0.745
611.403 -0.746
611.519 -0.747
611.635 -0.748
611.751 -0.749
611.868 -0.75
611.985 -0.751
612.102 -0.752
612.219 -0.753
612.336 -0.754
612.453 -0.755
612.571 -0.756
612.688 -0.757
612.806 -0.758
612.923 -0.759
613.041 -0.76
613.159 -0.761
613.277 -0.762
613.395 -0.763
613.514 -0.764
613.632 -0.765
613.75 -0.766
613.869 -0.767
613.987 -0.768
614.106 -0.769
614.225 -0.77
614.344 -0.771
614.463 -0.772
614.582 -0.773
614.701 -0.774
614.82 -0.775
614.939 -0.776
615.058 -0.777
615.177 -0.778
615.296 -0.779
615.415 -0.78
615.535 -0.781
615.654 -0.782
615.773 -0.783
615.893 -0.784
616.012 -0.785
616.132 -0.786
616.251 -0.787
616.371 -0.788
616.491 -0.789
616.611 -0.79
616.731 -0.791
616.851 -0.792
616.971 -0.793
617.091 -0.794
617.211 -0.795
617.332 -0.796
617.452 -0.797
617.573 -0.798
617.693 -0.799
617.814 -0.8
