11.2577 -0.001
22.5026 -0.002
33.7344 -0.003
44.9531 -0.004
56.1587 -0.005
67.351 -0.006
78.53 -0.007
89.6955 -0.008
100.847 -0.009
111.986 -0.01
123.11 -0.011
134.221 -0.012
145.318 -0.013
156.4 -0.014
167.469 -0.015
178.523 -0.016
189.563 -0.017
200.588 -0.018
211.598 -0.019
222.594 -0.02
233.575 -0.021
244.541 -0.022
255.491 -0.023
266.427 -0.024
277.346 -0.025
288.251 -0.026
299.139 -0.027
309.821 -0.028
319.625 -0.029
327.598 -0.03
334.972 -0.031
342.316 -0.032
349.629 -0.033
356.901 -0.034
364.144 -0.035
371.35 -0.036
378.524 -0.037
385.67 -0.038
392.723 -0.039
399.318 -0.04
404.927 -0.041
409.155 -0.042
413.119 -0.043
416.934 -0.044
420.538 -0.045
423.863 -0.046
426.835 -0.047
429.269 -0.048
431.536 -0.049
433.786 -0.05
436.012 -0.051
438.225 -0.052
440.429 -0.053
442.637 -0.054
444.832 -0.055
447.013 -0.056
449.177 -0.057
451.33 -0.058
453.471 -0.059
455.588 -0.06
457.638 -0.061
459.598 -0.062
461.42 -0.063
463.138 -0.064
464.598 -0.065
465.95 -0.066
466.923 -0.067
467.496 -0.068
468.062 -0.069
468.624 -0.07
469.175 -0.071
469.717 -0.072
470.242 -0.073
470.748 -0.074
471.246 -0.075
471.731 -0.076
472.191 -0.077
472.634 -0.078
473.069 -0.079
473.485 -0.08
473.878 -0.081
474.252 -0.082
474.613 -0.083
474.963 -0.084
475.309 -0.085
475.652 -0.086
475.987 -0.087
476.317 -0.088
476.644 -0.089
476.968 -0.09
477.286 -0.091
477.6 -0.092
477.911 -0.093
478.216 -0.094
478.518 -0.095
478.817 -0.096
479.113 -0.097
479.406 -0.098
479.696 -0.099
479.983 -0.1
480.267 -0.101
480.548 -0.102
480.824 -0.103
481.097 -0.104
481.366 -0.105
481.632 -0.106
481.894 -0.107
482.151 -0.108
482.405 -0.109
482.654 -0.11
482.9 -0.111
483.142 -0.112
483.383 -0.113
483.623 -0.114
483.859 -0.115
484.091 -0.116
484.32 -0.117
484.544 -0.118
484.765 -0.119
484.982 -0.12
485.196 -0.121
485.407 -0.122
485.617 -0.123
485.824 -0.124
486.028 -0.125
486.229 -0.126
486.427 -0.127
486.623 -0.128
486.815 -0.129
487.005 -0.13
487.191 -0.131
487.372 -0.132
487.55 -0.133
487.727 -0.134
487.902 -0.135
488.075 -0.136
488.247 -0.137
488.417 -0.138
488.586 -0.139
488.752 -0.14
488.919 -0.141
489.084 -0.142
489.248 -0.143
489.412 -0.144
489.575 -0.145
489.737 -0.146
489.898 -0.147
490.058 -0.148
490.218 -0.149
490.376 -0.15
490.533 -0.151
490.69 -0.152
490.845 -0.153
491 -0.154
491.155 -0.155
491.308 -0.156
491.461 -0.157
491.614 -0.158
491.765 -0.159
491.916 -0.16
492.067 -0.161
492.216 -0.162
492.365 -0.163
492.513 -0.164
492.661 -0.165
492.808 -0.166
492.954 -0.167
493.1 -0.168
493.245 -0.169
493.389 -0.17
493.532 -0.171
493.675 -0.172
493.816 -0.173
493.956 -0.174
494.096 -0.175
494.235 -0.176
494.373 -0.177
494.51 -0.178
494.647 -0.179
494.783 -0.18
494.918 -0.181
495.053 -0.182
495.188 -0.183
495.321 -0.184
495.454 -0.185
495.587 -0.186
495.719 -0.187
495.85 -0.188
495.981 -0.189
496.111 -0.19
496.241 -0.191
496.37 -0.192
496.498 -0.193
496.625 -0.194
496.751 -0.195
496.877 -0.196
497.002 -0.197
497.127 -0.198
497.251 -0.199
497.374 -0.2
497.496 -0.201
497.618 -0.202
497.738 -0.203
497.858 -0.204
497.977 -0.205
498.096 -0.206
498.214 -0.207
498.332 -0.208
498.449 -0.209
498.566 -0.21
498.682 -0.211
498.797 -0.212
498.912 -0.213
499.026 -0.214
499.139 -0.215
499.253 -0.216
499.365 -0.217
499.476 -0.218
499.587 -0.219
499.698 -0.22
499.808 -0.221
499.917 -0.222
500.025 -0.223
500.132 -0.224
500.239 -0.225
500.345 -0.226
500.451 -0.227
500.557 -0.228
500.662 -0.229
500.766 -0.23
500.869 -0.231
500.972 -0.232
501.074 -0.233
501.176 -0.234
501.277 -0.235
501.378 -0.236
501.478 -0.237
501.578 -0.238
501.677 -0.239
501.774 -0.24
501.872 -0.241
501.969 -0.242
502.066 -0.243
502.162 -0.244
502.258 -0.245
502.353 -0.246
502.447 -0.247
502.54 -0.248
502.632 -0.249
502.724 -0.25
502.816 -0.251
502.907 -0.252
502.998 -0.253
503.089 -0.254
503.179 -0.255
503.269 -0.256
503.358 -0.257
503.447 -0.258
503.536 -0.259
503.624 -0.26
503.712 -0.261
503.8 -0.262
503.887 -0.263
503.974 -0.264
504.06 -0.265
504.147 -0.266
504.232 -0.267
504.317 -0.268
504.401 -0.269
504.485 -0.27
504.568 -0.271
504.651 -0.272
504.733 -0.273
504.816 -0.274
504.897 -0.275
504.978 -0.276
505.058 -0.277
505.138 -0.278
505.218 -0.279
505.297 -0.28
505.376 -0.281
505.454 -0.282
505.532 -0.283
505.61 -0.284
505.686 -0.285
505.762 -0.286
505.838 -0.287
505.914 -0.288
505.989 -0.289
506.064 -0.29
506.138 -0.291
506.213 -0.292
506.286 -0.293
506.359 -0.294
506.431 -0.295
506.503 -0.296
506.575 -0.297
506.646 -0.298
506.717 -0.299
506.788 -0.3
506.858 -0.301
506.928 -0.302
506.998 -0.303
507.068 -0.304
507.137 -0.305
507.206 -0.306
507.275 -0.307
507.343 -0.308
507.411 -0.309
507.479 -0.31
507.547 -0.311
507.614 -0.312
507.681 -0.313
507.747 -0.314
507.813 -0.315
507.879 -0.316
507.945 -0.317
508.01 -0.318
508.075 -0.319
508.14 -0.32
508.205 -0.321
508.269 -0.322
508.333 -0.323
508.396 -0.324
508.46 -0.325
508.523 -0.326
508.586 -0.327
508.649 -0.328
508.711 -0.329
508.773 -0.33
508.835 -0.331
508.896 -0.332
508.958 -0.333
509.019 -0.334
509.08 -0.335
509.14 -0.336
509.2 -0.337
509.26 -0.338
509.32 -0.339
509.379 -0.34
509.438 -0.341
509.497 -0.342
509.555 -0.343
509.613 -0.344
509.671 -0.345
509.729 -0.346
509.786 -0.347
509.843 -0.348
509.899 -0.349
509.956 -0.35
510.012 -0.351
510.068 -0.352
510.123 -0.353
510.179 -0.354
510.234 -0.355
510.289 -0.356
510.344 -0.357
510.398 -0.358
510.452 -0.359
510.506 -0.36
510.559 -0.361
510.612 -0.362
510.664 -0.363
510.717 -0.364
510.769 -0.365
510.821 -0.366
510.873 -0.367
510.924 -0.368
510.975 -0.369
511.026 -0.37
511.076 -0.371
511.127 -0.372
511.177 -0.373
511.227 -0.374
511.276 -0.375
511.326 -0.376
511.375 -0.377
511.425 -0.378
511.474 -0.379
511.523 -0.38
511.571 -0.381
511.62 -0.382
511.668 -0.383
511.716 -0.384
511.765 -0.385
511.812 -0.386
511.86 -0.387
511.908 -0.388
511.955 -0.389
512.003 -0.39
512.05 -0.391
512.097 -0.392
512.143 -0.393
512.19 -0.394
512.236 -0.395
512.282 -0.396
512.328 -0.397
512.374 -0.398
512.42 -0.399
512.465 -0.4
512.51 -0.401
512.556 -0.402
512.6 -0.403
512.645 -0.404
512.69 -0.405
512.734 -0.406
512.779 -0.407
512.823 -0.408
512.867 -0.409
512.911 -0.41
512.955 -0.411
512.998 -0.412
513.042 -0.413
513.085 -0.414
513.128 -0.415
513.171 -0.416
513.215 -0.417
513.257 -0.418
513.3 -0.419
513.343 -0.42
513.385 -0.421
513.428 -0.422
513.47 -0.423
513.512 -0.424
513.554 -0.425
513.596 -0.426
513.637 -0.427
513.679 -0.428
513.72 -0.429
513.761 -0.43
513.802 -0.431
513.843 -0.432
513.884 -0.433
513.924 -0.434
513.965 -0.435
514.005 -0.436
514.045 -0.437
514.085 -0.438
514.125 -0.439
514.165 -0.44
514.204 -0.441
514.244 -0.442
514.283 -0.443
514.322 -0.444
514.361 -0.445
514.399 -0.446
514.437 -0.447
514.475 -0.448
514.513 -0.449
514.551 -0.45
514.589 -0.451
514.627 -0.452
514.664 -0.453
514.702 -0.454
514.739 -0.455
514.777 -0.456
514.814 -0.457
514.851 -0.458
514.888 -0.459
514.924 -0.46
514.961 -0.461
514.998 -0.462
515.034 -0.463
515.07 -0.464
515.107 -0.465
515.143 -0.466
515.179 -0.467
515.214 -0.468
515.25 -0.469
515.284 -0.47
515.319 -0.471
515.353 -0.472
515.387 -0.473
515.421 -0.474
515.454 -0.475
515.488 -0.476
515.52 -0.477
515.552 -0.478
515.584 -0.479
515.615 -0.48
515.645 -0.481
515.673 -0.482
515.699 -0.483
515.718 -0.484
515.729 -0.485
515.726 -0.486
515.709 -0.487
515.675 -0.488
515.626 -0.489
515.56 -0.49
515.476 -0.491
515.396 -0.492
515.32 -0.493
515.257 -0.494
515.223 -0.495
515.192 -0.496
515.166 -0.497
515.148 -0.498
515.14 -0.499
515.14 -0.5
515.146 -0.501
515.149 -0.502
515.148 -0.503
515.15 -0.504
515.162 -0.505
515.181 -0.506
515.208 -0.507
515.233 -0.508
515.256 -0.509
515.277 -0.51
515.314 -0.511
515.349 -0.512
515.396 -0.513
515.437 -0.514
515.476 -0.515
515.511 -0.516
515.557 -0.517
515.611 -0.518
515.674 -0.519
515.736 -0.52
515.794 -0.521
515.845 -0.522
515.894 -0.523
515.937 -0.524
515.972 -0.525
516.007 -0.526
516.036 -0.527
516.064 -0.528
516.092 -0.529
516.122 -0.53
516.152 -0.531
516.182 -0.532
516.213 -0.533
516.243 -0.534
516.273 -0.535
516.304 -0.536
516.334 -0.537
516.365 -0.538
516.397 -0.539
516.429 -0.54
516.461 -0.541
516.493 -0.542
516.525 -0.543
516.557 -0.544
516.59 -0.545
516.623 -0.546
516.655 -0.547
516.688 -0.548
516.72 -0.549
516.753 -0.55
516.786 -0.551
516.819 -0.552
516.853 -0.553
516.886 -0.554
516.92 -0.555
516.953 -0.556
516.987 -0.557
517.02 -0.558
517.054 -0.559
517.088 -0.56
517.122 -0.561
517.156 -0.562
517.189 -0.563
517.223 -0.564
517.257 -0.565
517.291 -0.566
517.325 -0.567
517.359 -0.568
517.393 -0.569
517.428 -0.57
517.462 -0.571
517.497 -0.572
517.532 -0.573
517.566 -0.574
517.601 -0.575
517.637 -0.576
517.673 -0.577
517.709 -0.578
517.745 -0.579
517.782 -0.58
517.818 -0.581
517.855 -0.582
517.891 -0.583
517.928 -0.584
517.965 -0.585
518.001 -0.586
518.038 -0.587
518.075 -0.588
518.112 -0.589
518.149 -0.59
518.186 -0.591
518.223 -0.592
518.26 -0.593
518.297 -0.594
518.335 -0.595
518.373 -0.596
518.41 -0.597
518.448 -0.598
518.486 -0.599
518.524 -0.6
518.562 -0.601
518.6 -0.602
518.639 -0.603
518.678 -0.604
518.717 -0.605
518.756 -0.606
518.795 -0.607
518.836 -0.608
518.876 -0.609
518.917 -0.61
518.959 -0.611
519.001 -0.612
519.043 -0.613
519.086 -0.614
519.128 -0.615
519.17 -0.616
519.213 -0.617
519.255 -0.618
519.299 -0.619
519.343 -0.62
519.386 -0.621
519.43 -0.622
519.474 -0.623
519.518 -0.624
519.563 -0.625
519.607 -0.626
519.653 -0.627
519.698 -0.628
519.743 -0.629
519.789 -0.63
519.834 -0.631
519.88 -0.632
519.926 -0.633
519.973 -0.634
520.02 -0.635
520.067 -0.636
520.115 -0.637
520.162 -0.638
520.211 -0.639
520.26 -0.64
520.309 -0.641
520.358 -0.642
520.408 -0.643
520.457 -0.644
520.507 -0.645
520.557 -0.646
520.607 -0.647
520.658 -0.648
520.708 -0.649
520.759 -0.65
520.81 -0.651
520.861 -0.652
520.913 -0.653
520.964 -0.654
521.016 -0.655
521.068 -0.656
521.12 -0.657
521.172 -0.658
521.225 -0.659
521.278 -0.66
521.331 -0.661
521.384 -0.662
521.437 -0.663
521.491 -0.664
521.545 -0.665
521.599 -0.666
521.653 -0.667
521.707 -0.668
521.761 -0.669
521.816 -0.67
521.871 -0.671
521.926 -0.672
521.982 -0.673
522.039 -0.674
522.095 -0.675
522.152 -0.676
522.209 -0.677
522.266 -0.678
522.324 -0.679
522.382 -0.68
522.44 -0.681
522.498 -0.682
522.557 -0.683
522.615 -0.684
522.674 -0.685
522.733 -0.686
522.793 -0.687
522.853 -0.688
522.913 -0.689
522.973 -0.69
523.033 -0.691
523.094 -0.692
523.155 -0.693
523.216 -0.694
523.277 -0.695
523.339 -0.696
523.401 -0.697
523.463 -0.698
523.526 -0.699
523.588 -0.7
523.651 -0.701
523.714 -0.702
523.778 -0.703
523.841 -0.704
523.905 -0.705
523.969 -0.706
524.034 -0.707
524.098 -0.708
524.163 -0.709
524.229 -0.71
524.294 -0.711
524.36 -0.712
524.426 -0.713
524.492 -0.714
524.558 -0.715
524.625 -0.716
524.692 -0.717
524.76 -0.718
524.827 -0.719
524.895 -0.72
524.963 -0.721
525.032 -0.722
525.101 -0.723
525.17 -0.724
525.239 -0.725
525.308 -0.726
525.378 -0.727
525.448 -0.728
525.519 -0.729
525.589 -0.73
525.66 -0.731
525.731 -0.732
525.803 -0.733
525.875 -0.734
525.947 -0.735
526.019 -0.736
526.091 -0.737
526.164 -0.738
526.237 -0.739
526.31 -0.74
526.384 -0.741
526.458 -0.742
526.532 -0.743
526.606 -0.744
526.681 -0.745
526.756 -0.746
526.831 -0.747
526.907 -0.748
526.982 -0.749
527.058 -0.75
527.135 -0.751
527.212 -0.752
527.288 -0.753
527.366 -0.754
527.443 -0.755
527.521 -0.756
527.599 -0.757
527.677 -0.758
527.756 -0.759
527.835 -0.76
527.914 -0.761
527.993 -0.762
528.073 -0.763
528.153 -0.764
528.233 -0.765
528.313 -0.766
528.394 -0.767
528.474 -0.768
528.555 -0.769
528.636 -0.77
528.718 -0.771
528.799 -0.772
528.881 -0.773
528.962 -0.774
529.044 -0.775
529.127 -0.776
529.209 -0.777
529.292 -0.778
529.374 -0.779
529.456 -0.78
529.539 -0.781
529.621 -0.782
529.704 -0.783
529.785 -0.784
529.866 -0.785
529.946 -0.786
530.026 -0.787
530.102 -0.788
530.174 -0.789
530.241 -0.79
530.303 -0.791
530.356 -0.792
530.404 -0.793
530.444 -0.794
530.479 -0.795
530.509 -0.796
530.534 -0.797
530.557 -0.798
530.576 -0.799
530.595 -0.8
530.613 -0.801
530.63 -0.802
530.646 -0.803
530.66 -0.804
530.673 -0.805
530.685 -0.806
530.696 -0.807
530.705 -0.808
530.712 -0.809
530.717 -0.81
530.721 -0.811
530.723 -0.812
530.722 -0.813
530.719 -0.814
530.713 -0.815
530.708 -0.816
530.703 -0.817
530.703 -0.818
530.704 -0.819
530.712 -0.82
530.723 -0.821
530.74 -0.822
530.764 -0.823
530.818 -0.824
530.887 -0.825
530.99 -0.826
531.107 -0.827
531.238 -0.828
531.379 -0.829
531.53 -0.83
531.69 -0.831
531.856 -0.832
532.031 -0.833
532.21 -0.834
532.389 -0.835
532.552 -0.836
532.697 -0.837
532.841 -0.838
532.99 -0.839
533.139 -0.84
533.288 -0.841
533.438 -0.842
533.589 -0.843
533.741 -0.844
533.896 -0.845
534.052 -0.846
534.209 -0.847
534.365 -0.848
534.522 -0.849
534.678 -0.85
534.835 -0.851
534.993 -0.852
535.151 -0.853
535.308 -0.854
535.466 -0.855
535.624 -0.856
535.782 -0.857
535.94 -0.858
536.098 -0.859
536.257 -0.86
536.415 -0.861
536.573 -0.862
536.731 -0.863
536.89 -0.864
537.048 -0.865
537.204 -0.866
537.347 -0.867
537.475 -0.868
537.6 -0.869
537.725 -0.87
537.85 -0.871
537.976 -0.872
538.103 -0.873
538.23 -0.874
538.357 -0.875
538.485 -0.876
538.613 -0.877
538.742 -0.878
538.871 -0.879
539.001 -0.88
539.131 -0.881
539.262 -0.882
539.393 -0.883
539.525 -0.884
539.657 -0.885
539.789 -0.886
539.922 -0.887
540.056 -0.888
540.19 -0.889
540.325 -0.89
540.46 -0.891
540.595 -0.892
540.731 -0.893
540.868 -0.894
541.005 -0.895
541.142 -0.896
541.28 -0.897
541.419 -0.898
541.558 -0.899
541.697 -0.9
541.837 -0.901
541.978 -0.902
542.118 -0.903
542.26 -0.904
542.402 -0.905
542.544 -0.906
542.687 -0.907
542.831 -0.908
542.975 -0.909
543.119 -0.91
543.264 -0.911
543.41 -0.912
543.556 -0.913
543.702 -0.914
543.849 -0.915
543.997 -0.916
544.145 -0.917
544.294 -0.918
544.443 -0.919
544.592 -0.92
544.742 -0.921
544.893 -0.922
545.044 -0.923
545.195 -0.924
545.347 -0.925
545.5 -0.926
545.653 -0.927
545.806 -0.928
545.96 -0.929
546.115 -0.93
546.27 -0.931
546.426 -0.932
546.582 -0.933
546.739 -0.934
546.896 -0.935
547.054 -0.936
547.212 -0.937
547.371 -0.938
547.53 -0.939
547.69 -0.94
547.85 -0.941
548.011 -0.942
548.172 -0.943
548.334 -0.944
548.496 -0.945
548.659 -0.946
548.822 -0.947
548.986 -0.948
549.15 -0.949
549.315 -0.95
549.48 -0.951
549.646 -0.952
549.812 -0.953
549.979 -0.954
550.146 -0.955
550.314 -0.956
550.482 -0.957
550.651 -0.958
550.82 -0.959
550.99 -0.96
551.16 -0.961
551.331 -0.962
551.502 -0.963
551.673 -0.964
551.845 -0.965
552.018 -0.966
552.19 -0.967
552.363 -0.968
552.536 -0.969
552.709 -0.97
552.882 -0.971
553.055 -0.972
553.227 -0.973
553.397 -0.974
553.564 -0.975
553.727 -0.976
553.885 -0.977
554.034 -0.978
554.192 -0.979
554.367 -0.98
554.553 -0.981
554.75 -0.982
554.942 -0.983
555.121 -0.984
555.292 -0.985
555.458 -0.986
555.615 -0.987
555.767 -0.988
555.947 -0.989
556.148 -0.99
556.356 -0.991
556.566 -0.992
556.764 -0.993
556.955 -0.994
557.147 -0.995
557.339 -0.996
557.531 -0.997
557.724 -0.998
557.918 -0.999
558.113 -1
