6.56055 -0.001
13.1117 -0.002
19.6534 -0.003
26.1855 -0.004
32.7079 -0.005
39.2205 -0.006
45.7232 -0.007
52.2159 -0.008
58.6986 -0.009
65.171 -0.01
71.633 -0.011
78.0846 -0.012
84.5256 -0.013
90.9559 -0.014
97.3754 -0.015
103.784 -0.016
110.181 -0.017
116.567 -0.018
122.942 -0.019
129.305 -0.02
135.657 -0.021
141.997 -0.022
148.324 -0.023
154.64 -0.024
160.943 -0.025
167.233 -0.026
173.511 -0.027
179.776 -0.028
186.028 -0.029
192.267 -0.03
198.491 -0.031
204.703 -0.032
210.9 -0.033
217.083 -0.034
223.252 -0.035
229.405 -0.036
235.544 -0.037
241.668 -0.038
247.776 -0.039
253.813 -0.04
259.581 -0.041
264.91 -0.042
269.482 -0.043
273.655 -0.044
277.807 -0.045
281.937 -0.046
286.044 -0.047
290.081 -0.048
293.906 -0.049
297.42 -0.05
300.487 -0.051
302.863 -0.052
305.109 -0.053
307.335 -0.054
309.545 -0.055
311.742 -0.056
313.923 -0.057
316.091 -0.058
318.255 -0.059
320.407 -0.06
322.529 -0.061
324.616 -0.062
326.641 -0.063
328.585 -0.064
330.496 -0.065
332.313 -0.066
333.999 -0.067
335.665 -0.068
337.297 -0.069
338.774 -0.07
340.191 -0.071
341.462 -0.072
342.635 -0.073
343.801 -0.074
344.959 -0.075
346.104 -0.076
347.235 -0.077
348.325 -0.078
349.368 -0.079
350.364 -0.08
351.326 -0.081
352.229 -0.082
353.06 -0.083
353.807 -0.084
354.534 -0.085
355.243 -0.086
355.889 -0.087
356.435 -0.088
356.928 -0.089
357.374 -0.09
357.704 -0.091
357.975 -0.092
358.238 -0.093
358.493 -0.094
358.74 -0.095
358.982 -0.096
359.217 -0.097
359.445 -0.098
359.668 -0.099
359.886 -0.1
360.097 -0.101
360.302 -0.102
360.505 -0.103
360.706 -0.104
360.904 -0.105
361.098 -0.106
361.289 -0.107
361.478 -0.108
361.666 -0.109
361.851 -0.11
362.035 -0.111
362.217 -0.112
362.398 -0.113
362.578 -0.114
362.751 -0.115
362.921 -0.116
363.089 -0.117
363.253 -0.118
363.413 -0.119
363.569 -0.12
363.724 -0.121
363.875 -0.122
364.021 -0.123
364.162 -0.124
364.302 -0.125
364.437 -0.126
364.564 -0.127
364.69 -0.128
364.813 -0.129
364.931 -0.13
365.046 -0.131
365.161 -0.132
365.273 -0.133
365.383 -0.134
365.49 -0.135
365.594 -0.136
365.696 -0.137
365.794 -0.138
365.892 -0.139
365.988 -0.14
366.081 -0.141
366.171 -0.142
366.26 -0.143
366.349 -0.144
366.438 -0.145
366.523 -0.146
366.608 -0.147
366.689 -0.148
366.77 -0.149
366.849 -0.15
366.927 -0.151
367.004 -0.152
367.081 -0.153
367.158 -0.154
367.234 -0.155
367.311 -0.156
367.384 -0.157
367.457 -0.158
367.53 -0.159
367.602 -0.16
367.674 -0.161
367.745 -0.162
367.816 -0.163
367.886 -0.164
367.954 -0.165
368.021 -0.166
368.087 -0.167
368.153 -0.168
368.218 -0.169
368.284 -0.17
368.349 -0.171
368.414 -0.172
368.476 -0.173
368.539 -0.174
368.601 -0.175
368.663 -0.176
368.725 -0.177
368.787 -0.178
368.848 -0.179
368.908 -0.18
368.966 -0.181
369.024 -0.182
369.081 -0.183
369.139 -0.184
369.196 -0.185
369.253 -0.186
369.31 -0.187
369.365 -0.188
369.418 -0.189
369.471 -0.19
369.524 -0.191
369.577 -0.192
369.63 -0.193
369.682 -0.194
369.735 -0.195
369.786 -0.196
369.838 -0.197
369.89 -0.198
369.941 -0.199
369.993 -0.2
370.043 -0.201
370.093 -0.202
370.143 -0.203
370.193 -0.204
370.243 -0.205
370.292 -0.206
370.342 -0.207
370.39 -0.208
370.438 -0.209
370.486 -0.21
370.534 -0.211
370.582 -0.212
370.629 -0.213
370.677 -0.214
370.724 -0.215
370.771 -0.216
370.817 -0.217
370.864 -0.218
370.91 -0.219
370.956 -0.22
371.003 -0.221
371.049 -0.222
371.095 -0.223
371.141 -0.224
371.186 -0.225
371.231 -0.226
371.276 -0.227
371.321 -0.228
371.365 -0.229
371.41 -0.23
371.455 -0.231
371.499 -0.232
371.544 -0.233
371.588 -0.234
371.633 -0.235
371.677 -0.236
371.721 -0.237
371.765 -0.238
371.809 -0.239
371.853 -0.24
371.896 -0.241
371.94 -0.242
371.984 -0.243
372.027 -0.244
372.07 -0.245
372.114 -0.246
372.157 -0.247
372.2 -0.248
372.243 -0.249
372.286 -0.25
372.329 -0.251
372.372 -0.252
372.414 -0.253
372.457 -0.254
372.499 -0.255
372.541 -0.256
372.583 -0.257
372.625 -0.258
372.667 -0.259
372.708 -0.26
372.749 -0.261
372.789 -0.262
372.83 -0.263
372.87 -0.264
372.91 -0.265
372.95 -0.266
372.989 -0.267
373.027 -0.268
373.066 -0.269
373.104 -0.27
373.142 -0.271
373.179 -0.272
373.217 -0.273
373.254 -0.274
373.29 -0.275
373.325 -0.276
373.361 -0.277
373.397 -0.278
373.432 -0.279
373.467 -0.28
373.502 -0.281
373.537 -0.282
373.571 -0.283
373.605 -0.284
373.639 -0.285
373.672 -0.286
373.706 -0.287
373.739 -0.288
373.772 -0.289
373.805 -0.29
373.838 -0.291
373.87 -0.292
373.903 -0.293
373.936 -0.294
373.968 -0.295
374 -0.296
374.033 -0.297
374.066 -0.298
374.098 -0.299
374.13 -0.3
374.162 -0.301
374.194 -0.302
374.226 -0.303
374.258 -0.304
374.29 -0.305
374.322 -0.306
374.354 -0.307
374.386 -0.308
374.419 -0.309
374.451 -0.31
374.483 -0.311
374.515 -0.312
374.547 -0.313
374.579 -0.314
374.61 -0.315
374.642 -0.316
374.674 -0.317
374.706 -0.318
374.739 -0.319
374.771 -0.32
374.803 -0.321
374.836 -0.322
374.868 -0.323
374.9 -0.324
374.932 -0.325
374.964 -0.326
374.996 -0.327
375.027 -0.328
375.059 -0.329
375.09 -0.33
375.121 -0.331
375.152 -0.332
375.184 -0.333
375.215 -0.334
375.247 -0.335
375.279 -0.336
375.31 -0.337
375.342 -0.338
375.374 -0.339
375.405 -0.34
375.437 -0.341
375.468 -0.342
375.499 -0.343
375.53 -0.344
375.562 -0.345
375.593 -0.346
375.624 -0.347
375.655 -0.348
375.686 -0.349
375.718 -0.35
375.75 -0.351
375.782 -0.352
375.813 -0.353
375.844 -0.354
375.876 -0.355
375.907 -0.356
375.938 -0.357
375.97 -0.358
376.001 -0.359
376.032 -0.36
376.063 -0.361
376.094 -0.362
376.126 -0.363
376.157 -0.364
376.188 -0.365
376.219 -0.366
376.25 -0.367
376.281 -0.368
376.311 -0.369
376.342 -0.37
376.373 -0.371
376.403 -0.372
376.433 -0.373
376.464 -0.374
376.494 -0.375
376.523 -0.376
376.553 -0.377
376.582 -0.378
376.611 -0.379
376.641 -0.38
376.671 -0.381
376.702 -0.382
376.732 -0.383
376.762 -0.384
376.792 -0.385
376.822 -0.386
376.852 -0.387
376.881 -0.388
376.91 -0.389
376.939 -0.39
376.968 -0.391
376.996 -0.392
377.025 -0.393
377.053 -0.394
377.081 -0.395
377.109 -0.396
377.138 -0.397
377.166 -0.398
377.196 -0.399
377.224 -0.4
377.253 -0.401
377.281 -0.402
377.31 -0.403
377.338 -0.404
377.366 -0.405
377.394 -0.406
377.423 -0.407
377.451 -0.408
377.479 -0.409
377.507 -0.41
377.535 -0.411
377.563 -0.412
377.592 -0.413
377.62 -0.414
377.65 -0.415
377.679 -0.416
377.708 -0.417
377.737 -0.418
377.767 -0.419
377.796 -0.42
377.825 -0.421
377.854 -0.422
377.883 -0.423
377.912 -0.424
377.941 -0.425
377.969 -0.426
377.998 -0.427
378.027 -0.428
378.057 -0.429
378.087 -0.43
378.116 -0.431
378.146 -0.432
378.176 -0.433
378.206 -0.434
378.235 -0.435
378.265 -0.436
378.294 -0.437
378.324 -0.438
378.353 -0.439
378.382 -0.44
378.41 -0.441
378.439 -0.442
378.469 -0.443
378.498 -0.444
378.528 -0.445
378.557 -0.446
378.587 -0.447
378.616 -0.448
378.646 -0.449
378.675 -0.45
378.704 -0.451
378.733 -0.452
378.762 -0.453
378.791 -0.454
378.819 -0.455
378.847 -0.456
378.876 -0.457
378.904 -0.458
378.932 -0.459
378.96 -0.46
378.988 -0.461
379.016 -0.462
379.043 -0.463
379.07 -0.464
379.096 -0.465
379.122 -0.466
379.146 -0.467
379.168 -0.468
379.188 -0.469
379.203 -0.47
379.215 -0.471
379.221 -0.472
379.221 -0.473
379.214 -0.474
379.2 -0.475
379.181 -0.476
379.177 -0.477
379.165 -0.478
379.156 -0.479
379.146 -0.48
379.155 -0.481
379.168 -0.482
379.188 -0.483
379.211 -0.484
379.24 -0.485
379.276 -0.486
379.315 -0.487
379.357 -0.488
379.402 -0.489
379.446 -0.49
379.489 -0.491
379.532 -0.492
379.573 -0.493
379.61 -0.494
379.646 -0.495
379.676 -0.496
379.705 -0.497
379.735 -0.498
379.764 -0.499
379.794 -0.5
379.823 -0.501
379.852 -0.502
379.881 -0.503
379.91 -0.504
379.94 -0.505
379.968 -0.506
379.997 -0.507
380.025 -0.508
380.053 -0.509
380.081 -0.51
380.109 -0.511
380.137 -0.512
380.164 -0.513
380.192 -0.514
380.219 -0.515
380.245 -0.516
380.272 -0.517
380.297 -0.518
380.323 -0.519
380.347 -0.52
380.371 -0.521
380.393 -0.522
380.414 -0.523
380.431 -0.524
380.444 -0.525
380.452 -0.526
380.455 -0.527
380.453 -0.528
380.446 -0.529
380.432 -0.53
380.412 -0.531
380.388 -0.532
380.359 -0.533
380.328 -0.534
380.293 -0.535
380.257 -0.536
380.222 -0.537
380.191 -0.538
380.168 -0.539
380.151 -0.54
380.139 -0.541
380.131 -0.542
380.128 -0.543
380.128 -0.544
380.13 -0.545
380.131 -0.546
380.133 -0.547
380.134 -0.548
380.135 -0.549
380.136 -0.55
380.136 -0.551
380.136 -0.552
380.136 -0.553
380.137 -0.554
380.137 -0.555
380.136 -0.556
380.136 -0.557
380.136 -0.558
380.136 -0.559
380.136 -0.56
380.136 -0.561
380.138 -0.562
380.145 -0.563
380.156 -0.564
380.167 -0.565
380.182 -0.566
380.2 -0.567
380.218 -0.568
380.237 -0.569
380.26 -0.57
380.285 -0.571
380.311 -0.572
380.339 -0.573
380.371 -0.574
380.405 -0.575
380.44 -0.576
380.475 -0.577
380.513 -0.578
380.554 -0.579
380.595 -0.58
380.637 -0.581
380.68 -0.582
380.725 -0.583
380.771 -0.584
380.816 -0.585
380.862 -0.586
380.907 -0.587
380.952 -0.588
380.997 -0.589
381.042 -0.59
381.086 -0.591
381.13 -0.592
381.174 -0.593
381.217 -0.594
381.259 -0.595
381.301 -0.596
381.341 -0.597
381.38 -0.598
381.414 -0.599
381.442 -0.6
381.462 -0.601
381.471 -0.602
381.471 -0.603
381.465 -0.604
381.453 -0.605
381.44 -0.606
381.428 -0.607
381.415 -0.608
381.404 -0.609
381.396 -0.61
381.391 -0.611
381.39 -0.612
381.39 -0.613
381.39 -0.614
381.389 -0.615
381.388 -0.616
381.387 -0.617
381.385 -0.618
381.382 -0.619
381.378 -0.62
381.374 -0.621
381.367 -0.622
381.36 -0.623
381.351 -0.624
381.342 -0.625
381.333 -0.626
381.325 -0.627
381.316 -0.628
381.307 -0.629
381.298 -0.63
381.29 -0.631
381.281 -0.632
381.272 -0.633
381.263 -0.634
381.254 -0.635
381.246 -0.636
381.237 -0.637
381.228 -0.638
381.219 -0.639
381.21 -0.64
381.201 -0.641
381.192 -0.642
381.183 -0.643
381.174 -0.644
381.165 -0.645
381.156 -0.646
381.146 -0.647
381.149 -0.648
381.157 -0.649
381.169 -0.65
381.206 -0.651
381.252 -0.652
381.308 -0.653
381.375 -0.654
381.447 -0.655
381.52 -0.656
381.581 -0.657
381.644 -0.658
381.702 -0.659
381.75 -0.66
381.797 -0.661
381.844 -0.662
381.89 -0.663
381.935 -0.664
381.98 -0.665
382.023 -0.666
382.065 -0.667
382.105 -0.668
382.144 -0.669
382.18 -0.67
382.215 -0.671
382.249 -0.672
382.296 -0.673
382.357 -0.674
382.417 -0.675
382.468 -0.676
382.517 -0.677
382.566 -0.678
382.615 -0.679
382.663 -0.68
382.712 -0.681
382.76 -0.682
382.808 -0.683
382.856 -0.684
382.904 -0.685
382.952 -0.686
382.999 -0.687
383.047 -0.688
383.094 -0.689
383.141 -0.69
383.188 -0.691
383.235 -0.692
383.282 -0.693
383.328 -0.694
383.375 -0.695
383.421 -0.696
383.467 -0.697
383.514 -0.698
383.562 -0.699
383.612 -0.7
383.663 -0.701
383.715 -0.702
383.766 -0.703
383.818 -0.704
383.869 -0.705
383.92 -0.706
383.971 -0.707
384.022 -0.708
384.072 -0.709
384.123 -0.71
384.173 -0.711
384.223 -0.712
384.273 -0.713
384.323 -0.714
384.372 -0.715
384.421 -0.716
384.47 -0.717
384.519 -0.718
384.568 -0.719
384.616 -0.72
384.665 -0.721
384.713 -0.722
384.76 -0.723
384.808 -0.724
384.856 -0.725
384.903 -0.726
384.951 -0.727
384.998 -0.728
385.045 -0.729
385.091 -0.73
385.136 -0.731
385.179 -0.732
385.222 -0.733
385.265 -0.734
385.307 -0.735
385.349 -0.736
385.389 -0.737
385.429 -0.738
385.469 -0.739
385.51 -0.74
385.55 -0.741
385.59 -0.742
385.63 -0.743
385.67 -0.744
385.711 -0.745
385.751 -0.746
385.791 -0.747
385.83 -0.748
385.87 -0.749
385.909 -0.75
385.948 -0.751
385.986 -0.752
386.024 -0.753
386.062 -0.754
386.098 -0.755
386.135 -0.756
386.172 -0.757
386.208 -0.758
386.244 -0.759
386.279 -0.76
386.315 -0.761
386.349 -0.762
386.381 -0.763
386.413 -0.764
386.443 -0.765
386.473 -0.766
386.502 -0.767
386.531 -0.768
386.56 -0.769
386.588 -0.77
386.616 -0.771
386.644 -0.772
386.671 -0.773
386.698 -0.774
386.726 -0.775
386.753 -0.776
386.78 -0.777
386.806 -0.778
386.832 -0.779
386.858 -0.78
386.884 -0.781
386.91 -0.782
386.936 -0.783
386.962 -0.784
386.988 -0.785
387.021 -0.786
387.056 -0.787
387.097 -0.788
387.138 -0.789
387.178 -0.79
387.22 -0.791
387.264 -0.792
387.309 -0.793
387.357 -0.794
387.404 -0.795
387.452 -0.796
387.499 -0.797
387.548 -0.798
387.598 -0.799
387.649 -0.8
387.702 -0.801
387.754 -0.802
387.806 -0.803
387.858 -0.804
387.912 -0.805
387.966 -0.806
388.02 -0.807
388.076 -0.808
388.132 -0.809
388.187 -0.81
388.243 -0.811
388.298 -0.812
388.354 -0.813
388.411 -0.814
388.468 -0.815
388.525 -0.816
388.581 -0.817
388.637 -0.818
388.692 -0.819
388.746 -0.82
388.799 -0.821
388.852 -0.822
388.904 -0.823
388.955 -0.824
389.006 -0.825
389.057 -0.826
389.106 -0.827
389.154 -0.828
389.201 -0.829
389.249 -0.83
389.297 -0.831
389.345 -0.832
389.392 -0.833
389.44 -0.834
389.488 -0.835
389.536 -0.836
389.584 -0.837
389.632 -0.838
389.68 -0.839
389.728 -0.84
389.776 -0.841
389.824 -0.842
389.872 -0.843
389.921 -0.844
389.969 -0.845
390.017 -0.846
390.065 -0.847
390.113 -0.848
390.162 -0.849
390.21 -0.85
390.258 -0.851
390.307 -0.852
390.355 -0.853
390.403 -0.854
390.452 -0.855
390.5 -0.856
390.549 -0.857
390.597 -0.858
390.646 -0.859
390.694 -0.86
390.743 -0.861
390.792 -0.862
390.84 -0.863
390.889 -0.864
390.938 -0.865
390.986 -0.866
391.035 -0.867
391.084 -0.868
391.133 -0.869
391.181 -0.87
391.23 -0.871
391.279 -0.872
391.328 -0.873
391.376 -0.874
391.425 -0.875
391.474 -0.876
391.523 -0.877
391.572 -0.878
391.621 -0.879
391.67 -0.88
391.72 -0.881
391.769 -0.882
391.818 -0.883
391.867 -0.884
391.917 -0.885
391.966 -0.886
392.016 -0.887
392.065 -0.888
392.115 -0.889
392.165 -0.89
392.215 -0.891
392.265 -0.892
392.315 -0.893
392.365 -0.894
392.415 -0.895
392.466 -0.896
392.516 -0.897
392.567 -0.898
392.617 -0.899
392.668 -0.9
392.719 -0.901
392.77 -0.902
392.82 -0.903
392.871 -0.904
392.922 -0.905
392.973 -0.906
393.024 -0.907
393.076 -0.908
393.127 -0.909
393.178 -0.91
393.23 -0.911
393.281 -0.912
393.332 -0.913
393.384 -0.914
393.435 -0.915
393.487 -0.916
393.539 -0.917
393.59 -0.918
393.642 -0.919
393.694 -0.92
393.746 -0.921
393.798 -0.922
393.85 -0.923
393.902 -0.924
393.954 -0.925
394.006 -0.926
394.059 -0.927
394.111 -0.928
394.163 -0.929
394.216 -0.93
394.268 -0.931
394.32 -0.932
394.373 -0.933
394.425 -0.934
394.477 -0.935
394.529 -0.936
394.582 -0.937
394.634 -0.938
394.686 -0.939
394.739 -0.94
394.791 -0.941
394.844 -0.942
394.897 -0.943
394.95 -0.944
395.002 -0.945
395.055 -0.946
395.108 -0.947
395.162 -0.948
395.215 -0.949
395.268 -0.95
395.321 -0.951
395.374 -0.952
395.427 -0.953
395.481 -0.954
395.534 -0.955
395.587 -0.956
395.641 -0.957
395.694 -0.958
395.747 -0.959
395.801 -0.96
395.854 -0.961
395.907 -0.962
395.96 -0.963
396.013 -0.964
396.066 -0.965
396.119 -0.966
396.172 -0.967
396.224 -0.968
396.277 -0.969
396.329 -0.97
396.381 -0.971
396.433 -0.972
396.485 -0.973
396.537 -0.974
396.588 -0.975
396.64 -0.976
396.691 -0.977
396.741 -0.978
396.792 -0.979
396.842 -0.98
396.892 -0.981
396.942 -0.982
396.991 -0.983
397.045 -0.984
397.099 -0.985
397.153 -0.986
397.207 -0.987
397.261 -0.988
397.314 -0.989
397.367 -0.99
397.42 -0.991
397.472 -0.992
397.523 -0.993
397.573 -0.994
397.623 -0.995
397.673 -0.996
397.723 -0.997
397.772 -0.998
397.821 -0.999
397.869 -1
397.919 -1.001
397.973 -1.002
398.026 -1.003
398.08 -1.004
398.133 -1.005
398.185 -1.006
398.238 -1.007
398.289 -1.008
398.34 -1.009
398.39 -1.01
398.441 -1.011
398.492 -1.012
398.543 -1.013
398.593 -1.014
398.644 -1.015
398.694 -1.016
398.745 -1.017
398.796 -1.018
398.847 -1.019
398.898 -1.02
398.948 -1.021
398.999 -1.022
399.05 -1.023
399.1 -1.024
399.151 -1.025
399.202 -1.026
399.253 -1.027
399.304 -1.028
399.354 -1.029
399.405 -1.03
399.456 -1.031
399.507 -1.032
399.557 -1.033
399.608 -1.034
399.659 -1.035
399.71 -1.036
399.761 -1.037
399.813 -1.038
399.864 -1.039
399.915 -1.04
399.967 -1.041
400.019 -1.042
400.07 -1.043
400.122 -1.044
400.174 -1.045
400.226 -1.046
400.278 -1.047
400.33 -1.048
400.382 -1.049
400.435 -1.05
400.487 -1.051
400.54 -1.052
400.593 -1.053
400.646 -1.054
400.699 -1.055
400.752 -1.056
400.805 -1.057
400.859 -1.058
400.912 -1.059
400.966 -1.06
401.019 -1.061
401.073 -1.062
401.127 -1.063
401.18 -1.064
401.234 -1.065
401.289 -1.066
401.343 -1.067
401.397 -1.068
401.451 -1.069
401.505 -1.07
401.56 -1.071
401.615 -1.072
401.669 -1.073
401.724 -1.074
401.779 -1.075
401.834 -1.076
401.89 -1.077
401.95 -1.078
402.009 -1.079
402.068 -1.08
402.128 -1.081
402.187 -1.082
402.247 -1.083
402.306 -1.084
402.366 -1.085
402.425 -1.086
402.485 -1.087
402.548 -1.088
402.612 -1.089
402.676 -1.09
402.739 -1.091
402.803 -1.092
402.867 -1.093
402.931 -1.094
402.995 -1.095
403.058 -1.096
403.122 -1.097
403.186 -1.098
403.249 -1.099
403.313 -1.1
403.376 -1.101
403.44 -1.102
403.506 -1.103
403.572 -1.104
403.638 -1.105
403.704 -1.106
403.77 -1.107
403.836 -1.108
403.902 -1.109
403.968 -1.11
404.034 -1.111
404.101 -1.112
404.167 -1.113
404.234 -1.114
404.303 -1.115
404.372 -1.116
404.44 -1.117
404.509 -1.118
404.577 -1.119
404.646 -1.12
404.714 -1.121
404.783 -1.122
404.851 -1.123
404.92 -1.124
404.989 -1.125
405.057 -1.126
405.126 -1.127
405.195 -1.128
405.264 -1.129
405.333 -1.13
405.402 -1.131
405.471 -1.132
405.54 -1.133
405.609 -1.134
405.679 -1.135
405.748 -1.136
405.817 -1.137
405.886 -1.138
405.955 -1.139
406.025 -1.14
406.096 -1.141
406.166 -1.142
406.236 -1.143
406.307 -1.144
406.378 -1.145
406.449 -1.146
406.52 -1.147
406.591 -1.148
406.662 -1.149
406.733 -1.15
406.804 -1.151
406.875 -1.152
406.946 -1.153
407.019 -1.154
407.091 -1.155
407.163 -1.156
407.235 -1.157
407.307 -1.158
407.379 -1.159
407.452 -1.16
407.524 -1.161
407.596 -1.162
407.668 -1.163
407.741 -1.164
407.813 -1.165
407.885 -1.166
407.958 -1.167
408.031 -1.168
408.104 -1.169
408.177 -1.17
408.25 -1.171
408.324 -1.172
408.397 -1.173
408.47 -1.174
408.543 -1.175
408.616 -1.176
408.689 -1.177
408.762 -1.178
408.835 -1.179
408.908 -1.18
408.981 -1.181
409.054 -1.182
409.127 -1.183
409.2 -1.184
409.273 -1.185
409.346 -1.186
409.419 -1.187
409.492 -1.188
409.566 -1.189
409.639 -1.19
409.712 -1.191
409.785 -1.192
409.858 -1.193
409.932 -1.194
410.006 -1.195
410.081 -1.196
410.155 -1.197
410.229 -1.198
410.303 -1.199
410.378 -1.2
410.453 -1.201
410.528 -1.202
410.602 -1.203
410.677 -1.204
410.752 -1.205
410.827 -1.206
410.903 -1.207
410.978 -1.208
411.053 -1.209
411.128 -1.21
411.203 -1.211
411.279 -1.212
411.354 -1.213
411.429 -1.214
411.504 -1.215
411.579 -1.216
411.655 -1.217
411.73 -1.218
411.805 -1.219
411.88 -1.22
411.956 -1.221
412.031 -1.222
412.106 -1.223
412.182 -1.224
412.257 -1.225
412.333 -1.226
412.409 -1.227
412.485 -1.228
412.561 -1.229
412.637 -1.23
412.713 -1.231
412.789 -1.232
412.865 -1.233
412.941 -1.234
413.016 -1.235
413.092 -1.236
413.167 -1.237
413.243 -1.238
413.317 -1.239
413.392 -1.24
413.467 -1.241
413.542 -1.242
413.617 -1.243
413.692 -1.244
413.767 -1.245
413.843 -1.246
413.918 -1.247
413.993 -1.248
414.068 -1.249
414.144 -1.25
414.219 -1.251
414.295 -1.252
414.37 -1.253
414.446 -1.254
414.521 -1.255
414.597 -1.256
414.673 -1.257
414.749 -1.258
414.824 -1.259
414.9 -1.26
414.976 -1.261
415.052 -1.262
415.128 -1.263
415.205 -1.264
415.281 -1.265
415.357 -1.266
415.433 -1.267
415.509 -1.268
415.585 -1.269
415.661 -1.27
415.738 -1.271
415.814 -1.272
415.89 -1.273
415.966 -1.274
416.041 -1.275
416.117 -1.276
416.192 -1.277
416.268 -1.278
416.346 -1.279
416.424 -1.28
416.504 -1.281
416.583 -1.282
416.661 -1.283
416.739 -1.284
416.818 -1.285
416.896 -1.286
416.975 -1.287
417.054 -1.288
417.132 -1.289
417.211 -1.29
417.29 -1.291
417.369 -1.292
417.448 -1.293
417.528 -1.294
417.607 -1.295
417.686 -1.296
417.766 -1.297
417.845 -1.298
417.925 -1.299
418.005 -1.3
