12.2512 -0.001
24.4198 -0.002
36.506 -0.003
48.5092 -0.004
60.4292 -0.005
72.2655 -0.006
84.0178 -0.007
95.6855 -0.008
107.268 -0.009
118.766 -0.01
130.177 -0.011
141.502 -0.012
152.739 -0.013
163.889 -0.014
174.95 -0.015
185.922 -0.016
196.803 -0.017
207.594 -0.018
218.292 -0.019
228.897 -0.02
239.408 -0.021
249.822 -0.022
260.14 -0.023
270.359 -0.024
280.434 -0.025
290.037 -0.026
298.951 -0.027
307.104 -0.028
314.354 -0.029
321.36 -0.03
328.197 -0.031
334.724 -0.032
341.089 -0.033
347.258 -0.034
353.208 -0.035
358.941 -0.036
364.564 -0.037
370.142 -0.038
375.682 -0.039
381.186 -0.04
386.635 -0.041
391.984 -0.042
397.3 -0.043
402.555 -0.044
407.585 -0.045
412.572 -0.046
417.524 -0.047
422.444 -0.048
427.336 -0.049
432.053 -0.05
436.627 -0.051
441.162 -0.052
445.659 -0.053
450.116 -0.054
454.5 -0.055
458.807 -0.056
463.085 -0.057
467.156 -0.058
470.764 -0.059
473.969 -0.06
476.34 -0.061
478.355 -0.062
479.464 -0.063
479.876 -0.064
480.076 -0.065
480.217 -0.066
480.325 -0.067
480.404 -0.068
480.465 -0.069
480.492 -0.07
480.494 -0.071
480.482 -0.072
480.455 -0.073
480.414 -0.074
480.361 -0.075
480.297 -0.076
480.223 -0.077
480.138 -0.078
480.039 -0.079
479.926 -0.08
479.801 -0.081
479.667 -0.082
479.524 -0.083
479.368 -0.084
479.198 -0.085
479.016 -0.086
478.829 -0.087
478.642 -0.088
478.453 -0.089
478.263 -0.09
478.07 -0.091
477.872 -0.092
477.663 -0.093
477.44 -0.094
477.207 -0.095
476.967 -0.096
476.729 -0.097
476.489 -0.098
476.247 -0.099
476.005 -0.1
475.758 -0.101
475.505 -0.102
475.241 -0.103
474.966 -0.104
474.685 -0.105
474.401 -0.106
474.115 -0.107
473.825 -0.108
473.531 -0.109
473.232 -0.11
472.929 -0.111
472.623 -0.112
472.318 -0.113
472.012 -0.114
471.706 -0.115
471.4 -0.116
471.094 -0.117
470.789 -0.118
470.49 -0.119
470.208 -0.12
469.929 -0.121
469.65 -0.122
469.371 -0.123
469.092 -0.124
468.814 -0.125
468.537 -0.126
468.259 -0.127
467.983 -0.128
467.707 -0.129
467.432 -0.13
467.157 -0.131
466.883 -0.132
466.61 -0.133
466.338 -0.134
466.067 -0.135
465.797 -0.136
465.528 -0.137
465.26 -0.138
464.994 -0.139
464.739 -0.14
464.506 -0.141
464.288 -0.142
464.07 -0.143
463.854 -0.144
463.638 -0.145
463.424 -0.146
463.211 -0.147
463 -0.148
462.79 -0.149
462.581 -0.15
462.374 -0.151
462.168 -0.152
461.964 -0.153
461.761 -0.154
461.56 -0.155
461.361 -0.156
461.163 -0.157
460.967 -0.158
460.771 -0.159
460.574 -0.16
460.373 -0.161
460.174 -0.162
459.977 -0.163
459.78 -0.164
459.585 -0.165
459.392 -0.166
459.2 -0.167
459.01 -0.168
458.821 -0.169
458.637 -0.17
458.458 -0.171
458.283 -0.172
458.112 -0.173
457.942 -0.174
457.773 -0.175
457.605 -0.176
457.439 -0.177
457.275 -0.178
457.112 -0.179
456.952 -0.18
456.795 -0.181
456.639 -0.182
456.484 -0.183
456.331 -0.184
456.179 -0.185
456.027 -0.186
455.877 -0.187
455.727 -0.188
455.578 -0.189
455.429 -0.19
455.282 -0.191
455.134 -0.192
454.988 -0.193
454.843 -0.194
454.699 -0.195
454.558 -0.196
454.418 -0.197
454.28 -0.198
454.143 -0.199
454.008 -0.2
453.875 -0.201
453.744 -0.202
453.615 -0.203
453.487 -0.204
453.362 -0.205
453.238 -0.206
453.117 -0.207
452.997 -0.208
452.88 -0.209
452.765 -0.21
452.652 -0.211
452.541 -0.212
452.43 -0.213
452.322 -0.214
452.217 -0.215
452.114 -0.216
452.015 -0.217
451.918 -0.218
451.822 -0.219
451.728 -0.22
451.635 -0.221
451.542 -0.222
451.451 -0.223
451.361 -0.224
451.271 -0.225
451.184 -0.226
451.097 -0.227
451.011 -0.228
450.925 -0.229
450.842 -0.23
450.761 -0.231
450.681 -0.232
450.601 -0.233
450.524 -0.234
450.448 -0.235
450.374 -0.236
450.298 -0.237
450.224 -0.238
450.15 -0.239
450.077 -0.24
450.002 -0.241
449.927 -0.242
449.851 -0.243
449.778 -0.244
449.707 -0.245
449.637 -0.246
449.568 -0.247
449.498 -0.248
449.431 -0.249
449.365 -0.25
449.297 -0.251
449.232 -0.252
449.168 -0.253
449.103 -0.254
449.039 -0.255
448.977 -0.256
448.915 -0.257
448.854 -0.258
448.794 -0.259
448.736 -0.26
448.677 -0.261
448.62 -0.262
448.565 -0.263
448.511 -0.264
448.456 -0.265
448.403 -0.266
448.351 -0.267
448.302 -0.268
448.254 -0.269
448.208 -0.27
448.164 -0.271
448.122 -0.272
448.082 -0.273
448.044 -0.274
448.009 -0.275
447.975 -0.276
447.941 -0.277
447.91 -0.278
447.88 -0.279
447.85 -0.28
447.82 -0.281
447.791 -0.282
447.762 -0.283
447.735 -0.284
447.708 -0.285
447.683 -0.286
447.66 -0.287
447.637 -0.288
447.616 -0.289
447.596 -0.29
447.577 -0.291
447.56 -0.292
447.545 -0.293
447.533 -0.294
447.523 -0.295
447.515 -0.296
447.51 -0.297
447.507 -0.298
447.507 -0.299
447.51 -0.3
447.515 -0.301
447.522 -0.302
447.533 -0.303
447.546 -0.304
447.562 -0.305
447.581 -0.306
447.603 -0.307
447.628 -0.308
447.655 -0.309
447.686 -0.31
447.719 -0.311
447.755 -0.312
447.795 -0.313
447.836 -0.314
447.876 -0.315
447.915 -0.316
447.954 -0.317
447.992 -0.318
448.029 -0.319
448.064 -0.32
448.096 -0.321
448.131 -0.322
448.167 -0.323
448.206 -0.324
448.247 -0.325
448.29 -0.326
448.335 -0.327
448.382 -0.328
448.429 -0.329
448.472 -0.33
448.514 -0.331
448.555 -0.332
448.593 -0.333
448.634 -0.334
448.676 -0.335
448.72 -0.336
448.766 -0.337
448.816 -0.338
448.866 -0.339
448.918 -0.34
448.974 -0.341
449.032 -0.342
449.093 -0.343
449.157 -0.344
449.222 -0.345
449.29 -0.346
449.362 -0.347
449.434 -0.348
449.505 -0.349
449.574 -0.35
449.643 -0.351
449.709 -0.352
449.774 -0.353
449.839 -0.354
449.902 -0.355
449.964 -0.356
450.026 -0.357
450.089 -0.358
450.155 -0.359
450.222 -0.36
450.291 -0.361
450.364 -0.362
450.438 -0.363
450.515 -0.364
450.594 -0.365
450.674 -0.366
450.755 -0.367
450.838 -0.368
450.921 -0.369
451.007 -0.37
451.092 -0.371
451.18 -0.372
451.268 -0.373
451.358 -0.374
451.45 -0.375
451.545 -0.376
451.643 -0.377
451.744 -0.378
451.848 -0.379
451.955 -0.38
452.065 -0.381
452.178 -0.382
452.295 -0.383
452.414 -0.384
452.537 -0.385
452.664 -0.386
452.793 -0.387
452.926 -0.388
453.063 -0.389
453.203 -0.39
453.347 -0.391
453.494 -0.392
453.644 -0.393
453.794 -0.394
453.942 -0.395
454.09 -0.396
454.237 -0.397
454.382 -0.398
454.527 -0.399
454.674 -0.4
454.825 -0.401
454.98 -0.402
455.137 -0.403
455.299 -0.404
455.462 -0.405
455.629 -0.406
455.8 -0.407
455.974 -0.408
456.152 -0.409
456.332 -0.41
456.516 -0.411
456.704 -0.412
456.895 -0.413
457.089 -0.414
457.288 -0.415
457.49 -0.416
457.696 -0.417
457.906 -0.418
458.119 -0.419
458.336 -0.42
458.557 -0.421
458.782 -0.422
459.011 -0.423
459.244 -0.424
459.478 -0.425
459.713 -0.426
459.949 -0.427
460.187 -0.428
460.427 -0.429
460.669 -0.43
460.914 -0.431
461.158 -0.432
461.404 -0.433
461.651 -0.434
461.9 -0.435
462.149 -0.436
462.399 -0.437
462.654 -0.438
462.912 -0.439
463.175 -0.44
463.442 -0.441
463.712 -0.442
463.987 -0.443
464.265 -0.444
464.547 -0.445
464.834 -0.446
465.125 -0.447
465.418 -0.448
465.714 -0.449
466.014 -0.45
466.316 -0.451
466.622 -0.452
466.931 -0.453
467.243 -0.454
467.557 -0.455
467.876 -0.456
468.199 -0.457
468.526 -0.458
468.857 -0.459
469.192 -0.46
469.531 -0.461
469.875 -0.462
470.223 -0.463
470.575 -0.464
470.933 -0.465
471.294 -0.466
471.661 -0.467
472.032 -0.468
472.407 -0.469
472.786 -0.47
473.168 -0.471
473.554 -0.472
473.945 -0.473
474.341 -0.474
474.741 -0.475
475.145 -0.476
475.555 -0.477
475.968 -0.478
476.387 -0.479
476.811 -0.48
477.237 -0.481
477.666 -0.482
478.095 -0.483
478.527 -0.484
478.961 -0.485
479.396 -0.486
479.833 -0.487
480.275 -0.488
480.721 -0.489
481.171 -0.49
481.625 -0.491
482.084 -0.492
482.548 -0.493
483.017 -0.494
483.491 -0.495
483.969 -0.496
484.451 -0.497
484.937 -0.498
485.429 -0.499
485.925 -0.5
486.424 -0.501
486.929 -0.502
487.438 -0.503
487.952 -0.504
488.471 -0.505
488.994 -0.506
489.521 -0.507
490.053 -0.508
490.589 -0.509
491.13 -0.51
491.676 -0.511
492.227 -0.512
492.782 -0.513
493.341 -0.514
493.904 -0.515
494.472 -0.516
495.044 -0.517
495.622 -0.518
496.204 -0.519
496.79 -0.52
497.379 -0.521
497.973 -0.522
498.572 -0.523
499.175 -0.524
499.783 -0.525
500.395 -0.526
501.012 -0.527
501.634 -0.528
502.261 -0.529
502.89 -0.53
503.52 -0.531
504.155 -0.532
504.793 -0.533
505.436 -0.534
506.083 -0.535
506.735 -0.536
507.39 -0.537
508.048 -0.538
508.708 -0.539
509.371 -0.54
510.039 -0.541
510.709 -0.542
511.383 -0.543
512.061 -0.544
512.74 -0.545
513.422 -0.546
514.106 -0.547
514.793 -0.548
515.484 -0.549
516.18 -0.55
516.877 -0.551
517.577 -0.552
518.28 -0.553
518.986 -0.554
519.697 -0.555
520.412 -0.556
521.13 -0.557
521.848 -0.558
522.568 -0.559
523.29 -0.56
524.011 -0.561
524.732 -0.562
525.457 -0.563
526.184 -0.564
526.911 -0.565
527.639 -0.566
528.371 -0.567
529.106 -0.568
529.845 -0.569
530.585 -0.57
531.328 -0.571
532.078 -0.572
532.828 -0.573
533.58 -0.574
534.334 -0.575
535.087 -0.576
535.844 -0.577
536.603 -0.578
537.358 -0.579
538.106 -0.58
538.846 -0.581
539.587 -0.582
540.331 -0.583
541.075 -0.584
541.821 -0.585
542.568 -0.586
543.306 -0.587
544.027 -0.588
544.739 -0.589
545.453 -0.59
546.171 -0.591
546.893 -0.592
547.62 -0.593
548.35 -0.594
549.086 -0.595
549.816 -0.596
550.517 -0.597
551.222 -0.598
551.931 -0.599
552.644 -0.6
553.361 -0.601
554.082 -0.602
554.805 -0.603
555.531 -0.604
556.259 -0.605
556.99 -0.606
557.722 -0.607
558.455 -0.608
559.191 -0.609
559.93 -0.61
560.67 -0.611
561.413 -0.612
562.159 -0.613
562.908 -0.614
563.662 -0.615
564.42 -0.616
565.182 -0.617
565.923 -0.618
566.659 -0.619
567.399 -0.62
568.144 -0.621
568.893 -0.622
569.647 -0.623
570.405 -0.624
571.168 -0.625
571.935 -0.626
572.706 -0.627
573.483 -0.628
574.264 -0.629
575.049 -0.63
575.84 -0.631
576.634 -0.632
577.434 -0.633
578.238 -0.634
579.047 -0.635
579.861 -0.636
580.679 -0.637
581.503 -0.638
582.331 -0.639
583.164 -0.64
584.001 -0.641
584.844 -0.642
585.691 -0.643
586.543 -0.644
587.401 -0.645
588.263 -0.646
589.13 -0.647
590.002 -0.648
590.879 -0.649
591.76 -0.65
592.647 -0.651
593.539 -0.652
594.436 -0.653
595.338 -0.654
596.245 -0.655
597.156 -0.656
598.073 -0.657
598.995 -0.658
599.923 -0.659
600.855 -0.66
601.792 -0.661
602.735 -0.662
603.683 -0.663
604.636 -0.664
605.594 -0.665
606.558 -0.666
607.527 -0.667
608.5 -0.668
609.472 -0.669
610.441 -0.67
611.408 -0.671
612.368 -0.672
613.324 -0.673
614.273 -0.674
615.227 -0.675
616.186 -0.676
617.149 -0.677
618.118 -0.678
619.091 -0.679
620.07 -0.68
621.053 -0.681
622.041 -0.682
623.035 -0.683
624.033 -0.684
625.036 -0.685
626.044 -0.686
627.057 -0.687
628.076 -0.688
629.098 -0.689
630.124 -0.69
631.154 -0.691
632.189 -0.692
633.227 -0.693
634.269 -0.694
635.314 -0.695
636.364 -0.696
637.418 -0.697
638.476 -0.698
639.537 -0.699
640.604 -0.7
641.676 -0.701
642.753 -0.702
643.832 -0.703
644.894 -0.704
645.925 -0.705
646.939 -0.706
647.949 -0.707
648.959 -0.708
649.96 -0.709
650.962 -0.71
651.95 -0.711
652.935 -0.712
653.903 -0.713
654.873 -0.714
655.809 -0.715
656.727 -0.716
657.648 -0.717
658.573 -0.718
659.502 -0.719
660.435 -0.72
661.371 -0.721
662.308 -0.722
663.201 -0.723
664.066 -0.724
664.927 -0.725
665.781 -0.726
666.615 -0.727
667.385 -0.728
667.997 -0.729
668.529 -0.73
669.059 -0.731
669.587 -0.732
670.112 -0.733
670.638 -0.734
671.163 -0.735
671.689 -0.736
672.214 -0.737
672.74 -0.738
673.266 -0.739
673.792 -0.74
674.317 -0.741
674.842 -0.742
675.366 -0.743
675.888 -0.744
676.411 -0.745
676.933 -0.746
677.456 -0.747
677.979 -0.748
678.502 -0.749
679.025 -0.75
679.548 -0.751
680.072 -0.752
680.595 -0.753
681.119 -0.754
681.643 -0.755
682.167 -0.756
682.691 -0.757
683.215 -0.758
683.739 -0.759
684.264 -0.76
684.789 -0.761
685.314 -0.762
685.839 -0.763
686.364 -0.764
686.89 -0.765
687.415 -0.766
687.941 -0.767
688.467 -0.768
688.993 -0.769
689.52 -0.77
690.046 -0.771
690.571 -0.772
691.096 -0.773
691.622 -0.774
692.147 -0.775
692.673 -0.776
693.199 -0.777
693.725 -0.778
694.251 -0.779
694.778 -0.78
695.304 -0.781
695.831 -0.782
696.358 -0.783
696.885 -0.784
697.413 -0.785
697.94 -0.786
698.468 -0.787
698.996 -0.788
699.525 -0.789
700.053 -0.79
700.582 -0.791
701.111 -0.792
701.639 -0.793
702.168 -0.794
702.696 -0.795
703.225 -0.796
703.754 -0.797
704.283 -0.798
704.812 -0.799
705.342 -0.8
