15.5005 -0.001
30.9841 -0.002
46.4507 -0.003
61.9003 -0.004
77.3326 -0.005
92.7477 -0.006
108.145 -0.007
123.525 -0.008
138.888 -0.009
154.232 -0.01
169.559 -0.011
184.868 -0.012
200.159 -0.013
215.431 -0.014
230.685 -0.015
245.92 -0.016
261.137 -0.017
276.335 -0.018
291.514 -0.019
306.674 -0.02
321.814 -0.021
336.936 -0.022
352.037 -0.023
367.12 -0.024
382.182 -0.025
397.224 -0.026
412.246 -0.027
427.248 -0.028
442.229 -0.029
457.19 -0.03
472.13 -0.031
487.049 -0.032
501.947 -0.033
516.823 -0.034
531.678 -0.035
546.511 -0.036
561.245 -0.037
575.342 -0.038
588.073 -0.039
599.466 -0.04
610.836 -0.041
622.182 -0.042
633.497 -0.043
644.786 -0.044
656.048 -0.045
667.289 -0.046
678.507 -0.047
689.523 -0.048
699.964 -0.049
709.639 -0.05
718.28 -0.051
725.425 -0.052
731.001 -0.053
736.27 -0.054
741.295 -0.055
746.014 -0.056
750.44 -0.057
754.575 -0.058
758.184 -0.059
761.209 -0.06
764.089 -0.061
766.95 -0.062
769.786 -0.063
772.591 -0.064
775.362 -0.065
778.06 -0.066
780.682 -0.067
783.103 -0.068
785.427 -0.069
787.547 -0.07
789.4 -0.071
791.17 -0.072
792.502 -0.073
793.456 -0.074
794.175 -0.075
794.87 -0.076
795.549 -0.077
796.213 -0.078
796.867 -0.079
797.508 -0.08
798.136 -0.081
798.756 -0.082
799.364 -0.083
799.962 -0.084
800.542 -0.085
801.112 -0.086
801.664 -0.087
802.201 -0.088
802.725 -0.089
803.234 -0.09
803.728 -0.091
804.208 -0.092
804.67 -0.093
805.12 -0.094
805.556 -0.095
805.977 -0.096
806.392 -0.097
806.79 -0.098
807.177 -0.099
807.552 -0.1
807.914 -0.101
808.265 -0.102
808.6 -0.103
808.926 -0.104
809.242 -0.105
809.55 -0.106
809.853 -0.107
810.147 -0.108
810.435 -0.109
810.718 -0.11
810.994 -0.111
811.265 -0.112
811.532 -0.113
811.795 -0.114
812.055 -0.115
812.312 -0.116
812.567 -0.117
812.818 -0.118
813.066 -0.119
813.313 -0.12
813.557 -0.121
813.8 -0.122
814.042 -0.123
814.281 -0.124
814.52 -0.125
814.756 -0.126
814.991 -0.127
815.225 -0.128
815.457 -0.129
815.688 -0.13
815.918 -0.131
816.146 -0.132
816.371 -0.133
816.595 -0.134
816.819 -0.135
817.041 -0.136
817.262 -0.137
817.482 -0.138
817.7 -0.139
817.916 -0.14
818.132 -0.141
818.347 -0.142
818.56 -0.143
818.773 -0.144
818.986 -0.145
819.197 -0.146
819.406 -0.147
819.614 -0.148
819.821 -0.149
820.028 -0.15
820.232 -0.151
820.436 -0.152
820.639 -0.153
820.841 -0.154
821.042 -0.155
821.242 -0.156
821.441 -0.157
821.639 -0.158
821.835 -0.159
822.03 -0.16
822.224 -0.161
822.417 -0.162
822.61 -0.163
822.802 -0.164
822.992 -0.165
823.182 -0.166
823.371 -0.167
823.558 -0.168
823.745 -0.169
823.931 -0.17
824.117 -0.171
824.302 -0.172
824.486 -0.173
824.669 -0.174
824.851 -0.175
825.032 -0.176
825.211 -0.177
825.389 -0.178
825.567 -0.179
825.743 -0.18
825.92 -0.181
826.096 -0.182
826.271 -0.183
826.445 -0.184
826.617 -0.185
826.789 -0.186
826.96 -0.187
827.13 -0.188
827.299 -0.189
827.466 -0.19
827.632 -0.191
827.798 -0.192
827.964 -0.193
828.128 -0.194
828.291 -0.195
828.453 -0.196
828.615 -0.197
828.776 -0.198
828.935 -0.199
829.093 -0.2
829.25 -0.201
829.406 -0.202
829.562 -0.203
829.717 -0.204
829.872 -0.205
830.026 -0.206
830.179 -0.207
830.331 -0.208
830.484 -0.209
830.636 -0.21
830.786 -0.211
830.934 -0.212
831.083 -0.213
831.231 -0.214
831.378 -0.215
831.525 -0.216
831.67 -0.217
831.816 -0.218
831.96 -0.219
832.103 -0.22
832.247 -0.221
832.388 -0.222
832.529 -0.223
832.669 -0.224
832.809 -0.225
832.947 -0.226
833.085 -0.227
833.221 -0.228
833.357 -0.229
833.493 -0.23
833.629 -0.231
833.764 -0.232
833.899 -0.233
834.033 -0.234
834.167 -0.235
834.3 -0.236
834.432 -0.237
834.564 -0.238
834.695 -0.239
834.826 -0.24
834.956 -0.241
835.086 -0.242
835.215 -0.243
835.344 -0.244
835.474 -0.245
835.602 -0.246
835.731 -0.247
835.859 -0.248
835.987 -0.249
836.114 -0.25
836.242 -0.251
836.369 -0.252
836.497 -0.253
836.624 -0.254
836.751 -0.255
836.877 -0.256
837.003 -0.257
837.129 -0.258
837.254 -0.259
837.379 -0.26
837.504 -0.261
837.627 -0.262
837.751 -0.263
837.875 -0.264
837.997 -0.265
838.119 -0.266
838.241 -0.267
838.363 -0.268
838.484 -0.269
838.606 -0.27
838.727 -0.271
838.848 -0.272
838.969 -0.273
839.089 -0.274
839.208 -0.275
839.327 -0.276
839.445 -0.277
839.563 -0.278
839.68 -0.279
839.797 -0.28
839.914 -0.281
840.031 -0.282
840.148 -0.283
840.264 -0.284
840.381 -0.285
840.497 -0.286
840.613 -0.287
840.729 -0.288
840.845 -0.289
840.961 -0.29
841.076 -0.291
841.19 -0.292
841.305 -0.293
841.419 -0.294
841.533 -0.295
841.648 -0.296
841.761 -0.297
841.875 -0.298
841.989 -0.299
842.102 -0.3
842.216 -0.301
842.329 -0.302
842.442 -0.303
842.554 -0.304
842.666 -0.305
842.777 -0.306
842.888 -0.307
843 -0.308
843.111 -0.309
843.222 -0.31
843.333 -0.311
843.444 -0.312
843.555 -0.313
843.665 -0.314
843.776 -0.315
843.886 -0.316
843.996 -0.317
844.106 -0.318
844.215 -0.319
844.325 -0.32
844.434 -0.321
844.543 -0.322
844.653 -0.323
844.762 -0.324
844.871 -0.325
844.98 -0.326
845.089 -0.327
845.198 -0.328
845.307 -0.329
845.416 -0.33
845.525 -0.331
845.634 -0.332
845.743 -0.333
845.851 -0.334
845.96 -0.335
846.068 -0.336
846.177 -0.337
846.285 -0.338
846.394 -0.339
846.502 -0.34
846.61 -0.341
846.718 -0.342
846.827 -0.343
846.935 -0.344
847.043 -0.345
847.151 -0.346
847.259 -0.347
847.367 -0.348
847.475 -0.349
847.583 -0.35
847.69 -0.351
847.798 -0.352
847.906 -0.353
848.013 -0.354
848.121 -0.355
848.229 -0.356
848.336 -0.357
848.444 -0.358
848.551 -0.359
848.658 -0.36
848.766 -0.361
848.873 -0.362
848.98 -0.363
849.087 -0.364
849.194 -0.365
849.301 -0.366
849.408 -0.367
849.515 -0.368
849.621 -0.369
849.728 -0.37
849.835 -0.371
849.941 -0.372
850.048 -0.373
850.154 -0.374
850.261 -0.375
850.367 -0.376
850.474 -0.377
850.58 -0.378
850.687 -0.379
850.793 -0.38
850.899 -0.381
851.005 -0.382
851.112 -0.383
851.218 -0.384
851.324 -0.385
851.43 -0.386
851.536 -0.387
851.642 -0.388
851.748 -0.389
851.854 -0.39
851.96 -0.391
852.066 -0.392
852.171 -0.393
852.277 -0.394
852.383 -0.395
852.489 -0.396
852.595 -0.397
852.7 -0.398
852.806 -0.399
852.911 -0.4
853.017 -0.401
853.122 -0.402
853.228 -0.403
853.333 -0.404
853.438 -0.405
853.544 -0.406
853.649 -0.407
853.754 -0.408
853.859 -0.409
853.964 -0.41
854.069 -0.411
854.174 -0.412
854.279 -0.413
854.384 -0.414
854.489 -0.415
854.594 -0.416
854.698 -0.417
854.803 -0.418
854.908 -0.419
855.012 -0.42
855.117 -0.421
855.221 -0.422
855.326 -0.423
855.43 -0.424
855.534 -0.425
855.639 -0.426
855.743 -0.427
855.847 -0.428
855.951 -0.429
856.055 -0.43
856.159 -0.431
856.263 -0.432
856.367 -0.433
856.471 -0.434
856.574 -0.435
856.678 -0.436
856.782 -0.437
856.885 -0.438
856.988 -0.439
857.092 -0.44
857.195 -0.441
857.298 -0.442
857.402 -0.443
857.505 -0.444
857.608 -0.445
857.711 -0.446
857.814 -0.447
857.917 -0.448
858.019 -0.449
858.122 -0.45
858.224 -0.451
858.327 -0.452
858.429 -0.453
858.531 -0.454
858.633 -0.455
858.735 -0.456
858.837 -0.457
858.939 -0.458
859.04 -0.459
859.142 -0.46
859.243 -0.461
859.345 -0.462
859.446 -0.463
859.547 -0.464
859.648 -0.465
859.748 -0.466
859.849 -0.467
859.95 -0.468
860.05 -0.469
860.151 -0.47
860.251 -0.471
860.351 -0.472
860.451 -0.473
860.551 -0.474
860.651 -0.475
860.751 -0.476
860.85 -0.477
860.949 -0.478
861.048 -0.479
861.147 -0.48
861.245 -0.481
861.343 -0.482
861.442 -0.483
861.54 -0.484
861.638 -0.485
861.736 -0.486
861.833 -0.487
861.931 -0.488
862.028 -0.489
862.126 -0.49
862.223 -0.491
862.32 -0.492
862.416 -0.493
862.513 -0.494
862.609 -0.495
862.704 -0.496
862.799 -0.497
862.894 -0.498
862.988 -0.499
863.082 -0.5
863.175 -0.501
863.269 -0.502
863.361 -0.503
863.452 -0.504
863.543 -0.505
863.635 -0.506
863.726 -0.507
863.817 -0.508
863.907 -0.509
863.998 -0.51
864.088 -0.511
864.178 -0.512
864.267 -0.513
864.355 -0.514
864.442 -0.515
864.529 -0.516
864.615 -0.517
864.701 -0.518
864.784 -0.519
864.871 -0.52
864.956 -0.521
865.038 -0.522
865.122 -0.523
865.207 -0.524
865.291 -0.525
865.374 -0.526
865.456 -0.527
865.537 -0.528
865.617 -0.529
865.696 -0.53
865.779 -0.531
865.859 -0.532
865.941 -0.533
866.024 -0.534
866.106 -0.535
866.189 -0.536
866.27 -0.537
866.352 -0.538
866.433 -0.539
866.514 -0.54
866.594 -0.541
866.673 -0.542
866.751 -0.543
866.827 -0.544
866.902 -0.545
866.976 -0.546
867.05 -0.547
867.124 -0.548
867.196 -0.549
867.266 -0.55
867.337 -0.551
867.403 -0.552
867.471 -0.553
867.537 -0.554
867.596 -0.555
867.654 -0.556
867.706 -0.557
867.756 -0.558
867.798 -0.559
867.841 -0.56
867.877 -0.561
867.907 -0.562
867.929 -0.563
867.94 -0.564
867.941 -0.565
867.933 -0.566
867.941 -0.567
867.936 -0.568
867.919 -0.569
867.887 -0.57
867.846 -0.571
867.845 -0.572
867.849 -0.573
867.852 -0.574
867.847 -0.575
867.871 -0.576
867.913 -0.577
867.955 -0.578
868.009 -0.579
868.09 -0.58
868.177 -0.581
868.272 -0.582
868.396 -0.583
868.522 -0.584
868.643 -0.585
868.781 -0.586
868.922 -0.587
869.059 -0.588
869.199 -0.589
869.342 -0.59
869.483 -0.591
869.621 -0.592
869.756 -0.593
869.89 -0.594
870.021 -0.595
870.148 -0.596
870.273 -0.597
870.394 -0.598
870.513 -0.599
870.626 -0.6
870.735 -0.601
870.842 -0.602
870.945 -0.603
871.043 -0.604
871.137 -0.605
871.225 -0.606
871.327 -0.607
871.421 -0.608
871.509 -0.609
871.592 -0.61
871.679 -0.611
871.781 -0.612
871.879 -0.613
871.974 -0.614
872.069 -0.615
872.162 -0.616
872.255 -0.617
872.351 -0.618
872.449 -0.619
872.548 -0.62
872.647 -0.621
872.746 -0.622
872.844 -0.623
872.942 -0.624
873.039 -0.625
873.136 -0.626
873.231 -0.627
873.327 -0.628
873.426 -0.629
873.526 -0.63
873.625 -0.631
873.725 -0.632
873.826 -0.633
873.927 -0.634
874.028 -0.635
874.13 -0.636
874.233 -0.637
874.333 -0.638
874.413 -0.639
874.491 -0.64
874.539 -0.641
874.611 -0.642
874.681 -0.643
874.754 -0.644
874.832 -0.645
874.926 -0.646
875.047 -0.647
875.165 -0.648
875.276 -0.649
875.38 -0.65
875.482 -0.651
875.585 -0.652
875.687 -0.653
875.789 -0.654
875.892 -0.655
875.995 -0.656
876.099 -0.657
876.204 -0.658
876.31 -0.659
876.416 -0.66
876.523 -0.661
876.63 -0.662
876.737 -0.663
876.844 -0.664
876.952 -0.665
877.059 -0.666
877.167 -0.667
877.274 -0.668
877.382 -0.669
877.49 -0.67
877.598 -0.671
877.706 -0.672
877.815 -0.673
877.925 -0.674
878.036 -0.675
878.146 -0.676
878.256 -0.677
878.367 -0.678
878.478 -0.679
878.59 -0.68
878.702 -0.681
878.814 -0.682
878.927 -0.683
879.04 -0.684
879.154 -0.685
879.269 -0.686
879.383 -0.687
879.498 -0.688
879.613 -0.689
879.728 -0.69
879.844 -0.691
879.96 -0.692
880.077 -0.693
880.193 -0.694
880.311 -0.695
880.429 -0.696
880.548 -0.697
880.666 -0.698
880.784 -0.699
880.904 -0.7
881.024 -0.701
881.144 -0.702
881.264 -0.703
881.384 -0.704
881.505 -0.705
881.626 -0.706
881.748 -0.707
881.87 -0.708
881.992 -0.709
882.114 -0.71
882.236 -0.711
882.358 -0.712
882.481 -0.713
882.604 -0.714
882.726 -0.715
882.849 -0.716
882.972 -0.717
883.095 -0.718
883.219 -0.719
883.342 -0.72
883.466 -0.721
883.589 -0.722
883.713 -0.723
883.837 -0.724
883.962 -0.725
884.087 -0.726
884.212 -0.727
884.338 -0.728
884.463 -0.729
884.59 -0.73
884.717 -0.731
884.843 -0.732
884.97 -0.733
885.098 -0.734
885.226 -0.735
885.355 -0.736
885.483 -0.737
885.612 -0.738
885.742 -0.739
885.871 -0.74
886.001 -0.741
886.131 -0.742
886.262 -0.743
886.393 -0.744
886.524 -0.745
886.656 -0.746
886.788 -0.747
886.921 -0.748
887.053 -0.749
887.186 -0.75
887.318 -0.751
887.451 -0.752
887.585 -0.753
887.718 -0.754
887.851 -0.755
887.985 -0.756
888.118 -0.757
888.252 -0.758
888.386 -0.759
888.521 -0.76
888.655 -0.761
888.789 -0.762
888.924 -0.763
889.059 -0.764
889.194 -0.765
889.329 -0.766
889.464 -0.767
889.6 -0.768
889.735 -0.769
889.871 -0.77
890.007 -0.771
890.143 -0.772
890.279 -0.773
890.416 -0.774
890.552 -0.775
890.689 -0.776
890.826 -0.777
890.963 -0.778
891.101 -0.779
891.238 -0.78
891.376 -0.781
891.514 -0.782
891.652 -0.783
891.79 -0.784
891.928 -0.785
892.067 -0.786
892.206 -0.787
892.345 -0.788
892.484 -0.789
892.623 -0.79
892.762 -0.791
892.902 -0.792
893.042 -0.793
893.182 -0.794
893.322 -0.795
893.462 -0.796
893.602 -0.797
893.743 -0.798
893.883 -0.799
894.024 -0.8
894.166 -0.801
894.307 -0.802
894.448 -0.803
894.59 -0.804
894.732 -0.805
894.874 -0.806
895.016 -0.807
895.159 -0.808
895.301 -0.809
895.444 -0.81
895.587 -0.811
895.731 -0.812
895.874 -0.813
896.018 -0.814
896.161 -0.815
896.305 -0.816
896.45 -0.817
896.594 -0.818
896.738 -0.819
896.883 -0.82
897.028 -0.821
897.173 -0.822
897.319 -0.823
897.464 -0.824
897.61 -0.825
897.756 -0.826
897.902 -0.827
898.048 -0.828
898.195 -0.829
898.341 -0.83
898.488 -0.831
898.635 -0.832
898.782 -0.833
898.929 -0.834
899.077 -0.835
899.224 -0.836
899.372 -0.837
899.521 -0.838
899.669 -0.839
899.817 -0.84
899.966 -0.841
900.115 -0.842
900.264 -0.843
900.414 -0.844
900.563 -0.845
900.713 -0.846
900.862 -0.847
901.012 -0.848
901.163 -0.849
901.313 -0.85
901.463 -0.851
901.614 -0.852
901.765 -0.853
901.916 -0.854
902.068 -0.855
902.219 -0.856
902.371 -0.857
902.523 -0.858
902.675 -0.859
902.828 -0.86
902.98 -0.861
903.133 -0.862
903.286 -0.863
903.44 -0.864
903.593 -0.865
903.747 -0.866
903.901 -0.867
904.055 -0.868
904.209 -0.869
904.364 -0.87
904.519 -0.871
904.673 -0.872
904.828 -0.873
904.984 -0.874
905.139 -0.875
905.295 -0.876
905.451 -0.877
905.607 -0.878
905.763 -0.879
905.92 -0.88
906.076 -0.881
906.233 -0.882
906.391 -0.883
906.548 -0.884
906.706 -0.885
906.863 -0.886
907.021 -0.887
907.18 -0.888
907.338 -0.889
907.497 -0.89
907.656 -0.891
907.815 -0.892
907.974 -0.893
908.134 -0.894
908.294 -0.895
908.454 -0.896
908.614 -0.897
908.775 -0.898
908.936 -0.899
909.097 -0.9
909.258 -0.901
909.42 -0.902
909.583 -0.903
909.746 -0.904
909.909 -0.905
910.072 -0.906
910.235 -0.907
910.399 -0.908
910.563 -0.909
910.727 -0.91
910.892 -0.911
911.057 -0.912
911.221 -0.913
911.387 -0.914
911.552 -0.915
911.717 -0.916
911.883 -0.917
912.05 -0.918
912.216 -0.919
912.383 -0.92
912.549 -0.921
912.717 -0.922
912.884 -0.923
913.051 -0.924
913.219 -0.925
913.387 -0.926
913.555 -0.927
913.723 -0.928
913.891 -0.929
914.059 -0.93
914.228 -0.931
914.397 -0.932
914.567 -0.933
914.736 -0.934
914.906 -0.935
915.076 -0.936
915.247 -0.937
915.418 -0.938
915.588 -0.939
915.759 -0.94
915.931 -0.941
916.102 -0.942
916.274 -0.943
916.447 -0.944
916.619 -0.945
916.792 -0.946
916.965 -0.947
917.138 -0.948
917.311 -0.949
917.485 -0.95
917.659 -0.951
917.833 -0.952
918.008 -0.953
918.183 -0.954
918.358 -0.955
918.534 -0.956
918.709 -0.957
918.886 -0.958
919.062 -0.959
919.238 -0.96
919.415 -0.961
919.592 -0.962
919.77 -0.963
919.947 -0.964
920.125 -0.965
920.302 -0.966
920.48 -0.967
920.658 -0.968
920.837 -0.969
921.015 -0.97
921.194 -0.971
921.374 -0.972
921.553 -0.973
921.733 -0.974
921.913 -0.975
922.094 -0.976
922.274 -0.977
922.455 -0.978
922.636 -0.979
922.818 -0.98
923 -0.981
923.182 -0.982
923.365 -0.983
923.547 -0.984
923.73 -0.985
923.913 -0.986
924.097 -0.987
924.281 -0.988
924.465 -0.989
924.65 -0.99
924.835 -0.991
925.02 -0.992
925.205 -0.993
925.391 -0.994
925.577 -0.995
925.763 -0.996
925.949 -0.997
926.136 -0.998
926.324 -0.999
926.511 -1
926.699 -1.001
926.887 -1.002
927.075 -1.003
927.264 -1.004
927.453 -1.005
927.642 -1.006
927.832 -1.007
928.022 -1.008
928.212 -1.009
928.403 -1.01
928.594 -1.011
928.785 -1.012
928.976 -1.013
929.168 -1.014
929.36 -1.015
929.551 -1.016
929.743 -1.017
929.935 -1.018
930.128 -1.019
930.321 -1.02
930.514 -1.021
930.707 -1.022
930.901 -1.023
931.095 -1.024
931.289 -1.025
931.484 -1.026
931.678 -1.027
931.873 -1.028
932.069 -1.029
932.264 -1.03
932.46 -1.031
932.657 -1.032
932.853 -1.033
933.05 -1.034
933.247 -1.035
933.444 -1.036
933.642 -1.037
933.84 -1.038
934.038 -1.039
934.237 -1.04
934.436 -1.041
934.635 -1.042
934.834 -1.043
935.034 -1.044
935.234 -1.045
935.434 -1.046
935.635 -1.047
935.837 -1.048
936.038 -1.049
936.241 -1.05
936.443 -1.051
936.646 -1.052
936.85 -1.053
937.054 -1.054
937.259 -1.055
937.464 -1.056
937.669 -1.057
937.875 -1.058
938.081 -1.059
938.287 -1.06
938.494 -1.061
938.701 -1.062
938.908 -1.063
939.117 -1.064
939.326 -1.065
939.535 -1.066
939.745 -1.067
939.956 -1.068
940.166 -1.069
940.377 -1.07
940.589 -1.071
940.8 -1.072
941.012 -1.073
941.224 -1.074
941.437 -1.075
941.65 -1.076
941.863 -1.077
942.076 -1.078
942.29 -1.079
942.504 -1.08
942.718 -1.081
942.933 -1.082
943.148 -1.083
943.363 -1.084
943.579 -1.085
943.795 -1.086
944.011 -1.087
944.228 -1.088
944.445 -1.089
944.662 -1.09
944.879 -1.091
945.097 -1.092
945.315 -1.093
945.534 -1.094
945.752 -1.095
945.972 -1.096
946.191 -1.097
946.411 -1.098
946.631 -1.099
946.851 -1.1
947.072 -1.101
947.293 -1.102
947.514 -1.103
947.736 -1.104
947.958 -1.105
948.18 -1.106
948.403 -1.107
948.626 -1.108
948.849 -1.109
949.072 -1.11
949.295 -1.111
949.519 -1.112
949.743 -1.113
949.967 -1.114
950.191 -1.115
950.416 -1.116
950.642 -1.117
950.867 -1.118
951.093 -1.119
951.319 -1.12
951.546 -1.121
951.773 -1.122
952 -1.123
952.228 -1.124
952.456 -1.125
952.684 -1.126
952.913 -1.127
953.141 -1.128
953.371 -1.129
953.6 -1.13
953.83 -1.131
954.06 -1.132
954.291 -1.133
954.522 -1.134
954.753 -1.135
954.985 -1.136
955.216 -1.137
955.449 -1.138
955.681 -1.139
955.914 -1.14
956.147 -1.141
956.38 -1.142
956.614 -1.143
956.848 -1.144
957.082 -1.145
957.317 -1.146
957.552 -1.147
957.787 -1.148
958.022 -1.149
958.258 -1.15
958.494 -1.151
958.729 -1.152
958.965 -1.153
959.201 -1.154
959.438 -1.155
959.674 -1.156
959.911 -1.157
960.149 -1.158
960.387 -1.159
960.625 -1.16
960.863 -1.161
961.102 -1.162
961.341 -1.163
961.581 -1.164
961.821 -1.165
962.061 -1.166
962.301 -1.167
962.542 -1.168
962.783 -1.169
963.025 -1.17
963.267 -1.171
963.509 -1.172
963.752 -1.173
963.994 -1.174
964.238 -1.175
964.481 -1.176
964.725 -1.177
964.969 -1.178
965.214 -1.179
965.459 -1.18
965.704 -1.181
965.95 -1.182
966.196 -1.183
966.442 -1.184
966.689 -1.185
966.936 -1.186
967.184 -1.187
967.431 -1.188
967.679 -1.189
967.927 -1.19
968.176 -1.191
968.425 -1.192
968.674 -1.193
968.924 -1.194
969.174 -1.195
969.424 -1.196
969.675 -1.197
969.926 -1.198
970.177 -1.199
970.429 -1.2
970.681 -1.201
970.934 -1.202
971.187 -1.203
971.44 -1.204
971.694 -1.205
971.948 -1.206
972.202 -1.207
972.457 -1.208
972.713 -1.209
972.968 -1.21
973.224 -1.211
973.48 -1.212
973.737 -1.213
973.994 -1.214
974.252 -1.215
974.51 -1.216
974.768 -1.217
975.026 -1.218
975.285 -1.219
975.544 -1.22
975.804 -1.221
976.064 -1.222
976.324 -1.223
976.585 -1.224
976.846 -1.225
977.108 -1.226
977.37 -1.227
977.632 -1.228
977.894 -1.229
978.157 -1.23
978.421 -1.231
978.684 -1.232
978.948 -1.233
979.212 -1.234
979.477 -1.235
979.742 -1.236
980.007 -1.237
980.272 -1.238
980.538 -1.239
980.804 -1.24
981.071 -1.241
981.338 -1.242
981.605 -1.243
981.873 -1.244
982.141 -1.245
982.41 -1.246
982.679 -1.247
982.948 -1.248
983.218 -1.249
983.488 -1.25
983.758 -1.251
984.029 -1.252
984.299 -1.253
984.571 -1.254
984.842 -1.255
985.114 -1.256
985.387 -1.257
985.66 -1.258
985.933 -1.259
986.207 -1.26
986.48 -1.261
986.755 -1.262
987.029 -1.263
987.304 -1.264
987.58 -1.265
987.856 -1.266
988.132 -1.267
988.409 -1.268
988.686 -1.269
988.963 -1.27
989.241 -1.271
989.519 -1.272
989.797 -1.273
990.077 -1.274
990.356 -1.275
990.636 -1.276
990.916 -1.277
991.197 -1.278
991.478 -1.279
991.759 -1.28
992.041 -1.281
992.323 -1.282
992.605 -1.283
992.887 -1.284
993.17 -1.285
993.453 -1.286
993.736 -1.287
994.019 -1.288
994.303 -1.289
994.588 -1.29
994.873 -1.291
995.158 -1.292
995.444 -1.293
995.73 -1.294
996.016 -1.295
996.303 -1.296
996.591 -1.297
996.879 -1.298
997.167 -1.299
997.456 -1.3
