13.2619 -0.001
26.448 -0.002
39.5599 -0.003
52.5966 -0.004
65.5579 -0.005
78.4433 -0.006
91.2526 -0.007
103.985 -0.008
116.641 -0.009
129.219 -0.01
141.72 -0.011
154.142 -0.012
166.485 -0.013
178.749 -0.014
190.933 -0.015
203.027 -0.016
213.5 -0.017
221.742 -0.018
229.633 -0.019
237.397 -0.02
245.055 -0.021
252.621 -0.022
260.049 -0.023
266.85 -0.024
272.412 -0.025
276.983 -0.026
281.467 -0.027
285.884 -0.028
290.244 -0.029
294.547 -0.03
298.79 -0.031
302.969 -0.032
307.085 -0.033
311.142 -0.034
315.137 -0.035
319.068 -0.036
322.934 -0.037
326.731 -0.038
330.458 -0.039
334.111 -0.04
337.667 -0.041
341.111 -0.042
344.375 -0.043
347.418 -0.044
350.131 -0.045
352.398 -0.046
354.192 -0.047
355.728 -0.048
357.056 -0.049
358.177 -0.05
359.171 -0.051
360.065 -0.052
360.867 -0.053
361.585 -0.054
362.22 -0.055
362.786 -0.056
363.302 -0.057
363.773 -0.058
364.203 -0.059
364.589 -0.06
364.931 -0.061
365.233 -0.062
365.495 -0.063
365.721 -0.064
365.916 -0.065
366.082 -0.066
366.22 -0.067
366.33 -0.068
366.413 -0.069
366.474 -0.07
366.512 -0.071
366.53 -0.072
366.527 -0.073
366.508 -0.074
366.471 -0.075
366.411 -0.076
366.335 -0.077
366.245 -0.078
366.138 -0.079
366.019 -0.08
365.884 -0.081
365.733 -0.082
365.571 -0.083
365.397 -0.084
365.213 -0.085
365.018 -0.086
364.814 -0.087
364.594 -0.088
364.359 -0.089
364.116 -0.09
363.858 -0.091
363.589 -0.092
363.312 -0.093
363.03 -0.094
362.741 -0.095
362.441 -0.096
362.125 -0.097
361.795 -0.098
361.459 -0.099
361.117 -0.1
360.769 -0.101
360.414 -0.102
360.054 -0.103
359.68 -0.104
359.3 -0.105
358.915 -0.106
358.525 -0.107
358.131 -0.108
357.735 -0.109
357.334 -0.11
356.92 -0.111
356.502 -0.112
356.079 -0.113
355.652 -0.114
355.221 -0.115
354.787 -0.116
354.349 -0.117
353.908 -0.118
353.463 -0.119
353.014 -0.12
352.562 -0.121
352.109 -0.122
351.653 -0.123
351.194 -0.124
350.733 -0.125
350.27 -0.126
349.809 -0.127
349.349 -0.128
348.891 -0.129
348.434 -0.13
347.977 -0.131
347.522 -0.132
347.068 -0.133
346.618 -0.134
346.166 -0.135
345.712 -0.136
345.257 -0.137
344.798 -0.138
344.337 -0.139
343.874 -0.14
343.409 -0.141
342.943 -0.142
342.475 -0.143
342.005 -0.144
341.534 -0.145
341.061 -0.146
340.59 -0.147
340.118 -0.148
339.648 -0.149
339.181 -0.15
338.721 -0.151
338.267 -0.152
337.817 -0.153
337.372 -0.154
336.934 -0.155
336.498 -0.156
336.07 -0.157
335.644 -0.158
335.22 -0.159
334.796 -0.16
334.37 -0.161
333.944 -0.162
333.517 -0.163
333.089 -0.164
332.659 -0.165
332.229 -0.166
331.798 -0.167
331.366 -0.168
330.934 -0.169
330.501 -0.17
330.068 -0.171
329.634 -0.172
329.199 -0.173
328.764 -0.174
328.329 -0.175
327.895 -0.176
327.464 -0.177
327.033 -0.178
326.607 -0.179
326.181 -0.18
325.76 -0.181
325.34 -0.182
324.924 -0.183
324.508 -0.184
324.097 -0.185
323.687 -0.186
323.279 -0.187
322.875 -0.188
322.471 -0.189
322.068 -0.19
321.666 -0.191
321.264 -0.192
320.863 -0.193
320.463 -0.194
320.063 -0.195
319.663 -0.196
319.264 -0.197
318.864 -0.198
318.465 -0.199
318.065 -0.2
317.665 -0.201
317.264 -0.202
316.864 -0.203
316.463 -0.204
316.063 -0.205
315.663 -0.206
315.264 -0.207
314.865 -0.208
314.466 -0.209
314.067 -0.21
313.669 -0.211
313.272 -0.212
312.875 -0.213
312.478 -0.214
312.082 -0.215
311.687 -0.216
311.292 -0.217
310.898 -0.218
310.506 -0.219
310.115 -0.22
309.725 -0.221
309.338 -0.222
308.954 -0.223
308.573 -0.224
308.196 -0.225
307.822 -0.226
307.449 -0.227
307.082 -0.228
306.716 -0.229
306.353 -0.23
305.994 -0.231
305.637 -0.232
305.283 -0.233
304.929 -0.234
304.578 -0.235
304.227 -0.236
303.876 -0.237
303.527 -0.238
303.179 -0.239
302.833 -0.24
302.487 -0.241
302.142 -0.242
301.799 -0.243
301.457 -0.244
301.116 -0.245
300.775 -0.246
300.434 -0.247
300.093 -0.248
299.753 -0.249
299.415 -0.25
299.078 -0.251
298.743 -0.252
298.409 -0.253
298.076 -0.254
297.743 -0.255
297.412 -0.256
297.083 -0.257
296.756 -0.258
296.43 -0.259
296.104 -0.26
295.78 -0.261
295.458 -0.262
295.137 -0.263
294.819 -0.264
294.501 -0.265
294.186 -0.266
293.873 -0.267
293.562 -0.268
293.254 -0.269
292.948 -0.27
292.644 -0.271
292.343 -0.272
292.045 -0.273
291.749 -0.274
291.455 -0.275
291.165 -0.276
290.877 -0.277
290.592 -0.278
290.31 -0.279
290.03 -0.28
289.753 -0.281
289.479 -0.282
289.208 -0.283
288.939 -0.284
288.672 -0.285
288.408 -0.286
288.146 -0.287
287.887 -0.288
287.63 -0.289
287.376 -0.29
287.124 -0.291
286.875 -0.292
286.628 -0.293
286.385 -0.294
286.143 -0.295
285.904 -0.296
285.668 -0.297
285.435 -0.298
285.204 -0.299
284.975 -0.3
284.748 -0.301
284.524 -0.302
284.303 -0.303
284.087 -0.304
283.873 -0.305
283.662 -0.306
283.453 -0.307
283.246 -0.308
283.043 -0.309
282.843 -0.31
282.647 -0.311
282.453 -0.312
282.264 -0.313
282.075 -0.314
281.889 -0.315
281.705 -0.316
281.524 -0.317
281.347 -0.318
281.173 -0.319
281.003 -0.32
280.835 -0.321
280.669 -0.322
280.508 -0.323
280.35 -0.324
280.195 -0.325
280.045 -0.326
279.897 -0.327
279.751 -0.328
279.606 -0.329
279.465 -0.33
279.327 -0.331
279.193 -0.332
279.06 -0.333
278.93 -0.334
278.805 -0.335
278.683 -0.336
278.565 -0.337
278.451 -0.338
278.339 -0.339
278.229 -0.34
278.121 -0.341
278.017 -0.342
277.915 -0.343
277.817 -0.344
277.723 -0.345
277.632 -0.346
277.546 -0.347
277.464 -0.348
277.386 -0.349
277.309 -0.35
277.234 -0.351
277.161 -0.352
277.092 -0.353
277.027 -0.354
276.967 -0.355
276.909 -0.356
276.855 -0.357
276.806 -0.358
276.761 -0.359
276.721 -0.36
276.684 -0.361
276.648 -0.362
276.614 -0.363
276.582 -0.364
276.554 -0.365
276.529 -0.366
276.508 -0.367
276.49 -0.368
276.477 -0.369
276.468 -0.37
276.461 -0.371
276.459 -0.372
276.46 -0.373
276.466 -0.374
276.476 -0.375
276.489 -0.376
276.503 -0.377
276.521 -0.378
276.544 -0.379
276.571 -0.38
276.603 -0.381
276.638 -0.382
276.677 -0.383
276.722 -0.384
276.77 -0.385
276.821 -0.386
276.877 -0.387
276.938 -0.388
277.003 -0.389
277.071 -0.39
277.142 -0.391
277.217 -0.392
277.296 -0.393
277.381 -0.394
277.47 -0.395
277.564 -0.396
277.663 -0.397
277.767 -0.398
277.876 -0.399
277.99 -0.4
278.108 -0.401
278.231 -0.402
278.342 -0.403
278.404 -0.404
278.45 -0.405
278.5 -0.406
278.553 -0.407
278.61 -0.408
278.672 -0.409
278.737 -0.41
278.806 -0.411
278.878 -0.412
278.955 -0.413
279.036 -0.414
279.121 -0.415
279.206 -0.416
279.29 -0.417
279.371 -0.418
279.449 -0.419
279.524 -0.42
279.596 -0.421
279.667 -0.422
279.742 -0.423
279.821 -0.424
279.904 -0.425
279.991 -0.426
280.082 -0.427
280.176 -0.428
280.275 -0.429
280.377 -0.43
280.484 -0.431
280.594 -0.432
280.709 -0.433
280.827 -0.434
280.95 -0.435
281.077 -0.436
281.208 -0.437
281.343 -0.438
281.483 -0.439
281.627 -0.44
281.776 -0.441
281.929 -0.442
282.086 -0.443
282.248 -0.444
282.415 -0.445
282.586 -0.446
282.761 -0.447
282.941 -0.448
283.126 -0.449
283.315 -0.45
283.509 -0.451
283.707 -0.452
283.905 -0.453
284.101 -0.454
284.293 -0.455
284.478 -0.456
284.654 -0.457
284.828 -0.458
285.005 -0.459
285.186 -0.46
285.371 -0.461
285.561 -0.462
285.755 -0.463
285.953 -0.464
286.155 -0.465
286.362 -0.466
286.573 -0.467
286.789 -0.468
287.009 -0.469
287.233 -0.47
287.462 -0.471
287.694 -0.472
287.931 -0.473
288.172 -0.474
288.417 -0.475
288.667 -0.476
288.917 -0.477
289.157 -0.478
289.381 -0.479
289.6 -0.48
289.783 -0.481
289.967 -0.482
290.154 -0.483
290.344 -0.484
290.537 -0.485
290.734 -0.486
290.933 -0.487
291.137 -0.488
291.339 -0.489
291.528 -0.49
291.712 -0.491
291.9 -0.492
292.091 -0.493
292.285 -0.494
292.482 -0.495
292.682 -0.496
292.886 -0.497
293.093 -0.498
293.303 -0.499
293.517 -0.5
293.735 -0.501
293.956 -0.502
294.181 -0.503
294.409 -0.504
294.641 -0.505
294.876 -0.506
295.115 -0.507
295.357 -0.508
295.602 -0.509
295.85 -0.51
296.102 -0.511
296.358 -0.512
296.618 -0.513
296.881 -0.514
297.148 -0.515
297.419 -0.516
297.693 -0.517
297.971 -0.518
298.253 -0.519
298.539 -0.52
298.829 -0.521
299.122 -0.522
299.42 -0.523
299.721 -0.524
300.026 -0.525
300.335 -0.526
300.648 -0.527
300.965 -0.528
301.286 -0.529
301.608 -0.53
301.917 -0.531
302.209 -0.532
302.499 -0.533
302.794 -0.534
303.092 -0.535
303.393 -0.536
303.691 -0.537
303.976 -0.538
304.255 -0.539
304.537 -0.54
304.823 -0.541
305.112 -0.542
305.405 -0.543
305.701 -0.544
306 -0.545
306.304 -0.546
306.61 -0.547
306.921 -0.548
307.235 -0.549
307.552 -0.55
307.873 -0.551
308.198 -0.552
308.527 -0.553
308.859 -0.554
309.195 -0.555
309.534 -0.556
309.877 -0.557
310.224 -0.558
310.575 -0.559
310.929 -0.56
311.288 -0.561
311.65 -0.562
312.015 -0.563
312.379 -0.564
312.741 -0.565
313.1 -0.566
313.458 -0.567
313.815 -0.568
314.17 -0.569
314.527 -0.57
314.888 -0.571
315.253 -0.572
315.621 -0.573
315.993 -0.574
316.369 -0.575
316.749 -0.576
317.133 -0.577
317.52 -0.578
317.912 -0.579
318.307 -0.58
318.706 -0.581
319.108 -0.582
319.511 -0.583
319.917 -0.584
320.324 -0.585
320.735 -0.586
321.146 -0.587
321.561 -0.588
321.978 -0.589
322.398 -0.59
322.821 -0.591
323.247 -0.592
323.678 -0.593
324.112 -0.594
324.551 -0.595
324.994 -0.596
325.441 -0.597
325.892 -0.598
326.347 -0.599
326.806 -0.6
327.27 -0.601
327.732 -0.602
328.195 -0.603
328.658 -0.604
329.122 -0.605
329.586 -0.606
330.049 -0.607
330.513 -0.608
330.979 -0.609
331.446 -0.61
331.912 -0.611
332.377 -0.612
332.842 -0.613
333.306 -0.614
333.77 -0.615
334.237 -0.616
334.707 -0.617
335.182 -0.618
335.66 -0.619
336.143 -0.62
336.63 -0.621
337.12 -0.622
337.615 -0.623
338.114 -0.624
338.617 -0.625
339.124 -0.626
339.635 -0.627
340.151 -0.628
340.67 -0.629
341.194 -0.63
341.722 -0.631
342.254 -0.632
342.791 -0.633
343.332 -0.634
343.877 -0.635
344.427 -0.636
344.981 -0.637
345.539 -0.638
346.102 -0.639
346.669 -0.64
347.24 -0.641
347.816 -0.642
348.396 -0.643
348.98 -0.644
349.57 -0.645
350.163 -0.646
350.761 -0.647
351.364 -0.648
351.971 -0.649
352.582 -0.65
353.198 -0.651
353.817 -0.652
354.441 -0.653
355.069 -0.654
355.701 -0.655
356.337 -0.656
356.978 -0.657
357.624 -0.658
358.274 -0.659
358.928 -0.66
359.588 -0.661
360.252 -0.662
360.921 -0.663
361.595 -0.664
362.274 -0.665
362.957 -0.666
363.645 -0.667
364.338 -0.668
365.036 -0.669
365.739 -0.67
366.445 -0.671
367.157 -0.672
367.873 -0.673
368.594 -0.674
369.318 -0.675
370.047 -0.676
370.78 -0.677
371.517 -0.678
372.258 -0.679
373.003 -0.68
373.751 -0.681
374.504 -0.682
375.261 -0.683
376.023 -0.684
376.789 -0.685
377.56 -0.686
378.336 -0.687
379.116 -0.688
379.895 -0.689
380.671 -0.69
381.447 -0.691
382.222 -0.692
383.001 -0.693
383.785 -0.694
384.574 -0.695
385.368 -0.696
386.166 -0.697
386.969 -0.698
387.777 -0.699
388.59 -0.7
