6.00576 -0.001
12.0048 -0.002
17.9965 -0.003
23.9811 -0.004
29.9584 -0.005
35.9284 -0.006
41.891 -0.007
47.8463 -0.008
53.794 -0.009
59.7343 -0.01
65.6669 -0.011
71.5919 -0.012
77.5092 -0.013
83.4187 -0.014
89.3204 -0.015
95.2141 -0.016
101.1 -0.017
106.978 -0.018
112.847 -0.019
118.708 -0.02
124.562 -0.021
130.406 -0.022
136.243 -0.023
142.07 -0.024
147.89 -0.025
153.7 -0.026
159.502 -0.027
165.295 -0.028
171.079 -0.029
176.854 -0.03
182.62 -0.031
188.377 -0.032
194.124 -0.033
199.863 -0.034
205.591 -0.035
211.31 -0.036
217.02 -0.037
222.719 -0.038
228.409 -0.039
234.089 -0.04
239.758 -0.041
245.418 -0.042
251.067 -0.043
256.668 -0.044
262.027 -0.045
266.977 -0.046
271.488 -0.047
275.368 -0.048
278.874 -0.049
282.14 -0.05
285.356 -0.051
288.552 -0.052
291.674 -0.053
294.596 -0.054
297.266 -0.055
299.565 -0.056
301.221 -0.057
302.513 -0.058
303.799 -0.059
305.079 -0.06
306.352 -0.061
307.616 -0.062
308.875 -0.063
310.125 -0.064
311.362 -0.065
312.586 -0.066
313.797 -0.067
315.001 -0.068
316.195 -0.069
317.378 -0.07
318.545 -0.071
319.701 -0.072
320.841 -0.073
321.962 -0.074
323.061 -0.075
324.113 -0.076
325.117 -0.077
326.073 -0.078
326.985 -0.079
327.827 -0.08
328.577 -0.081
329.286 -0.082
329.954 -0.083
330.503 -0.084
330.948 -0.085
331.253 -0.086
331.454 -0.087
331.652 -0.088
331.847 -0.089
332.04 -0.09
332.231 -0.091
332.419 -0.092
332.604 -0.093
332.787 -0.094
332.966 -0.095
333.142 -0.096
333.313 -0.097
333.482 -0.098
333.647 -0.099
333.811 -0.1
333.97 -0.101
334.126 -0.102
334.279 -0.103
334.428 -0.104
334.574 -0.105
334.717 -0.106
334.858 -0.107
334.997 -0.108
335.131 -0.109
335.264 -0.11
335.392 -0.111
335.519 -0.112
335.643 -0.113
335.761 -0.114
335.878 -0.115
335.992 -0.116
336.104 -0.117
336.215 -0.118
336.324 -0.119
336.43 -0.12
336.535 -0.121
336.639 -0.122
336.741 -0.123
336.841 -0.124
336.94 -0.125
337.037 -0.126
337.134 -0.127
337.231 -0.128
337.326 -0.129
337.42 -0.13
337.514 -0.131
337.607 -0.132
337.699 -0.133
337.791 -0.134
337.883 -0.135
337.974 -0.136
338.064 -0.137
338.154 -0.138
338.244 -0.139
338.333 -0.14
338.421 -0.141
338.509 -0.142
338.596 -0.143
338.683 -0.144
338.77 -0.145
338.856 -0.146
338.941 -0.147
339.026 -0.148
339.111 -0.149
339.195 -0.15
339.279 -0.151
339.362 -0.152
339.445 -0.153
339.527 -0.154
339.608 -0.155
339.688 -0.156
339.769 -0.157
339.849 -0.158
339.928 -0.159
340.007 -0.16
340.085 -0.161
340.163 -0.162
340.241 -0.163
340.318 -0.164
340.395 -0.165
340.471 -0.166
340.546 -0.167
340.622 -0.168
340.697 -0.169
340.772 -0.17
340.846 -0.171
340.921 -0.172
340.994 -0.173
341.066 -0.174
341.137 -0.175
341.209 -0.176
341.28 -0.177
341.351 -0.178
341.422 -0.179
341.493 -0.18
341.562 -0.181
341.631 -0.182
341.699 -0.183
341.766 -0.184
341.834 -0.185
341.901 -0.186
341.968 -0.187
342.035 -0.188
342.101 -0.189
342.166 -0.19
342.231 -0.191
342.295 -0.192
342.359 -0.193
342.422 -0.194
342.485 -0.195
342.548 -0.196
342.611 -0.197
342.674 -0.198
342.735 -0.199
342.795 -0.2
342.856 -0.201
342.915 -0.202
342.975 -0.203
343.034 -0.204
343.094 -0.205
343.153 -0.206
343.212 -0.207
343.27 -0.208
343.327 -0.209
343.383 -0.21
343.438 -0.211
343.494 -0.212
343.55 -0.213
343.605 -0.214
343.66 -0.215
343.715 -0.216
343.77 -0.217
343.824 -0.218
343.878 -0.219
343.932 -0.22
343.984 -0.221
344.037 -0.222
344.088 -0.223
344.139 -0.224
344.19 -0.225
344.24 -0.226
344.291 -0.227
344.342 -0.228
344.392 -0.229
344.442 -0.23
344.493 -0.231
344.543 -0.232
344.593 -0.233
344.643 -0.234
344.692 -0.235
344.742 -0.236
344.791 -0.237
344.84 -0.238
344.889 -0.239
344.937 -0.24
344.985 -0.241
345.033 -0.242
345.081 -0.243
345.128 -0.244
345.176 -0.245
345.223 -0.246
345.27 -0.247
345.318 -0.248
345.365 -0.249
345.412 -0.25
345.459 -0.251
345.505 -0.252
345.552 -0.253
345.598 -0.254
345.645 -0.255
345.691 -0.256
345.737 -0.257
345.784 -0.258
345.829 -0.259
345.875 -0.26
345.921 -0.261
345.967 -0.262
346.012 -0.263
346.058 -0.264
346.103 -0.265
346.148 -0.266
346.193 -0.267
346.238 -0.268
346.282 -0.269
346.327 -0.27
346.371 -0.271
346.415 -0.272
346.459 -0.273
346.503 -0.274
346.547 -0.275
346.591 -0.276
346.634 -0.277
346.677 -0.278
346.719 -0.279
346.762 -0.28
346.805 -0.281
346.847 -0.282
346.889 -0.283
346.932 -0.284
346.974 -0.285
347.016 -0.286
347.058 -0.287
347.101 -0.288
347.143 -0.289
347.184 -0.29
347.226 -0.291
347.268 -0.292
347.31 -0.293
347.352 -0.294
347.393 -0.295
347.435 -0.296
347.476 -0.297
347.518 -0.298
347.559 -0.299
347.601 -0.3
347.642 -0.301
347.682 -0.302
347.723 -0.303
347.763 -0.304
347.804 -0.305
347.844 -0.306
347.884 -0.307
347.925 -0.308
347.965 -0.309
348.005 -0.31
348.045 -0.311
348.086 -0.312
348.126 -0.313
348.166 -0.314
348.206 -0.315
348.246 -0.316
348.286 -0.317
348.326 -0.318
348.366 -0.319
348.406 -0.32
348.446 -0.321
348.486 -0.322
348.526 -0.323
348.565 -0.324
348.604 -0.325
348.643 -0.326
348.682 -0.327
348.72 -0.328
348.759 -0.329
348.798 -0.33
348.836 -0.331
348.875 -0.332
348.913 -0.333
348.952 -0.334
348.991 -0.335
349.029 -0.336
349.068 -0.337
349.106 -0.338
349.145 -0.339
349.183 -0.34
349.222 -0.341
349.26 -0.342
349.299 -0.343
349.337 -0.344
349.374 -0.345
349.41 -0.346
349.446 -0.347
349.483 -0.348
349.519 -0.349
349.555 -0.35
349.592 -0.351
349.628 -0.352
349.664 -0.353
349.701 -0.354
349.738 -0.355
349.774 -0.356
349.811 -0.357
349.848 -0.358
349.884 -0.359
349.921 -0.36
349.958 -0.361
349.994 -0.362
350.031 -0.363
350.068 -0.364
350.105 -0.365
350.141 -0.366
350.178 -0.367
350.215 -0.368
350.251 -0.369
350.288 -0.37
350.325 -0.371
350.362 -0.372
350.398 -0.373
350.435 -0.374
350.472 -0.375
350.509 -0.376
350.545 -0.377
350.582 -0.378
350.619 -0.379
350.656 -0.38
350.693 -0.381
350.73 -0.382
350.767 -0.383
350.804 -0.384
350.841 -0.385
350.878 -0.386
350.915 -0.387
350.953 -0.388
350.99 -0.389
351.027 -0.39
351.064 -0.391
351.101 -0.392
351.139 -0.393
351.176 -0.394
351.213 -0.395
351.251 -0.396
351.288 -0.397
351.325 -0.398
351.363 -0.399
351.4 -0.4
351.437 -0.401
351.475 -0.402
351.512 -0.403
351.55 -0.404
351.587 -0.405
351.625 -0.406
351.662 -0.407
351.7 -0.408
351.737 -0.409
351.775 -0.41
351.812 -0.411
351.85 -0.412
351.888 -0.413
351.925 -0.414
351.963 -0.415
352.001 -0.416
352.038 -0.417
352.076 -0.418
352.114 -0.419
352.152 -0.42
352.19 -0.421
352.228 -0.422
352.266 -0.423
352.304 -0.424
352.342 -0.425
352.38 -0.426
352.418 -0.427
352.457 -0.428
352.495 -0.429
352.533 -0.43
352.571 -0.431
352.61 -0.432
352.648 -0.433
352.686 -0.434
352.725 -0.435
352.763 -0.436
352.802 -0.437
352.84 -0.438
352.879 -0.439
352.917 -0.44
352.956 -0.441
352.995 -0.442
353.033 -0.443
353.072 -0.444
353.111 -0.445
353.149 -0.446
353.188 -0.447
353.227 -0.448
353.266 -0.449
353.305 -0.45
353.344 -0.451
353.383 -0.452
353.422 -0.453
353.461 -0.454
353.5 -0.455
353.54 -0.456
353.579 -0.457
353.618 -0.458
353.658 -0.459
353.697 -0.46
353.736 -0.461
353.776 -0.462
353.815 -0.463
353.855 -0.464
353.895 -0.465
353.934 -0.466
353.974 -0.467
354.014 -0.468
354.053 -0.469
354.093 -0.47
354.133 -0.471
354.173 -0.472
354.213 -0.473
354.253 -0.474
354.293 -0.475
354.333 -0.476
354.373 -0.477
354.413 -0.478
354.454 -0.479
354.494 -0.48
354.534 -0.481
354.575 -0.482
354.615 -0.483
354.656 -0.484
354.696 -0.485
354.737 -0.486
354.777 -0.487
354.818 -0.488
354.859 -0.489
354.9 -0.49
354.941 -0.491
354.982 -0.492
355.023 -0.493
355.064 -0.494
355.105 -0.495
355.146 -0.496
355.187 -0.497
355.229 -0.498
355.27 -0.499
355.311 -0.5
355.353 -0.501
355.395 -0.502
355.436 -0.503
355.478 -0.504
355.519 -0.505
355.561 -0.506
355.603 -0.507
355.644 -0.508
355.686 -0.509
355.728 -0.51
355.77 -0.511
355.812 -0.512
355.854 -0.513
355.896 -0.514
355.938 -0.515
355.981 -0.516
356.023 -0.517
356.065 -0.518
356.108 -0.519
356.15 -0.52
356.193 -0.521
356.235 -0.522
356.278 -0.523
356.321 -0.524
356.364 -0.525
356.407 -0.526
356.45 -0.527
356.493 -0.528
356.536 -0.529
356.579 -0.53
356.622 -0.531
356.666 -0.532
356.709 -0.533
356.753 -0.534
356.796 -0.535
356.84 -0.536
356.883 -0.537
356.927 -0.538
356.97 -0.539
357.014 -0.54
357.058 -0.541
357.102 -0.542
357.146 -0.543
357.189 -0.544
357.234 -0.545
357.278 -0.546
357.322 -0.547
357.366 -0.548
357.41 -0.549
357.455 -0.55
357.499 -0.551
357.544 -0.552
357.588 -0.553
357.633 -0.554
357.678 -0.555
357.723 -0.556
357.768 -0.557
357.813 -0.558
357.858 -0.559
357.903 -0.56
357.948 -0.561
357.993 -0.562
358.038 -0.563
358.084 -0.564
358.129 -0.565
358.174 -0.566
358.219 -0.567
358.265 -0.568
358.31 -0.569
358.356 -0.57
358.401 -0.571
358.447 -0.572
358.493 -0.573
358.539 -0.574
358.585 -0.575
358.631 -0.576
358.677 -0.577
358.723 -0.578
358.77 -0.579
358.816 -0.58
358.863 -0.581
358.909 -0.582
358.956 -0.583
359.003 -0.584
359.05 -0.585
359.097 -0.586
359.144 -0.587
359.191 -0.588
359.238 -0.589
359.286 -0.59
359.333 -0.591
359.381 -0.592
359.429 -0.593
359.476 -0.594
359.524 -0.595
359.571 -0.596
359.619 -0.597
359.667 -0.598
359.715 -0.599
359.763 -0.6
359.811 -0.601
359.859 -0.602
359.908 -0.603
359.956 -0.604
360.005 -0.605
360.053 -0.606
360.102 -0.607
360.151 -0.608
360.2 -0.609
360.249 -0.61
360.298 -0.611
360.347 -0.612
360.397 -0.613
360.447 -0.614
360.496 -0.615
360.546 -0.616
360.596 -0.617
360.646 -0.618
360.696 -0.619
360.747 -0.62
360.797 -0.621
360.848 -0.622
360.898 -0.623
360.949 -0.624
361 -0.625
361.051 -0.626
361.102 -0.627
361.153 -0.628
361.204 -0.629
361.256 -0.63
361.307 -0.631
361.359 -0.632
361.41 -0.633
361.462 -0.634
361.514 -0.635
361.567 -0.636
361.619 -0.637
361.671 -0.638
361.724 -0.639
361.777 -0.64
361.829 -0.641
361.882 -0.642
361.935 -0.643
361.988 -0.644
362.042 -0.645
362.095 -0.646
362.149 -0.647
362.202 -0.648
362.256 -0.649
362.31 -0.65
362.364 -0.651
362.418 -0.652
362.472 -0.653
362.526 -0.654
362.581 -0.655
362.635 -0.656
362.69 -0.657
362.745 -0.658
362.8 -0.659
362.855 -0.66
362.91 -0.661
362.965 -0.662
363.021 -0.663
363.076 -0.664
363.132 -0.665
363.188 -0.666
363.244 -0.667
363.3 -0.668
363.356 -0.669
363.412 -0.67
363.469 -0.671
363.525 -0.672
363.582 -0.673
363.639 -0.674
363.696 -0.675
363.753 -0.676
363.81 -0.677
363.867 -0.678
363.924 -0.679
363.982 -0.68
364.04 -0.681
364.097 -0.682
364.155 -0.683
364.213 -0.684
364.272 -0.685
364.33 -0.686
364.388 -0.687
364.447 -0.688
364.506 -0.689
364.565 -0.69
364.624 -0.691
364.683 -0.692
364.742 -0.693
364.801 -0.694
364.861 -0.695
364.921 -0.696
364.98 -0.697
365.04 -0.698
365.101 -0.699
365.161 -0.7
365.221 -0.701
365.282 -0.702
365.342 -0.703
365.403 -0.704
365.464 -0.705
365.525 -0.706
365.586 -0.707
365.648 -0.708
365.709 -0.709
365.771 -0.71
365.833 -0.711
365.895 -0.712
365.957 -0.713
366.019 -0.714
366.082 -0.715
366.144 -0.716
366.207 -0.717
366.27 -0.718
366.333 -0.719
366.396 -0.72
366.459 -0.721
366.523 -0.722
366.586 -0.723
366.65 -0.724
366.714 -0.725
366.778 -0.726
366.842 -0.727
366.907 -0.728
366.971 -0.729
367.036 -0.73
367.101 -0.731
367.166 -0.732
367.231 -0.733
367.296 -0.734
367.362 -0.735
367.427 -0.736
367.493 -0.737
367.559 -0.738
367.625 -0.739
367.691 -0.74
367.758 -0.741
367.824 -0.742
367.891 -0.743
367.958 -0.744
368.025 -0.745
368.093 -0.746
368.16 -0.747
368.228 -0.748
368.295 -0.749
368.363 -0.75
368.431 -0.751
368.499 -0.752
368.568 -0.753
368.636 -0.754
368.705 -0.755
368.774 -0.756
368.843 -0.757
368.912 -0.758
368.982 -0.759
369.051 -0.76
369.121 -0.761
369.191 -0.762
369.261 -0.763
369.331 -0.764
369.402 -0.765
369.472 -0.766
369.543 -0.767
369.614 -0.768
369.685 -0.769
369.756 -0.77
369.828 -0.771
369.899 -0.772
369.971 -0.773
370.043 -0.774
370.115 -0.775
370.187 -0.776
370.26 -0.777
370.332 -0.778
370.405 -0.779
370.478 -0.78
370.551 -0.781
370.624 -0.782
370.698 -0.783
370.771 -0.784
370.845 -0.785
370.919 -0.786
370.993 -0.787
371.068 -0.788
371.142 -0.789
371.217 -0.79
371.291 -0.791
371.366 -0.792
371.442 -0.793
371.517 -0.794
371.593 -0.795
371.668 -0.796
371.744 -0.797
371.82 -0.798
371.897 -0.799
371.973 -0.8
372.05 -0.801
372.126 -0.802
372.203 -0.803
372.281 -0.804
372.358 -0.805
372.436 -0.806
372.513 -0.807
372.591 -0.808
372.67 -0.809
372.748 -0.81
372.826 -0.811
372.905 -0.812
372.984 -0.813
373.063 -0.814
373.142 -0.815
373.222 -0.816
373.301 -0.817
373.381 -0.818
373.461 -0.819
373.542 -0.82
373.622 -0.821
373.703 -0.822
373.783 -0.823
373.864 -0.824
373.946 -0.825
374.027 -0.826
374.109 -0.827
374.19 -0.828
374.272 -0.829
374.355 -0.83
374.437 -0.831
374.52 -0.832
374.602 -0.833
374.685 -0.834
374.768 -0.835
374.852 -0.836
374.935 -0.837
375.019 -0.838
375.103 -0.839
375.187 -0.84
375.271 -0.841
375.355 -0.842
375.44 -0.843
375.525 -0.844
375.61 -0.845
375.695 -0.846
375.781 -0.847
375.866 -0.848
375.952 -0.849
376.038 -0.85
376.124 -0.851
376.211 -0.852
376.297 -0.853
376.384 -0.854
376.471 -0.855
376.558 -0.856
376.646 -0.857
376.734 -0.858
376.821 -0.859
376.909 -0.86
376.998 -0.861
377.086 -0.862
377.175 -0.863
377.264 -0.864
377.353 -0.865
377.442 -0.866
377.531 -0.867
377.621 -0.868
377.711 -0.869
377.801 -0.87
377.891 -0.871
377.982 -0.872
378.073 -0.873
378.163 -0.874
378.255 -0.875
378.346 -0.876
378.437 -0.877
378.529 -0.878
378.621 -0.879
378.713 -0.88
378.806 -0.881
378.899 -0.882
378.991 -0.883
379.085 -0.884
379.178 -0.885
379.271 -0.886
379.365 -0.887
379.459 -0.888
379.553 -0.889
379.647 -0.89
379.742 -0.891
379.837 -0.892
379.932 -0.893
380.027 -0.894
380.123 -0.895
380.218 -0.896
380.314 -0.897
380.41 -0.898
380.507 -0.899
380.603 -0.9
380.7 -0.901
380.797 -0.902
380.895 -0.903
380.992 -0.904
381.09 -0.905
381.188 -0.906
381.286 -0.907
381.384 -0.908
381.483 -0.909
381.582 -0.91
381.681 -0.911
381.78 -0.912
381.88 -0.913
381.98 -0.914
382.08 -0.915
382.18 -0.916
382.28 -0.917
382.381 -0.918
382.482 -0.919
382.584 -0.92
382.686 -0.921
382.788 -0.922
382.89 -0.923
382.992 -0.924
383.095 -0.925
383.198 -0.926
383.301 -0.927
383.405 -0.928
383.509 -0.929
383.613 -0.93
383.717 -0.931
383.822 -0.932
383.927 -0.933
384.032 -0.934
384.138 -0.935
384.243 -0.936
384.349 -0.937
384.455 -0.938
384.562 -0.939
384.669 -0.94
384.776 -0.941
384.883 -0.942
384.99 -0.943
385.098 -0.944
385.206 -0.945
385.314 -0.946
385.423 -0.947
385.531 -0.948
385.64 -0.949
385.75 -0.95
385.859 -0.951
385.969 -0.952
386.079 -0.953
386.189 -0.954
386.299 -0.955
386.41 -0.956
386.521 -0.957
386.632 -0.958
386.743 -0.959
386.855 -0.96
386.967 -0.961
387.079 -0.962
387.192 -0.963
387.305 -0.964
387.417 -0.965
387.531 -0.966
387.644 -0.967
387.758 -0.968
387.872 -0.969
387.986 -0.97
388.101 -0.971
388.215 -0.972
388.33 -0.973
388.446 -0.974
388.561 -0.975
388.677 -0.976
388.793 -0.977
388.909 -0.978
389.026 -0.979
389.143 -0.98
389.26 -0.981
389.377 -0.982
389.495 -0.983
389.613 -0.984
389.731 -0.985
389.849 -0.986
389.968 -0.987
390.086 -0.988
390.206 -0.989
390.325 -0.99
390.445 -0.991
390.565 -0.992
390.685 -0.993
390.805 -0.994
390.926 -0.995
391.047 -0.996
391.168 -0.997
391.29 -0.998
391.412 -0.999
391.534 -1
391.656 -1.001
391.779 -1.002
391.902 -1.003
392.025 -1.004
392.148 -1.005
392.272 -1.006
392.396 -1.007
392.52 -1.008
392.645 -1.009
392.77 -1.01
392.895 -1.011
393.02 -1.012
393.146 -1.013
393.272 -1.014
393.398 -1.015
393.524 -1.016
393.651 -1.017
393.778 -1.018
393.905 -1.019
394.033 -1.02
394.161 -1.021
394.289 -1.022
394.417 -1.023
394.546 -1.024
394.675 -1.025
394.804 -1.026
394.934 -1.027
395.064 -1.028
395.194 -1.029
395.324 -1.03
395.454 -1.031
395.585 -1.032
395.716 -1.033
395.848 -1.034
395.98 -1.035
396.112 -1.036
396.244 -1.037
396.377 -1.038
396.51 -1.039
396.643 -1.04
396.777 -1.041
396.91 -1.042
397.045 -1.043
397.179 -1.044
397.314 -1.045
397.449 -1.046
397.584 -1.047
397.72 -1.048
397.856 -1.049
397.992 -1.05
398.129 -1.051
398.266 -1.052
398.403 -1.053
398.541 -1.054
398.679 -1.055
398.817 -1.056
398.955 -1.057
399.094 -1.058
399.233 -1.059
399.372 -1.06
399.512 -1.061
399.652 -1.062
399.793 -1.063
399.933 -1.064
400.074 -1.065
400.216 -1.066
400.357 -1.067
400.499 -1.068
400.641 -1.069
400.784 -1.07
400.926 -1.071
401.069 -1.072
401.213 -1.073
401.356 -1.074
401.5 -1.075
401.645 -1.076
401.789 -1.077
401.934 -1.078
402.079 -1.079
402.224 -1.08
402.37 -1.081
402.516 -1.082
402.662 -1.083
402.809 -1.084
402.956 -1.085
403.103 -1.086
403.25 -1.087
403.398 -1.088
403.546 -1.089
403.695 -1.09
403.844 -1.091
403.993 -1.092
404.142 -1.093
404.292 -1.094
404.442 -1.095
404.592 -1.096
404.743 -1.097
404.894 -1.098
405.045 -1.099
405.197 -1.1
405.349 -1.101
405.501 -1.102
405.653 -1.103
405.806 -1.104
405.959 -1.105
406.113 -1.106
406.266 -1.107
406.42 -1.108
406.574 -1.109
406.728 -1.11
406.883 -1.111
407.038 -1.112
407.193 -1.113
407.349 -1.114
407.505 -1.115
407.661 -1.116
407.818 -1.117
407.975 -1.118
408.132 -1.119
408.289 -1.12
408.447 -1.121
408.605 -1.122
408.764 -1.123
408.923 -1.124
409.082 -1.125
409.241 -1.126
409.401 -1.127
409.561 -1.128
409.722 -1.129
409.883 -1.13
410.044 -1.131
410.205 -1.132
410.367 -1.133
410.53 -1.134
410.693 -1.135
410.856 -1.136
411.019 -1.137
411.181 -1.138
411.344 -1.139
411.505 -1.14
411.625 -1.141
411.782 -1.142
411.94 -1.143
412.097 -1.144
412.255 -1.145
412.413 -1.146
412.572 -1.147
412.731 -1.148
412.89 -1.149
413.049 -1.15
413.21 -1.151
413.383 -1.152
413.556 -1.153
413.73 -1.154
413.904 -1.155
414.078 -1.156
414.252 -1.157
414.427 -1.158
414.602 -1.159
414.776 -1.16
414.95 -1.161
415.124 -1.162
415.296 -1.163
415.468 -1.164
415.64 -1.165
415.813 -1.166
415.986 -1.167
416.159 -1.168
416.332 -1.169
416.506 -1.17
416.68 -1.171
416.855 -1.172
417.03 -1.173
417.205 -1.174
417.381 -1.175
417.558 -1.176
417.734 -1.177
417.911 -1.178
418.088 -1.179
418.263 -1.18
418.408 -1.181
418.58 -1.182
418.752 -1.183
418.924 -1.184
419.097 -1.185
419.269 -1.186
419.442 -1.187
419.616 -1.188
419.79 -1.189
419.964 -1.19
420.138 -1.191
420.316 -1.192
420.507 -1.193
420.697 -1.194
420.887 -1.195
421.078 -1.196
421.269 -1.197
421.461 -1.198
421.651 -1.199
421.838 -1.2
