19.1511 -0.001
38.2675 -0.002
57.3487 -0.003
76.3942 -0.004
95.4035 -0.005
114.376 -0.006
133.311 -0.007
152.209 -0.008
171.068 -0.009
189.888 -0.01
208.668 -0.011
227.409 -0.012
246.108 -0.013
264.766 -0.014
283.382 -0.015
301.955 -0.016
320.484 -0.017
338.968 -0.018
357.407 -0.019
375.8 -0.02
394.146 -0.021
412.441 -0.022
430.217 -0.023
446.297 -0.024
459.582 -0.025
471.704 -0.026
482.847 -0.027
493.486 -0.028
504.059 -0.029
514.573 -0.03
525.021 -0.031
535.406 -0.032
545.743 -0.033
556.047 -0.034
566.304 -0.035
576.162 -0.036
584.977 -0.037
592.192 -0.038
596.812 -0.039
600.804 -0.04
604.755 -0.041
608.658 -0.042
612.504 -0.043
616.253 -0.044
619.838 -0.045
623.164 -0.046
626.245 -0.047
628.902 -0.048
631.295 -0.049
633.095 -0.05
634.183 -0.051
634.964 -0.052
635.709 -0.053
636.422 -0.054
637.102 -0.055
637.752 -0.056
638.378 -0.057
638.975 -0.058
639.544 -0.059
640.081 -0.06
640.598 -0.061
641.096 -0.062
641.578 -0.063
642.05 -0.064
642.516 -0.065
642.976 -0.066
643.435 -0.067
643.893 -0.068
644.347 -0.069
644.797 -0.07
645.244 -0.071
645.687 -0.072
646.123 -0.073
646.552 -0.074
646.974 -0.075
647.391 -0.076
647.801 -0.077
648.206 -0.078
648.601 -0.079
648.99 -0.08
649.369 -0.081
649.741 -0.082
650.106 -0.083
650.465 -0.084
650.817 -0.085
651.161 -0.086
651.501 -0.087
651.833 -0.088
652.158 -0.089
652.473 -0.09
652.78 -0.091
653.081 -0.092
653.376 -0.093
653.666 -0.094
653.952 -0.095
654.234 -0.096
654.512 -0.097
654.783 -0.098
655.05 -0.099
655.313 -0.1
655.575 -0.101
655.834 -0.102
656.09 -0.103
656.343 -0.104
656.594 -0.105
656.844 -0.106
657.091 -0.107
657.336 -0.108
657.579 -0.109
657.821 -0.11
658.063 -0.111
658.304 -0.112
658.542 -0.113
658.777 -0.114
659.011 -0.115
659.245 -0.116
659.477 -0.117
659.707 -0.118
659.935 -0.119
660.163 -0.12
660.39 -0.121
660.617 -0.122
660.842 -0.123
661.065 -0.124
661.287 -0.125
661.507 -0.126
661.726 -0.127
661.944 -0.128
662.162 -0.129
662.379 -0.13
662.595 -0.131
662.811 -0.132
663.025 -0.133
663.239 -0.134
663.452 -0.135
663.665 -0.136
663.876 -0.137
664.087 -0.138
664.296 -0.139
664.505 -0.14
664.714 -0.141
664.922 -0.142
665.129 -0.143
665.336 -0.144
665.542 -0.145
665.746 -0.146
665.95 -0.147
666.153 -0.148
666.355 -0.149
666.557 -0.15
666.759 -0.151
666.961 -0.152
667.162 -0.153
667.361 -0.154
667.56 -0.155
667.759 -0.156
667.957 -0.157
668.155 -0.158
668.352 -0.159
668.547 -0.16
668.741 -0.161
668.935 -0.162
669.128 -0.163
669.321 -0.164
669.513 -0.165
669.705 -0.166
669.897 -0.167
670.088 -0.168
670.278 -0.169
670.467 -0.17
670.656 -0.171
670.845 -0.172
671.032 -0.173
671.218 -0.174
671.402 -0.175
671.587 -0.176
671.771 -0.177
671.955 -0.178
672.138 -0.179
672.321 -0.18
672.502 -0.181
672.681 -0.182
672.86 -0.183
673.039 -0.184
673.218 -0.185
673.397 -0.186
673.576 -0.187
673.753 -0.188
673.928 -0.189
674.103 -0.19
674.277 -0.191
674.451 -0.192
674.624 -0.193
674.797 -0.194
674.971 -0.195
675.144 -0.196
675.317 -0.197
675.489 -0.198
675.659 -0.199
675.829 -0.2
675.999 -0.201
676.169 -0.202
676.339 -0.203
676.508 -0.204
676.678 -0.205
676.847 -0.206
677.016 -0.207
677.185 -0.208
677.354 -0.209
677.522 -0.21
677.691 -0.211
677.86 -0.212
678.028 -0.213
678.196 -0.214
678.364 -0.215
678.532 -0.216
678.7 -0.217
678.868 -0.218
679.034 -0.219
679.2 -0.22
679.365 -0.221
679.531 -0.222
679.696 -0.223
679.862 -0.224
680.027 -0.225
680.192 -0.226
680.358 -0.227
680.523 -0.228
680.688 -0.229
680.853 -0.23
681.018 -0.231
681.183 -0.232
681.348 -0.233
681.513 -0.234
681.678 -0.235
681.843 -0.236
682.008 -0.237
682.172 -0.238
682.337 -0.239
682.502 -0.24
682.666 -0.241
682.83 -0.242
682.992 -0.243
683.154 -0.244
683.317 -0.245
683.479 -0.246
683.641 -0.247
683.803 -0.248
683.965 -0.249
684.127 -0.25
684.289 -0.251
684.451 -0.252
684.612 -0.253
684.774 -0.254
684.936 -0.255
685.098 -0.256
685.259 -0.257
685.421 -0.258
685.582 -0.259
685.744 -0.26
685.905 -0.261
686.066 -0.262
686.228 -0.263
686.389 -0.264
686.55 -0.265
686.711 -0.266
686.872 -0.267
687.033 -0.268
687.194 -0.269
687.355 -0.27
687.516 -0.271
687.677 -0.272
687.838 -0.273
687.999 -0.274
688.159 -0.275
688.32 -0.276
688.481 -0.277
688.641 -0.278
688.802 -0.279
688.962 -0.28
689.123 -0.281
689.283 -0.282
689.443 -0.283
689.602 -0.284
689.761 -0.285
689.921 -0.286
690.08 -0.287
690.239 -0.288
690.398 -0.289
690.557 -0.29
690.716 -0.291
690.874 -0.292
691.033 -0.293
691.191 -0.294
691.349 -0.295
691.507 -0.296
691.665 -0.297
691.823 -0.298
691.981 -0.299
692.139 -0.3
692.297 -0.301
692.455 -0.302
692.612 -0.303
692.77 -0.304
692.928 -0.305
693.086 -0.306
693.243 -0.307
693.401 -0.308
693.558 -0.309
693.716 -0.31
693.873 -0.311
694.031 -0.312
694.188 -0.313
694.346 -0.314
694.503 -0.315
694.66 -0.316
694.818 -0.317
694.975 -0.318
695.132 -0.319
695.289 -0.32
695.447 -0.321
695.604 -0.322
695.761 -0.323
695.918 -0.324
696.075 -0.325
696.232 -0.326
696.389 -0.327
696.546 -0.328
696.703 -0.329
696.86 -0.33
697.017 -0.331
697.174 -0.332
697.331 -0.333
697.488 -0.334
697.645 -0.335
697.801 -0.336
697.958 -0.337
698.114 -0.338
698.27 -0.339
698.426 -0.34
698.582 -0.341
698.738 -0.342
698.893 -0.343
699.049 -0.344
699.204 -0.345
699.359 -0.346
699.514 -0.347
699.668 -0.348
699.823 -0.349
699.978 -0.35
700.132 -0.351
700.287 -0.352
700.442 -0.353
700.596 -0.354
700.751 -0.355
700.906 -0.356
701.06 -0.357
701.215 -0.358
701.369 -0.359
701.524 -0.36
701.678 -0.361
701.833 -0.362
701.987 -0.363
702.141 -0.364
702.296 -0.365
702.45 -0.366
702.604 -0.367
702.758 -0.368
702.912 -0.369
703.066 -0.37
703.22 -0.371
703.374 -0.372
703.528 -0.373
703.682 -0.374
703.836 -0.375
703.99 -0.376
704.144 -0.377
704.298 -0.378
704.452 -0.379
704.606 -0.38
704.76 -0.381
704.914 -0.382
705.068 -0.383
705.222 -0.384
705.376 -0.385
705.53 -0.386
705.684 -0.387
705.838 -0.388
705.992 -0.389
706.146 -0.39
706.3 -0.391
706.454 -0.392
706.607 -0.393
706.761 -0.394
706.914 -0.395
707.068 -0.396
707.221 -0.397
707.374 -0.398
707.527 -0.399
707.681 -0.4
707.834 -0.401
707.987 -0.402
708.14 -0.403
708.293 -0.404
708.447 -0.405
708.6 -0.406
708.753 -0.407
708.906 -0.408
709.059 -0.409
709.212 -0.41
709.364 -0.411
709.517 -0.412
709.67 -0.413
709.822 -0.414
709.974 -0.415
710.127 -0.416
710.279 -0.417
710.431 -0.418
710.584 -0.419
710.736 -0.42
710.889 -0.421
711.042 -0.422
711.194 -0.423
711.347 -0.424
711.499 -0.425
711.652 -0.426
711.805 -0.427
711.957 -0.428
712.11 -0.429
712.263 -0.43
712.415 -0.431
712.567 -0.432
712.719 -0.433
712.87 -0.434
713.022 -0.435
713.174 -0.436
713.326 -0.437
713.477 -0.438
713.629 -0.439
713.781 -0.44
713.932 -0.441
714.084 -0.442
714.236 -0.443
714.387 -0.444
714.539 -0.445
714.691 -0.446
714.842 -0.447
714.994 -0.448
715.145 -0.449
715.297 -0.45
715.448 -0.451
715.599 -0.452
715.751 -0.453
715.902 -0.454
716.053 -0.455
716.204 -0.456
716.355 -0.457
716.506 -0.458
716.657 -0.459
716.808 -0.46
716.959 -0.461
717.11 -0.462
717.26 -0.463
717.411 -0.464
717.562 -0.465
717.712 -0.466
717.863 -0.467
718.013 -0.468
718.163 -0.469
718.314 -0.47
718.464 -0.471
718.614 -0.472
718.763 -0.473
718.911 -0.474
719.06 -0.475
719.209 -0.476
719.357 -0.477
719.506 -0.478
719.654 -0.479
719.801 -0.48
719.949 -0.481
720.095 -0.482
720.241 -0.483
720.386 -0.484
720.533 -0.485
720.68 -0.486
720.826 -0.487
720.972 -0.488
721.118 -0.489
721.263 -0.49
721.407 -0.491
721.551 -0.492
721.695 -0.493
721.839 -0.494
721.983 -0.495
722.128 -0.496
722.273 -0.497
722.417 -0.498
722.561 -0.499
722.704 -0.5
722.847 -0.501
722.989 -0.502
723.132 -0.503
723.276 -0.504
723.419 -0.505
723.563 -0.506
723.707 -0.507
723.85 -0.508
723.994 -0.509
724.137 -0.51
724.28 -0.511
724.425 -0.512
724.569 -0.513
724.713 -0.514
724.856 -0.515
725 -0.516
725.145 -0.517
725.291 -0.518
725.436 -0.519
725.581 -0.52
725.726 -0.521
725.871 -0.522
726.016 -0.523
726.162 -0.524
726.308 -0.525
726.454 -0.526
726.601 -0.527
726.748 -0.528
726.895 -0.529
727.043 -0.53
727.19 -0.531
727.337 -0.532
727.484 -0.533
727.632 -0.534
727.779 -0.535
727.927 -0.536
728.074 -0.537
728.222 -0.538
728.369 -0.539
728.518 -0.54
728.666 -0.541
728.815 -0.542
728.963 -0.543
729.112 -0.544
729.26 -0.545
729.409 -0.546
729.557 -0.547
729.705 -0.548
729.853 -0.549
730.001 -0.55
730.149 -0.551
730.296 -0.552
730.444 -0.553
730.591 -0.554
730.739 -0.555
730.886 -0.556
731.034 -0.557
731.182 -0.558
731.33 -0.559
731.478 -0.56
731.626 -0.561
731.775 -0.562
731.924 -0.563
732.073 -0.564
732.221 -0.565
732.37 -0.566
732.519 -0.567
732.668 -0.568
732.817 -0.569
732.966 -0.57
733.114 -0.571
733.263 -0.572
733.412 -0.573
733.56 -0.574
733.708 -0.575
733.857 -0.576
734.005 -0.577
734.153 -0.578
734.301 -0.579
734.449 -0.58
734.597 -0.581
734.745 -0.582
734.893 -0.583
735.04 -0.584
735.188 -0.585
735.335 -0.586
735.483 -0.587
735.63 -0.588
735.777 -0.589
735.924 -0.59
736.072 -0.591
736.22 -0.592
736.369 -0.593
736.518 -0.594
736.667 -0.595
736.816 -0.596
736.965 -0.597
737.114 -0.598
737.263 -0.599
737.411 -0.6
737.56 -0.601
737.708 -0.602
737.856 -0.603
738.004 -0.604
738.152 -0.605
738.3 -0.606
738.448 -0.607
738.596 -0.608
738.743 -0.609
738.891 -0.61
739.038 -0.611
739.185 -0.612
739.332 -0.613
739.48 -0.614
739.627 -0.615
739.774 -0.616
739.921 -0.617
740.068 -0.618
740.214 -0.619
740.36 -0.62
740.501 -0.621
740.646 -0.622
740.791 -0.623
740.936 -0.624
741.08 -0.625
741.223 -0.626
741.366 -0.627
741.508 -0.628
741.649 -0.629
741.789 -0.63
741.926 -0.631
742.066 -0.632
742.207 -0.633
742.352 -0.634
742.495 -0.635
742.637 -0.636
742.779 -0.637
742.921 -0.638
743.062 -0.639
743.203 -0.64
743.343 -0.641
743.48 -0.642
743.617 -0.643
743.755 -0.644
743.894 -0.645
744.038 -0.646
744.181 -0.647
744.325 -0.648
744.469 -0.649
744.612 -0.65
744.756 -0.651
744.899 -0.652
745.043 -0.653
745.186 -0.654
745.33 -0.655
745.474 -0.656
745.613 -0.657
745.747 -0.658
745.854 -0.659
745.978 -0.66
746.102 -0.661
746.226 -0.662
746.349 -0.663
746.473 -0.664
746.603 -0.665
746.737 -0.666
746.887 -0.667
747.026 -0.668
747.166 -0.669
747.304 -0.67
747.442 -0.671
747.578 -0.672
747.713 -0.673
747.846 -0.674
747.976 -0.675
748.098 -0.676
748.206 -0.677
748.288 -0.678
748.306 -0.679
748.208 -0.68
748.054 -0.681
747.898 -0.682
747.742 -0.683
747.667 -0.684
747.764 -0.685
747.879 -0.686
748.121 -0.687
748.219 -0.688
748.177 -0.689
748.024 -0.69
747.86 -0.691
747.694 -0.692
747.557 -0.693
747.736 -0.694
747.98 -0.695
748.335 -0.696
748.748 -0.697
749.11 -0.698
749.425 -0.699
749.7 -0.7
749.966 -0.701
750.23 -0.702
750.491 -0.703
750.75 -0.704
751.006 -0.705
751.256 -0.706
751.48 -0.707
751.669 -0.708
751.841 -0.709
751.993 -0.71
752.141 -0.711
752.289 -0.712
752.438 -0.713
752.586 -0.714
752.735 -0.715
752.883 -0.716
753.032 -0.717
753.181 -0.718
753.33 -0.719
753.478 -0.72
753.627 -0.721
753.777 -0.722
753.927 -0.723
754.077 -0.724
754.227 -0.725
754.378 -0.726
754.528 -0.727
754.679 -0.728
754.829 -0.729
754.98 -0.73
755.13 -0.731
755.28 -0.732
755.43 -0.733
755.58 -0.734
755.729 -0.735
755.879 -0.736
756.028 -0.737
756.178 -0.738
756.327 -0.739
756.476 -0.74
756.624 -0.741
756.772 -0.742
756.92 -0.743
757.069 -0.744
757.218 -0.745
757.366 -0.746
757.513 -0.747
757.661 -0.748
757.809 -0.749
757.955 -0.75
758.101 -0.751
758.242 -0.752
758.375 -0.753
758.487 -0.754
758.577 -0.755
758.645 -0.756
758.693 -0.757
758.715 -0.758
758.875 -0.759
759.041 -0.76
759.193 -0.761
759.336 -0.762
759.451 -0.763
759.529 -0.764
759.516 -0.765
759.447 -0.766
759.339 -0.767
759.249 -0.768
759.377 -0.769
759.688 -0.77
759.902 -0.771
760.074 -0.772
760.232 -0.773
760.391 -0.774
760.554 -0.775
760.676 -0.776
760.757 -0.777
760.824 -0.778
760.889 -0.779
760.959 -0.78
761.034 -0.781
761.115 -0.782
761.191 -0.783
761.267 -0.784
761.346 -0.785
761.428 -0.786
761.51 -0.787
761.595 -0.788
761.68 -0.789
761.801 -0.79
761.928 -0.791
762.064 -0.792
762.24 -0.793
762.43 -0.794
762.626 -0.795
762.815 -0.796
762.991 -0.797
763.187 -0.798
763.385 -0.799
763.577 -0.8
