9.1859 -0.001
18.3412 -0.002
27.4658 -0.003
36.5595 -0.004
45.6221 -0.005
54.6533 -0.006
63.6529 -0.007
72.6208 -0.008
81.5566 -0.009
90.4601 -0.01
99.3311 -0.011
108.169 -0.012
116.974 -0.013
125.746 -0.014
134.484 -0.015
143.189 -0.016
151.859 -0.017
160.494 -0.018
169.094 -0.019
177.659 -0.02
186.189 -0.021
194.682 -0.022
203.139 -0.023
211.559 -0.024
219.942 -0.025
228.286 -0.026
236.467 -0.027
243.754 -0.028
250.43 -0.029
257.071 -0.03
263.681 -0.031
270.254 -0.032
276.796 -0.033
283.302 -0.034
289.774 -0.035
296.216 -0.036
302.627 -0.037
309.006 -0.038
315.354 -0.039
321.67 -0.04
327.957 -0.041
334.204 -0.042
340.129 -0.043
345.193 -0.044
348.904 -0.045
352.454 -0.046
355.948 -0.047
359.39 -0.048
362.77 -0.049
366.105 -0.05
369.386 -0.051
372.615 -0.052
375.798 -0.053
378.937 -0.054
382.004 -0.055
384.947 -0.056
387.756 -0.057
390.315 -0.058
392.584 -0.059
394.318 -0.06
395.941 -0.061
397.536 -0.062
399.104 -0.063
400.646 -0.064
402.162 -0.065
403.653 -0.066
405.12 -0.067
406.556 -0.068
407.954 -0.069
409.311 -0.07
410.617 -0.071
411.849 -0.072
412.968 -0.073
414.002 -0.074
415.015 -0.075
415.945 -0.076
416.699 -0.077
417.261 -0.078
417.684 -0.079
418.044 -0.08
418.378 -0.081
418.69 -0.082
418.98 -0.083
419.225 -0.084
419.41 -0.085
419.549 -0.086
419.663 -0.087
419.747 -0.088
419.802 -0.089
419.825 -0.09
419.823 -0.091
419.809 -0.092
419.783 -0.093
419.745 -0.094
419.696 -0.095
419.637 -0.096
419.569 -0.097
419.491 -0.098
419.405 -0.099
419.312 -0.1
419.212 -0.101
419.107 -0.102
418.995 -0.103
418.878 -0.104
418.756 -0.105
418.629 -0.106
418.497 -0.107
418.36 -0.108
418.217 -0.109
418.067 -0.11
417.911 -0.111
417.748 -0.112
417.579 -0.113
417.405 -0.114
417.228 -0.115
417.047 -0.116
416.862 -0.117
416.674 -0.118
416.482 -0.119
416.288 -0.12
416.09 -0.121
415.889 -0.122
415.685 -0.123
415.478 -0.124
415.269 -0.125
415.057 -0.126
414.843 -0.127
414.626 -0.128
414.407 -0.129
414.185 -0.13
413.961 -0.131
413.735 -0.132
413.507 -0.133
413.277 -0.134
413.045 -0.135
412.811 -0.136
412.576 -0.137
412.339 -0.138
412.101 -0.139
411.861 -0.14
411.619 -0.141
411.377 -0.142
411.133 -0.143
410.888 -0.144
410.641 -0.145
410.394 -0.146
410.145 -0.147
409.895 -0.148
409.644 -0.149
409.393 -0.15
409.14 -0.151
408.887 -0.152
408.632 -0.153
408.378 -0.154
408.123 -0.155
407.867 -0.156
407.611 -0.157
407.354 -0.158
407.097 -0.159
406.839 -0.16
406.581 -0.161
406.323 -0.162
406.064 -0.163
405.805 -0.164
405.546 -0.165
405.287 -0.166
405.027 -0.167
404.768 -0.168
404.508 -0.169
404.248 -0.17
403.989 -0.171
403.729 -0.172
403.469 -0.173
403.209 -0.174
402.95 -0.175
402.691 -0.176
402.437 -0.177
402.184 -0.178
401.935 -0.179
401.688 -0.18
401.444 -0.181
401.202 -0.182
400.963 -0.183
400.727 -0.184
400.492 -0.185
400.261 -0.186
400.03 -0.187
399.8 -0.188
399.571 -0.189
399.342 -0.19
399.113 -0.191
398.885 -0.192
398.657 -0.193
398.43 -0.194
398.203 -0.195
397.977 -0.196
397.752 -0.197
397.527 -0.198
397.303 -0.199
397.079 -0.2
396.858 -0.201
396.639 -0.202
396.42 -0.203
396.205 -0.204
395.997 -0.205
395.79 -0.206
395.591 -0.207
395.393 -0.208
395.201 -0.209
395.013 -0.21
394.828 -0.211
394.649 -0.212
394.472 -0.213
394.301 -0.214
394.132 -0.215
393.968 -0.216
393.807 -0.217
393.646 -0.218
393.487 -0.219
393.329 -0.22
393.171 -0.221
393.015 -0.222
392.859 -0.223
392.705 -0.224
392.552 -0.225
392.4 -0.226
392.249 -0.227
392.099 -0.228
391.95 -0.229
391.802 -0.23
391.656 -0.231
391.51 -0.232
391.366 -0.233
391.223 -0.234
391.082 -0.235
390.942 -0.236
390.802 -0.237
390.668 -0.238
390.535 -0.239
390.403 -0.24
390.275 -0.241
390.151 -0.242
390.028 -0.243
389.908 -0.244
389.791 -0.245
389.676 -0.246
389.564 -0.247
389.456 -0.248
389.349 -0.249
389.244 -0.25
389.144 -0.251
389.046 -0.252
388.949 -0.253
388.855 -0.254
388.765 -0.255
388.677 -0.256
388.59 -0.257
388.505 -0.258
388.423 -0.259
388.342 -0.26
388.263 -0.261
388.186 -0.262
388.11 -0.263
388.036 -0.264
387.965 -0.265
387.895 -0.266
387.827 -0.267
387.76 -0.268
387.695 -0.269
387.632 -0.27
387.57 -0.271
387.51 -0.272
387.452 -0.273
387.395 -0.274
387.34 -0.275
387.287 -0.276
387.236 -0.277
387.186 -0.278
387.138 -0.279
387.092 -0.28
387.048 -0.281
387.005 -0.282
386.965 -0.283
386.926 -0.284
386.889 -0.285
386.854 -0.286
386.82 -0.287
386.789 -0.288
386.759 -0.289
386.731 -0.29
386.706 -0.291
386.682 -0.292
386.661 -0.293
386.643 -0.294
386.626 -0.295
386.612 -0.296
386.601 -0.297
386.593 -0.298
386.588 -0.299
386.586 -0.3
386.587 -0.301
386.59 -0.302
386.595 -0.303
386.605 -0.304
386.618 -0.305
386.633 -0.306
386.651 -0.307
386.671 -0.308
386.695 -0.309
386.721 -0.31
386.751 -0.311
386.783 -0.312
386.818 -0.313
386.855 -0.314
386.896 -0.315
386.94 -0.316
386.986 -0.317
387.034 -0.318
387.085 -0.319
387.137 -0.32
387.193 -0.321
387.252 -0.322
387.312 -0.323
387.375 -0.324
387.441 -0.325
387.508 -0.326
387.577 -0.327
387.649 -0.328
387.723 -0.329
387.8 -0.33
387.879 -0.331
387.96 -0.332
388.043 -0.333
388.129 -0.334
388.217 -0.335
388.308 -0.336
388.4 -0.337
388.496 -0.338
388.594 -0.339
388.694 -0.34
388.797 -0.341
388.902 -0.342
389.009 -0.343
389.119 -0.344
389.231 -0.345
389.346 -0.346
389.463 -0.347
389.583 -0.348
389.705 -0.349
389.83 -0.35
389.957 -0.351
390.086 -0.352
390.218 -0.353
390.353 -0.354
390.49 -0.355
390.629 -0.356
390.772 -0.357
390.917 -0.358
391.064 -0.359
391.214 -0.36
391.367 -0.361
391.522 -0.362
391.681 -0.363
391.842 -0.364
392.006 -0.365
392.172 -0.366
392.341 -0.367
392.513 -0.368
392.687 -0.369
392.865 -0.37
393.044 -0.371
393.226 -0.372
393.412 -0.373
393.6 -0.374
393.79 -0.375
393.983 -0.376
394.179 -0.377
394.378 -0.378
394.579 -0.379
394.784 -0.38
394.99 -0.381
395.199 -0.382
395.411 -0.383
395.627 -0.384
395.844 -0.385
396.064 -0.386
396.285 -0.387
396.506 -0.388
396.727 -0.389
396.949 -0.39
397.168 -0.391
397.386 -0.392
397.593 -0.393
397.799 -0.394
398.007 -0.395
398.217 -0.396
398.428 -0.397
398.64 -0.398
398.853 -0.399
399.069 -0.4
399.284 -0.401
399.501 -0.402
399.72 -0.403
399.941 -0.404
400.161 -0.405
400.384 -0.406
400.609 -0.407
400.835 -0.408
401.062 -0.409
401.29 -0.41
401.522 -0.411
401.755 -0.412
401.987 -0.413
402.222 -0.414
402.459 -0.415
402.699 -0.416
402.941 -0.417
403.187 -0.418
403.434 -0.419
403.684 -0.42
403.937 -0.421
404.193 -0.422
404.451 -0.423
404.712 -0.424
404.975 -0.425
405.241 -0.426
405.51 -0.427
405.782 -0.428
406.057 -0.429
406.334 -0.43
406.613 -0.431
406.896 -0.432
407.181 -0.433
407.469 -0.434
407.76 -0.435
408.054 -0.436
408.351 -0.437
408.65 -0.438
408.952 -0.439
409.257 -0.44
409.559 -0.441
409.864 -0.442
410.172 -0.443
410.482 -0.444
410.796 -0.445
411.112 -0.446
411.431 -0.447
411.753 -0.448
412.076 -0.449
412.398 -0.45
412.723 -0.451
413.051 -0.452
413.381 -0.453
413.714 -0.454
414.051 -0.455
414.39 -0.456
414.729 -0.457
415.068 -0.458
415.41 -0.459
415.755 -0.46
416.102 -0.461
416.453 -0.462
416.806 -0.463
417.159 -0.464
417.512 -0.465
417.868 -0.466
418.227 -0.467
418.589 -0.468
418.953 -0.469
419.318 -0.47
419.683 -0.471
420.05 -0.472
420.421 -0.473
420.795 -0.474
421.169 -0.475
421.543 -0.476
421.916 -0.477
422.29 -0.478
422.667 -0.479
423.046 -0.48
423.428 -0.481
423.814 -0.482
424.202 -0.483
424.59 -0.484
424.978 -0.485
425.37 -0.486
425.764 -0.487
426.161 -0.488
426.56 -0.489
426.952 -0.49
427.348 -0.491
427.746 -0.492
428.141 -0.493
428.534 -0.494
428.926 -0.495
429.316 -0.496
429.709 -0.497
430.099 -0.498
430.482 -0.499
430.866 -0.5
431.249 -0.501
431.632 -0.502
432.003 -0.503
432.374 -0.504
432.748 -0.505
433.124 -0.506
433.501 -0.507
433.878 -0.508
434.258 -0.509
434.641 -0.51
435.026 -0.511
435.41 -0.512
435.797 -0.513
436.186 -0.514
436.578 -0.515
436.969 -0.516
437.363 -0.517
437.759 -0.518
438.157 -0.519
438.558 -0.52
438.962 -0.521
439.368 -0.522
439.777 -0.523
440.188 -0.524
440.603 -0.525
441.02 -0.526
441.439 -0.527
441.862 -0.528
442.287 -0.529
442.715 -0.53
443.145 -0.531
443.578 -0.532
444.013 -0.533
444.451 -0.534
444.891 -0.535
445.333 -0.536
445.778 -0.537
446.225 -0.538
446.675 -0.539
447.128 -0.54
447.583 -0.541
448.04 -0.542
448.5 -0.543
448.962 -0.544
449.427 -0.545
449.895 -0.546
450.366 -0.547
450.84 -0.548
451.314 -0.549
451.788 -0.55
452.264 -0.551
452.74 -0.552
453.216 -0.553
453.696 -0.554
454.173 -0.555
454.652 -0.556
455.133 -0.557
455.612 -0.558
456.092 -0.559
456.575 -0.56
457.055 -0.561
457.538 -0.562
458.02 -0.563
458.499 -0.564
458.98 -0.565
459.462 -0.566
459.945 -0.567
460.43 -0.568
460.915 -0.569
461.402 -0.57
461.888 -0.571
462.378 -0.572
462.867 -0.573
463.358 -0.574
463.85 -0.575
464.343 -0.576
464.839 -0.577
465.337 -0.578
465.838 -0.579
466.343 -0.58
466.85 -0.581
467.36 -0.582
467.874 -0.583
468.39 -0.584
468.909 -0.585
469.431 -0.586
469.957 -0.587
470.485 -0.588
471.015 -0.589
471.543 -0.59
472.075 -0.591
472.607 -0.592
473.138 -0.593
473.673 -0.594
474.206 -0.595
474.741 -0.596
475.279 -0.597
475.814 -0.598
476.353 -0.599
476.893 -0.6
477.431 -0.601
477.972 -0.602
478.514 -0.603
479.056 -0.604
479.6 -0.605
480.148 -0.606
480.698 -0.607
481.252 -0.608
481.806 -0.609
482.363 -0.61
482.922 -0.611
483.482 -0.612
484.045 -0.613
484.611 -0.614
485.177 -0.615
485.746 -0.616
486.318 -0.617
486.89 -0.618
487.466 -0.619
488.044 -0.62
488.623 -0.621
489.206 -0.622
489.79 -0.623
490.376 -0.624
490.965 -0.625
491.557 -0.626
492.151 -0.627
492.749 -0.628
493.35 -0.629
493.954 -0.63
494.562 -0.631
495.172 -0.632
495.785 -0.633
496.402 -0.634
497.022 -0.635
497.644 -0.636
498.27 -0.637
498.895 -0.638
499.521 -0.639
500.147 -0.64
500.775 -0.641
501.402 -0.642
502.03 -0.643
502.658 -0.644
503.286 -0.645
503.915 -0.646
504.542 -0.647
505.172 -0.648
505.804 -0.649
506.44 -0.65
507.079 -0.651
507.721 -0.652
508.366 -0.653
509.014 -0.654
509.665 -0.655
510.319 -0.656
510.976 -0.657
511.636 -0.658
512.299 -0.659
512.966 -0.66
513.635 -0.661
514.308 -0.662
514.983 -0.663
515.661 -0.664
516.342 -0.665
517.027 -0.666
517.714 -0.667
518.405 -0.668
519.099 -0.669
519.793 -0.67
520.488 -0.671
521.184 -0.672
521.88 -0.673
522.576 -0.674
523.273 -0.675
523.97 -0.676
524.667 -0.677
525.364 -0.678
526.061 -0.679
526.759 -0.68
527.458 -0.681
528.156 -0.682
528.856 -0.683
529.558 -0.684
530.264 -0.685
530.971 -0.686
531.681 -0.687
532.391 -0.688
533.103 -0.689
533.817 -0.69
534.532 -0.691
535.25 -0.692
535.972 -0.693
536.695 -0.694
537.419 -0.695
538.146 -0.696
538.877 -0.697
539.61 -0.698
540.345 -0.699
541.082 -0.7
541.823 -0.701
542.564 -0.702
543.301 -0.703
544.041 -0.704
544.784 -0.705
545.525 -0.706
546.264 -0.707
547.004 -0.708
547.748 -0.709
548.494 -0.71
549.244 -0.711
549.995 -0.712
550.742 -0.713
551.492 -0.714
552.239 -0.715
552.988 -0.716
553.74 -0.717
554.494 -0.718
555.25 -0.719
556.01 -0.72
556.772 -0.721
557.538 -0.722
558.306 -0.723
559.077 -0.724
559.847 -0.725
560.616 -0.726
561.386 -0.727
562.16 -0.728
562.936 -0.729
563.714 -0.73
564.495 -0.731
565.278 -0.732
566.061 -0.733
566.841 -0.734
567.612 -0.735
568.38 -0.736
569.148 -0.737
569.916 -0.738
570.684 -0.739
571.452 -0.74
572.222 -0.741
572.993 -0.742
573.764 -0.743
574.538 -0.744
575.315 -0.745
576.094 -0.746
576.872 -0.747
577.621 -0.748
578.369 -0.749
579.115 -0.75
579.86 -0.751
580.603 -0.752
581.349 -0.753
582.097 -0.754
582.848 -0.755
583.599 -0.756
584.351 -0.757
585.105 -0.758
585.86 -0.759
586.616 -0.76
587.373 -0.761
588.132 -0.762
588.893 -0.763
589.657 -0.764
590.422 -0.765
591.189 -0.766
591.957 -0.767
592.725 -0.768
593.494 -0.769
594.26 -0.77
595.025 -0.771
595.791 -0.772
596.557 -0.773
597.323 -0.774
598.09 -0.775
598.858 -0.776
599.628 -0.777
600.399 -0.778
601.172 -0.779
601.946 -0.78
602.722 -0.781
603.501 -0.782
604.277 -0.783
605.042 -0.784
605.807 -0.785
606.574 -0.786
607.343 -0.787
608.112 -0.788
608.883 -0.789
609.643 -0.79
610.391 -0.791
611.139 -0.792
611.887 -0.793
612.635 -0.794
613.38 -0.795
614.124 -0.796
614.867 -0.797
615.61 -0.798
616.354 -0.799
617.1 -0.8
617.846 -0.801
618.595 -0.802
619.345 -0.803
620.098 -0.804
620.852 -0.805
621.608 -0.806
622.365 -0.807
623.123 -0.808
623.883 -0.809
624.643 -0.81
625.402 -0.811
626.16 -0.812
626.913 -0.813
627.663 -0.814
628.413 -0.815
629.161 -0.816
629.911 -0.817
630.66 -0.818
631.409 -0.819
632.156 -0.82
632.903 -0.821
633.651 -0.822
634.402 -0.823
635.155 -0.824
635.909 -0.825
636.666 -0.826
637.425 -0.827
638.186 -0.828
638.948 -0.829
639.713 -0.83
640.48 -0.831
641.248 -0.832
642.018 -0.833
642.79 -0.834
643.564 -0.835
644.34 -0.836
645.117 -0.837
645.898 -0.838
646.68 -0.839
647.464 -0.84
648.25 -0.841
649.038 -0.842
649.829 -0.843
650.621 -0.844
651.416 -0.845
652.213 -0.846
653.012 -0.847
653.813 -0.848
654.616 -0.849
655.42 -0.85
656.223 -0.851
657.025 -0.852
657.83 -0.853
658.632 -0.854
659.435 -0.855
660.238 -0.856
661.038 -0.857
661.84 -0.858
662.638 -0.859
663.437 -0.86
664.233 -0.861
665.028 -0.862
665.818 -0.863
666.611 -0.864
667.406 -0.865
668.202 -0.866
669.001 -0.867
669.801 -0.868
670.602 -0.869
671.405 -0.87
672.209 -0.871
673.016 -0.872
673.824 -0.873
674.634 -0.874
675.445 -0.875
676.258 -0.876
677.073 -0.877
677.89 -0.878
678.707 -0.879
679.525 -0.88
680.345 -0.881
681.167 -0.882
681.989 -0.883
682.813 -0.884
683.638 -0.885
684.466 -0.886
685.291 -0.887
686.097 -0.888
686.9 -0.889
687.701 -0.89
688.501 -0.891
689.297 -0.892
690.091 -0.893
690.883 -0.894
691.677 -0.895
692.472 -0.896
693.27 -0.897
694.069 -0.898
694.87 -0.899
695.673 -0.9
696.478 -0.901
697.285 -0.902
698.093 -0.903
698.903 -0.904
699.715 -0.905
700.529 -0.906
701.345 -0.907
702.163 -0.908
702.982 -0.909
703.804 -0.91
704.627 -0.911
705.452 -0.912
706.277 -0.913
707.103 -0.914
707.926 -0.915
708.742 -0.916
709.546 -0.917
710.2 -0.918
710.818 -0.919
711.414 -0.92
712.009 -0.921
712.604 -0.922
713.197 -0.923
713.79 -0.924
714.382 -0.925
714.973 -0.926
715.564 -0.927
716.156 -0.928
716.748 -0.929
717.34 -0.93
717.932 -0.931
718.523 -0.932
719.115 -0.933
719.707 -0.934
720.299 -0.935
720.892 -0.936
721.485 -0.937
722.078 -0.938
722.672 -0.939
723.266 -0.94
723.86 -0.941
724.455 -0.942
725.051 -0.943
725.646 -0.944
726.242 -0.945
726.839 -0.946
727.435 -0.947
728.032 -0.948
728.628 -0.949
729.225 -0.95
729.821 -0.951
730.417 -0.952
731.014 -0.953
731.612 -0.954
732.209 -0.955
732.807 -0.956
733.405 -0.957
734.004 -0.958
734.603 -0.959
735.201 -0.96
735.8 -0.961
736.399 -0.962
736.999 -0.963
737.599 -0.964
738.199 -0.965
738.8 -0.966
739.401 -0.967
740.003 -0.968
740.605 -0.969
741.207 -0.97
741.81 -0.971
742.413 -0.972
743.017 -0.973
743.621 -0.974
744.226 -0.975
744.831 -0.976
745.436 -0.977
746.042 -0.978
746.648 -0.979
747.255 -0.98
747.862 -0.981
748.47 -0.982
749.078 -0.983
749.687 -0.984
750.296 -0.985
750.906 -0.986
751.517 -0.987
752.128 -0.988
752.741 -0.989
753.356 -0.99
753.973 -0.991
754.591 -0.992
755.209 -0.993
755.828 -0.994
756.447 -0.995
757.067 -0.996
757.688 -0.997
758.309 -0.998
758.931 -0.999
759.555 -1
760.181 -1.001
760.807 -1.002
761.434 -1.003
762.061 -1.004
762.689 -1.005
763.317 -1.006
763.945 -1.007
764.575 -1.008
765.205 -1.009
765.837 -1.01
766.47 -1.011
767.104 -1.012
767.738 -1.013
768.372 -1.014
769.007 -1.015
769.641 -1.016
770.277 -1.017
770.914 -1.018
771.551 -1.019
772.189 -1.02
772.827 -1.021
773.466 -1.022
774.104 -1.023
774.741 -1.024
775.376 -1.025
775.986 -1.026
776.568 -1.027
777.147 -1.028
777.724 -1.029
778.296 -1.03
778.855 -1.031
779.414 -1.032
779.973 -1.033
780.53 -1.034
781.088 -1.035
781.645 -1.036
782.202 -1.037
782.758 -1.038
783.313 -1.039
783.867 -1.04
784.421 -1.041
784.975 -1.042
785.529 -1.043
786.084 -1.044
786.638 -1.045
787.193 -1.046
787.747 -1.047
788.302 -1.048
788.856 -1.049
789.411 -1.05
789.965 -1.051
790.52 -1.052
791.075 -1.053
791.63 -1.054
792.185 -1.055
792.739 -1.056
793.294 -1.057
793.85 -1.058
794.405 -1.059
794.96 -1.06
795.515 -1.061
796.07 -1.062
796.625 -1.063
797.18 -1.064
797.735 -1.065
798.291 -1.066
798.846 -1.067
799.401 -1.068
799.956 -1.069
800.511 -1.07
801.065 -1.071
801.619 -1.072
802.173 -1.073
802.727 -1.074
803.281 -1.075
803.835 -1.076
804.388 -1.077
804.942 -1.078
805.496 -1.079
806.049 -1.08
806.603 -1.081
807.156 -1.082
807.71 -1.083
808.263 -1.084
808.817 -1.085
809.37 -1.086
809.924 -1.087
810.478 -1.088
811.032 -1.089
811.585 -1.09
812.139 -1.091
812.693 -1.092
813.247 -1.093
813.801 -1.094
814.355 -1.095
814.909 -1.096
815.463 -1.097
816.018 -1.098
816.572 -1.099
817.126 -1.1
