21.6676 -0.001
43.268 -0.002
64.7999 -0.003
86.2619 -0.004
107.652 -0.005
128.97 -0.006
150.213 -0.007
171.38 -0.008
192.469 -0.009
213.477 -0.01
234.403 -0.011
255.245 -0.012
275.18 -0.013
288.338 -0.014
300.236 -0.015
312.029 -0.016
323.71 -0.017
335.291 -0.018
346.799 -0.019
357.772 -0.02
367.383 -0.021
374.664 -0.022
381.698 -0.023
388.665 -0.024
395.548 -0.025
402.341 -0.026
409.034 -0.027
415.648 -0.028
422.21 -0.029
428.733 -0.03
435.228 -0.031
441.702 -0.032
448.156 -0.033
454.588 -0.034
460.998 -0.035
467.384 -0.036
473.746 -0.037
480.083 -0.038
486.394 -0.039
492.672 -0.04
498.542 -0.041
503.592 -0.042
506.938 -0.043
509.612 -0.044
512.259 -0.045
514.869 -0.046
517.453 -0.047
520.01 -0.048
522.525 -0.049
525.015 -0.05
527.486 -0.051
529.926 -0.052
532.34 -0.053
534.732 -0.054
537.119 -0.055
539.513 -0.056
541.904 -0.057
544.293 -0.058
546.679 -0.059
549.072 -0.06
551.466 -0.061
553.854 -0.062
556.184 -0.063
558.452 -0.064
560.528 -0.065
562.557 -0.066
564.228 -0.067
565.837 -0.068
566.96 -0.069
567.598 -0.07
568.181 -0.071
568.761 -0.072
569.332 -0.073
569.894 -0.074
570.441 -0.075
570.973 -0.076
571.491 -0.077
571.998 -0.078
572.489 -0.079
572.963 -0.08
573.421 -0.081
573.864 -0.082
574.292 -0.083
574.704 -0.084
575.096 -0.085
575.478 -0.086
575.853 -0.087
576.222 -0.088
576.589 -0.089
576.955 -0.09
577.319 -0.091
577.682 -0.092
578.043 -0.093
578.403 -0.094
578.762 -0.095
579.119 -0.096
579.475 -0.097
579.829 -0.098
580.182 -0.099
580.533 -0.1
580.882 -0.101
581.23 -0.102
581.577 -0.103
581.922 -0.104
582.265 -0.105
582.605 -0.106
582.944 -0.107
583.279 -0.108
583.612 -0.109
583.943 -0.11
584.272 -0.111
584.598 -0.112
584.921 -0.113
585.24 -0.114
585.555 -0.115
585.868 -0.116
586.176 -0.117
586.482 -0.118
586.784 -0.119
587.085 -0.12
587.382 -0.121
587.677 -0.122
587.968 -0.123
588.255 -0.124
588.54 -0.125
588.821 -0.126
589.1 -0.127
589.375 -0.128
589.648 -0.129
589.918 -0.13
590.186 -0.131
590.451 -0.132
590.713 -0.133
590.972 -0.134
591.228 -0.135
591.481 -0.136
591.732 -0.137
591.98 -0.138
592.226 -0.139
592.47 -0.14
592.712 -0.141
592.951 -0.142
593.189 -0.143
593.423 -0.144
593.655 -0.145
593.886 -0.146
594.113 -0.147
594.338 -0.148
594.562 -0.149
594.784 -0.15
595.004 -0.151
595.221 -0.152
595.438 -0.153
595.654 -0.154
595.867 -0.155
596.08 -0.156
596.292 -0.157
596.503 -0.158
596.712 -0.159
596.92 -0.16
597.127 -0.161
597.332 -0.162
597.537 -0.163
597.74 -0.164
597.942 -0.165
598.142 -0.166
598.341 -0.167
598.539 -0.168
598.736 -0.169
598.932 -0.17
599.126 -0.171
599.319 -0.172
599.511 -0.173
599.702 -0.174
599.892 -0.175
600.081 -0.176
600.269 -0.177
600.457 -0.178
600.643 -0.179
600.829 -0.18
601.014 -0.181
601.197 -0.182
601.381 -0.183
601.563 -0.184
601.744 -0.185
601.925 -0.186
602.104 -0.187
602.283 -0.188
602.461 -0.189
602.638 -0.19
602.814 -0.191
602.988 -0.192
603.16 -0.193
603.33 -0.194
603.499 -0.195
603.667 -0.196
603.834 -0.197
604 -0.198
604.166 -0.199
604.331 -0.2
604.494 -0.201
604.658 -0.202
604.82 -0.203
604.977 -0.204
605.125 -0.205
605.272 -0.206
605.42 -0.207
605.563 -0.208
605.699 -0.209
605.835 -0.21
605.969 -0.211
606.103 -0.212
606.236 -0.213
606.369 -0.214
606.5 -0.215
606.631 -0.216
606.728 -0.217
606.799 -0.218
606.88 -0.219
606.973 -0.22
607.079 -0.221
607.18 -0.222
607.292 -0.223
607.407 -0.224
607.522 -0.225
607.632 -0.226
607.738 -0.227
607.852 -0.228
607.976 -0.229
608.098 -0.23
608.22 -0.231
608.341 -0.232
608.461 -0.233
608.582 -0.234
608.702 -0.235
608.817 -0.236
608.928 -0.237
609.039 -0.238
609.162 -0.239
609.287 -0.24
609.412 -0.241
609.535 -0.242
609.659 -0.243
609.782 -0.244
609.905 -0.245
610.028 -0.246
610.151 -0.247
610.275 -0.248
610.399 -0.249
610.522 -0.25
610.645 -0.251
610.767 -0.252
610.89 -0.253
611.016 -0.254
611.141 -0.255
611.265 -0.256
611.389 -0.257
611.514 -0.258
611.639 -0.259
611.764 -0.26
611.888 -0.261
612.011 -0.262
612.134 -0.263
612.258 -0.264
612.383 -0.265
612.507 -0.266
612.63 -0.267
612.753 -0.268
612.876 -0.269
612.999 -0.27
613.122 -0.271
613.245 -0.272
613.367 -0.273
613.489 -0.274
613.61 -0.275
613.732 -0.276
613.854 -0.277
613.975 -0.278
614.096 -0.279
614.217 -0.28
614.337 -0.281
614.455 -0.282
614.572 -0.283
614.688 -0.284
614.804 -0.285
614.919 -0.286
615.033 -0.287
615.148 -0.288
615.263 -0.289
615.377 -0.29
615.489 -0.291
615.6 -0.292
615.711 -0.293
615.826 -0.294
615.941 -0.295
616.055 -0.296
616.169 -0.297
616.282 -0.298
616.395 -0.299
616.506 -0.3
616.619 -0.301
616.73 -0.302
616.841 -0.303
616.951 -0.304
617.06 -0.305
617.165 -0.306
617.268 -0.307
617.375 -0.308
617.483 -0.309
617.59 -0.31
617.696 -0.311
617.799 -0.312
617.9 -0.313
618.002 -0.314
618.101 -0.315
618.202 -0.316
618.306 -0.317
618.41 -0.318
618.513 -0.319
618.618 -0.32
618.725 -0.321
618.831 -0.322
618.936 -0.323
619.04 -0.324
619.142 -0.325
619.241 -0.326
619.341 -0.327
619.443 -0.328
619.547 -0.329
619.652 -0.33
619.755 -0.331
619.859 -0.332
619.961 -0.333
620.064 -0.334
620.165 -0.335
620.266 -0.336
620.365 -0.337
620.461 -0.338
620.557 -0.339
620.652 -0.34
620.746 -0.341
620.84 -0.342
620.932 -0.343
621.023 -0.344
621.111 -0.345
621.201 -0.346
621.294 -0.347
621.393 -0.348
621.491 -0.349
621.588 -0.35
621.684 -0.351
621.78 -0.352
621.875 -0.353
621.969 -0.354
622.066 -0.355
622.161 -0.356
622.257 -0.357
622.353 -0.358
622.447 -0.359
622.541 -0.36
622.631 -0.361
622.717 -0.362
622.797 -0.363
622.886 -0.364
622.981 -0.365
623.076 -0.366
623.169 -0.367
623.261 -0.368
623.352 -0.369
623.44 -0.37
623.526 -0.371
623.611 -0.372
623.698 -0.373
623.781 -0.374
623.855 -0.375
623.929 -0.376
624.023 -0.377
624.116 -0.378
624.209 -0.379
624.301 -0.38
624.394 -0.381
624.488 -0.382
624.581 -0.383
624.675 -0.384
624.767 -0.385
624.858 -0.386
624.943 -0.387
625.021 -0.388
625.099 -0.389
625.195 -0.39
625.292 -0.391
625.388 -0.392
625.484 -0.393
625.58 -0.394
625.675 -0.395
625.769 -0.396
625.863 -0.397
625.956 -0.398
626.049 -0.399
626.138 -0.4
626.224 -0.401
626.313 -0.402
626.407 -0.403
626.5 -0.404
626.592 -0.405
626.683 -0.406
626.773 -0.407
626.861 -0.408
626.948 -0.409
627.031 -0.41
627.11 -0.411
627.182 -0.412
627.247 -0.413
627.297 -0.414
627.324 -0.415
627.33 -0.416
627.32 -0.417
627.368 -0.418
627.428 -0.419
627.467 -0.42
627.492 -0.421
627.509 -0.422
627.507 -0.423
627.489 -0.424
627.515 -0.425
627.605 -0.426
627.683 -0.427
627.746 -0.428
627.8 -0.429
627.849 -0.43
627.885 -0.431
627.977 -0.432
628.086 -0.433
628.188 -0.434
628.283 -0.435
628.365 -0.436
628.432 -0.437
628.528 -0.438
628.667 -0.439
628.819 -0.44
628.967 -0.441
629.108 -0.442
629.235 -0.443
629.358 -0.444
629.474 -0.445
629.574 -0.446
629.673 -0.447
629.773 -0.448
629.873 -0.449
629.972 -0.45
630.071 -0.451
630.17 -0.452
630.268 -0.453
630.366 -0.454
630.464 -0.455
630.565 -0.456
630.667 -0.457
630.769 -0.458
630.871 -0.459
630.973 -0.46
631.075 -0.461
631.178 -0.462
631.281 -0.463
631.383 -0.464
631.485 -0.465
631.588 -0.466
631.689 -0.467
631.791 -0.468
631.893 -0.469
631.994 -0.47
632.095 -0.471
632.197 -0.472
632.3 -0.473
632.402 -0.474
632.504 -0.475
632.607 -0.476
632.71 -0.477
632.813 -0.478
632.916 -0.479
633.018 -0.48
633.121 -0.481
633.223 -0.482
633.326 -0.483
633.428 -0.484
633.53 -0.485
633.632 -0.486
633.734 -0.487
633.836 -0.488
633.938 -0.489
634.04 -0.49
634.142 -0.491
634.243 -0.492
634.345 -0.493
634.447 -0.494
634.549 -0.495
634.65 -0.496
634.752 -0.497
634.854 -0.498
634.955 -0.499
635.056 -0.5
635.157 -0.501
635.258 -0.502
635.359 -0.503
635.46 -0.504
635.56 -0.505
635.661 -0.506
635.761 -0.507
635.861 -0.508
635.962 -0.509
636.062 -0.51
636.162 -0.511
636.262 -0.512
636.362 -0.513
636.461 -0.514
636.56 -0.515
636.658 -0.516
636.757 -0.517
636.855 -0.518
636.953 -0.519
637.05 -0.52
637.148 -0.521
637.245 -0.522
637.343 -0.523
637.442 -0.524
637.542 -0.525
637.643 -0.526
637.743 -0.527
637.843 -0.528
637.944 -0.529
638.044 -0.53
638.144 -0.531
638.244 -0.532
638.345 -0.533
638.445 -0.534
638.545 -0.535
638.646 -0.536
638.747 -0.537
638.849 -0.538
638.95 -0.539
639.052 -0.54
639.154 -0.541
639.255 -0.542
639.357 -0.543
639.458 -0.544
639.56 -0.545
639.661 -0.546
639.763 -0.547
639.864 -0.548
639.966 -0.549
640.067 -0.55
640.169 -0.551
640.27 -0.552
640.372 -0.553
640.474 -0.554
640.575 -0.555
640.677 -0.556
640.778 -0.557
640.88 -0.558
640.981 -0.559
641.082 -0.56
641.184 -0.561
641.285 -0.562
641.387 -0.563
641.488 -0.564
641.589 -0.565
641.691 -0.566
641.792 -0.567
641.893 -0.568
641.996 -0.569
642.1 -0.57
642.204 -0.571
642.308 -0.572
642.412 -0.573
642.516 -0.574
642.62 -0.575
642.724 -0.576
642.828 -0.577
642.931 -0.578
643.035 -0.579
643.139 -0.58
643.244 -0.581
643.348 -0.582
643.452 -0.583
643.556 -0.584
643.66 -0.585
643.765 -0.586
643.869 -0.587
643.973 -0.588
644.077 -0.589
644.181 -0.59
644.285 -0.591
644.39 -0.592
644.494 -0.593
644.598 -0.594
644.702 -0.595
644.806 -0.596
644.911 -0.597
645.015 -0.598
645.12 -0.599
645.224 -0.6
