5.28708 -0.001
10.5665 -0.002
15.8405 -0.003
21.1083 -0.004
26.3699 -0.005
31.6251 -0.006
36.8741 -0.007
42.1166 -0.008
47.3527 -0.009
52.5824 -0.01
57.8056 -0.011
63.0222 -0.012
68.2322 -0.013
73.4355 -0.014
78.6322 -0.015
83.8221 -0.016
89.0051 -0.017
94.1814 -0.018
99.3507 -0.019
104.513 -0.02
109.668 -0.021
114.817 -0.022
119.958 -0.023
125.092 -0.024
130.218 -0.025
135.338 -0.026
140.45 -0.027
145.554 -0.028
150.652 -0.029
155.741 -0.03
160.823 -0.031
165.897 -0.032
170.964 -0.033
176.022 -0.034
181.073 -0.035
186.116 -0.036
191.15 -0.037
196.177 -0.038
201.195 -0.039
206.205 -0.04
211.18 -0.041
215.896 -0.042
220.076 -0.043
223.339 -0.044
225.625 -0.045
227.477 -0.046
229.248 -0.047
230.926 -0.048
232.491 -0.049
233.885 -0.05
235.058 -0.051
236.137 -0.052
237.131 -0.053
238.041 -0.054
238.822 -0.055
239.476 -0.056
239.913 -0.057
240.226 -0.058
240.523 -0.059
240.809 -0.06
241.082 -0.061
241.346 -0.062
241.602 -0.063
241.852 -0.064
242.098 -0.065
242.338 -0.066
242.575 -0.067
242.807 -0.068
243.037 -0.069
243.262 -0.07
243.484 -0.071
243.702 -0.072
243.915 -0.073
244.124 -0.074
244.33 -0.075
244.531 -0.076
244.728 -0.077
244.919 -0.078
245.108 -0.079
245.293 -0.08
245.473 -0.081
245.649 -0.082
245.819 -0.083
245.986 -0.084
246.149 -0.085
246.309 -0.086
246.466 -0.087
246.619 -0.088
246.768 -0.089
246.913 -0.09
247.055 -0.091
247.195 -0.092
247.331 -0.093
247.464 -0.094
247.594 -0.095
247.722 -0.096
247.848 -0.097
247.971 -0.098
248.093 -0.099
248.213 -0.1
248.332 -0.101
248.449 -0.102
248.565 -0.103
248.68 -0.104
248.794 -0.105
248.906 -0.106
249.017 -0.107
249.128 -0.108
249.238 -0.109
249.346 -0.11
249.454 -0.111
249.562 -0.112
249.668 -0.113
249.774 -0.114
249.878 -0.115
249.982 -0.116
250.085 -0.117
250.188 -0.118
250.289 -0.119
250.389 -0.12
250.488 -0.121
250.587 -0.122
250.685 -0.123
250.781 -0.124
250.877 -0.125
250.972 -0.126
251.066 -0.127
251.16 -0.128
251.252 -0.129
251.343 -0.13
251.434 -0.131
251.525 -0.132
251.614 -0.133
251.703 -0.134
251.791 -0.135
251.878 -0.136
251.964 -0.137
252.049 -0.138
252.134 -0.139
252.218 -0.14
252.301 -0.141
252.383 -0.142
252.465 -0.143
252.546 -0.144
252.626 -0.145
252.706 -0.146
252.785 -0.147
252.864 -0.148
252.941 -0.149
253.018 -0.15
253.094 -0.151
253.17 -0.152
253.245 -0.153
253.319 -0.154
253.393 -0.155
253.467 -0.156
253.54 -0.157
253.612 -0.158
253.683 -0.159
253.754 -0.16
253.825 -0.161
253.895 -0.162
253.965 -0.163
254.034 -0.164
254.102 -0.165
254.17 -0.166
254.237 -0.167
254.304 -0.168
254.37 -0.169
254.436 -0.17
254.502 -0.171
254.566 -0.172
254.631 -0.173
254.695 -0.174
254.758 -0.175
254.821 -0.176
254.884 -0.177
254.946 -0.178
255.007 -0.179
255.069 -0.18
255.129 -0.181
255.19 -0.182
255.25 -0.183
255.309 -0.184
255.368 -0.185
255.427 -0.186
255.485 -0.187
255.542 -0.188
255.599 -0.189
255.656 -0.19
255.712 -0.191
255.768 -0.192
255.823 -0.193
255.878 -0.194
255.933 -0.195
255.987 -0.196
256.04 -0.197
256.093 -0.198
256.146 -0.199
256.198 -0.2
256.25 -0.201
256.302 -0.202
256.353 -0.203
256.403 -0.204
256.453 -0.205
256.502 -0.206
256.55 -0.207
256.598 -0.208
256.646 -0.209
256.693 -0.21
256.74 -0.211
256.786 -0.212
256.831 -0.213
256.876 -0.214
256.92 -0.215
256.963 -0.216
257.007 -0.217
257.049 -0.218
257.091 -0.219
257.133 -0.22
257.175 -0.221
257.216 -0.222
257.256 -0.223
257.296 -0.224
257.335 -0.225
257.374 -0.226
257.413 -0.227
257.451 -0.228
257.489 -0.229
257.526 -0.23
257.563 -0.231
257.599 -0.232
257.634 -0.233
257.669 -0.234
257.704 -0.235
257.739 -0.236
257.774 -0.237
257.808 -0.238
257.841 -0.239
257.874 -0.24
257.907 -0.241
257.939 -0.242
257.971 -0.243
258.003 -0.244
258.035 -0.245
258.066 -0.246
258.097 -0.247
258.128 -0.248
258.158 -0.249
258.188 -0.25
258.218 -0.251
258.247 -0.252
258.276 -0.253
258.304 -0.254
258.332 -0.255
258.36 -0.256
258.387 -0.257
258.414 -0.258
258.442 -0.259
258.468 -0.26
258.495 -0.261
258.521 -0.262
258.548 -0.263
258.573 -0.264
258.599 -0.265
258.624 -0.266
258.649 -0.267
258.673 -0.268
258.697 -0.269
258.721 -0.27
258.745 -0.271
258.768 -0.272
258.792 -0.273
258.815 -0.274
258.837 -0.275
258.86 -0.276
258.882 -0.277
258.904 -0.278
258.926 -0.279
258.948 -0.28
258.968 -0.281
258.989 -0.282
259.009 -0.283
259.029 -0.284
259.049 -0.285
259.069 -0.286
259.088 -0.287
259.107 -0.288
259.126 -0.289
259.145 -0.29
259.164 -0.291
259.182 -0.292
259.2 -0.293
259.218 -0.294
259.236 -0.295
259.254 -0.296
259.271 -0.297
259.288 -0.298
259.305 -0.299
259.322 -0.3
259.339 -0.301
259.355 -0.302
259.372 -0.303
259.388 -0.304
259.404 -0.305
259.42 -0.306
259.435 -0.307
259.451 -0.308
259.466 -0.309
259.481 -0.31
259.497 -0.311
259.511 -0.312
259.526 -0.313
259.54 -0.314
259.555 -0.315
259.569 -0.316
259.583 -0.317
259.596 -0.318
259.61 -0.319
259.623 -0.32
259.636 -0.321
259.65 -0.322
259.663 -0.323
259.675 -0.324
259.688 -0.325
259.701 -0.326
259.713 -0.327
259.725 -0.328
259.737 -0.329
259.749 -0.33
259.761 -0.331
259.773 -0.332
259.784 -0.333
259.796 -0.334
259.807 -0.335
259.818 -0.336
259.829 -0.337
259.84 -0.338
259.85 -0.339
259.861 -0.34
259.871 -0.341
259.882 -0.342
259.892 -0.343
259.902 -0.344
259.912 -0.345
259.921 -0.346
259.931 -0.347
259.941 -0.348
259.95 -0.349
259.959 -0.35
259.969 -0.351
259.978 -0.352
259.987 -0.353
259.995 -0.354
260.004 -0.355
260.012 -0.356
260.021 -0.357
260.029 -0.358
260.037 -0.359
260.045 -0.36
260.053 -0.361
260.061 -0.362
260.069 -0.363
260.077 -0.364
260.084 -0.365
260.092 -0.366
260.099 -0.367
260.106 -0.368
260.113 -0.369
260.12 -0.37
260.127 -0.371
260.134 -0.372
260.141 -0.373
260.147 -0.374
260.154 -0.375
260.161 -0.376
260.167 -0.377
260.173 -0.378
260.18 -0.379
260.186 -0.38
260.192 -0.381
260.198 -0.382
260.204 -0.383
260.21 -0.384
260.216 -0.385
260.221 -0.386
260.227 -0.387
260.233 -0.388
260.238 -0.389
260.244 -0.39
260.25 -0.391
260.255 -0.392
260.261 -0.393
260.266 -0.394
260.271 -0.395
260.276 -0.396
260.282 -0.397
260.287 -0.398
260.292 -0.399
260.297 -0.4
260.302 -0.401
260.307 -0.402
260.312 -0.403
260.316 -0.404
260.321 -0.405
260.326 -0.406
260.331 -0.407
260.335 -0.408
260.34 -0.409
260.344 -0.41
260.349 -0.411
260.353 -0.412
260.358 -0.413
260.362 -0.414
260.367 -0.415
260.371 -0.416
260.376 -0.417
260.38 -0.418
260.385 -0.419
260.389 -0.42
260.394 -0.421
260.398 -0.422
260.402 -0.423
260.407 -0.424
260.411 -0.425
260.416 -0.426
260.42 -0.427
260.424 -0.428
260.429 -0.429
260.433 -0.43
260.438 -0.431
260.442 -0.432
260.446 -0.433
260.451 -0.434
260.455 -0.435
260.46 -0.436
260.464 -0.437
260.469 -0.438
260.473 -0.439
260.478 -0.44
260.482 -0.441
260.486 -0.442
260.491 -0.443
260.495 -0.444
260.499 -0.445
260.504 -0.446
260.508 -0.447
260.513 -0.448
260.517 -0.449
260.522 -0.45
260.526 -0.451
260.531 -0.452
260.536 -0.453
260.541 -0.454
260.545 -0.455
260.55 -0.456
260.555 -0.457
260.56 -0.458
260.565 -0.459
260.57 -0.46
260.575 -0.461
260.58 -0.462
260.585 -0.463
260.59 -0.464
260.595 -0.465
260.601 -0.466
260.606 -0.467
260.611 -0.468
260.617 -0.469
260.622 -0.47
260.628 -0.471
260.634 -0.472
260.639 -0.473
260.645 -0.474
260.651 -0.475
260.657 -0.476
260.663 -0.477
260.669 -0.478
260.675 -0.479
260.681 -0.48
260.688 -0.481
260.694 -0.482
260.7 -0.483
260.707 -0.484
260.714 -0.485
260.72 -0.486
260.727 -0.487
260.734 -0.488
260.741 -0.489
260.748 -0.49
260.755 -0.491
260.762 -0.492
260.769 -0.493
260.777 -0.494
260.784 -0.495
260.792 -0.496
260.8 -0.497
260.807 -0.498
260.815 -0.499
260.823 -0.5
260.831 -0.501
260.839 -0.502
260.848 -0.503
260.856 -0.504
260.864 -0.505
260.873 -0.506
260.882 -0.507
260.891 -0.508
260.899 -0.509
260.909 -0.51
260.918 -0.511
260.927 -0.512
260.936 -0.513
260.946 -0.514
260.955 -0.515
260.965 -0.516
260.975 -0.517
260.985 -0.518
260.995 -0.519
261.005 -0.52
261.016 -0.521
261.026 -0.522
261.037 -0.523
261.048 -0.524
261.058 -0.525
261.069 -0.526
261.081 -0.527
261.092 -0.528
261.103 -0.529
261.115 -0.53
261.127 -0.531
261.138 -0.532
261.15 -0.533
261.162 -0.534
261.175 -0.535
261.187 -0.536
261.2 -0.537
261.212 -0.538
261.225 -0.539
261.238 -0.54
261.251 -0.541
261.265 -0.542
261.278 -0.543
261.292 -0.544
261.306 -0.545
261.32 -0.546
261.334 -0.547
261.348 -0.548
261.362 -0.549
261.377 -0.55
261.392 -0.551
261.407 -0.552
261.422 -0.553
261.437 -0.554
261.452 -0.555
261.468 -0.556
261.483 -0.557
261.499 -0.558
261.515 -0.559
261.532 -0.56
261.548 -0.561
261.565 -0.562
261.581 -0.563
261.598 -0.564
261.615 -0.565
261.633 -0.566
261.65 -0.567
261.668 -0.568
261.686 -0.569
261.704 -0.57
261.722 -0.571
261.741 -0.572
261.759 -0.573
261.778 -0.574
261.797 -0.575
261.816 -0.576
261.836 -0.577
261.855 -0.578
261.875 -0.579
261.895 -0.58
261.915 -0.581
261.936 -0.582
261.956 -0.583
261.977 -0.584
261.998 -0.585
262.02 -0.586
262.041 -0.587
262.063 -0.588
262.085 -0.589
262.107 -0.59
262.129 -0.591
262.152 -0.592
262.174 -0.593
262.197 -0.594
262.22 -0.595
262.244 -0.596
262.268 -0.597
262.291 -0.598
262.315 -0.599
262.34 -0.6
262.364 -0.601
262.389 -0.602
262.414 -0.603
262.439 -0.604
262.465 -0.605
262.491 -0.606
262.517 -0.607
262.543 -0.608
262.569 -0.609
262.596 -0.61
262.623 -0.611
262.65 -0.612
262.677 -0.613
262.705 -0.614
262.733 -0.615
262.761 -0.616
262.79 -0.617
262.818 -0.618
262.847 -0.619
262.876 -0.62
262.906 -0.621
262.935 -0.622
262.965 -0.623
262.996 -0.624
263.026 -0.625
263.057 -0.626
263.088 -0.627
263.119 -0.628
263.15 -0.629
263.182 -0.63
263.214 -0.631
263.247 -0.632
263.279 -0.633
263.312 -0.634
263.345 -0.635
263.379 -0.636
263.412 -0.637
263.446 -0.638
263.481 -0.639
263.515 -0.64
263.55 -0.641
263.585 -0.642
263.62 -0.643
263.656 -0.644
263.692 -0.645
263.728 -0.646
263.765 -0.647
263.802 -0.648
263.839 -0.649
263.876 -0.65
263.914 -0.651
263.952 -0.652
263.99 -0.653
264.029 -0.654
264.068 -0.655
264.107 -0.656
264.146 -0.657
264.186 -0.658
264.226 -0.659
264.267 -0.66
264.307 -0.661
264.348 -0.662
264.39 -0.663
264.431 -0.664
264.473 -0.665
264.516 -0.666
264.558 -0.667
264.601 -0.668
264.644 -0.669
264.688 -0.67
264.732 -0.671
264.776 -0.672
264.82 -0.673
264.865 -0.674
264.91 -0.675
264.955 -0.676
265.001 -0.677
265.047 -0.678
265.093 -0.679
265.14 -0.68
265.187 -0.681
265.234 -0.682
265.282 -0.683
265.33 -0.684
265.379 -0.685
265.427 -0.686
265.476 -0.687
265.526 -0.688
265.575 -0.689
265.626 -0.69
265.676 -0.691
265.727 -0.692
265.778 -0.693
265.829 -0.694
265.881 -0.695
265.933 -0.696
265.986 -0.697
266.039 -0.698
266.092 -0.699
266.146 -0.7
266.2 -0.701
266.254 -0.702
266.309 -0.703
266.364 -0.704
266.419 -0.705
266.475 -0.706
266.531 -0.707
266.588 -0.708
266.645 -0.709
266.702 -0.71
266.76 -0.711
266.818 -0.712
266.876 -0.713
266.935 -0.714
266.994 -0.715
267.054 -0.716
267.114 -0.717
267.174 -0.718
267.235 -0.719
267.296 -0.72
267.358 -0.721
267.42 -0.722
267.482 -0.723
267.545 -0.724
267.608 -0.725
267.671 -0.726
267.735 -0.727
267.799 -0.728
267.864 -0.729
267.929 -0.73
267.994 -0.731
268.06 -0.732
268.126 -0.733
268.193 -0.734
268.26 -0.735
268.327 -0.736
268.395 -0.737
268.464 -0.738
268.532 -0.739
268.601 -0.74
268.671 -0.741
268.741 -0.742
268.811 -0.743
268.882 -0.744
268.953 -0.745
269.025 -0.746
269.097 -0.747
269.169 -0.748
269.242 -0.749
269.315 -0.75
269.389 -0.751
269.463 -0.752
269.538 -0.753
269.613 -0.754
269.688 -0.755
269.764 -0.756
269.84 -0.757
269.917 -0.758
269.994 -0.759
270.072 -0.76
270.15 -0.761
270.229 -0.762
270.308 -0.763
270.387 -0.764
270.467 -0.765
270.547 -0.766
270.628 -0.767
270.709 -0.768
270.791 -0.769
270.873 -0.77
270.956 -0.771
271.039 -0.772
271.122 -0.773
271.206 -0.774
271.29 -0.775
271.375 -0.776
271.46 -0.777
271.546 -0.778
271.632 -0.779
271.719 -0.78
271.806 -0.781
271.894 -0.782
271.982 -0.783
272.07 -0.784
272.159 -0.785
272.249 -0.786
272.339 -0.787
272.429 -0.788
272.52 -0.789
272.611 -0.79
272.703 -0.791
272.796 -0.792
272.888 -0.793
272.982 -0.794
273.075 -0.795
273.17 -0.796
273.264 -0.797
273.36 -0.798
273.455 -0.799
273.551 -0.8
273.647 -0.801
273.744 -0.802
273.841 -0.803
273.939 -0.804
274.037 -0.805
274.135 -0.806
274.234 -0.807
274.334 -0.808
274.434 -0.809
274.534 -0.81
274.635 -0.811
274.737 -0.812
274.839 -0.813
274.942 -0.814
275.045 -0.815
275.148 -0.816
275.252 -0.817
275.356 -0.818
275.459 -0.819
275.564 -0.82
275.67 -0.821
275.777 -0.822
275.884 -0.823
275.991 -0.824
276.099 -0.825
276.207 -0.826
276.316 -0.827
276.426 -0.828
276.536 -0.829
276.646 -0.83
276.757 -0.831
276.869 -0.832
276.981 -0.833
277.093 -0.834
277.206 -0.835
277.32 -0.836
277.434 -0.837
277.549 -0.838
277.665 -0.839
277.781 -0.84
277.897 -0.841
278.014 -0.842
278.132 -0.843
278.25 -0.844
278.368 -0.845
278.487 -0.846
278.607 -0.847
278.727 -0.848
278.847 -0.849
278.968 -0.85
279.09 -0.851
279.212 -0.852
279.335 -0.853
279.458 -0.854
279.582 -0.855
279.707 -0.856
279.832 -0.857
279.957 -0.858
280.084 -0.859
280.21 -0.86
280.338 -0.861
280.466 -0.862
280.594 -0.863
280.723 -0.864
280.853 -0.865
280.983 -0.866
281.114 -0.867
281.245 -0.868
281.377 -0.869
281.51 -0.87
281.643 -0.871
281.777 -0.872
281.911 -0.873
282.046 -0.874
282.181 -0.875
282.317 -0.876
282.453 -0.877
282.59 -0.878
282.727 -0.879
282.865 -0.88
283.004 -0.881
283.143 -0.882
283.283 -0.883
283.423 -0.884
283.564 -0.885
283.706 -0.886
283.848 -0.887
283.991 -0.888
284.134 -0.889
284.278 -0.89
284.423 -0.891
284.568 -0.892
284.714 -0.893
284.86 -0.894
285.007 -0.895
285.155 -0.896
285.303 -0.897
285.452 -0.898
285.601 -0.899
285.752 -0.9
285.902 -0.901
286.054 -0.902
286.206 -0.903
286.358 -0.904
286.511 -0.905
286.665 -0.906
286.82 -0.907
286.975 -0.908
287.131 -0.909
287.287 -0.91
287.444 -0.911
287.602 -0.912
287.76 -0.913
287.919 -0.914
288.078 -0.915
288.238 -0.916
288.398 -0.917
288.559 -0.918
288.721 -0.919
288.883 -0.92
289.046 -0.921
289.21 -0.922
289.374 -0.923
289.539 -0.924
289.705 -0.925
289.871 -0.926
290.038 -0.927
290.206 -0.928
290.374 -0.929
290.543 -0.93
290.711 -0.931
290.881 -0.932
291.051 -0.933
291.222 -0.934
291.393 -0.935
291.565 -0.936
291.738 -0.937
291.911 -0.938
292.086 -0.939
292.26 -0.94
292.436 -0.941
292.612 -0.942
292.789 -0.943
292.966 -0.944
293.144 -0.945
293.323 -0.946
293.503 -0.947
293.683 -0.948
293.864 -0.949
294.045 -0.95
294.227 -0.951
294.41 -0.952
294.594 -0.953
294.778 -0.954
294.963 -0.955
295.149 -0.956
295.335 -0.957
295.521 -0.958
295.708 -0.959
295.896 -0.96
296.084 -0.961
296.273 -0.962
296.463 -0.963
296.654 -0.964
296.845 -0.965
297.036 -0.966
297.229 -0.967
297.422 -0.968
297.615 -0.969
297.809 -0.97
298.004 -0.971
298.2 -0.972
298.397 -0.973
298.594 -0.974
298.791 -0.975
298.99 -0.976
299.189 -0.977
299.389 -0.978
299.59 -0.979
299.791 -0.98
299.994 -0.981
300.196 -0.982
300.4 -0.983
300.604 -0.984
300.809 -0.985
301.015 -0.986
301.222 -0.987
301.429 -0.988
301.637 -0.989
301.845 -0.99
302.053 -0.991
302.263 -0.992
302.473 -0.993
302.684 -0.994
302.896 -0.995
303.108 -0.996
303.322 -0.997
303.536 -0.998
303.75 -0.999
303.966 -1
304.182 -1.001
304.399 -1.002
304.617 -1.003
304.835 -1.004
305.054 -1.005
305.274 -1.006
305.495 -1.007
305.717 -1.008
305.939 -1.009
306.162 -1.01
306.386 -1.011
306.61 -1.012
306.836 -1.013
307.062 -1.014
307.288 -1.015
307.516 -1.016
307.744 -1.017
307.974 -1.018
308.203 -1.019
308.434 -1.02
308.666 -1.021
308.898 -1.022
309.131 -1.023
309.365 -1.024
309.599 -1.025
309.835 -1.026
310.071 -1.027
310.308 -1.028
310.545 -1.029
310.783 -1.03
311.022 -1.031
311.262 -1.032
311.502 -1.033
311.743 -1.034
311.985 -1.035
312.228 -1.036
312.472 -1.037
312.716 -1.038
312.961 -1.039
313.207 -1.04
313.454 -1.041
313.701 -1.042
313.95 -1.043
314.199 -1.044
314.449 -1.045
314.699 -1.046
314.951 -1.047
315.203 -1.048
315.457 -1.049
315.711 -1.05
315.965 -1.051
316.221 -1.052
316.477 -1.053
316.735 -1.054
316.993 -1.055
317.252 -1.056
317.511 -1.057
317.772 -1.058
318.033 -1.059
318.296 -1.06
318.559 -1.061
318.822 -1.062
319.087 -1.063
319.353 -1.064
319.619 -1.065
319.886 -1.066
320.154 -1.067
320.423 -1.068
320.693 -1.069
320.963 -1.07
321.234 -1.071
321.507 -1.072
321.78 -1.073
322.054 -1.074
322.329 -1.075
322.604 -1.076
322.881 -1.077
323.158 -1.078
323.436 -1.079
323.715 -1.08
323.995 -1.081
324.275 -1.082
324.557 -1.083
324.839 -1.084
325.122 -1.085
325.405 -1.086
325.69 -1.087
325.976 -1.088
326.262 -1.089
326.549 -1.09
326.837 -1.091
327.126 -1.092
327.416 -1.093
327.707 -1.094
327.999 -1.095
328.291 -1.096
328.584 -1.097
328.879 -1.098
329.174 -1.099
329.47 -1.1
