25.5785 -0.001
51.1024 -0.002
76.5726 -0.003
101.989 -0.004
127.351 -0.005
152.658 -0.006
177.911 -0.007
203.109 -0.008
228.252 -0.009
253.34 -0.01
278.372 -0.011
303.349 -0.012
328.271 -0.013
353.136 -0.014
377.945 -0.015
402.698 -0.016
427.394 -0.017
452.033 -0.018
476.616 -0.019
501.141 -0.02
525.608 -0.021
550.018 -0.022
574.37 -0.023
598.664 -0.024
622.899 -0.025
647.076 -0.026
671.193 -0.027
695.252 -0.028
719.25 -0.029
743.117 -0.03
766.031 -0.031
786.696 -0.032
806.157 -0.033
825.589 -0.034
844.977 -0.035
864.342 -0.036
883.665 -0.037
902.934 -0.038
922.144 -0.039
941.295 -0.04
960.379 -0.041
979.399 -0.042
998.366 -0.043
1017.27 -0.044
1036.11 -0.045
1054.89 -0.046
1073.57 -0.047
1092 -0.048
1109.73 -0.049
1126.58 -0.05
1142.18 -0.051
1156.69 -0.052
1169.32 -0.053
1179.87 -0.054
1189.77 -0.055
1199.37 -0.056
1208.75 -0.057
1217.77 -0.058
1226.26 -0.059
1234.54 -0.06
1242.53 -0.061
1249.91 -0.062
1256.83 -0.063
1263.09 -0.064
1269.01 -0.065
1274.73 -0.066
1280.19 -0.067
1285.49 -0.068
1290.4 -0.069
1295.11 -0.07
1299.62 -0.071
1303.67 -0.072
1307.39 -0.073
1310.73 -0.074
1314.01 -0.075
1317.23 -0.076
1320.38 -0.077
1323.47 -0.078
1326.53 -0.079
1329.55 -0.08
1332.54 -0.081
1335.51 -0.082
1338.46 -0.083
1341.37 -0.084
1344.26 -0.085
1347.12 -0.086
1349.96 -0.087
1352.75 -0.088
1355.5 -0.089
1358.21 -0.09
1360.87 -0.091
1363.5 -0.092
1366.07 -0.093
1368.6 -0.094
1371.05 -0.095
1373.42 -0.096
1375.73 -0.097
1377.96 -0.098
1380.14 -0.099
1382.21 -0.1
1384.25 -0.101
1386.17 -0.102
1388.06 -0.103
1389.91 -0.104
1391.74 -0.105
1393.53 -0.106
1395.26 -0.107
1396.93 -0.108
1398.57 -0.109
1400.11 -0.11
1401.62 -0.111
1403.05 -0.112
1404.43 -0.113
1405.75 -0.114
1406.98 -0.115
1408.18 -0.116
1409.33 -0.117
1410.45 -0.118
1411.54 -0.119
1412.59 -0.12
1413.59 -0.121
1414.56 -0.122
1415.5 -0.123
1416.42 -0.124
1417.29 -0.125
1418.11 -0.126
1418.91 -0.127
1419.69 -0.128
1420.44 -0.129
1421.13 -0.13
1421.8 -0.131
1422.44 -0.132
1423.06 -0.133
1423.65 -0.134
1424.19 -0.135
1424.71 -0.136
1425.22 -0.137
1425.7 -0.138
1426.14 -0.139
1426.54 -0.14
1426.91 -0.141
1427.26 -0.142
1427.58 -0.143
1427.84 -0.144
1428.08 -0.145
1428.3 -0.146
1428.51 -0.147
1428.67 -0.148
1428.78 -0.149
1428.87 -0.15
1428.95 -0.151
1428.99 -0.152
1429.02 -0.153
1429.03 -0.154
1429.03 -0.155
1429.01 -0.156
1428.98 -0.157
1428.94 -0.158
1428.87 -0.159
1428.79 -0.16
1428.69 -0.161
1428.58 -0.162
1428.45 -0.163
1428.31 -0.164
1428.16 -0.165
1427.98 -0.166
1427.79 -0.167
1427.59 -0.168
1427.38 -0.169
1427.16 -0.17
1426.94 -0.171
1426.7 -0.172
1426.44 -0.173
1426.17 -0.174
1425.88 -0.175
1425.59 -0.176
1425.3 -0.177
1425 -0.178
1424.7 -0.179
1424.38 -0.18
1424.06 -0.181
1423.73 -0.182
1423.4 -0.183
1423.06 -0.184
1422.72 -0.185
1422.38 -0.186
1422.03 -0.187
1421.66 -0.188
1421.28 -0.189
1420.9 -0.19
1420.51 -0.191
1420.12 -0.192
1419.73 -0.193
1419.33 -0.194
1418.93 -0.195
1418.52 -0.196
1418.1 -0.197
1417.67 -0.198
1417.24 -0.199
1416.82 -0.2
1416.39 -0.201
1415.95 -0.202
1415.51 -0.203
1415.06 -0.204
1414.6 -0.205
1414.14 -0.206
1413.67 -0.207
1413.2 -0.208
1412.73 -0.209
1412.25 -0.21
1411.77 -0.211
1411.29 -0.212
1410.79 -0.213
1410.29 -0.214
1409.79 -0.215
1409.28 -0.216
1408.77 -0.217
1408.25 -0.218
1407.73 -0.219
1407.21 -0.22
1406.68 -0.221
1406.15 -0.222
1405.61 -0.223
1405.07 -0.224
1404.53 -0.225
1403.98 -0.226
1403.43 -0.227
1402.87 -0.228
1402.32 -0.229
1401.76 -0.23
1401.19 -0.231
1400.63 -0.232
1400.06 -0.233
1399.48 -0.234
1398.91 -0.235
1398.33 -0.236
1397.74 -0.237
1397.15 -0.238
1396.56 -0.239
1395.97 -0.24
1395.37 -0.241
1394.76 -0.242
1394.16 -0.243
1393.55 -0.244
1392.94 -0.245
1392.33 -0.246
1391.72 -0.247
1391.11 -0.248
1390.49 -0.249
1389.87 -0.25
1389.25 -0.251
1388.63 -0.252
1388 -0.253
1387.37 -0.254
1386.74 -0.255
1386.11 -0.256
1385.49 -0.257
1384.86 -0.258
1384.22 -0.259
1383.59 -0.26
1382.95 -0.261
1382.32 -0.262
1381.68 -0.263
1381.04 -0.264
1380.39 -0.265
1379.75 -0.266
1379.11 -0.267
1378.48 -0.268
1377.83 -0.269
1377.19 -0.27
1376.55 -0.271
1375.9 -0.272
1375.26 -0.273
1374.61 -0.274
1373.95 -0.275
1373.3 -0.276
1372.64 -0.277
1371.99 -0.278
1371.34 -0.279
1370.7 -0.28
1370.05 -0.281
1369.41 -0.282
1368.78 -0.283
1368.14 -0.284
1367.5 -0.285
1366.87 -0.286
1366.24 -0.287
1365.61 -0.288
1364.98 -0.289
1364.36 -0.29
1363.74 -0.291
1363.12 -0.292
1362.51 -0.293
1361.9 -0.294
1361.29 -0.295
1360.68 -0.296
1360.06 -0.297
1359.45 -0.298
1358.83 -0.299
1358.21 -0.3
1357.6 -0.301
1356.98 -0.302
1356.37 -0.303
1355.75 -0.304
1355.14 -0.305
1354.53 -0.306
1353.92 -0.307
1353.31 -0.308
1352.71 -0.309
1352.1 -0.31
1351.49 -0.311
1350.89 -0.312
1350.28 -0.313
1349.68 -0.314
1349.08 -0.315
1348.48 -0.316
1347.88 -0.317
1347.28 -0.318
1346.68 -0.319
1346.08 -0.32
1345.48 -0.321
1344.88 -0.322
1344.29 -0.323
1343.7 -0.324
1343.12 -0.325
1342.53 -0.326
1341.96 -0.327
1341.4 -0.328
1340.83 -0.329
1340.28 -0.33
1339.72 -0.331
1339.18 -0.332
1338.64 -0.333
1338.1 -0.334
1337.56 -0.335
1337.04 -0.336
1336.52 -0.337
1336 -0.338
1335.48 -0.339
1334.97 -0.34
1334.47 -0.341
1333.96 -0.342
1333.46 -0.343
1332.96 -0.344
1332.46 -0.345
1331.96 -0.346
1331.46 -0.347
1330.97 -0.348
1330.48 -0.349
1329.99 -0.35
1329.5 -0.351
1329.01 -0.352
1328.52 -0.353
1328.03 -0.354
1327.54 -0.355
1327.06 -0.356
1326.57 -0.357
1326.09 -0.358
1325.6 -0.359
1325.12 -0.36
1324.64 -0.361
1324.16 -0.362
1323.67 -0.363
1323.19 -0.364
1322.71 -0.365
1322.24 -0.366
1321.76 -0.367
1321.28 -0.368
1320.8 -0.369
1320.33 -0.37
1319.85 -0.371
1319.38 -0.372
1318.9 -0.373
1318.43 -0.374
1317.96 -0.375
1317.48 -0.376
1317.01 -0.377
1316.54 -0.378
1316.06 -0.379
1315.59 -0.38
1315.12 -0.381
1314.64 -0.382
1314.16 -0.383
1313.69 -0.384
1313.22 -0.385
1312.75 -0.386
1312.29 -0.387
1311.82 -0.388
1311.35 -0.389
1310.88 -0.39
1310.41 -0.391
1309.95 -0.392
1309.49 -0.393
1309.03 -0.394
1308.57 -0.395
1308.12 -0.396
1307.67 -0.397
1307.23 -0.398
1306.78 -0.399
1306.34 -0.4
1305.9 -0.401
1305.47 -0.402
1305.03 -0.403
1304.6 -0.404
1304.17 -0.405
1303.75 -0.406
1303.32 -0.407
1302.9 -0.408
1302.48 -0.409
1302.06 -0.41
1301.65 -0.411
1301.23 -0.412
1300.82 -0.413
1300.41 -0.414
1300 -0.415
1299.59 -0.416
1299.19 -0.417
1298.78 -0.418
1298.38 -0.419
1297.98 -0.42
1297.58 -0.421
1297.19 -0.422
1296.79 -0.423
1296.4 -0.424
1296.01 -0.425
1295.62 -0.426
1295.23 -0.427
1294.84 -0.428
1294.46 -0.429
1294.07 -0.43
1293.69 -0.431
1293.31 -0.432
1292.92 -0.433
1292.54 -0.434
1292.16 -0.435
1291.79 -0.436
1291.41 -0.437
1291.03 -0.438
1290.66 -0.439
1290.29 -0.44
1289.92 -0.441
1289.56 -0.442
1289.2 -0.443
1288.84 -0.444
1288.48 -0.445
1288.13 -0.446
1287.78 -0.447
1287.42 -0.448
1287.07 -0.449
1286.72 -0.45
1286.38 -0.451
1286.03 -0.452
1285.69 -0.453
1285.35 -0.454
1285 -0.455
1284.66 -0.456
1284.32 -0.457
1283.98 -0.458
1283.65 -0.459
1283.31 -0.46
1282.98 -0.461
1282.65 -0.462
1282.31 -0.463
1281.98 -0.464
1281.65 -0.465
1281.32 -0.466
1281 -0.467
1280.67 -0.468
1280.35 -0.469
1280.02 -0.47
1279.7 -0.471
1279.38 -0.472
1279.05 -0.473
1278.73 -0.474
1278.41 -0.475
1278.08 -0.476
1277.76 -0.477
1277.43 -0.478
1277.1 -0.479
1276.76 -0.48
1276.41 -0.481
1276.06 -0.482
1275.7 -0.483
1275.32 -0.484
1274.93 -0.485
1274.26 -0.486
1273.6 -0.487
1272.9 -0.488
1272.33 -0.489
1272.18 -0.49
1272.04 -0.491
1271.72 -0.492
1271.35 -0.493
1270.87 -0.494
1270.23 -0.495
1269.54 -0.496
1268.82 -0.497
1268.38 -0.498
1268.32 -0.499
1268.13 -0.5
1267.83 -0.501
1267.48 -0.502
1267.13 -0.503
1266.79 -0.504
1266.47 -0.505
1266.17 -0.506
1265.89 -0.507
1265.61 -0.508
1265.35 -0.509
1265.1 -0.51
1264.85 -0.511
1264.6 -0.512
1264.35 -0.513
1264.13 -0.514
1263.92 -0.515
1263.72 -0.516
1263.53 -0.517
1263.34 -0.518
1263.17 -0.519
1262.98 -0.52
1262.79 -0.521
1262.61 -0.522
1262.42 -0.523
1262.24 -0.524
1262.05 -0.525
1261.87 -0.526
1261.69 -0.527
1261.52 -0.528
1261.34 -0.529
1261.17 -0.53
1261 -0.531
1260.82 -0.532
1260.65 -0.533
1260.49 -0.534
1260.32 -0.535
1260.16 -0.536
1259.99 -0.537
1259.82 -0.538
1259.66 -0.539
1259.5 -0.54
1259.33 -0.541
1259.17 -0.542
1259.01 -0.543
1258.85 -0.544
1258.69 -0.545
1258.54 -0.546
1258.38 -0.547
1258.23 -0.548
1258.07 -0.549
1257.92 -0.55
1257.77 -0.551
1257.61 -0.552
1257.46 -0.553
1257.31 -0.554
1257.16 -0.555
1257.01 -0.556
1256.86 -0.557
1256.72 -0.558
1256.57 -0.559
1256.42 -0.56
1256.28 -0.561
1256.13 -0.562
1255.99 -0.563
1255.86 -0.564
1255.73 -0.565
1255.6 -0.566
1255.48 -0.567
1255.35 -0.568
1255.23 -0.569
1255.11 -0.57
1254.99 -0.571
1254.87 -0.572
1254.74 -0.573
1254.62 -0.574
1254.49 -0.575
1254.36 -0.576
1254.23 -0.577
1254.1 -0.578
1253.96 -0.579
1253.82 -0.58
1253.67 -0.581
1253.53 -0.582
1253.38 -0.583
1253.23 -0.584
1253.08 -0.585
1252.94 -0.586
1252.8 -0.587
1252.65 -0.588
1252.5 -0.589
1252.35 -0.59
1252.21 -0.591
1252.07 -0.592
1251.93 -0.593
1251.79 -0.594
1251.65 -0.595
1251.51 -0.596
1251.38 -0.597
1251.25 -0.598
1251.12 -0.599
1250.99 -0.6
1250.86 -0.601
1250.74 -0.602
1250.61 -0.603
1250.49 -0.604
1250.37 -0.605
1250.26 -0.606
1250.15 -0.607
1250.04 -0.608
1249.93 -0.609
1249.83 -0.61
1249.73 -0.611
1249.63 -0.612
1249.54 -0.613
1249.44 -0.614
1249.35 -0.615
1249.26 -0.616
1249.17 -0.617
1249.08 -0.618
1249 -0.619
1248.92 -0.62
1248.84 -0.621
1248.76 -0.622
1248.68 -0.623
1248.61 -0.624
1248.53 -0.625
1248.46 -0.626
1248.39 -0.627
1248.33 -0.628
1248.26 -0.629
1248.2 -0.63
1248.14 -0.631
1248.09 -0.632
1248.03 -0.633
1247.98 -0.634
1247.94 -0.635
1247.89 -0.636
1247.85 -0.637
1247.8 -0.638
1247.76 -0.639
1247.73 -0.64
1247.69 -0.641
1247.66 -0.642
1247.63 -0.643
1247.6 -0.644
1247.57 -0.645
1247.55 -0.646
1247.53 -0.647
1247.51 -0.648
1247.49 -0.649
1247.48 -0.65
1247.46 -0.651
1247.45 -0.652
1247.44 -0.653
1247.44 -0.654
1247.44 -0.655
1247.43 -0.656
1247.44 -0.657
1247.44 -0.658
1247.45 -0.659
1247.45 -0.66
1247.46 -0.661
1247.48 -0.662
1247.49 -0.663
1247.51 -0.664
1247.53 -0.665
1247.55 -0.666
1247.58 -0.667
1247.61 -0.668
1247.64 -0.669
1247.67 -0.67
1247.7 -0.671
1247.74 -0.672
1247.78 -0.673
1247.82 -0.674
1247.87 -0.675
1247.91 -0.676
1247.96 -0.677
1248.02 -0.678
1248.07 -0.679
1248.13 -0.68
1248.19 -0.681
1248.25 -0.682
1248.31 -0.683
1248.38 -0.684
1248.45 -0.685
1248.52 -0.686
1248.6 -0.687
1248.67 -0.688
1248.75 -0.689
1248.84 -0.69
1248.92 -0.691
1249.01 -0.692
1249.1 -0.693
1249.19 -0.694
1249.29 -0.695
1249.39 -0.696
1249.49 -0.697
1249.59 -0.698
1249.7 -0.699
1249.8 -0.7
1249.92 -0.701
1250.03 -0.702
1250.14 -0.703
1250.26 -0.704
1250.38 -0.705
1250.51 -0.706
1250.63 -0.707
1250.76 -0.708
1250.89 -0.709
1251.02 -0.71
1251.16 -0.711
1251.29 -0.712
1251.43 -0.713
1251.56 -0.714
1251.68 -0.715
1251.78 -0.716
1251.86 -0.717
1251.94 -0.718
1252.01 -0.719
1252.07 -0.72
1252.13 -0.721
1252.18 -0.722
1252.22 -0.723
1252.26 -0.724
1252.3 -0.725
1252.33 -0.726
1252.37 -0.727
1252.4 -0.728
1252.43 -0.729
1252.46 -0.73
1252.49 -0.731
1252.52 -0.732
1252.56 -0.733
1252.61 -0.734
1252.68 -0.735
1252.76 -0.736
1252.84 -0.737
1252.94 -0.738
1253.04 -0.739
1253.15 -0.74
1253.26 -0.741
1253.38 -0.742
1253.52 -0.743
1253.67 -0.744
1253.83 -0.745
1254 -0.746
1254.17 -0.747
1254.35 -0.748
1254.54 -0.749
1254.73 -0.75
1254.92 -0.751
1255.12 -0.752
1255.31 -0.753
1255.52 -0.754
1255.72 -0.755
1255.93 -0.756
1256.14 -0.757
1256.35 -0.758
1256.56 -0.759
1256.77 -0.76
1256.97 -0.761
1257.17 -0.762
1257.37 -0.763
1257.56 -0.764
1257.76 -0.765
1257.96 -0.766
1258.16 -0.767
1258.36 -0.768
1258.56 -0.769
1258.75 -0.77
1258.95 -0.771
1259.15 -0.772
1259.34 -0.773
1259.53 -0.774
1259.73 -0.775
1259.93 -0.776
1260.13 -0.777
1260.33 -0.778
1260.54 -0.779
1260.74 -0.78
1260.96 -0.781
1261.17 -0.782
1261.38 -0.783
1261.6 -0.784
1261.82 -0.785
1262.04 -0.786
1262.27 -0.787
1262.49 -0.788
1262.72 -0.789
1262.96 -0.79
1263.19 -0.791
1263.43 -0.792
1263.67 -0.793
1263.91 -0.794
1264.16 -0.795
1264.41 -0.796
1264.66 -0.797
1264.92 -0.798
1265.17 -0.799
1265.44 -0.8
1265.7 -0.801
1265.97 -0.802
1266.24 -0.803
1266.51 -0.804
1266.79 -0.805
1267.07 -0.806
1267.35 -0.807
1267.64 -0.808
1267.93 -0.809
1268.22 -0.81
1268.5 -0.811
1268.79 -0.812
1269.07 -0.813
1269.36 -0.814
1269.64 -0.815
1269.92 -0.816
1270.2 -0.817
1270.48 -0.818
1270.76 -0.819
1271.04 -0.82
1271.32 -0.821
1271.59 -0.822
1271.87 -0.823
1272.14 -0.824
1272.41 -0.825
1272.68 -0.826
1272.96 -0.827
1273.24 -0.828
1273.52 -0.829
1273.8 -0.83
1274.09 -0.831
1274.38 -0.832
1274.67 -0.833
1274.96 -0.834
1275.26 -0.835
1275.56 -0.836
1275.86 -0.837
1276.17 -0.838
1276.48 -0.839
1276.79 -0.84
1277.11 -0.841
1277.42 -0.842
1277.74 -0.843
1278.07 -0.844
1278.39 -0.845
1278.71 -0.846
1279.04 -0.847
1279.36 -0.848
1279.69 -0.849
1280.01 -0.85
1280.34 -0.851
1280.66 -0.852
1280.99 -0.853
1281.32 -0.854
1281.65 -0.855
1281.98 -0.856
1282.31 -0.857
1282.64 -0.858
1282.97 -0.859
1283.31 -0.86
1283.64 -0.861
1283.98 -0.862
1284.33 -0.863
1284.67 -0.864
1285.02 -0.865
1285.38 -0.866
1285.74 -0.867
1286.09 -0.868
1286.46 -0.869
1286.82 -0.87
1287.19 -0.871
1287.57 -0.872
1287.94 -0.873
1288.32 -0.874
1288.71 -0.875
1289.09 -0.876
1289.48 -0.877
1289.88 -0.878
1290.27 -0.879
1290.67 -0.88
1291.08 -0.881
1291.48 -0.882
1291.9 -0.883
1292.31 -0.884
1292.73 -0.885
1293.15 -0.886
1293.57 -0.887
1294 -0.888
1294.43 -0.889
1294.86 -0.89
1295.3 -0.891
1295.74 -0.892
1296.19 -0.893
1296.64 -0.894
1297.09 -0.895
1297.54 -0.896
1297.99 -0.897
1298.45 -0.898
1298.9 -0.899
1299.36 -0.9
1299.82 -0.901
1300.28 -0.902
1300.74 -0.903
1301.21 -0.904
1301.68 -0.905
1302.15 -0.906
1302.62 -0.907
1303.09 -0.908
1303.56 -0.909
1304.04 -0.91
1304.52 -0.911
1305 -0.912
1305.48 -0.913
1305.97 -0.914
1306.46 -0.915
1306.95 -0.916
1307.44 -0.917
1307.93 -0.918
1308.43 -0.919
1308.93 -0.92
1309.44 -0.921
1309.94 -0.922
1310.45 -0.923
1310.96 -0.924
1311.47 -0.925
1311.98 -0.926
1312.5 -0.927
1313.03 -0.928
1313.55 -0.929
1314.08 -0.93
1314.62 -0.931
1315.16 -0.932
1315.7 -0.933
1316.24 -0.934
1316.79 -0.935
1317.35 -0.936
1317.9 -0.937
1318.46 -0.938
1319.02 -0.939
1319.59 -0.94
1320.16 -0.941
1320.73 -0.942
1321.31 -0.943
1321.89 -0.944
1322.47 -0.945
1323.05 -0.946
1323.64 -0.947
1324.23 -0.948
1324.83 -0.949
1325.43 -0.95
1326.03 -0.951
1326.63 -0.952
1327.24 -0.953
1327.85 -0.954
1328.47 -0.955
1329.09 -0.956
1329.71 -0.957
1330.34 -0.958
1330.97 -0.959
1331.6 -0.96
1332.23 -0.961
1332.87 -0.962
1333.51 -0.963
1334.16 -0.964
1334.81 -0.965
1335.45 -0.966
1336.1 -0.967
1336.75 -0.968
1337.41 -0.969
1338.06 -0.97
1338.72 -0.971
1339.37 -0.972
1340.03 -0.973
1340.69 -0.974
1341.36 -0.975
1342.02 -0.976
1342.7 -0.977
1343.37 -0.978
1344.05 -0.979
1344.74 -0.98
1345.43 -0.981
1346.12 -0.982
1346.81 -0.983
1347.51 -0.984
1348.21 -0.985
1348.9 -0.986
1349.47 -0.987
1349.9 -0.988
1350.35 -0.989
1350.8 -0.99
1351.25 -0.991
1351.78 -0.992
1352.62 -0.993
1353.46 -0.994
1354.3 -0.995
1355.15 -0.996
1356 -0.997
1356.82 -0.998
1357.59 -0.999
1358.35 -1
1359.11 -1.001
1359.86 -1.002
1360.61 -1.003
1361.35 -1.004
1361.95 -1.005
1362.45 -1.006
1362.96 -1.007
1363.48 -1.008
1363.99 -1.009
1364.53 -1.01
1365.37 -1.011
1366.27 -1.012
1367.18 -1.013
1368.09 -1.014
1369 -1.015
1369.91 -1.016
1370.78 -1.017
1371.62 -1.018
1372.47 -1.019
1373.3 -1.02
1374.12 -1.021
1374.94 -1.022
1375.77 -1.023
1376.6 -1.024
1377.44 -1.025
1378.28 -1.026
1379.13 -1.027
1379.98 -1.028
1380.83 -1.029
1381.7 -1.03
1382.57 -1.031
1383.45 -1.032
1384.33 -1.033
1385.23 -1.034
1386.12 -1.035
1387.02 -1.036
1387.93 -1.037
1388.84 -1.038
1389.75 -1.039
1390.67 -1.04
1391.6 -1.041
1392.54 -1.042
1393.5 -1.043
1394.47 -1.044
1395.44 -1.045
1396.41 -1.046
1397.38 -1.047
1398.35 -1.048
1399.33 -1.049
1400.31 -1.05
1401.3 -1.051
1402.3 -1.052
1403.29 -1.053
1404.3 -1.054
1405.3 -1.055
1406.31 -1.056
1407.32 -1.057
1408.34 -1.058
1409.36 -1.059
1410.39 -1.06
1411.42 -1.061
1412.45 -1.062
1413.49 -1.063
1414.53 -1.064
1415.58 -1.065
1416.63 -1.066
1417.69 -1.067
1418.75 -1.068
1419.82 -1.069
1420.9 -1.07
1421.98 -1.071
1423.07 -1.072
1424.17 -1.073
1425.27 -1.074
1426.38 -1.075
1427.49 -1.076
1428.6 -1.077
1429.72 -1.078
1430.85 -1.079
1431.99 -1.08
1433.12 -1.081
1434.27 -1.082
1435.42 -1.083
1436.57 -1.084
1437.73 -1.085
1438.89 -1.086
1440.06 -1.087
1441.23 -1.088
1442.4 -1.089
1443.58 -1.09
1444.76 -1.091
1445.95 -1.092
1447.14 -1.093
1448.33 -1.094
1449.53 -1.095
1450.73 -1.096
1451.94 -1.097
1453.16 -1.098
1454.38 -1.099
1455.6 -1.1
1456.83 -1.101
1458.06 -1.102
1459.3 -1.103
1460.54 -1.104
1461.79 -1.105
1463.04 -1.106
1464.29 -1.107
1465.55 -1.108
1466.82 -1.109
1468.09 -1.11
1469.36 -1.111
1470.64 -1.112
1471.92 -1.113
1473.21 -1.114
1474.5 -1.115
1475.8 -1.116
1477.1 -1.117
1478.4 -1.118
1479.71 -1.119
1481.03 -1.12
1482.35 -1.121
1483.68 -1.122
1485 -1.123
1486.34 -1.124
1487.67 -1.125
1489.01 -1.126
1490.35 -1.127
1491.7 -1.128
1493.06 -1.129
1494.42 -1.13
1495.78 -1.131
1497.15 -1.132
1498.52 -1.133
1499.9 -1.134
1501.27 -1.135
1502.65 -1.136
1504.04 -1.137
1505.43 -1.138
1506.83 -1.139
1508.23 -1.14
1509.64 -1.141
1511.05 -1.142
1512.47 -1.143
1513.89 -1.144
1515.32 -1.145
1516.74 -1.146
1518.17 -1.147
1519.61 -1.148
1521.05 -1.149
1522.5 -1.15
1523.95 -1.151
1525.4 -1.152
1526.86 -1.153
1528.33 -1.154
1529.8 -1.155
1531.28 -1.156
1532.75 -1.157
1534.24 -1.158
1535.72 -1.159
1537.22 -1.16
1538.72 -1.161
1540.22 -1.162
1541.73 -1.163
1543.24 -1.164
1544.76 -1.165
1546.28 -1.166
1547.81 -1.167
1549.34 -1.168
1550.87 -1.169
1552.41 -1.17
1553.95 -1.171
1555.49 -1.172
1557.03 -1.173
1558.58 -1.174
1560.14 -1.175
1561.7 -1.176
1563.26 -1.177
1564.83 -1.178
1566.41 -1.179
1567.99 -1.18
1569.57 -1.181
1571.16 -1.182
1572.75 -1.183
1574.35 -1.184
1575.95 -1.185
1577.55 -1.186
1579.16 -1.187
1580.77 -1.188
1582.38 -1.189
1584 -1.19
1585.63 -1.191
1587.26 -1.192
1588.9 -1.193
1590.54 -1.194
1592.18 -1.195
1593.84 -1.196
1595.49 -1.197
1597.15 -1.198
1598.82 -1.199
1600.49 -1.2
1602.16 -1.201
1603.84 -1.202
1605.52 -1.203
1607.21 -1.204
1608.9 -1.205
1610.6 -1.206
1612.31 -1.207
1614.01 -1.208
1615.73 -1.209
1617.45 -1.21
1619.17 -1.211
1620.9 -1.212
1622.63 -1.213
1624.37 -1.214
1626.11 -1.215
1627.86 -1.216
1629.61 -1.217
1631.36 -1.218
1633.12 -1.219
1634.88 -1.22
1636.65 -1.221
1638.42 -1.222
1640.2 -1.223
1641.98 -1.224
1643.77 -1.225
1645.57 -1.226
1647.36 -1.227
1649.17 -1.228
1650.97 -1.229
1652.79 -1.23
1654.6 -1.231
1656.42 -1.232
1658.25 -1.233
1660.08 -1.234
1661.91 -1.235
1663.75 -1.236
1665.59 -1.237
1667.44 -1.238
1669.3 -1.239
1671.15 -1.24
1673.02 -1.241
1674.89 -1.242
1676.76 -1.243
1678.64 -1.244
1680.52 -1.245
1682.41 -1.246
1684.3 -1.247
1686.19 -1.248
1688.09 -1.249
1690 -1.25
1691.91 -1.251
1693.82 -1.252
1695.74 -1.253
1697.65 -1.254
1699.57 -1.255
1701.5 -1.256
1703.42 -1.257
1705.34 -1.258
1707.27 -1.259
1709.21 -1.26
1711.15 -1.261
1713.1 -1.262
1715.05 -1.263
1717.01 -1.264
1718.97 -1.265
1720.93 -1.266
1722.9 -1.267
1724.88 -1.268
1726.86 -1.269
1728.84 -1.27
1730.84 -1.271
1732.83 -1.272
1734.84 -1.273
1736.85 -1.274
1738.86 -1.275
1740.89 -1.276
1742.91 -1.277
1744.94 -1.278
1746.98 -1.279
1749.02 -1.28
1751.06 -1.281
1753.11 -1.282
1755.16 -1.283
1757.21 -1.284
1759.27 -1.285
1761.32 -1.286
1763.37 -1.287
1765.42 -1.288
1767.47 -1.289
1769.51 -1.29
1771.55 -1.291
1773.59 -1.292
1775.58 -1.293
1777.51 -1.294
1779.44 -1.295
1781.38 -1.296
1783.32 -1.297
1785.26 -1.298
1787.22 -1.299
1789.17 -1.3
1791.12 -1.301
1793.07 -1.302
1795.02 -1.303
1796.98 -1.304
1798.95 -1.305
1800.92 -1.306
1802.9 -1.307
1804.88 -1.308
1806.87 -1.309
1808.87 -1.31
1810.87 -1.311
1812.88 -1.312
1814.89 -1.313
1816.88 -1.314
1818.87 -1.315
1820.87 -1.316
1822.87 -1.317
1824.79 -1.318
1826.67 -1.319
1828.57 -1.32
1830.47 -1.321
1832.37 -1.322
1834.28 -1.323
1836.18 -1.324
1838.08 -1.325
1839.98 -1.326
1841.89 -1.327
1843.8 -1.328
1845.72 -1.329
1847.64 -1.33
1849.57 -1.331
1851.51 -1.332
1853.45 -1.333
1855.4 -1.334
1857.35 -1.335
1859.31 -1.336
1861.28 -1.337
1863.25 -1.338
1865.23 -1.339
1867.19 -1.34
1869.15 -1.341
1871.11 -1.342
1873.08 -1.343
1875.05 -1.344
1877.03 -1.345
1879.02 -1.346
1881.01 -1.347
1883.01 -1.348
1885 -1.349
1886.98 -1.35
1888.97 -1.351
1890.97 -1.352
1892.97 -1.353
1894.97 -1.354
1896.99 -1.355
1899 -1.356
1901.02 -1.357
1903.04 -1.358
1905.07 -1.359
1907.1 -1.36
1909.13 -1.361
1911.16 -1.362
1913.19 -1.363
1915.21 -1.364
1917.24 -1.365
1919.27 -1.366
1921.31 -1.367
1923.35 -1.368
1925.39 -1.369
1927.42 -1.37
1929.46 -1.371
1931.51 -1.372
1933.56 -1.373
1935.62 -1.374
1937.67 -1.375
1939.72 -1.376
1941.76 -1.377
1943.81 -1.378
1945.87 -1.379
1947.93 -1.38
1950 -1.381
1952.06 -1.382
1954.1 -1.383
1956.16 -1.384
1958.22 -1.385
1960.28 -1.386
1962.36 -1.387
1964.43 -1.388
1966.52 -1.389
1968.6 -1.39
1970.7 -1.391
1972.8 -1.392
1974.9 -1.393
1977.01 -1.394
1979.13 -1.395
1981.25 -1.396
1983.38 -1.397
1985.51 -1.398
1987.65 -1.399
1989.79 -1.4
