24.8257 -0.001
49.5811 -0.002
74.2648 -0.003
98.8751 -0.004
123.41 -0.005
147.868 -0.006
172.247 -0.007
196.544 -0.008
220.758 -0.009
244.886 -0.01
267.575 -0.011
281.012 -0.012
293.081 -0.013
304.843 -0.014
316.475 -0.015
328.115 -0.016
339.237 -0.017
348.651 -0.018
355.081 -0.019
361.029 -0.02
366.864 -0.021
372.547 -0.022
378.06 -0.023
383.433 -0.024
388.757 -0.025
394.063 -0.026
399.353 -0.027
404.615 -0.028
409.843 -0.029
415.028 -0.03
420.176 -0.031
425.28 -0.032
430.349 -0.033
435.375 -0.034
440.365 -0.035
445.316 -0.036
450.198 -0.037
454.773 -0.038
458.599 -0.039
461.185 -0.04
463.435 -0.041
465.672 -0.042
467.918 -0.043
470.163 -0.044
472.405 -0.045
474.642 -0.046
476.87 -0.047
479.091 -0.048
481.305 -0.049
483.515 -0.05
485.718 -0.051
487.916 -0.052
490.106 -0.053
492.284 -0.054
494.454 -0.055
496.617 -0.056
498.766 -0.057
500.906 -0.058
503.036 -0.059
505.155 -0.06
507.264 -0.061
509.366 -0.062
511.462 -0.063
513.552 -0.064
515.635 -0.065
517.711 -0.066
519.78 -0.067
521.841 -0.068
523.893 -0.069
525.941 -0.07
527.983 -0.071
530.022 -0.072
532.054 -0.073
534.082 -0.074
536.104 -0.075
538.11 -0.076
540.108 -0.077
542.066 -0.078
544 -0.079
545.873 -0.08
547.717 -0.081
549.439 -0.082
551.073 -0.083
552.611 -0.084
554.045 -0.085
555.306 -0.086
556.471 -0.087
557.473 -0.088
558.255 -0.089
558.923 -0.09
559.504 -0.091
560.07 -0.092
560.625 -0.093
561.162 -0.094
561.695 -0.095
562.217 -0.096
562.727 -0.097
563.234 -0.098
563.735 -0.099
564.229 -0.1
564.719 -0.101
565.203 -0.102
565.685 -0.103
566.162 -0.104
566.633 -0.105
567.103 -0.106
567.568 -0.107
568.024 -0.108
568.477 -0.109
568.922 -0.11
569.362 -0.111
569.799 -0.112
570.228 -0.113
570.65 -0.114
571.058 -0.115
571.461 -0.116
571.858 -0.117
572.247 -0.118
572.624 -0.119
572.993 -0.12
573.356 -0.121
573.711 -0.122
574.061 -0.123
574.406 -0.124
574.745 -0.125
575.079 -0.126
575.4 -0.127
575.715 -0.128
576.028 -0.129
576.339 -0.13
576.647 -0.131
576.952 -0.132
577.253 -0.133
577.544 -0.134
577.827 -0.135
578.109 -0.136
578.388 -0.137
578.665 -0.138
578.94 -0.139
579.213 -0.14
579.483 -0.141
579.746 -0.142
580.006 -0.143
580.263 -0.144
580.517 -0.145
580.767 -0.146
581.013 -0.147
581.257 -0.148
581.497 -0.149
581.736 -0.15
581.967 -0.151
582.195 -0.152
582.417 -0.153
582.636 -0.154
582.853 -0.155
583.067 -0.156
583.282 -0.157
583.494 -0.158
583.7 -0.159
583.897 -0.16
584.097 -0.161
584.3 -0.162
584.497 -0.163
584.685 -0.164
584.864 -0.165
585.06 -0.166
585.253 -0.167
585.437 -0.168
585.613 -0.169
585.803 -0.17
585.991 -0.171
586.173 -0.172
586.348 -0.173
586.526 -0.174
586.704 -0.175
586.887 -0.176
587.065 -0.177
587.239 -0.178
587.416 -0.179
587.597 -0.18
587.776 -0.181
587.952 -0.182
588.125 -0.183
588.297 -0.184
588.47 -0.185
588.641 -0.186
588.81 -0.187
588.98 -0.188
589.148 -0.189
589.315 -0.19
589.478 -0.191
589.639 -0.192
589.799 -0.193
589.96 -0.194
590.119 -0.195
590.275 -0.196
590.434 -0.197
590.592 -0.198
590.75 -0.199
590.905 -0.2
591.06 -0.201
591.215 -0.202
591.371 -0.203
591.526 -0.204
591.68 -0.205
591.837 -0.206
591.994 -0.207
592.149 -0.208
592.304 -0.209
592.458 -0.21
592.611 -0.211
592.766 -0.212
592.92 -0.213
593.074 -0.214
593.227 -0.215
593.381 -0.216
593.534 -0.217
593.686 -0.218
593.836 -0.219
593.985 -0.22
594.134 -0.221
594.281 -0.222
594.426 -0.223
594.571 -0.224
594.716 -0.225
594.861 -0.226
595.005 -0.227
595.151 -0.228
595.297 -0.229
595.442 -0.23
595.587 -0.231
595.731 -0.232
595.874 -0.233
596.017 -0.234
596.159 -0.235
596.3 -0.236
596.441 -0.237
596.58 -0.238
596.72 -0.239
596.858 -0.24
596.995 -0.241
597.131 -0.242
597.266 -0.243
597.399 -0.244
597.53 -0.245
597.655 -0.246
597.779 -0.247
597.902 -0.248
598.02 -0.249
598.134 -0.25
598.241 -0.251
598.339 -0.252
598.418 -0.253
598.468 -0.254
598.498 -0.255
598.494 -0.256
598.462 -0.257
598.411 -0.258
598.339 -0.259
598.251 -0.26
598.156 -0.261
598.121 -0.262
598.096 -0.263
598.081 -0.264
598.109 -0.265
598.198 -0.266
598.282 -0.267
598.415 -0.268
598.57 -0.269
598.715 -0.27
598.873 -0.271
599.06 -0.272
599.258 -0.273
599.45 -0.274
599.637 -0.275
599.817 -0.276
599.982 -0.277
600.143 -0.278
600.293 -0.279
600.423 -0.28
600.544 -0.281
600.665 -0.282
600.786 -0.283
600.908 -0.284
601.031 -0.285
601.153 -0.286
601.274 -0.287
601.395 -0.288
601.516 -0.289
601.636 -0.29
601.756 -0.291
601.875 -0.292
601.994 -0.293
602.112 -0.294
602.231 -0.295
602.35 -0.296
602.469 -0.297
602.586 -0.298
602.704 -0.299
602.821 -0.3
602.939 -0.301
603.057 -0.302
603.174 -0.303
603.291 -0.304
603.408 -0.305
603.524 -0.306
603.64 -0.307
603.755 -0.308
603.87 -0.309
603.984 -0.31
604.099 -0.311
604.213 -0.312
604.327 -0.313
604.44 -0.314
604.552 -0.315
604.664 -0.316
604.776 -0.317
604.888 -0.318
605 -0.319
605.111 -0.32
605.222 -0.321
605.332 -0.322
605.442 -0.323
605.553 -0.324
605.663 -0.325
605.773 -0.326
605.883 -0.327
605.992 -0.328
606.102 -0.329
606.212 -0.33
606.322 -0.331
606.432 -0.332
606.541 -0.333
606.651 -0.334
606.76 -0.335
606.868 -0.336
606.977 -0.337
607.085 -0.338
607.193 -0.339
607.301 -0.34
607.409 -0.341
607.516 -0.342
607.623 -0.343
607.73 -0.344
607.836 -0.345
607.942 -0.346
608.048 -0.347
608.153 -0.348
608.258 -0.349
608.362 -0.35
608.467 -0.351
608.571 -0.352
608.674 -0.353
608.778 -0.354
608.881 -0.355
608.984 -0.356
609.086 -0.357
609.189 -0.358
609.292 -0.359
609.394 -0.36
609.496 -0.361
609.598 -0.362
609.7 -0.363
609.802 -0.364
609.904 -0.365
610.005 -0.366
610.107 -0.367
610.207 -0.368
610.308 -0.369
610.408 -0.37
610.508 -0.371
610.608 -0.372
610.707 -0.373
610.806 -0.374
610.905 -0.375
611.003 -0.376
611.101 -0.377
611.198 -0.378
611.296 -0.379
611.395 -0.38
611.493 -0.381
611.59 -0.382
611.687 -0.383
611.785 -0.384
611.883 -0.385
611.981 -0.386
612.079 -0.387
612.176 -0.388
612.273 -0.389
612.369 -0.39
612.464 -0.391
612.559 -0.392
612.653 -0.393
612.746 -0.394
612.838 -0.395
612.932 -0.396
613.025 -0.397
613.117 -0.398
613.208 -0.399
613.299 -0.4
613.391 -0.401
613.48 -0.402
613.568 -0.403
613.652 -0.404
613.73 -0.405
613.799 -0.406
613.857 -0.407
613.903 -0.408
613.931 -0.409
613.937 -0.41
613.922 -0.411
613.89 -0.412
613.839 -0.413
613.873 -0.414
613.885 -0.415
613.886 -0.416
613.873 -0.417
613.914 -0.418
614.035 -0.419
614.142 -0.42
614.243 -0.421
614.339 -0.422
614.466 -0.423
614.618 -0.424
614.765 -0.425
614.897 -0.426
615.018 -0.427
615.134 -0.428
615.266 -0.429
615.391 -0.43
615.505 -0.431
615.61 -0.432
615.705 -0.433
615.8 -0.434
615.895 -0.435
615.991 -0.436
616.087 -0.437
616.183 -0.438
616.279 -0.439
616.376 -0.44
616.474 -0.441
616.571 -0.442
616.669 -0.443
616.767 -0.444
616.864 -0.445
616.961 -0.446
617.059 -0.447
617.156 -0.448
617.254 -0.449
617.351 -0.45
617.449 -0.451
617.546 -0.452
617.643 -0.453
617.74 -0.454
617.838 -0.455
617.936 -0.456
618.033 -0.457
618.13 -0.458
618.227 -0.459
618.325 -0.46
618.422 -0.461
618.52 -0.462
618.618 -0.463
618.715 -0.464
618.813 -0.465
618.91 -0.466
619.007 -0.467
619.102 -0.468
619.198 -0.469
619.294 -0.47
619.39 -0.471
619.486 -0.472
619.581 -0.473
619.677 -0.474
619.772 -0.475
619.868 -0.476
619.963 -0.477
620.057 -0.478
620.151 -0.479
620.243 -0.48
620.335 -0.481
620.427 -0.482
620.518 -0.483
620.611 -0.484
620.704 -0.485
620.798 -0.486
620.892 -0.487
620.986 -0.488
621.081 -0.489
621.175 -0.49
621.268 -0.491
621.362 -0.492
621.455 -0.493
621.548 -0.494
621.641 -0.495
621.734 -0.496
621.827 -0.497
621.919 -0.498
622.011 -0.499
622.101 -0.5
622.191 -0.501
622.28 -0.502
622.37 -0.503
622.459 -0.504
622.548 -0.505
622.636 -0.506
622.701 -0.507
622.675 -0.508
622.47 -0.509
622.051 -0.51
621.511 -0.511
620.949 -0.512
620.387 -0.513
619.824 -0.514
619.261 -0.515
618.697 -0.516
618.133 -0.517
617.568 -0.518
617.002 -0.519
616.433 -0.52
615.773 -0.521
614.905 -0.522
614.109 -0.523
613.307 -0.524
612.501 -0.525
611.691 -0.526
610.878 -0.527
610.06 -0.528
609.234 -0.529
608.566 -0.53
608.014 -0.531
607.435 -0.532
606.936 -0.533
606.398 -0.534
605.839 -0.535
605.294 -0.536
604.743 -0.537
604.234 -0.538
603.723 -0.539
603.205 -0.54
602.7 -0.541
602.186 -0.542
601.666 -0.543
601.149 -0.544
600.631 -0.545
600.092 -0.546
599.548 -0.547
599.005 -0.548
598.454 -0.549
597.88 -0.55
597.318 -0.551
596.753 -0.552
596.191 -0.553
595.633 -0.554
595.082 -0.555
594.534 -0.556
593.989 -0.557
593.443 -0.558
592.894 -0.559
592.346 -0.56
591.801 -0.561
591.251 -0.562
590.697 -0.563
590.141 -0.564
589.586 -0.565
589.026 -0.566
588.454 -0.567
587.881 -0.568
587.306 -0.569
586.725 -0.57
586.143 -0.571
585.557 -0.572
584.964 -0.573
584.372 -0.574
583.778 -0.575
583.182 -0.576
582.587 -0.577
581.992 -0.578
581.397 -0.579
580.802 -0.58
580.205 -0.581
579.606 -0.582
579.005 -0.583
578.404 -0.584
577.803 -0.585
577.203 -0.586
576.603 -0.587
576.003 -0.588
575.405 -0.589
574.806 -0.59
574.208 -0.591
573.61 -0.592
573.015 -0.593
572.421 -0.594
571.829 -0.595
571.238 -0.596
570.648 -0.597
570.058 -0.598
569.469 -0.599
568.88 -0.6
