7.81365 -0.001
15.6186 -0.002
23.415 -0.003
31.2028 -0.004
38.9821 -0.005
46.7527 -0.006
54.5147 -0.007
62.2681 -0.008
70.0128 -0.009
77.7488 -0.01
85.4762 -0.011
93.1948 -0.012
100.905 -0.013
108.606 -0.014
116.298 -0.015
123.982 -0.016
131.657 -0.017
139.323 -0.018
146.981 -0.019
154.629 -0.02
162.269 -0.021
169.9 -0.022
177.522 -0.023
185.135 -0.024
192.739 -0.025
200.334 -0.026
207.921 -0.027
215.498 -0.028
223.067 -0.029
230.626 -0.03
238.176 -0.031
245.718 -0.032
253.25 -0.033
260.773 -0.034
268.287 -0.035
275.792 -0.036
283.288 -0.037
290.775 -0.038
298.253 -0.039
305.721 -0.04
313.18 -0.041
320.63 -0.042
328.071 -0.043
335.502 -0.044
342.924 -0.045
350.337 -0.046
357.74 -0.047
365.134 -0.048
372.519 -0.049
379.894 -0.05
387.26 -0.051
394.616 -0.052
401.962 -0.053
409.3 -0.054
416.627 -0.055
423.92 -0.056
431.063 -0.057
437.97 -0.058
444.467 -0.059
450.581 -0.06
456.552 -0.061
462.17 -0.062
467.52 -0.063
472.299 -0.064
476.499 -0.065
479.781 -0.066
482.746 -0.067
485.646 -0.068
488.447 -0.069
491.124 -0.07
493.752 -0.071
496.287 -0.072
498.606 -0.073
500.889 -0.074
503.015 -0.075
504.828 -0.076
506.311 -0.077
507.609 -0.078
508.873 -0.079
510.006 -0.08
511.093 -0.081
511.995 -0.082
512.727 -0.083
513.42 -0.084
514.095 -0.085
514.751 -0.086
515.386 -0.087
516.003 -0.088
516.6 -0.089
517.179 -0.09
517.737 -0.091
518.279 -0.092
518.809 -0.093
519.327 -0.094
519.838 -0.095
520.343 -0.096
520.841 -0.097
521.334 -0.098
521.822 -0.099
522.305 -0.1
522.783 -0.101
523.256 -0.102
523.724 -0.103
524.187 -0.104
524.645 -0.105
525.096 -0.106
525.542 -0.107
525.981 -0.108
526.416 -0.109
526.846 -0.11
527.272 -0.111
527.693 -0.112
528.111 -0.113
528.521 -0.114
528.928 -0.115
529.328 -0.116
529.725 -0.117
530.117 -0.118
530.506 -0.119
530.89 -0.12
531.27 -0.121
531.646 -0.122
532.018 -0.123
532.384 -0.124
532.746 -0.125
533.102 -0.126
533.456 -0.127
533.803 -0.128
534.148 -0.129
534.487 -0.13
534.823 -0.131
535.154 -0.132
535.482 -0.133
535.803 -0.134
536.119 -0.135
536.431 -0.136
536.739 -0.137
537.043 -0.138
537.342 -0.139
537.639 -0.14
537.929 -0.141
538.215 -0.142
538.497 -0.143
538.773 -0.144
539.046 -0.145
539.313 -0.146
539.577 -0.147
539.837 -0.148
540.094 -0.149
540.347 -0.15
540.597 -0.151
540.844 -0.152
541.088 -0.153
541.328 -0.154
541.565 -0.155
541.799 -0.156
542.03 -0.157
542.259 -0.158
542.485 -0.159
542.707 -0.16
542.927 -0.161
543.144 -0.162
543.358 -0.163
543.57 -0.164
543.779 -0.165
543.984 -0.166
544.187 -0.167
544.387 -0.168
544.585 -0.169
544.779 -0.17
544.971 -0.171
545.16 -0.172
545.347 -0.173
545.53 -0.174
545.711 -0.175
545.889 -0.176
546.065 -0.177
546.238 -0.178
546.408 -0.179
546.575 -0.18
546.74 -0.181
546.903 -0.182
547.062 -0.183
547.219 -0.184
547.374 -0.185
547.527 -0.186
547.677 -0.187
547.824 -0.188
547.969 -0.189
548.112 -0.19
548.253 -0.191
548.392 -0.192
548.527 -0.193
548.661 -0.194
548.792 -0.195
548.921 -0.196
549.048 -0.197
549.173 -0.198
549.295 -0.199
549.415 -0.2
549.533 -0.201
549.649 -0.202
549.763 -0.203
549.874 -0.204
549.983 -0.205
550.091 -0.206
550.195 -0.207
550.298 -0.208
550.399 -0.209
550.498 -0.21
550.594 -0.211
550.689 -0.212
550.782 -0.213
550.873 -0.214
550.962 -0.215
551.049 -0.216
551.134 -0.217
551.217 -0.218
551.298 -0.219
551.377 -0.22
551.454 -0.221
551.529 -0.222
551.602 -0.223
551.674 -0.224
551.744 -0.225
551.811 -0.226
551.877 -0.227
551.942 -0.228
552.004 -0.229
552.064 -0.23
552.123 -0.231
552.18 -0.232
552.235 -0.233
552.289 -0.234
552.341 -0.235
552.391 -0.236
552.44 -0.237
552.487 -0.238
552.533 -0.239
552.576 -0.24
552.619 -0.241
552.659 -0.242
552.698 -0.243
552.736 -0.244
552.772 -0.245
552.806 -0.246
552.839 -0.247
552.871 -0.248
552.901 -0.249
552.929 -0.25
552.955 -0.251
552.98 -0.252
553.003 -0.253
553.024 -0.254
553.044 -0.255
553.062 -0.256
553.078 -0.257
553.093 -0.258
553.106 -0.259
553.118 -0.26
553.128 -0.261
553.137 -0.262
553.144 -0.263
553.15 -0.264
553.155 -0.265
553.158 -0.266
553.16 -0.267
553.16 -0.268
553.159 -0.269
553.157 -0.27
553.154 -0.271
553.149 -0.272
553.142 -0.273
553.133 -0.274
553.123 -0.275
553.112 -0.276
553.099 -0.277
553.084 -0.278
553.067 -0.279
553.05 -0.28
553.03 -0.281
553.008 -0.282
552.985 -0.283
552.96 -0.284
552.933 -0.285
552.904 -0.286
552.875 -0.287
552.844 -0.288
552.812 -0.289
552.778 -0.29
552.744 -0.291
552.708 -0.292
552.671 -0.293
552.633 -0.294
552.594 -0.295
552.554 -0.296
552.513 -0.297
552.47 -0.298
552.427 -0.299
552.382 -0.3
552.337 -0.301
552.29 -0.302
552.242 -0.303
552.194 -0.304
552.144 -0.305
552.093 -0.306
552.041 -0.307
551.989 -0.308
551.935 -0.309
551.88 -0.31
551.824 -0.311
551.768 -0.312
551.71 -0.313
551.651 -0.314
551.592 -0.315
551.53 -0.316
551.467 -0.317
551.403 -0.318
551.339 -0.319
551.273 -0.32
551.206 -0.321
551.138 -0.322
551.068 -0.323
550.997 -0.324
550.926 -0.325
550.853 -0.326
550.779 -0.327
550.704 -0.328
550.627 -0.329
550.55 -0.33
550.472 -0.331
550.393 -0.332
550.312 -0.333
550.23 -0.334
550.147 -0.335
550.064 -0.336
549.979 -0.337
549.895 -0.338
549.809 -0.339
549.723 -0.34
549.636 -0.341
549.548 -0.342
549.46 -0.343
549.372 -0.344
549.282 -0.345
549.192 -0.346
549.102 -0.347
549.01 -0.348
548.918 -0.349
548.826 -0.35
548.733 -0.351
548.639 -0.352
548.545 -0.353
548.45 -0.354
548.354 -0.355
548.258 -0.356
548.161 -0.357
548.064 -0.358
547.966 -0.359
547.867 -0.36
547.768 -0.361
547.669 -0.362
547.569 -0.363
547.468 -0.364
547.367 -0.365
547.265 -0.366
547.163 -0.367
547.06 -0.368
546.956 -0.369
546.852 -0.37
546.747 -0.371
546.642 -0.372
546.537 -0.373
546.431 -0.374
546.325 -0.375
546.218 -0.376
546.11 -0.377
546.002 -0.378
545.894 -0.379
545.785 -0.38
545.676 -0.381
545.566 -0.382
545.456 -0.383
545.346 -0.384
545.235 -0.385
545.123 -0.386
545.011 -0.387
544.899 -0.388
544.786 -0.389
544.673 -0.39
544.559 -0.391
544.445 -0.392
544.331 -0.393
544.216 -0.394
544.101 -0.395
543.986 -0.396
543.87 -0.397
543.754 -0.398
543.637 -0.399
543.52 -0.4
543.403 -0.401
543.286 -0.402
543.168 -0.403
543.05 -0.404
542.931 -0.405
542.812 -0.406
542.693 -0.407
542.574 -0.408
542.454 -0.409
542.334 -0.41
542.214 -0.411
542.093 -0.412
541.972 -0.413
541.851 -0.414
541.73 -0.415
541.608 -0.416
541.486 -0.417
541.364 -0.418
541.241 -0.419
541.118 -0.42
540.995 -0.421
540.872 -0.422
540.748 -0.423
540.625 -0.424
540.501 -0.425
540.377 -0.426
540.253 -0.427
540.128 -0.428
540.003 -0.429
539.878 -0.43
539.753 -0.431
539.627 -0.432
539.502 -0.433
539.376 -0.434
539.25 -0.435
539.124 -0.436
538.997 -0.437
538.87 -0.438
538.744 -0.439
538.617 -0.44
538.49 -0.441
538.362 -0.442
538.235 -0.443
538.107 -0.444
537.98 -0.445
537.852 -0.446
537.724 -0.447
537.596 -0.448
537.467 -0.449
537.339 -0.45
537.21 -0.451
537.082 -0.452
536.953 -0.453
536.824 -0.454
536.695 -0.455
536.565 -0.456
536.436 -0.457
536.307 -0.458
536.178 -0.459
536.048 -0.46
535.919 -0.461
535.789 -0.462
535.66 -0.463
535.53 -0.464
535.4 -0.465
535.271 -0.466
535.141 -0.467
535.011 -0.468
534.881 -0.469
534.751 -0.47
534.621 -0.471
534.491 -0.472
534.361 -0.473
534.231 -0.474
534.101 -0.475
533.971 -0.476
533.84 -0.477
533.71 -0.478
533.58 -0.479
533.45 -0.48
533.32 -0.481
533.19 -0.482
533.06 -0.483
532.93 -0.484
532.801 -0.485
532.671 -0.486
532.541 -0.487
532.411 -0.488
532.282 -0.489
532.152 -0.49
532.023 -0.491
531.893 -0.492
531.764 -0.493
531.635 -0.494
531.505 -0.495
531.376 -0.496
531.247 -0.497
531.118 -0.498
530.989 -0.499
530.86 -0.5
530.731 -0.501
530.603 -0.502
530.474 -0.503
530.346 -0.504
530.218 -0.505
530.09 -0.506
529.962 -0.507
529.835 -0.508
529.707 -0.509
529.579 -0.51
529.452 -0.511
529.325 -0.512
529.198 -0.513
529.071 -0.514
528.944 -0.515
528.817 -0.516
528.691 -0.517
528.565 -0.518
528.439 -0.519
528.313 -0.52
528.187 -0.521
528.061 -0.522
527.936 -0.523
527.811 -0.524
527.686 -0.525
527.561 -0.526
527.437 -0.527
527.313 -0.528
527.189 -0.529
527.065 -0.53
526.942 -0.531
526.818 -0.532
526.695 -0.533
526.572 -0.534
526.45 -0.535
526.327 -0.536
526.205 -0.537
526.083 -0.538
525.961 -0.539
525.84 -0.54
525.719 -0.541
525.598 -0.542
525.478 -0.543
525.357 -0.544
525.238 -0.545
525.118 -0.546
524.999 -0.547
524.88 -0.548
524.761 -0.549
524.643 -0.55
524.525 -0.551
524.407 -0.552
524.29 -0.553
524.172 -0.554
524.056 -0.555
523.939 -0.556
523.823 -0.557
523.707 -0.558
523.591 -0.559
523.476 -0.56
523.361 -0.561
523.247 -0.562
523.133 -0.563
523.019 -0.564
522.906 -0.565
522.793 -0.566
522.68 -0.567
522.568 -0.568
522.456 -0.569
522.345 -0.57
522.234 -0.571
522.123 -0.572
522.013 -0.573
521.903 -0.574
521.794 -0.575
521.685 -0.576
521.576 -0.577
521.468 -0.578
521.36 -0.579
521.253 -0.58
521.146 -0.581
521.039 -0.582
520.933 -0.583
520.828 -0.584
520.723 -0.585
520.618 -0.586
520.514 -0.587
520.41 -0.588
520.307 -0.589
520.204 -0.59
520.102 -0.591
520 -0.592
519.899 -0.593
519.798 -0.594
519.698 -0.595
519.598 -0.596
519.499 -0.597
519.4 -0.598
519.302 -0.599
519.204 -0.6
519.107 -0.601
519.01 -0.602
518.914 -0.603
518.818 -0.604
518.722 -0.605
518.628 -0.606
518.533 -0.607
518.44 -0.608
518.347 -0.609
518.254 -0.61
518.162 -0.611
518.071 -0.612
517.98 -0.613
517.89 -0.614
517.8 -0.615
517.711 -0.616
517.622 -0.617
517.535 -0.618
517.447 -0.619
517.361 -0.62
517.275 -0.621
517.189 -0.622
517.104 -0.623
517.02 -0.624
516.937 -0.625
516.854 -0.626
516.771 -0.627
516.69 -0.628
516.609 -0.629
516.528 -0.63
516.448 -0.631
516.369 -0.632
516.29 -0.633
516.212 -0.634
516.135 -0.635
516.058 -0.636
515.982 -0.637
515.907 -0.638
515.832 -0.639
515.758 -0.64
515.685 -0.641
515.613 -0.642
515.541 -0.643
515.47 -0.644
515.399 -0.645
515.33 -0.646
515.261 -0.647
515.192 -0.648
515.125 -0.649
515.058 -0.65
514.992 -0.651
514.927 -0.652
514.862 -0.653
514.798 -0.654
514.735 -0.655
514.673 -0.656
514.611 -0.657
514.551 -0.658
514.491 -0.659
514.432 -0.66
514.373 -0.661
514.315 -0.662
514.258 -0.663
514.202 -0.664
514.146 -0.665
514.092 -0.666
514.038 -0.667
513.985 -0.668
513.932 -0.669
513.881 -0.67
513.83 -0.671
513.78 -0.672
513.731 -0.673
513.683 -0.674
513.636 -0.675
513.589 -0.676
513.543 -0.677
513.498 -0.678
513.455 -0.679
513.411 -0.68
513.369 -0.681
513.327 -0.682
513.286 -0.683
513.246 -0.684
513.206 -0.685
513.168 -0.686
513.13 -0.687
513.093 -0.688
513.057 -0.689
513.022 -0.69
512.987 -0.691
512.953 -0.692
512.92 -0.693
512.887 -0.694
512.855 -0.695
512.824 -0.696
512.794 -0.697
512.764 -0.698
512.735 -0.699
512.706 -0.7
512.678 -0.701
512.651 -0.702
512.625 -0.703
512.6 -0.704
512.575 -0.705
512.551 -0.706
512.527 -0.707
512.504 -0.708
512.482 -0.709
512.461 -0.71
512.441 -0.711
512.421 -0.712
512.401 -0.713
512.382 -0.714
512.364 -0.715
512.346 -0.716
512.33 -0.717
512.313 -0.718
512.297 -0.719
512.281 -0.72
512.266 -0.721
512.252 -0.722
512.239 -0.723
512.227 -0.724
512.216 -0.725
512.206 -0.726
512.197 -0.727
512.189 -0.728
512.181 -0.729
512.175 -0.73
512.17 -0.731
512.166 -0.732
512.162 -0.733
512.16 -0.734
512.159 -0.735
512.159 -0.736
512.16 -0.737
512.161 -0.738
512.164 -0.739
512.168 -0.74
512.173 -0.741
512.179 -0.742
512.185 -0.743
512.193 -0.744
512.202 -0.745
512.212 -0.746
512.224 -0.747
512.236 -0.748
512.249 -0.749
512.263 -0.75
512.278 -0.751
512.295 -0.752
512.312 -0.753
512.331 -0.754
512.35 -0.755
512.371 -0.756
512.393 -0.757
512.416 -0.758
512.44 -0.759
512.465 -0.76
512.491 -0.761
512.519 -0.762
512.547 -0.763
512.577 -0.764
512.607 -0.765
512.639 -0.766
512.672 -0.767
512.706 -0.768
512.742 -0.769
512.778 -0.77
512.816 -0.771
512.854 -0.772
512.894 -0.773
512.935 -0.774
512.978 -0.775
513.021 -0.776
513.065 -0.777
513.11 -0.778
513.156 -0.779
513.203 -0.78
513.25 -0.781
513.298 -0.782
513.347 -0.783
513.396 -0.784
513.446 -0.785
513.497 -0.786
513.548 -0.787
513.6 -0.788
513.653 -0.789
513.707 -0.79
513.76 -0.791
513.815 -0.792
513.872 -0.793
513.928 -0.794
513.985 -0.795
514.043 -0.796
514.102 -0.797
514.161 -0.798
514.221 -0.799
514.281 -0.8
514.343 -0.801
514.405 -0.802
514.469 -0.803
514.534 -0.804
514.601 -0.805
514.668 -0.806
514.737 -0.807
514.807 -0.808
514.878 -0.809
514.951 -0.81
515.025 -0.811
515.1 -0.812
515.176 -0.813
515.253 -0.814
515.332 -0.815
515.412 -0.816
515.494 -0.817
515.576 -0.818
515.66 -0.819
515.745 -0.82
515.832 -0.821
515.92 -0.822
516.009 -0.823
516.099 -0.824
516.191 -0.825
516.284 -0.826
516.378 -0.827
516.473 -0.828
516.57 -0.829
516.669 -0.83
516.768 -0.831
516.869 -0.832
516.971 -0.833
517.075 -0.834
517.179 -0.835
517.285 -0.836
517.393 -0.837
517.501 -0.838
517.611 -0.839
517.722 -0.84
517.835 -0.841
517.949 -0.842
518.064 -0.843
518.18 -0.844
518.298 -0.845
518.417 -0.846
518.537 -0.847
518.659 -0.848
518.782 -0.849
518.906 -0.85
519.032 -0.851
519.16 -0.852
519.288 -0.853
519.418 -0.854
519.549 -0.855
519.682 -0.856
519.816 -0.857
519.952 -0.858
520.088 -0.859
520.227 -0.86
520.366 -0.861
520.507 -0.862
520.65 -0.863
520.794 -0.864
520.939 -0.865
521.086 -0.866
521.234 -0.867
521.383 -0.868
521.534 -0.869
521.685 -0.87
521.838 -0.871
521.992 -0.872
522.148 -0.873
522.304 -0.874
522.46 -0.875
522.618 -0.876
522.778 -0.877
522.938 -0.878
523.101 -0.879
523.264 -0.88
523.429 -0.881
523.596 -0.882
523.764 -0.883
523.934 -0.884
524.105 -0.885
524.277 -0.886
524.451 -0.887
524.626 -0.888
524.803 -0.889
524.982 -0.89
525.162 -0.891
525.343 -0.892
525.526 -0.893
525.71 -0.894
525.896 -0.895
526.084 -0.896
526.273 -0.897
526.462 -0.898
526.649 -0.899
526.838 -0.9
527.027 -0.901
527.219 -0.902
527.411 -0.903
527.605 -0.904
527.801 -0.905
527.998 -0.906
528.197 -0.907
528.397 -0.908
528.599 -0.909
528.802 -0.91
529.007 -0.911
529.213 -0.912
529.421 -0.913
529.63 -0.914
529.841 -0.915
530.052 -0.916
530.266 -0.917
530.48 -0.918
530.696 -0.919
530.914 -0.92
531.133 -0.921
531.353 -0.922
531.575 -0.923
531.799 -0.924
532.024 -0.925
532.251 -0.926
532.479 -0.927
532.708 -0.928
532.939 -0.929
533.172 -0.93
533.406 -0.931
533.641 -0.932
533.877 -0.933
534.114 -0.934
534.352 -0.935
534.591 -0.936
534.831 -0.937
535.073 -0.938
535.316 -0.939
535.56 -0.94
535.805 -0.941
536.053 -0.942
536.301 -0.943
536.551 -0.944
536.803 -0.945
537.056 -0.946
537.311 -0.947
537.567 -0.948
537.825 -0.949
538.085 -0.95
538.346 -0.951
538.608 -0.952
538.872 -0.953
539.138 -0.954
539.404 -0.955
539.673 -0.956
539.942 -0.957
540.212 -0.958
540.484 -0.959
540.757 -0.96
541.032 -0.961
541.308 -0.962
541.586 -0.963
541.865 -0.964
542.145 -0.965
542.428 -0.966
542.711 -0.967
542.996 -0.968
543.282 -0.969
543.57 -0.97
543.859 -0.971
544.15 -0.972
544.442 -0.973
544.735 -0.974
545.03 -0.975
545.326 -0.976
545.624 -0.977
545.922 -0.978
546.223 -0.979
546.524 -0.98
546.827 -0.981
547.131 -0.982
547.437 -0.983
547.744 -0.984
548.053 -0.985
548.362 -0.986
548.674 -0.987
548.987 -0.988
549.301 -0.989
549.617 -0.99
549.935 -0.991
550.253 -0.992
550.574 -0.993
550.896 -0.994
551.22 -0.995
551.545 -0.996
551.872 -0.997
552.198 -0.998
552.527 -0.999
552.856 -1
553.187 -1.001
553.519 -1.002
553.851 -1.003
554.186 -1.004
554.521 -1.005
554.858 -1.006
555.195 -1.007
555.533 -1.008
555.873 -1.009
556.215 -1.01
556.558 -1.011
556.902 -1.012
557.246 -1.013
557.592 -1.014
557.939 -1.015
558.287 -1.016
558.637 -1.017
558.989 -1.018
559.341 -1.019
559.694 -1.02
560.049 -1.021
560.406 -1.022
560.764 -1.023
561.124 -1.024
561.485 -1.025
561.848 -1.026
562.212 -1.027
562.577 -1.028
562.943 -1.029
563.311 -1.03
563.68 -1.031
564.05 -1.032
564.422 -1.033
564.796 -1.034
565.172 -1.035
565.549 -1.036
565.927 -1.037
566.308 -1.038
566.69 -1.039
567.073 -1.04
567.458 -1.041
567.845 -1.042
568.234 -1.043
568.624 -1.044
569.016 -1.045
569.41 -1.046
569.806 -1.047
570.202 -1.048
570.601 -1.049
571.001 -1.05
571.402 -1.051
571.806 -1.052
572.21 -1.053
572.616 -1.054
573.024 -1.055
573.433 -1.056
573.845 -1.057
574.258 -1.058
574.672 -1.059
575.089 -1.06
575.507 -1.061
575.927 -1.062
576.349 -1.063
576.772 -1.064
577.197 -1.065
577.624 -1.066
578.051 -1.067
578.48 -1.068
578.911 -1.069
579.344 -1.07
579.778 -1.071
580.214 -1.072
580.651 -1.073
581.09 -1.074
581.53 -1.075
581.972 -1.076
582.414 -1.077
582.858 -1.078
583.304 -1.079
583.751 -1.08
584.199 -1.081
584.65 -1.082
585.102 -1.083
585.556 -1.084
586.01 -1.085
586.466 -1.086
586.923 -1.087
587.383 -1.088
587.844 -1.089
588.307 -1.09
588.77 -1.091
589.234 -1.092
589.699 -1.093
590.165 -1.094
590.633 -1.095
591.102 -1.096
591.571 -1.097
592.041 -1.098
592.512 -1.099
592.984 -1.1
593.458 -1.101
593.933 -1.102
594.409 -1.103
594.885 -1.104
595.362 -1.105
595.841 -1.106
596.32 -1.107
596.802 -1.108
597.285 -1.109
597.77 -1.11
598.255 -1.111
598.741 -1.112
599.229 -1.113
599.718 -1.114
600.208 -1.115
600.7 -1.116
601.193 -1.117
601.687 -1.118
602.181 -1.119
602.676 -1.12
603.174 -1.121
603.672 -1.122
604.172 -1.123
604.673 -1.124
605.177 -1.125
605.681 -1.126
606.188 -1.127
606.696 -1.128
607.206 -1.129
607.717 -1.13
608.23 -1.131
608.743 -1.132
609.257 -1.133
609.772 -1.134
610.288 -1.135
610.805 -1.136
611.322 -1.137
611.839 -1.138
612.358 -1.139
612.878 -1.14
613.399 -1.141
613.921 -1.142
614.444 -1.143
614.968 -1.144
615.494 -1.145
616.02 -1.146
616.548 -1.147
617.076 -1.148
617.605 -1.149
618.134 -1.15
618.665 -1.151
619.196 -1.152
619.728 -1.153
620.26 -1.154
620.792 -1.155
621.325 -1.156
621.858 -1.157
622.391 -1.158
622.925 -1.159
623.46 -1.16
623.996 -1.161
624.534 -1.162
625.071 -1.163
625.608 -1.164
626.147 -1.165
626.687 -1.166
627.228 -1.167
627.771 -1.168
628.316 -1.169
628.86 -1.17
629.405 -1.171
629.952 -1.172
630.5 -1.173
631.049 -1.174
631.598 -1.175
632.149 -1.176
632.7 -1.177
633.251 -1.178
633.804 -1.179
634.359 -1.18
634.916 -1.181
635.474 -1.182
636.032 -1.183
636.592 -1.184
637.151 -1.185
637.711 -1.186
638.272 -1.187
638.834 -1.188
639.396 -1.189
639.96 -1.19
640.525 -1.191
641.092 -1.192
641.659 -1.193
642.227 -1.194
642.797 -1.195
643.369 -1.196
643.943 -1.197
644.518 -1.198
645.095 -1.199
645.673 -1.2
646.252 -1.201
646.831 -1.202
647.412 -1.203
647.993 -1.204
648.576 -1.205
649.16 -1.206
649.745 -1.207
650.331 -1.208
650.918 -1.209
651.505 -1.21
652.092 -1.211
652.681 -1.212
653.27 -1.213
653.86 -1.214
654.449 -1.215
655.04 -1.216
655.631 -1.217
656.224 -1.218
656.817 -1.219
657.411 -1.22
658.006 -1.221
658.602 -1.222
659.198 -1.223
659.795 -1.224
660.392 -1.225
660.99 -1.226
661.588 -1.227
662.188 -1.228
662.787 -1.229
663.386 -1.23
663.986 -1.231
664.587 -1.232
665.189 -1.233
665.792 -1.234
666.396 -1.235
667.001 -1.236
667.607 -1.237
668.215 -1.238
668.823 -1.239
669.433 -1.24
670.042 -1.241
670.653 -1.242
671.265 -1.243
671.877 -1.244
672.487 -1.245
673.098 -1.246
673.707 -1.247
674.314 -1.248
674.922 -1.249
675.526 -1.25
676.129 -1.251
676.731 -1.252
677.33 -1.253
677.929 -1.254
678.529 -1.255
679.13 -1.256
679.731 -1.257
680.333 -1.258
680.935 -1.259
681.537 -1.26
682.14 -1.261
682.744 -1.262
683.349 -1.263
683.954 -1.264
684.559 -1.265
685.167 -1.266
685.775 -1.267
686.383 -1.268
686.993 -1.269
687.604 -1.27
688.216 -1.271
688.825 -1.272
689.432 -1.273
690.042 -1.274
690.651 -1.275
691.259 -1.276
691.865 -1.277
692.462 -1.278
693.056 -1.279
693.652 -1.28
694.247 -1.281
694.839 -1.282
695.432 -1.283
696.027 -1.284
696.624 -1.285
697.217 -1.286
697.81 -1.287
698.403 -1.288
698.999 -1.289
699.596 -1.29
700.194 -1.291
700.794 -1.292
701.396 -1.293
702 -1.294
702.604 -1.295
703.211 -1.296
703.819 -1.297
704.428 -1.298
705.04 -1.299
705.652 -1.3
706.267 -1.301
706.883 -1.302
707.498 -1.303
708.114 -1.304
708.732 -1.305
709.351 -1.306
709.97 -1.307
710.589 -1.308
711.209 -1.309
711.831 -1.31
712.453 -1.311
713.073 -1.312
713.692 -1.313
714.312 -1.314
714.932 -1.315
715.55 -1.316
716.17 -1.317
716.791 -1.318
717.413 -1.319
718.037 -1.32
718.659 -1.321
719.282 -1.322
719.906 -1.323
720.531 -1.324
721.158 -1.325
721.787 -1.326
722.417 -1.327
723.049 -1.328
723.681 -1.329
724.313 -1.33
724.944 -1.331
725.576 -1.332
726.21 -1.333
726.846 -1.334
727.483 -1.335
728.122 -1.336
728.763 -1.337
729.405 -1.338
730.046 -1.339
730.685 -1.34
731.325 -1.341
731.967 -1.342
732.611 -1.343
733.255 -1.344
733.902 -1.345
734.55 -1.346
735.199 -1.347
735.847 -1.348
736.496 -1.349
737.147 -1.35
737.799 -1.351
738.452 -1.352
739.107 -1.353
739.764 -1.354
740.422 -1.355
741.082 -1.356
741.743 -1.357
742.403 -1.358
743.063 -1.359
743.725 -1.36
744.388 -1.361
745.053 -1.362
745.719 -1.363
746.387 -1.364
747.057 -1.365
747.728 -1.366
748.4 -1.367
749.07 -1.368
749.741 -1.369
750.413 -1.37
751.087 -1.371
751.763 -1.372
752.44 -1.373
753.119 -1.374
753.799 -1.375
754.481 -1.376
755.163 -1.377
755.844 -1.378
756.524 -1.379
757.205 -1.38
757.889 -1.381
758.573 -1.382
759.26 -1.383
759.947 -1.384
760.637 -1.385
761.328 -1.386
762.021 -1.387
762.715 -1.388
763.411 -1.389
764.108 -1.39
764.807 -1.391
765.508 -1.392
766.21 -1.393
766.914 -1.394
767.62 -1.395
768.327 -1.396
769.036 -1.397
769.746 -1.398
770.458 -1.399
771.172 -1.4
771.887 -1.401
772.604 -1.402
773.322 -1.403
774.042 -1.404
774.762 -1.405
775.481 -1.406
776.201 -1.407
776.923 -1.408
777.647 -1.409
778.373 -1.41
779.096 -1.411
779.82 -1.412
780.545 -1.413
781.272 -1.414
782.001 -1.415
782.73 -1.416
783.457 -1.417
784.186 -1.418
784.916 -1.419
785.647 -1.42
786.38 -1.421
787.113 -1.422
787.844 -1.423
788.576 -1.424
789.31 -1.425
790.045 -1.426
790.782 -1.427
791.521 -1.428
792.261 -1.429
793.003 -1.43
793.745 -1.431
794.488 -1.432
795.231 -1.433
795.973 -1.434
796.717 -1.435
797.46 -1.436
798.204 -1.437
798.949 -1.438
799.694 -1.439
800.44 -1.44
801.188 -1.441
801.937 -1.442
802.688 -1.443
803.44 -1.444
804.194 -1.445
804.949 -1.446
805.704 -1.447
806.461 -1.448
807.215 -1.449
807.966 -1.45
808.717 -1.451
809.464 -1.452
810.207 -1.453
810.946 -1.454
811.681 -1.455
812.411 -1.456
813.138 -1.457
813.86 -1.458
814.577 -1.459
815.291 -1.46
816.004 -1.461
816.711 -1.462
817.41 -1.463
818.106 -1.464
818.796 -1.465
819.476 -1.466
820.133 -1.467
820.76 -1.468
821.358 -1.469
821.911 -1.47
822.375 -1.471
822.812 -1.472
823.246 -1.473
823.679 -1.474
824.105 -1.475
824.509 -1.476
824.912 -1.477
825.314 -1.478
825.716 -1.479
826.118 -1.48
826.521 -1.481
826.924 -1.482
827.327 -1.483
827.731 -1.484
828.134 -1.485
828.538 -1.486
828.942 -1.487
829.347 -1.488
829.751 -1.489
830.156 -1.49
830.561 -1.491
830.966 -1.492
831.371 -1.493
831.777 -1.494
832.182 -1.495
832.588 -1.496
832.994 -1.497
833.4 -1.498
833.806 -1.499
834.197 -1.5
834.561 -1.501
834.924 -1.502
835.286 -1.503
835.648 -1.504
836.01 -1.505
836.372 -1.506
836.734 -1.507
837.095 -1.508
837.456 -1.509
837.817 -1.51
838.179 -1.511
838.54 -1.512
838.902 -1.513
839.263 -1.514
839.625 -1.515
839.987 -1.516
840.349 -1.517
840.711 -1.518
841.073 -1.519
841.435 -1.52
841.797 -1.521
842.159 -1.522
842.522 -1.523
842.884 -1.524
843.247 -1.525
843.609 -1.526
843.967 -1.527
844.323 -1.528
844.68 -1.529
845.036 -1.53
845.393 -1.531
845.749 -1.532
846.106 -1.533
846.463 -1.534
846.819 -1.535
847.176 -1.536
847.533 -1.537
847.889 -1.538
848.246 -1.539
848.602 -1.54
848.959 -1.541
849.316 -1.542
849.673 -1.543
850.03 -1.544
850.387 -1.545
850.744 -1.546
851.101 -1.547
851.459 -1.548
851.816 -1.549
852.174 -1.55
852.531 -1.551
852.889 -1.552
853.246 -1.553
853.604 -1.554
853.962 -1.555
854.32 -1.556
854.678 -1.557
855.036 -1.558
855.394 -1.559
855.752 -1.56
856.11 -1.561
856.469 -1.562
856.827 -1.563
857.186 -1.564
857.544 -1.565
857.903 -1.566
858.262 -1.567
858.621 -1.568
858.98 -1.569
859.339 -1.57
859.698 -1.571
860.057 -1.572
860.416 -1.573
860.776 -1.574
861.135 -1.575
861.495 -1.576
861.855 -1.577
862.215 -1.578
862.574 -1.579
862.934 -1.58
863.294 -1.581
863.655 -1.582
864.015 -1.583
864.375 -1.584
864.736 -1.585
865.096 -1.586
865.457 -1.587
865.817 -1.588
866.178 -1.589
866.539 -1.59
866.9 -1.591
867.261 -1.592
867.622 -1.593
867.983 -1.594
868.345 -1.595
868.706 -1.596
869.068 -1.597
869.429 -1.598
869.791 -1.599
870.153 -1.6
