9.42391 -0.001
18.8404 -0.002
28.2496 -0.003
37.6513 -0.004
47.0455 -0.005
56.4323 -0.006
65.8115 -0.007
75.1832 -0.008
84.5472 -0.009
93.9037 -0.01
103.252 -0.011
112.594 -0.012
121.927 -0.013
131.252 -0.014
140.57 -0.015
149.88 -0.016
159.182 -0.017
168.476 -0.018
177.763 -0.019
187.041 -0.02
196.311 -0.021
205.573 -0.022
214.827 -0.023
224.073 -0.024
233.311 -0.025
242.54 -0.026
251.761 -0.027
260.974 -0.028
270.179 -0.029
279.375 -0.03
288.562 -0.031
297.741 -0.032
306.912 -0.033
316.074 -0.034
325.228 -0.035
334.372 -0.036
343.508 -0.037
352.635 -0.038
361.754 -0.039
370.863 -0.04
379.964 -0.041
389.055 -0.042
398.138 -0.043
407.196 -0.044
416.071 -0.045
424.515 -0.046
432.281 -0.047
438.85 -0.048
444.972 -0.049
451.086 -0.05
457.183 -0.051
463.261 -0.052
469.324 -0.053
475.278 -0.054
480.876 -0.055
485.983 -0.056
490.293 -0.057
493.783 -0.058
497.238 -0.059
500.652 -0.06
504.047 -0.061
507.428 -0.062
510.785 -0.063
514.104 -0.064
517.417 -0.065
520.734 -0.066
524.023 -0.067
527.271 -0.068
530.456 -0.069
533.557 -0.07
536.577 -0.071
539.495 -0.072
542.269 -0.073
544.961 -0.074
547.512 -0.075
549.811 -0.076
551.807 -0.077
553.666 -0.078
555.524 -0.079
557.385 -0.08
559.25 -0.081
561.114 -0.082
562.968 -0.083
564.778 -0.084
566.569 -0.085
568.237 -0.086
569.849 -0.087
571.446 -0.088
572.798 -0.089
574.093 -0.09
575.342 -0.091
576.253 -0.092
576.963 -0.093
577.486 -0.094
577.997 -0.095
578.496 -0.096
578.983 -0.097
579.457 -0.098
579.92 -0.099
580.375 -0.1
580.812 -0.101
581.234 -0.102
581.65 -0.103
582.064 -0.104
582.467 -0.105
582.856 -0.106
583.231 -0.107
583.602 -0.108
583.971 -0.109
584.329 -0.11
584.675 -0.111
585.009 -0.112
585.335 -0.113
585.653 -0.114
585.965 -0.115
586.272 -0.116
586.578 -0.117
586.883 -0.118
587.185 -0.119
587.486 -0.12
587.786 -0.121
588.083 -0.122
588.377 -0.123
588.669 -0.124
588.958 -0.125
589.245 -0.126
589.53 -0.127
589.812 -0.128
590.092 -0.129
590.37 -0.13
590.647 -0.131
590.919 -0.132
591.188 -0.133
591.457 -0.134
591.722 -0.135
591.983 -0.136
592.244 -0.137
592.503 -0.138
592.759 -0.139
593.012 -0.14
593.263 -0.141
593.512 -0.142
593.755 -0.143
593.995 -0.144
594.233 -0.145
594.469 -0.146
594.701 -0.147
594.93 -0.148
595.156 -0.149
595.378 -0.15
595.595 -0.151
595.807 -0.152
596.015 -0.153
596.22 -0.154
596.422 -0.155
596.62 -0.156
596.817 -0.157
597.013 -0.158
597.207 -0.159
597.399 -0.16
597.587 -0.161
597.772 -0.162
597.955 -0.163
598.134 -0.164
598.311 -0.165
598.485 -0.166
598.655 -0.167
598.824 -0.168
598.991 -0.169
599.155 -0.17
599.318 -0.171
599.481 -0.172
599.642 -0.173
599.802 -0.174
599.96 -0.175
600.116 -0.176
600.27 -0.177
600.422 -0.178
600.572 -0.179
600.72 -0.18
600.866 -0.181
601.011 -0.182
601.154 -0.183
601.294 -0.184
601.433 -0.185
601.57 -0.186
601.705 -0.187
601.84 -0.188
601.973 -0.189
602.105 -0.19
602.236 -0.191
602.367 -0.192
602.496 -0.193
602.624 -0.194
602.751 -0.195
602.877 -0.196
603.002 -0.197
603.127 -0.198
603.251 -0.199
603.374 -0.2
603.497 -0.201
603.62 -0.202
603.742 -0.203
603.863 -0.204
603.984 -0.205
604.104 -0.206
604.223 -0.207
604.342 -0.208
604.461 -0.209
604.579 -0.21
604.696 -0.211
604.813 -0.212
604.929 -0.213
605.044 -0.214
605.159 -0.215
605.273 -0.216
605.387 -0.217
605.5 -0.218
605.613 -0.219
605.725 -0.22
605.837 -0.221
605.948 -0.222
606.058 -0.223
606.169 -0.224
606.278 -0.225
606.388 -0.226
606.496 -0.227
606.605 -0.228
606.712 -0.229
606.819 -0.23
606.926 -0.231
607.032 -0.232
607.138 -0.233
607.243 -0.234
607.348 -0.235
607.453 -0.236
607.557 -0.237
607.66 -0.238
607.764 -0.239
607.866 -0.24
607.968 -0.241
608.069 -0.242
608.17 -0.243
608.271 -0.244
608.371 -0.245
608.47 -0.246
608.57 -0.247
608.668 -0.248
608.767 -0.249
608.865 -0.25
608.963 -0.251
609.06 -0.252
609.157 -0.253
609.254 -0.254
609.35 -0.255
609.446 -0.256
609.542 -0.257
609.637 -0.258
609.732 -0.259
609.826 -0.26
609.92 -0.261
610.014 -0.262
610.107 -0.263
610.2 -0.264
610.293 -0.265
610.385 -0.266
610.477 -0.267
610.568 -0.268
610.659 -0.269
610.75 -0.27
610.84 -0.271
610.93 -0.272
611.019 -0.273
611.108 -0.274
611.196 -0.275
611.284 -0.276
611.372 -0.277
611.459 -0.278
611.546 -0.279
611.633 -0.28
611.719 -0.281
611.805 -0.282
611.891 -0.283
611.976 -0.284
612.061 -0.285
612.145 -0.286
612.229 -0.287
612.312 -0.288
612.396 -0.289
612.478 -0.29
612.561 -0.291
612.643 -0.292
612.726 -0.293
612.807 -0.294
612.889 -0.295
612.97 -0.296
613.051 -0.297
613.131 -0.298
613.212 -0.299
613.291 -0.3
613.371 -0.301
613.45 -0.302
613.53 -0.303
613.608 -0.304
613.687 -0.305
613.765 -0.306
613.842 -0.307
613.92 -0.308
613.997 -0.309
614.074 -0.31
614.15 -0.311
614.226 -0.312
614.301 -0.313
614.376 -0.314
614.45 -0.315
614.524 -0.316
614.598 -0.317
614.671 -0.318
614.744 -0.319
614.817 -0.32
614.889 -0.321
614.961 -0.322
615.033 -0.323
615.105 -0.324
615.177 -0.325
615.248 -0.326
615.319 -0.327
615.389 -0.328
615.46 -0.329
615.53 -0.33
615.6 -0.331
615.67 -0.332
615.739 -0.333
615.808 -0.334
615.877 -0.335
615.946 -0.336
616.014 -0.337
616.082 -0.338
616.15 -0.339
616.217 -0.34
616.285 -0.341
616.352 -0.342
616.419 -0.343
616.486 -0.344
616.552 -0.345
616.617 -0.346
616.683 -0.347
616.748 -0.348
616.813 -0.349
616.878 -0.35
616.942 -0.351
617.006 -0.352
617.07 -0.353
617.134 -0.354
617.197 -0.355
617.261 -0.356
617.323 -0.357
617.386 -0.358
617.448 -0.359
617.51 -0.36
617.572 -0.361
617.634 -0.362
617.695 -0.363
617.756 -0.364
617.817 -0.365
617.878 -0.366
617.939 -0.367
617.999 -0.368
618.059 -0.369
618.119 -0.37
618.178 -0.371
618.237 -0.372
618.296 -0.373
618.355 -0.374
618.414 -0.375
618.472 -0.376
618.53 -0.377
618.588 -0.378
618.646 -0.379
618.704 -0.38
618.76 -0.381
618.817 -0.382
618.874 -0.383
618.93 -0.384
618.986 -0.385
619.041 -0.386
619.096 -0.387
619.151 -0.388
619.206 -0.389
619.261 -0.39
619.315 -0.391
619.37 -0.392
619.424 -0.393
619.478 -0.394
619.532 -0.395
619.585 -0.396
619.639 -0.397
619.692 -0.398
619.745 -0.399
619.798 -0.4
619.85 -0.401
619.902 -0.402
619.954 -0.403
620.006 -0.404
620.057 -0.405
620.108 -0.406
620.16 -0.407
620.211 -0.408
620.262 -0.409
620.312 -0.41
620.363 -0.411
620.413 -0.412
620.464 -0.413
620.514 -0.414
620.564 -0.415
620.614 -0.416
620.664 -0.417
620.714 -0.418
620.763 -0.419
620.813 -0.42
620.862 -0.421
620.911 -0.422
620.96 -0.423
621.009 -0.424
621.058 -0.425
621.106 -0.426
621.155 -0.427
621.203 -0.428
621.252 -0.429
621.3 -0.43
621.347 -0.431
621.395 -0.432
621.443 -0.433
621.491 -0.434
621.538 -0.435
621.585 -0.436
621.633 -0.437
621.679 -0.438
621.726 -0.439
621.772 -0.44
621.819 -0.441
621.865 -0.442
621.91 -0.443
621.956 -0.444
622.002 -0.445
622.047 -0.446
622.093 -0.447
622.138 -0.448
622.184 -0.449
622.229 -0.45
622.273 -0.451
622.318 -0.452
622.362 -0.453
622.407 -0.454
622.451 -0.455
622.495 -0.456
622.539 -0.457
622.583 -0.458
622.627 -0.459
622.67 -0.46
622.714 -0.461
622.758 -0.462
622.801 -0.463
622.844 -0.464
622.887 -0.465
622.93 -0.466
622.973 -0.467
623.015 -0.468
623.058 -0.469
623.1 -0.47
623.142 -0.471
623.185 -0.472
623.227 -0.473
623.269 -0.474
623.311 -0.475
623.353 -0.476
623.395 -0.477
623.436 -0.478
623.478 -0.479
623.519 -0.48
623.56 -0.481
623.601 -0.482
623.642 -0.483
623.683 -0.484
623.723 -0.485
623.764 -0.486
623.805 -0.487
623.845 -0.488
623.886 -0.489
623.926 -0.49
623.967 -0.491
624.007 -0.492
624.047 -0.493
624.087 -0.494
624.127 -0.495
624.167 -0.496
624.207 -0.497
624.247 -0.498
624.287 -0.499
624.327 -0.5
624.367 -0.501
624.407 -0.502
624.447 -0.503
624.486 -0.504
624.526 -0.505
624.566 -0.506
624.605 -0.507
624.645 -0.508
624.684 -0.509
624.724 -0.51
624.763 -0.511
624.802 -0.512
624.842 -0.513
624.881 -0.514
624.92 -0.515
624.96 -0.516
624.999 -0.517
625.038 -0.518
625.077 -0.519
625.116 -0.52
625.155 -0.521
625.194 -0.522
625.234 -0.523
625.273 -0.524
625.312 -0.525
625.351 -0.526
625.39 -0.527
625.429 -0.528
625.468 -0.529
625.507 -0.53
625.545 -0.531
625.584 -0.532
625.623 -0.533
625.662 -0.534
625.701 -0.535
625.74 -0.536
625.779 -0.537
625.818 -0.538
625.856 -0.539
625.895 -0.54
625.934 -0.541
625.973 -0.542
626.011 -0.543
626.05 -0.544
626.088 -0.545
626.126 -0.546
626.165 -0.547
626.203 -0.548
626.242 -0.549
626.28 -0.55
626.319 -0.551
626.357 -0.552
626.395 -0.553
626.434 -0.554
626.472 -0.555
626.511 -0.556
626.549 -0.557
626.588 -0.558
626.626 -0.559
626.665 -0.56
626.703 -0.561
626.741 -0.562
626.78 -0.563
626.818 -0.564
626.857 -0.565
626.895 -0.566
626.933 -0.567
626.972 -0.568
627.01 -0.569
627.049 -0.57
627.087 -0.571
627.126 -0.572
627.164 -0.573
627.203 -0.574
627.242 -0.575
627.28 -0.576
627.319 -0.577
627.358 -0.578
627.396 -0.579
627.435 -0.58
627.473 -0.581
627.512 -0.582
627.551 -0.583
627.589 -0.584
627.628 -0.585
627.667 -0.586
627.706 -0.587
627.745 -0.588
627.784 -0.589
627.823 -0.59
627.862 -0.591
627.901 -0.592
627.94 -0.593
627.979 -0.594
628.018 -0.595
628.057 -0.596
628.096 -0.597
628.135 -0.598
628.174 -0.599
628.213 -0.6
628.253 -0.601
628.292 -0.602
628.331 -0.603
628.371 -0.604
628.41 -0.605
628.45 -0.606
628.489 -0.607
628.529 -0.608
628.568 -0.609
628.607 -0.61
628.647 -0.611
628.686 -0.612
628.726 -0.613
628.766 -0.614
628.806 -0.615
628.845 -0.616
628.885 -0.617
628.925 -0.618
628.965 -0.619
629.005 -0.62
629.045 -0.621
629.086 -0.622
629.126 -0.623
629.166 -0.624
629.207 -0.625
629.247 -0.626
629.288 -0.627
629.328 -0.628
629.369 -0.629
629.41 -0.63
629.451 -0.631
629.492 -0.632
629.533 -0.633
629.574 -0.634
629.615 -0.635
629.656 -0.636
629.698 -0.637
629.739 -0.638
629.781 -0.639
629.822 -0.64
629.864 -0.641
629.906 -0.642
629.947 -0.643
629.989 -0.644
630.031 -0.645
630.073 -0.646
630.116 -0.647
630.158 -0.648
630.2 -0.649
630.243 -0.65
630.285 -0.651
630.328 -0.652
630.37 -0.653
630.413 -0.654
630.456 -0.655
630.499 -0.656
630.542 -0.657
630.586 -0.658
630.629 -0.659
630.672 -0.66
630.716 -0.661
630.759 -0.662
630.803 -0.663
630.847 -0.664
630.891 -0.665
630.935 -0.666
630.979 -0.667
631.023 -0.668
631.067 -0.669
631.112 -0.67
631.156 -0.671
631.201 -0.672
631.246 -0.673
631.29 -0.674
631.335 -0.675
631.38 -0.676
631.425 -0.677
631.47 -0.678
631.515 -0.679
631.561 -0.68
631.606 -0.681
631.652 -0.682
631.698 -0.683
631.743 -0.684
631.789 -0.685
631.835 -0.686
631.882 -0.687
631.928 -0.688
631.974 -0.689
632.021 -0.69
632.067 -0.691
632.114 -0.692
632.161 -0.693
632.208 -0.694
632.255 -0.695
632.303 -0.696
632.35 -0.697
632.397 -0.698
632.445 -0.699
632.493 -0.7
632.54 -0.701
632.588 -0.702
632.636 -0.703
632.684 -0.704
632.732 -0.705
632.78 -0.706
632.828 -0.707
632.877 -0.708
632.925 -0.709
632.974 -0.71
633.022 -0.711
633.071 -0.712
633.12 -0.713
633.169 -0.714
633.219 -0.715
633.268 -0.716
633.317 -0.717
633.367 -0.718
633.416 -0.719
633.466 -0.72
633.515 -0.721
633.565 -0.722
633.614 -0.723
633.664 -0.724
633.714 -0.725
633.763 -0.726
633.813 -0.727
633.863 -0.728
633.913 -0.729
633.963 -0.73
634.013 -0.731
634.063 -0.732
634.113 -0.733
634.163 -0.734
634.213 -0.735
634.262 -0.736
634.311 -0.737
634.36 -0.738
634.409 -0.739
634.457 -0.74
634.505 -0.741
634.553 -0.742
634.601 -0.743
634.648 -0.744
634.695 -0.745
634.742 -0.746
634.788 -0.747
634.833 -0.748
634.876 -0.749
634.918 -0.75
634.959 -0.751
634.998 -0.752
635.035 -0.753
635.067 -0.754
635.095 -0.755
635.118 -0.756
635.136 -0.757
635.148 -0.758
635.152 -0.759
635.148 -0.76
635.134 -0.761
635.108 -0.762
635.07 -0.763
635.018 -0.764
634.952 -0.765
634.872 -0.766
634.786 -0.767
634.712 -0.768
634.646 -0.769
634.591 -0.77
634.531 -0.771
634.465 -0.772
634.397 -0.773
634.324 -0.774
634.254 -0.775
634.211 -0.776
634.196 -0.777
634.195 -0.778
634.194 -0.779
634.2 -0.78
634.223 -0.781
634.273 -0.782
634.322 -0.783
634.372 -0.784
634.436 -0.785
634.511 -0.786
634.595 -0.787
634.671 -0.788
634.75 -0.789
634.831 -0.79
634.924 -0.791
635.014 -0.792
635.104 -0.793
635.195 -0.794
635.291 -0.795
635.396 -0.796
635.501 -0.797
635.605 -0.798
635.71 -0.799
635.816 -0.8
635.925 -0.801
636.038 -0.802
636.15 -0.803
636.261 -0.804
636.372 -0.805
636.478 -0.806
636.581 -0.807
636.68 -0.808
636.776 -0.809
636.869 -0.81
636.956 -0.811
637.041 -0.812
637.116 -0.813
637.186 -0.814
637.25 -0.815
637.312 -0.816
637.374 -0.817
637.436 -0.818
637.499 -0.819
637.562 -0.82
637.625 -0.821
637.688 -0.822
637.751 -0.823
637.814 -0.824
637.878 -0.825
637.942 -0.826
638.006 -0.827
638.07 -0.828
638.134 -0.829
638.197 -0.83
638.261 -0.831
638.325 -0.832
638.389 -0.833
638.453 -0.834
638.517 -0.835
638.581 -0.836
638.645 -0.837
638.709 -0.838
638.774 -0.839
638.838 -0.84
638.901 -0.841
638.965 -0.842
639.029 -0.843
639.092 -0.844
639.155 -0.845
639.217 -0.846
639.282 -0.847
639.35 -0.848
639.418 -0.849
639.486 -0.85
639.555 -0.851
639.624 -0.852
639.693 -0.853
639.762 -0.854
639.832 -0.855
639.902 -0.856
639.972 -0.857
640.042 -0.858
640.112 -0.859
640.183 -0.86
640.254 -0.861
640.325 -0.862
640.399 -0.863
640.472 -0.864
640.547 -0.865
640.622 -0.866
640.697 -0.867
640.772 -0.868
640.847 -0.869
640.923 -0.87
640.999 -0.871
641.076 -0.872
641.153 -0.873
641.23 -0.874
641.308 -0.875
641.386 -0.876
641.464 -0.877
641.542 -0.878
641.621 -0.879
641.701 -0.88
641.781 -0.881
641.862 -0.882
641.943 -0.883
642.025 -0.884
642.106 -0.885
642.188 -0.886
642.27 -0.887
642.352 -0.888
642.435 -0.889
642.518 -0.89
642.601 -0.891
642.684 -0.892
642.767 -0.893
642.851 -0.894
642.935 -0.895
643.019 -0.896
643.105 -0.897
643.191 -0.898
643.278 -0.899
643.364 -0.9
643.451 -0.901
643.539 -0.902
643.626 -0.903
643.714 -0.904
643.802 -0.905
643.89 -0.906
643.979 -0.907
644.068 -0.908
644.157 -0.909
644.247 -0.91
644.336 -0.911
644.428 -0.912
644.519 -0.913
644.611 -0.914
644.703 -0.915
644.796 -0.916
644.888 -0.917
644.981 -0.918
645.075 -0.919
645.168 -0.92
645.262 -0.921
645.357 -0.922
645.451 -0.923
645.546 -0.924
645.642 -0.925
645.737 -0.926
645.834 -0.927
645.931 -0.928
646.028 -0.929
646.126 -0.93
646.224 -0.931
646.322 -0.932
646.421 -0.933
646.52 -0.934
646.619 -0.935
646.719 -0.936
646.819 -0.937
646.919 -0.938
647.02 -0.939
647.121 -0.94
647.223 -0.941
647.324 -0.942
647.426 -0.943
647.529 -0.944
647.632 -0.945
647.735 -0.946
647.838 -0.947
647.942 -0.948
648.046 -0.949
648.151 -0.95
648.256 -0.951
648.361 -0.952
648.466 -0.953
648.572 -0.954
648.678 -0.955
648.785 -0.956
648.892 -0.957
648.999 -0.958
649.107 -0.959
649.215 -0.96
649.323 -0.961
649.432 -0.962
649.541 -0.963
649.65 -0.964
649.76 -0.965
649.87 -0.966
649.981 -0.967
650.092 -0.968
650.204 -0.969
650.316 -0.97
650.428 -0.971
650.541 -0.972
650.655 -0.973
650.769 -0.974
650.884 -0.975
650.999 -0.976
651.115 -0.977
651.231 -0.978
651.348 -0.979
651.466 -0.98
651.584 -0.981
651.702 -0.982
651.822 -0.983
651.941 -0.984
652.061 -0.985
652.182 -0.986
652.303 -0.987
652.424 -0.988
652.545 -0.989
652.667 -0.99
652.789 -0.991
652.912 -0.992
653.035 -0.993
653.158 -0.994
653.282 -0.995
653.406 -0.996
653.531 -0.997
653.656 -0.998
653.781 -0.999
653.907 -1
654.033 -1.001
654.16 -1.002
654.287 -1.003
654.414 -1.004
654.542 -1.005
654.67 -1.006
654.798 -1.007
654.927 -1.008
655.056 -1.009
655.186 -1.01
655.316 -1.011
655.446 -1.012
655.577 -1.013
655.708 -1.014
655.84 -1.015
655.972 -1.016
656.104 -1.017
656.237 -1.018
656.371 -1.019
656.504 -1.02
656.638 -1.021
656.773 -1.022
656.907 -1.023
657.043 -1.024
657.178 -1.025
657.314 -1.026
657.451 -1.027
657.588 -1.028
657.725 -1.029
657.862 -1.03
658 -1.031
658.138 -1.032
658.277 -1.033
658.416 -1.034
658.556 -1.035
658.695 -1.036
658.836 -1.037
658.976 -1.038
659.117 -1.039
659.259 -1.04
659.401 -1.041
659.543 -1.042
659.686 -1.043
659.829 -1.044
659.973 -1.045
660.117 -1.046
660.261 -1.047
660.406 -1.048
660.551 -1.049
660.697 -1.05
660.843 -1.051
660.99 -1.052
661.137 -1.053
661.284 -1.054
661.432 -1.055
661.58 -1.056
661.729 -1.057
661.878 -1.058
662.027 -1.059
662.177 -1.06
662.327 -1.061
662.478 -1.062
662.629 -1.063
662.781 -1.064
662.933 -1.065
663.086 -1.066
663.239 -1.067
663.392 -1.068
663.546 -1.069
663.7 -1.07
663.855 -1.071
664.01 -1.072
664.166 -1.073
664.322 -1.074
664.478 -1.075
664.635 -1.076
664.793 -1.077
664.95 -1.078
665.109 -1.079
665.267 -1.08
665.427 -1.081
665.586 -1.082
665.746 -1.083
665.907 -1.084
666.068 -1.085
666.229 -1.086
666.391 -1.087
666.553 -1.088
666.716 -1.089
666.879 -1.09
667.043 -1.091
667.207 -1.092
667.372 -1.093
667.537 -1.094
667.703 -1.095
667.869 -1.096
668.035 -1.097
668.202 -1.098
668.37 -1.099
668.538 -1.1
668.706 -1.101
668.875 -1.102
669.044 -1.103
669.214 -1.104
669.384 -1.105
669.555 -1.106
669.726 -1.107
669.898 -1.108
670.07 -1.109
670.242 -1.11
670.415 -1.111
670.589 -1.112
670.763 -1.113
670.937 -1.114
671.112 -1.115
671.288 -1.116
671.464 -1.117
671.64 -1.118
671.817 -1.119
671.994 -1.12
672.172 -1.121
672.351 -1.122
672.529 -1.123
672.709 -1.124
672.889 -1.125
673.069 -1.126
673.25 -1.127
673.431 -1.128
673.613 -1.129
673.795 -1.13
673.978 -1.131
674.161 -1.132
674.344 -1.133
674.529 -1.134
674.713 -1.135
674.898 -1.136
675.084 -1.137
675.27 -1.138
675.457 -1.139
675.644 -1.14
675.832 -1.141
676.02 -1.142
676.208 -1.143
676.397 -1.144
676.587 -1.145
676.776 -1.146
676.967 -1.147
677.157 -1.148
677.348 -1.149
677.54 -1.15
677.732 -1.151
677.925 -1.152
678.118 -1.153
678.312 -1.154
678.506 -1.155
678.701 -1.156
678.896 -1.157
679.092 -1.158
679.288 -1.159
679.485 -1.16
679.682 -1.161
679.88 -1.162
680.078 -1.163
680.277 -1.164
680.476 -1.165
680.676 -1.166
680.876 -1.167
681.077 -1.168
681.278 -1.169
681.48 -1.17
681.683 -1.171
681.885 -1.172
682.089 -1.173
682.293 -1.174
682.497 -1.175
682.701 -1.176
682.906 -1.177
683.112 -1.178
683.318 -1.179
683.524 -1.18
683.731 -1.181
683.939 -1.182
684.147 -1.183
684.355 -1.184
684.564 -1.185
684.774 -1.186
684.984 -1.187
685.194 -1.188
685.405 -1.189
685.617 -1.19
685.829 -1.191
686.042 -1.192
686.255 -1.193
686.468 -1.194
686.682 -1.195
686.897 -1.196
687.112 -1.197
687.328 -1.198
687.544 -1.199
687.76 -1.2
687.977 -1.201
688.195 -1.202
688.413 -1.203
688.632 -1.204
688.851 -1.205
689.07 -1.206
689.29 -1.207
689.511 -1.208
689.731 -1.209
689.952 -1.21
690.174 -1.211
690.396 -1.212
690.618 -1.213
690.841 -1.214
691.064 -1.215
691.288 -1.216
691.512 -1.217
691.736 -1.218
691.961 -1.219
692.186 -1.22
692.411 -1.221
692.637 -1.222
692.862 -1.223
693.088 -1.224
693.314 -1.225
693.539 -1.226
693.764 -1.227
693.988 -1.228
694.21 -1.229
694.428 -1.23
694.644 -1.231
694.859 -1.232
695.068 -1.233
695.276 -1.234
695.479 -1.235
695.678 -1.236
695.871 -1.237
696.059 -1.238
696.244 -1.239
696.425 -1.24
696.605 -1.241
696.782 -1.242
696.96 -1.243
697.137 -1.244
697.312 -1.245
697.488 -1.246
697.663 -1.247
697.838 -1.248
698.014 -1.249
698.19 -1.25
698.366 -1.251
698.544 -1.252
698.723 -1.253
698.902 -1.254
699.083 -1.255
699.264 -1.256
699.445 -1.257
699.625 -1.258
699.806 -1.259
699.986 -1.26
700.165 -1.261
700.344 -1.262
700.523 -1.263
700.701 -1.264
700.879 -1.265
701.056 -1.266
701.232 -1.267
701.408 -1.268
701.583 -1.269
701.757 -1.27
701.93 -1.271
702.102 -1.272
702.274 -1.273
702.445 -1.274
702.616 -1.275
702.787 -1.276
702.957 -1.277
703.128 -1.278
703.3 -1.279
703.474 -1.28
703.648 -1.281
703.825 -1.282
704.002 -1.283
704.201 -1.284
704.409 -1.285
704.618 -1.286
704.832 -1.287
705.056 -1.288
705.29 -1.289
705.528 -1.29
705.766 -1.291
706.011 -1.292
706.296 -1.293
706.589 -1.294
706.882 -1.295
707.179 -1.296
707.496 -1.297
707.814 -1.298
708.133 -1.299
708.46 -1.3
708.787 -1.301
709.123 -1.302
709.464 -1.303
709.806 -1.304
710.145 -1.305
710.471 -1.306
710.793 -1.307
711.12 -1.308
711.453 -1.309
711.786 -1.31
712.119 -1.311
712.447 -1.312
712.766 -1.313
713.082 -1.314
713.399 -1.315
713.716 -1.316
714.034 -1.317
714.353 -1.318
714.674 -1.319
714.995 -1.32
715.317 -1.321
715.64 -1.322
715.965 -1.323
716.29 -1.324
716.615 -1.325
716.942 -1.326
717.268 -1.327
717.595 -1.328
717.922 -1.329
718.25 -1.33
718.578 -1.331
718.907 -1.332
719.238 -1.333
719.569 -1.334
719.901 -1.335
720.233 -1.336
720.566 -1.337
720.9 -1.338
721.234 -1.339
721.568 -1.34
721.903 -1.341
722.239 -1.342
722.575 -1.343
722.911 -1.344
723.248 -1.345
723.585 -1.346
723.923 -1.347
724.261 -1.348
724.6 -1.349
724.939 -1.35
725.278 -1.351
725.618 -1.352
725.958 -1.353
726.299 -1.354
726.64 -1.355
726.982 -1.356
727.324 -1.357
727.667 -1.358
728.008 -1.359
728.347 -1.36
728.683 -1.361
729.015 -1.362
729.347 -1.363
729.679 -1.364
730.011 -1.365
730.341 -1.366
730.669 -1.367
730.994 -1.368
731.316 -1.369
731.639 -1.37
731.962 -1.371
732.286 -1.372
732.611 -1.373
732.936 -1.374
733.262 -1.375
733.589 -1.376
733.916 -1.377
734.244 -1.378
734.572 -1.379
734.902 -1.38
735.232 -1.381
735.562 -1.382
735.894 -1.383
736.226 -1.384
736.559 -1.385
736.892 -1.386
737.226 -1.387
737.561 -1.388
737.896 -1.389
738.233 -1.39
738.569 -1.391
738.907 -1.392
739.245 -1.393
739.584 -1.394
739.924 -1.395
740.264 -1.396
740.605 -1.397
740.947 -1.398
741.289 -1.399
741.632 -1.4
