6.68073 -0.001
13.3465 -0.002
19.9972 -0.003
26.6327 -0.004
33.2529 -0.005
39.8575 -0.006
46.4464 -0.007
53.0194 -0.008
59.5763 -0.009
66.117 -0.01
72.6411 -0.011
79.1486 -0.012
85.6391 -0.013
92.1125 -0.014
98.5687 -0.015
105.007 -0.016
111.428 -0.017
117.831 -0.018
124.215 -0.019
130.581 -0.02
136.928 -0.021
143.256 -0.022
149.564 -0.023
155.853 -0.024
162.122 -0.025
168.37 -0.026
174.598 -0.027
180.805 -0.028
186.99 -0.029
193.045 -0.03
198.553 -0.031
203.261 -0.032
207.912 -0.033
212.543 -0.034
217.148 -0.035
221.736 -0.036
226.252 -0.037
230.305 -0.038
233.25 -0.039
235.866 -0.04
238.492 -0.041
241.108 -0.042
243.716 -0.043
246.324 -0.044
248.925 -0.045
251.515 -0.046
254.09 -0.047
256.652 -0.048
259.198 -0.049
261.727 -0.05
264.239 -0.051
266.732 -0.052
269.208 -0.053
271.669 -0.054
274.116 -0.055
276.548 -0.056
278.963 -0.057
281.361 -0.058
283.742 -0.059
286.105 -0.06
288.452 -0.061
290.784 -0.062
293.099 -0.063
295.399 -0.064
297.669 -0.065
299.9 -0.066
302.111 -0.067
304.19 -0.068
306.237 -0.069
308.25 -0.07
310.091 -0.071
311.727 -0.072
313.265 -0.073
314.629 -0.074
315.895 -0.075
316.895 -0.076
317.456 -0.077
317.921 -0.078
318.373 -0.079
318.804 -0.08
319.132 -0.081
319.433 -0.082
319.676 -0.083
319.9 -0.084
320.114 -0.085
320.32 -0.086
320.515 -0.087
320.702 -0.088
320.879 -0.089
321.047 -0.09
321.173 -0.091
321.273 -0.092
321.368 -0.093
321.455 -0.094
321.537 -0.095
321.613 -0.096
321.681 -0.097
321.746 -0.098
321.808 -0.099
321.866 -0.1
321.922 -0.101
321.975 -0.102
322.025 -0.103
322.072 -0.104
322.117 -0.105
322.16 -0.106
322.201 -0.107
322.24 -0.108
322.276 -0.109
322.311 -0.11
322.343 -0.111
322.373 -0.112
322.4 -0.113
322.424 -0.114
322.445 -0.115
322.465 -0.116
322.482 -0.117
322.496 -0.118
322.508 -0.119
322.518 -0.12
322.525 -0.121
322.53 -0.122
322.533 -0.123
322.533 -0.124
322.532 -0.125
322.528 -0.126
322.517 -0.127
322.498 -0.128
322.475 -0.129
322.45 -0.13
322.423 -0.131
322.392 -0.132
322.359 -0.133
322.323 -0.134
322.284 -0.135
322.242 -0.136
322.199 -0.137
322.155 -0.138
322.108 -0.139
322.06 -0.14
322.012 -0.141
321.963 -0.142
321.914 -0.143
321.866 -0.144
321.816 -0.145
321.767 -0.146
321.718 -0.147
321.668 -0.148
321.619 -0.149
321.569 -0.15
321.519 -0.151
321.468 -0.152
321.417 -0.153
321.365 -0.154
321.314 -0.155
321.261 -0.156
321.209 -0.157
321.157 -0.158
321.104 -0.159
321.05 -0.16
320.996 -0.161
320.941 -0.162
320.886 -0.163
320.831 -0.164
320.776 -0.165
320.72 -0.166
320.665 -0.167
320.609 -0.168
320.552 -0.169
320.495 -0.17
320.437 -0.171
320.38 -0.172
320.322 -0.173
320.263 -0.174
320.205 -0.175
320.145 -0.176
320.086 -0.177
320.026 -0.178
319.966 -0.179
319.905 -0.18
319.845 -0.181
319.784 -0.182
319.723 -0.183
319.662 -0.184
319.6 -0.185
319.538 -0.186
319.475 -0.187
319.413 -0.188
319.35 -0.189
319.287 -0.19
319.224 -0.191
319.161 -0.192
319.098 -0.193
319.034 -0.194
318.97 -0.195
318.906 -0.196
318.842 -0.197
318.778 -0.198
318.713 -0.199
318.649 -0.2
318.584 -0.201
318.518 -0.202
318.452 -0.203
318.385 -0.204
318.317 -0.205
318.25 -0.206
318.182 -0.207
318.114 -0.208
318.046 -0.209
317.979 -0.21
317.912 -0.211
317.849 -0.212
317.791 -0.213
317.736 -0.214
317.681 -0.215
317.626 -0.216
317.571 -0.217
317.516 -0.218
317.462 -0.219
317.407 -0.22
317.353 -0.221
317.299 -0.222
317.245 -0.223
317.191 -0.224
317.138 -0.225
317.084 -0.226
317.03 -0.227
316.976 -0.228
316.922 -0.229
316.868 -0.23
316.813 -0.231
316.759 -0.232
316.704 -0.233
316.649 -0.234
316.594 -0.235
316.538 -0.236
316.482 -0.237
316.426 -0.238
316.37 -0.239
316.315 -0.24
316.259 -0.241
316.204 -0.242
316.149 -0.243
316.095 -0.244
316.043 -0.245
315.997 -0.246
315.957 -0.247
315.924 -0.248
315.892 -0.249
315.861 -0.25
315.83 -0.251
315.799 -0.252
315.769 -0.253
315.738 -0.254
315.708 -0.255
315.679 -0.256
315.65 -0.257
315.621 -0.258
315.592 -0.259
315.563 -0.26
315.535 -0.261
315.508 -0.262
315.48 -0.263
315.453 -0.264
315.426 -0.265
315.4 -0.266
315.374 -0.267
315.348 -0.268
315.322 -0.269
315.297 -0.27
315.273 -0.271
315.248 -0.272
315.224 -0.273
315.201 -0.274
315.177 -0.275
315.155 -0.276
315.132 -0.277
315.11 -0.278
315.089 -0.279
315.067 -0.28
315.047 -0.281
315.026 -0.282
315.006 -0.283
314.987 -0.284
314.968 -0.285
314.949 -0.286
314.931 -0.287
314.914 -0.288
314.899 -0.289
314.886 -0.29
314.876 -0.291
314.868 -0.292
314.862 -0.293
314.857 -0.294
314.851 -0.295
314.847 -0.296
314.843 -0.297
314.841 -0.298
314.84 -0.299
314.84 -0.3
314.841 -0.301
314.842 -0.302
314.845 -0.303
314.848 -0.304
314.852 -0.305
314.856 -0.306
314.861 -0.307
314.866 -0.308
314.871 -0.309
314.877 -0.31
314.883 -0.311
314.89 -0.312
314.896 -0.313
314.904 -0.314
314.912 -0.315
314.92 -0.316
314.928 -0.317
314.937 -0.318
314.947 -0.319
314.957 -0.32
314.968 -0.321
314.98 -0.322
314.992 -0.323
315.004 -0.324
315.018 -0.325
315.032 -0.326
315.046 -0.327
315.061 -0.328
315.077 -0.329
315.094 -0.33
315.111 -0.331
315.129 -0.332
315.147 -0.333
315.167 -0.334
315.186 -0.335
315.207 -0.336
315.228 -0.337
315.25 -0.338
315.273 -0.339
315.296 -0.34
315.319 -0.341
315.343 -0.342
315.366 -0.343
315.389 -0.344
315.413 -0.345
315.438 -0.346
315.463 -0.347
315.489 -0.348
315.515 -0.349
315.542 -0.35
315.57 -0.351
315.598 -0.352
315.627 -0.353
315.657 -0.354
315.688 -0.355
315.721 -0.356
315.756 -0.357
315.792 -0.358
315.83 -0.359
315.868 -0.36
315.908 -0.361
315.949 -0.362
315.991 -0.363
316.034 -0.364
316.078 -0.365
316.123 -0.366
316.169 -0.367
316.217 -0.368
316.265 -0.369
316.315 -0.37
316.364 -0.371
316.415 -0.372
316.467 -0.373
316.519 -0.374
316.572 -0.375
316.625 -0.376
316.68 -0.377
316.735 -0.378
316.79 -0.379
316.847 -0.38
316.904 -0.381
316.963 -0.382
317.022 -0.383
317.081 -0.384
317.142 -0.385
317.203 -0.386
317.265 -0.387
317.328 -0.388
317.391 -0.389
317.456 -0.39
317.521 -0.391
317.587 -0.392
317.654 -0.393
317.721 -0.394
317.79 -0.395
317.859 -0.396
317.929 -0.397
318 -0.398
318.072 -0.399
318.145 -0.4
318.218 -0.401
318.292 -0.402
318.367 -0.403
318.443 -0.404
318.52 -0.405
318.598 -0.406
318.676 -0.407
318.756 -0.408
318.836 -0.409
318.917 -0.41
318.999 -0.411
319.082 -0.412
319.166 -0.413
319.251 -0.414
319.336 -0.415
319.423 -0.416
319.511 -0.417
319.6 -0.418
319.689 -0.419
319.78 -0.42
319.872 -0.421
319.964 -0.422
320.058 -0.423
320.153 -0.424
320.248 -0.425
320.345 -0.426
320.443 -0.427
320.541 -0.428
320.641 -0.429
320.741 -0.43
320.842 -0.431
320.945 -0.432
321.048 -0.433
321.152 -0.434
321.256 -0.435
321.362 -0.436
321.468 -0.437
321.576 -0.438
321.683 -0.439
321.792 -0.44
321.901 -0.441
322.012 -0.442
322.123 -0.443
322.234 -0.444
322.347 -0.445
322.462 -0.446
322.576 -0.447
322.692 -0.448
322.809 -0.449
322.927 -0.45
323.045 -0.451
323.164 -0.452
323.284 -0.453
323.404 -0.454
323.524 -0.455
323.646 -0.456
323.768 -0.457
323.891 -0.458
324.016 -0.459
324.141 -0.46
324.267 -0.461
324.394 -0.462
324.522 -0.463
324.651 -0.464
324.782 -0.465
324.913 -0.466
325.045 -0.467
325.178 -0.468
325.313 -0.469
325.448 -0.47
325.584 -0.471
325.722 -0.472
325.86 -0.473
326 -0.474
326.141 -0.475
326.282 -0.476
326.425 -0.477
326.568 -0.478
326.713 -0.479
326.859 -0.48
327.006 -0.481
327.154 -0.482
327.303 -0.483
327.453 -0.484
327.604 -0.485
327.757 -0.486
327.91 -0.487
328.064 -0.488
328.22 -0.489
328.376 -0.49
328.534 -0.491
328.693 -0.492
328.853 -0.493
329.014 -0.494
329.176 -0.495
329.339 -0.496
329.503 -0.497
329.669 -0.498
329.835 -0.499
330.003 -0.5
330.172 -0.501
330.342 -0.502
330.513 -0.503
330.686 -0.504
330.859 -0.505
331.034 -0.506
331.21 -0.507
331.387 -0.508
331.565 -0.509
331.745 -0.51
331.925 -0.511
332.107 -0.512
332.29 -0.513
332.474 -0.514
332.66 -0.515
332.846 -0.516
333.034 -0.517
333.223 -0.518
333.414 -0.519
333.605 -0.52
333.798 -0.521
333.992 -0.522
334.187 -0.523
334.383 -0.524
334.58 -0.525
334.779 -0.526
334.979 -0.527
335.18 -0.528
335.381 -0.529
335.582 -0.53
335.783 -0.531
335.982 -0.532
336.18 -0.533
336.376 -0.534
336.57 -0.535
336.763 -0.536
336.954 -0.537
337.144 -0.538
337.336 -0.539
337.529 -0.54
337.723 -0.541
337.918 -0.542
338.114 -0.543
338.311 -0.544
338.51 -0.545
338.709 -0.546
338.91 -0.547
339.112 -0.548
339.315 -0.549
339.519 -0.55
339.725 -0.551
339.931 -0.552
340.139 -0.553
340.348 -0.554
340.557 -0.555
340.769 -0.556
340.981 -0.557
341.194 -0.558
341.407 -0.559
341.618 -0.56
341.826 -0.561
342.033 -0.562
342.241 -0.563
342.451 -0.564
342.661 -0.565
342.872 -0.566
343.085 -0.567
343.298 -0.568
343.513 -0.569
343.729 -0.57
343.946 -0.571
344.164 -0.572
344.384 -0.573
344.603 -0.574
344.824 -0.575
345.045 -0.576
345.267 -0.577
345.49 -0.578
345.714 -0.579
345.939 -0.58
346.164 -0.581
346.391 -0.582
346.619 -0.583
346.849 -0.584
347.079 -0.585
347.31 -0.586
347.541 -0.587
347.774 -0.588
348.007 -0.589
348.24 -0.59
348.474 -0.591
348.705 -0.592
348.926 -0.593
349.13 -0.594
349.312 -0.595
349.471 -0.596
349.602 -0.597
349.711 -0.598
349.907 -0.599
350.09 -0.6
350.258 -0.601
350.376 -0.602
350.488 -0.603
350.611 -0.604
350.748 -0.605
350.924 -0.606
351.18 -0.607
351.414 -0.608
351.677 -0.609
351.939 -0.61
352.215 -0.611
352.509 -0.612
352.796 -0.613
353.091 -0.614
353.394 -0.615
353.697 -0.616
353.996 -0.617
354.295 -0.618
354.596 -0.619
354.898 -0.62
355.199 -0.621
355.505 -0.622
355.814 -0.623
356.12 -0.624
356.423 -0.625
356.723 -0.626
357.019 -0.627
357.315 -0.628
357.612 -0.629
357.908 -0.63
358.203 -0.631
358.496 -0.632
358.785 -0.633
359.074 -0.634
359.357 -0.635
359.634 -0.636
359.912 -0.637
360.191 -0.638
360.471 -0.639
360.753 -0.64
361.036 -0.641
361.321 -0.642
361.607 -0.643
361.895 -0.644
362.184 -0.645
362.475 -0.646
362.767 -0.647
363.058 -0.648
363.344 -0.649
363.628 -0.65
363.913 -0.651
364.2 -0.652
364.488 -0.653
364.777 -0.654
365.067 -0.655
365.359 -0.656
365.652 -0.657
365.947 -0.658
366.243 -0.659
366.54 -0.66
366.838 -0.661
367.138 -0.662
367.44 -0.663
367.742 -0.664
368.046 -0.665
368.351 -0.666
368.657 -0.667
368.964 -0.668
369.272 -0.669
369.58 -0.67
369.889 -0.671
370.2 -0.672
370.511 -0.673
370.822 -0.674
371.134 -0.675
371.447 -0.676
371.759 -0.677
372.071 -0.678
372.38 -0.679
372.683 -0.68
372.98 -0.681
373.267 -0.682
373.543 -0.683
373.805 -0.684
374.059 -0.685
374.309 -0.686
374.552 -0.687
374.824 -0.688
375.057 -0.689
375.266 -0.69
375.463 -0.691
375.669 -0.692
375.885 -0.693
376.102 -0.694
376.322 -0.695
376.575 -0.696
376.874 -0.697
377.179 -0.698
377.48 -0.699
377.784 -0.7
378.09 -0.701
378.422 -0.702
378.768 -0.703
379.118 -0.704
379.467 -0.705
379.816 -0.706
380.176 -0.707
380.549 -0.708
380.92 -0.709
381.285 -0.71
381.659 -0.711
382.04 -0.712
382.419 -0.713
382.797 -0.714
383.177 -0.715
383.563 -0.716
383.948 -0.717
384.328 -0.718
384.709 -0.719
385.091 -0.72
385.473 -0.721
385.858 -0.722
386.242 -0.723
386.624 -0.724
387.005 -0.725
387.383 -0.726
387.759 -0.727
388.132 -0.728
388.502 -0.729
388.867 -0.73
389.227 -0.731
389.586 -0.732
389.943 -0.733
390.316 -0.734
390.694 -0.735
391.066 -0.736
391.429 -0.737
391.783 -0.738
392.132 -0.739
392.479 -0.74
392.822 -0.741
393.154 -0.742
393.552 -0.743
393.941 -0.744
394.318 -0.745
394.697 -0.746
395.085 -0.747
395.474 -0.748
395.864 -0.749
396.259 -0.75
396.662 -0.751
397.066 -0.752
397.482 -0.753
397.899 -0.754
398.316 -0.755
398.733 -0.756
399.15 -0.757
399.563 -0.758
399.974 -0.759
400.389 -0.76
400.812 -0.761
401.233 -0.762
401.654 -0.763
402.076 -0.764
402.495 -0.765
402.914 -0.766
403.333 -0.767
403.753 -0.768
404.17 -0.769
404.586 -0.77
405.002 -0.771
405.421 -0.772
405.841 -0.773
406.263 -0.774
406.685 -0.775
407.11 -0.776
407.536 -0.777
407.964 -0.778
408.393 -0.779
408.824 -0.78
409.256 -0.781
409.69 -0.782
410.126 -0.783
410.563 -0.784
411.001 -0.785
411.441 -0.786
411.883 -0.787
412.326 -0.788
412.771 -0.789
413.217 -0.79
413.665 -0.791
414.115 -0.792
414.566 -0.793
415.019 -0.794
415.473 -0.795
415.93 -0.796
416.388 -0.797
416.848 -0.798
417.309 -0.799
417.769 -0.8
418.23 -0.801
418.691 -0.802
419.152 -0.803
419.615 -0.804
420.079 -0.805
420.544 -0.806
421.012 -0.807
421.481 -0.808
421.952 -0.809
422.424 -0.81
422.898 -0.811
423.374 -0.812
423.852 -0.813
424.332 -0.814
424.813 -0.815
425.296 -0.816
425.781 -0.817
426.267 -0.818
426.756 -0.819
427.246 -0.82
427.738 -0.821
428.232 -0.822
428.727 -0.823
429.224 -0.824
429.723 -0.825
430.224 -0.826
430.727 -0.827
431.232 -0.828
431.738 -0.829
432.246 -0.83
432.755 -0.831
433.267 -0.832
433.781 -0.833
434.296 -0.834
434.813 -0.835
435.331 -0.836
435.851 -0.837
436.373 -0.838
436.898 -0.839
437.424 -0.84
437.952 -0.841
438.481 -0.842
439.013 -0.843
439.546 -0.844
440.081 -0.845
440.618 -0.846
441.157 -0.847
441.697 -0.848
442.24 -0.849
442.784 -0.85
443.329 -0.851
443.877 -0.852
444.426 -0.853
444.977 -0.854
445.53 -0.855
446.085 -0.856
446.642 -0.857
447.2 -0.858
447.76 -0.859
448.322 -0.86
448.885 -0.861
449.449 -0.862
450.012 -0.863
450.575 -0.864
451.139 -0.865
451.704 -0.866
452.27 -0.867
452.837 -0.868
453.406 -0.869
453.977 -0.87
454.549 -0.871
455.122 -0.872
455.697 -0.873
456.275 -0.874
456.853 -0.875
457.434 -0.876
458.017 -0.877
458.599 -0.878
459.182 -0.879
459.767 -0.88
460.352 -0.881
460.94 -0.882
461.529 -0.883
462.12 -0.884
462.713 -0.885
463.307 -0.886
463.904 -0.887
464.502 -0.888
465.102 -0.889
465.704 -0.89
466.308 -0.891
466.914 -0.892
467.521 -0.893
468.131 -0.894
468.742 -0.895
469.355 -0.896
469.97 -0.897
470.587 -0.898
471.205 -0.899
471.825 -0.9
472.447 -0.901
473.071 -0.902
473.696 -0.903
474.322 -0.904
474.949 -0.905
475.578 -0.906
476.209 -0.907
476.842 -0.908
477.476 -0.909
478.111 -0.91
478.748 -0.911
479.386 -0.912
480.026 -0.913
480.662 -0.914
481.294 -0.915
481.917 -0.916
482.541 -0.917
483.164 -0.918
483.789 -0.919
484.413 -0.92
485.038 -0.921
485.664 -0.922
486.292 -0.923
486.922 -0.924
487.554 -0.925
488.187 -0.926
488.821 -0.927
489.456 -0.928
490.092 -0.929
490.729 -0.93
491.368 -0.931
492.009 -0.932
492.652 -0.933
493.297 -0.934
493.943 -0.935
494.59 -0.936
495.237 -0.937
495.884 -0.938
496.532 -0.939
497.181 -0.94
497.83 -0.941
498.478 -0.942
499.127 -0.943
499.777 -0.944
500.428 -0.945
501.08 -0.946
501.732 -0.947
502.384 -0.948
503.037 -0.949
503.688 -0.95
504.338 -0.951
504.988 -0.952
505.636 -0.953
506.285 -0.954
506.935 -0.955
507.587 -0.956
508.241 -0.957
508.896 -0.958
509.553 -0.959
510.214 -0.96
510.873 -0.961
511.531 -0.962
512.19 -0.963
512.851 -0.964
513.515 -0.965
514.181 -0.966
514.849 -0.967
515.52 -0.968
516.197 -0.969
516.875 -0.97
517.556 -0.971
518.239 -0.972
518.924 -0.973
519.614 -0.974
520.307 -0.975
521.001 -0.976
521.698 -0.977
522.396 -0.978
523.095 -0.979
523.797 -0.98
524.501 -0.981
525.208 -0.982
525.915 -0.983
526.625 -0.984
527.336 -0.985
528.049 -0.986
528.762 -0.987
529.477 -0.988
530.193 -0.989
530.91 -0.99
531.628 -0.991
532.347 -0.992
533.069 -0.993
533.792 -0.994
534.516 -0.995
535.241 -0.996
535.968 -0.997
536.695 -0.998
537.425 -0.999
538.137 -1
538.845 -1.001
539.547 -1.002
540.245 -1.003
540.942 -1.004
541.636 -1.005
542.337 -1.006
543.037 -1.007
543.739 -1.008
544.44 -1.009
545.138 -1.01
545.839 -1.011
546.532 -1.012
547.217 -1.013
547.904 -1.014
548.6 -1.015
549.297 -1.016
549.996 -1.017
550.701 -1.018
551.406 -1.019
552.114 -1.02
552.826 -1.021
553.54 -1.022
554.255 -1.023
554.972 -1.024
555.692 -1.025
556.413 -1.026
557.134 -1.027
557.856 -1.028
558.573 -1.029
559.287 -1.03
559.997 -1.031
560.696 -1.032
561.388 -1.033
562.075 -1.034
562.763 -1.035
563.452 -1.036
564.142 -1.037
564.833 -1.038
565.524 -1.039
566.217 -1.04
566.917 -1.041
567.618 -1.042
568.32 -1.043
569.024 -1.044
569.729 -1.045
570.436 -1.046
571.144 -1.047
571.854 -1.048
572.564 -1.049
573.277 -1.05
573.99 -1.051
574.705 -1.052
575.421 -1.053
576.138 -1.054
576.855 -1.055
577.573 -1.056
578.293 -1.057
579.014 -1.058
579.736 -1.059
580.461 -1.06
581.188 -1.061
581.917 -1.062
582.646 -1.063
583.376 -1.064
584.107 -1.065
584.837 -1.066
585.571 -1.067
586.326 -1.068
587.086 -1.069
587.846 -1.07
588.606 -1.071
589.366 -1.072
590.128 -1.073
590.89 -1.074
591.654 -1.075
592.421 -1.076
593.188 -1.077
593.956 -1.078
594.726 -1.079
595.497 -1.08
596.27 -1.081
597.044 -1.082
597.818 -1.083
598.593 -1.084
599.367 -1.085
600.141 -1.086
600.914 -1.087
601.685 -1.088
602.456 -1.089
603.221 -1.09
603.983 -1.091
604.726 -1.092
605.46 -1.093
606.175 -1.094
606.883 -1.095
607.589 -1.096
608.294 -1.097
608.999 -1.098
609.705 -1.099
610.412 -1.1
