10.9073 -0.001
21.8055 -0.002
32.6946 -0.003
43.5745 -0.004
54.4453 -0.005
65.3068 -0.006
76.1591 -0.007
87.0021 -0.008
97.8357 -0.009
108.66 -0.01
119.475 -0.011
130.28 -0.012
141.076 -0.013
151.862 -0.014
162.639 -0.015
173.406 -0.016
184.163 -0.017
194.911 -0.018
205.648 -0.019
216.376 -0.02
227.094 -0.021
237.802 -0.022
248.5 -0.023
259.188 -0.024
269.866 -0.025
280.534 -0.026
291.192 -0.027
301.839 -0.028
312.476 -0.029
323.103 -0.03
333.719 -0.031
344.325 -0.032
354.92 -0.033
365.505 -0.034
376.079 -0.035
386.642 -0.036
397.195 -0.037
407.736 -0.038
418.267 -0.039
428.787 -0.04
439.296 -0.041
449.794 -0.042
460.281 -0.043
470.705 -0.044
480.482 -0.045
488.522 -0.046
493.975 -0.047
498.374 -0.048
502.741 -0.049
507.064 -0.05
511.339 -0.051
515.6 -0.052
519.848 -0.053
524.081 -0.054
528.304 -0.055
532.52 -0.056
536.731 -0.057
540.936 -0.058
545.136 -0.059
549.35 -0.06
553.569 -0.061
557.788 -0.062
562.011 -0.063
566.23 -0.064
570.452 -0.065
574.668 -0.066
578.847 -0.067
582.928 -0.068
586.894 -0.069
590.67 -0.07
594.252 -0.071
597.422 -0.072
600.206 -0.073
602.946 -0.074
605.666 -0.075
608.366 -0.076
611.051 -0.077
613.728 -0.078
616.398 -0.079
619.066 -0.08
621.729 -0.081
624.388 -0.082
627.043 -0.083
629.693 -0.084
632.338 -0.085
634.978 -0.086
637.613 -0.087
640.243 -0.088
642.868 -0.089
645.487 -0.09
648.102 -0.091
650.689 -0.092
653.243 -0.093
655.736 -0.094
658.119 -0.095
660.383 -0.096
662.584 -0.097
664.592 -0.098
666.385 -0.099
668.131 -0.1
669.633 -0.101
670.819 -0.102
671.645 -0.103
672.26 -0.104
672.854 -0.105
673.434 -0.106
673.995 -0.107
674.544 -0.108
675.083 -0.109
675.613 -0.11
676.139 -0.111
676.655 -0.112
677.166 -0.113
677.671 -0.114
678.172 -0.115
678.668 -0.116
679.156 -0.117
679.64 -0.118
680.116 -0.119
680.586 -0.12
681.046 -0.121
681.501 -0.122
681.945 -0.123
682.386 -0.124
682.817 -0.125
683.241 -0.126
683.655 -0.127
684.06 -0.128
684.458 -0.129
684.848 -0.13
685.232 -0.131
685.608 -0.132
685.974 -0.133
686.331 -0.134
686.681 -0.135
687.023 -0.136
687.359 -0.137
687.684 -0.138
688.003 -0.139
688.314 -0.14
688.617 -0.141
688.914 -0.142
689.206 -0.143
689.495 -0.144
689.779 -0.145
690.059 -0.146
690.334 -0.147
690.608 -0.148
690.876 -0.149
691.141 -0.15
691.402 -0.151
691.66 -0.152
691.916 -0.153
692.17 -0.154
692.423 -0.155
692.672 -0.156
692.918 -0.157
693.163 -0.158
693.406 -0.159
693.647 -0.16
693.887 -0.161
694.124 -0.162
694.36 -0.163
694.595 -0.164
694.828 -0.165
695.059 -0.166
695.289 -0.167
695.517 -0.168
695.744 -0.169
695.969 -0.17
696.192 -0.171
696.414 -0.172
696.635 -0.173
696.853 -0.174
697.07 -0.175
697.286 -0.176
697.5 -0.177
697.713 -0.178
697.924 -0.179
698.134 -0.18
698.343 -0.181
698.549 -0.182
698.755 -0.183
698.958 -0.184
699.161 -0.185
699.362 -0.186
699.562 -0.187
699.76 -0.188
699.956 -0.189
700.151 -0.19
700.345 -0.191
700.538 -0.192
700.729 -0.193
700.919 -0.194
701.107 -0.195
701.294 -0.196
701.479 -0.197
701.662 -0.198
701.844 -0.199
702.024 -0.2
702.204 -0.201
702.383 -0.202
702.56 -0.203
702.736 -0.204
702.91 -0.205
703.082 -0.206
703.253 -0.207
703.423 -0.208
703.591 -0.209
703.758 -0.21
703.924 -0.211
704.09 -0.212
704.254 -0.213
704.417 -0.214
704.578 -0.215
704.737 -0.216
704.895 -0.217
705.051 -0.218
705.207 -0.219
705.362 -0.22
705.516 -0.221
705.668 -0.222
705.819 -0.223
705.969 -0.224
706.117 -0.225
706.263 -0.226
706.409 -0.227
706.552 -0.228
706.694 -0.229
706.834 -0.23
706.974 -0.231
707.112 -0.232
707.249 -0.233
707.386 -0.234
707.519 -0.235
707.652 -0.236
707.783 -0.237
707.913 -0.238
708.041 -0.239
708.169 -0.24
708.295 -0.241
708.419 -0.242
708.54 -0.243
708.661 -0.244
708.78 -0.245
708.899 -0.246
709.017 -0.247
709.133 -0.248
709.247 -0.249
709.36 -0.25
709.472 -0.251
709.583 -0.252
709.693 -0.253
709.802 -0.254
709.909 -0.255
710.014 -0.256
710.117 -0.257
710.219 -0.258
710.321 -0.259
710.42 -0.26
710.518 -0.261
710.616 -0.262
710.712 -0.263
710.808 -0.264
710.903 -0.265
710.998 -0.266
711.091 -0.267
711.184 -0.268
711.276 -0.269
711.367 -0.27
711.457 -0.271
711.547 -0.272
711.636 -0.273
711.724 -0.274
711.811 -0.275
711.898 -0.276
711.984 -0.277
712.069 -0.278
712.153 -0.279
712.236 -0.28
712.319 -0.281
712.401 -0.282
712.482 -0.283
712.563 -0.284
712.641 -0.285
712.719 -0.286
712.797 -0.287
712.873 -0.288
712.949 -0.289
713.025 -0.29
713.1 -0.291
713.175 -0.292
713.248 -0.293
713.322 -0.294
713.395 -0.295
713.467 -0.296
713.537 -0.297
713.607 -0.298
713.676 -0.299
713.745 -0.3
713.813 -0.301
713.881 -0.302
713.948 -0.303
714.015 -0.304
714.081 -0.305
714.147 -0.306
714.212 -0.307
714.277 -0.308
714.34 -0.309
714.403 -0.31
714.465 -0.311
714.526 -0.312
714.588 -0.313
714.648 -0.314
714.708 -0.315
714.768 -0.316
714.827 -0.317
714.886 -0.318
714.945 -0.319
715.003 -0.32
715.061 -0.321
715.117 -0.322
715.172 -0.323
715.227 -0.324
715.281 -0.325
715.335 -0.326
715.389 -0.327
715.443 -0.328
715.496 -0.329
715.549 -0.33
715.602 -0.331
715.654 -0.332
715.706 -0.333
715.757 -0.334
715.808 -0.335
715.859 -0.336
715.909 -0.337
715.959 -0.338
716.009 -0.339
716.059 -0.34
716.108 -0.341
716.157 -0.342
716.205 -0.343
716.254 -0.344
716.302 -0.345
716.35 -0.346
716.397 -0.347
716.444 -0.348
716.491 -0.349
716.538 -0.35
716.584 -0.351
716.63 -0.352
716.675 -0.353
716.721 -0.354
716.766 -0.355
716.811 -0.356
716.855 -0.357
716.9 -0.358
716.944 -0.359
716.987 -0.36
717.031 -0.361
717.074 -0.362
717.117 -0.363
717.16 -0.364
717.203 -0.365
717.245 -0.366
717.287 -0.367
717.328 -0.368
717.37 -0.369
717.411 -0.37
717.452 -0.371
717.493 -0.372
717.533 -0.373
717.573 -0.374
717.613 -0.375
717.653 -0.376
717.693 -0.377
717.732 -0.378
717.771 -0.379
717.81 -0.38
717.849 -0.381
717.887 -0.382
717.925 -0.383
717.963 -0.384
718.001 -0.385
718.038 -0.386
718.076 -0.387
718.113 -0.388
718.149 -0.389
718.186 -0.39
718.222 -0.391
718.258 -0.392
718.294 -0.393
718.33 -0.394
718.366 -0.395
718.401 -0.396
718.437 -0.397
718.472 -0.398
718.506 -0.399
718.541 -0.4
718.576 -0.401
718.61 -0.402
718.644 -0.403
718.678 -0.404
718.711 -0.405
718.745 -0.406
718.778 -0.407
718.811 -0.408
718.844 -0.409
718.876 -0.41
718.909 -0.411
718.941 -0.412
718.973 -0.413
719.005 -0.414
719.037 -0.415
719.069 -0.416
719.1 -0.417
719.132 -0.418
719.163 -0.419
719.194 -0.42
719.225 -0.421
719.256 -0.422
719.287 -0.423
719.317 -0.424
719.348 -0.425
719.378 -0.426
719.408 -0.427
719.438 -0.428
719.468 -0.429
719.498 -0.43
719.528 -0.431
719.557 -0.432
719.587 -0.433
719.616 -0.434
719.645 -0.435
719.674 -0.436
719.703 -0.437
719.731 -0.438
719.76 -0.439
719.788 -0.44
719.817 -0.441
719.845 -0.442
719.873 -0.443
719.901 -0.444
719.929 -0.445
719.957 -0.446
719.985 -0.447
720.012 -0.448
720.04 -0.449
720.067 -0.45
720.094 -0.451
720.121 -0.452
720.148 -0.453
720.175 -0.454
720.201 -0.455
720.228 -0.456
720.254 -0.457
720.281 -0.458
720.307 -0.459
720.333 -0.46
720.359 -0.461
720.385 -0.462
720.411 -0.463
720.437 -0.464
720.463 -0.465
720.488 -0.466
720.514 -0.467
720.54 -0.468
720.565 -0.469
720.59 -0.47
720.615 -0.471
720.641 -0.472
720.666 -0.473
720.691 -0.474
720.715 -0.475
720.74 -0.476
720.765 -0.477
720.79 -0.478
720.814 -0.479
720.839 -0.48
720.863 -0.481
720.888 -0.482
720.912 -0.483
720.936 -0.484
720.96 -0.485
720.983 -0.486
721.007 -0.487
721.031 -0.488
721.054 -0.489
721.078 -0.49
721.101 -0.491
721.125 -0.492
721.148 -0.493
721.171 -0.494
721.194 -0.495
721.218 -0.496
721.241 -0.497
721.264 -0.498
721.287 -0.499
721.31 -0.5
721.333 -0.501
721.355 -0.502
721.378 -0.503
721.401 -0.504
721.423 -0.505
721.446 -0.506
721.468 -0.507
721.491 -0.508
721.513 -0.509
721.535 -0.51
721.557 -0.511
721.579 -0.512
721.601 -0.513
721.624 -0.514
721.645 -0.515
721.667 -0.516
721.688 -0.517
721.71 -0.518
721.731 -0.519
721.752 -0.52
721.774 -0.521
721.795 -0.522
721.816 -0.523
721.837 -0.524
721.858 -0.525
721.879 -0.526
721.9 -0.527
721.921 -0.528
721.942 -0.529
721.963 -0.53
721.984 -0.531
722.004 -0.532
722.025 -0.533
722.046 -0.534
722.067 -0.535
722.087 -0.536
722.108 -0.537
722.128 -0.538
722.148 -0.539
722.168 -0.54
722.188 -0.541
722.208 -0.542
722.228 -0.543
722.247 -0.544
722.266 -0.545
722.285 -0.546
722.304 -0.547
722.323 -0.548
722.342 -0.549
722.361 -0.55
722.38 -0.551
722.399 -0.552
722.418 -0.553
722.437 -0.554
722.456 -0.555
722.474 -0.556
722.493 -0.557
722.512 -0.558
722.53 -0.559
722.549 -0.56
722.567 -0.561
722.585 -0.562
722.604 -0.563
722.622 -0.564
722.64 -0.565
722.658 -0.566
722.676 -0.567
722.694 -0.568
722.711 -0.569
722.729 -0.57
722.747 -0.571
722.764 -0.572
722.781 -0.573
722.798 -0.574
722.816 -0.575
722.833 -0.576
722.85 -0.577
722.867 -0.578
722.883 -0.579
722.9 -0.58
722.917 -0.581
722.934 -0.582
722.95 -0.583
722.967 -0.584
722.983 -0.585
722.999 -0.586
723.015 -0.587
723.031 -0.588
723.047 -0.589
723.063 -0.59
723.079 -0.591
723.094 -0.592
723.109 -0.593
723.125 -0.594
723.14 -0.595
723.155 -0.596
723.17 -0.597
723.184 -0.598
723.199 -0.599
723.214 -0.6
723.229 -0.601
723.244 -0.602
723.259 -0.603
723.274 -0.604
723.289 -0.605
723.303 -0.606
723.318 -0.607
723.332 -0.608
723.346 -0.609
723.36 -0.61
723.374 -0.611
723.388 -0.612
723.402 -0.613
723.415 -0.614
723.428 -0.615
723.441 -0.616
723.454 -0.617
723.466 -0.618
723.478 -0.619
723.489 -0.62
723.501 -0.621
723.512 -0.622
723.523 -0.623
723.533 -0.624
723.544 -0.625
723.555 -0.626
723.565 -0.627
723.577 -0.628
723.588 -0.629
723.599 -0.63
723.61 -0.631
723.62 -0.632
723.63 -0.633
723.64 -0.634
723.648 -0.635
723.656 -0.636
723.664 -0.637
723.671 -0.638
723.678 -0.639
723.685 -0.64
723.691 -0.641
723.696 -0.642
723.703 -0.643
723.71 -0.644
723.718 -0.645
723.726 -0.646
723.734 -0.647
723.741 -0.648
723.748 -0.649
723.755 -0.65
723.762 -0.651
723.768 -0.652
723.774 -0.653
723.779 -0.654
723.785 -0.655
723.789 -0.656
723.793 -0.657
723.799 -0.658
723.804 -0.659
723.812 -0.66
723.82 -0.661
723.827 -0.662
723.835 -0.663
723.842 -0.664
723.849 -0.665
723.855 -0.666
723.86 -0.667
723.865 -0.668
723.869 -0.669
723.873 -0.67
723.876 -0.671
723.88 -0.672
723.885 -0.673
723.893 -0.674
723.901 -0.675
723.909 -0.676
723.916 -0.677
723.923 -0.678
723.929 -0.679
723.935 -0.68
723.941 -0.681
723.946 -0.682
723.951 -0.683
723.955 -0.684
723.959 -0.685
723.964 -0.686
723.968 -0.687
723.972 -0.688
723.974 -0.689
723.976 -0.69
723.977 -0.691
723.978 -0.692
723.978 -0.693
723.978 -0.694
723.977 -0.695
723.976 -0.696
723.975 -0.697
723.972 -0.698
723.968 -0.699
723.963 -0.7
723.958 -0.701
723.952 -0.702
723.946 -0.703
723.94 -0.704
723.931 -0.705
723.92 -0.706
723.906 -0.707
723.891 -0.708
723.874 -0.709
723.858 -0.71
723.837 -0.711
723.813 -0.712
723.786 -0.713
723.758 -0.714
723.731 -0.715
723.702 -0.716
723.672 -0.717
723.642 -0.718
723.61 -0.719
723.577 -0.72
723.543 -0.721
723.509 -0.722
723.48 -0.723
723.456 -0.724
723.447 -0.725
723.441 -0.726
723.437 -0.727
723.433 -0.728
723.427 -0.729
723.417 -0.73
723.405 -0.731
723.396 -0.732
723.39 -0.733
723.394 -0.734
723.396 -0.735
723.396 -0.736
723.393 -0.737
723.388 -0.738
723.378 -0.739
723.378 -0.74
723.378 -0.741
723.388 -0.742
723.396 -0.743
723.402 -0.744
723.406 -0.745
723.416 -0.746
723.426 -0.747
723.446 -0.748
723.464 -0.749
723.48 -0.75
723.494 -0.751
723.506 -0.752
723.518 -0.753
723.534 -0.754
723.555 -0.755
723.576 -0.756
723.596 -0.757
723.619 -0.758
723.642 -0.759
723.665 -0.76
723.688 -0.761
723.714 -0.762
723.739 -0.763
723.765 -0.764
723.794 -0.765
723.827 -0.766
723.859 -0.767
723.892 -0.768
723.924 -0.769
723.959 -0.77
723.994 -0.771
724.029 -0.772
724.064 -0.773
724.102 -0.774
724.139 -0.775
724.177 -0.776
724.215 -0.777
724.255 -0.778
724.295 -0.779
724.335 -0.78
724.376 -0.781
724.416 -0.782
724.457 -0.783
724.498 -0.784
724.539 -0.785
724.58 -0.786
724.621 -0.787
724.662 -0.788
724.703 -0.789
724.744 -0.79
724.785 -0.791
724.826 -0.792
724.867 -0.793
724.909 -0.794
724.95 -0.795
724.992 -0.796
725.034 -0.797
725.075 -0.798
725.117 -0.799
725.158 -0.8
725.199 -0.801
725.241 -0.802
725.282 -0.803
725.323 -0.804
725.365 -0.805
725.406 -0.806
725.447 -0.807
725.488 -0.808
725.529 -0.809
725.57 -0.81
725.611 -0.811
725.652 -0.812
725.692 -0.813
725.732 -0.814
725.771 -0.815
725.811 -0.816
725.85 -0.817
725.889 -0.818
725.927 -0.819
725.965 -0.82
726.002 -0.821
726.039 -0.822
726.074 -0.823
726.107 -0.824
726.139 -0.825
726.167 -0.826
726.192 -0.827
726.212 -0.828
726.226 -0.829
726.235 -0.83
726.26 -0.831
726.278 -0.832
726.325 -0.833
726.369 -0.834
726.41 -0.835
726.448 -0.836
726.484 -0.837
726.52 -0.838
726.56 -0.839
726.605 -0.84
726.65 -0.841
726.695 -0.842
726.741 -0.843
726.786 -0.844
726.832 -0.845
726.877 -0.846
726.924 -0.847
726.97 -0.848
727.016 -0.849
727.065 -0.85
727.116 -0.851
727.17 -0.852
727.223 -0.853
727.278 -0.854
727.333 -0.855
727.388 -0.856
727.443 -0.857
727.5 -0.858
727.557 -0.859
727.614 -0.86
727.672 -0.861
727.731 -0.862
727.79 -0.863
727.85 -0.864
727.912 -0.865
727.975 -0.866
728.038 -0.867
728.101 -0.868
728.164 -0.869
728.227 -0.87
728.291 -0.871
728.355 -0.872
728.419 -0.873
728.483 -0.874
728.548 -0.875
728.613 -0.876
728.678 -0.877
728.744 -0.878
728.809 -0.879
728.876 -0.88
728.944 -0.881
729.012 -0.882
729.081 -0.883
729.15 -0.884
729.219 -0.885
729.289 -0.886
729.359 -0.887
729.429 -0.888
729.499 -0.889
729.57 -0.89
729.641 -0.891
729.712 -0.892
729.784 -0.893
729.856 -0.894
729.928 -0.895
730 -0.896
730.073 -0.897
730.147 -0.898
730.222 -0.899
730.297 -0.9
730.372 -0.901
730.448 -0.902
730.523 -0.903
730.599 -0.904
730.676 -0.905
730.753 -0.906
730.83 -0.907
730.907 -0.908
730.985 -0.909
731.063 -0.91
731.141 -0.911
731.22 -0.912
731.299 -0.913
731.378 -0.914
731.458 -0.915
731.538 -0.916
731.618 -0.917
731.699 -0.918
731.78 -0.919
731.861 -0.92
731.943 -0.921
732.025 -0.922
732.107 -0.923
732.19 -0.924
732.273 -0.925
732.356 -0.926
732.44 -0.927
732.524 -0.928
732.608 -0.929
732.693 -0.93
732.778 -0.931
732.864 -0.932
732.949 -0.933
733.035 -0.934
733.122 -0.935
733.209 -0.936
733.296 -0.937
733.383 -0.938
733.471 -0.939
733.559 -0.94
733.648 -0.941
733.737 -0.942
733.826 -0.943
733.915 -0.944
734.005 -0.945
734.096 -0.946
734.186 -0.947
734.277 -0.948
734.369 -0.949
734.46 -0.95
734.552 -0.951
734.645 -0.952
734.739 -0.953
734.833 -0.954
734.928 -0.955
735.024 -0.956
735.12 -0.957
735.217 -0.958
735.314 -0.959
735.413 -0.96
735.512 -0.961
735.611 -0.962
735.711 -0.963
735.813 -0.964
735.914 -0.965
736.016 -0.966
736.12 -0.967
736.224 -0.968
736.328 -0.969
736.434 -0.97
736.54 -0.971
736.646 -0.972
736.753 -0.973
736.861 -0.974
736.969 -0.975
737.077 -0.976
737.185 -0.977
737.294 -0.978
737.403 -0.979
737.513 -0.98
737.623 -0.981
737.734 -0.982
737.844 -0.983
737.956 -0.984
738.067 -0.985
738.179 -0.986
738.292 -0.987
738.405 -0.988
738.518 -0.989
738.631 -0.99
738.746 -0.991
738.86 -0.992
738.975 -0.993
739.09 -0.994
739.206 -0.995
739.322 -0.996
739.438 -0.997
739.556 -0.998
739.674 -0.999
739.793 -1
739.912 -1.001
740.033 -1.002
740.153 -1.003
740.275 -1.004
740.397 -1.005
740.52 -1.006
740.644 -1.007
740.768 -1.008
740.893 -1.009
741.019 -1.01
741.146 -1.011
741.273 -1.012
741.401 -1.013
741.53 -1.014
741.659 -1.015
741.788 -1.016
741.918 -1.017
742.048 -1.018
742.179 -1.019
742.31 -1.02
742.441 -1.021
742.573 -1.022
742.706 -1.023
742.839 -1.024
742.972 -1.025
743.106 -1.026
743.24 -1.027
743.374 -1.028
743.509 -1.029
743.645 -1.03
743.78 -1.031
743.917 -1.032
744.053 -1.033
744.191 -1.034
744.328 -1.035
744.466 -1.036
744.605 -1.037
744.744 -1.038
744.883 -1.039
745.023 -1.04
745.163 -1.041
745.304 -1.042
745.445 -1.043
745.586 -1.044
745.728 -1.045
745.871 -1.046
746.014 -1.047
746.157 -1.048
746.301 -1.049
746.445 -1.05
746.59 -1.051
746.735 -1.052
746.881 -1.053
747.027 -1.054
747.174 -1.055
747.321 -1.056
747.468 -1.057
747.616 -1.058
747.764 -1.059
747.913 -1.06
748.063 -1.061
748.212 -1.062
748.363 -1.063
748.513 -1.064
748.664 -1.065
748.816 -1.066
748.968 -1.067
749.121 -1.068
749.274 -1.069
749.427 -1.07
749.581 -1.071
749.736 -1.072
749.891 -1.073
750.046 -1.074
750.202 -1.075
750.358 -1.076
750.515 -1.077
750.672 -1.078
750.83 -1.079
750.989 -1.08
751.147 -1.081
751.306 -1.082
751.466 -1.083
751.626 -1.084
751.787 -1.085
751.948 -1.086
752.11 -1.087
752.272 -1.088
752.435 -1.089
752.598 -1.09
752.761 -1.091
752.925 -1.092
753.09 -1.093
753.255 -1.094
753.42 -1.095
753.586 -1.096
753.753 -1.097
753.92 -1.098
754.087 -1.099
754.255 -1.1
754.424 -1.101
754.593 -1.102
754.762 -1.103
754.932 -1.104
755.103 -1.105
755.274 -1.106
755.445 -1.107
755.618 -1.108
755.79 -1.109
755.963 -1.11
756.137 -1.111
756.311 -1.112
756.485 -1.113
756.66 -1.114
756.836 -1.115
757.012 -1.116
757.188 -1.117
757.365 -1.118
757.543 -1.119
757.721 -1.12
757.9 -1.121
758.079 -1.122
758.259 -1.123
758.439 -1.124
758.619 -1.125
758.801 -1.126
758.982 -1.127
759.165 -1.128
759.347 -1.129
759.531 -1.13
759.714 -1.131
759.899 -1.132
760.084 -1.133
760.269 -1.134
760.455 -1.135
760.641 -1.136
760.828 -1.137
761.016 -1.138
761.204 -1.139
761.392 -1.14
761.581 -1.141
761.771 -1.142
761.961 -1.143
762.152 -1.144
762.343 -1.145
762.535 -1.146
762.727 -1.147
762.92 -1.148
763.113 -1.149
763.307 -1.15
763.502 -1.151
763.697 -1.152
763.892 -1.153
764.088 -1.154
764.285 -1.155
764.482 -1.156
764.68 -1.157
764.878 -1.158
765.077 -1.159
765.276 -1.16
765.476 -1.161
765.677 -1.162
765.878 -1.163
766.079 -1.164
766.281 -1.165
766.484 -1.166
766.687 -1.167
766.891 -1.168
767.095 -1.169
767.3 -1.17
767.505 -1.171
767.711 -1.172
767.918 -1.173
768.125 -1.174
768.333 -1.175
768.541 -1.176
768.75 -1.177
768.959 -1.178
769.169 -1.179
769.38 -1.18
769.591 -1.181
769.802 -1.182
770.015 -1.183
770.227 -1.184
770.441 -1.185
770.655 -1.186
770.869 -1.187
771.084 -1.188
771.3 -1.189
771.516 -1.19
771.733 -1.191
771.95 -1.192
772.168 -1.193
772.386 -1.194
772.605 -1.195
772.825 -1.196
773.045 -1.197
773.266 -1.198
773.487 -1.199
773.709 -1.2
773.932 -1.201
774.155 -1.202
774.379 -1.203
774.603 -1.204
774.828 -1.205
775.054 -1.206
775.28 -1.207
775.506 -1.208
775.733 -1.209
775.961 -1.21
776.19 -1.211
776.419 -1.212
776.648 -1.213
776.879 -1.214
777.109 -1.215
777.341 -1.216
777.573 -1.217
777.805 -1.218
778.039 -1.219
778.273 -1.22
778.507 -1.221
778.742 -1.222
778.978 -1.223
779.214 -1.224
779.451 -1.225
779.688 -1.226
779.926 -1.227
780.165 -1.228
780.404 -1.229
780.644 -1.23
780.884 -1.231
781.125 -1.232
781.367 -1.233
781.609 -1.234
781.852 -1.235
782.096 -1.236
782.34 -1.237
782.585 -1.238
782.83 -1.239
783.076 -1.24
783.323 -1.241
783.57 -1.242
783.818 -1.243
784.066 -1.244
784.315 -1.245
784.565 -1.246
784.815 -1.247
785.066 -1.248
785.318 -1.249
785.57 -1.25
785.823 -1.251
786.076 -1.252
786.33 -1.253
786.585 -1.254
786.841 -1.255
787.097 -1.256
787.353 -1.257
787.611 -1.258
787.868 -1.259
788.127 -1.26
788.386 -1.261
788.646 -1.262
788.906 -1.263
789.168 -1.264
789.429 -1.265
789.692 -1.266
789.955 -1.267
790.218 -1.268
790.483 -1.269
790.748 -1.27
791.013 -1.271
791.28 -1.272
791.547 -1.273
791.814 -1.274
792.082 -1.275
792.351 -1.276
792.621 -1.277
792.891 -1.278
793.162 -1.279
793.433 -1.28
793.705 -1.281
793.978 -1.282
794.252 -1.283
794.526 -1.284
794.8 -1.285
795.076 -1.286
795.352 -1.287
795.629 -1.288
795.906 -1.289
796.184 -1.29
796.463 -1.291
796.742 -1.292
797.022 -1.293
797.303 -1.294
797.585 -1.295
797.867 -1.296
798.149 -1.297
798.433 -1.298
798.717 -1.299
799.001 -1.3
799.287 -1.301
799.573 -1.302
799.86 -1.303
800.147 -1.304
800.435 -1.305
800.724 -1.306
801.014 -1.307
801.304 -1.308
801.595 -1.309
801.886 -1.31
802.178 -1.311
802.471 -1.312
802.765 -1.313
803.059 -1.314
803.354 -1.315
803.649 -1.316
803.946 -1.317
804.243 -1.318
804.54 -1.319
804.839 -1.32
805.138 -1.321
805.438 -1.322
805.738 -1.323
806.039 -1.324
806.341 -1.325
806.643 -1.326
806.947 -1.327
807.251 -1.328
807.555 -1.329
807.86 -1.33
808.166 -1.331
808.473 -1.332
808.781 -1.333
809.089 -1.334
809.398 -1.335
809.707 -1.336
810.017 -1.337
810.328 -1.338
810.64 -1.339
810.952 -1.34
811.265 -1.341
811.579 -1.342
811.894 -1.343
812.209 -1.344
812.525 -1.345
812.841 -1.346
813.158 -1.347
813.476 -1.348
813.795 -1.349
814.114 -1.35
814.435 -1.351
814.755 -1.352
815.077 -1.353
815.399 -1.354
815.722 -1.355
816.046 -1.356
816.37 -1.357
816.696 -1.358
817.021 -1.359
817.348 -1.36
817.675 -1.361
818.003 -1.362
818.332 -1.363
818.662 -1.364
818.992 -1.365
819.323 -1.366
819.655 -1.367
819.987 -1.368
820.321 -1.369
820.655 -1.37
820.99 -1.371
821.325 -1.372
821.662 -1.373
821.999 -1.374
822.337 -1.375
822.675 -1.376
823.014 -1.377
823.354 -1.378
823.695 -1.379
824.037 -1.38
824.38 -1.381
824.723 -1.382
825.067 -1.383
825.411 -1.384
825.757 -1.385
826.103 -1.386
826.45 -1.387
826.798 -1.388
827.146 -1.389
827.496 -1.39
827.846 -1.391
828.197 -1.392
828.548 -1.393
828.901 -1.394
829.254 -1.395
829.608 -1.396
829.963 -1.397
830.318 -1.398
830.674 -1.399
831.031 -1.4
831.389 -1.401
831.748 -1.402
832.107 -1.403
832.467 -1.404
832.828 -1.405
833.19 -1.406
833.552 -1.407
833.916 -1.408
834.28 -1.409
834.644 -1.41
835.01 -1.411
835.377 -1.412
835.744 -1.413
836.112 -1.414
836.48 -1.415
836.85 -1.416
837.22 -1.417
837.591 -1.418
837.963 -1.419
838.336 -1.42
838.709 -1.421
839.083 -1.422
839.458 -1.423
839.834 -1.424
840.211 -1.425
840.588 -1.426
840.966 -1.427
841.345 -1.428
841.725 -1.429
842.106 -1.43
842.487 -1.431
842.869 -1.432
843.252 -1.433
843.635 -1.434
844.02 -1.435
844.405 -1.436
844.791 -1.437
845.178 -1.438
845.565 -1.439
845.954 -1.44
846.343 -1.441
846.733 -1.442
847.124 -1.443
847.515 -1.444
847.908 -1.445
848.301 -1.446
848.695 -1.447
849.089 -1.448
849.485 -1.449
849.881 -1.45
850.279 -1.451
850.676 -1.452
851.075 -1.453
851.475 -1.454
851.875 -1.455
852.276 -1.456
852.678 -1.457
853.081 -1.458
853.485 -1.459
853.889 -1.46
854.295 -1.461
854.701 -1.462
855.108 -1.463
855.515 -1.464
855.924 -1.465
856.333 -1.466
856.743 -1.467
857.154 -1.468
857.565 -1.469
857.976 -1.47
858.389 -1.471
858.802 -1.472
859.216 -1.473
859.63 -1.474
860.046 -1.475
860.462 -1.476
860.879 -1.477
861.297 -1.478
861.716 -1.479
862.135 -1.48
862.556 -1.481
862.977 -1.482
863.399 -1.483
863.822 -1.484
864.246 -1.485
864.671 -1.486
865.096 -1.487
865.523 -1.488
865.95 -1.489
866.378 -1.49
866.807 -1.491
867.236 -1.492
867.667 -1.493
868.099 -1.494
868.531 -1.495
868.965 -1.496
869.399 -1.497
869.835 -1.498
870.271 -1.499
870.708 -1.5
871.146 -1.501
871.584 -1.502
872.024 -1.503
872.464 -1.504
872.906 -1.505
873.348 -1.506
873.791 -1.507
874.234 -1.508
874.679 -1.509
875.124 -1.51
875.57 -1.511
876.018 -1.512
876.466 -1.513
876.915 -1.514
877.365 -1.515
877.816 -1.516
878.267 -1.517
878.719 -1.518
879.173 -1.519
879.627 -1.52
880.082 -1.521
880.537 -1.522
880.994 -1.523
881.451 -1.524
881.91 -1.525
882.369 -1.526
882.829 -1.527
883.29 -1.528
883.752 -1.529
884.215 -1.53
884.679 -1.531
885.144 -1.532
885.609 -1.533
886.076 -1.534
886.543 -1.535
887.012 -1.536
887.481 -1.537
887.951 -1.538
888.422 -1.539
888.894 -1.54
889.367 -1.541
889.84 -1.542
890.315 -1.543
890.79 -1.544
891.266 -1.545
891.744 -1.546
892.222 -1.547
892.701 -1.548
893.18 -1.549
893.661 -1.55
894.143 -1.551
894.625 -1.552
895.109 -1.553
895.593 -1.554
896.078 -1.555
896.565 -1.556
897.052 -1.557
897.54 -1.558
898.03 -1.559
898.52 -1.56
899.011 -1.561
899.503 -1.562
899.996 -1.563
900.489 -1.564
900.984 -1.565
901.48 -1.566
901.976 -1.567
902.474 -1.568
902.972 -1.569
903.471 -1.57
903.971 -1.571
904.472 -1.572
904.974 -1.573
905.477 -1.574
905.981 -1.575
906.486 -1.576
906.991 -1.577
907.498 -1.578
908.005 -1.579
908.513 -1.58
909.022 -1.581
909.532 -1.582
910.043 -1.583
910.555 -1.584
911.068 -1.585
911.581 -1.586
912.096 -1.587
912.611 -1.588
913.128 -1.589
913.645 -1.59
914.163 -1.591
914.681 -1.592
915.201 -1.593
915.721 -1.594
916.243 -1.595
916.765 -1.596
917.288 -1.597
917.812 -1.598
918.338 -1.599
918.863 -1.6
