8.34268 -0.001
16.6467 -0.002
24.9124 -0.003
33.1399 -0.004
41.3293 -0.005
49.4808 -0.006
57.5944 -0.007
65.6704 -0.008
73.7087 -0.009
81.7096 -0.01
89.6731 -0.011
97.5994 -0.012
105.489 -0.013
113.341 -0.014
121.156 -0.015
128.935 -0.016
136.677 -0.017
144.382 -0.018
152.052 -0.019
159.684 -0.02
167.281 -0.021
174.842 -0.022
182.366 -0.023
189.855 -0.024
197.308 -0.025
204.726 -0.026
212.108 -0.027
219.455 -0.028
226.766 -0.029
234.042 -0.03
241.283 -0.031
248.489 -0.032
255.66 -0.033
262.796 -0.034
269.898 -0.035
276.965 -0.036
283.998 -0.037
290.996 -0.038
297.959 -0.039
304.829 -0.04
311.362 -0.041
317.411 -0.042
322.983 -0.043
328.395 -0.044
333.774 -0.045
339.118 -0.046
344.423 -0.047
349.694 -0.048
354.927 -0.049
360.126 -0.05
365.285 -0.051
370.411 -0.052
375.5 -0.053
380.553 -0.054
385.571 -0.055
390.553 -0.056
395.503 -0.057
400.413 -0.058
405.288 -0.059
410.132 -0.06
414.941 -0.061
419.719 -0.062
424.466 -0.063
429.183 -0.064
433.869 -0.065
438.524 -0.066
443.149 -0.067
447.733 -0.068
452.194 -0.069
456.586 -0.07
460.653 -0.071
464.501 -0.072
468.281 -0.073
471.561 -0.074
474.521 -0.075
477.449 -0.076
480.309 -0.077
482.645 -0.078
484.72 -0.079
486.77 -0.08
488.594 -0.081
490.284 -0.082
491.848 -0.083
493.227 -0.084
494.584 -0.085
495.919 -0.086
497.18 -0.087
498.263 -0.088
499.327 -0.089
500.373 -0.09
501.401 -0.091
502.411 -0.092
503.403 -0.093
504.376 -0.094
505.328 -0.095
506.264 -0.096
507.18 -0.097
508.063 -0.098
508.906 -0.099
509.715 -0.1
510.51 -0.101
511.29 -0.102
512.043 -0.103
512.772 -0.104
513.474 -0.105
514.103 -0.106
514.628 -0.107
515.094 -0.108
515.546 -0.109
515.987 -0.11
516.413 -0.111
516.825 -0.112
517.205 -0.113
517.549 -0.114
517.851 -0.115
518.104 -0.116
518.346 -0.117
518.578 -0.118
518.801 -0.119
518.989 -0.12
519.11 -0.121
519.163 -0.122
519.19 -0.123
519.209 -0.124
519.219 -0.125
519.221 -0.126
519.214 -0.127
519.199 -0.128
519.176 -0.129
519.144 -0.13
519.092 -0.131
519.015 -0.132
518.911 -0.133
518.779 -0.134
518.61 -0.135
518.433 -0.136
518.249 -0.137
518.058 -0.138
517.86 -0.139
517.656 -0.14
517.445 -0.141
517.228 -0.142
517.006 -0.143
516.779 -0.144
516.547 -0.145
516.311 -0.146
516.07 -0.147
515.824 -0.148
515.574 -0.149
515.32 -0.15
515.061 -0.151
514.799 -0.152
514.532 -0.153
514.262 -0.154
513.987 -0.155
513.708 -0.156
513.426 -0.157
513.139 -0.158
512.85 -0.159
512.556 -0.16
512.259 -0.161
511.959 -0.162
511.656 -0.163
511.35 -0.164
511.041 -0.165
510.73 -0.166
510.416 -0.167
510.1 -0.168
509.781 -0.169
509.46 -0.17
509.137 -0.171
508.812 -0.172
508.485 -0.173
508.156 -0.174
507.825 -0.175
507.493 -0.176
507.158 -0.177
506.823 -0.178
506.485 -0.179
506.146 -0.18
505.802 -0.181
505.457 -0.182
505.108 -0.183
504.757 -0.184
504.402 -0.185
504.044 -0.186
503.683 -0.187
503.317 -0.188
502.951 -0.189
502.583 -0.19
502.215 -0.191
501.845 -0.192
501.475 -0.193
501.103 -0.194
500.73 -0.195
500.356 -0.196
499.98 -0.197
499.602 -0.198
499.223 -0.199
498.843 -0.2
498.462 -0.201
498.08 -0.202
497.698 -0.203
497.316 -0.204
496.933 -0.205
496.549 -0.206
496.164 -0.207
495.778 -0.208
495.389 -0.209
494.998 -0.21
494.605 -0.211
494.21 -0.212
493.812 -0.213
493.413 -0.214
493.014 -0.215
492.613 -0.216
492.211 -0.217
491.81 -0.218
491.408 -0.219
491.005 -0.22
490.601 -0.221
490.197 -0.222
489.793 -0.223
489.388 -0.224
488.984 -0.225
488.579 -0.226
488.175 -0.227
487.771 -0.228
487.367 -0.229
486.962 -0.23
486.558 -0.231
486.154 -0.232
485.75 -0.233
485.346 -0.234
484.94 -0.235
484.533 -0.236
484.127 -0.237
483.72 -0.238
483.313 -0.239
482.905 -0.24
482.497 -0.241
482.089 -0.242
481.681 -0.243
481.272 -0.244
480.864 -0.245
480.457 -0.246
480.05 -0.247
479.643 -0.248
479.237 -0.249
478.83 -0.25
478.425 -0.251
478.02 -0.252
477.615 -0.253
477.211 -0.254
476.806 -0.255
476.402 -0.256
475.999 -0.257
475.596 -0.258
475.193 -0.259
474.791 -0.26
474.389 -0.261
473.988 -0.262
473.587 -0.263
473.187 -0.264
472.787 -0.265
472.388 -0.266
471.99 -0.267
471.591 -0.268
471.193 -0.269
470.796 -0.27
470.399 -0.271
470.003 -0.272
469.607 -0.273
469.212 -0.274
468.818 -0.275
468.424 -0.276
468.031 -0.277
467.639 -0.278
467.248 -0.279
466.857 -0.28
466.468 -0.281
466.078 -0.282
465.689 -0.283
465.299 -0.284
464.911 -0.285
464.523 -0.286
464.135 -0.287
463.748 -0.288
463.362 -0.289
462.977 -0.29
462.593 -0.291
462.21 -0.292
461.828 -0.293
461.447 -0.294
461.066 -0.295
460.685 -0.296
460.304 -0.297
459.924 -0.298
459.545 -0.299
459.166 -0.3
458.789 -0.301
458.413 -0.302
458.037 -0.303
457.662 -0.304
457.289 -0.305
456.916 -0.306
456.544 -0.307
456.172 -0.308
455.802 -0.309
455.432 -0.31
455.064 -0.311
454.697 -0.312
454.33 -0.313
453.965 -0.314
453.601 -0.315
453.239 -0.316
452.877 -0.317
452.517 -0.318
452.158 -0.319
451.8 -0.32
451.443 -0.321
451.088 -0.322
450.734 -0.323
450.381 -0.324
450.03 -0.325
449.679 -0.326
449.33 -0.327
448.982 -0.328
448.635 -0.329
448.29 -0.33
447.945 -0.331
447.602 -0.332
447.26 -0.333
446.919 -0.334
446.579 -0.335
446.24 -0.336
445.903 -0.337
445.566 -0.338
445.231 -0.339
444.897 -0.34
444.564 -0.341
444.233 -0.342
443.904 -0.343
443.575 -0.344
443.247 -0.345
442.921 -0.346
442.597 -0.347
442.274 -0.348
441.953 -0.349
441.632 -0.35
441.312 -0.351
440.992 -0.352
440.674 -0.353
440.358 -0.354
440.043 -0.355
439.73 -0.356
439.416 -0.357
439.102 -0.358
438.79 -0.359
438.48 -0.36
438.171 -0.361
437.864 -0.362
437.555 -0.363
437.247 -0.364
436.941 -0.365
436.637 -0.366
436.335 -0.367
436.033 -0.368
435.731 -0.369
435.431 -0.37
435.132 -0.371
434.835 -0.372
434.54 -0.373
434.243 -0.374
433.949 -0.375
433.657 -0.376
433.367 -0.377
433.078 -0.378
432.789 -0.379
432.501 -0.38
432.215 -0.381
431.932 -0.382
431.65 -0.383
431.371 -0.384
431.094 -0.385
430.818 -0.386
430.544 -0.387
430.272 -0.388
430.002 -0.389
429.734 -0.39
429.468 -0.391
429.203 -0.392
428.941 -0.393
428.68 -0.394
428.421 -0.395
428.165 -0.396
427.91 -0.397
427.657 -0.398
427.406 -0.399
427.158 -0.4
426.911 -0.401
426.666 -0.402
426.424 -0.403
426.184 -0.404
425.945 -0.405
425.709 -0.406
425.475 -0.407
425.244 -0.408
425.013 -0.409
424.783 -0.41
424.554 -0.411
424.328 -0.412
424.104 -0.413
423.878 -0.414
423.655 -0.415
423.433 -0.416
423.214 -0.417
422.993 -0.418
422.773 -0.419
422.556 -0.42
422.341 -0.421
422.125 -0.422
421.91 -0.423
421.697 -0.424
421.486 -0.425
421.275 -0.426
421.064 -0.427
420.855 -0.428
420.648 -0.429
420.441 -0.43
420.233 -0.431
420.027 -0.432
419.824 -0.433
419.622 -0.434
419.423 -0.435
419.225 -0.436
419.03 -0.437
418.837 -0.438
418.646 -0.439
418.457 -0.44
418.271 -0.441
418.086 -0.442
417.904 -0.443
417.724 -0.444
417.546 -0.445
417.371 -0.446
417.198 -0.447
417.028 -0.448
416.859 -0.449
416.694 -0.45
416.53 -0.451
416.369 -0.452
416.211 -0.453
416.055 -0.454
415.9 -0.455
415.745 -0.456
415.593 -0.457
415.444 -0.458
415.297 -0.459
415.149 -0.46
415.003 -0.461
414.857 -0.462
414.712 -0.463
414.566 -0.464
414.419 -0.465
414.275 -0.466
414.13 -0.467
413.983 -0.468
413.839 -0.469
413.695 -0.47
413.549 -0.471
413.403 -0.472
413.257 -0.473
413.111 -0.474
412.962 -0.475
412.814 -0.476
412.665 -0.477
412.518 -0.478
412.372 -0.479
412.228 -0.48
412.085 -0.481
411.945 -0.482
411.807 -0.483
411.671 -0.484
411.538 -0.485
411.407 -0.486
411.278 -0.487
411.152 -0.488
411.028 -0.489
410.907 -0.49
410.787 -0.491
410.669 -0.492
410.555 -0.493
410.442 -0.494
410.332 -0.495
410.225 -0.496
410.121 -0.497
410.018 -0.498
409.917 -0.499
409.819 -0.5
409.724 -0.501
409.629 -0.502
409.537 -0.503
409.446 -0.504
409.357 -0.505
409.271 -0.506
409.185 -0.507
409.101 -0.508
409.02 -0.509
408.94 -0.51
408.863 -0.511
408.786 -0.512
408.713 -0.513
408.641 -0.514
408.571 -0.515
408.504 -0.516
408.44 -0.517
408.379 -0.518
408.321 -0.519
408.266 -0.52
408.214 -0.521
408.165 -0.522
408.119 -0.523
408.075 -0.524
408.035 -0.525
407.998 -0.526
407.96 -0.527
407.924 -0.528
407.886 -0.529
407.849 -0.53
407.811 -0.531
407.772 -0.532
407.733 -0.533
407.692 -0.534
407.652 -0.535
407.615 -0.536
407.581 -0.537
407.55 -0.538
407.522 -0.539
407.498 -0.54
407.476 -0.541
407.458 -0.542
407.443 -0.543
407.432 -0.544
407.423 -0.545
407.418 -0.546
407.417 -0.547
407.418 -0.548
407.423 -0.549
407.432 -0.55
407.444 -0.551
407.459 -0.552
407.478 -0.553
407.5 -0.554
407.526 -0.555
407.556 -0.556
407.589 -0.557
407.626 -0.558
407.667 -0.559
407.711 -0.56
407.759 -0.561
407.811 -0.562
407.867 -0.563
407.926 -0.564
407.989 -0.565
408.056 -0.566
408.127 -0.567
408.202 -0.568
408.279 -0.569
408.36 -0.57
408.445 -0.571
408.534 -0.572
408.627 -0.573
408.724 -0.574
408.825 -0.575
408.93 -0.576
409.039 -0.577
409.151 -0.578
409.269 -0.579
409.39 -0.58
409.514 -0.581
409.642 -0.582
409.773 -0.583
409.909 -0.584
410.049 -0.585
410.193 -0.586
410.341 -0.587
410.494 -0.588
410.651 -0.589
410.812 -0.59
410.977 -0.591
411.147 -0.592
411.321 -0.593
411.499 -0.594
411.676 -0.595
411.851 -0.596
412.025 -0.597
412.192 -0.598
412.353 -0.599
412.515 -0.6
412.68 -0.601
412.85 -0.602
413.024 -0.603
413.203 -0.604
413.383 -0.605
413.568 -0.606
413.756 -0.607
413.947 -0.608
414.143 -0.609
414.344 -0.61
414.549 -0.611
414.758 -0.612
414.972 -0.613
415.19 -0.614
415.41 -0.615
415.63 -0.616
415.846 -0.617
416.066 -0.618
416.29 -0.619
416.518 -0.62
416.749 -0.621
416.982 -0.622
417.215 -0.623
417.448 -0.624
417.685 -0.625
417.926 -0.626
418.171 -0.627
418.42 -0.628
418.674 -0.629
418.932 -0.63
419.195 -0.631
419.462 -0.632
419.733 -0.633
420.009 -0.634
420.288 -0.635
420.572 -0.636
420.86 -0.637
421.152 -0.638
421.448 -0.639
421.75 -0.64
422.055 -0.641
422.362 -0.642
422.674 -0.643
422.988 -0.644
423.306 -0.645
423.629 -0.646
423.955 -0.647
424.286 -0.648
424.622 -0.649
424.961 -0.65
425.304 -0.651
425.652 -0.652
426.005 -0.653
426.363 -0.654
426.725 -0.655
427.091 -0.656
427.461 -0.657
427.836 -0.658
428.215 -0.659
428.598 -0.66
428.985 -0.661
429.373 -0.662
429.766 -0.663
430.163 -0.664
430.565 -0.665
430.972 -0.666
431.384 -0.667
431.802 -0.668
432.224 -0.669
432.65 -0.67
433.078 -0.671
433.506 -0.672
433.936 -0.673
434.369 -0.674
434.806 -0.675
435.248 -0.676
435.694 -0.677
436.145 -0.678
436.601 -0.679
437.063 -0.68
437.529 -0.681
438.001 -0.682
438.477 -0.683
438.958 -0.684
439.444 -0.685
439.935 -0.686
440.432 -0.687
440.933 -0.688
441.44 -0.689
441.952 -0.69
442.469 -0.691
442.991 -0.692
443.519 -0.693
444.052 -0.694
444.589 -0.695
445.131 -0.696
445.676 -0.697
446.224 -0.698
446.775 -0.699
447.329 -0.7
447.885 -0.701
448.444 -0.702
449.005 -0.703
449.569 -0.704
450.136 -0.705
450.707 -0.706
451.28 -0.707
451.859 -0.708
452.441 -0.709
453.029 -0.71
453.619 -0.711
454.215 -0.712
454.815 -0.713
455.42 -0.714
456.031 -0.715
456.647 -0.716
457.268 -0.717
457.895 -0.718
458.528 -0.719
459.166 -0.72
459.81 -0.721
460.459 -0.722
461.113 -0.723
461.771 -0.724
462.434 -0.725
463.102 -0.726
463.776 -0.727
464.456 -0.728
465.14 -0.729
465.831 -0.73
466.527 -0.731
467.228 -0.732
467.935 -0.733
468.647 -0.734
469.363 -0.735
470.085 -0.736
470.811 -0.737
471.541 -0.738
472.276 -0.739
473.016 -0.74
473.761 -0.741
474.511 -0.742
475.267 -0.743
476.028 -0.744
476.795 -0.745
477.568 -0.746
478.346 -0.747
479.128 -0.748
479.913 -0.749
480.702 -0.75
481.495 -0.751
482.291 -0.752
483.091 -0.753
483.895 -0.754
484.702 -0.755
485.514 -0.756
486.332 -0.757
487.154 -0.758
487.98 -0.759
488.81 -0.76
489.645 -0.761
490.485 -0.762
491.33 -0.763
492.18 -0.764
493.035 -0.765
493.896 -0.766
494.762 -0.767
495.634 -0.768
496.511 -0.769
497.394 -0.77
498.281 -0.771
499.174 -0.772
500.07 -0.773
500.972 -0.774
501.877 -0.775
502.787 -0.776
503.7 -0.777
504.618 -0.778
505.539 -0.779
506.463 -0.78
507.393 -0.781
508.327 -0.782
509.266 -0.783
510.211 -0.784
511.162 -0.785
512.117 -0.786
513.079 -0.787
514.045 -0.788
515.017 -0.789
515.994 -0.79
516.976 -0.791
517.963 -0.792
518.954 -0.793
519.949 -0.794
520.95 -0.795
521.956 -0.796
522.966 -0.797
523.981 -0.798
525.001 -0.799
526.027 -0.8
527.057 -0.801
528.093 -0.802
529.134 -0.803
530.179 -0.804
531.229 -0.805
532.283 -0.806
533.342 -0.807
534.405 -0.808
535.472 -0.809
536.545 -0.81
537.622 -0.811
538.704 -0.812
539.792 -0.813
540.883 -0.814
541.98 -0.815
543.08 -0.816
544.185 -0.817
545.294 -0.818
546.408 -0.819
547.527 -0.82
548.649 -0.821
549.776 -0.822
550.907 -0.823
552.044 -0.824
553.185 -0.825
554.332 -0.826
555.483 -0.827
556.639 -0.828
557.8 -0.829
558.965 -0.83
560.133 -0.831
561.306 -0.832
562.482 -0.833
563.661 -0.834
564.845 -0.835
566.032 -0.836
567.223 -0.837
568.42 -0.838
569.621 -0.839
570.826 -0.84
572.035 -0.841
573.247 -0.842
574.463 -0.843
575.683 -0.844
576.906 -0.845
578.134 -0.846
579.365 -0.847
580.599 -0.848
581.837 -0.849
583.079 -0.85
584.325 -0.851
585.576 -0.852
586.831 -0.853
588.088 -0.854
589.351 -0.855
590.616 -0.856
591.885 -0.857
593.158 -0.858
594.433 -0.859
595.712 -0.86
596.994 -0.861
598.281 -0.862
599.572 -0.863
600.867 -0.864
602.168 -0.865
603.473 -0.866
604.781 -0.867
606.092 -0.868
607.408 -0.869
608.727 -0.87
610.05 -0.871
611.377 -0.872
612.709 -0.873
614.045 -0.874
615.387 -0.875
616.734 -0.876
618.085 -0.877
619.442 -0.878
620.804 -0.879
622.172 -0.88
623.544 -0.881
624.917 -0.882
626.297 -0.883
627.682 -0.884
629.069 -0.885
630.462 -0.886
631.859 -0.887
633.258 -0.888
634.663 -0.889
636.07 -0.89
637.482 -0.891
638.9 -0.892
640.323 -0.893
641.751 -0.894
643.186 -0.895
644.626 -0.896
646.072 -0.897
647.524 -0.898
648.981 -0.899
650.444 -0.9
651.91 -0.901
653.377 -0.902
654.838 -0.903
656.298 -0.904
657.757 -0.905
659.222 -0.906
660.683 -0.907
662.148 -0.908
663.613 -0.909
665.075 -0.91
666.543 -0.911
668.011 -0.912
669.484 -0.913
670.962 -0.914
672.446 -0.915
673.936 -0.916
675.43 -0.917
676.931 -0.918
678.438 -0.919
679.951 -0.92
681.469 -0.921
682.993 -0.922
684.522 -0.923
686.057 -0.924
687.597 -0.925
689.142 -0.926
690.693 -0.927
692.249 -0.928
693.807 -0.929
695.372 -0.93
696.942 -0.931
698.518 -0.932
700.097 -0.933
701.681 -0.934
703.269 -0.935
704.862 -0.936
706.459 -0.937
708.06 -0.938
709.665 -0.939
711.273 -0.94
712.885 -0.941
714.501 -0.942
716.121 -0.943
717.742 -0.944
719.362 -0.945
720.983 -0.946
722.608 -0.947
724.236 -0.948
725.867 -0.949
727.5 -0.95
729.136 -0.951
730.777 -0.952
732.42 -0.953
734.067 -0.954
735.717 -0.955
737.371 -0.956
739.029 -0.957
740.689 -0.958
742.353 -0.959
744.02 -0.96
745.693 -0.961
747.367 -0.962
749.044 -0.963
750.725 -0.964
752.41 -0.965
754.101 -0.966
755.797 -0.967
757.498 -0.968
759.205 -0.969
760.915 -0.97
762.63 -0.971
764.351 -0.972
766.078 -0.973
767.81 -0.974
769.548 -0.975
771.292 -0.976
773.042 -0.977
774.798 -0.978
776.56 -0.979
778.328 -0.98
780.102 -0.981
781.882 -0.982
783.667 -0.983
785.459 -0.984
787.257 -0.985
789.061 -0.986
790.871 -0.987
792.688 -0.988
794.511 -0.989
796.34 -0.99
798.176 -0.991
800.017 -0.992
801.865 -0.993
803.718 -0.994
805.577 -0.995
807.441 -0.996
809.312 -0.997
811.189 -0.998
813.072 -0.999
814.961 -1
816.857 -1.001
818.759 -1.002
820.667 -1.003
822.581 -1.004
824.501 -1.005
826.428 -1.006
828.361 -1.007
830.3 -1.008
832.246 -1.009
834.198 -1.01
836.157 -1.011
838.121 -1.012
840.092 -1.013
842.069 -1.014
844.053 -1.015
846.043 -1.016
848.039 -1.017
850.043 -1.018
852.052 -1.019
854.068 -1.02
856.09 -1.021
858.117 -1.022
860.151 -1.023
862.191 -1.024
864.237 -1.025
866.289 -1.026
868.332 -1.027
870.364 -1.028
872.378 -1.029
874.362 -1.03
876.296 -1.031
878.222 -1.032
880.121 -1.033
881.96 -1.034
883.772 -1.035
885.59 -1.036
887.413 -1.037
889.242 -1.038
891.075 -1.039
892.914 -1.04
894.757 -1.041
896.605 -1.042
898.457 -1.043
900.312 -1.044
902.172 -1.045
904.037 -1.046
905.906 -1.047
907.781 -1.048
909.661 -1.049
911.545 -1.05
913.434 -1.051
915.329 -1.052
917.229 -1.053
919.131 -1.054
921.039 -1.055
922.952 -1.056
924.87 -1.057
926.794 -1.058
928.723 -1.059
930.657 -1.06
932.59 -1.061
934.527 -1.062
936.47 -1.063
938.418 -1.064
940.371 -1.065
942.329 -1.066
944.288 -1.067
946.245 -1.068
948.207 -1.069
950.175 -1.07
952.149 -1.071
954.128 -1.072
956.113 -1.073
958.102 -1.074
960.091 -1.075
962.086 -1.076
964.087 -1.077
966.094 -1.078
968.106 -1.079
970.124 -1.08
972.148 -1.081
974.177 -1.082
976.213 -1.083
978.254 -1.084
980.301 -1.085
982.353 -1.086
984.399 -1.087
986.428 -1.088
988.435 -1.089
990.428 -1.09
992.385 -1.091
994.306 -1.092
996.212 -1.093
998.124 -1.094
1000.04 -1.095
1001.96 -1.096
1003.88 -1.097
1005.81 -1.098
1007.75 -1.099
1009.69 -1.1
1011.63 -1.101
1013.58 -1.102
1015.54 -1.103
1017.5 -1.104
1019.46 -1.105
1021.43 -1.106
1023.4 -1.107
1025.38 -1.108
1027.36 -1.109
1029.34 -1.11
1031.31 -1.111
1033.25 -1.112
1035.14 -1.113
1037.04 -1.114
1038.95 -1.115
1040.86 -1.116
1042.76 -1.117
1044.65 -1.118
1046.54 -1.119
1048.4 -1.12
1050.22 -1.121
1052.01 -1.122
1053.77 -1.123
1055.53 -1.124
1057.3 -1.125
1059.06 -1.126
1060.78 -1.127
1062.47 -1.128
1064.05 -1.129
1065.37 -1.13
1066.68 -1.131
1068.01 -1.132
1069.33 -1.133
1070.65 -1.134
1071.97 -1.135
1073.24 -1.136
1074.46 -1.137
1075.65 -1.138
1076.75 -1.139
1077.72 -1.14
1078.69 -1.141
1079.66 -1.142
1080.63 -1.143
1081.6 -1.144
1082.56 -1.145
1083.53 -1.146
1084.49 -1.147
1085.46 -1.148
1086.42 -1.149
1087.39 -1.15
1088.35 -1.151
1089.32 -1.152
1090.28 -1.153
1091.25 -1.154
1092.21 -1.155
1093.17 -1.156
1094.14 -1.157
1095.1 -1.158
1096.07 -1.159
1097.03 -1.16
1098 -1.161
1098.96 -1.162
1099.93 -1.163
1100.89 -1.164
1101.86 -1.165
1102.82 -1.166
1103.79 -1.167
1104.75 -1.168
1105.72 -1.169
1106.68 -1.17
1107.65 -1.171
1108.61 -1.172
1109.57 -1.173
1110.54 -1.174
1111.5 -1.175
1112.47 -1.176
1113.43 -1.177
1114.4 -1.178
1115.36 -1.179
1116.33 -1.18
1117.29 -1.181
1118.26 -1.182
1119.22 -1.183
1120.19 -1.184
1121.15 -1.185
1122.12 -1.186
1123.08 -1.187
1124.05 -1.188
1125.02 -1.189
1125.98 -1.19
1126.95 -1.191
1127.91 -1.192
1128.88 -1.193
1129.84 -1.194
1130.81 -1.195
1131.78 -1.196
1132.74 -1.197
1133.71 -1.198
1134.68 -1.199
1135.64 -1.2
