5.97525 -0.001
11.9441 -0.002
17.9062 -0.003
23.8617 -0.004
29.8104 -0.005
35.7524 -0.006
41.6876 -0.007
47.6159 -0.008
53.5374 -0.009
59.4521 -0.01
65.3598 -0.011
71.2605 -0.012
77.1542 -0.013
83.0408 -0.014
88.9204 -0.015
94.7928 -0.016
100.658 -0.017
106.516 -0.018
112.367 -0.019
118.21 -0.02
124.047 -0.021
129.875 -0.022
135.697 -0.023
141.511 -0.024
147.317 -0.025
153.116 -0.026
158.907 -0.027
164.69 -0.028
170.466 -0.029
176.234 -0.03
181.994 -0.031
187.747 -0.032
193.491 -0.033
199.227 -0.034
204.956 -0.035
210.676 -0.036
216.388 -0.037
222.092 -0.038
227.788 -0.039
233.476 -0.04
239.155 -0.041
244.826 -0.042
250.488 -0.043
256.142 -0.044
261.787 -0.045
267.423 -0.046
273.051 -0.047
278.67 -0.048
284.28 -0.049
289.881 -0.05
295.473 -0.051
301.056 -0.052
306.63 -0.053
312.195 -0.054
317.75 -0.055
323.296 -0.056
328.833 -0.057
334.36 -0.058
339.877 -0.059
345.385 -0.06
350.883 -0.061
356.371 -0.062
361.85 -0.063
367.318 -0.064
372.776 -0.065
378.224 -0.066
383.661 -0.067
389.073 -0.068
394.41 -0.069
399.608 -0.07
404.622 -0.071
409.505 -0.072
414.044 -0.073
418.468 -0.074
422.412 -0.075
425.923 -0.076
429.178 -0.077
432.33 -0.078
435.314 -0.079
438.173 -0.08
440.615 -0.081
442.987 -0.082
445.001 -0.083
446.625 -0.084
447.881 -0.085
449.021 -0.086
449.958 -0.087
450.87 -0.088
451.666 -0.089
452.407 -0.09
453.138 -0.091
453.846 -0.092
454.392 -0.093
454.899 -0.094
455.268 -0.095
455.57 -0.096
455.865 -0.097
456.154 -0.098
456.435 -0.099
456.71 -0.1
456.976 -0.101
457.235 -0.102
457.486 -0.103
457.728 -0.104
457.963 -0.105
458.191 -0.106
458.411 -0.107
458.624 -0.108
458.832 -0.109
459.034 -0.11
459.23 -0.111
459.419 -0.112
459.6 -0.113
459.777 -0.114
459.947 -0.115
460.113 -0.116
460.276 -0.117
460.434 -0.118
460.59 -0.119
460.742 -0.12
460.891 -0.121
461.038 -0.122
461.18 -0.123
461.321 -0.124
461.459 -0.125
461.595 -0.126
461.728 -0.127
461.859 -0.128
461.988 -0.129
462.114 -0.13
462.238 -0.131
462.359 -0.132
462.479 -0.133
462.596 -0.134
462.712 -0.135
462.825 -0.136
462.937 -0.137
463.046 -0.138
463.154 -0.139
463.261 -0.14
463.366 -0.141
463.468 -0.142
463.57 -0.143
463.67 -0.144
463.769 -0.145
463.867 -0.146
463.962 -0.147
464.056 -0.148
464.149 -0.149
464.241 -0.15
464.332 -0.151
464.421 -0.152
464.509 -0.153
464.596 -0.154
464.681 -0.155
464.765 -0.156
464.849 -0.157
464.931 -0.158
465.012 -0.159
465.092 -0.16
465.172 -0.161
465.25 -0.162
465.329 -0.163
465.406 -0.164
465.483 -0.165
465.558 -0.166
465.633 -0.167
465.707 -0.168
465.78 -0.169
465.853 -0.17
465.925 -0.171
465.996 -0.172
466.067 -0.173
466.137 -0.174
466.206 -0.175
466.276 -0.176
466.344 -0.177
466.412 -0.178
466.479 -0.179
466.546 -0.18
466.613 -0.181
466.679 -0.182
466.744 -0.183
466.81 -0.184
466.875 -0.185
466.939 -0.186
467.001 -0.187
467.064 -0.188
467.126 -0.189
467.188 -0.19
467.249 -0.191
467.309 -0.192
467.37 -0.193
467.43 -0.194
467.489 -0.195
467.548 -0.196
467.606 -0.197
467.665 -0.198
467.722 -0.199
467.779 -0.2
467.836 -0.201
467.891 -0.202
467.947 -0.203
468.002 -0.204
468.056 -0.205
468.109 -0.206
468.163 -0.207
468.216 -0.208
468.268 -0.209
468.32 -0.21
468.371 -0.211
468.422 -0.212
468.473 -0.213
468.524 -0.214
468.574 -0.215
468.624 -0.216
468.674 -0.217
468.723 -0.218
468.773 -0.219
468.822 -0.22
468.871 -0.221
468.919 -0.222
468.967 -0.223
469.015 -0.224
469.064 -0.225
469.111 -0.226
469.159 -0.227
469.206 -0.228
469.253 -0.229
469.299 -0.23
469.345 -0.231
469.392 -0.232
469.438 -0.233
469.484 -0.234
469.53 -0.235
469.576 -0.236
469.622 -0.237
469.668 -0.238
469.713 -0.239
469.759 -0.24
469.804 -0.241
469.849 -0.242
469.894 -0.243
469.939 -0.244
469.984 -0.245
470.028 -0.246
470.073 -0.247
470.118 -0.248
470.162 -0.249
470.206 -0.25
470.25 -0.251
470.295 -0.252
470.339 -0.253
470.383 -0.254
470.426 -0.255
470.47 -0.256
470.514 -0.257
470.557 -0.258
470.6 -0.259
470.644 -0.26
470.687 -0.261
470.73 -0.262
470.773 -0.263
470.816 -0.264
470.859 -0.265
470.902 -0.266
470.945 -0.267
470.988 -0.268
471.03 -0.269
471.073 -0.27
471.116 -0.271
471.158 -0.272
471.2 -0.273
471.242 -0.274
471.285 -0.275
471.327 -0.276
471.369 -0.277
471.411 -0.278
471.453 -0.279
471.494 -0.28
471.536 -0.281
471.578 -0.282
471.619 -0.283
471.661 -0.284
471.702 -0.285
471.744 -0.286
471.785 -0.287
471.826 -0.288
471.867 -0.289
471.908 -0.29
471.95 -0.291
471.991 -0.292
472.032 -0.293
472.073 -0.294
472.113 -0.295
472.154 -0.296
472.195 -0.297
472.236 -0.298
472.276 -0.299
472.317 -0.3
472.357 -0.301
472.397 -0.302
472.438 -0.303
472.478 -0.304
472.518 -0.305
472.558 -0.306
472.598 -0.307
472.638 -0.308
472.678 -0.309
472.718 -0.31
472.758 -0.311
472.798 -0.312
472.838 -0.313
472.878 -0.314
472.918 -0.315
472.958 -0.316
472.997 -0.317
473.037 -0.318
473.077 -0.319
473.116 -0.32
473.155 -0.321
473.195 -0.322
473.234 -0.323
473.273 -0.324
473.313 -0.325
473.352 -0.326
473.391 -0.327
473.43 -0.328
473.47 -0.329
473.509 -0.33
473.548 -0.331
473.587 -0.332
473.626 -0.333
473.665 -0.334
473.704 -0.335
473.743 -0.336
473.782 -0.337
473.821 -0.338
473.86 -0.339
473.899 -0.34
473.938 -0.341
473.977 -0.342
474.016 -0.343
474.054 -0.344
474.093 -0.345
474.132 -0.346
474.171 -0.347
474.209 -0.348
474.248 -0.349
474.286 -0.35
474.325 -0.351
474.364 -0.352
474.402 -0.353
474.441 -0.354
474.479 -0.355
474.518 -0.356
474.556 -0.357
474.595 -0.358
474.633 -0.359
474.672 -0.36
474.71 -0.361
474.749 -0.362
474.787 -0.363
474.825 -0.364
474.864 -0.365
474.902 -0.366
474.94 -0.367
474.978 -0.368
475.017 -0.369
475.055 -0.37
475.093 -0.371
475.131 -0.372
475.169 -0.373
475.208 -0.374
475.246 -0.375
475.284 -0.376
475.322 -0.377
475.36 -0.378
475.398 -0.379
475.436 -0.38
475.474 -0.381
475.512 -0.382
475.55 -0.383
475.588 -0.384
475.626 -0.385
475.664 -0.386
475.702 -0.387
475.74 -0.388
475.778 -0.389
475.816 -0.39
475.854 -0.391
475.892 -0.392
475.929 -0.393
475.967 -0.394
476.005 -0.395
476.043 -0.396
476.081 -0.397
476.119 -0.398
476.157 -0.399
476.195 -0.4
476.233 -0.401
476.271 -0.402
476.309 -0.403
476.347 -0.404
476.385 -0.405
476.423 -0.406
476.461 -0.407
476.499 -0.408
476.537 -0.409
476.575 -0.41
476.613 -0.411
476.651 -0.412
476.688 -0.413
476.726 -0.414
476.764 -0.415
476.802 -0.416
476.841 -0.417
476.879 -0.418
476.917 -0.419
476.955 -0.42
476.993 -0.421
477.031 -0.422
477.069 -0.423
477.107 -0.424
477.145 -0.425
477.184 -0.426
477.222 -0.427
477.26 -0.428
477.298 -0.429
477.337 -0.43
477.375 -0.431
477.413 -0.432
477.452 -0.433
477.49 -0.434
477.528 -0.435
477.566 -0.436
477.605 -0.437
477.643 -0.438
477.681 -0.439
477.72 -0.44
477.758 -0.441
477.796 -0.442
477.835 -0.443
477.873 -0.444
477.912 -0.445
477.95 -0.446
477.989 -0.447
478.027 -0.448
478.066 -0.449
478.104 -0.45
478.143 -0.451
478.181 -0.452
478.22 -0.453
478.259 -0.454
478.298 -0.455
478.336 -0.456
478.375 -0.457
478.414 -0.458
478.453 -0.459
478.491 -0.46
478.53 -0.461
478.569 -0.462
478.608 -0.463
478.647 -0.464
478.686 -0.465
478.725 -0.466
478.764 -0.467
478.803 -0.468
478.843 -0.469
478.882 -0.47
478.921 -0.471
478.96 -0.472
478.999 -0.473
479.038 -0.474
479.078 -0.475
479.117 -0.476
479.156 -0.477
479.196 -0.478
479.235 -0.479
479.274 -0.48
479.314 -0.481
479.353 -0.482
479.393 -0.483
479.433 -0.484
479.472 -0.485
479.512 -0.486
479.552 -0.487
479.592 -0.488
479.631 -0.489
479.671 -0.49
479.711 -0.491
479.751 -0.492
479.791 -0.493
479.831 -0.494
479.871 -0.495
479.911 -0.496
479.951 -0.497
479.992 -0.498
480.032 -0.499
480.072 -0.5
480.112 -0.501
480.153 -0.502
480.193 -0.503
480.234 -0.504
480.274 -0.505
480.315 -0.506
480.355 -0.507
480.396 -0.508
480.437 -0.509
480.478 -0.51
480.518 -0.511
480.559 -0.512
480.6 -0.513
480.641 -0.514
480.682 -0.515
480.723 -0.516
480.765 -0.517
480.806 -0.518
480.847 -0.519
480.888 -0.52
480.93 -0.521
480.971 -0.522
481.012 -0.523
481.054 -0.524
481.095 -0.525
481.137 -0.526
481.179 -0.527
481.22 -0.528
481.262 -0.529
481.304 -0.53
481.346 -0.531
481.388 -0.532
481.43 -0.533
481.472 -0.534
481.514 -0.535
481.556 -0.536
481.599 -0.537
481.641 -0.538
481.683 -0.539
481.726 -0.54
481.768 -0.541
481.811 -0.542
481.853 -0.543
481.896 -0.544
481.939 -0.545
481.982 -0.546
482.024 -0.547
482.067 -0.548
482.11 -0.549
482.153 -0.55
482.196 -0.551
482.24 -0.552
482.283 -0.553
482.326 -0.554
482.37 -0.555
482.413 -0.556
482.457 -0.557
482.5 -0.558
482.544 -0.559
482.587 -0.56
482.631 -0.561
482.675 -0.562
482.719 -0.563
482.763 -0.564
482.807 -0.565
482.851 -0.566
482.896 -0.567
482.94 -0.568
482.984 -0.569
483.029 -0.57
483.073 -0.571
483.118 -0.572
483.162 -0.573
483.207 -0.574
483.252 -0.575
483.297 -0.576
483.342 -0.577
483.387 -0.578
483.432 -0.579
483.477 -0.58
483.523 -0.581
483.568 -0.582
483.613 -0.583
483.659 -0.584
483.705 -0.585
483.75 -0.586
483.796 -0.587
483.842 -0.588
483.888 -0.589
483.934 -0.59
483.98 -0.591
484.026 -0.592
484.073 -0.593
484.119 -0.594
484.165 -0.595
484.212 -0.596
484.259 -0.597
484.305 -0.598
484.352 -0.599
484.399 -0.6
484.446 -0.601
484.493 -0.602
484.54 -0.603
484.588 -0.604
484.635 -0.605
484.682 -0.606
484.73 -0.607
484.778 -0.608
484.825 -0.609
484.873 -0.61
484.921 -0.611
484.969 -0.612
485.017 -0.613
485.065 -0.614
485.113 -0.615
485.162 -0.616
485.21 -0.617
485.259 -0.618
485.307 -0.619
485.356 -0.62
485.405 -0.621
485.454 -0.622
485.503 -0.623
485.552 -0.624
485.601 -0.625
485.651 -0.626
485.7 -0.627
485.75 -0.628
485.799 -0.629
485.849 -0.63
485.899 -0.631
485.949 -0.632
485.999 -0.633
486.049 -0.634
486.099 -0.635
486.15 -0.636
486.2 -0.637
486.251 -0.638
486.301 -0.639
486.352 -0.64
486.403 -0.641
486.454 -0.642
486.505 -0.643
486.556 -0.644
486.608 -0.645
486.659 -0.646
486.711 -0.647
486.762 -0.648
486.814 -0.649
486.866 -0.65
486.918 -0.651
486.97 -0.652
487.022 -0.653
487.075 -0.654
487.127 -0.655
487.18 -0.656
487.232 -0.657
487.285 -0.658
487.338 -0.659
487.391 -0.66
487.444 -0.661
487.497 -0.662
487.551 -0.663
487.604 -0.664
487.658 -0.665
487.711 -0.666
487.765 -0.667
487.819 -0.668
487.873 -0.669
487.927 -0.67
487.982 -0.671
488.036 -0.672
488.091 -0.673
488.145 -0.674
488.2 -0.675
488.255 -0.676
488.31 -0.677
488.365 -0.678
488.42 -0.679
488.475 -0.68
488.531 -0.681
488.586 -0.682
488.642 -0.683
488.698 -0.684
488.754 -0.685
488.81 -0.686
488.866 -0.687
488.922 -0.688
488.979 -0.689
489.035 -0.69
489.092 -0.691
489.149 -0.692
489.206 -0.693
489.263 -0.694
489.32 -0.695
489.378 -0.696
489.435 -0.697
489.493 -0.698
489.55 -0.699
489.608 -0.7
489.666 -0.701
489.724 -0.702
489.783 -0.703
489.841 -0.704
489.9 -0.705
489.958 -0.706
490.017 -0.707
490.076 -0.708
490.135 -0.709
490.194 -0.71
490.253 -0.711
490.313 -0.712
490.372 -0.713
490.432 -0.714
490.492 -0.715
490.552 -0.716
490.612 -0.717
490.672 -0.718
490.733 -0.719
490.793 -0.72
490.854 -0.721
490.915 -0.722
490.976 -0.723
491.037 -0.724
491.098 -0.725
491.159 -0.726
491.221 -0.727
491.283 -0.728
491.344 -0.729
491.406 -0.73
491.468 -0.731
491.531 -0.732
491.593 -0.733
491.656 -0.734
491.718 -0.735
491.781 -0.736
491.844 -0.737
491.907 -0.738
491.97 -0.739
492.034 -0.74
492.097 -0.741
492.161 -0.742
492.225 -0.743
492.289 -0.744
492.353 -0.745
492.417 -0.746
492.481 -0.747
492.546 -0.748
492.611 -0.749
492.676 -0.75
492.741 -0.751
492.806 -0.752
492.871 -0.753
492.937 -0.754
493.002 -0.755
493.068 -0.756
493.134 -0.757
493.2 -0.758
493.266 -0.759
493.333 -0.76
493.399 -0.761
493.466 -0.762
493.533 -0.763
493.6 -0.764
493.667 -0.765
493.734 -0.766
493.802 -0.767
493.869 -0.768
493.937 -0.769
494.005 -0.77
494.073 -0.771
494.142 -0.772
494.21 -0.773
494.279 -0.774
494.347 -0.775
494.416 -0.776
494.485 -0.777
494.555 -0.778
494.624 -0.779
494.694 -0.78
494.763 -0.781
494.833 -0.782
494.903 -0.783
494.973 -0.784
495.044 -0.785
495.114 -0.786
495.185 -0.787
495.256 -0.788
495.327 -0.789
495.398 -0.79
495.469 -0.791
495.541 -0.792
495.612 -0.793
495.684 -0.794
495.756 -0.795
495.828 -0.796
495.901 -0.797
495.973 -0.798
496.046 -0.799
496.119 -0.8
496.192 -0.801
496.265 -0.802
496.338 -0.803
496.412 -0.804
496.485 -0.805
496.559 -0.806
496.633 -0.807
496.707 -0.808
496.781 -0.809
496.856 -0.81
496.93 -0.811
497.005 -0.812
497.08 -0.813
497.155 -0.814
497.23 -0.815
497.306 -0.816
497.381 -0.817
497.457 -0.818
497.533 -0.819
497.609 -0.82
497.686 -0.821
497.762 -0.822
497.839 -0.823
497.916 -0.824
497.993 -0.825
498.07 -0.826
498.148 -0.827
498.225 -0.828
498.303 -0.829
498.381 -0.83
498.459 -0.831
498.538 -0.832
498.616 -0.833
498.695 -0.834
498.774 -0.835
498.853 -0.836
498.932 -0.837
499.012 -0.838
499.092 -0.839
499.171 -0.84
499.251 -0.841
499.332 -0.842
499.412 -0.843
499.493 -0.844
499.573 -0.845
499.654 -0.846
499.736 -0.847
499.817 -0.848
499.898 -0.849
499.98 -0.85
500.062 -0.851
500.144 -0.852
500.226 -0.853
500.309 -0.854
500.392 -0.855
500.474 -0.856
500.558 -0.857
500.641 -0.858
500.724 -0.859
500.808 -0.86
500.892 -0.861
500.976 -0.862
501.06 -0.863
501.144 -0.864
501.229 -0.865
501.313 -0.866
501.398 -0.867
501.483 -0.868
501.568 -0.869
501.654 -0.87
501.739 -0.871
501.825 -0.872
501.911 -0.873
501.997 -0.874
502.084 -0.875
502.17 -0.876
502.257 -0.877
502.344 -0.878
502.431 -0.879
502.518 -0.88
502.606 -0.881
502.694 -0.882
502.782 -0.883
502.87 -0.884
502.958 -0.885
503.047 -0.886
503.136 -0.887
503.225 -0.888
503.314 -0.889
503.403 -0.89
503.493 -0.891
503.583 -0.892
503.673 -0.893
503.763 -0.894
503.854 -0.895
503.944 -0.896
504.035 -0.897
504.126 -0.898
504.218 -0.899
504.309 -0.9
504.401 -0.901
504.493 -0.902
504.585 -0.903
504.677 -0.904
504.77 -0.905
504.863 -0.906
504.956 -0.907
505.049 -0.908
505.142 -0.909
505.236 -0.91
505.33 -0.911
505.424 -0.912
505.518 -0.913
505.613 -0.914
505.707 -0.915
505.802 -0.916
505.897 -0.917
505.993 -0.918
506.088 -0.919
506.184 -0.92
506.28 -0.921
506.376 -0.922
506.472 -0.923
506.569 -0.924
506.666 -0.925
506.763 -0.926
506.86 -0.927
506.958 -0.928
507.055 -0.929
507.153 -0.93
507.251 -0.931
507.35 -0.932
507.448 -0.933
507.547 -0.934
507.646 -0.935
507.746 -0.936
507.845 -0.937
507.945 -0.938
508.045 -0.939
508.145 -0.94
508.245 -0.941
508.346 -0.942
508.447 -0.943
508.548 -0.944
508.649 -0.945
508.75 -0.946
508.852 -0.947
508.954 -0.948
509.056 -0.949
509.159 -0.95
509.261 -0.951
509.364 -0.952
509.467 -0.953
509.571 -0.954
509.674 -0.955
509.778 -0.956
509.882 -0.957
509.986 -0.958
510.091 -0.959
510.196 -0.96
510.301 -0.961
510.406 -0.962
510.511 -0.963
510.617 -0.964
510.722 -0.965
510.829 -0.966
510.935 -0.967
511.041 -0.968
511.148 -0.969
511.255 -0.97
511.363 -0.971
511.47 -0.972
511.578 -0.973
511.686 -0.974
511.794 -0.975
511.903 -0.976
512.011 -0.977
512.12 -0.978
512.229 -0.979
512.339 -0.98
512.449 -0.981
512.559 -0.982
512.669 -0.983
512.779 -0.984
512.89 -0.985
513.001 -0.986
513.112 -0.987
513.223 -0.988
513.335 -0.989
513.447 -0.99
513.559 -0.991
513.671 -0.992
513.784 -0.993
513.897 -0.994
514.01 -0.995
514.123 -0.996
514.236 -0.997
514.35 -0.998
514.464 -0.999
514.578 -1
514.693 -1.001
514.807 -1.002
514.922 -1.003
515.037 -1.004
515.153 -1.005
515.268 -1.006
515.384 -1.007
515.5 -1.008
515.616 -1.009
515.733 -1.01
515.85 -1.011
515.967 -1.012
516.084 -1.013
516.202 -1.014
516.32 -1.015
516.438 -1.016
516.556 -1.017
516.675 -1.018
516.794 -1.019
516.913 -1.02
517.032 -1.021
517.152 -1.022
517.272 -1.023
517.392 -1.024
517.512 -1.025
517.633 -1.026
517.754 -1.027
517.875 -1.028
517.996 -1.029
518.118 -1.03
518.24 -1.031
518.362 -1.032
518.484 -1.033
518.607 -1.034
518.729 -1.035
518.853 -1.036
518.976 -1.037
519.099 -1.038
519.223 -1.039
519.347 -1.04
519.472 -1.041
519.596 -1.042
519.721 -1.043
519.846 -1.044
519.972 -1.045
520.097 -1.046
520.223 -1.047
520.35 -1.048
520.476 -1.049
520.603 -1.05
520.73 -1.051
520.857 -1.052
520.985 -1.053
521.113 -1.054
521.241 -1.055
521.369 -1.056
521.498 -1.057
521.627 -1.058
521.756 -1.059
521.886 -1.06
522.015 -1.061
522.145 -1.062
522.276 -1.063
522.406 -1.064
522.537 -1.065
522.668 -1.066
522.8 -1.067
522.931 -1.068
523.063 -1.069
523.195 -1.07
523.328 -1.071
523.461 -1.072
523.594 -1.073
523.727 -1.074
523.861 -1.075
523.995 -1.076
524.129 -1.077
524.263 -1.078
524.398 -1.079
524.533 -1.08
524.668 -1.081
524.804 -1.082
524.94 -1.083
525.076 -1.084
525.212 -1.085
525.349 -1.086
525.486 -1.087
525.623 -1.088
525.76 -1.089
525.898 -1.09
526.036 -1.091
526.174 -1.092
526.313 -1.093
526.452 -1.094
526.591 -1.095
526.731 -1.096
526.87 -1.097
527.011 -1.098
527.151 -1.099
527.292 -1.1
527.432 -1.101
527.573 -1.102
527.715 -1.103
527.856 -1.104
527.998 -1.105
528.141 -1.106
528.283 -1.107
528.426 -1.108
528.569 -1.109
528.712 -1.11
528.856 -1.111
529 -1.112
529.144 -1.113
529.289 -1.114
529.434 -1.115
529.579 -1.116
529.724 -1.117
529.87 -1.118
530.016 -1.119
530.163 -1.12
530.309 -1.121
530.456 -1.122
530.603 -1.123
530.751 -1.124
530.899 -1.125
531.047 -1.126
531.196 -1.127
531.344 -1.128
531.494 -1.129
531.643 -1.13
531.793 -1.131
531.943 -1.132
532.093 -1.133
532.244 -1.134
532.395 -1.135
532.546 -1.136
532.697 -1.137
532.849 -1.138
533.001 -1.139
533.154 -1.14
533.307 -1.141
533.46 -1.142
533.613 -1.143
533.767 -1.144
533.921 -1.145
534.075 -1.146
534.23 -1.147
534.385 -1.148
534.54 -1.149
534.696 -1.15
534.852 -1.151
535.008 -1.152
535.165 -1.153
535.322 -1.154
535.479 -1.155
535.636 -1.156
535.794 -1.157
535.952 -1.158
536.111 -1.159
536.27 -1.16
536.429 -1.161
536.588 -1.162
536.748 -1.163
536.908 -1.164
537.068 -1.165
537.229 -1.166
537.39 -1.167
537.552 -1.168
537.714 -1.169
537.876 -1.17
538.038 -1.171
538.201 -1.172
538.364 -1.173
538.527 -1.174
538.691 -1.175
538.855 -1.176
539.019 -1.177
539.184 -1.178
539.349 -1.179
539.514 -1.18
539.68 -1.181
539.846 -1.182
540.012 -1.183
540.179 -1.184
540.346 -1.185
540.513 -1.186
540.681 -1.187
540.849 -1.188
541.017 -1.189
541.185 -1.19
541.354 -1.191
541.524 -1.192
541.693 -1.193
541.863 -1.194
542.033 -1.195
542.204 -1.196
542.375 -1.197
542.546 -1.198
542.718 -1.199
542.89 -1.2
543.062 -1.201
543.235 -1.202
543.408 -1.203
543.581 -1.204
543.755 -1.205
543.929 -1.206
544.103 -1.207
544.278 -1.208
544.453 -1.209
544.629 -1.21
544.804 -1.211
544.98 -1.212
545.157 -1.213
545.333 -1.214
545.511 -1.215
545.688 -1.216
545.866 -1.217
546.044 -1.218
546.222 -1.219
546.401 -1.22
546.58 -1.221
546.76 -1.222
546.939 -1.223
547.12 -1.224
547.3 -1.225
547.481 -1.226
547.662 -1.227
547.844 -1.228
548.025 -1.229
548.208 -1.23
548.39 -1.231
548.573 -1.232
548.756 -1.233
548.94 -1.234
549.124 -1.235
549.308 -1.236
549.493 -1.237
549.678 -1.238
549.863 -1.239
550.049 -1.24
550.235 -1.241
550.422 -1.242
550.608 -1.243
550.796 -1.244
550.983 -1.245
551.171 -1.246
551.359 -1.247
551.548 -1.248
551.737 -1.249
551.926 -1.25
552.116 -1.251
552.306 -1.252
552.496 -1.253
552.687 -1.254
552.878 -1.255
553.07 -1.256
553.261 -1.257
553.454 -1.258
553.646 -1.259
553.839 -1.26
554.032 -1.261
554.226 -1.262
554.42 -1.263
554.615 -1.264
554.809 -1.265
555.005 -1.266
555.2 -1.267
555.396 -1.268
555.592 -1.269
555.789 -1.27
555.986 -1.271
556.183 -1.272
556.381 -1.273
556.579 -1.274
556.778 -1.275
556.976 -1.276
557.176 -1.277
557.375 -1.278
557.575 -1.279
557.775 -1.28
557.976 -1.281
558.177 -1.282
558.378 -1.283
558.58 -1.284
558.782 -1.285
558.985 -1.286
559.187 -1.287
559.391 -1.288
559.594 -1.289
559.798 -1.29
560.003 -1.291
560.207 -1.292
560.413 -1.293
560.618 -1.294
560.824 -1.295
561.03 -1.296
561.236 -1.297
561.443 -1.298
561.651 -1.299
561.858 -1.3
562.066 -1.301
562.275 -1.302
562.483 -1.303
562.693 -1.304
562.902 -1.305
563.112 -1.306
563.323 -1.307
563.533 -1.308
563.745 -1.309
563.956 -1.31
564.168 -1.311
564.381 -1.312
564.593 -1.313
564.807 -1.314
565.02 -1.315
565.234 -1.316
565.449 -1.317
565.663 -1.318
565.879 -1.319
566.094 -1.32
566.31 -1.321
566.526 -1.322
566.743 -1.323
566.96 -1.324
567.178 -1.325
567.396 -1.326
567.614 -1.327
567.833 -1.328
568.052 -1.329
568.272 -1.33
568.492 -1.331
568.712 -1.332
568.933 -1.333
569.154 -1.334
569.375 -1.335
569.597 -1.336
569.82 -1.337
570.042 -1.338
570.265 -1.339
570.489 -1.34
570.713 -1.341
570.937 -1.342
571.162 -1.343
571.387 -1.344
571.613 -1.345
571.839 -1.346
572.065 -1.347
572.292 -1.348
572.519 -1.349
572.746 -1.35
572.974 -1.351
573.203 -1.352
573.432 -1.353
573.661 -1.354
573.891 -1.355
574.121 -1.356
574.351 -1.357
574.582 -1.358
574.814 -1.359
575.045 -1.36
575.278 -1.361
575.51 -1.362
575.744 -1.363
575.977 -1.364
576.211 -1.365
576.445 -1.366
576.68 -1.367
576.916 -1.368
577.151 -1.369
577.387 -1.37
577.624 -1.371
577.861 -1.372
578.098 -1.373
578.336 -1.374
578.574 -1.375
578.813 -1.376
579.052 -1.377
579.292 -1.378
579.531 -1.379
579.772 -1.38
580.013 -1.381
580.254 -1.382
580.495 -1.383
580.737 -1.384
580.98 -1.385
581.223 -1.386
581.466 -1.387
581.71 -1.388
581.954 -1.389
582.199 -1.39
582.444 -1.391
582.689 -1.392
582.935 -1.393
583.181 -1.394
583.428 -1.395
583.675 -1.396
583.923 -1.397
584.171 -1.398
584.419 -1.399
584.668 -1.4
584.918 -1.401
585.168 -1.402
585.418 -1.403
585.669 -1.404
585.92 -1.405
586.172 -1.406
586.424 -1.407
586.677 -1.408
586.93 -1.409
587.183 -1.41
587.437 -1.411
587.692 -1.412
587.946 -1.413
588.202 -1.414
588.457 -1.415
588.713 -1.416
588.97 -1.417
589.227 -1.418
589.484 -1.419
589.742 -1.42
590 -1.421
590.259 -1.422
590.518 -1.423
590.778 -1.424
591.038 -1.425
591.298 -1.426
591.559 -1.427
591.82 -1.428
592.082 -1.429
592.344 -1.43
592.607 -1.431
592.87 -1.432
593.134 -1.433
593.398 -1.434
593.663 -1.435
593.928 -1.436
594.193 -1.437
594.459 -1.438
594.725 -1.439
594.992 -1.44
595.26 -1.441
595.527 -1.442
595.796 -1.443
596.064 -1.444
596.333 -1.445
596.603 -1.446
596.873 -1.447
597.143 -1.448
597.414 -1.449
597.686 -1.45
597.958 -1.451
598.23 -1.452
598.503 -1.453
598.776 -1.454
599.05 -1.455
599.324 -1.456
599.599 -1.457
599.874 -1.458
600.15 -1.459
600.426 -1.46
600.703 -1.461
600.98 -1.462
601.258 -1.463
601.536 -1.464
601.815 -1.465
602.094 -1.466
602.374 -1.467
602.654 -1.468
602.935 -1.469
603.216 -1.47
603.497 -1.471
603.779 -1.472
604.062 -1.473
604.345 -1.474
604.628 -1.475
604.912 -1.476
605.197 -1.477
605.482 -1.478
605.767 -1.479
606.053 -1.48
606.339 -1.481
606.626 -1.482
606.913 -1.483
607.201 -1.484
607.489 -1.485
607.778 -1.486
608.067 -1.487
608.356 -1.488
608.647 -1.489
608.937 -1.49
609.228 -1.491
609.52 -1.492
609.812 -1.493
610.105 -1.494
610.398 -1.495
610.692 -1.496
610.986 -1.497
611.281 -1.498
611.576 -1.499
611.871 -1.5
