17.3201 -0.001
34.6157 -0.002
51.8866 -0.003
69.1325 -0.004
86.3531 -0.005
103.548 -0.006
120.717 -0.007
137.86 -0.008
154.977 -0.009
172.067 -0.01
189.13 -0.011
206.166 -0.012
223.173 -0.013
240.153 -0.014
257.105 -0.015
274.027 -0.016
290.92 -0.017
307.784 -0.018
324.618 -0.019
341.422 -0.02
358.119 -0.021
373.613 -0.022
386.457 -0.023
398.55 -0.024
410.578 -0.025
422.367 -0.026
433.744 -0.027
444.556 -0.028
454.437 -0.029
464.18 -0.03
473.827 -0.031
483.421 -0.032
492.934 -0.033
502.408 -0.034
511.869 -0.035
521.315 -0.036
530.748 -0.037
540.167 -0.038
549.57 -0.039
558.893 -0.04
567.802 -0.041
575.822 -0.042
582.51 -0.043
587.028 -0.044
590.624 -0.045
594.129 -0.046
597.552 -0.047
600.825 -0.048
603.907 -0.049
606.681 -0.05
609.145 -0.051
611.218 -0.052
612.67 -0.053
613.507 -0.054
614.237 -0.055
614.937 -0.056
615.601 -0.057
616.223 -0.058
616.813 -0.059
617.364 -0.06
617.883 -0.061
618.374 -0.062
618.842 -0.063
619.296 -0.064
619.731 -0.065
620.155 -0.066
620.57 -0.067
620.976 -0.068
621.379 -0.069
621.776 -0.07
622.171 -0.071
622.562 -0.072
622.946 -0.073
623.326 -0.074
623.701 -0.075
624.069 -0.076
624.435 -0.077
624.792 -0.078
625.14 -0.079
625.485 -0.08
625.822 -0.081
626.153 -0.082
626.482 -0.083
626.802 -0.084
627.113 -0.085
627.422 -0.086
627.723 -0.087
628.013 -0.088
628.299 -0.089
628.582 -0.09
628.853 -0.091
629.121 -0.092
629.386 -0.093
629.647 -0.094
629.899 -0.095
630.148 -0.096
630.396 -0.097
630.642 -0.098
630.882 -0.099
631.12 -0.1
631.356 -0.101
631.59 -0.102
631.82 -0.103
632.046 -0.104
632.271 -0.105
632.495 -0.106
632.718 -0.107
632.939 -0.108
633.159 -0.109
633.377 -0.11
633.595 -0.111
633.812 -0.112
634.028 -0.113
634.244 -0.114
634.458 -0.115
634.669 -0.116
634.88 -0.117
635.09 -0.118
635.299 -0.119
635.507 -0.12
635.714 -0.121
635.921 -0.122
636.127 -0.123
636.331 -0.124
636.533 -0.125
636.734 -0.126
636.935 -0.127
637.135 -0.128
637.335 -0.129
637.534 -0.13
637.733 -0.131
637.931 -0.132
638.129 -0.133
638.327 -0.134
638.522 -0.135
638.716 -0.136
638.909 -0.137
639.102 -0.138
639.294 -0.139
639.485 -0.14
639.676 -0.141
639.866 -0.142
640.055 -0.143
640.244 -0.144
640.432 -0.145
640.618 -0.146
640.803 -0.147
640.987 -0.148
641.171 -0.149
641.355 -0.15
641.537 -0.151
641.718 -0.152
641.899 -0.153
642.08 -0.154
642.26 -0.155
642.44 -0.156
642.619 -0.157
642.797 -0.158
642.974 -0.159
643.15 -0.16
643.325 -0.161
643.5 -0.162
643.674 -0.163
643.847 -0.164
644.021 -0.165
644.194 -0.166
644.366 -0.167
644.539 -0.168
644.711 -0.169
644.883 -0.17
645.055 -0.171
645.226 -0.172
645.396 -0.173
645.566 -0.174
645.736 -0.175
645.904 -0.176
646.073 -0.177
646.24 -0.178
646.408 -0.179
646.575 -0.18
646.743 -0.181
646.91 -0.182
647.076 -0.183
647.242 -0.184
647.407 -0.185
647.573 -0.186
647.737 -0.187
647.901 -0.188
648.065 -0.189
648.229 -0.19
648.393 -0.191
648.557 -0.192
648.72 -0.193
648.882 -0.194
649.044 -0.195
649.206 -0.196
649.368 -0.197
649.53 -0.198
649.691 -0.199
649.852 -0.2
650.014 -0.201
650.174 -0.202
650.335 -0.203
650.495 -0.204
650.655 -0.205
650.815 -0.206
650.975 -0.207
651.134 -0.208
651.293 -0.209
651.451 -0.21
651.61 -0.211
651.768 -0.212
651.927 -0.213
652.085 -0.214
652.244 -0.215
652.401 -0.216
652.559 -0.217
652.716 -0.218
652.873 -0.219
653.03 -0.22
653.186 -0.221
653.342 -0.222
653.498 -0.223
653.654 -0.224
653.809 -0.225
653.963 -0.226
654.118 -0.227
654.272 -0.228
654.427 -0.229
654.581 -0.23
654.736 -0.231
654.89 -0.232
655.044 -0.233
655.198 -0.234
655.352 -0.235
655.505 -0.236
655.659 -0.237
655.812 -0.238
655.965 -0.239
656.118 -0.24
656.271 -0.241
656.424 -0.242
656.577 -0.243
656.73 -0.244
656.882 -0.245
657.034 -0.246
657.186 -0.247
657.337 -0.248
657.488 -0.249
657.639 -0.25
657.79 -0.251
657.94 -0.252
658.089 -0.253
658.239 -0.254
658.389 -0.255
658.538 -0.256
658.688 -0.257
658.838 -0.258
658.987 -0.259
659.136 -0.26
659.285 -0.261
659.434 -0.262
659.583 -0.263
659.731 -0.264
659.88 -0.265
660.028 -0.266
660.177 -0.267
660.325 -0.268
660.474 -0.269
660.622 -0.27
660.771 -0.271
660.919 -0.272
661.067 -0.273
661.216 -0.274
661.364 -0.275
661.511 -0.276
661.658 -0.277
661.805 -0.278
661.952 -0.279
662.099 -0.28
662.246 -0.281
662.393 -0.282
662.54 -0.283
662.686 -0.284
662.833 -0.285
662.98 -0.286
663.126 -0.287
663.272 -0.288
663.418 -0.289
663.564 -0.29
663.71 -0.291
663.856 -0.292
664.001 -0.293
664.147 -0.294
664.293 -0.295
664.439 -0.296
664.585 -0.297
664.731 -0.298
664.877 -0.299
665.023 -0.3
665.169 -0.301
665.315 -0.302
665.461 -0.303
665.607 -0.304
665.753 -0.305
665.899 -0.306
666.044 -0.307
666.19 -0.308
666.335 -0.309
666.481 -0.31
666.626 -0.311
666.772 -0.312
666.917 -0.313
667.063 -0.314
667.208 -0.315
667.354 -0.316
667.499 -0.317
667.645 -0.318
667.79 -0.319
667.935 -0.32
668.081 -0.321
668.226 -0.322
668.371 -0.323
668.517 -0.324
668.662 -0.325
668.807 -0.326
668.953 -0.327
669.098 -0.328
669.244 -0.329
669.389 -0.33
669.534 -0.331
669.68 -0.332
669.825 -0.333
669.97 -0.334
670.116 -0.335
670.261 -0.336
670.406 -0.337
670.552 -0.338
670.697 -0.339
670.843 -0.34
670.988 -0.341
671.134 -0.342
671.279 -0.343
671.424 -0.344
671.57 -0.345
671.715 -0.346
671.86 -0.347
672.005 -0.348
672.15 -0.349
672.295 -0.35
672.44 -0.351
672.585 -0.352
672.73 -0.353
672.875 -0.354
673.02 -0.355
673.165 -0.356
673.31 -0.357
673.455 -0.358
673.6 -0.359
673.745 -0.36
673.89 -0.361
674.035 -0.362
674.179 -0.363
674.324 -0.364
674.469 -0.365
674.614 -0.366
674.759 -0.367
674.904 -0.368
675.049 -0.369
675.194 -0.37
675.339 -0.371
675.484 -0.372
675.629 -0.373
675.774 -0.374
675.92 -0.375
676.065 -0.376
676.21 -0.377
676.355 -0.378
676.5 -0.379
676.645 -0.38
676.791 -0.381
676.936 -0.382
677.081 -0.383
677.226 -0.384
677.372 -0.385
677.517 -0.386
677.662 -0.387
677.808 -0.388
677.953 -0.389
678.098 -0.39
678.244 -0.391
678.389 -0.392
678.535 -0.393
678.68 -0.394
678.826 -0.395
678.971 -0.396
679.116 -0.397
679.262 -0.398
679.407 -0.399
679.553 -0.4
679.698 -0.401
679.843 -0.402
679.989 -0.403
680.134 -0.404
680.28 -0.405
680.425 -0.406
680.571 -0.407
680.717 -0.408
680.862 -0.409
681.008 -0.41
681.154 -0.411
681.299 -0.412
681.445 -0.413
681.591 -0.414
681.737 -0.415
681.883 -0.416
682.029 -0.417
682.175 -0.418
682.321 -0.419
682.467 -0.42
682.613 -0.421
682.759 -0.422
682.905 -0.423
683.051 -0.424
683.197 -0.425
683.343 -0.426
683.488 -0.427
683.633 -0.428
683.777 -0.429
683.921 -0.43
684.065 -0.431
684.21 -0.432
684.354 -0.433
684.498 -0.434
684.643 -0.435
684.787 -0.436
684.932 -0.437
685.076 -0.438
685.221 -0.439
685.365 -0.44
685.51 -0.441
685.655 -0.442
685.799 -0.443
685.944 -0.444
686.089 -0.445
686.234 -0.446
686.379 -0.447
686.524 -0.448
686.668 -0.449
686.813 -0.45
686.958 -0.451
687.103 -0.452
687.248 -0.453
687.394 -0.454
687.539 -0.455
687.684 -0.456
687.829 -0.457
687.974 -0.458
688.12 -0.459
688.265 -0.46
688.41 -0.461
688.555 -0.462
688.7 -0.463
688.846 -0.464
688.991 -0.465
689.136 -0.466
689.281 -0.467
689.427 -0.468
689.572 -0.469
689.717 -0.47
689.863 -0.471
690.008 -0.472
690.154 -0.473
690.299 -0.474
690.445 -0.475
690.589 -0.476
690.734 -0.477
690.878 -0.478
691.023 -0.479
691.167 -0.48
691.311 -0.481
691.456 -0.482
691.6 -0.483
691.745 -0.484
691.889 -0.485
692.034 -0.486
692.178 -0.487
692.323 -0.488
692.467 -0.489
692.612 -0.49
692.757 -0.491
692.902 -0.492
693.047 -0.493
693.191 -0.494
693.337 -0.495
693.482 -0.496
693.627 -0.497
693.772 -0.498
693.917 -0.499
694.063 -0.5
694.208 -0.501
694.353 -0.502
694.498 -0.503
694.644 -0.504
694.789 -0.505
694.935 -0.506
695.08 -0.507
695.226 -0.508
695.37 -0.509
695.515 -0.51
695.658 -0.511
695.801 -0.512
695.944 -0.513
696.087 -0.514
696.231 -0.515
696.374 -0.516
696.517 -0.517
696.66 -0.518
696.804 -0.519
696.947 -0.52
697.09 -0.521
697.234 -0.522
697.377 -0.523
697.521 -0.524
697.665 -0.525
697.809 -0.526
697.953 -0.527
698.098 -0.528
698.242 -0.529
698.387 -0.53
698.531 -0.531
698.676 -0.532
698.82 -0.533
698.965 -0.534
699.109 -0.535
699.254 -0.536
699.399 -0.537
699.543 -0.538
699.688 -0.539
699.833 -0.54
699.978 -0.541
700.122 -0.542
700.267 -0.543
700.412 -0.544
700.557 -0.545
700.702 -0.546
700.847 -0.547
700.992 -0.548
701.137 -0.549
701.283 -0.55
701.429 -0.551
701.574 -0.552
701.72 -0.553
701.866 -0.554
702.011 -0.555
702.157 -0.556
702.303 -0.557
702.449 -0.558
702.595 -0.559
702.741 -0.56
702.887 -0.561
703.033 -0.562
703.179 -0.563
703.325 -0.564
703.471 -0.565
703.617 -0.566
703.763 -0.567
703.909 -0.568
704.055 -0.569
704.202 -0.57
704.348 -0.571
704.494 -0.572
704.64 -0.573
704.787 -0.574
704.933 -0.575
705.079 -0.576
705.225 -0.577
705.372 -0.578
705.518 -0.579
705.664 -0.58
705.811 -0.581
705.957 -0.582
706.103 -0.583
706.25 -0.584
706.396 -0.585
706.542 -0.586
706.689 -0.587
706.835 -0.588
706.981 -0.589
707.128 -0.59
707.274 -0.591
707.42 -0.592
707.566 -0.593
707.712 -0.594
707.858 -0.595
708.003 -0.596
708.149 -0.597
708.294 -0.598
708.439 -0.599
708.583 -0.6
708.728 -0.601
708.871 -0.602
709.014 -0.603
709.155 -0.604
709.296 -0.605
709.43 -0.606
709.551 -0.607
709.644 -0.608
709.706 -0.609
709.725 -0.61
709.761 -0.611
709.825 -0.612
709.891 -0.613
709.933 -0.614
709.956 -0.615
710.078 -0.616
710.208 -0.617
710.371 -0.618
710.547 -0.619
710.749 -0.62
710.948 -0.621
711.149 -0.622
711.344 -0.623
711.519 -0.624
711.689 -0.625
711.865 -0.626
712.039 -0.627
712.196 -0.628
712.342 -0.629
712.489 -0.63
712.636 -0.631
712.782 -0.632
712.929 -0.633
713.076 -0.634
713.223 -0.635
713.37 -0.636
713.517 -0.637
713.665 -0.638
713.812 -0.639
713.96 -0.64
714.107 -0.641
714.255 -0.642
714.403 -0.643
714.551 -0.644
714.698 -0.645
714.846 -0.646
714.994 -0.647
715.142 -0.648
715.29 -0.649
715.438 -0.65
715.586 -0.651
715.734 -0.652
715.882 -0.653
716.03 -0.654
716.179 -0.655
716.327 -0.656
716.476 -0.657
716.624 -0.658
716.773 -0.659
716.921 -0.66
717.07 -0.661
717.219 -0.662
717.367 -0.663
717.516 -0.664
717.665 -0.665
717.813 -0.666
717.963 -0.667
718.112 -0.668
718.261 -0.669
718.41 -0.67
718.559 -0.671
718.709 -0.672
718.858 -0.673
719.008 -0.674
719.158 -0.675
719.307 -0.676
719.457 -0.677
719.607 -0.678
719.757 -0.679
719.908 -0.68
720.058 -0.681
720.209 -0.682
720.361 -0.683
720.512 -0.684
720.664 -0.685
720.816 -0.686
720.968 -0.687
721.12 -0.688
721.272 -0.689
721.424 -0.69
721.576 -0.691
721.729 -0.692
721.881 -0.693
722.033 -0.694
722.186 -0.695
722.338 -0.696
722.491 -0.697
722.643 -0.698
722.796 -0.699
722.948 -0.7
723.101 -0.701
723.254 -0.702
723.406 -0.703
723.559 -0.704
723.712 -0.705
723.865 -0.706
724.018 -0.707
724.171 -0.708
724.324 -0.709
724.477 -0.71
724.63 -0.711
724.783 -0.712
724.936 -0.713
725.089 -0.714
725.242 -0.715
725.395 -0.716
725.548 -0.717
725.702 -0.718
725.855 -0.719
726.008 -0.72
726.161 -0.721
726.314 -0.722
726.467 -0.723
726.62 -0.724
726.773 -0.725
726.926 -0.726
727.079 -0.727
727.233 -0.728
727.386 -0.729
727.539 -0.73
727.692 -0.731
727.845 -0.732
727.998 -0.733
728.151 -0.734
728.304 -0.735
728.457 -0.736
728.61 -0.737
728.763 -0.738
728.916 -0.739
729.069 -0.74
729.222 -0.741
729.374 -0.742
729.527 -0.743
729.679 -0.744
729.83 -0.745
729.981 -0.746
730.131 -0.747
730.278 -0.748
730.418 -0.749
730.547 -0.75
730.661 -0.751
730.76 -0.752
730.844 -0.753
730.919 -0.754
730.991 -0.755
731.063 -0.756
731.134 -0.757
731.205 -0.758
731.275 -0.759
731.34 -0.76
731.396 -0.761
731.441 -0.762
731.476 -0.763
731.502 -0.764
731.521 -0.765
731.539 -0.766
731.559 -0.767
731.583 -0.768
731.609 -0.769
731.669 -0.77
731.74 -0.771
731.811 -0.772
731.899 -0.773
732 -0.774
732.102 -0.775
732.233 -0.776
732.368 -0.777
732.523 -0.778
732.683 -0.779
732.856 -0.78
733.026 -0.781
733.218 -0.782
733.421 -0.783
733.605 -0.784
733.815 -0.785
734.025 -0.786
734.248 -0.787
734.481 -0.788
734.728 -0.789
734.98 -0.79
735.247 -0.791
735.505 -0.792
735.75 -0.793
735.975 -0.794
736.19 -0.795
736.4 -0.796
736.606 -0.797
736.807 -0.798
737.003 -0.799
737.192 -0.8
