10.6824 -0.001
21.3412 -0.002
31.9763 -0.003
42.5877 -0.004
53.1752 -0.005
63.7387 -0.006
74.2782 -0.007
84.7934 -0.008
95.2844 -0.009
105.751 -0.01
116.193 -0.011
126.61 -0.012
137.003 -0.013
147.371 -0.014
157.713 -0.015
168.031 -0.016
178.323 -0.017
188.59 -0.018
198.831 -0.019
209.047 -0.02
219.237 -0.021
229.4 -0.022
239.538 -0.023
249.649 -0.024
259.733 -0.025
269.791 -0.026
279.822 -0.027
289.826 -0.028
299.803 -0.029
309.752 -0.03
319.673 -0.031
329.567 -0.032
339.432 -0.033
349.27 -0.034
359.078 -0.035
368.858 -0.036
378.581 -0.037
387.915 -0.038
396.265 -0.039
403.659 -0.04
411.035 -0.041
418.397 -0.042
425.745 -0.043
433.069 -0.044
440.369 -0.045
447.638 -0.046
454.712 -0.047
461.321 -0.048
467.399 -0.049
472.855 -0.05
477.311 -0.051
481.512 -0.052
485.702 -0.053
489.887 -0.054
494.051 -0.055
498.191 -0.056
502.309 -0.057
506.405 -0.058
510.482 -0.059
514.539 -0.06
518.57 -0.061
522.581 -0.062
526.572 -0.063
530.535 -0.064
534.457 -0.065
538.358 -0.066
542.235 -0.067
546.089 -0.068
549.923 -0.069
553.736 -0.07
557.517 -0.071
561.265 -0.072
564.991 -0.073
568.632 -0.074
572.247 -0.075
575.843 -0.076
579.251 -0.077
582.537 -0.078
585.762 -0.079
588.875 -0.08
591.854 -0.081
594.43 -0.082
596.838 -0.083
599.115 -0.084
601.349 -0.085
603.364 -0.086
605.236 -0.087
606.651 -0.088
607.792 -0.089
608.878 -0.09
609.952 -0.091
611.014 -0.092
612.065 -0.093
612.751 -0.094
613.405 -0.095
614.048 -0.096
614.674 -0.097
615.285 -0.098
615.88 -0.099
616.463 -0.1
617.035 -0.101
617.597 -0.102
618.151 -0.103
618.695 -0.104
619.125 -0.105
619.465 -0.106
619.795 -0.107
620.114 -0.108
620.419 -0.109
620.712 -0.11
620.992 -0.111
621.26 -0.112
621.516 -0.113
621.754 -0.114
621.98 -0.115
622.196 -0.116
622.403 -0.117
622.6 -0.118
622.788 -0.119
622.965 -0.12
623.132 -0.121
623.289 -0.122
623.434 -0.123
623.568 -0.124
623.695 -0.125
623.817 -0.126
623.932 -0.127
624.041 -0.128
624.146 -0.129
624.245 -0.13
624.336 -0.131
624.423 -0.132
624.505 -0.133
624.582 -0.134
624.653 -0.135
624.715 -0.136
624.771 -0.137
624.822 -0.138
624.866 -0.139
624.902 -0.14
624.931 -0.141
624.953 -0.142
624.938 -0.143
624.906 -0.144
624.868 -0.145
624.822 -0.146
624.767 -0.147
624.703 -0.148
624.633 -0.149
624.557 -0.15
624.475 -0.151
624.388 -0.152
624.297 -0.153
624.203 -0.154
624.106 -0.155
624.006 -0.156
623.9 -0.157
623.793 -0.158
623.686 -0.159
623.571 -0.16
623.452 -0.161
623.328 -0.162
623.198 -0.163
623.061 -0.164
622.92 -0.165
622.773 -0.166
622.621 -0.167
622.468 -0.168
622.312 -0.169
622.154 -0.17
621.996 -0.171
621.837 -0.172
621.681 -0.173
621.526 -0.174
621.371 -0.175
621.213 -0.176
621.054 -0.177
620.893 -0.178
620.729 -0.179
620.564 -0.18
620.396 -0.181
620.228 -0.182
620.057 -0.183
619.885 -0.184
619.712 -0.185
619.537 -0.186
619.36 -0.187
619.182 -0.188
619.002 -0.189
618.821 -0.19
618.638 -0.191
618.454 -0.192
618.268 -0.193
618.081 -0.194
617.892 -0.195
617.702 -0.196
617.511 -0.197
617.318 -0.198
617.124 -0.199
616.928 -0.2
616.731 -0.201
616.532 -0.202
616.331 -0.203
616.129 -0.204
615.925 -0.205
615.72 -0.206
615.513 -0.207
615.305 -0.208
615.094 -0.209
614.882 -0.21
614.669 -0.211
614.455 -0.212
614.239 -0.213
614.023 -0.214
613.806 -0.215
613.588 -0.216
613.369 -0.217
613.15 -0.218
612.931 -0.219
612.713 -0.22
612.496 -0.221
612.28 -0.222
612.063 -0.223
611.846 -0.224
611.628 -0.225
611.41 -0.226
611.191 -0.227
610.971 -0.228
610.751 -0.229
610.531 -0.23
610.31 -0.231
610.088 -0.232
609.866 -0.233
609.643 -0.234
609.42 -0.235
609.197 -0.236
608.973 -0.237
608.748 -0.238
608.523 -0.239
608.298 -0.24
608.073 -0.241
607.847 -0.242
607.621 -0.243
607.394 -0.244
607.168 -0.245
606.94 -0.246
606.713 -0.247
606.485 -0.248
606.257 -0.249
606.028 -0.25
605.8 -0.251
605.571 -0.252
605.342 -0.253
605.113 -0.254
604.884 -0.255
604.655 -0.256
604.426 -0.257
604.196 -0.258
603.967 -0.259
603.737 -0.26
603.508 -0.261
603.278 -0.262
603.049 -0.263
602.819 -0.264
602.589 -0.265
602.36 -0.266
602.13 -0.267
601.901 -0.268
601.671 -0.269
601.442 -0.27
601.212 -0.271
600.983 -0.272
600.769 -0.273
600.556 -0.274
600.344 -0.275
600.131 -0.276
599.918 -0.277
599.705 -0.278
599.492 -0.279
599.279 -0.28
599.067 -0.281
598.855 -0.282
598.642 -0.283
598.43 -0.284
598.219 -0.285
598.007 -0.286
597.796 -0.287
597.585 -0.288
597.374 -0.289
597.163 -0.29
596.953 -0.291
596.743 -0.292
596.533 -0.293
596.324 -0.294
596.114 -0.295
595.906 -0.296
595.697 -0.297
595.489 -0.298
595.281 -0.299
595.074 -0.3
594.866 -0.301
594.658 -0.302
594.45 -0.303
594.242 -0.304
594.034 -0.305
593.826 -0.306
593.618 -0.307
593.41 -0.308
593.203 -0.309
592.995 -0.31
592.788 -0.311
592.582 -0.312
592.376 -0.313
592.171 -0.314
591.966 -0.315
591.762 -0.316
591.559 -0.317
591.358 -0.318
591.163 -0.319
590.973 -0.32
590.787 -0.321
590.611 -0.322
590.444 -0.323
590.278 -0.324
590.113 -0.325
589.948 -0.326
589.785 -0.327
589.622 -0.328
589.459 -0.329
589.298 -0.33
589.136 -0.331
588.975 -0.332
588.814 -0.333
588.653 -0.334
588.493 -0.335
588.333 -0.336
588.173 -0.337
588.013 -0.338
587.855 -0.339
587.696 -0.34
587.538 -0.341
587.38 -0.342
587.222 -0.343
587.064 -0.344
586.908 -0.345
586.75 -0.346
586.594 -0.347
586.438 -0.348
586.283 -0.349
586.128 -0.35
585.973 -0.351
585.819 -0.352
585.665 -0.353
585.512 -0.354
585.359 -0.355
585.206 -0.356
585.054 -0.357
584.902 -0.358
584.751 -0.359
584.601 -0.36
584.455 -0.361
584.309 -0.362
584.165 -0.363
584.02 -0.364
583.878 -0.365
583.738 -0.366
583.598 -0.367
583.46 -0.368
583.323 -0.369
583.187 -0.37
583.054 -0.371
582.921 -0.372
582.79 -0.373
582.66 -0.374
582.532 -0.375
582.406 -0.376
582.281 -0.377
582.157 -0.378
582.035 -0.379
581.915 -0.38
581.796 -0.381
581.68 -0.382
581.567 -0.383
581.459 -0.384
581.354 -0.385
581.254 -0.386
581.156 -0.387
581.059 -0.388
580.963 -0.389
580.869 -0.39
580.775 -0.391
580.684 -0.392
580.593 -0.393
580.504 -0.394
580.417 -0.395
580.332 -0.396
580.249 -0.397
580.169 -0.398
580.091 -0.399
580.016 -0.4
579.941 -0.401
579.868 -0.402
579.795 -0.403
579.716 -0.404
579.632 -0.405
579.548 -0.406
579.466 -0.407
579.385 -0.408
579.304 -0.409
579.226 -0.41
579.148 -0.411
579.071 -0.412
578.996 -0.413
578.921 -0.414
578.848 -0.415
578.776 -0.416
578.705 -0.417
578.635 -0.418
578.566 -0.419
578.498 -0.42
578.432 -0.421
578.366 -0.422
578.302 -0.423
578.238 -0.424
578.176 -0.425
578.115 -0.426
578.055 -0.427
577.996 -0.428
577.938 -0.429
577.882 -0.43
577.826 -0.431
577.772 -0.432
577.718 -0.433
577.666 -0.434
577.615 -0.435
577.564 -0.436
577.515 -0.437
577.466 -0.438
577.419 -0.439
577.372 -0.44
577.326 -0.441
577.281 -0.442
577.236 -0.443
577.192 -0.444
577.149 -0.445
577.106 -0.446
577.064 -0.447
577.021 -0.448
576.978 -0.449
576.933 -0.45
576.885 -0.451
576.831 -0.452
576.77 -0.453
576.7 -0.454
576.621 -0.455
576.58 -0.456
576.562 -0.457
576.56 -0.458
576.553 -0.459
576.538 -0.46
576.525 -0.461
576.516 -0.462
576.508 -0.463
576.502 -0.464
576.499 -0.465
576.497 -0.466
576.497 -0.467
576.498 -0.468
576.501 -0.469
576.506 -0.47
576.512 -0.471
576.521 -0.472
576.53 -0.473
576.542 -0.474
576.555 -0.475
576.57 -0.476
576.587 -0.477
576.606 -0.478
576.626 -0.479
576.648 -0.48
576.672 -0.481
576.698 -0.482
576.725 -0.483
576.755 -0.484
576.786 -0.485
576.82 -0.486
576.854 -0.487
576.889 -0.488
576.924 -0.489
576.959 -0.49
576.994 -0.491
577.029 -0.492
577.064 -0.493
577.098 -0.494
577.131 -0.495
577.167 -0.496
577.205 -0.497
577.246 -0.498
577.29 -0.499
577.335 -0.5
577.382 -0.501
577.43 -0.502
577.48 -0.503
577.532 -0.504
577.586 -0.505
577.641 -0.506
577.698 -0.507
577.755 -0.508
577.815 -0.509
577.876 -0.51
577.939 -0.511
578.004 -0.512
578.071 -0.513
578.139 -0.514
578.209 -0.515
578.281 -0.516
578.355 -0.517
578.43 -0.518
578.508 -0.519
578.587 -0.52
578.668 -0.521
578.752 -0.522
578.838 -0.523
578.926 -0.524
579.016 -0.525
579.108 -0.526
579.202 -0.527
579.298 -0.528
579.396 -0.529
579.496 -0.53
579.598 -0.531
579.702 -0.532
579.807 -0.533
579.915 -0.534
580.024 -0.535
580.136 -0.536
580.249 -0.537
580.365 -0.538
580.482 -0.539
580.602 -0.54
580.723 -0.541
580.846 -0.542
580.972 -0.543
581.099 -0.544
581.228 -0.545
581.359 -0.546
581.492 -0.547
581.627 -0.548
581.764 -0.549
581.905 -0.55
582.051 -0.551
582.199 -0.552
582.35 -0.553
582.502 -0.554
582.657 -0.555
582.814 -0.556
582.972 -0.557
583.133 -0.558
583.295 -0.559
583.46 -0.56
583.627 -0.561
583.795 -0.562
583.944 -0.563
584.07 -0.564
584.188 -0.565
584.307 -0.566
584.428 -0.567
584.55 -0.568
584.674 -0.569
584.799 -0.57
584.925 -0.571
585.052 -0.572
585.18 -0.573
585.308 -0.574
585.436 -0.575
585.564 -0.576
585.69 -0.577
585.811 -0.578
585.925 -0.579
586.03 -0.58
586.123 -0.581
586.198 -0.582
586.25 -0.583
586.271 -0.584
586.27 -0.585
586.27 -0.586
586.271 -0.587
586.274 -0.588
586.272 -0.589
586.256 -0.59
586.255 -0.591
586.327 -0.592
586.403 -0.593
586.481 -0.594
586.561 -0.595
586.643 -0.596
586.742 -0.597
586.861 -0.598
586.982 -0.599
587.105 -0.6
587.23 -0.601
587.356 -0.602
587.485 -0.603
587.615 -0.604
587.747 -0.605
587.881 -0.606
588.017 -0.607
588.155 -0.608
588.295 -0.609
588.437 -0.61
588.58 -0.611
588.726 -0.612
588.873 -0.613
589.022 -0.614
589.173 -0.615
589.326 -0.616
589.481 -0.617
589.636 -0.618
589.787 -0.619
589.934 -0.62
590.087 -0.621
590.327 -0.622
590.557 -0.623
590.789 -0.624
591.023 -0.625
591.259 -0.626
591.496 -0.627
591.736 -0.628
591.978 -0.629
592.222 -0.63
592.468 -0.631
592.716 -0.632
592.963 -0.633
593.21 -0.634
593.458 -0.635
593.709 -0.636
593.962 -0.637
594.217 -0.638
594.475 -0.639
594.734 -0.64
594.996 -0.641
595.258 -0.642
595.522 -0.643
595.788 -0.644
596.054 -0.645
596.323 -0.646
596.593 -0.647
596.865 -0.648
597.139 -0.649
597.415 -0.65
597.692 -0.651
597.972 -0.652
598.254 -0.653
598.538 -0.654
598.824 -0.655
599.112 -0.656
599.402 -0.657
599.694 -0.658
599.988 -0.659
600.284 -0.66
600.582 -0.661
600.882 -0.662
601.184 -0.663
601.487 -0.664
601.774 -0.665
602.047 -0.666
602.322 -0.667
602.598 -0.668
602.876 -0.669
603.156 -0.67
603.437 -0.671
603.72 -0.672
604.005 -0.673
604.291 -0.674
604.571 -0.675
604.834 -0.676
605.098 -0.677
605.364 -0.678
605.631 -0.679
605.9 -0.68
606.17 -0.681
606.442 -0.682
606.715 -0.683
606.99 -0.684
607.266 -0.685
607.544 -0.686
607.823 -0.687
608.104 -0.688
608.387 -0.689
608.67 -0.69
608.956 -0.691
609.242 -0.692
609.531 -0.693
609.82 -0.694
610.111 -0.695
610.404 -0.696
610.698 -0.697
610.993 -0.698
611.295 -0.699
611.605 -0.7
611.917 -0.701
612.23 -0.702
612.545 -0.703
612.861 -0.704
613.179 -0.705
613.497 -0.706
613.817 -0.707
614.138 -0.708
614.46 -0.709
614.783 -0.71
615.106 -0.711
615.431 -0.712
615.756 -0.713
616.081 -0.714
616.414 -0.715
616.751 -0.716
617.092 -0.717
617.436 -0.718
617.784 -0.719
618.122 -0.72
618.443 -0.721
618.762 -0.722
619.083 -0.723
619.406 -0.724
619.731 -0.725
620.057 -0.726
620.386 -0.727
620.717 -0.728
621.049 -0.729
621.384 -0.73
621.722 -0.731
622.061 -0.732
622.402 -0.733
622.746 -0.734
623.091 -0.735
623.439 -0.736
623.789 -0.737
624.141 -0.738
624.495 -0.739
624.851 -0.74
625.21 -0.741
625.571 -0.742
625.934 -0.743
626.298 -0.744
626.665 -0.745
627.034 -0.746
627.405 -0.747
627.771 -0.748
628.13 -0.749
628.493 -0.75
628.86 -0.751
629.23 -0.752
629.602 -0.753
629.977 -0.754
630.354 -0.755
630.733 -0.756
631.115 -0.757
631.499 -0.758
631.885 -0.759
632.272 -0.76
632.662 -0.761
633.054 -0.762
633.448 -0.763
633.844 -0.764
634.242 -0.765
634.641 -0.766
635.043 -0.767
635.448 -0.768
635.854 -0.769
636.263 -0.77
636.674 -0.771
637.088 -0.772
637.504 -0.773
637.923 -0.774
638.344 -0.775
638.759 -0.776
639.157 -0.777
639.554 -0.778
639.954 -0.779
640.356 -0.78
640.761 -0.781
641.169 -0.782
641.58 -0.783
641.993 -0.784
642.409 -0.785
642.828 -0.786
643.248 -0.787
643.668 -0.788
644.076 -0.789
644.482 -0.79
644.891 -0.791
645.302 -0.792
645.716 -0.793
646.132 -0.794
646.55 -0.795
646.97 -0.796
647.392 -0.797
647.817 -0.798
648.242 -0.799
648.67 -0.8
649.1 -0.801
649.533 -0.802
649.968 -0.803
650.405 -0.804
650.844 -0.805
651.286 -0.806
651.73 -0.807
652.176 -0.808
652.625 -0.809
653.076 -0.81
653.529 -0.811
653.985 -0.812
654.443 -0.813
654.904 -0.814
655.367 -0.815
655.832 -0.816
656.3 -0.817
656.77 -0.818
657.243 -0.819
657.718 -0.82
658.196 -0.821
658.675 -0.822
659.156 -0.823
659.639 -0.824
660.124 -0.825
660.611 -0.826
661.101 -0.827
661.593 -0.828
662.087 -0.829
662.584 -0.83
663.082 -0.831
663.584 -0.832
664.088 -0.833
664.594 -0.834
665.102 -0.835
665.613 -0.836
666.126 -0.837
666.641 -0.838
667.159 -0.839
667.678 -0.84
668.196 -0.841
668.704 -0.842
669.207 -0.843
669.711 -0.844
670.215 -0.845
670.72 -0.846
671.224 -0.847
671.727 -0.848
672.229 -0.849
672.73 -0.85
673.23 -0.851
673.728 -0.852
674.223 -0.853
674.717 -0.854
675.21 -0.855
675.702 -0.856
676.193 -0.857
676.685 -0.858
677.178 -0.859
677.673 -0.86
678.17 -0.861
678.669 -0.862
679.171 -0.863
679.676 -0.864
680.183 -0.865
680.694 -0.866
681.207 -0.867
681.722 -0.868
682.241 -0.869
682.762 -0.87
683.286 -0.871
683.81 -0.872
684.337 -0.873
684.867 -0.874
685.399 -0.875
685.947 -0.876
686.513 -0.877
687.088 -0.878
687.679 -0.879
688.277 -0.88
688.891 -0.881
689.504 -0.882
690.123 -0.883
690.741 -0.884
691.359 -0.885
691.978 -0.886
692.599 -0.887
693.225 -0.888
693.854 -0.889
694.486 -0.89
695.121 -0.891
695.76 -0.892
696.401 -0.893
697.046 -0.894
697.694 -0.895
698.346 -0.896
699 -0.897
699.657 -0.898
700.317 -0.899
700.98 -0.9
701.645 -0.901
702.313 -0.902
702.975 -0.903
703.629 -0.904
704.284 -0.905
704.942 -0.906
705.603 -0.907
706.266 -0.908
706.933 -0.909
707.602 -0.91
708.272 -0.911
708.944 -0.912
709.619 -0.913
710.296 -0.914
710.976 -0.915
711.659 -0.916
712.342 -0.917
713.026 -0.918
713.711 -0.919
714.396 -0.92
715.082 -0.921
715.766 -0.922
716.453 -0.923
717.141 -0.924
717.833 -0.925
718.527 -0.926
719.222 -0.927
719.921 -0.928
720.622 -0.929
721.327 -0.93
722.034 -0.931
722.745 -0.932
723.458 -0.933
724.173 -0.934
724.892 -0.935
725.613 -0.936
726.338 -0.937
727.065 -0.938
727.796 -0.939
728.529 -0.94
729.266 -0.941
730.005 -0.942
730.748 -0.943
731.494 -0.944
732.243 -0.945
732.996 -0.946
733.751 -0.947
734.51 -0.948
735.273 -0.949
736.038 -0.95
736.807 -0.951
737.577 -0.952
738.351 -0.953
739.127 -0.954
739.906 -0.955
740.685 -0.956
741.459 -0.957
742.235 -0.958
743.015 -0.959
743.798 -0.96
744.583 -0.961
745.372 -0.962
746.162 -0.963
746.954 -0.964
747.75 -0.965
748.548 -0.966
749.35 -0.967
750.155 -0.968
750.962 -0.969
751.772 -0.97
752.585 -0.971
753.401 -0.972
754.221 -0.973
755.044 -0.974
755.869 -0.975
756.698 -0.976
757.529 -0.977
758.361 -0.978
759.196 -0.979
760.035 -0.98
760.875 -0.981
761.719 -0.982
762.564 -0.983
763.413 -0.984
764.266 -0.985
765.121 -0.986
765.98 -0.987
766.841 -0.988
767.706 -0.989
768.575 -0.99
769.446 -0.991
770.317 -0.992
771.191 -0.993
772.061 -0.994
772.926 -0.995
773.793 -0.996
774.664 -0.997
775.538 -0.998
776.415 -0.999
777.292 -1
778.173 -1.001
779.056 -1.002
779.943 -1.003
780.832 -1.004
781.725 -1.005
782.62 -1.006
783.517 -1.007
784.418 -1.008
785.322 -1.009
786.229 -1.01
787.14 -1.011
788.053 -1.012
788.97 -1.013
789.889 -1.014
790.811 -1.015
791.737 -1.016
792.665 -1.017
793.596 -1.018
794.531 -1.019
795.468 -1.02
796.408 -1.021
797.352 -1.022
798.299 -1.023
799.247 -1.024
800.197 -1.025
801.151 -1.026
802.106 -1.027
803.065 -1.028
804.026 -1.029
804.991 -1.03
805.959 -1.031
806.928 -1.032
807.897 -1.033
808.87 -1.034
809.846 -1.035
810.826 -1.036
811.807 -1.037
812.79 -1.038
813.776 -1.039
814.761 -1.04
815.749 -1.041
816.74 -1.042
817.734 -1.043
818.728 -1.044
819.726 -1.045
820.726 -1.046
821.727 -1.047
822.732 -1.048
823.741 -1.049
824.753 -1.05
825.767 -1.051
826.783 -1.052
827.801 -1.053
828.819 -1.054
829.834 -1.055
830.85 -1.056
831.867 -1.057
832.885 -1.058
833.906 -1.059
834.93 -1.06
835.956 -1.061
836.984 -1.062
838.015 -1.063
839.046 -1.064
840.077 -1.065
841.111 -1.066
842.148 -1.067
843.188 -1.068
844.232 -1.069
845.278 -1.07
846.329 -1.071
847.382 -1.072
848.438 -1.073
849.496 -1.074
850.554 -1.075
851.616 -1.076
852.681 -1.077
853.75 -1.078
854.822 -1.079
855.897 -1.08
856.975 -1.081
858.055 -1.082
859.137 -1.083
860.223 -1.084
861.311 -1.085
862.403 -1.086
863.498 -1.087
864.597 -1.088
865.699 -1.089
866.804 -1.09
867.912 -1.091
869.023 -1.092
870.138 -1.093
871.256 -1.094
872.378 -1.095
873.502 -1.096
874.63 -1.097
875.761 -1.098
876.895 -1.099
878.032 -1.1
879.171 -1.101
880.31 -1.102
881.452 -1.103
882.596 -1.104
883.743 -1.105
884.893 -1.106
886.044 -1.107
887.192 -1.108
888.343 -1.109
889.496 -1.11
890.651 -1.111
891.809 -1.112
892.97 -1.113
894.132 -1.114
895.297 -1.115
896.465 -1.116
897.634 -1.117
898.784 -1.118
899.892 -1.119
901.002 -1.12
902.114 -1.121
903.229 -1.122
904.347 -1.123
905.468 -1.124
906.592 -1.125
907.719 -1.126
908.841 -1.127
909.956 -1.128
911.07 -1.129
912.187 -1.13
913.308 -1.131
914.433 -1.132
915.56 -1.133
916.69 -1.134
917.821 -1.135
918.931 -1.136
920.016 -1.137
921.101 -1.138
922.188 -1.139
923.277 -1.14
924.368 -1.141
925.463 -1.142
926.561 -1.143
927.658 -1.144
928.732 -1.145
929.72 -1.146
930.615 -1.147
931.543 -1.148
932.619 -1.149
933.816 -1.15
935 -1.151
936.113 -1.152
937.196 -1.153
938.277 -1.154
939.362 -1.155
940.449 -1.156
941.539 -1.157
942.632 -1.158
943.728 -1.159
944.824 -1.16
945.919 -1.161
947.018 -1.162
948.119 -1.163
949.223 -1.164
950.33 -1.165
951.44 -1.166
952.552 -1.167
953.668 -1.168
954.787 -1.169
955.908 -1.17
957.033 -1.171
958.16 -1.172
959.291 -1.173
960.424 -1.174
961.56 -1.175
962.7 -1.176
963.842 -1.177
964.987 -1.178
966.136 -1.179
967.287 -1.18
968.441 -1.181
969.598 -1.182
970.758 -1.183
971.922 -1.184
973.088 -1.185
974.257 -1.186
975.429 -1.187
976.605 -1.188
977.783 -1.189
978.964 -1.19
980.148 -1.191
981.336 -1.192
982.524 -1.193
983.714 -1.194
984.906 -1.195
986.101 -1.196
987.299 -1.197
988.499 -1.198
989.703 -1.199
990.91 -1.2
992.12 -1.201
993.333 -1.202
994.549 -1.203
995.768 -1.204
996.991 -1.205
998.216 -1.206
999.444 -1.207
1000.68 -1.208
1001.91 -1.209
1003.15 -1.21
1004.39 -1.211
1005.64 -1.212
1006.88 -1.213
1008.12 -1.214
1009.37 -1.215
1010.59 -1.216
1011.81 -1.217
1013.03 -1.218
1014.26 -1.219
1015.49 -1.22
1016.71 -1.221
1017.94 -1.222
1019.16 -1.223
1020.39 -1.224
1021.62 -1.225
1022.84 -1.226
1024.07 -1.227
1025.3 -1.228
1026.53 -1.229
1027.77 -1.23
1029.01 -1.231
1030.26 -1.232
1031.51 -1.233
1032.76 -1.234
1034.01 -1.235
1035.27 -1.236
1036.54 -1.237
1037.8 -1.238
1039.07 -1.239
1040.34 -1.24
1041.62 -1.241
1042.9 -1.242
1044.18 -1.243
1045.47 -1.244
1046.76 -1.245
1048.05 -1.246
1049.34 -1.247
1050.64 -1.248
1051.94 -1.249
1053.25 -1.25
1054.55 -1.251
1055.86 -1.252
1057.17 -1.253
1058.49 -1.254
1059.81 -1.255
1061.13 -1.256
1062.45 -1.257
1063.76 -1.258
1065.06 -1.259
1066.36 -1.26
1067.66 -1.261
1068.96 -1.262
1070.27 -1.263
1071.58 -1.264
1072.89 -1.265
1074.21 -1.266
1075.52 -1.267
1076.85 -1.268
1078.17 -1.269
1079.5 -1.27
1080.82 -1.271
1082.15 -1.272
1083.47 -1.273
1084.79 -1.274
1086.11 -1.275
1087.44 -1.276
1088.76 -1.277
1090.09 -1.278
1091.43 -1.279
1092.76 -1.28
1094.1 -1.281
1095.44 -1.282
1096.79 -1.283
1098.13 -1.284
1099.48 -1.285
1100.83 -1.286
1102.19 -1.287
1103.55 -1.288
1104.91 -1.289
1106.27 -1.29
1107.64 -1.291
1109.01 -1.292
1110.38 -1.293
1111.75 -1.294
1113.13 -1.295
1114.51 -1.296
1115.9 -1.297
1117.28 -1.298
1118.67 -1.299
1120.06 -1.3
1121.45 -1.301
1122.85 -1.302
1124.23 -1.303
1125.59 -1.304
1126.89 -1.305
1128.19 -1.306
1129.5 -1.307
1130.8 -1.308
1132.11 -1.309
1133.42 -1.31
1134.73 -1.311
1136.05 -1.312
1137.36 -1.313
1138.68 -1.314
1140.01 -1.315
1141.33 -1.316
1142.66 -1.317
1143.99 -1.318
1145.33 -1.319
1146.66 -1.32
1148 -1.321
1149.34 -1.322
1150.67 -1.323
1151.94 -1.324
1153.15 -1.325
1154.33 -1.326
1155.46 -1.327
1156.44 -1.328
1157.32 -1.329
1158.2 -1.33
1159.02 -1.331
1159.84 -1.332
1160.67 -1.333
1161.49 -1.334
1162.32 -1.335
1163.14 -1.336
1163.97 -1.337
1164.79 -1.338
1165.62 -1.339
1166.44 -1.34
1167.27 -1.341
1168.1 -1.342
1168.93 -1.343
1169.76 -1.344
1170.58 -1.345
1171.41 -1.346
1172.24 -1.347
1173.07 -1.348
1173.9 -1.349
1174.66 -1.35
1175.41 -1.351
1176.16 -1.352
1176.91 -1.353
1177.66 -1.354
1178.41 -1.355
1179.15 -1.356
1179.89 -1.357
1180.63 -1.358
1181.37 -1.359
1182.1 -1.36
1182.82 -1.361
1183.55 -1.362
1184.28 -1.363
1185.01 -1.364
1185.73 -1.365
1186.46 -1.366
1187.19 -1.367
1187.91 -1.368
1188.64 -1.369
1189.36 -1.37
1190.08 -1.371
1190.81 -1.372
1191.53 -1.373
1192.25 -1.374
1192.98 -1.375
1193.7 -1.376
1194.42 -1.377
1195.14 -1.378
1195.86 -1.379
1196.58 -1.38
1197.29 -1.381
1198.01 -1.382
1198.73 -1.383
1199.45 -1.384
1200.16 -1.385
1200.87 -1.386
1201.59 -1.387
1202.3 -1.388
1203.02 -1.389
1203.73 -1.39
1204.44 -1.391
1205.16 -1.392
1205.87 -1.393
1206.58 -1.394
1207.3 -1.395
1208.01 -1.396
1208.72 -1.397
1209.44 -1.398
1210.15 -1.399
1210.87 -1.4
1211.58 -1.401
1212.29 -1.402
1213.01 -1.403
1213.72 -1.404
1214.43 -1.405
1215.15 -1.406
1215.86 -1.407
1216.58 -1.408
1217.29 -1.409
1218 -1.41
1218.72 -1.411
1219.43 -1.412
1220.14 -1.413
1220.86 -1.414
1221.57 -1.415
1222.28 -1.416
1223 -1.417
1223.71 -1.418
1224.42 -1.419
1225.14 -1.42
1225.85 -1.421
1226.57 -1.422
1227.28 -1.423
1227.99 -1.424
1228.71 -1.425
1229.42 -1.426
1230.13 -1.427
1230.85 -1.428
1231.56 -1.429
1232.27 -1.43
1232.98 -1.431
1233.7 -1.432
1234.41 -1.433
1235.12 -1.434
1235.84 -1.435
1236.55 -1.436
1237.26 -1.437
1237.98 -1.438
1238.69 -1.439
1239.4 -1.44
1240.11 -1.441
1240.83 -1.442
1241.54 -1.443
1242.25 -1.444
1242.97 -1.445
1243.68 -1.446
1244.39 -1.447
1245.11 -1.448
1245.82 -1.449
1246.53 -1.45
1247.24 -1.451
1247.96 -1.452
1248.67 -1.453
1249.38 -1.454
1250.09 -1.455
1250.81 -1.456
1251.52 -1.457
1252.23 -1.458
1252.94 -1.459
1253.66 -1.46
1254.37 -1.461
1255.08 -1.462
1255.79 -1.463
1256.51 -1.464
1257.22 -1.465
1257.93 -1.466
1258.65 -1.467
1259.36 -1.468
1260.07 -1.469
1260.78 -1.47
1261.5 -1.471
1262.21 -1.472
1262.92 -1.473
1263.64 -1.474
1264.35 -1.475
1265.06 -1.476
1265.78 -1.477
1266.49 -1.478
1267.2 -1.479
1267.92 -1.48
1268.63 -1.481
1269.34 -1.482
1270.06 -1.483
1270.77 -1.484
1271.48 -1.485
1272.2 -1.486
1272.91 -1.487
1273.62 -1.488
1274.34 -1.489
1275.05 -1.49
1275.76 -1.491
1276.48 -1.492
1277.19 -1.493
1277.9 -1.494
1278.62 -1.495
1279.33 -1.496
1280.05 -1.497
1280.76 -1.498
1281.47 -1.499
1282.19 -1.5
