9.56851 -0.001
19.1277 -0.002
28.6776 -0.003
38.218 -0.004
47.749 -0.005
57.2704 -0.006
66.7822 -0.007
76.2844 -0.008
85.7769 -0.009
95.2596 -0.01
104.732 -0.011
114.195 -0.012
123.648 -0.013
133.091 -0.014
142.524 -0.015
151.947 -0.016
161.359 -0.017
170.761 -0.018
180.153 -0.019
189.534 -0.02
198.905 -0.021
208.265 -0.022
217.615 -0.023
226.953 -0.024
236.281 -0.025
245.598 -0.026
254.904 -0.027
264.199 -0.028
273.483 -0.029
282.755 -0.03
292.016 -0.031
301.266 -0.032
310.466 -0.033
319.178 -0.034
326.66 -0.035
333.255 -0.036
339.396 -0.037
344.655 -0.038
348.332 -0.039
351.424 -0.04
354.224 -0.041
356.565 -0.042
358.452 -0.043
360.302 -0.044
362.127 -0.045
363.934 -0.046
365.738 -0.047
367.547 -0.048
369.335 -0.049
371.056 -0.05
372.652 -0.051
374.08 -0.052
375.308 -0.053
376.09 -0.054
376.584 -0.055
377.051 -0.056
377.494 -0.057
377.909 -0.058
378.297 -0.059
378.654 -0.06
378.991 -0.061
379.31 -0.062
379.614 -0.063
379.906 -0.064
380.187 -0.065
380.462 -0.066
380.732 -0.067
380.998 -0.068
381.261 -0.069
381.518 -0.07
381.774 -0.071
382.027 -0.072
382.279 -0.073
382.527 -0.074
382.774 -0.075
383.019 -0.076
383.26 -0.077
383.499 -0.078
383.734 -0.079
383.968 -0.08
384.198 -0.081
384.423 -0.082
384.646 -0.083
384.865 -0.084
385.081 -0.085
385.295 -0.086
385.504 -0.087
385.711 -0.088
385.913 -0.089
386.111 -0.09
386.306 -0.091
386.498 -0.092
386.685 -0.093
386.871 -0.094
387.053 -0.095
387.23 -0.096
387.405 -0.097
387.579 -0.098
387.751 -0.099
387.921 -0.1
388.088 -0.101
388.254 -0.102
388.42 -0.103
388.583 -0.104
388.744 -0.105
388.904 -0.106
389.062 -0.107
389.22 -0.108
389.377 -0.109
389.533 -0.11
389.687 -0.111
389.841 -0.112
389.994 -0.113
390.145 -0.114
390.295 -0.115
390.445 -0.116
390.594 -0.117
390.743 -0.118
390.89 -0.119
391.036 -0.12
391.18 -0.121
391.324 -0.122
391.468 -0.123
391.611 -0.124
391.753 -0.125
391.894 -0.126
392.034 -0.127
392.173 -0.128
392.31 -0.129
392.448 -0.13
392.584 -0.131
392.72 -0.132
392.855 -0.133
392.989 -0.134
393.122 -0.135
393.254 -0.136
393.385 -0.137
393.515 -0.138
393.644 -0.139
393.772 -0.14
393.9 -0.141
394.026 -0.142
394.152 -0.143
394.276 -0.144
394.4 -0.145
394.523 -0.146
394.646 -0.147
394.768 -0.148
394.889 -0.149
395.008 -0.15
395.128 -0.151
395.246 -0.152
395.364 -0.153
395.481 -0.154
395.597 -0.155
395.712 -0.156
395.827 -0.157
395.941 -0.158
396.054 -0.159
396.166 -0.16
396.277 -0.161
396.388 -0.162
396.498 -0.163
396.607 -0.164
396.716 -0.165
396.824 -0.166
396.931 -0.167
397.038 -0.168
397.143 -0.169
397.248 -0.17
397.353 -0.171
397.456 -0.172
397.559 -0.173
397.662 -0.174
397.764 -0.175
397.866 -0.176
397.967 -0.177
398.067 -0.178
398.168 -0.179
398.267 -0.18
398.365 -0.181
398.464 -0.182
398.561 -0.183
398.657 -0.184
398.754 -0.185
398.849 -0.186
398.944 -0.187
399.039 -0.188
399.133 -0.189
399.227 -0.19
399.321 -0.191
399.414 -0.192
399.507 -0.193
399.599 -0.194
399.691 -0.195
399.782 -0.196
399.872 -0.197
399.962 -0.198
400.052 -0.199
400.141 -0.2
400.229 -0.201
400.317 -0.202
400.405 -0.203
400.493 -0.204
400.58 -0.205
400.667 -0.206
400.753 -0.207
400.84 -0.208
400.925 -0.209
401.011 -0.21
401.096 -0.211
401.181 -0.212
401.266 -0.213
401.35 -0.214
401.434 -0.215
401.518 -0.216
401.602 -0.217
401.685 -0.218
401.768 -0.219
401.851 -0.22
401.933 -0.221
402.016 -0.222
402.098 -0.223
402.179 -0.224
402.261 -0.225
402.342 -0.226
402.423 -0.227
402.504 -0.228
402.585 -0.229
402.665 -0.23
402.745 -0.231
402.825 -0.232
402.905 -0.233
402.984 -0.234
403.064 -0.235
403.143 -0.236
403.222 -0.237
403.3 -0.238
403.379 -0.239
403.457 -0.24
403.536 -0.241
403.613 -0.242
403.691 -0.243
403.769 -0.244
403.846 -0.245
403.924 -0.246
404.001 -0.247
404.078 -0.248
404.155 -0.249
404.232 -0.25
404.308 -0.251
404.385 -0.252
404.461 -0.253
404.537 -0.254
404.612 -0.255
404.688 -0.256
404.764 -0.257
404.839 -0.258
404.914 -0.259
404.99 -0.26
405.065 -0.261
405.14 -0.262
405.214 -0.263
405.289 -0.264
405.364 -0.265
405.438 -0.266
405.512 -0.267
405.586 -0.268
405.66 -0.269
405.734 -0.27
405.808 -0.271
405.881 -0.272
405.955 -0.273
406.028 -0.274
406.102 -0.275
406.175 -0.276
406.248 -0.277
406.321 -0.278
406.394 -0.279
406.467 -0.28
406.54 -0.281
406.613 -0.282
406.685 -0.283
406.758 -0.284
406.83 -0.285
406.902 -0.286
406.974 -0.287
407.046 -0.288
407.119 -0.289
407.19 -0.29
407.262 -0.291
407.334 -0.292
407.406 -0.293
407.478 -0.294
407.549 -0.295
407.621 -0.296
407.692 -0.297
407.764 -0.298
407.835 -0.299
407.906 -0.3
407.977 -0.301
408.047 -0.302
408.118 -0.303
408.189 -0.304
408.259 -0.305
408.33 -0.306
408.4 -0.307
408.471 -0.308
408.541 -0.309
408.611 -0.31
408.682 -0.311
408.752 -0.312
408.822 -0.313
408.892 -0.314
408.962 -0.315
409.032 -0.316
409.102 -0.317
409.172 -0.318
409.242 -0.319
409.311 -0.32
409.381 -0.321
409.451 -0.322
409.52 -0.323
409.59 -0.324
409.659 -0.325
409.729 -0.326
409.798 -0.327
409.867 -0.328
409.937 -0.329
410.006 -0.33
410.075 -0.331
410.145 -0.332
410.214 -0.333
410.283 -0.334
410.352 -0.335
410.421 -0.336
410.49 -0.337
410.559 -0.338
410.628 -0.339
410.697 -0.34
410.765 -0.341
410.834 -0.342
410.903 -0.343
410.972 -0.344
411.04 -0.345
411.109 -0.346
411.178 -0.347
411.246 -0.348
411.315 -0.349
411.384 -0.35
411.452 -0.351
411.521 -0.352
411.589 -0.353
411.658 -0.354
411.726 -0.355
411.794 -0.356
411.863 -0.357
411.931 -0.358
411.999 -0.359
412.068 -0.36
412.136 -0.361
412.204 -0.362
412.272 -0.363
412.341 -0.364
412.409 -0.365
412.477 -0.366
412.545 -0.367
412.613 -0.368
412.681 -0.369
412.749 -0.37
412.817 -0.371
412.885 -0.372
412.953 -0.373
413.021 -0.374
413.089 -0.375
413.157 -0.376
413.225 -0.377
413.293 -0.378
413.361 -0.379
413.429 -0.38
413.497 -0.381
413.565 -0.382
413.633 -0.383
413.701 -0.384
413.768 -0.385
413.836 -0.386
413.904 -0.387
413.972 -0.388
414.04 -0.389
414.107 -0.39
414.175 -0.391
414.243 -0.392
414.311 -0.393
414.378 -0.394
414.446 -0.395
414.514 -0.396
414.582 -0.397
414.649 -0.398
414.717 -0.399
414.785 -0.4
414.853 -0.401
414.92 -0.402
414.988 -0.403
415.056 -0.404
415.123 -0.405
415.191 -0.406
415.259 -0.407
415.326 -0.408
415.394 -0.409
415.462 -0.41
415.529 -0.411
415.597 -0.412
415.665 -0.413
415.733 -0.414
415.8 -0.415
415.868 -0.416
415.936 -0.417
416.003 -0.418
416.071 -0.419
416.139 -0.42
416.206 -0.421
416.274 -0.422
416.342 -0.423
416.409 -0.424
416.477 -0.425
416.545 -0.426
416.612 -0.427
416.68 -0.428
416.748 -0.429
416.815 -0.43
416.883 -0.431
416.951 -0.432
417.019 -0.433
417.086 -0.434
417.154 -0.435
417.222 -0.436
417.289 -0.437
417.357 -0.438
417.425 -0.439
417.493 -0.44
417.56 -0.441
417.628 -0.442
417.696 -0.443
417.764 -0.444
417.831 -0.445
417.899 -0.446
417.967 -0.447
418.035 -0.448
418.103 -0.449
418.17 -0.45
418.238 -0.451
418.306 -0.452
418.374 -0.453
418.442 -0.454
418.51 -0.455
418.578 -0.456
418.646 -0.457
418.713 -0.458
418.781 -0.459
418.849 -0.46
418.917 -0.461
418.985 -0.462
419.053 -0.463
419.121 -0.464
419.189 -0.465
419.257 -0.466
419.325 -0.467
419.393 -0.468
419.461 -0.469
419.529 -0.47
419.597 -0.471
419.665 -0.472
419.733 -0.473
419.801 -0.474
419.869 -0.475
419.937 -0.476
420.005 -0.477
420.073 -0.478
420.142 -0.479
420.21 -0.48
420.278 -0.481
420.346 -0.482
420.414 -0.483
420.483 -0.484
420.551 -0.485
420.619 -0.486
420.687 -0.487
420.756 -0.488
420.824 -0.489
420.892 -0.49
420.961 -0.491
421.029 -0.492
421.098 -0.493
421.166 -0.494
421.234 -0.495
421.303 -0.496
421.371 -0.497
421.44 -0.498
421.508 -0.499
421.577 -0.5
421.645 -0.501
421.714 -0.502
421.783 -0.503
421.851 -0.504
421.92 -0.505
421.988 -0.506
422.057 -0.507
422.126 -0.508
422.194 -0.509
422.263 -0.51
422.332 -0.511
422.401 -0.512
422.469 -0.513
422.538 -0.514
422.607 -0.515
422.676 -0.516
422.745 -0.517
422.814 -0.518
422.882 -0.519
422.951 -0.52
423.02 -0.521
423.089 -0.522
423.158 -0.523
423.227 -0.524
423.296 -0.525
423.366 -0.526
423.435 -0.527
423.504 -0.528
423.573 -0.529
423.642 -0.53
423.711 -0.531
423.78 -0.532
423.849 -0.533
423.919 -0.534
423.988 -0.535
424.057 -0.536
424.127 -0.537
424.196 -0.538
424.265 -0.539
424.335 -0.54
424.404 -0.541
424.474 -0.542
424.543 -0.543
424.612 -0.544
424.682 -0.545
424.752 -0.546
424.821 -0.547
424.891 -0.548
424.96 -0.549
425.03 -0.55
425.1 -0.551
425.169 -0.552
425.239 -0.553
425.309 -0.554
425.379 -0.555
425.449 -0.556
425.519 -0.557
425.588 -0.558
425.658 -0.559
425.728 -0.56
425.798 -0.561
425.869 -0.562
425.939 -0.563
426.009 -0.564
426.079 -0.565
426.149 -0.566
426.219 -0.567
426.29 -0.568
426.36 -0.569
426.43 -0.57
426.501 -0.571
426.571 -0.572
426.641 -0.573
426.712 -0.574
426.782 -0.575
426.853 -0.576
426.923 -0.577
426.994 -0.578
427.064 -0.579
427.135 -0.58
427.206 -0.581
427.276 -0.582
427.347 -0.583
427.418 -0.584
427.488 -0.585
427.559 -0.586
427.63 -0.587
427.701 -0.588
427.772 -0.589
427.843 -0.59
427.914 -0.591
427.985 -0.592
428.056 -0.593
428.127 -0.594
428.198 -0.595
428.27 -0.596
428.341 -0.597
428.412 -0.598
428.484 -0.599
428.555 -0.6
428.626 -0.601
428.698 -0.602
428.769 -0.603
428.841 -0.604
428.913 -0.605
428.984 -0.606
429.056 -0.607
429.128 -0.608
429.199 -0.609
429.271 -0.61
429.343 -0.611
429.415 -0.612
429.486 -0.613
429.558 -0.614
429.63 -0.615
429.702 -0.616
429.774 -0.617
429.846 -0.618
429.919 -0.619
429.991 -0.62
430.063 -0.621
430.135 -0.622
430.208 -0.623
430.28 -0.624
430.353 -0.625
430.425 -0.626
430.498 -0.627
430.57 -0.628
430.643 -0.629
430.716 -0.63
430.788 -0.631
430.861 -0.632
430.934 -0.633
431.007 -0.634
431.08 -0.635
431.153 -0.636
431.226 -0.637
431.299 -0.638
431.372 -0.639
431.445 -0.64
431.518 -0.641
431.591 -0.642
431.664 -0.643
431.737 -0.644
431.81 -0.645
431.884 -0.646
431.957 -0.647
432.03 -0.648
432.104 -0.649
432.177 -0.65
432.251 -0.651
432.325 -0.652
432.398 -0.653
432.472 -0.654
432.546 -0.655
432.62 -0.656
432.694 -0.657
432.767 -0.658
432.842 -0.659
432.916 -0.66
432.99 -0.661
433.064 -0.662
433.138 -0.663
433.213 -0.664
433.287 -0.665
433.361 -0.666
433.436 -0.667
433.51 -0.668
433.585 -0.669
433.66 -0.67
433.734 -0.671
433.809 -0.672
433.884 -0.673
433.959 -0.674
434.034 -0.675
434.109 -0.676
434.184 -0.677
434.259 -0.678
434.334 -0.679
434.41 -0.68
434.485 -0.681
434.56 -0.682
434.635 -0.683
434.711 -0.684
434.786 -0.685
434.862 -0.686
434.938 -0.687
435.013 -0.688
435.089 -0.689
435.165 -0.69
435.241 -0.691
435.317 -0.692
435.393 -0.693
435.469 -0.694
435.545 -0.695
435.621 -0.696
435.697 -0.697
435.774 -0.698
435.85 -0.699
435.927 -0.7
436.003 -0.701
436.08 -0.702
436.156 -0.703
436.233 -0.704
436.31 -0.705
436.387 -0.706
436.464 -0.707
436.541 -0.708
436.618 -0.709
436.695 -0.71
436.772 -0.711
436.85 -0.712
436.927 -0.713
437.004 -0.714
437.082 -0.715
437.159 -0.716
437.237 -0.717
437.314 -0.718
437.392 -0.719
437.47 -0.72
437.548 -0.721
437.626 -0.722
437.703 -0.723
437.781 -0.724
437.86 -0.725
437.938 -0.726
438.016 -0.727
438.094 -0.728
438.173 -0.729
438.251 -0.73
438.33 -0.731
438.408 -0.732
438.487 -0.733
438.566 -0.734
438.645 -0.735
438.724 -0.736
438.803 -0.737
438.882 -0.738
438.961 -0.739
439.04 -0.74
439.119 -0.741
439.199 -0.742
439.278 -0.743
439.358 -0.744
439.437 -0.745
439.517 -0.746
439.596 -0.747
439.676 -0.748
439.756 -0.749
439.835 -0.75
439.915 -0.751
439.995 -0.752
440.075 -0.753
440.155 -0.754
440.236 -0.755
440.316 -0.756
440.396 -0.757
440.477 -0.758
440.557 -0.759
440.638 -0.76
440.719 -0.761
440.799 -0.762
440.88 -0.763
440.961 -0.764
441.042 -0.765
441.123 -0.766
441.204 -0.767
441.286 -0.768
441.367 -0.769
441.449 -0.77
441.53 -0.771
441.612 -0.772
441.693 -0.773
441.775 -0.774
441.857 -0.775
441.939 -0.776
442.021 -0.777
442.103 -0.778
442.185 -0.779
442.267 -0.78
442.349 -0.781
442.432 -0.782
442.514 -0.783
442.597 -0.784
442.68 -0.785
442.762 -0.786
442.845 -0.787
442.928 -0.788
443.011 -0.789
443.094 -0.79
443.177 -0.791
443.261 -0.792
443.344 -0.793
443.427 -0.794
443.511 -0.795
443.594 -0.796
443.678 -0.797
443.762 -0.798
443.846 -0.799
443.93 -0.8
444.014 -0.801
444.098 -0.802
444.182 -0.803
444.267 -0.804
444.351 -0.805
444.436 -0.806
444.52 -0.807
444.605 -0.808
444.69 -0.809
444.775 -0.81
444.859 -0.811
444.945 -0.812
445.03 -0.813
445.115 -0.814
445.2 -0.815
445.286 -0.816
445.371 -0.817
445.457 -0.818
445.543 -0.819
445.628 -0.82
445.714 -0.821
445.8 -0.822
445.886 -0.823
445.973 -0.824
446.059 -0.825
446.145 -0.826
446.232 -0.827
446.318 -0.828
446.405 -0.829
446.492 -0.83
446.579 -0.831
446.666 -0.832
446.753 -0.833
446.84 -0.834
446.927 -0.835
447.014 -0.836
447.102 -0.837
447.189 -0.838
447.277 -0.839
447.365 -0.84
447.453 -0.841
447.541 -0.842
447.629 -0.843
447.717 -0.844
447.805 -0.845
447.894 -0.846
447.982 -0.847
448.071 -0.848
448.159 -0.849
448.248 -0.85
448.337 -0.851
448.426 -0.852
448.515 -0.853
448.604 -0.854
448.693 -0.855
448.782 -0.856
448.872 -0.857
448.961 -0.858
449.051 -0.859
449.141 -0.86
449.231 -0.861
449.32 -0.862
449.411 -0.863
449.501 -0.864
449.591 -0.865
449.681 -0.866
449.772 -0.867
449.862 -0.868
449.953 -0.869
450.043 -0.87
450.134 -0.871
450.225 -0.872
450.316 -0.873
450.407 -0.874
450.498 -0.875
450.59 -0.876
450.681 -0.877
450.772 -0.878
450.864 -0.879
450.956 -0.88
451.047 -0.881
451.139 -0.882
451.231 -0.883
451.323 -0.884
451.415 -0.885
451.508 -0.886
451.6 -0.887
451.692 -0.888
451.785 -0.889
451.878 -0.89
451.971 -0.891
452.064 -0.892
452.156 -0.893
452.249 -0.894
452.343 -0.895
452.436 -0.896
452.529 -0.897
452.623 -0.898
452.716 -0.899
452.81 -0.9
452.904 -0.901
452.997 -0.902
453.091 -0.903
453.186 -0.904
453.28 -0.905
453.374 -0.906
453.469 -0.907
453.563 -0.908
453.658 -0.909
453.753 -0.91
453.848 -0.911
453.943 -0.912
454.038 -0.913
454.133 -0.914
454.229 -0.915
454.324 -0.916
454.42 -0.917
454.515 -0.918
454.611 -0.919
454.707 -0.92
454.803 -0.921
454.899 -0.922
454.996 -0.923
455.092 -0.924
455.189 -0.925
455.285 -0.926
455.382 -0.927
455.479 -0.928
455.576 -0.929
455.673 -0.93
455.771 -0.931
455.868 -0.932
455.965 -0.933
456.063 -0.934
456.161 -0.935
456.259 -0.936
456.357 -0.937
456.455 -0.938
456.553 -0.939
456.652 -0.94
456.75 -0.941
456.849 -0.942
456.947 -0.943
457.046 -0.944
457.145 -0.945
457.244 -0.946
457.344 -0.947
457.443 -0.948
457.543 -0.949
457.642 -0.95
457.742 -0.951
457.842 -0.952
457.942 -0.953
458.042 -0.954
458.142 -0.955
458.243 -0.956
458.343 -0.957
458.444 -0.958
458.545 -0.959
458.645 -0.96
458.746 -0.961
458.848 -0.962
458.949 -0.963
459.05 -0.964
459.152 -0.965
459.254 -0.966
459.355 -0.967
459.457 -0.968
459.559 -0.969
459.661 -0.97
459.764 -0.971
459.866 -0.972
459.969 -0.973
460.072 -0.974
460.175 -0.975
460.277 -0.976
460.38 -0.977
460.483 -0.978
460.587 -0.979
460.69 -0.98
460.793 -0.981
460.897 -0.982
461.001 -0.983
461.105 -0.984
461.209 -0.985
461.313 -0.986
461.417 -0.987
461.521 -0.988
461.626 -0.989
461.73 -0.99
461.835 -0.991
461.94 -0.992
462.045 -0.993
462.15 -0.994
462.255 -0.995
462.361 -0.996
462.466 -0.997
462.572 -0.998
462.678 -0.999
462.784 -1
462.89 -1.001
462.996 -1.002
463.102 -1.003
463.209 -1.004
463.315 -1.005
463.422 -1.006
463.529 -1.007
463.636 -1.008
463.743 -1.009
463.85 -1.01
463.957 -1.011
464.064 -1.012
464.172 -1.013
464.279 -1.014
464.387 -1.015
464.495 -1.016
464.603 -1.017
464.711 -1.018
464.819 -1.019
464.928 -1.02
465.036 -1.021
465.145 -1.022
465.254 -1.023
465.363 -1.024
465.472 -1.025
465.581 -1.026
465.691 -1.027
465.8 -1.028
465.91 -1.029
466.02 -1.03
466.13 -1.031
466.24 -1.032
466.35 -1.033
466.461 -1.034
466.571 -1.035
466.682 -1.036
466.793 -1.037
466.904 -1.038
467.015 -1.039
467.126 -1.04
467.238 -1.041
467.349 -1.042
467.461 -1.043
467.573 -1.044
467.685 -1.045
467.797 -1.046
467.91 -1.047
468.022 -1.048
468.135 -1.049
468.248 -1.05
468.36 -1.051
468.474 -1.052
468.587 -1.053
468.7 -1.054
468.814 -1.055
468.927 -1.056
469.041 -1.057
469.155 -1.058
469.269 -1.059
469.384 -1.06
469.498 -1.061
469.613 -1.062
469.727 -1.063
469.842 -1.064
469.957 -1.065
470.073 -1.066
470.188 -1.067
470.304 -1.068
470.419 -1.069
470.535 -1.07
470.651 -1.071
470.767 -1.072
470.883 -1.073
471 -1.074
471.116 -1.075
471.233 -1.076
471.35 -1.077
471.467 -1.078
471.584 -1.079
471.702 -1.08
471.819 -1.081
471.937 -1.082
472.055 -1.083
472.173 -1.084
472.291 -1.085
472.409 -1.086
472.527 -1.087
472.646 -1.088
472.765 -1.089
472.883 -1.09
473.002 -1.091
473.121 -1.092
473.241 -1.093
473.36 -1.094
473.48 -1.095
473.599 -1.096
473.719 -1.097
473.839 -1.098
473.959 -1.099
474.08 -1.1
474.2 -1.101
474.321 -1.102
474.442 -1.103
474.563 -1.104
474.684 -1.105
474.805 -1.106
474.927 -1.107
475.048 -1.108
475.17 -1.109
475.292 -1.11
475.414 -1.111
475.536 -1.112
475.658 -1.113
475.781 -1.114
475.903 -1.115
476.026 -1.116
476.149 -1.117
476.271 -1.118
476.394 -1.119
476.517 -1.12
476.64 -1.121
476.764 -1.122
476.887 -1.123
477.011 -1.124
477.135 -1.125
477.259 -1.126
477.383 -1.127
477.507 -1.128
477.632 -1.129
477.756 -1.13
477.881 -1.131
478.006 -1.132
478.131 -1.133
478.256 -1.134
478.382 -1.135
478.507 -1.136
478.633 -1.137
478.758 -1.138
478.884 -1.139
479.009 -1.14
479.135 -1.141
479.261 -1.142
479.388 -1.143
479.514 -1.144
479.641 -1.145
479.767 -1.146
479.894 -1.147
480.021 -1.148
480.148 -1.149
480.276 -1.15
480.403 -1.151
480.531 -1.152
480.659 -1.153
480.787 -1.154
480.915 -1.155
481.044 -1.156
481.172 -1.157
481.301 -1.158
481.43 -1.159
481.559 -1.16
481.688 -1.161
481.817 -1.162
481.947 -1.163
482.077 -1.164
482.207 -1.165
482.337 -1.166
482.467 -1.167
482.597 -1.168
482.728 -1.169
482.858 -1.17
482.989 -1.171
483.12 -1.172
483.252 -1.173
483.383 -1.174
483.515 -1.175
483.646 -1.176
483.778 -1.177
483.91 -1.178
484.042 -1.179
484.174 -1.18
484.306 -1.181
484.439 -1.182
484.571 -1.183
484.704 -1.184
484.837 -1.185
484.97 -1.186
485.103 -1.187
485.236 -1.188
485.37 -1.189
485.503 -1.19
485.637 -1.191
485.771 -1.192
485.905 -1.193
486.04 -1.194
486.174 -1.195
486.309 -1.196
486.444 -1.197
486.579 -1.198
486.714 -1.199
486.849 -1.2
