5.73267 -0.001
11.459 -0.002
17.179 -0.003
22.8925 -0.004
28.5996 -0.005
34.3001 -0.006
39.9941 -0.007
45.6815 -0.008
51.3622 -0.009
57.0362 -0.01
62.7034 -0.011
68.3638 -0.012
74.0173 -0.013
79.6639 -0.014
85.3035 -0.015
90.936 -0.016
96.5615 -0.017
102.18 -0.018
107.791 -0.019
113.394 -0.02
118.991 -0.021
124.58 -0.022
130.161 -0.023
135.735 -0.024
141.302 -0.025
146.86 -0.026
152.411 -0.027
157.954 -0.028
163.489 -0.029
169.016 -0.03
174.535 -0.031
180.046 -0.032
185.549 -0.033
191.039 -0.034
196.371 -0.035
201.242 -0.036
205.328 -0.037
209.299 -0.038
213.246 -0.039
217.084 -0.04
220.608 -0.041
223.575 -0.042
225.785 -0.043
227.937 -0.044
230.079 -0.045
232.218 -0.046
234.347 -0.047
236.466 -0.048
238.576 -0.049
240.674 -0.05
242.757 -0.051
244.829 -0.052
246.89 -0.053
248.948 -0.054
251.001 -0.055
253.048 -0.056
255.09 -0.057
257.126 -0.058
259.165 -0.059
261.202 -0.06
263.228 -0.061
265.234 -0.062
267.192 -0.063
269.094 -0.064
270.918 -0.065
272.632 -0.066
274.254 -0.067
275.677 -0.068
276.852 -0.069
277.934 -0.07
278.951 -0.071
279.862 -0.072
280.708 -0.073
281.475 -0.074
282.087 -0.075
282.546 -0.076
282.855 -0.077
283.148 -0.078
283.428 -0.079
283.699 -0.08
283.96 -0.081
284.21 -0.082
284.454 -0.083
284.693 -0.084
284.926 -0.085
285.152 -0.086
285.375 -0.087
285.592 -0.088
285.804 -0.089
286.013 -0.09
286.218 -0.091
286.418 -0.092
286.614 -0.093
286.805 -0.094
286.992 -0.095
287.176 -0.096
287.355 -0.097
287.53 -0.098
287.701 -0.099
287.868 -0.1
288.03 -0.101
288.189 -0.102
288.341 -0.103
288.49 -0.104
288.635 -0.105
288.778 -0.106
288.916 -0.107
289.052 -0.108
289.186 -0.109
289.316 -0.11
289.445 -0.111
289.569 -0.112
289.693 -0.113
289.815 -0.114
289.933 -0.115
290.05 -0.116
290.166 -0.117
290.279 -0.118
290.392 -0.119
290.504 -0.12
290.614 -0.121
290.722 -0.122
290.83 -0.123
290.937 -0.124
291.041 -0.125
291.144 -0.126
291.247 -0.127
291.348 -0.128
291.446 -0.129
291.543 -0.13
291.64 -0.131
291.736 -0.132
291.829 -0.133
291.921 -0.134
292.013 -0.135
292.104 -0.136
292.192 -0.137
292.28 -0.138
292.368 -0.139
292.454 -0.14
292.539 -0.141
292.623 -0.142
292.706 -0.143
292.789 -0.144
292.871 -0.145
292.952 -0.146
293.033 -0.147
293.112 -0.148
293.19 -0.149
293.268 -0.15
293.346 -0.151
293.422 -0.152
293.496 -0.153
293.569 -0.154
293.642 -0.155
293.714 -0.156
293.785 -0.157
293.857 -0.158
293.925 -0.159
293.992 -0.16
294.059 -0.161
294.126 -0.162
294.193 -0.163
294.26 -0.164
294.325 -0.165
294.389 -0.166
294.452 -0.167
294.515 -0.168
294.577 -0.169
294.639 -0.17
294.701 -0.171
294.763 -0.172
294.823 -0.173
294.882 -0.174
294.941 -0.175
295 -0.176
295.058 -0.177
295.116 -0.178
295.174 -0.179
295.232 -0.18
295.29 -0.181
295.347 -0.182
295.404 -0.183
295.461 -0.184
295.517 -0.185
295.572 -0.186
295.627 -0.187
295.682 -0.188
295.736 -0.189
295.79 -0.19
295.843 -0.191
295.897 -0.192
295.95 -0.193
296.003 -0.194
296.057 -0.195
296.108 -0.196
296.16 -0.197
296.211 -0.198
296.262 -0.199
296.313 -0.2
296.364 -0.201
296.414 -0.202
296.465 -0.203
296.515 -0.204
296.565 -0.205
296.615 -0.206
296.664 -0.207
296.713 -0.208
296.761 -0.209
296.81 -0.21
296.858 -0.211
296.906 -0.212
296.953 -0.213
297.001 -0.214
297.049 -0.215
297.096 -0.216
297.144 -0.217
297.191 -0.218
297.237 -0.219
297.283 -0.22
297.329 -0.221
297.375 -0.222
297.42 -0.223
297.466 -0.224
297.512 -0.225
297.557 -0.226
297.602 -0.227
297.647 -0.228
297.692 -0.229
297.736 -0.23
297.781 -0.231
297.826 -0.232
297.871 -0.233
297.915 -0.234
297.96 -0.235
298.005 -0.236
298.049 -0.237
298.094 -0.238
298.138 -0.239
298.182 -0.24
298.227 -0.241
298.271 -0.242
298.315 -0.243
298.359 -0.244
298.403 -0.245
298.447 -0.246
298.49 -0.247
298.534 -0.248
298.578 -0.249
298.622 -0.25
298.665 -0.251
298.709 -0.252
298.752 -0.253
298.795 -0.254
298.838 -0.255
298.881 -0.256
298.924 -0.257
298.967 -0.258
299.01 -0.259
299.053 -0.26
299.096 -0.261
299.139 -0.262
299.181 -0.263
299.224 -0.264
299.266 -0.265
299.308 -0.266
299.35 -0.267
299.393 -0.268
299.435 -0.269
299.477 -0.27
299.519 -0.271
299.561 -0.272
299.603 -0.273
299.645 -0.274
299.687 -0.275
299.729 -0.276
299.771 -0.277
299.812 -0.278
299.854 -0.279
299.895 -0.28
299.937 -0.281
299.978 -0.282
300.02 -0.283
300.061 -0.284
300.103 -0.285
300.144 -0.286
300.185 -0.287
300.227 -0.288
300.268 -0.289
300.309 -0.29
300.351 -0.291
300.392 -0.292
300.433 -0.293
300.475 -0.294
300.516 -0.295
300.557 -0.296
300.599 -0.297
300.64 -0.298
300.681 -0.299
300.722 -0.3
300.762 -0.301
300.803 -0.302
300.844 -0.303
300.885 -0.304
300.926 -0.305
300.967 -0.306
301.007 -0.307
301.048 -0.308
301.089 -0.309
301.13 -0.31
301.17 -0.311
301.211 -0.312
301.252 -0.313
301.292 -0.314
301.333 -0.315
301.374 -0.316
301.414 -0.317
301.455 -0.318
301.495 -0.319
301.536 -0.32
301.576 -0.321
301.616 -0.322
301.656 -0.323
301.695 -0.324
301.735 -0.325
301.775 -0.326
301.814 -0.327
301.854 -0.328
301.894 -0.329
301.933 -0.33
301.973 -0.331
302.012 -0.332
302.052 -0.333
302.092 -0.334
302.131 -0.335
302.171 -0.336
302.21 -0.337
302.25 -0.338
302.29 -0.339
302.329 -0.34
302.369 -0.341
302.409 -0.342
302.448 -0.343
302.487 -0.344
302.526 -0.345
302.566 -0.346
302.605 -0.347
302.644 -0.348
302.683 -0.349
302.722 -0.35
302.762 -0.351
302.801 -0.352
302.84 -0.353
302.879 -0.354
302.919 -0.355
302.958 -0.356
302.997 -0.357
303.036 -0.358
303.076 -0.359
303.115 -0.36
303.154 -0.361
303.193 -0.362
303.233 -0.363
303.272 -0.364
303.311 -0.365
303.35 -0.366
303.389 -0.367
303.428 -0.368
303.467 -0.369
303.505 -0.37
303.544 -0.371
303.583 -0.372
303.622 -0.373
303.661 -0.374
303.699 -0.375
303.738 -0.376
303.777 -0.377
303.816 -0.378
303.855 -0.379
303.893 -0.38
303.932 -0.381
303.971 -0.382
304.01 -0.383
304.049 -0.384
304.087 -0.385
304.126 -0.386
304.165 -0.387
304.204 -0.388
304.242 -0.389
304.281 -0.39
304.32 -0.391
304.359 -0.392
304.397 -0.393
304.436 -0.394
304.475 -0.395
304.514 -0.396
304.553 -0.397
304.591 -0.398
304.63 -0.399
304.669 -0.4
304.708 -0.401
304.746 -0.402
304.785 -0.403
304.824 -0.404
304.863 -0.405
304.901 -0.406
304.94 -0.407
304.979 -0.408
305.017 -0.409
305.056 -0.41
305.095 -0.411
305.134 -0.412
305.172 -0.413
305.211 -0.414
305.249 -0.415
305.288 -0.416
305.327 -0.417
305.365 -0.418
305.404 -0.419
305.443 -0.42
305.481 -0.421
305.52 -0.422
305.558 -0.423
305.597 -0.424
305.635 -0.425
305.674 -0.426
305.712 -0.427
305.751 -0.428
305.789 -0.429
305.828 -0.43
305.866 -0.431
305.905 -0.432
305.943 -0.433
305.981 -0.434
306.02 -0.435
306.058 -0.436
306.096 -0.437
306.134 -0.438
306.172 -0.439
306.21 -0.44
306.248 -0.441
306.286 -0.442
306.324 -0.443
306.362 -0.444
306.4 -0.445
306.438 -0.446
306.475 -0.447
306.513 -0.448
306.55 -0.449
306.588 -0.45
306.625 -0.451
306.662 -0.452
306.699 -0.453
306.735 -0.454
306.772 -0.455
306.808 -0.456
306.844 -0.457
306.879 -0.458
306.915 -0.459
306.949 -0.46
306.984 -0.461
307.018 -0.462
307.052 -0.463
307.084 -0.464
307.116 -0.465
307.147 -0.466
307.178 -0.467
307.206 -0.468
307.233 -0.469
307.257 -0.47
307.279 -0.471
307.299 -0.472
307.315 -0.473
307.327 -0.474
307.335 -0.475
307.338 -0.476
307.337 -0.477
307.337 -0.478
307.347 -0.479
307.352 -0.48
307.355 -0.481
307.359 -0.482
307.366 -0.483
307.38 -0.484
307.404 -0.485
307.432 -0.486
307.462 -0.487
307.498 -0.488
307.537 -0.489
307.576 -0.49
307.617 -0.491
307.661 -0.492
307.706 -0.493
307.747 -0.494
307.787 -0.495
307.83 -0.496
307.87 -0.497
307.91 -0.498
307.947 -0.499
307.986 -0.5
308.018 -0.501
308.051 -0.502
308.083 -0.503
308.115 -0.504
308.146 -0.505
308.177 -0.506
308.208 -0.507
308.237 -0.508
308.265 -0.509
308.29 -0.51
308.308 -0.511
308.319 -0.512
308.317 -0.513
308.304 -0.514
308.284 -0.515
308.265 -0.516
308.234 -0.517
308.225 -0.518
308.216 -0.519
308.221 -0.52
308.23 -0.521
308.241 -0.522
308.262 -0.523
308.284 -0.524
308.312 -0.525
308.345 -0.526
308.379 -0.527
308.418 -0.528
308.459 -0.529
308.503 -0.53
308.547 -0.531
308.594 -0.532
308.638 -0.533
308.68 -0.534
308.717 -0.535
308.752 -0.536
308.785 -0.537
308.816 -0.538
308.846 -0.539
308.876 -0.54
308.905 -0.541
308.935 -0.542
308.964 -0.543
308.994 -0.544
309.023 -0.545
309.053 -0.546
309.082 -0.547
309.112 -0.548
309.141 -0.549
309.17 -0.55
309.198 -0.551
309.227 -0.552
309.256 -0.553
309.285 -0.554
309.313 -0.555
309.341 -0.556
309.369 -0.557
309.397 -0.558
309.425 -0.559
309.451 -0.56
309.478 -0.561
309.504 -0.562
309.53 -0.563
309.555 -0.564
309.58 -0.565
309.604 -0.566
309.628 -0.567
309.649 -0.568
309.671 -0.569
309.693 -0.57
309.714 -0.571
309.736 -0.572
309.758 -0.573
309.779 -0.574
309.801 -0.575
309.822 -0.576
309.844 -0.577
309.865 -0.578
309.886 -0.579
309.907 -0.58
309.925 -0.581
309.942 -0.582
309.957 -0.583
309.978 -0.584
309.999 -0.585
310.018 -0.586
310.035 -0.587
310.051 -0.588
310.072 -0.589
310.092 -0.59
310.11 -0.591
310.129 -0.592
310.153 -0.593
310.176 -0.594
310.203 -0.595
310.232 -0.596
310.259 -0.597
310.287 -0.598
310.315 -0.599
310.343 -0.6
310.371 -0.601
310.401 -0.602
310.43 -0.603
310.46 -0.604
310.49 -0.605
310.521 -0.606
310.552 -0.607
310.583 -0.608
310.615 -0.609
310.646 -0.61
310.678 -0.611
310.71 -0.612
310.741 -0.613
310.773 -0.614
310.806 -0.615
310.838 -0.616
310.87 -0.617
310.903 -0.618
310.935 -0.619
310.968 -0.62
311 -0.621
311.032 -0.622
311.065 -0.623
311.099 -0.624
311.133 -0.625
311.167 -0.626
311.202 -0.627
311.237 -0.628
311.273 -0.629
311.309 -0.63
311.345 -0.631
311.381 -0.632
311.417 -0.633
311.453 -0.634
311.489 -0.635
311.525 -0.636
311.56 -0.637
311.596 -0.638
311.632 -0.639
311.667 -0.64
311.703 -0.641
311.738 -0.642
311.773 -0.643
311.809 -0.644
311.844 -0.645
311.879 -0.646
311.913 -0.647
311.948 -0.648
311.983 -0.649
312.017 -0.65
312.051 -0.651
312.085 -0.652
312.119 -0.653
312.152 -0.654
312.185 -0.655
312.217 -0.656
312.249 -0.657
312.28 -0.658
312.31 -0.659
312.337 -0.66
312.363 -0.661
312.384 -0.662
312.402 -0.663
312.415 -0.664
312.421 -0.665
312.421 -0.666
312.412 -0.667
312.393 -0.668
312.363 -0.669
312.325 -0.67
312.28 -0.671
312.239 -0.672
312.225 -0.673
312.238 -0.674
312.283 -0.675
312.363 -0.676
312.44 -0.677
312.506 -0.678
312.574 -0.679
312.642 -0.68
312.71 -0.681
312.778 -0.682
312.846 -0.683
312.913 -0.684
312.966 -0.685
313.005 -0.686
313.045 -0.687
313.085 -0.688
313.124 -0.689
313.164 -0.69
313.204 -0.691
313.243 -0.692
313.283 -0.693
313.322 -0.694
313.362 -0.695
313.402 -0.696
313.441 -0.697
313.481 -0.698
313.521 -0.699
313.56 -0.7
313.6 -0.701
313.639 -0.702
313.679 -0.703
313.719 -0.704
313.759 -0.705
313.798 -0.706
313.838 -0.707
313.878 -0.708
313.918 -0.709
313.958 -0.71
313.998 -0.711
314.038 -0.712
314.078 -0.713
314.118 -0.714
314.158 -0.715
314.198 -0.716
314.238 -0.717
314.277 -0.718
314.318 -0.719
314.358 -0.72
314.398 -0.721
314.438 -0.722
314.478 -0.723
314.518 -0.724
314.558 -0.725
314.598 -0.726
314.639 -0.727
314.679 -0.728
314.72 -0.729
314.761 -0.73
314.802 -0.731
314.843 -0.732
314.884 -0.733
314.926 -0.734
314.967 -0.735
315.009 -0.736
315.05 -0.737
315.092 -0.738
315.134 -0.739
315.176 -0.74
315.218 -0.741
315.26 -0.742
315.302 -0.743
315.344 -0.744
315.387 -0.745
315.429 -0.746
315.471 -0.747
315.513 -0.748
315.556 -0.749
315.598 -0.75
315.641 -0.751
315.683 -0.752
315.725 -0.753
315.768 -0.754
315.811 -0.755
315.853 -0.756
315.896 -0.757
315.938 -0.758
315.981 -0.759
316.024 -0.76
316.066 -0.761
316.109 -0.762
316.152 -0.763
316.195 -0.764
316.238 -0.765
316.281 -0.766
316.323 -0.767
316.366 -0.768
316.409 -0.769
316.452 -0.77
316.495 -0.771
316.538 -0.772
316.581 -0.773
316.624 -0.774
316.667 -0.775
316.711 -0.776
316.754 -0.777
316.797 -0.778
316.84 -0.779
316.883 -0.78
316.926 -0.781
316.97 -0.782
317.013 -0.783
317.057 -0.784
317.101 -0.785
317.145 -0.786
317.19 -0.787
317.235 -0.788
317.28 -0.789
317.326 -0.79
317.372 -0.791
317.418 -0.792
317.464 -0.793
317.511 -0.794
317.557 -0.795
317.603 -0.796
317.649 -0.797
317.696 -0.798
317.744 -0.799
317.791 -0.8
317.839 -0.801
317.887 -0.802
317.936 -0.803
317.984 -0.804
318.033 -0.805
318.082 -0.806
318.13 -0.807
318.179 -0.808
318.228 -0.809
318.277 -0.81
318.326 -0.811
318.375 -0.812
318.424 -0.813
318.472 -0.814
318.521 -0.815
318.57 -0.816
318.619 -0.817
318.668 -0.818
318.717 -0.819
318.766 -0.82
318.815 -0.821
318.865 -0.822
318.914 -0.823
318.964 -0.824
319.013 -0.825
319.063 -0.826
319.112 -0.827
319.162 -0.828
319.212 -0.829
319.262 -0.83
319.312 -0.831
319.362 -0.832
319.411 -0.833
319.461 -0.834
319.512 -0.835
319.562 -0.836
319.612 -0.837
319.662 -0.838
319.712 -0.839
319.761 -0.84
319.811 -0.841
319.861 -0.842
319.911 -0.843
319.961 -0.844
320.011 -0.845
320.061 -0.846
320.11 -0.847
320.16 -0.848
320.209 -0.849
320.258 -0.85
320.306 -0.851
320.354 -0.852
320.401 -0.853
320.446 -0.854
320.489 -0.855
320.531 -0.856
320.57 -0.857
320.606 -0.858
320.64 -0.859
320.672 -0.86
320.7 -0.861
320.726 -0.862
320.75 -0.863
320.77 -0.864
320.788 -0.865
320.803 -0.866
320.817 -0.867
320.83 -0.868
320.841 -0.869
320.85 -0.87
320.859 -0.871
320.866 -0.872
320.873 -0.873
320.88 -0.874
320.886 -0.875
320.892 -0.876
320.898 -0.877
320.904 -0.878
320.909 -0.879
320.915 -0.88
320.92 -0.881
320.924 -0.882
320.928 -0.883
320.931 -0.884
320.932 -0.885
320.932 -0.886
320.931 -0.887
320.932 -0.888
320.932 -0.889
320.931 -0.89
320.93 -0.891
320.93 -0.892
320.929 -0.893
320.931 -0.894
320.931 -0.895
320.934 -0.896
320.933 -0.897
320.933 -0.898
320.93 -0.899
320.928 -0.9
320.926 -0.901
320.925 -0.902
320.924 -0.903
320.922 -0.904
320.922 -0.905
320.923 -0.906
320.922 -0.907
320.918 -0.908
320.916 -0.909
320.914 -0.91
320.91 -0.911
320.904 -0.912
320.898 -0.913
320.9 -0.914
320.917 -0.915
320.951 -0.916
320.989 -0.917
321.027 -0.918
321.064 -0.919
321.103 -0.92
321.153 -0.921
321.205 -0.922
321.266 -0.923
321.326 -0.924
321.388 -0.925
321.45 -0.926
321.512 -0.927
321.575 -0.928
321.644 -0.929
321.713 -0.93
321.784 -0.931
321.852 -0.932
321.919 -0.933
321.988 -0.934
322.057 -0.935
322.126 -0.936
322.194 -0.937
322.265 -0.938
322.336 -0.939
322.406 -0.94
322.476 -0.941
322.546 -0.942
322.618 -0.943
322.691 -0.944
322.766 -0.945
322.843 -0.946
322.919 -0.947
322.995 -0.948
323.07 -0.949
323.149 -0.95
323.23 -0.951
323.312 -0.952
323.395 -0.953
323.477 -0.954
323.559 -0.955
323.641 -0.956
323.723 -0.957
323.806 -0.958
323.889 -0.959
323.972 -0.96
324.055 -0.961
324.138 -0.962
324.222 -0.963
324.306 -0.964
324.392 -0.965
324.478 -0.966
324.565 -0.967
324.652 -0.968
324.739 -0.969
324.825 -0.97
324.908 -0.971
324.988 -0.972
325.067 -0.973
325.143 -0.974
325.217 -0.975
325.288 -0.976
325.36 -0.977
325.433 -0.978
325.507 -0.979
325.58 -0.98
325.654 -0.981
325.727 -0.982
325.801 -0.983
325.876 -0.984
325.951 -0.985
326.025 -0.986
326.1 -0.987
326.175 -0.988
326.25 -0.989
326.326 -0.99
326.401 -0.991
326.477 -0.992
326.553 -0.993
326.629 -0.994
326.704 -0.995
326.78 -0.996
326.855 -0.997
326.93 -0.998
327.006 -0.999
327.081 -1
327.156 -1.001
327.23 -1.002
327.305 -1.003
327.379 -1.004
327.453 -1.005
327.526 -1.006
327.599 -1.007
327.671 -1.008
327.743 -1.009
327.815 -1.01
327.885 -1.011
327.955 -1.012
328.024 -1.013
328.092 -1.014
328.16 -1.015
328.229 -1.016
328.297 -1.017
328.366 -1.018
328.435 -1.019
328.504 -1.02
328.573 -1.021
328.642 -1.022
328.711 -1.023
328.781 -1.024
328.85 -1.025
328.92 -1.026
328.989 -1.027
329.059 -1.028
329.129 -1.029
329.199 -1.03
329.269 -1.031
329.339 -1.032
329.409 -1.033
329.479 -1.034
329.549 -1.035
329.619 -1.036
329.69 -1.037
329.76 -1.038
329.831 -1.039
329.902 -1.04
329.973 -1.041
330.045 -1.042
330.116 -1.043
330.188 -1.044
330.259 -1.045
330.331 -1.046
330.403 -1.047
330.475 -1.048
330.547 -1.049
330.619 -1.05
330.692 -1.051
330.764 -1.052
330.837 -1.053
330.91 -1.054
330.983 -1.055
331.056 -1.056
331.129 -1.057
331.202 -1.058
331.275 -1.059
331.348 -1.06
331.422 -1.061
331.495 -1.062
331.569 -1.063
331.643 -1.064
331.717 -1.065
331.79 -1.066
331.864 -1.067
331.939 -1.068
332.013 -1.069
332.087 -1.07
332.162 -1.071
332.236 -1.072
332.311 -1.073
332.385 -1.074
332.46 -1.075
332.535 -1.076
332.61 -1.077
332.685 -1.078
332.761 -1.079
332.836 -1.08
332.912 -1.081
332.987 -1.082
333.063 -1.083
333.139 -1.084
333.214 -1.085
333.29 -1.086
333.366 -1.087
333.443 -1.088
333.519 -1.089
333.595 -1.09
333.671 -1.091
333.748 -1.092
333.825 -1.093
333.901 -1.094
333.978 -1.095
334.055 -1.096
334.132 -1.097
334.209 -1.098
334.286 -1.099
334.364 -1.1
334.441 -1.101
334.518 -1.102
334.596 -1.103
334.674 -1.104
334.751 -1.105
334.829 -1.106
334.907 -1.107
334.985 -1.108
335.063 -1.109
335.142 -1.11
335.22 -1.111
335.299 -1.112
335.377 -1.113
335.456 -1.114
335.535 -1.115
335.614 -1.116
335.693 -1.117
335.772 -1.118
335.851 -1.119
335.93 -1.12
336.01 -1.121
336.089 -1.122
336.169 -1.123
336.249 -1.124
336.328 -1.125
336.408 -1.126
336.488 -1.127
336.568 -1.128
336.649 -1.129
336.729 -1.13
336.809 -1.131
336.89 -1.132
336.97 -1.133
337.051 -1.134
337.132 -1.135
337.213 -1.136
337.294 -1.137
337.375 -1.138
337.456 -1.139
337.537 -1.14
337.618 -1.141
337.7 -1.142
337.781 -1.143
337.863 -1.144
337.945 -1.145
338.026 -1.146
338.108 -1.147
338.19 -1.148
338.273 -1.149
338.355 -1.15
338.437 -1.151
338.52 -1.152
338.602 -1.153
338.685 -1.154
338.767 -1.155
338.85 -1.156
338.933 -1.157
339.016 -1.158
339.1 -1.159
339.183 -1.16
339.267 -1.161
339.351 -1.162
339.434 -1.163
339.518 -1.164
339.602 -1.165
339.687 -1.166
339.771 -1.167
339.855 -1.168
339.94 -1.169
340.024 -1.17
340.109 -1.171
340.194 -1.172
340.279 -1.173
340.364 -1.174
340.449 -1.175
340.534 -1.176
340.62 -1.177
340.705 -1.178
340.791 -1.179
340.877 -1.18
340.963 -1.181
341.049 -1.182
341.135 -1.183
341.221 -1.184
341.308 -1.185
341.394 -1.186
341.481 -1.187
341.567 -1.188
341.654 -1.189
341.741 -1.19
341.828 -1.191
341.915 -1.192
342.003 -1.193
342.09 -1.194
342.177 -1.195
342.265 -1.196
342.353 -1.197
342.441 -1.198
342.529 -1.199
342.617 -1.2
