6.7341 -0.001
13.4611 -0.002
20.181 -0.003
26.8936 -0.004
33.5989 -0.005
40.2969 -0.006
46.9876 -0.007
53.6707 -0.008
60.3463 -0.009
67.0143 -0.01
73.6747 -0.011
80.3273 -0.012
86.9721 -0.013
93.609 -0.014
100.238 -0.015
106.859 -0.016
113.472 -0.017
120.076 -0.018
126.673 -0.019
133.261 -0.02
139.84 -0.021
146.412 -0.022
152.974 -0.023
159.528 -0.024
166.073 -0.025
172.609 -0.026
179.136 -0.027
185.654 -0.028
192.163 -0.029
198.663 -0.03
205.153 -0.031
211.634 -0.032
218.105 -0.033
224.567 -0.034
231.019 -0.035
237.46 -0.036
243.892 -0.037
250.314 -0.038
256.639 -0.039
262.578 -0.04
267.854 -0.041
272.271 -0.042
276.534 -0.043
280.551 -0.044
284.168 -0.045
287.213 -0.046
289.636 -0.047
292.039 -0.048
294.431 -0.049
296.804 -0.05
299.145 -0.051
301.438 -0.052
303.664 -0.053
305.816 -0.054
307.839 -0.055
309.778 -0.056
311.537 -0.057
313.077 -0.058
314.54 -0.059
315.989 -0.06
317.421 -0.061
318.833 -0.062
320.231 -0.063
321.617 -0.064
322.975 -0.065
324.297 -0.066
325.55 -0.067
326.715 -0.068
327.846 -0.069
328.833 -0.07
329.725 -0.071
330.597 -0.072
331.262 -0.073
331.827 -0.074
332.155 -0.075
332.467 -0.076
332.775 -0.077
333.08 -0.078
333.38 -0.079
333.674 -0.08
333.963 -0.081
334.246 -0.082
334.521 -0.083
334.786 -0.084
335.044 -0.085
335.295 -0.086
335.538 -0.087
335.774 -0.088
336.004 -0.089
336.226 -0.09
336.442 -0.091
336.65 -0.092
336.851 -0.093
337.045 -0.094
337.231 -0.095
337.411 -0.096
337.583 -0.097
337.749 -0.098
337.911 -0.099
338.068 -0.1
338.223 -0.101
338.376 -0.102
338.526 -0.103
338.674 -0.104
338.822 -0.105
338.969 -0.106
339.115 -0.107
339.26 -0.108
339.405 -0.109
339.548 -0.11
339.691 -0.111
339.832 -0.112
339.973 -0.113
340.111 -0.114
340.248 -0.115
340.385 -0.116
340.519 -0.117
340.653 -0.118
340.785 -0.119
340.914 -0.12
341.041 -0.121
341.167 -0.122
341.291 -0.123
341.412 -0.124
341.529 -0.125
341.644 -0.126
341.756 -0.127
341.865 -0.128
341.973 -0.129
342.077 -0.13
342.179 -0.131
342.28 -0.132
342.377 -0.133
342.472 -0.134
342.566 -0.135
342.659 -0.136
342.752 -0.137
342.844 -0.138
342.936 -0.139
343.026 -0.14
343.116 -0.141
343.205 -0.142
343.292 -0.143
343.377 -0.144
343.462 -0.145
343.546 -0.146
343.627 -0.147
343.707 -0.148
343.786 -0.149
343.865 -0.15
343.943 -0.151
344.019 -0.152
344.094 -0.153
344.169 -0.154
344.243 -0.155
344.316 -0.156
344.386 -0.157
344.456 -0.158
344.526 -0.159
344.596 -0.16
344.666 -0.161
344.736 -0.162
344.805 -0.163
344.874 -0.164
344.943 -0.165
345.011 -0.166
345.079 -0.167
345.147 -0.168
345.215 -0.169
345.283 -0.17
345.351 -0.171
345.418 -0.172
345.485 -0.173
345.552 -0.174
345.619 -0.175
345.686 -0.176
345.752 -0.177
345.819 -0.178
345.885 -0.179
345.952 -0.18
346.018 -0.181
346.084 -0.182
346.15 -0.183
346.216 -0.184
346.282 -0.185
346.348 -0.186
346.413 -0.187
346.479 -0.188
346.544 -0.189
346.61 -0.19
346.674 -0.191
346.739 -0.192
346.803 -0.193
346.867 -0.194
346.931 -0.195
346.994 -0.196
347.058 -0.197
347.121 -0.198
347.184 -0.199
347.247 -0.2
347.31 -0.201
347.372 -0.202
347.433 -0.203
347.495 -0.204
347.557 -0.205
347.618 -0.206
347.679 -0.207
347.74 -0.208
347.8 -0.209
347.86 -0.21
347.92 -0.211
347.979 -0.212
348.039 -0.213
348.098 -0.214
348.157 -0.215
348.216 -0.216
348.275 -0.217
348.333 -0.218
348.391 -0.219
348.449 -0.22
348.507 -0.221
348.564 -0.222
348.622 -0.223
348.68 -0.224
348.737 -0.225
348.794 -0.226
348.852 -0.227
348.909 -0.228
348.965 -0.229
349.021 -0.23
349.076 -0.231
349.132 -0.232
349.187 -0.233
349.242 -0.234
349.297 -0.235
349.353 -0.236
349.408 -0.237
349.463 -0.238
349.518 -0.239
349.573 -0.24
349.628 -0.241
349.683 -0.242
349.738 -0.243
349.793 -0.244
349.848 -0.245
349.902 -0.246
349.955 -0.247
350.009 -0.248
350.062 -0.249
350.115 -0.25
350.169 -0.251
350.222 -0.252
350.276 -0.253
350.329 -0.254
350.382 -0.255
350.435 -0.256
350.489 -0.257
350.542 -0.258
350.595 -0.259
350.648 -0.26
350.701 -0.261
350.754 -0.262
350.808 -0.263
350.861 -0.264
350.914 -0.265
350.966 -0.266
351.019 -0.267
351.071 -0.268
351.123 -0.269
351.176 -0.27
351.228 -0.271
351.28 -0.272
351.332 -0.273
351.384 -0.274
351.436 -0.275
351.488 -0.276
351.54 -0.277
351.592 -0.278
351.644 -0.279
351.696 -0.28
351.748 -0.281
351.8 -0.282
351.852 -0.283
351.904 -0.284
351.955 -0.285
352.007 -0.286
352.059 -0.287
352.111 -0.288
352.163 -0.289
352.215 -0.29
352.267 -0.291
352.319 -0.292
352.371 -0.293
352.423 -0.294
352.475 -0.295
352.526 -0.296
352.578 -0.297
352.63 -0.298
352.681 -0.299
352.733 -0.3
352.784 -0.301
352.836 -0.302
352.887 -0.303
352.938 -0.304
352.989 -0.305
353.04 -0.306
353.091 -0.307
353.143 -0.308
353.194 -0.309
353.245 -0.31
353.296 -0.311
353.347 -0.312
353.398 -0.313
353.45 -0.314
353.501 -0.315
353.552 -0.316
353.603 -0.317
353.654 -0.318
353.705 -0.319
353.756 -0.32
353.808 -0.321
353.859 -0.322
353.91 -0.323
353.961 -0.324
354.012 -0.325
354.063 -0.326
354.114 -0.327
354.165 -0.328
354.216 -0.329
354.268 -0.33
354.319 -0.331
354.37 -0.332
354.421 -0.333
354.471 -0.334
354.522 -0.335
354.573 -0.336
354.624 -0.337
354.674 -0.338
354.725 -0.339
354.776 -0.34
354.827 -0.341
354.877 -0.342
354.928 -0.343
354.979 -0.344
355.029 -0.345
355.08 -0.346
355.131 -0.347
355.181 -0.348
355.232 -0.349
355.283 -0.35
355.333 -0.351
355.384 -0.352
355.434 -0.353
355.485 -0.354
355.535 -0.355
355.586 -0.356
355.637 -0.357
355.687 -0.358
355.738 -0.359
355.788 -0.36
355.839 -0.361
355.889 -0.362
355.94 -0.363
355.99 -0.364
356.041 -0.365
356.091 -0.366
356.141 -0.367
356.192 -0.368
356.242 -0.369
356.293 -0.37
356.343 -0.371
356.394 -0.372
356.444 -0.373
356.495 -0.374
356.545 -0.375
356.595 -0.376
356.645 -0.377
356.695 -0.378
356.745 -0.379
356.795 -0.38
356.845 -0.381
356.895 -0.382
356.945 -0.383
356.995 -0.384
357.045 -0.385
357.094 -0.386
357.144 -0.387
357.194 -0.388
357.244 -0.389
357.294 -0.39
357.344 -0.391
357.394 -0.392
357.444 -0.393
357.494 -0.394
357.544 -0.395
357.594 -0.396
357.643 -0.397
357.693 -0.398
357.743 -0.399
357.793 -0.4
357.843 -0.401
357.893 -0.402
357.942 -0.403
357.992 -0.404
358.042 -0.405
358.091 -0.406
358.141 -0.407
358.191 -0.408
358.24 -0.409
358.29 -0.41
358.34 -0.411
358.389 -0.412
358.439 -0.413
358.488 -0.414
358.537 -0.415
358.587 -0.416
358.636 -0.417
358.685 -0.418
358.734 -0.419
358.783 -0.42
358.832 -0.421
358.881 -0.422
358.93 -0.423
358.979 -0.424
359.028 -0.425
359.077 -0.426
359.126 -0.427
359.175 -0.428
359.224 -0.429
359.272 -0.43
359.321 -0.431
359.37 -0.432
359.419 -0.433
359.467 -0.434
359.516 -0.435
359.565 -0.436
359.613 -0.437
359.662 -0.438
359.71 -0.439
359.759 -0.44
359.807 -0.441
359.856 -0.442
359.904 -0.443
359.953 -0.444
360.001 -0.445
360.049 -0.446
360.097 -0.447
360.145 -0.448
360.193 -0.449
360.241 -0.45
360.289 -0.451
360.336 -0.452
360.384 -0.453
360.431 -0.454
360.478 -0.455
360.526 -0.456
360.573 -0.457
360.62 -0.458
360.666 -0.459
360.713 -0.46
360.759 -0.461
360.806 -0.462
360.852 -0.463
360.897 -0.464
360.943 -0.465
360.988 -0.466
361.032 -0.467
361.076 -0.468
361.12 -0.469
361.163 -0.47
361.205 -0.471
361.246 -0.472
361.286 -0.473
361.323 -0.474
361.357 -0.475
361.388 -0.476
361.415 -0.477
361.437 -0.478
361.454 -0.479
361.467 -0.48
361.473 -0.481
361.47 -0.482
361.461 -0.483
361.447 -0.484
361.426 -0.485
361.408 -0.486
361.399 -0.487
361.389 -0.488
361.388 -0.489
361.407 -0.49
361.425 -0.491
361.449 -0.492
361.485 -0.493
361.52 -0.494
361.556 -0.495
361.597 -0.496
361.644 -0.497
361.692 -0.498
361.739 -0.499
361.79 -0.5
361.844 -0.501
361.901 -0.502
361.957 -0.503
362.014 -0.504
362.074 -0.505
362.133 -0.506
362.196 -0.507
362.258 -0.508
362.317 -0.509
362.37 -0.51
362.424 -0.511
362.478 -0.512
362.528 -0.513
362.572 -0.514
362.616 -0.515
362.659 -0.516
362.702 -0.517
362.746 -0.518
362.789 -0.519
362.832 -0.52
362.875 -0.521
362.919 -0.522
362.962 -0.523
363.005 -0.524
363.049 -0.525
363.092 -0.526
363.135 -0.527
363.179 -0.528
363.222 -0.529
363.265 -0.53
363.308 -0.531
363.351 -0.532
363.395 -0.533
363.438 -0.534
363.481 -0.535
363.524 -0.536
363.567 -0.537
363.61 -0.538
363.653 -0.539
363.696 -0.54
363.74 -0.541
363.783 -0.542
363.826 -0.543
363.87 -0.544
363.913 -0.545
363.957 -0.546
364 -0.547
364.043 -0.548
364.087 -0.549
364.13 -0.55
364.173 -0.551
364.217 -0.552
364.26 -0.553
364.303 -0.554
364.347 -0.555
364.39 -0.556
364.433 -0.557
364.476 -0.558
364.52 -0.559
364.563 -0.56
364.606 -0.561
364.648 -0.562
364.691 -0.563
364.735 -0.564
364.778 -0.565
364.821 -0.566
364.865 -0.567
364.908 -0.568
364.952 -0.569
364.996 -0.57
365.039 -0.571
365.083 -0.572
365.127 -0.573
365.171 -0.574
365.216 -0.575
365.26 -0.576
365.305 -0.577
365.349 -0.578
365.394 -0.579
365.44 -0.58
365.485 -0.581
365.531 -0.582
365.578 -0.583
365.624 -0.584
365.671 -0.585
365.717 -0.586
365.764 -0.587
365.811 -0.588
365.857 -0.589
365.904 -0.59
365.95 -0.591
365.997 -0.592
366.043 -0.593
366.09 -0.594
366.137 -0.595
366.183 -0.596
366.23 -0.597
366.277 -0.598
366.324 -0.599
366.371 -0.6
366.418 -0.601
366.465 -0.602
366.512 -0.603
366.559 -0.604
366.606 -0.605
366.653 -0.606
366.7 -0.607
366.747 -0.608
366.794 -0.609
366.841 -0.61
366.888 -0.611
366.936 -0.612
366.983 -0.613
367.03 -0.614
367.077 -0.615
367.125 -0.616
367.172 -0.617
367.219 -0.618
367.267 -0.619
367.314 -0.62
367.362 -0.621
367.409 -0.622
367.457 -0.623
367.504 -0.624
367.551 -0.625
367.599 -0.626
367.646 -0.627
367.694 -0.628
367.741 -0.629
367.788 -0.63
367.836 -0.631
367.883 -0.632
367.93 -0.633
367.978 -0.634
368.025 -0.635
368.073 -0.636
368.12 -0.637
368.167 -0.638
368.215 -0.639
368.262 -0.64
368.309 -0.641
368.357 -0.642
368.404 -0.643
368.451 -0.644
368.499 -0.645
368.546 -0.646
368.593 -0.647
368.641 -0.648
368.688 -0.649
368.735 -0.65
368.782 -0.651
368.83 -0.652
368.877 -0.653
368.924 -0.654
368.971 -0.655
369.018 -0.656
369.066 -0.657
369.113 -0.658
369.16 -0.659
369.206 -0.66
369.253 -0.661
369.3 -0.662
369.347 -0.663
369.394 -0.664
369.441 -0.665
369.488 -0.666
369.535 -0.667
369.581 -0.668
369.628 -0.669
369.675 -0.67
369.722 -0.671
369.769 -0.672
369.817 -0.673
369.864 -0.674
369.912 -0.675
369.961 -0.676
370.009 -0.677
370.058 -0.678
370.106 -0.679
370.156 -0.68
370.205 -0.681
370.254 -0.682
370.304 -0.683
370.354 -0.684
370.404 -0.685
370.454 -0.686
370.503 -0.687
370.553 -0.688
370.602 -0.689
370.652 -0.69
370.701 -0.691
370.751 -0.692
370.8 -0.693
370.849 -0.694
370.899 -0.695
370.948 -0.696
370.997 -0.697
371.045 -0.698
371.094 -0.699
371.143 -0.7
371.191 -0.701
371.239 -0.702
371.287 -0.703
371.334 -0.704
371.381 -0.705
371.427 -0.706
371.472 -0.707
371.515 -0.708
371.554 -0.709
371.588 -0.71
371.615 -0.711
371.633 -0.712
371.643 -0.713
371.646 -0.714
371.641 -0.715
371.63 -0.716
371.614 -0.717
371.592 -0.718
371.567 -0.719
371.539 -0.72
371.51 -0.721
371.482 -0.722
371.454 -0.723
371.432 -0.724
371.432 -0.725
371.435 -0.726
371.47 -0.727
371.513 -0.728
371.572 -0.729
371.643 -0.73
371.719 -0.731
371.798 -0.732
371.877 -0.733
371.956 -0.734
372.03 -0.735
372.107 -0.736
372.186 -0.737
372.265 -0.738
372.346 -0.739
372.427 -0.74
372.508 -0.741
372.589 -0.742
372.67 -0.743
372.751 -0.744
372.83 -0.745
372.906 -0.746
372.977 -0.747
373.041 -0.748
373.099 -0.749
373.153 -0.75
373.203 -0.751
373.254 -0.752
373.304 -0.753
373.355 -0.754
373.405 -0.755
373.456 -0.756
373.506 -0.757
373.557 -0.758
373.607 -0.759
373.658 -0.76
373.708 -0.761
373.758 -0.762
373.809 -0.763
373.859 -0.764
373.91 -0.765
373.96 -0.766
374.01 -0.767
374.061 -0.768
374.111 -0.769
374.162 -0.77
374.212 -0.771
374.263 -0.772
374.313 -0.773
374.363 -0.774
374.414 -0.775
374.464 -0.776
374.515 -0.777
374.565 -0.778
374.616 -0.779
374.666 -0.78
374.717 -0.781
374.767 -0.782
374.818 -0.783
374.869 -0.784
374.919 -0.785
374.97 -0.786
375.02 -0.787
375.071 -0.788
375.122 -0.789
375.172 -0.79
375.223 -0.791
375.273 -0.792
375.324 -0.793
375.375 -0.794
375.425 -0.795
375.476 -0.796
375.527 -0.797
375.578 -0.798
375.628 -0.799
375.679 -0.8
375.73 -0.801
375.781 -0.802
375.831 -0.803
375.882 -0.804
375.933 -0.805
375.984 -0.806
376.034 -0.807
376.085 -0.808
376.136 -0.809
376.187 -0.81
376.238 -0.811
376.289 -0.812
376.339 -0.813
376.39 -0.814
376.441 -0.815
376.492 -0.816
376.543 -0.817
376.594 -0.818
376.645 -0.819
376.696 -0.82
376.747 -0.821
376.798 -0.822
376.849 -0.823
376.899 -0.824
376.95 -0.825
377.001 -0.826
377.052 -0.827
377.103 -0.828
377.154 -0.829
377.205 -0.83
377.256 -0.831
377.307 -0.832
377.358 -0.833
377.409 -0.834
377.46 -0.835
377.511 -0.836
377.562 -0.837
377.613 -0.838
377.664 -0.839
377.715 -0.84
377.766 -0.841
377.817 -0.842
377.868 -0.843
377.919 -0.844
377.97 -0.845
378.021 -0.846
378.072 -0.847
378.123 -0.848
378.174 -0.849
378.225 -0.85
378.276 -0.851
378.327 -0.852
378.378 -0.853
378.429 -0.854
378.48 -0.855
378.53 -0.856
378.581 -0.857
378.632 -0.858
378.683 -0.859
378.734 -0.86
378.785 -0.861
378.835 -0.862
378.886 -0.863
378.937 -0.864
378.989 -0.865
379.042 -0.866
379.095 -0.867
379.148 -0.868
379.201 -0.869
379.254 -0.87
379.307 -0.871
379.36 -0.872
379.413 -0.873
379.466 -0.874
379.519 -0.875
379.572 -0.876
379.625 -0.877
379.678 -0.878
379.731 -0.879
379.784 -0.88
379.837 -0.881
379.89 -0.882
379.943 -0.883
379.996 -0.884
380.048 -0.885
380.101 -0.886
380.154 -0.887
380.206 -0.888
380.259 -0.889
380.311 -0.89
380.364 -0.891
380.416 -0.892
380.468 -0.893
380.52 -0.894
380.572 -0.895
380.626 -0.896
380.68 -0.897
380.735 -0.898
380.789 -0.899
380.843 -0.9
380.897 -0.901
380.95 -0.902
381.003 -0.903
381.056 -0.904
381.108 -0.905
381.157 -0.906
381.203 -0.907
381.244 -0.908
381.278 -0.909
381.306 -0.91
381.328 -0.911
381.347 -0.912
381.363 -0.913
381.379 -0.914
381.394 -0.915
381.409 -0.916
381.424 -0.917
381.439 -0.918
381.455 -0.919
381.47 -0.92
381.485 -0.921
381.5 -0.922
381.516 -0.923
381.531 -0.924
381.546 -0.925
381.562 -0.926
381.577 -0.927
381.592 -0.928
381.608 -0.929
381.623 -0.93
381.638 -0.931
381.654 -0.932
381.669 -0.933
381.685 -0.934
381.7 -0.935
381.716 -0.936
381.731 -0.937
381.747 -0.938
381.763 -0.939
381.778 -0.94
381.794 -0.941
381.809 -0.942
381.825 -0.943
381.841 -0.944
381.858 -0.945
381.877 -0.946
381.896 -0.947
381.918 -0.948
381.94 -0.949
381.964 -0.95
381.989 -0.951
382.014 -0.952
382.039 -0.953
382.064 -0.954
382.089 -0.955
382.114 -0.956
382.14 -0.957
382.165 -0.958
382.19 -0.959
382.215 -0.96
382.24 -0.961
382.264 -0.962
382.277 -0.963
382.254 -0.964
382.203 -0.965
382.148 -0.966
382.075 -0.967
381.955 -0.968
381.832 -0.969
381.708 -0.97
381.584 -0.971
381.461 -0.972
381.337 -0.973
381.214 -0.974
381.167 -0.975
381.244 -0.976
381.334 -0.977
381.426 -0.978
381.714 -0.979
382.008 -0.98
382.247 -0.981
382.455 -0.982
382.659 -0.983
382.815 -0.984
382.91 -0.985
382.999 -0.986
383.09 -0.987
383.183 -0.988
383.277 -0.989
383.367 -0.99
383.451 -0.991
383.532 -0.992
383.609 -0.993
383.679 -0.994
383.747 -0.995
383.816 -0.996
383.884 -0.997
383.953 -0.998
384.022 -0.999
384.091 -1
384.159 -1.001
384.228 -1.002
384.297 -1.003
384.365 -1.004
384.434 -1.005
384.502 -1.006
384.571 -1.007
384.639 -1.008
384.708 -1.009
384.776 -1.01
384.844 -1.011
384.913 -1.012
384.981 -1.013
385.049 -1.014
385.117 -1.015
385.185 -1.016
385.253 -1.017
385.321 -1.018
385.389 -1.019
385.456 -1.02
385.524 -1.021
385.592 -1.022
385.659 -1.023
385.727 -1.024
385.794 -1.025
385.861 -1.026
385.928 -1.027
385.996 -1.028
386.063 -1.029
386.13 -1.03
386.196 -1.031
386.263 -1.032
386.33 -1.033
386.397 -1.034
386.463 -1.035
386.53 -1.036
386.596 -1.037
386.662 -1.038
386.728 -1.039
386.795 -1.04
386.861 -1.041
386.927 -1.042
386.993 -1.043
387.06 -1.044
387.126 -1.045
387.192 -1.046
387.258 -1.047
387.325 -1.048
387.391 -1.049
387.457 -1.05
387.524 -1.051
387.59 -1.052
387.656 -1.053
387.723 -1.054
387.789 -1.055
387.855 -1.056
387.921 -1.057
387.988 -1.058
388.054 -1.059
388.121 -1.06
388.187 -1.061
388.254 -1.062
388.32 -1.063
388.387 -1.064
388.454 -1.065
388.52 -1.066
388.586 -1.067
388.651 -1.068
388.716 -1.069
388.781 -1.07
388.845 -1.071
388.909 -1.072
388.972 -1.073
389.035 -1.074
389.097 -1.075
389.158 -1.076
389.219 -1.077
389.277 -1.078
389.336 -1.079
389.393 -1.08
389.45 -1.081
389.506 -1.082
389.563 -1.083
389.619 -1.084
389.676 -1.085
389.732 -1.086
389.788 -1.087
389.844 -1.088
389.901 -1.089
389.957 -1.09
390.013 -1.091
390.069 -1.092
390.124 -1.093
390.18 -1.094
390.236 -1.095
390.292 -1.096
390.347 -1.097
390.402 -1.098
390.458 -1.099
390.513 -1.1
390.567 -1.101
390.622 -1.102
390.674 -1.103
390.723 -1.104
390.769 -1.105
390.81 -1.106
390.846 -1.107
390.877 -1.108
390.904 -1.109
390.924 -1.11
390.935 -1.111
390.938 -1.112
390.975 -1.113
391.007 -1.114
391.035 -1.115
391.058 -1.116
391.077 -1.117
391.105 -1.118
391.134 -1.119
391.196 -1.12
391.255 -1.121
391.313 -1.122
391.37 -1.123
391.425 -1.124
391.492 -1.125
391.568 -1.126
391.645 -1.127
391.718 -1.128
391.791 -1.129
391.864 -1.13
391.934 -1.131
392.003 -1.132
392.071 -1.133
392.144 -1.134
392.216 -1.135
392.286 -1.136
392.353 -1.137
392.42 -1.138
392.486 -1.139
392.551 -1.14
392.615 -1.141
392.677 -1.142
392.735 -1.143
392.794 -1.144
392.853 -1.145
392.912 -1.146
392.971 -1.147
393.03 -1.148
393.089 -1.149
393.148 -1.15
393.207 -1.151
393.266 -1.152
393.325 -1.153
393.384 -1.154
393.443 -1.155
393.502 -1.156
393.562 -1.157
393.621 -1.158
393.681 -1.159
393.74 -1.16
393.8 -1.161
393.859 -1.162
393.919 -1.163
393.979 -1.164
394.038 -1.165
394.098 -1.166
394.158 -1.167
394.217 -1.168
394.277 -1.169
394.337 -1.17
394.396 -1.171
394.456 -1.172
394.516 -1.173
394.576 -1.174
394.636 -1.175
394.695 -1.176
394.755 -1.177
394.815 -1.178
394.875 -1.179
394.934 -1.18
394.994 -1.181
395.054 -1.182
395.113 -1.183
395.173 -1.184
395.233 -1.185
395.293 -1.186
395.352 -1.187
395.412 -1.188
395.472 -1.189
395.531 -1.19
395.591 -1.191
395.65 -1.192
395.71 -1.193
395.769 -1.194
395.829 -1.195
395.888 -1.196
395.948 -1.197
396.008 -1.198
396.068 -1.199
396.128 -1.2
396.188 -1.201
396.248 -1.202
396.308 -1.203
396.368 -1.204
396.428 -1.205
396.488 -1.206
396.548 -1.207
396.608 -1.208
396.668 -1.209
396.728 -1.21
396.788 -1.211
396.848 -1.212
396.908 -1.213
396.968 -1.214
397.028 -1.215
397.089 -1.216
397.149 -1.217
397.209 -1.218
397.27 -1.219
397.33 -1.22
397.391 -1.221
397.451 -1.222
397.511 -1.223
397.571 -1.224
397.631 -1.225
397.692 -1.226
397.752 -1.227
397.813 -1.228
397.873 -1.229
397.934 -1.23
397.994 -1.231
398.055 -1.232
398.115 -1.233
398.176 -1.234
398.236 -1.235
398.297 -1.236
398.357 -1.237
398.417 -1.238
398.477 -1.239
398.538 -1.24
398.598 -1.241
398.658 -1.242
398.718 -1.243
398.779 -1.244
398.839 -1.245
398.9 -1.246
398.96 -1.247
399.02 -1.248
399.08 -1.249
399.141 -1.25
399.202 -1.251
399.263 -1.252
399.324 -1.253
399.385 -1.254
399.446 -1.255
399.507 -1.256
399.567 -1.257
399.628 -1.258
399.689 -1.259
399.75 -1.26
399.811 -1.261
399.872 -1.262
399.932 -1.263
399.993 -1.264
400.054 -1.265
400.115 -1.266
400.175 -1.267
400.236 -1.268
400.297 -1.269
400.358 -1.27
400.419 -1.271
400.48 -1.272
400.541 -1.273
400.602 -1.274
400.664 -1.275
400.725 -1.276
400.786 -1.277
400.847 -1.278
400.908 -1.279
400.969 -1.28
401.03 -1.281
401.091 -1.282
401.152 -1.283
401.213 -1.284
401.274 -1.285
401.335 -1.286
401.396 -1.287
401.457 -1.288
401.518 -1.289
401.579 -1.29
401.64 -1.291
401.7 -1.292
401.761 -1.293
401.822 -1.294
401.883 -1.295
401.944 -1.296
402.005 -1.297
402.065 -1.298
402.126 -1.299
402.187 -1.3
