11.2394 -0.001
22.4539 -0.002
33.6433 -0.003
44.8072 -0.004
55.9453 -0.005
67.0571 -0.006
78.1423 -0.007
89.2004 -0.008
100.231 -0.009
111.234 -0.01
122.208 -0.011
133.153 -0.012
144.07 -0.013
154.956 -0.014
165.811 -0.015
176.636 -0.016
187.429 -0.017
198.189 -0.018
208.917 -0.019
219.611 -0.02
230.271 -0.021
240.763 -0.022
250.162 -0.023
258.761 -0.024
267.307 -0.025
275.821 -0.026
284.313 -0.027
292.776 -0.028
301.212 -0.029
309.622 -0.03
318.005 -0.031
326.332 -0.032
333.972 -0.033
339.487 -0.034
343.773 -0.035
348.065 -0.036
352.375 -0.037
356.673 -0.038
360.958 -0.039
365.238 -0.04
369.5 -0.041
373.73 -0.042
377.931 -0.043
382.102 -0.044
386.243 -0.045
390.346 -0.046
394.412 -0.047
398.41 -0.048
402.36 -0.049
406.122 -0.05
409.841 -0.051
413.384 -0.052
416.758 -0.053
420.11 -0.054
423.441 -0.055
426.588 -0.056
429.595 -0.057
432.585 -0.058
435.486 -0.059
438.255 -0.06
440.942 -0.061
443.546 -0.062
445.967 -0.063
448.209 -0.064
450.135 -0.065
451.842 -0.066
453.095 -0.067
453.871 -0.068
454.329 -0.069
454.763 -0.07
455.176 -0.071
455.57 -0.072
455.941 -0.073
456.288 -0.074
456.619 -0.075
456.934 -0.076
457.233 -0.077
457.512 -0.078
457.774 -0.079
458.024 -0.08
458.256 -0.081
458.472 -0.082
458.677 -0.083
458.869 -0.084
459.055 -0.085
459.233 -0.086
459.405 -0.087
459.571 -0.088
459.733 -0.089
459.891 -0.09
460.044 -0.091
460.187 -0.092
460.319 -0.093
460.446 -0.094
460.568 -0.095
460.685 -0.096
460.797 -0.097
460.902 -0.098
461.003 -0.099
461.097 -0.1
461.186 -0.101
461.27 -0.102
461.349 -0.103
461.423 -0.104
461.492 -0.105
461.557 -0.106
461.617 -0.107
461.674 -0.108
461.728 -0.109
461.779 -0.11
461.828 -0.111
461.875 -0.112
461.921 -0.113
461.966 -0.114
462.009 -0.115
462.051 -0.116
462.092 -0.117
462.131 -0.118
462.168 -0.119
462.204 -0.12
462.239 -0.121
462.27 -0.122
462.297 -0.123
462.32 -0.124
462.339 -0.125
462.354 -0.126
462.365 -0.127
462.372 -0.128
462.377 -0.129
462.379 -0.13
462.38 -0.131
462.378 -0.132
462.369 -0.133
462.359 -0.134
462.344 -0.135
462.328 -0.136
462.306 -0.137
462.282 -0.138
462.252 -0.139
462.22 -0.14
462.186 -0.141
462.152 -0.142
462.117 -0.143
462.081 -0.144
462.044 -0.145
462.007 -0.146
461.969 -0.147
461.931 -0.148
461.892 -0.149
461.853 -0.15
461.812 -0.151
461.771 -0.152
461.73 -0.153
461.687 -0.154
461.641 -0.155
461.594 -0.156
461.547 -0.157
461.496 -0.158
461.451 -0.159
461.412 -0.16
461.372 -0.161
461.331 -0.162
461.29 -0.163
461.244 -0.164
461.198 -0.165
461.151 -0.166
461.104 -0.167
461.057 -0.168
461.01 -0.169
460.963 -0.17
460.916 -0.171
460.869 -0.172
460.821 -0.173
460.774 -0.174
460.726 -0.175
460.678 -0.176
460.63 -0.177
460.581 -0.178
460.533 -0.179
460.485 -0.18
460.436 -0.181
460.388 -0.182
460.342 -0.183
460.303 -0.184
460.272 -0.185
460.249 -0.186
460.229 -0.187
460.209 -0.188
460.189 -0.189
460.169 -0.19
460.148 -0.191
460.128 -0.192
460.108 -0.193
460.087 -0.194
460.067 -0.195
460.046 -0.196
460.026 -0.197
460.005 -0.198
459.985 -0.199
459.964 -0.2
459.944 -0.201
459.924 -0.202
459.904 -0.203
459.884 -0.204
459.864 -0.205
459.844 -0.206
459.824 -0.207
459.804 -0.208
459.785 -0.209
459.765 -0.21
459.746 -0.211
459.725 -0.212
459.705 -0.213
459.686 -0.214
459.668 -0.215
459.653 -0.216
459.639 -0.217
459.628 -0.218
459.619 -0.219
459.611 -0.22
459.604 -0.221
459.597 -0.222
459.592 -0.223
459.586 -0.224
459.582 -0.225
459.578 -0.226
459.575 -0.227
459.572 -0.228
459.57 -0.229
459.569 -0.23
459.567 -0.231
459.566 -0.232
459.566 -0.233
459.565 -0.234
459.565 -0.235
459.566 -0.236
459.566 -0.237
459.568 -0.238
459.569 -0.239
459.571 -0.24
459.573 -0.241
459.576 -0.242
459.579 -0.243
459.583 -0.244
459.587 -0.245
459.591 -0.246
459.596 -0.247
459.601 -0.248
459.607 -0.249
459.614 -0.25
459.621 -0.251
459.628 -0.252
459.637 -0.253
459.645 -0.254
459.655 -0.255
459.665 -0.256
459.675 -0.257
459.686 -0.258
459.698 -0.259
459.71 -0.26
459.725 -0.261
459.742 -0.262
459.761 -0.263
459.784 -0.264
459.809 -0.265
459.836 -0.266
459.865 -0.267
459.896 -0.268
459.928 -0.269
459.961 -0.27
459.995 -0.271
460.031 -0.272
460.067 -0.273
460.104 -0.274
460.142 -0.275
460.181 -0.276
460.22 -0.277
460.26 -0.278
460.3 -0.279
460.342 -0.28
460.384 -0.281
460.427 -0.282
460.47 -0.283
460.515 -0.284
460.56 -0.285
460.606 -0.286
460.652 -0.287
460.7 -0.288
460.748 -0.289
460.798 -0.29
460.848 -0.291
460.9 -0.292
460.952 -0.293
461.006 -0.294
461.06 -0.295
461.116 -0.296
461.173 -0.297
461.23 -0.298
461.289 -0.299
461.349 -0.3
461.409 -0.301
461.471 -0.302
461.534 -0.303
461.598 -0.304
461.662 -0.305
461.728 -0.306
461.794 -0.307
461.862 -0.308
461.93 -0.309
461.999 -0.31
462.069 -0.311
462.141 -0.312
462.213 -0.313
462.287 -0.314
462.363 -0.315
462.44 -0.316
462.518 -0.317
462.598 -0.318
462.68 -0.319
462.763 -0.32
462.847 -0.321
462.933 -0.322
463.019 -0.323
463.107 -0.324
463.196 -0.325
463.285 -0.326
463.376 -0.327
463.467 -0.328
463.56 -0.329
463.654 -0.33
463.748 -0.331
463.844 -0.332
463.941 -0.333
464.038 -0.334
464.137 -0.335
464.237 -0.336
464.338 -0.337
464.44 -0.338
464.543 -0.339
464.648 -0.34
464.753 -0.341
464.859 -0.342
464.964 -0.343
465.063 -0.344
465.162 -0.345
465.262 -0.346
465.362 -0.347
465.464 -0.348
465.566 -0.349
465.67 -0.35
465.774 -0.351
465.88 -0.352
465.986 -0.353
466.094 -0.354
466.202 -0.355
466.312 -0.356
466.423 -0.357
466.534 -0.358
466.647 -0.359
466.761 -0.36
466.875 -0.361
466.991 -0.362
467.108 -0.363
467.227 -0.364
467.346 -0.365
467.466 -0.366
467.588 -0.367
467.711 -0.368
467.835 -0.369
467.96 -0.37
468.086 -0.371
468.213 -0.372
468.342 -0.373
468.471 -0.374
468.602 -0.375
468.734 -0.376
468.868 -0.377
469.002 -0.378
469.138 -0.379
469.275 -0.38
469.413 -0.381
469.552 -0.382
469.692 -0.383
469.834 -0.384
469.977 -0.385
470.121 -0.386
470.267 -0.387
470.413 -0.388
470.561 -0.389
470.71 -0.39
470.861 -0.391
471.012 -0.392
471.165 -0.393
471.319 -0.394
471.475 -0.395
471.632 -0.396
471.79 -0.397
471.949 -0.398
472.109 -0.399
472.271 -0.4
472.434 -0.401
472.599 -0.402
472.765 -0.403
472.932 -0.404
473.1 -0.405
473.27 -0.406
473.441 -0.407
473.613 -0.408
473.787 -0.409
473.962 -0.41
474.139 -0.411
474.316 -0.412
474.495 -0.413
474.676 -0.414
474.857 -0.415
475.04 -0.416
475.225 -0.417
475.411 -0.418
475.598 -0.419
475.786 -0.42
475.976 -0.421
476.168 -0.422
476.36 -0.423
476.553 -0.424
476.748 -0.425
476.943 -0.426
477.141 -0.427
477.338 -0.428
477.537 -0.429
477.737 -0.43
477.939 -0.431
478.141 -0.432
478.343 -0.433
478.547 -0.434
478.752 -0.435
478.957 -0.436
479.164 -0.437
479.372 -0.438
479.579 -0.439
479.788 -0.44
479.998 -0.441
480.208 -0.442
480.418 -0.443
480.63 -0.444
480.843 -0.445
481.058 -0.446
481.274 -0.447
481.492 -0.448
481.711 -0.449
481.931 -0.45
482.153 -0.451
482.377 -0.452
482.601 -0.453
482.828 -0.454
483.055 -0.455
483.284 -0.456
483.515 -0.457
483.747 -0.458
483.98 -0.459
484.215 -0.46
484.451 -0.461
484.689 -0.462
484.929 -0.463
485.17 -0.464
485.412 -0.465
485.656 -0.466
485.901 -0.467
486.148 -0.468
486.397 -0.469
486.647 -0.47
486.899 -0.471
487.152 -0.472
487.406 -0.473
487.662 -0.474
487.92 -0.475
488.179 -0.476
488.44 -0.477
488.702 -0.478
488.966 -0.479
489.23 -0.48
489.495 -0.481
489.761 -0.482
490.027 -0.483
490.292 -0.484
490.556 -0.485
490.818 -0.486
491.078 -0.487
491.335 -0.488
491.588 -0.489
491.839 -0.49
492.092 -0.491
492.347 -0.492
492.602 -0.493
492.859 -0.494
493.118 -0.495
493.377 -0.496
493.638 -0.497
493.9 -0.498
494.164 -0.499
494.427 -0.5
494.69 -0.501
494.952 -0.502
495.214 -0.503
495.475 -0.504
495.736 -0.505
495.995 -0.506
496.255 -0.507
496.513 -0.508
496.77 -0.509
497.021 -0.51
497.247 -0.511
497.426 -0.512
497.525 -0.513
497.495 -0.514
497.375 -0.515
497.213 -0.516
496.986 -0.517
496.68 -0.518
496.889 -0.519
497.245 -0.52
497.681 -0.521
498.12 -0.522
498.514 -0.523
498.892 -0.524
499.178 -0.525
499.366 -0.526
499.407 -0.527
499.322 -0.528
499.185 -0.529
498.981 -0.53
498.753 -0.531
498.962 -0.532
499.315 -0.533
499.765 -0.534
500.234 -0.535
500.691 -0.536
501.175 -0.537
501.622 -0.538
502.038 -0.539
502.421 -0.54
502.786 -0.541
503.146 -0.542
503.502 -0.543
503.858 -0.544
504.216 -0.545
504.575 -0.546
504.934 -0.547
505.294 -0.548
505.654 -0.549
506.015 -0.55
506.376 -0.551
506.74 -0.552
507.104 -0.553
507.47 -0.554
507.839 -0.555
508.209 -0.556
508.579 -0.557
508.95 -0.558
509.323 -0.559
509.698 -0.56
510.071 -0.561
510.442 -0.562
510.811 -0.563
511.174 -0.564
511.527 -0.565
511.876 -0.566
512.222 -0.567
512.568 -0.568
512.914 -0.569
513.26 -0.57
513.606 -0.571
513.947 -0.572
514.286 -0.573
514.618 -0.574
514.947 -0.575
515.276 -0.576
515.607 -0.577
515.939 -0.578
516.273 -0.579
516.607 -0.58
516.943 -0.581
517.279 -0.582
517.618 -0.583
517.961 -0.584
518.305 -0.585
518.651 -0.586
518.998 -0.587
519.347 -0.588
519.697 -0.589
520.048 -0.59
520.4 -0.591
520.754 -0.592
521.109 -0.593
521.465 -0.594
521.825 -0.595
522.189 -0.596
522.553 -0.597
522.919 -0.598
523.287 -0.599
523.656 -0.6
524.026 -0.601
524.398 -0.602
524.773 -0.603
525.15 -0.604
525.526 -0.605
525.897 -0.606
526.265 -0.607
526.632 -0.608
527 -0.609
527.369 -0.61
527.741 -0.611
528.114 -0.612
528.492 -0.613
528.87 -0.614
529.251 -0.615
529.633 -0.616
530.017 -0.617
530.402 -0.618
530.789 -0.619
531.179 -0.62
531.571 -0.621
531.965 -0.622
532.362 -0.623
532.762 -0.624
533.165 -0.625
533.567 -0.626
533.97 -0.627
534.373 -0.628
534.777 -0.629
535.184 -0.63
535.592 -0.631
536.003 -0.632
536.416 -0.633
536.831 -0.634
537.248 -0.635
537.666 -0.636
538.086 -0.637
538.508 -0.638
538.932 -0.639
539.357 -0.64
539.784 -0.641
540.213 -0.642
540.644 -0.643
541.077 -0.644
541.512 -0.645
541.948 -0.646
542.386 -0.647
542.826 -0.648
543.268 -0.649
543.71 -0.65
544.148 -0.651
544.582 -0.652
545.015 -0.653
545.451 -0.654
545.888 -0.655
546.326 -0.656
546.767 -0.657
547.209 -0.658
547.653 -0.659
548.098 -0.66
548.544 -0.661
548.993 -0.662
549.443 -0.663
549.894 -0.664
550.346 -0.665
550.8 -0.666
551.255 -0.667
551.705 -0.668
552.148 -0.669
552.582 -0.67
553.002 -0.671
553.408 -0.672
553.794 -0.673
554.163 -0.674
554.524 -0.675
554.876 -0.676
555.262 -0.677
555.749 -0.678
556.228 -0.679
556.696 -0.68
557.153 -0.681
557.593 -0.682
557.986 -0.683
558.337 -0.684
558.695 -0.685
559.039 -0.686
559.367 -0.687
559.699 -0.688
560.042 -0.689
560.405 -0.69
560.858 -0.691
561.449 -0.692
562.015 -0.693
562.566 -0.694
563.095 -0.695
563.615 -0.696
564.125 -0.697
564.65 -0.698
565.182 -0.699
565.704 -0.7
566.229 -0.701
566.753 -0.702
567.278 -0.703
567.803 -0.704
568.366 -0.705
568.93 -0.706
569.496 -0.707
570.062 -0.708
570.621 -0.709
571.178 -0.71
571.746 -0.711
572.307 -0.712
572.869 -0.713
573.43 -0.714
573.992 -0.715
574.556 -0.716
575.118 -0.717
575.684 -0.718
576.255 -0.719
576.822 -0.72
577.39 -0.721
577.96 -0.722
578.526 -0.723
579.092 -0.724
579.66 -0.725
580.231 -0.726
580.803 -0.727
581.378 -0.728
581.954 -0.729
582.532 -0.73
583.111 -0.731
583.692 -0.732
584.274 -0.733
584.856 -0.734
585.44 -0.735
586.024 -0.736
586.61 -0.737
587.197 -0.738
587.785 -0.739
588.376 -0.74
588.969 -0.741
589.564 -0.742
590.161 -0.743
590.76 -0.744
591.356 -0.745
591.949 -0.746
592.542 -0.747
593.138 -0.748
593.736 -0.749
594.336 -0.75
594.936 -0.751
595.535 -0.752
596.136 -0.753
596.739 -0.754
597.345 -0.755
597.95 -0.756
598.556 -0.757
599.161 -0.758
599.767 -0.759
600.374 -0.76
600.98 -0.761
601.588 -0.762
602.198 -0.763
602.811 -0.764
603.425 -0.765
604.042 -0.766
604.661 -0.767
605.281 -0.768
605.904 -0.769
606.529 -0.77
607.156 -0.771
607.784 -0.772
608.413 -0.773
609.043 -0.774
609.673 -0.775
610.305 -0.776
610.939 -0.777
611.574 -0.778
612.211 -0.779
612.85 -0.78
613.489 -0.781
614.129 -0.782
614.77 -0.783
615.414 -0.784
616.06 -0.785
616.708 -0.786
617.358 -0.787
618.011 -0.788
618.665 -0.789
619.32 -0.79
619.976 -0.791
620.633 -0.792
621.292 -0.793
621.953 -0.794
622.615 -0.795
623.279 -0.796
623.944 -0.797
624.612 -0.798
625.281 -0.799
625.952 -0.8
626.625 -0.801
627.3 -0.802
627.977 -0.803
628.655 -0.804
629.336 -0.805
630.018 -0.806
630.704 -0.807
631.393 -0.808
632.084 -0.809
632.777 -0.81
633.471 -0.811
634.166 -0.812
634.863 -0.813
635.563 -0.814
636.266 -0.815
636.971 -0.816
637.678 -0.817
638.388 -0.818
639.101 -0.819
639.815 -0.82
640.532 -0.821
641.25 -0.822
641.97 -0.823
642.692 -0.824
643.414 -0.825
644.139 -0.826
644.863 -0.827
645.589 -0.828
646.314 -0.829
647.04 -0.83
647.767 -0.831
648.496 -0.832
649.227 -0.833
649.96 -0.834
650.695 -0.835
651.43 -0.836
652.168 -0.837
652.907 -0.838
653.647 -0.839
654.388 -0.84
655.131 -0.841
655.874 -0.842
656.618 -0.843
657.361 -0.844
658.105 -0.845
658.85 -0.846
659.596 -0.847
660.342 -0.848
661.088 -0.849
661.833 -0.85
662.573 -0.851
663.313 -0.852
664.05 -0.853
664.786 -0.854
665.521 -0.855
666.17 -0.856
666.589 -0.857
666.953 -0.858
666.898 -0.859
666.709 -0.86
667.019 -0.861
667.526 -0.862
668.638 -0.863
669.976 -0.864
671.366 -0.865
672.668 -0.866
673.538 -0.867
674.385 -0.868
675.203 -0.869
676.015 -0.87
676.827 -0.871
677.642 -0.872
678.457 -0.873
679.272 -0.874
680.096 -0.875
680.928 -0.876
681.75 -0.877
682.563 -0.878
683.371 -0.879
684.176 -0.88
684.976 -0.881
685.776 -0.882
686.571 -0.883
687.363 -0.884
688.153 -0.885
688.944 -0.886
689.734 -0.887
690.521 -0.888
691.283 -0.889
692.038 -0.89
692.789 -0.891
693.538 -0.892
694.28 -0.893
695.014 -0.894
695.746 -0.895
696.478 -0.896
697.21 -0.897
697.943 -0.898
698.67 -0.899
699.174 -0.9
