7.41172 -0.001
14.8146 -0.002
22.2093 -0.003
29.5956 -0.004
36.9733 -0.005
44.3424 -0.006
51.7029 -0.007
59.0545 -0.008
66.3973 -0.009
73.7312 -0.01
81.0561 -0.011
88.3719 -0.012
95.6785 -0.013
102.976 -0.014
110.264 -0.015
117.542 -0.016
124.811 -0.017
132.071 -0.018
139.32 -0.019
146.56 -0.02
153.79 -0.021
161.009 -0.022
168.219 -0.023
175.418 -0.024
182.607 -0.025
189.786 -0.026
196.954 -0.027
204.111 -0.028
211.257 -0.029
218.392 -0.03
225.517 -0.031
232.63 -0.032
239.693 -0.033
246.438 -0.034
252.609 -0.035
257.885 -0.036
262.273 -0.037
266.509 -0.038
270.533 -0.039
274.34 -0.04
277.776 -0.041
281.075 -0.042
284.356 -0.043
287.609 -0.044
290.839 -0.045
294.046 -0.046
297.234 -0.047
300.407 -0.048
303.571 -0.049
306.726 -0.05
309.873 -0.051
313.009 -0.052
316.136 -0.053
319.253 -0.054
322.359 -0.055
325.452 -0.056
328.535 -0.057
331.611 -0.058
334.679 -0.059
337.739 -0.06
340.785 -0.061
343.771 -0.062
346.616 -0.063
349.292 -0.064
351.727 -0.065
353.933 -0.066
355.8 -0.067
357.217 -0.068
358.411 -0.069
359.573 -0.07
360.681 -0.071
361.733 -0.072
362.734 -0.073
363.714 -0.074
364.625 -0.075
365.439 -0.076
366.227 -0.077
366.978 -0.078
367.585 -0.079
368.106 -0.08
368.458 -0.081
368.756 -0.082
369.047 -0.083
369.331 -0.084
369.61 -0.085
369.885 -0.086
370.152 -0.087
370.412 -0.088
370.664 -0.089
370.911 -0.09
371.152 -0.091
371.386 -0.092
371.612 -0.093
371.832 -0.094
372.045 -0.095
372.25 -0.096
372.448 -0.097
372.64 -0.098
372.826 -0.099
373.009 -0.1
373.187 -0.101
373.362 -0.102
373.534 -0.103
373.703 -0.104
373.871 -0.105
374.036 -0.106
374.2 -0.107
374.363 -0.108
374.523 -0.109
374.683 -0.11
374.84 -0.111
374.996 -0.112
375.15 -0.113
375.304 -0.114
375.456 -0.115
375.606 -0.116
375.754 -0.117
375.9 -0.118
376.045 -0.119
376.189 -0.12
376.331 -0.121
376.472 -0.122
376.61 -0.123
376.748 -0.124
376.885 -0.125
377.019 -0.126
377.152 -0.127
377.282 -0.128
377.41 -0.129
377.537 -0.13
377.663 -0.131
377.789 -0.132
377.913 -0.133
378.035 -0.134
378.156 -0.135
378.275 -0.136
378.392 -0.137
378.509 -0.138
378.622 -0.139
378.735 -0.14
378.846 -0.141
378.956 -0.142
379.064 -0.143
379.171 -0.144
379.276 -0.145
379.38 -0.146
379.484 -0.147
379.585 -0.148
379.685 -0.149
379.785 -0.15
379.884 -0.151
379.981 -0.152
380.077 -0.153
380.174 -0.154
380.269 -0.155
380.363 -0.156
380.457 -0.157
380.549 -0.158
380.642 -0.159
380.734 -0.16
380.825 -0.161
380.916 -0.162
381.007 -0.163
381.097 -0.164
381.186 -0.165
381.275 -0.166
381.364 -0.167
381.453 -0.168
381.541 -0.169
381.629 -0.17
381.717 -0.171
381.805 -0.172
381.893 -0.173
381.98 -0.174
382.067 -0.175
382.154 -0.176
382.241 -0.177
382.328 -0.178
382.414 -0.179
382.5 -0.18
382.585 -0.181
382.671 -0.182
382.756 -0.183
382.841 -0.184
382.926 -0.185
383.011 -0.186
383.095 -0.187
383.179 -0.188
383.263 -0.189
383.346 -0.19
383.429 -0.191
383.512 -0.192
383.595 -0.193
383.677 -0.194
383.76 -0.195
383.843 -0.196
383.925 -0.197
384.007 -0.198
384.09 -0.199
384.172 -0.2
384.253 -0.201
384.335 -0.202
384.417 -0.203
384.498 -0.204
384.579 -0.205
384.66 -0.206
384.741 -0.207
384.821 -0.208
384.901 -0.209
384.982 -0.21
385.062 -0.211
385.142 -0.212
385.221 -0.213
385.301 -0.214
385.38 -0.215
385.459 -0.216
385.538 -0.217
385.617 -0.218
385.695 -0.219
385.774 -0.22
385.852 -0.221
385.93 -0.222
386.008 -0.223
386.086 -0.224
386.163 -0.225
386.241 -0.226
386.318 -0.227
386.395 -0.228
386.473 -0.229
386.549 -0.23
386.626 -0.231
386.703 -0.232
386.779 -0.233
386.855 -0.234
386.931 -0.235
387.007 -0.236
387.083 -0.237
387.158 -0.238
387.234 -0.239
387.309 -0.24
387.384 -0.241
387.458 -0.242
387.533 -0.243
387.608 -0.244
387.682 -0.245
387.756 -0.246
387.831 -0.247
387.904 -0.248
387.978 -0.249
388.052 -0.25
388.125 -0.251
388.198 -0.252
388.271 -0.253
388.343 -0.254
388.416 -0.255
388.488 -0.256
388.56 -0.257
388.633 -0.258
388.705 -0.259
388.777 -0.26
388.849 -0.261
388.921 -0.262
388.993 -0.263
389.064 -0.264
389.136 -0.265
389.207 -0.266
389.278 -0.267
389.35 -0.268
389.421 -0.269
389.492 -0.27
389.563 -0.271
389.634 -0.272
389.704 -0.273
389.774 -0.274
389.844 -0.275
389.914 -0.276
389.983 -0.277
390.052 -0.278
390.121 -0.279
390.191 -0.28
390.26 -0.281
390.329 -0.282
390.398 -0.283
390.466 -0.284
390.534 -0.285
390.603 -0.286
390.671 -0.287
390.739 -0.288
390.807 -0.289
390.875 -0.29
390.943 -0.291
391.011 -0.292
391.078 -0.293
391.145 -0.294
391.212 -0.295
391.279 -0.296
391.346 -0.297
391.413 -0.298
391.48 -0.299
391.547 -0.3
391.614 -0.301
391.681 -0.302
391.747 -0.303
391.814 -0.304
391.881 -0.305
391.948 -0.306
392.015 -0.307
392.082 -0.308
392.148 -0.309
392.215 -0.31
392.281 -0.311
392.347 -0.312
392.413 -0.313
392.479 -0.314
392.544 -0.315
392.61 -0.316
392.676 -0.317
392.741 -0.318
392.807 -0.319
392.873 -0.32
392.939 -0.321
393.004 -0.322
393.07 -0.323
393.135 -0.324
393.201 -0.325
393.266 -0.326
393.331 -0.327
393.397 -0.328
393.462 -0.329
393.527 -0.33
393.593 -0.331
393.658 -0.332
393.723 -0.333
393.788 -0.334
393.853 -0.335
393.917 -0.336
393.982 -0.337
394.047 -0.338
394.111 -0.339
394.176 -0.34
394.24 -0.341
394.305 -0.342
394.369 -0.343
394.433 -0.344
394.498 -0.345
394.562 -0.346
394.627 -0.347
394.691 -0.348
394.755 -0.349
394.82 -0.35
394.884 -0.351
394.949 -0.352
395.013 -0.353
395.077 -0.354
395.142 -0.355
395.206 -0.356
395.271 -0.357
395.335 -0.358
395.4 -0.359
395.464 -0.36
395.529 -0.361
395.593 -0.362
395.657 -0.363
395.721 -0.364
395.785 -0.365
395.849 -0.366
395.914 -0.367
395.978 -0.368
396.042 -0.369
396.106 -0.37
396.17 -0.371
396.234 -0.372
396.299 -0.373
396.363 -0.374
396.427 -0.375
396.491 -0.376
396.556 -0.377
396.62 -0.378
396.684 -0.379
396.748 -0.38
396.813 -0.381
396.877 -0.382
396.941 -0.383
397.006 -0.384
397.07 -0.385
397.134 -0.386
397.198 -0.387
397.263 -0.388
397.327 -0.389
397.391 -0.39
397.455 -0.391
397.519 -0.392
397.583 -0.393
397.647 -0.394
397.711 -0.395
397.774 -0.396
397.838 -0.397
397.901 -0.398
397.965 -0.399
398.028 -0.4
398.092 -0.401
398.155 -0.402
398.218 -0.403
398.281 -0.404
398.344 -0.405
398.407 -0.406
398.471 -0.407
398.534 -0.408
398.597 -0.409
398.66 -0.41
398.724 -0.411
398.787 -0.412
398.85 -0.413
398.914 -0.414
398.977 -0.415
399.04 -0.416
399.104 -0.417
399.167 -0.418
399.231 -0.419
399.294 -0.42
399.358 -0.421
399.421 -0.422
399.485 -0.423
399.548 -0.424
399.611 -0.425
399.674 -0.426
399.738 -0.427
399.801 -0.428
399.864 -0.429
399.928 -0.43
399.991 -0.431
400.054 -0.432
400.118 -0.433
400.181 -0.434
400.244 -0.435
400.308 -0.436
400.371 -0.437
400.435 -0.438
400.498 -0.439
400.562 -0.44
400.626 -0.441
400.688 -0.442
400.751 -0.443
400.814 -0.444
400.876 -0.445
400.938 -0.446
401 -0.447
401.062 -0.448
401.123 -0.449
401.185 -0.45
401.246 -0.451
401.308 -0.452
401.369 -0.453
401.431 -0.454
401.492 -0.455
401.554 -0.456
401.615 -0.457
401.677 -0.458
401.738 -0.459
401.8 -0.46
401.862 -0.461
401.923 -0.462
401.985 -0.463
402.047 -0.464
402.109 -0.465
402.171 -0.466
402.233 -0.467
402.295 -0.468
402.357 -0.469
402.42 -0.47
402.482 -0.471
402.545 -0.472
402.607 -0.473
402.67 -0.474
402.732 -0.475
402.795 -0.476
402.858 -0.477
402.92 -0.478
402.983 -0.479
403.046 -0.48
403.108 -0.481
403.171 -0.482
403.234 -0.483
403.297 -0.484
403.36 -0.485
403.423 -0.486
403.485 -0.487
403.548 -0.488
403.611 -0.489
403.674 -0.49
403.737 -0.491
403.8 -0.492
403.863 -0.493
403.927 -0.494
403.99 -0.495
404.053 -0.496
404.116 -0.497
404.179 -0.498
404.242 -0.499
404.305 -0.5
404.368 -0.501
404.431 -0.502
404.495 -0.503
404.558 -0.504
404.621 -0.505
404.684 -0.506
404.748 -0.507
404.811 -0.508
404.874 -0.509
404.938 -0.51
405.001 -0.511
405.065 -0.512
405.129 -0.513
405.192 -0.514
405.256 -0.515
405.32 -0.516
405.384 -0.517
405.448 -0.518
405.512 -0.519
405.576 -0.52
405.64 -0.521
405.704 -0.522
405.769 -0.523
405.833 -0.524
405.897 -0.525
405.961 -0.526
406.026 -0.527
406.09 -0.528
406.154 -0.529
406.219 -0.53
406.283 -0.531
406.348 -0.532
406.412 -0.533
406.477 -0.534
406.541 -0.535
406.606 -0.536
406.671 -0.537
406.735 -0.538
406.8 -0.539
406.865 -0.54
406.93 -0.541
406.994 -0.542
407.059 -0.543
407.124 -0.544
407.189 -0.545
407.254 -0.546
407.319 -0.547
407.384 -0.548
407.449 -0.549
407.515 -0.55
407.58 -0.551
407.645 -0.552
407.71 -0.553
407.775 -0.554
407.84 -0.555
407.905 -0.556
407.971 -0.557
408.036 -0.558
408.101 -0.559
408.166 -0.56
408.231 -0.561
408.297 -0.562
408.362 -0.563
408.428 -0.564
408.493 -0.565
408.559 -0.566
408.625 -0.567
408.691 -0.568
408.757 -0.569
408.823 -0.57
408.889 -0.571
408.955 -0.572
409.021 -0.573
409.087 -0.574
409.153 -0.575
409.219 -0.576
409.285 -0.577
409.352 -0.578
409.418 -0.579
409.484 -0.58
409.551 -0.581
409.617 -0.582
409.684 -0.583
409.75 -0.584
409.817 -0.585
409.884 -0.586
409.95 -0.587
410.017 -0.588
410.084 -0.589
410.151 -0.59
410.218 -0.591
410.284 -0.592
410.351 -0.593
410.418 -0.594
410.485 -0.595
410.552 -0.596
410.619 -0.597
410.686 -0.598
410.753 -0.599
410.821 -0.6
410.888 -0.601
410.955 -0.602
411.022 -0.603
411.09 -0.604
411.157 -0.605
411.224 -0.606
411.292 -0.607
411.359 -0.608
411.427 -0.609
411.494 -0.61
411.562 -0.611
411.63 -0.612
411.698 -0.613
411.766 -0.614
411.834 -0.615
411.902 -0.616
411.97 -0.617
412.038 -0.618
412.107 -0.619
412.175 -0.62
412.243 -0.621
412.312 -0.622
412.38 -0.623
412.449 -0.624
412.517 -0.625
412.586 -0.626
412.655 -0.627
412.723 -0.628
412.792 -0.629
412.861 -0.63
412.93 -0.631
412.999 -0.632
413.068 -0.633
413.137 -0.634
413.206 -0.635
413.275 -0.636
413.344 -0.637
413.414 -0.638
413.483 -0.639
413.552 -0.64
413.622 -0.641
413.691 -0.642
413.76 -0.643
413.83 -0.644
413.899 -0.645
413.969 -0.646
414.039 -0.647
414.108 -0.648
414.178 -0.649
414.248 -0.65
414.317 -0.651
414.387 -0.652
414.457 -0.653
414.527 -0.654
414.598 -0.655
414.668 -0.656
414.738 -0.657
414.809 -0.658
414.879 -0.659
414.949 -0.66
415.02 -0.661
415.09 -0.662
415.161 -0.663
415.232 -0.664
415.302 -0.665
415.373 -0.666
415.444 -0.667
415.515 -0.668
415.586 -0.669
415.657 -0.67
415.728 -0.671
415.799 -0.672
415.87 -0.673
415.941 -0.674
416.013 -0.675
416.084 -0.676
416.155 -0.677
416.227 -0.678
416.298 -0.679
416.37 -0.68
416.442 -0.681
416.513 -0.682
416.585 -0.683
416.656 -0.684
416.728 -0.685
416.8 -0.686
416.871 -0.687
416.943 -0.688
417.015 -0.689
417.087 -0.69
417.159 -0.691
417.231 -0.692
417.303 -0.693
417.375 -0.694
417.448 -0.695
417.52 -0.696
417.592 -0.697
417.665 -0.698
417.737 -0.699
417.81 -0.7
417.883 -0.701
417.955 -0.702
418.028 -0.703
418.101 -0.704
418.174 -0.705
418.246 -0.706
418.319 -0.707
418.392 -0.708
418.465 -0.709
418.538 -0.71
418.612 -0.711
418.685 -0.712
418.758 -0.713
418.832 -0.714
418.905 -0.715
418.978 -0.716
419.052 -0.717
419.126 -0.718
419.199 -0.719
419.273 -0.72
419.347 -0.721
419.421 -0.722
419.495 -0.723
419.569 -0.724
419.643 -0.725
419.717 -0.726
419.791 -0.727
419.865 -0.728
419.94 -0.729
420.014 -0.73
420.088 -0.731
420.163 -0.732
420.238 -0.733
420.312 -0.734
420.387 -0.735
420.462 -0.736
420.537 -0.737
420.612 -0.738
420.686 -0.739
420.761 -0.74
420.836 -0.741
420.911 -0.742
420.986 -0.743
421.061 -0.744
421.136 -0.745
421.212 -0.746
421.287 -0.747
421.362 -0.748
421.437 -0.749
421.513 -0.75
421.588 -0.751
421.664 -0.752
421.74 -0.753
421.815 -0.754
421.891 -0.755
421.967 -0.756
422.043 -0.757
422.119 -0.758
422.196 -0.759
422.272 -0.76
422.348 -0.761
422.424 -0.762
422.501 -0.763
422.577 -0.764
422.654 -0.765
422.73 -0.766
422.807 -0.767
422.884 -0.768
422.961 -0.769
423.037 -0.77
423.114 -0.771
423.191 -0.772
423.268 -0.773
423.345 -0.774
423.422 -0.775
423.499 -0.776
423.577 -0.777
423.654 -0.778
423.731 -0.779
423.809 -0.78
423.886 -0.781
423.963 -0.782
424.041 -0.783
424.119 -0.784
424.196 -0.785
424.274 -0.786
424.352 -0.787
424.43 -0.788
424.508 -0.789
424.586 -0.79
424.665 -0.791
424.743 -0.792
424.822 -0.793
424.9 -0.794
424.979 -0.795
425.058 -0.796
425.136 -0.797
425.215 -0.798
425.294 -0.799
425.373 -0.8
425.452 -0.801
425.531 -0.802
425.61 -0.803
425.69 -0.804
425.769 -0.805
425.848 -0.806
425.928 -0.807
426.007 -0.808
426.087 -0.809
426.167 -0.81
426.247 -0.811
426.327 -0.812
426.408 -0.813
426.488 -0.814
426.569 -0.815
426.649 -0.816
426.73 -0.817
426.811 -0.818
426.891 -0.819
426.972 -0.82
427.053 -0.821
427.134 -0.822
427.215 -0.823
427.297 -0.824
427.378 -0.825
427.459 -0.826
427.54 -0.827
427.622 -0.828
427.704 -0.829
427.785 -0.83
427.867 -0.831
427.949 -0.832
428.031 -0.833
428.114 -0.834
428.196 -0.835
428.278 -0.836
428.361 -0.837
428.443 -0.838
428.526 -0.839
428.609 -0.84
428.692 -0.841
428.775 -0.842
428.858 -0.843
428.941 -0.844
429.024 -0.845
429.107 -0.846
429.191 -0.847
429.274 -0.848
429.358 -0.849
429.442 -0.85
429.526 -0.851
429.609 -0.852
429.693 -0.853
429.777 -0.854
429.862 -0.855
429.946 -0.856
430.03 -0.857
430.115 -0.858
430.199 -0.859
430.284 -0.86
430.368 -0.861
430.453 -0.862
430.538 -0.863
430.623 -0.864
430.708 -0.865
430.793 -0.866
430.879 -0.867
430.964 -0.868
431.05 -0.869
431.135 -0.87
431.221 -0.871
431.306 -0.872
431.392 -0.873
431.478 -0.874
431.564 -0.875
431.65 -0.876
431.737 -0.877
431.823 -0.878
431.909 -0.879
431.996 -0.88
432.082 -0.881
432.169 -0.882
432.256 -0.883
432.343 -0.884
432.43 -0.885
432.517 -0.886
432.604 -0.887
432.691 -0.888
432.778 -0.889
432.866 -0.89
432.953 -0.891
433.041 -0.892
433.129 -0.893
433.217 -0.894
433.304 -0.895
433.392 -0.896
433.48 -0.897
433.569 -0.898
433.657 -0.899
433.745 -0.9
433.834 -0.901
433.922 -0.902
434.011 -0.903
434.1 -0.904
434.188 -0.905
434.277 -0.906
434.366 -0.907
434.456 -0.908
434.545 -0.909
434.634 -0.91
434.724 -0.911
434.813 -0.912
434.903 -0.913
434.993 -0.914
435.082 -0.915
435.172 -0.916
435.263 -0.917
435.353 -0.918
435.443 -0.919
435.533 -0.92
435.624 -0.921
435.715 -0.922
435.805 -0.923
435.896 -0.924
435.987 -0.925
436.078 -0.926
436.169 -0.927
436.26 -0.928
436.352 -0.929
436.443 -0.93
436.535 -0.931
436.626 -0.932
436.718 -0.933
436.81 -0.934
436.902 -0.935
436.994 -0.936
437.086 -0.937
437.178 -0.938
437.271 -0.939
437.363 -0.94
437.456 -0.941
437.548 -0.942
437.641 -0.943
437.734 -0.944
437.827 -0.945
437.92 -0.946
438.013 -0.947
438.106 -0.948
438.2 -0.949
438.293 -0.95
438.387 -0.951
438.481 -0.952
438.574 -0.953
438.668 -0.954
438.762 -0.955
438.857 -0.956
438.951 -0.957
439.045 -0.958
439.14 -0.959
439.234 -0.96
439.329 -0.961
439.424 -0.962
439.519 -0.963
439.614 -0.964
439.709 -0.965
439.804 -0.966
439.9 -0.967
439.995 -0.968
440.091 -0.969
440.186 -0.97
440.282 -0.971
440.378 -0.972
440.474 -0.973
440.57 -0.974
440.666 -0.975
440.762 -0.976
440.859 -0.977
440.955 -0.978
441.052 -0.979
441.148 -0.98
441.245 -0.981
441.342 -0.982
441.439 -0.983
441.537 -0.984
441.634 -0.985
441.731 -0.986
441.829 -0.987
441.927 -0.988
442.024 -0.989
442.122 -0.99
442.22 -0.991
442.318 -0.992
442.416 -0.993
442.514 -0.994
442.613 -0.995
442.711 -0.996
442.81 -0.997
442.908 -0.998
443.007 -0.999
443.106 -1
