16.9692 -0.001
33.9167 -0.002
50.8446 -0.003
67.752 -0.004
84.6388 -0.005
101.505 -0.006
118.35 -0.007
135.174 -0.008
151.977 -0.009
168.758 -0.01
185.518 -0.011
202.256 -0.012
218.972 -0.013
235.666 -0.014
252.338 -0.015
268.988 -0.016
285.615 -0.017
302.219 -0.018
318.8 -0.019
335.358 -0.02
351.893 -0.021
368.404 -0.022
384.892 -0.023
401.355 -0.024
417.794 -0.025
434.209 -0.026
450.599 -0.027
466.965 -0.028
483.305 -0.029
499.609 -0.03
515.573 -0.031
530.695 -0.032
544.129 -0.033
557.05 -0.034
569.955 -0.035
582.842 -0.036
595.706 -0.037
608.538 -0.038
621.338 -0.039
634.108 -0.04
646.84 -0.041
659.525 -0.042
672.129 -0.043
684.57 -0.044
696.869 -0.045
708.888 -0.046
720.462 -0.047
730.683 -0.048
739.401 -0.049
746.429 -0.05
750.873 -0.051
755.197 -0.052
759.502 -0.053
763.798 -0.054
768.082 -0.055
772.349 -0.056
776.586 -0.057
780.788 -0.058
784.964 -0.059
789.095 -0.06
793.178 -0.061
797.231 -0.062
801.265 -0.063
805.273 -0.064
809.184 -0.065
812.991 -0.066
816.635 -0.067
820.022 -0.068
823.395 -0.069
826.288 -0.07
828.921 -0.071
831.483 -0.072
833.257 -0.073
834.527 -0.074
835.287 -0.075
836.04 -0.076
836.785 -0.077
837.525 -0.078
838.26 -0.079
838.988 -0.08
839.702 -0.081
840.402 -0.082
841.089 -0.083
841.753 -0.084
842.396 -0.085
843.019 -0.086
843.628 -0.087
844.224 -0.088
844.797 -0.089
845.344 -0.09
845.87 -0.091
846.384 -0.092
846.883 -0.093
847.358 -0.094
847.815 -0.095
848.246 -0.096
848.658 -0.097
849.06 -0.098
849.452 -0.099
849.836 -0.1
850.216 -0.101
850.592 -0.102
850.966 -0.103
851.336 -0.104
851.703 -0.105
852.067 -0.106
852.428 -0.107
852.786 -0.108
853.141 -0.109
853.495 -0.11
853.845 -0.111
854.193 -0.112
854.54 -0.113
854.883 -0.114
855.223 -0.115
855.562 -0.116
855.897 -0.117
856.231 -0.118
856.563 -0.119
856.892 -0.12
857.217 -0.121
857.538 -0.122
857.856 -0.123
858.17 -0.124
858.48 -0.125
858.788 -0.126
859.092 -0.127
859.393 -0.128
859.69 -0.129
859.983 -0.13
860.271 -0.131
860.555 -0.132
860.835 -0.133
861.11 -0.134
861.382 -0.135
861.651 -0.136
861.917 -0.137
862.179 -0.138
862.438 -0.139
862.695 -0.14
862.951 -0.141
863.204 -0.142
863.455 -0.143
863.702 -0.144
863.947 -0.145
864.188 -0.146
864.426 -0.147
864.662 -0.148
864.895 -0.149
865.126 -0.15
865.354 -0.151
865.579 -0.152
865.801 -0.153
866.021 -0.154
866.239 -0.155
866.454 -0.156
866.668 -0.157
866.881 -0.158
867.092 -0.159
867.302 -0.16
867.509 -0.161
867.714 -0.162
867.917 -0.163
868.118 -0.164
868.317 -0.165
868.515 -0.166
868.71 -0.167
868.904 -0.168
869.095 -0.169
869.286 -0.17
869.473 -0.171
869.659 -0.172
869.841 -0.173
870.022 -0.174
870.2 -0.175
870.376 -0.176
870.55 -0.177
870.723 -0.178
870.894 -0.179
871.064 -0.18
871.233 -0.181
871.4 -0.182
871.566 -0.183
871.731 -0.184
871.895 -0.185
872.057 -0.186
872.219 -0.187
872.379 -0.188
872.538 -0.189
872.696 -0.19
872.852 -0.191
873.008 -0.192
873.163 -0.193
873.317 -0.194
873.471 -0.195
873.624 -0.196
873.777 -0.197
873.929 -0.198
874.081 -0.199
874.232 -0.2
874.382 -0.201
874.532 -0.202
874.682 -0.203
874.831 -0.204
874.979 -0.205
875.127 -0.206
875.274 -0.207
875.42 -0.208
875.567 -0.209
875.712 -0.21
875.857 -0.211
876.002 -0.212
876.146 -0.213
876.29 -0.214
876.433 -0.215
876.576 -0.216
876.718 -0.217
876.86 -0.218
877.002 -0.219
877.143 -0.22
877.284 -0.221
877.425 -0.222
877.565 -0.223
877.705 -0.224
877.845 -0.225
877.984 -0.226
878.122 -0.227
878.261 -0.228
878.399 -0.229
878.536 -0.23
878.673 -0.231
878.81 -0.232
878.947 -0.233
879.083 -0.234
879.219 -0.235
879.355 -0.236
879.49 -0.237
879.625 -0.238
879.76 -0.239
879.894 -0.24
880.028 -0.241
880.162 -0.242
880.296 -0.243
880.429 -0.244
880.562 -0.245
880.695 -0.246
880.828 -0.247
880.96 -0.248
881.093 -0.249
881.225 -0.25
881.356 -0.251
881.488 -0.252
881.62 -0.253
881.751 -0.254
881.882 -0.255
882.013 -0.256
882.143 -0.257
882.274 -0.258
882.404 -0.259
882.535 -0.26
882.665 -0.261
882.794 -0.262
882.924 -0.263
883.054 -0.264
883.183 -0.265
883.312 -0.266
883.441 -0.267
883.57 -0.268
883.699 -0.269
883.827 -0.27
883.956 -0.271
884.084 -0.272
884.212 -0.273
884.34 -0.274
884.468 -0.275
884.595 -0.276
884.723 -0.277
884.85 -0.278
884.977 -0.279
885.104 -0.28
885.231 -0.281
885.357 -0.282
885.484 -0.283
885.61 -0.284
885.736 -0.285
885.862 -0.286
885.988 -0.287
886.113 -0.288
886.239 -0.289
886.364 -0.29
886.489 -0.291
886.614 -0.292
886.739 -0.293
886.864 -0.294
886.989 -0.295
887.113 -0.296
887.237 -0.297
887.362 -0.298
887.486 -0.299
887.61 -0.3
887.733 -0.301
887.857 -0.302
887.981 -0.303
888.104 -0.304
888.227 -0.305
888.35 -0.306
888.473 -0.307
888.596 -0.308
888.719 -0.309
888.842 -0.31
888.964 -0.311
889.086 -0.312
889.209 -0.313
889.331 -0.314
889.453 -0.315
889.575 -0.316
889.696 -0.317
889.818 -0.318
889.939 -0.319
890.06 -0.32
890.182 -0.321
890.303 -0.322
890.424 -0.323
890.545 -0.324
890.665 -0.325
890.786 -0.326
890.906 -0.327
891.027 -0.328
891.147 -0.329
891.267 -0.33
891.387 -0.331
891.507 -0.332
891.627 -0.333
891.746 -0.334
891.866 -0.335
891.985 -0.336
892.104 -0.337
892.224 -0.338
892.343 -0.339
892.462 -0.34
892.58 -0.341
892.699 -0.342
892.818 -0.343
892.936 -0.344
893.055 -0.345
893.173 -0.346
893.291 -0.347
893.41 -0.348
893.528 -0.349
893.646 -0.35
893.763 -0.351
893.881 -0.352
893.999 -0.353
894.116 -0.354
894.234 -0.355
894.351 -0.356
894.468 -0.357
894.585 -0.358
894.702 -0.359
894.819 -0.36
894.936 -0.361
895.052 -0.362
895.169 -0.363
895.285 -0.364
895.402 -0.365
895.518 -0.366
895.634 -0.367
895.75 -0.368
895.867 -0.369
895.983 -0.37
896.099 -0.371
896.214 -0.372
896.33 -0.373
896.446 -0.374
896.562 -0.375
896.677 -0.376
896.793 -0.377
896.908 -0.378
897.023 -0.379
897.139 -0.38
897.254 -0.381
897.369 -0.382
897.484 -0.383
897.599 -0.384
897.714 -0.385
897.829 -0.386
897.944 -0.387
898.058 -0.388
898.173 -0.389
898.288 -0.39
898.402 -0.391
898.517 -0.392
898.631 -0.393
898.746 -0.394
898.86 -0.395
898.974 -0.396
899.088 -0.397
899.202 -0.398
899.315 -0.399
899.429 -0.4
899.543 -0.401
899.656 -0.402
899.77 -0.403
899.883 -0.404
899.997 -0.405
900.11 -0.406
900.224 -0.407
900.337 -0.408
900.45 -0.409
900.563 -0.41
900.677 -0.411
900.79 -0.412
900.903 -0.413
901.016 -0.414
901.129 -0.415
901.242 -0.416
901.355 -0.417
901.467 -0.418
901.58 -0.419
901.693 -0.42
901.806 -0.421
901.919 -0.422
902.031 -0.423
902.144 -0.424
902.256 -0.425
902.369 -0.426
902.482 -0.427
902.594 -0.428
902.707 -0.429
902.819 -0.43
902.932 -0.431
903.044 -0.432
903.156 -0.433
903.269 -0.434
903.381 -0.435
903.493 -0.436
903.606 -0.437
903.718 -0.438
903.83 -0.439
903.942 -0.44
904.054 -0.441
904.166 -0.442
904.278 -0.443
904.391 -0.444
904.503 -0.445
904.614 -0.446
904.726 -0.447
904.838 -0.448
904.95 -0.449
905.062 -0.45
905.174 -0.451
905.286 -0.452
905.397 -0.453
905.509 -0.454
905.621 -0.455
905.732 -0.456
905.844 -0.457
905.955 -0.458
906.067 -0.459
906.178 -0.46
906.29 -0.461
906.401 -0.462
906.513 -0.463
906.624 -0.464
906.735 -0.465
906.847 -0.466
906.958 -0.467
907.069 -0.468
907.18 -0.469
907.291 -0.47
907.403 -0.471
907.514 -0.472
907.625 -0.473
907.736 -0.474
907.848 -0.475
907.959 -0.476
908.07 -0.477
908.181 -0.478
908.293 -0.479
908.404 -0.48
908.515 -0.481
908.626 -0.482
908.738 -0.483
908.849 -0.484
908.96 -0.485
909.072 -0.486
909.183 -0.487
909.294 -0.488
909.406 -0.489
909.517 -0.49
909.628 -0.491
909.74 -0.492
909.851 -0.493
909.962 -0.494
910.074 -0.495
910.185 -0.496
910.296 -0.497
910.408 -0.498
910.519 -0.499
910.631 -0.5
910.742 -0.501
910.854 -0.502
910.965 -0.503
911.077 -0.504
911.188 -0.505
911.3 -0.506
911.411 -0.507
911.523 -0.508
911.635 -0.509
911.747 -0.51
911.858 -0.511
911.97 -0.512
912.082 -0.513
912.194 -0.514
912.306 -0.515
912.418 -0.516
912.53 -0.517
912.642 -0.518
912.754 -0.519
912.866 -0.52
912.978 -0.521
913.09 -0.522
913.202 -0.523
913.314 -0.524
913.426 -0.525
913.538 -0.526
913.65 -0.527
913.762 -0.528
913.874 -0.529
913.987 -0.53
914.099 -0.531
914.211 -0.532
914.323 -0.533
914.435 -0.534
914.547 -0.535
914.659 -0.536
914.772 -0.537
914.884 -0.538
914.996 -0.539
915.109 -0.54
915.221 -0.541
915.333 -0.542
915.446 -0.543
915.558 -0.544
915.67 -0.545
915.783 -0.546
915.895 -0.547
916.007 -0.548
916.12 -0.549
916.232 -0.55
916.345 -0.551
916.458 -0.552
916.57 -0.553
916.683 -0.554
916.796 -0.555
916.909 -0.556
917.021 -0.557
917.134 -0.558
917.247 -0.559
917.36 -0.56
917.473 -0.561
917.587 -0.562
917.7 -0.563
917.813 -0.564
917.926 -0.565
918.04 -0.566
918.153 -0.567
918.267 -0.568
918.381 -0.569
918.494 -0.57
918.608 -0.571
918.722 -0.572
918.836 -0.573
918.95 -0.574
919.064 -0.575
919.178 -0.576
919.292 -0.577
919.407 -0.578
919.521 -0.579
919.635 -0.58
919.75 -0.581
919.864 -0.582
919.979 -0.583
920.094 -0.584
920.209 -0.585
920.323 -0.586
920.438 -0.587
920.553 -0.588
920.668 -0.589
920.782 -0.59
920.897 -0.591
921.012 -0.592
921.127 -0.593
921.242 -0.594
921.357 -0.595
921.472 -0.596
921.587 -0.597
921.703 -0.598
921.818 -0.599
921.933 -0.6
922.049 -0.601
922.164 -0.602
922.279 -0.603
922.395 -0.604
922.51 -0.605
922.625 -0.606
922.74 -0.607
922.856 -0.608
922.971 -0.609
923.086 -0.61
923.201 -0.611
923.316 -0.612
923.431 -0.613
923.546 -0.614
923.66 -0.615
923.774 -0.616
923.888 -0.617
924 -0.618
924.112 -0.619
924.222 -0.62
924.325 -0.621
924.424 -0.622
924.516 -0.623
924.598 -0.624
924.667 -0.625
924.724 -0.626
924.767 -0.627
924.796 -0.628
924.813 -0.629
924.816 -0.63
924.809 -0.631
924.795 -0.632
924.769 -0.633
924.738 -0.634
924.703 -0.635
924.663 -0.636
924.617 -0.637
924.571 -0.638
924.527 -0.639
924.482 -0.64
924.466 -0.641
924.462 -0.642
924.464 -0.643
924.465 -0.644
924.503 -0.645
924.55 -0.646
924.598 -0.647
924.648 -0.648
924.716 -0.649
924.786 -0.65
924.853 -0.651
924.932 -0.652
925.022 -0.653
925.122 -0.654
925.238 -0.655
925.352 -0.656
925.47 -0.657
925.595 -0.658
925.733 -0.659
925.897 -0.66
926.052 -0.661
926.2 -0.662
926.359 -0.663
926.528 -0.664
926.708 -0.665
926.879 -0.666
927.046 -0.667
927.215 -0.668
927.39 -0.669
927.564 -0.67
927.737 -0.671
927.91 -0.672
928.086 -0.673
928.264 -0.674
928.446 -0.675
928.629 -0.676
928.812 -0.677
928.994 -0.678
929.175 -0.679
929.355 -0.68
929.541 -0.681
929.726 -0.682
929.905 -0.683
930.088 -0.684
930.272 -0.685
930.452 -0.686
930.624 -0.687
930.793 -0.688
930.96 -0.689
931.12 -0.69
931.273 -0.691
931.425 -0.692
931.575 -0.693
931.716 -0.694
931.852 -0.695
931.988 -0.696
932.123 -0.697
932.257 -0.698
932.384 -0.699
932.512 -0.7
932.64 -0.701
932.768 -0.702
932.896 -0.703
933.024 -0.704
933.153 -0.705
933.281 -0.706
933.41 -0.707
933.54 -0.708
933.669 -0.709
933.799 -0.71
933.929 -0.711
934.059 -0.712
934.189 -0.713
934.32 -0.714
934.45 -0.715
934.581 -0.716
934.712 -0.717
934.843 -0.718
934.974 -0.719
935.106 -0.72
935.237 -0.721
935.369 -0.722
935.501 -0.723
935.633 -0.724
935.765 -0.725
935.898 -0.726
936.031 -0.727
936.163 -0.728
936.296 -0.729
936.429 -0.73
936.562 -0.731
936.696 -0.732
936.829 -0.733
936.963 -0.734
937.097 -0.735
937.231 -0.736
937.365 -0.737
937.499 -0.738
937.633 -0.739
937.768 -0.74
937.903 -0.741
938.037 -0.742
938.172 -0.743
938.308 -0.744
938.443 -0.745
938.579 -0.746
938.716 -0.747
938.853 -0.748
938.99 -0.749
939.127 -0.75
939.264 -0.751
939.402 -0.752
939.54 -0.753
939.678 -0.754
939.816 -0.755
939.955 -0.756
940.093 -0.757
940.232 -0.758
940.371 -0.759
940.51 -0.76
940.65 -0.761
940.789 -0.762
940.929 -0.763
941.069 -0.764
941.209 -0.765
941.35 -0.766
941.49 -0.767
941.631 -0.768
941.772 -0.769
941.914 -0.77
942.056 -0.771
942.198 -0.772
942.34 -0.773
942.483 -0.774
942.626 -0.775
942.769 -0.776
942.913 -0.777
943.056 -0.778
943.2 -0.779
943.345 -0.78
943.489 -0.781
943.634 -0.782
943.779 -0.783
943.924 -0.784
944.069 -0.785
944.215 -0.786
944.361 -0.787
944.507 -0.788
944.654 -0.789
944.8 -0.79
944.947 -0.791
945.095 -0.792
945.242 -0.793
945.39 -0.794
945.538 -0.795
945.686 -0.796
945.835 -0.797
945.984 -0.798
946.133 -0.799
946.282 -0.8
946.432 -0.801
946.582 -0.802
946.732 -0.803
946.883 -0.804
947.034 -0.805
947.185 -0.806
947.337 -0.807
947.489 -0.808
947.641 -0.809
947.793 -0.81
947.946 -0.811
948.098 -0.812
948.251 -0.813
948.405 -0.814
948.558 -0.815
948.711 -0.816
948.865 -0.817
949.019 -0.818
949.173 -0.819
949.328 -0.82
949.483 -0.821
949.637 -0.822
949.793 -0.823
949.948 -0.824
950.103 -0.825
950.259 -0.826
950.415 -0.827
950.571 -0.828
950.728 -0.829
950.885 -0.83
951.041 -0.831
951.198 -0.832
951.356 -0.833
951.513 -0.834
951.671 -0.835
951.829 -0.836
951.987 -0.837
952.145 -0.838
952.303 -0.839
952.462 -0.84
952.62 -0.841
952.779 -0.842
952.938 -0.843
953.097 -0.844
953.255 -0.845
953.413 -0.846
953.571 -0.847
953.729 -0.848
953.887 -0.849
954.044 -0.85
954.2 -0.851
954.355 -0.852
954.509 -0.853
954.663 -0.854
954.814 -0.855
954.964 -0.856
955.109 -0.857
955.248 -0.858
955.38 -0.859
955.502 -0.86
955.613 -0.861
955.704 -0.862
955.776 -0.863
955.824 -0.864
955.853 -0.865
955.862 -0.866
955.846 -0.867
955.78 -0.868
955.571 -0.869
955.295 -0.87
954.979 -0.871
954.652 -0.872
954.317 -0.873
953.974 -0.874
953.622 -0.875
953.261 -0.876
952.891 -0.877
952.51 -0.878
952.303 -0.879
952.277 -0.88
952.244 -0.881
952.259 -0.882
952.411 -0.883
952.544 -0.884
952.787 -0.885
953.041 -0.886
953.425 -0.887
953.813 -0.888
954.251 -0.889
954.733 -0.89
955.178 -0.891
955.514 -0.892
955.787 -0.893
956.042 -0.894
956.263 -0.895
956.481 -0.896
956.696 -0.897
956.792 -0.898
956.763 -0.899
956.623 -0.9
956.397 -0.901
956.119 -0.902
955.814 -0.903
955.501 -0.904
955.18 -0.905
954.851 -0.906
954.513 -0.907
954.165 -0.908
953.867 -0.909
953.868 -0.91
953.862 -0.911
953.849 -0.912
953.903 -0.913
954.073 -0.914
954.221 -0.915
954.442 -0.916
954.768 -0.917
955.122 -0.918
955.598 -0.919
956.12 -0.92
956.663 -0.921
957.217 -0.922
957.723 -0.923
958.168 -0.924
958.568 -0.925
958.953 -0.926
959.327 -0.927
959.681 -0.928
960.024 -0.929
960.337 -0.93
960.644 -0.931
960.949 -0.932
961.251 -0.933
961.549 -0.934
961.842 -0.935
962.13 -0.936
962.415 -0.937
962.695 -0.938
962.969 -0.939
963.237 -0.94
963.501 -0.941
963.755 -0.942
964.002 -0.943
964.238 -0.944
964.487 -0.945
964.738 -0.946
964.978 -0.947
965.219 -0.948
965.497 -0.949
965.771 -0.95
966.04 -0.951
966.316 -0.952
966.597 -0.953
966.874 -0.954
967.168 -0.955
967.46 -0.956
967.749 -0.957
968.038 -0.958
968.341 -0.959
968.633 -0.96
968.92 -0.961
969.202 -0.962
969.489 -0.963
969.767 -0.964
970.028 -0.965
970.291 -0.966
970.529 -0.967
970.76 -0.968
970.99 -0.969
971.211 -0.97
971.434 -0.971
971.655 -0.972
971.865 -0.973
972.076 -0.974
972.287 -0.975
972.498 -0.976
972.711 -0.977
972.924 -0.978
973.138 -0.979
973.352 -0.98
973.567 -0.981
973.782 -0.982
973.998 -0.983
974.215 -0.984
974.432 -0.985
974.65 -0.986
974.868 -0.987
975.086 -0.988
975.305 -0.989
975.525 -0.99
975.745 -0.991
975.965 -0.992
976.186 -0.993
976.407 -0.994
976.628 -0.995
976.85 -0.996
977.073 -0.997
977.296 -0.998
977.519 -0.999
977.743 -1
