6.1553 -0.001
12.279 -0.002
18.3711 -0.003
24.4317 -0.004
30.4609 -0.005
36.4586 -0.006
42.4248 -0.007
48.3598 -0.008
54.2634 -0.009
60.1357 -0.01
65.9767 -0.011
71.7865 -0.012
77.5651 -0.013
83.3125 -0.014
89.0287 -0.015
94.7138 -0.016
100.368 -0.017
105.99 -0.018
111.582 -0.019
117.143 -0.02
122.672 -0.021
128.17 -0.022
133.637 -0.023
139.073 -0.024
144.478 -0.025
149.852 -0.026
155.194 -0.027
160.505 -0.028
165.785 -0.029
171.033 -0.03
176.251 -0.031
181.333 -0.032
185.928 -0.033
189.717 -0.034
193.412 -0.035
197.078 -0.036
200.688 -0.037
204.271 -0.038
207.815 -0.039
211.321 -0.04
214.791 -0.041
218.23 -0.042
221.641 -0.043
225.024 -0.044
228.39 -0.045
231.731 -0.046
235.047 -0.047
238.306 -0.048
241.465 -0.049
244.536 -0.05
247.461 -0.051
250.168 -0.052
252.556 -0.053
254.793 -0.054
256.857 -0.055
258.752 -0.056
260.38 -0.057
261.886 -0.058
263.354 -0.059
264.788 -0.06
266.19 -0.061
267.561 -0.062
268.904 -0.063
270.222 -0.064
271.513 -0.065
272.779 -0.066
274.018 -0.067
275.234 -0.068
276.423 -0.069
277.588 -0.07
278.73 -0.071
279.848 -0.072
280.943 -0.073
282.018 -0.074
283.072 -0.075
284.104 -0.076
285.115 -0.077
286.104 -0.078
287.074 -0.079
288.025 -0.08
288.959 -0.081
289.876 -0.082
290.773 -0.083
291.65 -0.084
292.51 -0.085
293.354 -0.086
294.182 -0.087
294.995 -0.088
295.793 -0.089
296.577 -0.09
297.346 -0.091
298.101 -0.092
298.841 -0.093
299.569 -0.094
300.282 -0.095
300.979 -0.096
301.663 -0.097
302.333 -0.098
302.982 -0.099
303.601 -0.1
304.196 -0.101
304.765 -0.102
305.293 -0.103
305.779 -0.104
306.225 -0.105
306.606 -0.106
306.894 -0.107
307.143 -0.108
307.365 -0.109
307.543 -0.11
307.677 -0.111
307.796 -0.112
307.902 -0.113
307.949 -0.114
307.93 -0.115
307.832 -0.116
307.714 -0.117
307.59 -0.118
307.459 -0.119
307.322 -0.12
307.179 -0.121
307.028 -0.122
306.871 -0.123
306.707 -0.124
306.537 -0.125
306.361 -0.126
306.18 -0.127
305.994 -0.128
305.803 -0.129
305.606 -0.13
305.403 -0.131
305.194 -0.132
304.978 -0.133
304.756 -0.134
304.529 -0.135
304.299 -0.136
304.066 -0.137
303.83 -0.138
303.592 -0.139
303.352 -0.14
303.109 -0.141
302.865 -0.142
302.618 -0.143
302.37 -0.144
302.12 -0.145
301.869 -0.146
301.616 -0.147
301.362 -0.148
301.107 -0.149
300.85 -0.15
300.593 -0.151
300.334 -0.152
300.074 -0.153
299.813 -0.154
299.551 -0.155
299.288 -0.156
299.023 -0.157
298.757 -0.158
298.487 -0.159
298.216 -0.16
297.941 -0.161
297.664 -0.162
297.383 -0.163
297.099 -0.164
296.811 -0.165
296.523 -0.166
296.234 -0.167
295.945 -0.168
295.655 -0.169
295.364 -0.17
295.074 -0.171
294.783 -0.172
294.491 -0.173
294.2 -0.174
293.909 -0.175
293.617 -0.176
293.325 -0.177
293.033 -0.178
292.741 -0.179
292.448 -0.18
292.156 -0.181
291.863 -0.182
291.571 -0.183
291.279 -0.184
290.986 -0.185
290.694 -0.186
290.402 -0.187
290.11 -0.188
289.818 -0.189
289.525 -0.19
289.233 -0.191
288.941 -0.192
288.649 -0.193
288.357 -0.194
288.066 -0.195
287.775 -0.196
287.484 -0.197
287.193 -0.198
286.902 -0.199
286.612 -0.2
286.321 -0.201
286.031 -0.202
285.741 -0.203
285.452 -0.204
285.164 -0.205
284.875 -0.206
284.587 -0.207
284.299 -0.208
284.011 -0.209
283.725 -0.21
283.438 -0.211
283.153 -0.212
282.868 -0.213
282.584 -0.214
282.299 -0.215
282.014 -0.216
281.73 -0.217
281.448 -0.218
281.165 -0.219
280.884 -0.22
280.603 -0.221
280.323 -0.222
280.043 -0.223
279.763 -0.224
279.484 -0.225
279.205 -0.226
278.928 -0.227
278.65 -0.228
278.373 -0.229
278.097 -0.23
277.821 -0.231
277.544 -0.232
277.269 -0.233
276.994 -0.234
276.721 -0.235
276.448 -0.236
276.175 -0.237
275.904 -0.238
275.633 -0.239
275.364 -0.24
275.094 -0.241
274.824 -0.242
274.556 -0.243
274.288 -0.244
274.021 -0.245
273.754 -0.246
273.488 -0.247
273.223 -0.248
272.958 -0.249
272.695 -0.25
272.432 -0.251
272.171 -0.252
271.911 -0.253
271.651 -0.254
271.393 -0.255
271.136 -0.256
270.88 -0.257
270.625 -0.258
270.371 -0.259
270.118 -0.26
269.867 -0.261
269.617 -0.262
269.368 -0.263
269.121 -0.264
268.875 -0.265
268.63 -0.266
268.387 -0.267
268.146 -0.268
267.906 -0.269
267.667 -0.27
267.43 -0.271
267.194 -0.272
266.96 -0.273
266.728 -0.274
266.497 -0.275
266.268 -0.276
266.04 -0.277
265.814 -0.278
265.59 -0.279
265.367 -0.28
265.146 -0.281
264.929 -0.282
264.714 -0.283
264.501 -0.284
264.292 -0.285
264.085 -0.286
263.881 -0.287
263.679 -0.288
263.481 -0.289
263.284 -0.29
263.091 -0.291
262.899 -0.292
262.709 -0.293
262.52 -0.294
262.333 -0.295
262.148 -0.296
261.964 -0.297
261.783 -0.298
261.603 -0.299
261.425 -0.3
261.248 -0.301
261.074 -0.302
260.901 -0.303
260.731 -0.304
260.562 -0.305
260.396 -0.306
260.231 -0.307
260.068 -0.308
259.908 -0.309
259.749 -0.31
259.592 -0.311
259.438 -0.312
259.285 -0.313
259.135 -0.314
258.986 -0.315
258.84 -0.316
258.696 -0.317
258.554 -0.318
258.414 -0.319
258.276 -0.32
258.141 -0.321
258.007 -0.322
257.876 -0.323
257.747 -0.324
257.62 -0.325
257.496 -0.326
257.373 -0.327
257.253 -0.328
257.136 -0.329
257.02 -0.33
256.906 -0.331
256.794 -0.332
256.683 -0.333
256.575 -0.334
256.469 -0.335
256.366 -0.336
256.265 -0.337
256.167 -0.338
256.072 -0.339
255.98 -0.34
255.89 -0.341
255.805 -0.342
255.723 -0.343
255.645 -0.344
255.57 -0.345
255.499 -0.346
255.432 -0.347
255.368 -0.348
255.308 -0.349
255.251 -0.35
255.198 -0.351
255.147 -0.352
255.101 -0.353
255.057 -0.354
255.015 -0.355
254.976 -0.356
254.939 -0.357
254.904 -0.358
254.87 -0.359
254.839 -0.36
254.81 -0.361
254.783 -0.362
254.758 -0.363
254.735 -0.364
254.716 -0.365
254.698 -0.366
254.684 -0.367
254.672 -0.368
254.662 -0.369
254.655 -0.37
254.651 -0.371
254.649 -0.372
254.65 -0.373
254.654 -0.374
254.661 -0.375
254.67 -0.376
254.682 -0.377
254.698 -0.378
254.716 -0.379
254.736 -0.38
254.76 -0.381
254.785 -0.382
254.813 -0.383
254.843 -0.384
254.876 -0.385
254.911 -0.386
254.949 -0.387
254.988 -0.388
255.029 -0.389
255.071 -0.39
255.115 -0.391
255.162 -0.392
255.21 -0.393
255.26 -0.394
255.312 -0.395
255.366 -0.396
255.422 -0.397
255.479 -0.398
255.538 -0.399
255.6 -0.4
255.665 -0.401
255.732 -0.402
255.802 -0.403
255.874 -0.404
255.948 -0.405
256.023 -0.406
256.101 -0.407
256.166 -0.408
256.204 -0.409
256.244 -0.41
256.287 -0.411
256.332 -0.412
256.379 -0.413
256.428 -0.414
256.48 -0.415
256.535 -0.416
256.592 -0.417
256.651 -0.418
256.712 -0.419
256.776 -0.42
256.843 -0.421
256.912 -0.422
256.983 -0.423
257.056 -0.424
257.132 -0.425
257.21 -0.426
257.291 -0.427
257.374 -0.428
257.459 -0.429
257.547 -0.43
257.637 -0.431
257.729 -0.432
257.824 -0.433
257.922 -0.434
258.022 -0.435
258.125 -0.436
258.231 -0.437
258.34 -0.438
258.451 -0.439
258.566 -0.44
258.681 -0.441
258.797 -0.442
258.915 -0.443
259.033 -0.444
259.151 -0.445
259.272 -0.446
259.39 -0.447
259.512 -0.448
259.63 -0.449
259.751 -0.45
259.87 -0.451
259.99 -0.452
260.107 -0.453
260.224 -0.454
260.345 -0.455
260.467 -0.456
260.593 -0.457
260.72 -0.458
260.851 -0.459
260.983 -0.46
261.118 -0.461
261.256 -0.462
261.396 -0.463
261.538 -0.464
261.683 -0.465
261.83 -0.466
261.98 -0.467
262.132 -0.468
262.287 -0.469
262.445 -0.47
262.605 -0.471
262.767 -0.472
262.933 -0.473
263.1 -0.474
263.27 -0.475
263.443 -0.476
263.618 -0.477
263.796 -0.478
263.973 -0.479
264.15 -0.48
264.326 -0.481
264.502 -0.482
264.675 -0.483
264.848 -0.484
265.019 -0.485
265.181 -0.486
265.327 -0.487
265.467 -0.488
265.607 -0.489
265.749 -0.49
265.892 -0.491
266.038 -0.492
266.184 -0.493
266.333 -0.494
266.484 -0.495
266.637 -0.496
266.791 -0.497
266.943 -0.498
267.093 -0.499
267.241 -0.5
267.385 -0.501
267.528 -0.502
267.672 -0.503
267.819 -0.504
267.967 -0.505
268.118 -0.506
268.27 -0.507
268.424 -0.508
268.581 -0.509
268.739 -0.51
268.899 -0.511
269.061 -0.512
269.226 -0.513
269.392 -0.514
269.561 -0.515
269.732 -0.516
269.904 -0.517
270.079 -0.518
270.256 -0.519
270.435 -0.52
270.616 -0.521
270.799 -0.522
270.985 -0.523
271.172 -0.524
271.361 -0.525
271.553 -0.526
271.746 -0.527
271.942 -0.528
272.14 -0.529
272.34 -0.53
272.542 -0.531
272.746 -0.532
272.953 -0.533
273.162 -0.534
273.373 -0.535
273.586 -0.536
273.802 -0.537
274.019 -0.538
274.239 -0.539
274.461 -0.54
274.686 -0.541
274.912 -0.542
275.141 -0.543
275.372 -0.544
275.606 -0.545
275.842 -0.546
276.08 -0.547
276.321 -0.548
276.563 -0.549
276.807 -0.55
277.053 -0.551
277.301 -0.552
277.547 -0.553
277.787 -0.554
278.023 -0.555
278.253 -0.556
278.48 -0.557
278.71 -0.558
278.943 -0.559
279.178 -0.56
279.415 -0.561
279.655 -0.562
279.897 -0.563
280.141 -0.564
280.388 -0.565
280.636 -0.566
280.886 -0.567
281.137 -0.568
281.391 -0.569
281.644 -0.57
281.894 -0.571
282.141 -0.572
282.386 -0.573
282.631 -0.574
282.878 -0.575
283.128 -0.576
283.38 -0.577
283.634 -0.578
283.89 -0.579
284.149 -0.58
284.41 -0.581
284.673 -0.582
284.938 -0.583
285.204 -0.584
285.473 -0.585
285.745 -0.586
286.018 -0.587
286.293 -0.588
286.57 -0.589
286.848 -0.59
287.124 -0.591
287.398 -0.592
287.67 -0.593
287.943 -0.594
288.213 -0.595
288.484 -0.596
288.754 -0.597
289.023 -0.598
289.294 -0.599
289.567 -0.6
289.842 -0.601
290.12 -0.602
290.399 -0.603
290.68 -0.604
290.963 -0.605
291.249 -0.606
291.536 -0.607
291.825 -0.608
292.117 -0.609
292.41 -0.61
292.704 -0.611
292.999 -0.612
293.295 -0.613
293.592 -0.614
293.89 -0.615
294.19 -0.616
294.49 -0.617
294.792 -0.618
295.095 -0.619
295.398 -0.62
295.704 -0.621
296.009 -0.622
296.316 -0.623
296.626 -0.624
296.937 -0.625
297.251 -0.626
297.567 -0.627
297.885 -0.628
298.205 -0.629
298.528 -0.63
298.852 -0.631
299.18 -0.632
299.509 -0.633
299.841 -0.634
300.176 -0.635
300.513 -0.636
300.853 -0.637
301.195 -0.638
301.539 -0.639
301.885 -0.64
302.233 -0.641
302.582 -0.642
302.93 -0.643
303.279 -0.644
303.628 -0.645
303.976 -0.646
304.325 -0.647
304.675 -0.648
305.025 -0.649
305.375 -0.65
305.725 -0.651
306.077 -0.652
306.427 -0.653
306.779 -0.654
307.134 -0.655
307.49 -0.656
307.849 -0.657
308.209 -0.658
308.571 -0.659
308.936 -0.66
309.303 -0.661
309.672 -0.662
310.044 -0.663
310.418 -0.664
310.795 -0.665
311.174 -0.666
311.555 -0.667
311.939 -0.668
312.323 -0.669
312.709 -0.67
313.096 -0.671
313.484 -0.672
313.875 -0.673
314.265 -0.674
314.657 -0.675
315.053 -0.676
315.447 -0.677
315.845 -0.678
316.244 -0.679
316.645 -0.68
317.048 -0.681
317.453 -0.682
317.86 -0.683
318.267 -0.684
318.677 -0.685
319.089 -0.686
319.504 -0.687
319.922 -0.688
320.338 -0.689
320.755 -0.69
321.173 -0.691
321.59 -0.692
322.01 -0.693
322.43 -0.694
322.851 -0.695
323.275 -0.696
323.698 -0.697
324.124 -0.698
324.551 -0.699
324.979 -0.7
325.408 -0.701
325.84 -0.702
326.272 -0.703
326.705 -0.704
327.14 -0.705
327.576 -0.706
328.014 -0.707
328.454 -0.708
328.897 -0.709
329.342 -0.71
329.789 -0.711
330.237 -0.712
330.687 -0.713
331.139 -0.714
331.594 -0.715
332.049 -0.716
332.507 -0.717
332.968 -0.718
333.429 -0.719
333.893 -0.72
334.36 -0.721
334.828 -0.722
335.297 -0.723
335.769 -0.724
336.243 -0.725
336.72 -0.726
337.197 -0.727
337.678 -0.728
338.159 -0.729
338.644 -0.73
339.129 -0.731
339.616 -0.732
340.105 -0.733
340.596 -0.734
341.089 -0.735
341.583 -0.736
342.08 -0.737
342.579 -0.738
342.881 -0.739
343.363 -0.74
343.841 -0.741
344.318 -0.742
344.795 -0.743
345.275 -0.744
345.756 -0.745
346.236 -0.746
346.717 -0.747
347.201 -0.748
347.687 -0.749
348.17 -0.75
348.656 -0.751
349.143 -0.752
349.633 -0.753
350.121 -0.754
350.607 -0.755
350.96 -0.756
351.402 -0.757
351.838 -0.758
352.275 -0.759
352.716 -0.76
353.158 -0.761
353.602 -0.762
354.046 -0.763
354.492 -0.764
354.941 -0.765
355.407 -0.766
355.881 -0.767
356.356 -0.768
356.832 -0.769
357.308 -0.77
357.786 -0.771
358.267 -0.772
358.749 -0.773
359.231 -0.774
359.712 -0.775
360.2 -0.776
360.751 -0.777
361.289 -0.778
361.824 -0.779
362.361 -0.78
362.9 -0.781
363.442 -0.782
363.988 -0.783
364.536 -0.784
365.097 -0.785
365.673 -0.786
366.251 -0.787
366.832 -0.788
367.414 -0.789
367.995 -0.79
368.573 -0.791
369.153 -0.792
369.735 -0.793
370.317 -0.794
370.905 -0.795
371.507 -0.796
372.118 -0.797
372.786 -0.798
373.459 -0.799
374.13 -0.8
374.797 -0.801
375.457 -0.802
376.111 -0.803
376.755 -0.804
377.383 -0.805
377.992 -0.806
378.602 -0.807
379.212 -0.808
379.821 -0.809
380.486 -0.81
381.176 -0.811
381.863 -0.812
382.526 -0.813
383.183 -0.814
383.84 -0.815
384.496 -0.816
385.152 -0.817
385.806 -0.818
386.46 -0.819
387.113 -0.82
387.764 -0.821
388.404 -0.822
389.044 -0.823
389.683 -0.824
390.318 -0.825
390.943 -0.826
391.548 -0.827
392.153 -0.828
392.759 -0.829
393.366 -0.83
393.979 -0.831
394.648 -0.832
395.326 -0.833
395.981 -0.834
396.636 -0.835
397.289 -0.836
397.94 -0.837
398.59 -0.838
399.241 -0.839
399.891 -0.84
400.53 -0.841
401.165 -0.842
401.802 -0.843
402.441 -0.844
403.082 -0.845
403.725 -0.846
404.371 -0.847
405.018 -0.848
405.666 -0.849
406.313 -0.85
406.958 -0.851
407.601 -0.852
408.243 -0.853
408.885 -0.854
409.526 -0.855
410.167 -0.856
410.809 -0.857
411.452 -0.858
412.096 -0.859
412.74 -0.86
413.37 -0.861
414 -0.862
414.631 -0.863
415.262 -0.864
415.894 -0.865
416.528 -0.866
417.163 -0.867
417.798 -0.868
418.431 -0.869
419.065 -0.87
419.702 -0.871
420.341 -0.872
420.979 -0.873
421.616 -0.874
422.255 -0.875
422.897 -0.876
423.54 -0.877
424.184 -0.878
424.824 -0.879
425.462 -0.88
426.101 -0.881
426.741 -0.882
427.381 -0.883
428.023 -0.884
428.666 -0.885
429.307 -0.886
429.95 -0.887
430.594 -0.888
431.239 -0.889
431.884 -0.89
432.526 -0.891
433.164 -0.892
433.797 -0.893
434.432 -0.894
435.07 -0.895
435.709 -0.896
436.349 -0.897
436.989 -0.898
437.63 -0.899
438.269 -0.9
438.909 -0.901
439.552 -0.902
440.189 -0.903
440.826 -0.904
441.456 -0.905
442.084 -0.906
442.712 -0.907
443.342 -0.908
443.974 -0.909
444.608 -0.91
445.244 -0.911
445.881 -0.912
446.521 -0.913
447.162 -0.914
447.805 -0.915
448.45 -0.916
449.086 -0.917
449.723 -0.918
450.363 -0.919
451.003 -0.92
451.645 -0.921
452.287 -0.922
452.932 -0.923
453.579 -0.924
454.227 -0.925
454.878 -0.926
455.53 -0.927
456.178 -0.928
456.817 -0.929
457.458 -0.93
458.101 -0.931
458.746 -0.932
459.392 -0.933
460.037 -0.934
460.682 -0.935
461.327 -0.936
461.974 -0.937
462.621 -0.938
463.27 -0.939
463.92 -0.94
464.573 -0.941
465.227 -0.942
465.883 -0.943
466.54 -0.944
467.2 -0.945
467.861 -0.946
468.523 -0.947
469.186 -0.948
469.847 -0.949
470.506 -0.95
471.166 -0.951
471.813 -0.952
472.462 -0.953
473.113 -0.954
473.766 -0.955
474.42 -0.956
475.076 -0.957
475.734 -0.958
476.392 -0.959
477.052 -0.96
477.713 -0.961
478.377 -0.962
479.042 -0.963
479.708 -0.964
480.377 -0.965
481.041 -0.966
481.706 -0.967
482.373 -0.968
483.042 -0.969
483.712 -0.97
484.383 -0.971
485.056 -0.972
485.73 -0.973
486.406 -0.974
487.084 -0.975
487.764 -0.976
488.445 -0.977
489.128 -0.978
489.813 -0.979
490.5 -0.98
491.184 -0.981
491.869 -0.982
492.556 -0.983
493.243 -0.984
493.925 -0.985
494.608 -0.986
495.294 -0.987
495.98 -0.988
496.669 -0.989
497.357 -0.99
498.047 -0.991
498.738 -0.992
499.432 -0.993
500.122 -0.994
500.811 -0.995
501.502 -0.996
502.192 -0.997
502.877 -0.998
503.56 -0.999
504.243 -1
