19.8338 -0.001
39.6378 -0.002
59.4117 -0.003
79.1552 -0.004
98.8681 -0.005
118.55 -0.006
138.201 -0.007
157.82 -0.008
177.407 -0.009
196.962 -0.01
216.484 -0.011
235.974 -0.012
255.43 -0.013
274.853 -0.014
294.241 -0.015
313.595 -0.016
332.915 -0.017
352.199 -0.018
371.448 -0.019
390.66 -0.02
409.837 -0.021
428.976 -0.022
448.078 -0.023
467.142 -0.024
486.167 -0.025
505.154 -0.026
524.101 -0.027
543.009 -0.028
561.876 -0.029
580.701 -0.03
598.948 -0.031
615.982 -0.032
631.312 -0.033
644.35 -0.034
657.237 -0.035
669.725 -0.036
681.217 -0.037
690.973 -0.038
698.17 -0.039
703.974 -0.04
709.409 -0.041
714.064 -0.042
718.07 -0.043
721.803 -0.044
725.284 -0.045
728.306 -0.046
730.949 -0.047
732.806 -0.048
734.083 -0.049
735.293 -0.05
736.409 -0.051
737.468 -0.052
738.451 -0.053
739.355 -0.054
740.185 -0.055
740.972 -0.056
741.732 -0.057
742.477 -0.058
743.211 -0.059
743.938 -0.06
744.662 -0.061
745.383 -0.062
746.102 -0.063
746.815 -0.064
747.515 -0.065
748.21 -0.066
748.899 -0.067
749.579 -0.068
750.244 -0.069
750.889 -0.07
751.524 -0.071
752.154 -0.072
752.774 -0.073
753.387 -0.074
753.989 -0.075
754.574 -0.076
755.136 -0.077
755.692 -0.078
756.236 -0.079
756.777 -0.08
757.305 -0.081
757.829 -0.082
758.329 -0.083
758.814 -0.084
759.286 -0.085
759.753 -0.086
760.213 -0.087
760.66 -0.088
761.098 -0.089
761.53 -0.09
761.954 -0.091
762.376 -0.092
762.793 -0.093
763.208 -0.094
763.622 -0.095
764.033 -0.096
764.44 -0.097
764.842 -0.098
765.243 -0.099
765.643 -0.1
766.04 -0.101
766.433 -0.102
766.824 -0.103
767.211 -0.104
767.597 -0.105
767.981 -0.106
768.363 -0.107
768.742 -0.108
769.12 -0.109
769.497 -0.11
769.871 -0.111
770.245 -0.112
770.616 -0.113
770.984 -0.114
771.35 -0.115
771.716 -0.116
772.08 -0.117
772.443 -0.118
772.803 -0.119
773.161 -0.12
773.516 -0.121
773.868 -0.122
774.22 -0.123
774.569 -0.124
774.915 -0.125
775.259 -0.126
775.601 -0.127
775.941 -0.128
776.279 -0.129
776.616 -0.13
776.951 -0.131
777.284 -0.132
777.615 -0.133
777.943 -0.134
778.27 -0.135
778.596 -0.136
778.922 -0.137
779.246 -0.138
779.568 -0.139
779.889 -0.14
780.209 -0.141
780.528 -0.142
780.844 -0.143
781.16 -0.144
781.474 -0.145
781.786 -0.146
782.095 -0.147
782.402 -0.148
782.708 -0.149
783.012 -0.15
783.316 -0.151
783.616 -0.152
783.913 -0.153
784.208 -0.154
784.5 -0.155
784.791 -0.156
785.08 -0.157
785.368 -0.158
785.653 -0.159
785.936 -0.16
786.218 -0.161
786.498 -0.162
786.777 -0.163
787.051 -0.164
787.322 -0.165
787.592 -0.166
787.861 -0.167
788.128 -0.168
788.394 -0.169
788.659 -0.17
788.921 -0.171
789.181 -0.172
789.44 -0.173
789.697 -0.174
789.953 -0.175
790.205 -0.176
790.455 -0.177
790.705 -0.178
790.953 -0.179
791.201 -0.18
791.447 -0.181
791.69 -0.182
791.932 -0.183
792.173 -0.184
792.414 -0.185
792.654 -0.186
792.893 -0.187
793.129 -0.188
793.362 -0.189
793.592 -0.19
793.821 -0.191
794.049 -0.192
794.277 -0.193
794.503 -0.194
794.727 -0.195
794.948 -0.196
795.167 -0.197
795.385 -0.198
795.601 -0.199
795.817 -0.2
796.031 -0.201
796.245 -0.202
796.457 -0.203
796.668 -0.204
796.877 -0.205
797.086 -0.206
797.293 -0.207
797.5 -0.208
797.705 -0.209
797.91 -0.21
798.115 -0.211
798.318 -0.212
798.519 -0.213
798.719 -0.214
798.917 -0.215
799.116 -0.216
799.313 -0.217
799.51 -0.218
799.706 -0.219
799.901 -0.22
800.096 -0.221
800.289 -0.222
800.483 -0.223
800.675 -0.224
800.867 -0.225
801.058 -0.226
801.249 -0.227
801.438 -0.228
801.627 -0.229
801.816 -0.23
802.004 -0.231
802.19 -0.232
802.374 -0.233
802.557 -0.234
802.739 -0.235
802.921 -0.236
803.102 -0.237
803.282 -0.238
803.461 -0.239
803.64 -0.24
803.818 -0.241
803.996 -0.242
804.172 -0.243
804.349 -0.244
804.524 -0.245
804.699 -0.246
804.873 -0.247
805.046 -0.248
805.219 -0.249
805.391 -0.25
805.562 -0.251
805.732 -0.252
805.901 -0.253
806.07 -0.254
806.238 -0.255
806.406 -0.256
806.573 -0.257
806.739 -0.258
806.904 -0.259
807.069 -0.26
807.233 -0.261
807.397 -0.262
807.56 -0.263
807.723 -0.264
807.884 -0.265
808.046 -0.266
808.207 -0.267
808.367 -0.268
808.526 -0.269
808.685 -0.27
808.843 -0.271
809.001 -0.272
809.158 -0.273
809.315 -0.274
809.47 -0.275
809.626 -0.276
809.781 -0.277
809.935 -0.278
810.088 -0.279
810.241 -0.28
810.394 -0.281
810.546 -0.282
810.697 -0.283
810.846 -0.284
810.996 -0.285
811.144 -0.286
811.292 -0.287
811.439 -0.288
811.586 -0.289
811.733 -0.29
811.878 -0.291
812.023 -0.292
812.168 -0.293
812.312 -0.294
812.456 -0.295
812.598 -0.296
812.74 -0.297
812.882 -0.298
813.023 -0.299
813.163 -0.3
813.303 -0.301
813.442 -0.302
813.581 -0.303
813.719 -0.304
813.857 -0.305
813.994 -0.306
814.13 -0.307
814.266 -0.308
814.402 -0.309
814.537 -0.31
814.671 -0.311
814.805 -0.312
814.938 -0.313
815.071 -0.314
815.203 -0.315
815.334 -0.316
815.464 -0.317
815.593 -0.318
815.722 -0.319
815.85 -0.32
815.978 -0.321
816.105 -0.322
816.232 -0.323
816.358 -0.324
816.483 -0.325
816.608 -0.326
816.732 -0.327
816.856 -0.328
816.979 -0.329
817.102 -0.33
817.224 -0.331
817.345 -0.332
817.466 -0.333
817.587 -0.334
817.707 -0.335
817.826 -0.336
817.945 -0.337
818.063 -0.338
818.181 -0.339
818.298 -0.34
818.415 -0.341
818.531 -0.342
818.646 -0.343
818.759 -0.344
818.871 -0.345
818.983 -0.346
819.094 -0.347
819.205 -0.348
819.315 -0.349
819.424 -0.35
819.533 -0.351
819.641 -0.352
819.749 -0.353
819.855 -0.354
819.961 -0.355
820.066 -0.356
820.171 -0.357
820.276 -0.358
820.38 -0.359
820.484 -0.36
820.587 -0.361
820.689 -0.362
820.791 -0.363
820.893 -0.364
820.994 -0.365
821.095 -0.366
821.195 -0.367
821.294 -0.368
821.394 -0.369
821.492 -0.37
821.59 -0.371
821.687 -0.372
821.784 -0.373
821.881 -0.374
821.977 -0.375
822.072 -0.376
822.167 -0.377
822.261 -0.378
822.354 -0.379
822.448 -0.38
822.54 -0.381
822.633 -0.382
822.726 -0.383
822.818 -0.384
822.91 -0.385
823.001 -0.386
823.091 -0.387
823.182 -0.388
823.271 -0.389
823.36 -0.39
823.449 -0.391
823.537 -0.392
823.625 -0.393
823.713 -0.394
823.8 -0.395
823.886 -0.396
823.972 -0.397
824.058 -0.398
824.143 -0.399
824.227 -0.4
824.311 -0.401
824.394 -0.402
824.477 -0.403
824.56 -0.404
824.642 -0.405
824.724 -0.406
824.805 -0.407
824.886 -0.408
824.967 -0.409
825.048 -0.41
825.129 -0.411
825.21 -0.412
825.291 -0.413
825.371 -0.414
825.451 -0.415
825.531 -0.416
825.61 -0.417
825.69 -0.418
825.768 -0.419
825.846 -0.42
825.924 -0.421
826.001 -0.422
826.078 -0.423
826.155 -0.424
826.231 -0.425
826.307 -0.426
826.382 -0.427
826.457 -0.428
826.532 -0.429
826.606 -0.43
826.68 -0.431
826.754 -0.432
826.828 -0.433
826.901 -0.434
826.974 -0.435
827.047 -0.436
827.119 -0.437
827.192 -0.438
827.263 -0.439
827.334 -0.44
827.404 -0.441
827.474 -0.442
827.544 -0.443
827.613 -0.444
827.682 -0.445
827.75 -0.446
827.819 -0.447
827.887 -0.448
827.954 -0.449
828.022 -0.45
828.089 -0.451
828.156 -0.452
828.223 -0.453
828.289 -0.454
828.354 -0.455
828.418 -0.456
828.482 -0.457
828.545 -0.458
828.608 -0.459
828.671 -0.46
828.733 -0.461
828.794 -0.462
828.855 -0.463
828.915 -0.464
828.975 -0.465
829.034 -0.466
829.092 -0.467
829.147 -0.468
829.2 -0.469
829.252 -0.47
829.303 -0.471
829.353 -0.472
829.401 -0.473
829.449 -0.474
829.494 -0.475
829.538 -0.476
829.58 -0.477
829.619 -0.478
829.654 -0.479
829.686 -0.48
829.711 -0.481
829.731 -0.482
829.754 -0.483
829.769 -0.484
829.763 -0.485
829.731 -0.486
829.662 -0.487
829.547 -0.488
829.395 -0.489
829.223 -0.49
829.047 -0.491
828.868 -0.492
828.684 -0.493
828.509 -0.494
828.34 -0.495
828.171 -0.496
827.999 -0.497
827.827 -0.498
827.7 -0.499
827.675 -0.5
827.748 -0.501
827.925 -0.502
828.194 -0.503
828.456 -0.504
828.648 -0.505
828.803 -0.506
828.958 -0.507
829.112 -0.508
829.261 -0.509
829.404 -0.51
829.54 -0.511
829.675 -0.512
829.805 -0.513
829.918 -0.514
830.008 -0.515
830.069 -0.516
830.113 -0.517
830.158 -0.518
830.202 -0.519
830.246 -0.52
830.289 -0.521
830.334 -0.522
830.38 -0.523
830.426 -0.524
830.47 -0.525
830.512 -0.526
830.553 -0.527
830.591 -0.528
830.625 -0.529
830.651 -0.53
830.674 -0.531
830.692 -0.532
830.704 -0.533
830.708 -0.534
830.7 -0.535
830.723 -0.536
830.756 -0.537
830.818 -0.538
830.886 -0.539
830.946 -0.54
830.998 -0.541
831.051 -0.542
831.104 -0.543
831.157 -0.544
831.21 -0.545
831.264 -0.546
831.318 -0.547
831.373 -0.548
831.427 -0.549
831.482 -0.55
831.536 -0.551
831.591 -0.552
831.645 -0.553
831.7 -0.554
831.755 -0.555
831.809 -0.556
831.864 -0.557
831.918 -0.558
831.973 -0.559
832.027 -0.56
832.082 -0.561
832.136 -0.562
832.191 -0.563
832.245 -0.564
832.3 -0.565
832.354 -0.566
832.408 -0.567
832.462 -0.568
832.515 -0.569
832.568 -0.57
832.62 -0.571
832.672 -0.572
832.724 -0.573
832.775 -0.574
832.826 -0.575
832.875 -0.576
832.924 -0.577
832.971 -0.578
833.017 -0.579
833.06 -0.58
833.099 -0.581
833.135 -0.582
833.178 -0.583
833.212 -0.584
833.267 -0.585
833.319 -0.586
833.371 -0.587
833.422 -0.588
833.473 -0.589
833.524 -0.59
833.575 -0.591
833.625 -0.592
833.674 -0.593
833.723 -0.594
833.772 -0.595
833.824 -0.596
833.879 -0.597
833.935 -0.598
833.991 -0.599
834.048 -0.6
834.104 -0.601
834.161 -0.602
834.217 -0.603
834.274 -0.604
834.33 -0.605
834.386 -0.606
834.441 -0.607
834.496 -0.608
834.55 -0.609
834.606 -0.61
834.665 -0.611
834.724 -0.612
834.783 -0.613
834.842 -0.614
834.902 -0.615
834.961 -0.616
835.02 -0.617
835.079 -0.618
835.139 -0.619
835.199 -0.62
835.259 -0.621
835.319 -0.622
835.382 -0.623
835.446 -0.624
835.511 -0.625
835.577 -0.626
835.643 -0.627
835.709 -0.628
835.776 -0.629
835.843 -0.63
835.91 -0.631
835.978 -0.632
836.046 -0.633
836.115 -0.634
836.184 -0.635
836.254 -0.636
836.324 -0.637
836.395 -0.638
836.466 -0.639
836.538 -0.64
836.61 -0.641
836.683 -0.642
836.755 -0.643
836.828 -0.644
836.901 -0.645
836.975 -0.646
837.048 -0.647
837.122 -0.648
837.196 -0.649
837.27 -0.65
837.344 -0.651
837.419 -0.652
837.493 -0.653
837.568 -0.654
837.643 -0.655
837.719 -0.656
837.794 -0.657
837.87 -0.658
837.946 -0.659
838.023 -0.66
838.099 -0.661
838.177 -0.662
838.254 -0.663
838.332 -0.664
838.41 -0.665
838.488 -0.666
838.567 -0.667
838.645 -0.668
838.724 -0.669
838.804 -0.67
838.883 -0.671
838.963 -0.672
839.042 -0.673
839.122 -0.674
839.203 -0.675
839.283 -0.676
839.364 -0.677
839.445 -0.678
839.527 -0.679
839.608 -0.68
839.69 -0.681
839.772 -0.682
839.855 -0.683
839.938 -0.684
840.02 -0.685
840.104 -0.686
840.187 -0.687
840.271 -0.688
840.355 -0.689
840.439 -0.69
840.523 -0.691
840.608 -0.692
840.693 -0.693
840.779 -0.694
840.864 -0.695
840.95 -0.696
841.036 -0.697
841.123 -0.698
841.209 -0.699
841.296 -0.7
841.384 -0.701
841.471 -0.702
841.559 -0.703
841.647 -0.704
841.736 -0.705
841.824 -0.706
841.914 -0.707
842.003 -0.708
842.092 -0.709
842.182 -0.71
842.273 -0.711
842.363 -0.712
842.454 -0.713
842.545 -0.714
842.637 -0.715
842.729 -0.716
842.821 -0.717
842.913 -0.718
843.006 -0.719
843.099 -0.72
843.193 -0.721
843.286 -0.722
843.38 -0.723
843.475 -0.724
843.57 -0.725
843.665 -0.726
843.76 -0.727
843.856 -0.728
843.952 -0.729
844.048 -0.73
844.145 -0.731
844.242 -0.732
844.34 -0.733
844.437 -0.734
844.536 -0.735
844.634 -0.736
844.733 -0.737
844.832 -0.738
844.932 -0.739
845.033 -0.74
845.133 -0.741
845.235 -0.742
845.337 -0.743
845.44 -0.744
845.543 -0.745
845.647 -0.746
845.752 -0.747
845.857 -0.748
845.963 -0.749
846.069 -0.75
846.176 -0.751
846.284 -0.752
846.392 -0.753
846.501 -0.754
846.61 -0.755
846.719 -0.756
846.829 -0.757
846.939 -0.758
847.05 -0.759
847.161 -0.76
847.272 -0.761
847.384 -0.762
847.496 -0.763
847.608 -0.764
847.721 -0.765
847.834 -0.766
847.948 -0.767
848.062 -0.768
848.176 -0.769
848.291 -0.77
848.407 -0.771
848.522 -0.772
848.638 -0.773
848.755 -0.774
848.871 -0.775
848.989 -0.776
849.106 -0.777
849.224 -0.778
849.343 -0.779
849.461 -0.78
849.581 -0.781
849.7 -0.782
849.82 -0.783
849.941 -0.784
850.062 -0.785
850.183 -0.786
850.304 -0.787
850.427 -0.788
850.549 -0.789
850.672 -0.79
850.795 -0.791
850.919 -0.792
851.043 -0.793
851.167 -0.794
851.292 -0.795
851.418 -0.796
851.543 -0.797
851.669 -0.798
851.796 -0.799
851.922 -0.8
852.05 -0.801
852.177 -0.802
852.305 -0.803
852.434 -0.804
852.563 -0.805
852.692 -0.806
852.822 -0.807
852.953 -0.808
853.084 -0.809
853.215 -0.81
853.347 -0.811
853.48 -0.812
853.613 -0.813
853.747 -0.814
853.882 -0.815
854.017 -0.816
854.154 -0.817
854.291 -0.818
854.428 -0.819
854.565 -0.82
854.703 -0.821
854.84 -0.822
854.976 -0.823
855.111 -0.824
855.245 -0.825
855.379 -0.826
855.514 -0.827
855.649 -0.828
855.771 -0.829
855.896 -0.83
856.019 -0.831
856.142 -0.832
856.265 -0.833
856.388 -0.834
856.51 -0.835
856.633 -0.836
856.756 -0.837
856.878 -0.838
857.001 -0.839
857.123 -0.84
857.245 -0.841
857.367 -0.842
857.488 -0.843
857.609 -0.844
857.73 -0.845
857.851 -0.846
857.971 -0.847
858.09 -0.848
858.209 -0.849
858.328 -0.85
858.446 -0.851
858.563 -0.852
858.679 -0.853
858.795 -0.854
858.91 -0.855
859.023 -0.856
859.136 -0.857
859.248 -0.858
859.358 -0.859
859.476 -0.86
859.604 -0.861
859.742 -0.862
859.882 -0.863
860.02 -0.864
860.158 -0.865
860.294 -0.866
860.429 -0.867
860.564 -0.868
860.7 -0.869
860.836 -0.87
860.973 -0.871
861.111 -0.872
861.25 -0.873
861.389 -0.874
861.529 -0.875
861.669 -0.876
861.81 -0.877
861.952 -0.878
862.095 -0.879
862.238 -0.88
862.382 -0.881
862.526 -0.882
862.672 -0.883
862.818 -0.884
862.964 -0.885
863.112 -0.886
863.26 -0.887
863.408 -0.888
863.558 -0.889
863.722 -0.89
863.93 -0.891
864.156 -0.892
864.391 -0.893
864.633 -0.894
864.88 -0.895
865.131 -0.896
865.385 -0.897
865.639 -0.898
865.894 -0.899
866.149 -0.9
866.405 -0.901
866.662 -0.902
866.92 -0.903
867.178 -0.904
867.437 -0.905
867.696 -0.906
867.956 -0.907
868.216 -0.908
868.42 -0.909
868.614 -0.91
868.808 -0.911
869.003 -0.912
869.199 -0.913
869.395 -0.914
869.593 -0.915
869.79 -0.916
869.989 -0.917
870.188 -0.918
870.388 -0.919
870.588 -0.92
870.79 -0.921
870.991 -0.922
871.194 -0.923
871.397 -0.924
871.601 -0.925
871.806 -0.926
872.011 -0.927
872.217 -0.928
872.424 -0.929
872.631 -0.93
872.84 -0.931
873.048 -0.932
873.258 -0.933
873.468 -0.934
873.679 -0.935
873.891 -0.936
874.103 -0.937
874.316 -0.938
874.53 -0.939
874.745 -0.94
874.96 -0.941
875.176 -0.942
875.393 -0.943
875.61 -0.944
875.828 -0.945
876.047 -0.946
876.267 -0.947
876.487 -0.948
876.708 -0.949
876.93 -0.95
877.152 -0.951
877.376 -0.952
877.6 -0.953
877.824 -0.954
878.05 -0.955
878.276 -0.956
878.503 -0.957
878.731 -0.958
878.959 -0.959
879.189 -0.96
879.418 -0.961
879.649 -0.962
879.879 -0.963
880.111 -0.964
880.343 -0.965
880.576 -0.966
880.81 -0.967
881.045 -0.968
881.28 -0.969
881.516 -0.97
881.753 -0.971
881.991 -0.972
882.229 -0.973
882.468 -0.974
882.708 -0.975
882.949 -0.976
883.19 -0.977
883.433 -0.978
883.676 -0.979
883.92 -0.98
884.164 -0.981
884.41 -0.982
884.656 -0.983
884.903 -0.984
885.151 -0.985
885.399 -0.986
885.648 -0.987
885.899 -0.988
886.149 -0.989
886.401 -0.99
886.653 -0.991
886.906 -0.992
887.159 -0.993
887.413 -0.994
887.667 -0.995
887.923 -0.996
888.179 -0.997
888.436 -0.998
888.694 -0.999
888.953 -1
889.212 -1.001
889.472 -1.002
889.733 -1.003
889.995 -1.004
890.258 -1.005
890.521 -1.006
890.785 -1.007
891.05 -1.008
891.316 -1.009
891.583 -1.01
891.851 -1.011
892.119 -1.012
892.388 -1.013
892.658 -1.014
892.929 -1.015
893.201 -1.016
893.473 -1.017
893.747 -1.018
894.021 -1.019
894.296 -1.02
894.572 -1.021
894.848 -1.022
895.126 -1.023
895.404 -1.024
895.683 -1.025
895.962 -1.026
896.242 -1.027
896.523 -1.028
896.804 -1.029
897.087 -1.03
897.37 -1.031
897.654 -1.032
897.939 -1.033
898.225 -1.034
898.512 -1.035
898.799 -1.036
899.088 -1.037
899.377 -1.038
899.667 -1.039
899.958 -1.04
900.25 -1.041
900.543 -1.042
900.837 -1.043
901.131 -1.044
901.427 -1.045
901.723 -1.046
902.02 -1.047
902.318 -1.048
902.617 -1.049
902.917 -1.05
903.218 -1.051
903.519 -1.052
903.822 -1.053
904.125 -1.054
904.429 -1.055
904.735 -1.056
905.041 -1.057
905.348 -1.058
905.656 -1.059
905.964 -1.06
906.274 -1.061
906.585 -1.062
906.896 -1.063
907.209 -1.064
907.522 -1.065
907.836 -1.066
908.15 -1.067
908.465 -1.068
908.781 -1.069
909.098 -1.07
909.416 -1.071
909.734 -1.072
910.054 -1.073
910.374 -1.074
910.696 -1.075
911.018 -1.076
911.341 -1.077
911.665 -1.078
911.991 -1.079
912.317 -1.08
912.644 -1.081
912.972 -1.082
913.301 -1.083
913.63 -1.084
913.961 -1.085
914.293 -1.086
914.626 -1.087
914.959 -1.088
915.294 -1.089
915.629 -1.09
915.966 -1.091
916.303 -1.092
916.642 -1.093
916.981 -1.094
917.321 -1.095
917.663 -1.096
918.005 -1.097
918.348 -1.098
918.693 -1.099
919.038 -1.1
