24.697 -0.001
49.3349 -0.002
73.9127 -0.003
98.4289 -0.004
122.882 -0.005
147.271 -0.006
171.595 -0.007
195.85 -0.008
220.037 -0.009
241.928 -0.01
257.298 -0.011
272.711 -0.012
288.155 -0.013
303.541 -0.014
318.859 -0.015
334.106 -0.016
349.27 -0.017
364.35 -0.018
378.864 -0.019
391.656 -0.02
402.153 -0.021
412.502 -0.022
422.751 -0.023
432.876 -0.024
442.865 -0.025
452.758 -0.026
462.594 -0.027
472.402 -0.028
482.191 -0.029
491.958 -0.03
501.697 -0.031
511.382 -0.032
520.719 -0.033
528.999 -0.034
535.258 -0.035
539.24 -0.036
543.068 -0.037
546.845 -0.038
550.565 -0.039
554.23 -0.04
557.839 -0.041
561.372 -0.042
564.741 -0.043
567.931 -0.044
570.804 -0.045
573.371 -0.046
575.436 -0.047
576.799 -0.048
577.63 -0.049
578.396 -0.05
579.137 -0.051
579.844 -0.052
580.519 -0.053
581.162 -0.054
581.778 -0.055
582.37 -0.056
582.94 -0.057
583.493 -0.058
584.033 -0.059
584.562 -0.06
585.083 -0.061
585.599 -0.062
586.107 -0.063
586.612 -0.064
587.112 -0.065
587.604 -0.066
588.09 -0.067
588.568 -0.068
589.04 -0.069
589.503 -0.07
589.959 -0.071
590.409 -0.072
590.853 -0.073
591.289 -0.074
591.714 -0.075
592.131 -0.076
592.541 -0.077
592.943 -0.078
593.339 -0.079
593.727 -0.08
594.103 -0.081
594.471 -0.082
594.83 -0.083
595.185 -0.084
595.533 -0.085
595.878 -0.086
596.216 -0.087
596.548 -0.088
596.875 -0.089
597.196 -0.09
597.515 -0.091
597.831 -0.092
598.146 -0.093
598.459 -0.094
598.764 -0.095
599.066 -0.096
599.364 -0.097
599.661 -0.098
599.956 -0.099
600.249 -0.1
600.54 -0.101
600.828 -0.102
601.115 -0.103
601.4 -0.104
601.683 -0.105
601.965 -0.106
602.246 -0.107
602.527 -0.108
602.807 -0.109
603.085 -0.11
603.362 -0.111
603.637 -0.112
603.911 -0.113
604.184 -0.114
604.455 -0.115
604.725 -0.116
604.995 -0.117
605.263 -0.118
605.531 -0.119
605.797 -0.12
606.063 -0.121
606.326 -0.122
606.588 -0.123
606.848 -0.124
607.109 -0.125
607.369 -0.126
607.627 -0.127
607.884 -0.128
608.141 -0.129
608.397 -0.13
608.652 -0.131
608.906 -0.132
609.16 -0.133
609.411 -0.134
609.662 -0.135
609.91 -0.136
610.156 -0.137
610.4 -0.138
610.641 -0.139
610.88 -0.14
611.116 -0.141
611.351 -0.142
611.583 -0.143
611.811 -0.144
612.041 -0.145
612.27 -0.146
612.496 -0.147
612.719 -0.148
612.94 -0.149
613.155 -0.15
613.37 -0.151
613.586 -0.152
613.804 -0.153
614.018 -0.154
614.229 -0.155
614.438 -0.156
614.645 -0.157
614.856 -0.158
615.067 -0.159
615.274 -0.16
615.48 -0.161
615.684 -0.162
615.884 -0.163
616.088 -0.164
616.293 -0.165
616.496 -0.166
616.692 -0.167
616.888 -0.168
617.088 -0.169
617.29 -0.17
617.49 -0.171
617.686 -0.172
617.877 -0.173
618.074 -0.174
618.271 -0.175
618.469 -0.176
618.668 -0.177
618.866 -0.178
619.061 -0.179
619.253 -0.18
619.443 -0.181
619.628 -0.182
619.808 -0.183
619.984 -0.184
620.167 -0.185
620.348 -0.186
620.526 -0.187
620.7 -0.188
620.874 -0.189
621.055 -0.19
621.236 -0.191
621.417 -0.192
621.598 -0.193
621.776 -0.194
621.952 -0.195
622.122 -0.196
622.291 -0.197
622.454 -0.198
622.612 -0.199
622.779 -0.2
622.942 -0.201
623.099 -0.202
623.249 -0.203
623.395 -0.204
623.551 -0.205
623.703 -0.206
623.844 -0.207
623.997 -0.208
624.15 -0.209
624.295 -0.21
624.446 -0.211
624.593 -0.212
624.728 -0.213
624.88 -0.214
625.037 -0.215
625.201 -0.216
625.364 -0.217
625.525 -0.218
625.684 -0.219
625.846 -0.22
626.01 -0.221
626.176 -0.222
626.34 -0.223
626.5 -0.224
626.666 -0.225
626.832 -0.226
626.998 -0.227
627.164 -0.228
627.329 -0.229
627.492 -0.23
627.653 -0.231
627.814 -0.232
627.974 -0.233
628.134 -0.234
628.294 -0.235
628.451 -0.236
628.603 -0.237
628.751 -0.238
628.906 -0.239
629.057 -0.24
629.203 -0.241
629.345 -0.242
629.48 -0.243
629.618 -0.244
629.765 -0.245
629.906 -0.246
630.042 -0.247
630.18 -0.248
630.323 -0.249
630.469 -0.25
630.613 -0.251
630.752 -0.252
630.885 -0.253
631.024 -0.254
631.168 -0.255
631.309 -0.256
631.443 -0.257
631.575 -0.258
631.722 -0.259
631.873 -0.26
632.024 -0.261
632.169 -0.262
632.309 -0.263
632.455 -0.264
632.614 -0.265
632.774 -0.266
632.933 -0.267
633.092 -0.268
633.25 -0.269
633.408 -0.27
633.566 -0.271
633.723 -0.272
633.879 -0.273
634.034 -0.274
634.187 -0.275
634.343 -0.276
634.501 -0.277
634.658 -0.278
634.815 -0.279
634.969 -0.28
635.123 -0.281
635.284 -0.282
635.448 -0.283
635.611 -0.284
635.774 -0.285
635.936 -0.286
636.098 -0.287
636.26 -0.288
636.422 -0.289
636.587 -0.29
636.75 -0.291
636.913 -0.292
637.076 -0.293
637.239 -0.294
637.403 -0.295
637.566 -0.296
637.728 -0.297
637.89 -0.298
638.053 -0.299
638.215 -0.3
638.378 -0.301
638.54 -0.302
638.702 -0.303
638.863 -0.304
639.023 -0.305
639.183 -0.306
639.343 -0.307
639.502 -0.308
639.66 -0.309
639.818 -0.31
639.974 -0.311
640.131 -0.312
640.286 -0.313
640.441 -0.314
640.597 -0.315
640.754 -0.316
640.91 -0.317
641.066 -0.318
641.22 -0.319
641.374 -0.32
641.527 -0.321
641.678 -0.322
641.832 -0.323
641.986 -0.324
642.14 -0.325
642.292 -0.326
642.444 -0.327
642.598 -0.328
642.751 -0.329
642.903 -0.33
643.054 -0.331
643.204 -0.332
643.353 -0.333
643.505 -0.334
643.656 -0.335
643.806 -0.336
643.955 -0.337
644.103 -0.338
644.254 -0.339
644.404 -0.34
644.554 -0.341
644.704 -0.342
644.846 -0.343
644.991 -0.344
645.14 -0.345
645.289 -0.346
645.438 -0.347
645.585 -0.348
645.731 -0.349
645.869 -0.35
645.993 -0.351
646.072 -0.352
646.093 -0.353
646.024 -0.354
646.185 -0.355
646.296 -0.356
646.257 -0.357
646.41 -0.358
646.636 -0.359
646.833 -0.36
647.011 -0.361
647.159 -0.362
647.298 -0.363
647.446 -0.364
647.6 -0.365
647.746 -0.366
647.894 -0.367
648.041 -0.368
648.189 -0.369
648.336 -0.37
648.482 -0.371
648.628 -0.372
648.774 -0.373
648.919 -0.374
649.062 -0.375
649.206 -0.376
649.351 -0.377
649.496 -0.378
649.64 -0.379
649.784 -0.38
649.928 -0.381
650.071 -0.382
650.216 -0.383
650.36 -0.384
650.503 -0.385
650.646 -0.386
650.789 -0.387
650.932 -0.388
650.939 -0.389
650.947 -0.39
651.01 -0.391
651.074 -0.392
651.174 -0.393
651.311 -0.394
651.127 -0.395
651.249 -0.396
651.386 -0.397
651.576 -0.398
651.785 -0.399
651.986 -0.4
652.159 -0.401
652.35 -0.402
652.518 -0.403
652.673 -0.404
652.825 -0.405
652.977 -0.406
653.132 -0.407
653.29 -0.408
653.447 -0.409
653.604 -0.41
653.759 -0.411
653.91 -0.412
654.059 -0.413
654.205 -0.414
654.35 -0.415
654.492 -0.416
654.634 -0.417
654.775 -0.418
654.912 -0.419
655.047 -0.42
655.179 -0.421
655.311 -0.422
655.441 -0.423
655.574 -0.424
655.704 -0.425
655.832 -0.426
655.957 -0.427
656.085 -0.428
656.218 -0.429
656.35 -0.43
656.479 -0.431
656.608 -0.432
656.739 -0.433
656.872 -0.434
657.005 -0.435
657.144 -0.436
657.284 -0.437
657.423 -0.438
657.56 -0.439
657.697 -0.44
657.84 -0.441
657.984 -0.442
658.126 -0.443
658.269 -0.444
658.412 -0.445
658.554 -0.446
658.697 -0.447
658.839 -0.448
658.982 -0.449
659.124 -0.45
659.267 -0.451
659.408 -0.452
659.55 -0.453
659.691 -0.454
659.832 -0.455
659.973 -0.456
660.114 -0.457
660.255 -0.458
660.395 -0.459
660.534 -0.46
660.674 -0.461
660.813 -0.462
660.952 -0.463
661.091 -0.464
661.23 -0.465
661.369 -0.466
661.507 -0.467
661.645 -0.468
661.783 -0.469
661.922 -0.47
662.061 -0.471
662.201 -0.472
662.34 -0.473
662.479 -0.474
662.62 -0.475
662.762 -0.476
662.904 -0.477
663.045 -0.478
663.187 -0.479
663.329 -0.48
663.47 -0.481
663.611 -0.482
663.752 -0.483
663.893 -0.484
664.034 -0.485
664.174 -0.486
664.314 -0.487
664.454 -0.488
664.593 -0.489
664.733 -0.49
664.872 -0.491
665.011 -0.492
665.151 -0.493
665.29 -0.494
665.428 -0.495
665.567 -0.496
665.706 -0.497
665.844 -0.498
665.983 -0.499
666.121 -0.5
666.259 -0.501
666.397 -0.502
666.535 -0.503
666.673 -0.504
666.811 -0.505
666.949 -0.506
667.086 -0.507
667.224 -0.508
667.362 -0.509
667.5 -0.51
667.638 -0.511
667.77 -0.512
667.878 -0.513
667.951 -0.514
667.968 -0.515
667.942 -0.516
667.862 -0.517
667.729 -0.518
667.541 -0.519
667.318 -0.52
667.093 -0.521
666.868 -0.522
666.642 -0.523
666.417 -0.524
666.191 -0.525
665.964 -0.526
665.738 -0.527
665.511 -0.528
665.285 -0.529
665.058 -0.53
664.83 -0.531
664.603 -0.532
664.375 -0.533
664.147 -0.534
663.919 -0.535
663.689 -0.536
663.458 -0.537
663.227 -0.538
662.996 -0.539
662.763 -0.54
662.53 -0.541
662.296 -0.542
662.063 -0.543
661.829 -0.544
661.596 -0.545
661.362 -0.546
661.114 -0.547
660.864 -0.548
660.615 -0.549
660.365 -0.55
660.116 -0.551
659.867 -0.552
659.617 -0.553
659.368 -0.554
659.118 -0.555
658.868 -0.556
658.619 -0.557
658.358 -0.558
658.091 -0.559
657.823 -0.56
657.557 -0.561
657.29 -0.562
657.024 -0.563
656.757 -0.564
656.491 -0.565
656.224 -0.566
655.958 -0.567
655.691 -0.568
655.415 -0.569
655.129 -0.57
654.844 -0.571
654.558 -0.572
654.272 -0.573
653.987 -0.574
653.701 -0.575
653.415 -0.576
653.129 -0.577
652.843 -0.578
652.556 -0.579
652.249 -0.58
651.94 -0.581
651.633 -0.582
651.325 -0.583
651.018 -0.584
650.711 -0.585
650.404 -0.586
650.097 -0.587
649.79 -0.588
649.483 -0.589
649.176 -0.59
648.869 -0.591
648.562 -0.592
648.255 -0.593
647.947 -0.594
647.639 -0.595
647.331 -0.596
647.022 -0.597
646.714 -0.598
646.406 -0.599
646.098 -0.6
