16.1051 -0.001
32.1841 -0.002
48.2418 -0.003
64.2765 -0.004
80.2878 -0.005
96.2754 -0.006
112.239 -0.007
128.179 -0.008
144.094 -0.009
159.984 -0.01
175.849 -0.011
191.689 -0.012
207.504 -0.013
223.292 -0.014
239.054 -0.015
254.79 -0.016
270.498 -0.017
286.18 -0.018
301.833 -0.019
317.452 -0.02
332.394 -0.021
344.673 -0.022
355.475 -0.023
366.234 -0.024
376.939 -0.025
387.578 -0.026
398.161 -0.027
408.691 -0.028
419.164 -0.029
429.28 -0.03
438.045 -0.031
444.066 -0.032
448.654 -0.033
452.274 -0.034
455.386 -0.035
458.168 -0.036
460.459 -0.037
461.929 -0.038
462.751 -0.039
463.504 -0.04
464.202 -0.041
464.852 -0.042
465.472 -0.043
466.068 -0.044
466.649 -0.045
467.216 -0.046
467.771 -0.047
468.318 -0.048
468.848 -0.049
469.366 -0.05
469.869 -0.051
470.357 -0.052
470.824 -0.053
471.274 -0.054
471.703 -0.055
472.111 -0.056
472.505 -0.057
472.882 -0.058
473.246 -0.059
473.598 -0.06
473.937 -0.061
474.267 -0.062
474.588 -0.063
474.901 -0.064
475.204 -0.065
475.5 -0.066
475.789 -0.067
476.072 -0.068
476.35 -0.069
476.623 -0.07
476.893 -0.071
477.159 -0.072
477.42 -0.073
477.677 -0.074
477.93 -0.075
478.18 -0.076
478.427 -0.077
478.671 -0.078
478.912 -0.079
479.149 -0.08
479.384 -0.081
479.617 -0.082
479.848 -0.083
480.076 -0.084
480.3 -0.085
480.522 -0.086
480.741 -0.087
480.959 -0.088
481.175 -0.089
481.388 -0.09
481.601 -0.091
481.811 -0.092
482.021 -0.093
482.226 -0.094
482.43 -0.095
482.633 -0.096
482.834 -0.097
483.033 -0.098
483.229 -0.099
483.423 -0.1
483.615 -0.101
483.807 -0.102
483.999 -0.103
484.188 -0.104
484.375 -0.105
484.559 -0.106
484.741 -0.107
484.924 -0.108
485.105 -0.109
485.287 -0.11
485.465 -0.111
485.642 -0.112
485.818 -0.113
485.991 -0.114
486.164 -0.115
486.336 -0.116
486.507 -0.117
486.674 -0.118
486.84 -0.119
487.005 -0.12
487.169 -0.121
487.334 -0.122
487.498 -0.123
487.66 -0.124
487.822 -0.125
487.98 -0.126
488.138 -0.127
488.296 -0.128
488.454 -0.129
488.611 -0.13
488.768 -0.131
488.924 -0.132
489.078 -0.133
489.231 -0.134
489.384 -0.135
489.536 -0.136
489.688 -0.137
489.84 -0.138
489.991 -0.139
490.142 -0.14
490.293 -0.141
490.444 -0.142
490.593 -0.143
490.74 -0.144
490.888 -0.145
491.035 -0.146
491.182 -0.147
491.328 -0.148
491.474 -0.149
491.619 -0.15
491.764 -0.151
491.909 -0.152
492.053 -0.153
492.197 -0.154
492.341 -0.155
492.484 -0.156
492.627 -0.157
492.77 -0.158
492.913 -0.159
493.055 -0.16
493.197 -0.161
493.339 -0.162
493.48 -0.163
493.622 -0.164
493.763 -0.165
493.903 -0.166
494.043 -0.167
494.184 -0.168
494.324 -0.169
494.464 -0.17
494.604 -0.171
494.743 -0.172
494.882 -0.173
495.021 -0.174
495.159 -0.175
495.297 -0.176
495.435 -0.177
495.573 -0.178
495.711 -0.179
495.848 -0.18
495.985 -0.181
496.122 -0.182
496.259 -0.183
496.396 -0.184
496.532 -0.185
496.669 -0.186
496.805 -0.187
496.941 -0.188
497.078 -0.189
497.214 -0.19
497.35 -0.191
497.486 -0.192
497.621 -0.193
497.757 -0.194
497.893 -0.195
498.028 -0.196
498.164 -0.197
498.299 -0.198
498.434 -0.199
498.57 -0.2
498.705 -0.201
498.84 -0.202
498.975 -0.203
499.11 -0.204
499.244 -0.205
499.379 -0.206
499.513 -0.207
499.647 -0.208
499.781 -0.209
499.915 -0.21
500.048 -0.211
500.182 -0.212
500.315 -0.213
500.448 -0.214
500.581 -0.215
500.714 -0.216
500.847 -0.217
500.98 -0.218
501.113 -0.219
501.246 -0.22
501.378 -0.221
501.511 -0.222
501.644 -0.223
501.776 -0.224
501.909 -0.225
502.041 -0.226
502.173 -0.227
502.306 -0.228
502.438 -0.229
502.57 -0.23
502.702 -0.231
502.834 -0.232
502.966 -0.233
503.098 -0.234
503.23 -0.235
503.362 -0.236
503.493 -0.237
503.625 -0.238
503.757 -0.239
503.888 -0.24
504.02 -0.241
504.151 -0.242
504.282 -0.243
504.414 -0.244
504.545 -0.245
504.676 -0.246
504.807 -0.247
504.938 -0.248
505.069 -0.249
505.2 -0.25
505.331 -0.251
505.462 -0.252
505.593 -0.253
505.724 -0.254
505.854 -0.255
505.985 -0.256
506.115 -0.257
506.246 -0.258
506.376 -0.259
506.506 -0.26
506.636 -0.261
506.766 -0.262
506.896 -0.263
507.026 -0.264
507.156 -0.265
507.286 -0.266
507.415 -0.267
507.545 -0.268
507.675 -0.269
507.804 -0.27
507.934 -0.271
508.063 -0.272
508.193 -0.273
508.322 -0.274
508.451 -0.275
508.581 -0.276
508.71 -0.277
508.839 -0.278
508.968 -0.279
509.097 -0.28
509.226 -0.281
509.355 -0.282
509.484 -0.283
509.613 -0.284
509.742 -0.285
509.871 -0.286
510 -0.287
510.128 -0.288
510.257 -0.289
510.386 -0.29
510.514 -0.291
510.643 -0.292
510.771 -0.293
510.899 -0.294
511.027 -0.295
511.156 -0.296
511.283 -0.297
511.411 -0.298
511.538 -0.299
511.666 -0.3
511.794 -0.301
511.921 -0.302
512.048 -0.303
512.176 -0.304
512.303 -0.305
512.43 -0.306
512.557 -0.307
512.684 -0.308
512.811 -0.309
512.937 -0.31
513.063 -0.311
513.189 -0.312
513.315 -0.313
513.441 -0.314
513.567 -0.315
513.693 -0.316
513.819 -0.317
513.945 -0.318
514.07 -0.319
514.196 -0.32
514.322 -0.321
514.447 -0.322
514.573 -0.323
514.698 -0.324
514.823 -0.325
514.949 -0.326
515.074 -0.327
515.199 -0.328
515.325 -0.329
515.45 -0.33
515.575 -0.331
515.7 -0.332
515.825 -0.333
515.95 -0.334
516.074 -0.335
516.199 -0.336
516.323 -0.337
516.448 -0.338
516.572 -0.339
516.696 -0.34
516.82 -0.341
516.944 -0.342
517.068 -0.343
517.192 -0.344
517.315 -0.345
517.438 -0.346
517.562 -0.347
517.685 -0.348
517.808 -0.349
517.931 -0.35
518.054 -0.351
518.176 -0.352
518.299 -0.353
518.421 -0.354
518.544 -0.355
518.666 -0.356
518.787 -0.357
518.908 -0.358
519.029 -0.359
519.149 -0.36
519.268 -0.361
519.386 -0.362
519.504 -0.363
519.619 -0.364
519.734 -0.365
519.846 -0.366
519.953 -0.367
520.069 -0.368
520.184 -0.369
520.294 -0.37
520.397 -0.371
520.494 -0.372
520.593 -0.373
520.684 -0.374
520.765 -0.375
520.834 -0.376
520.939 -0.377
521.04 -0.378
521.129 -0.379
521.22 -0.38
521.302 -0.381
521.363 -0.382
521.418 -0.383
521.498 -0.384
521.577 -0.385
521.656 -0.386
521.729 -0.387
521.832 -0.388
521.932 -0.389
522.028 -0.39
522.119 -0.391
522.196 -0.392
522.268 -0.393
522.343 -0.394
522.447 -0.395
522.547 -0.396
522.665 -0.397
522.786 -0.398
522.903 -0.399
523.015 -0.4
523.126 -0.401
523.238 -0.402
523.359 -0.403
523.477 -0.404
523.595 -0.405
523.707 -0.406
523.82 -0.407
523.932 -0.408
524.044 -0.409
524.156 -0.41
524.267 -0.411
524.379 -0.412
524.491 -0.413
524.606 -0.414
524.721 -0.415
524.836 -0.416
524.951 -0.417
525.065 -0.418
525.18 -0.419
525.296 -0.42
525.413 -0.421
525.53 -0.422
525.647 -0.423
525.764 -0.424
525.881 -0.425
525.998 -0.426
526.115 -0.427
526.233 -0.428
526.35 -0.429
526.468 -0.43
526.586 -0.431
526.705 -0.432
526.822 -0.433
526.94 -0.434
527.058 -0.435
527.175 -0.436
527.293 -0.437
527.41 -0.438
527.529 -0.439
527.648 -0.44
527.768 -0.441
527.888 -0.442
528.008 -0.443
528.127 -0.444
528.246 -0.445
528.365 -0.446
528.484 -0.447
528.604 -0.448
528.726 -0.449
528.848 -0.45
528.97 -0.451
529.092 -0.452
529.214 -0.453
529.336 -0.454
529.458 -0.455
529.58 -0.456
529.702 -0.457
529.825 -0.458
529.947 -0.459
530.069 -0.46
530.192 -0.461
530.315 -0.462
530.438 -0.463
530.561 -0.464
530.684 -0.465
530.807 -0.466
530.93 -0.467
531.053 -0.468
531.176 -0.469
531.299 -0.47
531.423 -0.471
531.546 -0.472
531.67 -0.473
531.793 -0.474
531.917 -0.475
532.041 -0.476
532.164 -0.477
532.288 -0.478
532.411 -0.479
532.535 -0.48
532.658 -0.481
532.782 -0.482
532.906 -0.483
533.03 -0.484
533.154 -0.485
533.278 -0.486
533.402 -0.487
533.526 -0.488
533.65 -0.489
533.774 -0.49
533.898 -0.491
534.022 -0.492
534.146 -0.493
534.27 -0.494
534.394 -0.495
534.519 -0.496
534.643 -0.497
534.767 -0.498
534.891 -0.499
535.015 -0.5
535.139 -0.501
535.264 -0.502
535.389 -0.503
535.514 -0.504
535.638 -0.505
535.763 -0.506
535.888 -0.507
536.013 -0.508
536.138 -0.509
536.262 -0.51
536.387 -0.511
536.512 -0.512
536.636 -0.513
536.761 -0.514
536.885 -0.515
537.01 -0.516
537.135 -0.517
537.259 -0.518
537.384 -0.519
537.508 -0.52
537.632 -0.521
537.757 -0.522
537.881 -0.523
538.006 -0.524
538.13 -0.525
538.254 -0.526
538.377 -0.527
538.501 -0.528
538.624 -0.529
538.747 -0.53
538.87 -0.531
538.993 -0.532
539.116 -0.533
539.24 -0.534
539.363 -0.535
539.486 -0.536
539.609 -0.537
539.732 -0.538
539.856 -0.539
539.981 -0.54
540.106 -0.541
540.231 -0.542
540.357 -0.543
540.482 -0.544
540.607 -0.545
540.732 -0.546
540.857 -0.547
540.982 -0.548
541.107 -0.549
541.232 -0.55
541.357 -0.551
541.482 -0.552
541.607 -0.553
541.732 -0.554
541.857 -0.555
541.983 -0.556
542.109 -0.557
542.235 -0.558
542.36 -0.559
542.485 -0.56
542.61 -0.561
542.734 -0.562
542.858 -0.563
542.981 -0.564
543.104 -0.565
543.23 -0.566
543.355 -0.567
543.48 -0.568
543.606 -0.569
543.734 -0.57
543.862 -0.571
543.99 -0.572
544.118 -0.573
544.246 -0.574
544.375 -0.575
544.503 -0.576
544.632 -0.577
544.76 -0.578
544.889 -0.579
545.017 -0.58
545.146 -0.581
545.274 -0.582
545.403 -0.583
545.533 -0.584
545.663 -0.585
545.792 -0.586
545.922 -0.587
546.052 -0.588
546.181 -0.589
546.311 -0.59
546.44 -0.591
546.57 -0.592
546.7 -0.593
546.83 -0.594
546.959 -0.595
547.088 -0.596
547.216 -0.597
547.344 -0.598
547.472 -0.599
547.601 -0.6
547.729 -0.601
547.858 -0.602
547.986 -0.603
548.114 -0.604
548.241 -0.605
548.367 -0.606
548.492 -0.607
548.615 -0.608
548.734 -0.609
548.848 -0.61
548.957 -0.611
549.058 -0.612
549.153 -0.613
549.238 -0.614
549.312 -0.615
549.376 -0.616
549.43 -0.617
549.463 -0.618
549.488 -0.619
549.51 -0.62
549.538 -0.621
549.565 -0.622
549.589 -0.623
549.644 -0.624
549.757 -0.625
549.876 -0.626
549.994 -0.627
550.113 -0.628
550.231 -0.629
550.362 -0.63
550.508 -0.631
550.651 -0.632
550.794 -0.633
550.936 -0.634
551.077 -0.635
551.218 -0.636
551.361 -0.637
551.506 -0.638
551.659 -0.639
551.819 -0.64
551.979 -0.641
552.139 -0.642
552.298 -0.643
552.456 -0.644
552.614 -0.645
552.771 -0.646
552.927 -0.647
553.083 -0.648
553.245 -0.649
553.411 -0.65
553.579 -0.651
553.746 -0.652
553.902 -0.653
554.05 -0.654
554.186 -0.655
554.322 -0.656
554.457 -0.657
554.592 -0.658
554.728 -0.659
554.864 -0.66
554.999 -0.661
555.135 -0.662
555.271 -0.663
555.407 -0.664
555.544 -0.665
555.68 -0.666
555.816 -0.667
555.953 -0.668
556.089 -0.669
556.226 -0.67
556.363 -0.671
556.501 -0.672
556.638 -0.673
556.775 -0.674
556.913 -0.675
557.05 -0.676
557.188 -0.677
557.326 -0.678
557.464 -0.679
557.602 -0.68
557.74 -0.681
557.879 -0.682
558.017 -0.683
558.156 -0.684
558.295 -0.685
558.433 -0.686
558.572 -0.687
558.711 -0.688
558.85 -0.689
558.989 -0.69
559.128 -0.691
559.267 -0.692
559.405 -0.693
559.544 -0.694
559.683 -0.695
559.822 -0.696
559.96 -0.697
560.099 -0.698
560.238 -0.699
560.376 -0.7
560.515 -0.701
560.654 -0.702
560.793 -0.703
560.932 -0.704
561.071 -0.705
561.211 -0.706
561.35 -0.707
561.489 -0.708
561.629 -0.709
561.769 -0.71
561.909 -0.711
562.049 -0.712
562.189 -0.713
562.329 -0.714
562.469 -0.715
562.61 -0.716
562.75 -0.717
562.891 -0.718
563.031 -0.719
563.172 -0.72
563.313 -0.721
563.454 -0.722
563.595 -0.723
563.737 -0.724
563.878 -0.725
564.02 -0.726
564.161 -0.727
564.303 -0.728
564.445 -0.729
564.587 -0.73
564.728 -0.731
564.87 -0.732
565.012 -0.733
565.154 -0.734
565.296 -0.735
565.437 -0.736
565.579 -0.737
565.721 -0.738
565.864 -0.739
566.006 -0.74
566.148 -0.741
566.291 -0.742
566.433 -0.743
566.576 -0.744
566.719 -0.745
566.861 -0.746
567.004 -0.747
567.147 -0.748
567.29 -0.749
567.433 -0.75
567.576 -0.751
567.719 -0.752
567.862 -0.753
568.005 -0.754
568.149 -0.755
568.292 -0.756
568.435 -0.757
568.579 -0.758
568.722 -0.759
568.866 -0.76
569.01 -0.761
569.153 -0.762
569.297 -0.763
569.441 -0.764
569.585 -0.765
569.729 -0.766
569.873 -0.767
570.016 -0.768
570.159 -0.769
570.303 -0.77
570.445 -0.771
570.588 -0.772
570.731 -0.773
570.874 -0.774
571.017 -0.775
571.161 -0.776
571.304 -0.777
571.448 -0.778
571.591 -0.779
571.735 -0.78
571.878 -0.781
572.022 -0.782
572.166 -0.783
572.31 -0.784
572.453 -0.785
572.597 -0.786
572.741 -0.787
572.885 -0.788
573.028 -0.789
573.172 -0.79
573.316 -0.791
573.459 -0.792
573.603 -0.793
573.747 -0.794
573.891 -0.795
574.034 -0.796
574.177 -0.797
574.32 -0.798
574.463 -0.799
574.605 -0.8
