9.85092 -0.001
19.6898 -0.002
29.5165 -0.003
39.331 -0.004
49.1331 -0.005
58.9226 -0.006
68.6996 -0.007
78.4638 -0.008
88.2152 -0.009
97.9535 -0.01
107.679 -0.011
117.391 -0.012
127.089 -0.013
136.774 -0.014
146.446 -0.015
156.103 -0.016
165.747 -0.017
175.376 -0.018
184.991 -0.019
194.592 -0.02
204.146 -0.021
212.726 -0.022
220.534 -0.023
227.757 -0.024
232.594 -0.025
236.241 -0.026
239.636 -0.027
242.472 -0.028
245.249 -0.029
248.027 -0.03
250.811 -0.031
253.58 -0.032
256.347 -0.033
259.105 -0.034
261.849 -0.035
264.577 -0.036
267.29 -0.037
269.985 -0.038
272.629 -0.039
275.163 -0.04
277.503 -0.041
279.48 -0.042
280.867 -0.043
281.549 -0.044
282.068 -0.045
282.547 -0.046
282.991 -0.047
283.403 -0.048
283.792 -0.049
284.161 -0.05
284.517 -0.051
284.863 -0.052
285.202 -0.053
285.538 -0.054
285.871 -0.055
286.2 -0.056
286.521 -0.057
286.838 -0.058
287.147 -0.059
287.448 -0.06
287.74 -0.061
288.026 -0.062
288.303 -0.063
288.572 -0.064
288.833 -0.065
289.083 -0.066
289.323 -0.067
289.556 -0.068
289.777 -0.069
289.991 -0.07
290.198 -0.071
290.399 -0.072
290.595 -0.073
290.786 -0.074
290.971 -0.075
291.152 -0.076
291.331 -0.077
291.508 -0.078
291.68 -0.079
291.848 -0.08
292.016 -0.081
292.182 -0.082
292.345 -0.083
292.506 -0.084
292.666 -0.085
292.826 -0.086
292.983 -0.087
293.14 -0.088
293.295 -0.089
293.449 -0.09
293.602 -0.091
293.754 -0.092
293.904 -0.093
294.052 -0.094
294.2 -0.095
294.346 -0.096
294.491 -0.097
294.634 -0.098
294.776 -0.099
294.916 -0.1
295.055 -0.101
295.193 -0.102
295.329 -0.103
295.463 -0.104
295.596 -0.105
295.728 -0.106
295.859 -0.107
295.988 -0.108
296.115 -0.109
296.241 -0.11
296.365 -0.111
296.487 -0.112
296.607 -0.113
296.727 -0.114
296.845 -0.115
296.963 -0.116
297.079 -0.117
297.195 -0.118
297.31 -0.119
297.422 -0.12
297.532 -0.121
297.641 -0.122
297.749 -0.123
297.855 -0.124
297.96 -0.125
298.064 -0.126
298.167 -0.127
298.27 -0.128
298.373 -0.129
298.473 -0.13
298.573 -0.131
298.673 -0.132
298.771 -0.133
298.87 -0.134
298.967 -0.135
299.062 -0.136
299.156 -0.137
299.25 -0.138
299.342 -0.139
299.433 -0.14
299.522 -0.141
299.61 -0.142
299.698 -0.143
299.785 -0.144
299.871 -0.145
299.958 -0.146
300.044 -0.147
300.13 -0.148
300.216 -0.149
300.302 -0.15
300.387 -0.151
300.47 -0.152
300.553 -0.153
300.634 -0.154
300.715 -0.155
300.794 -0.156
300.873 -0.157
300.952 -0.158
301.031 -0.159
301.108 -0.16
301.185 -0.161
301.262 -0.162
301.339 -0.163
301.415 -0.164
301.492 -0.165
301.568 -0.166
301.644 -0.167
301.721 -0.168
301.797 -0.169
301.873 -0.17
301.948 -0.171
302.022 -0.172
302.095 -0.173
302.169 -0.174
302.242 -0.175
302.315 -0.176
302.387 -0.177
302.46 -0.178
302.532 -0.179
302.604 -0.18
302.676 -0.181
302.748 -0.182
302.82 -0.183
302.892 -0.184
302.964 -0.185
303.035 -0.186
303.106 -0.187
303.177 -0.188
303.248 -0.189
303.319 -0.19
303.389 -0.191
303.46 -0.192
303.531 -0.193
303.601 -0.194
303.672 -0.195
303.742 -0.196
303.813 -0.197
303.883 -0.198
303.954 -0.199
304.024 -0.2
304.095 -0.201
304.165 -0.202
304.236 -0.203
304.306 -0.204
304.376 -0.205
304.446 -0.206
304.517 -0.207
304.587 -0.208
304.657 -0.209
304.728 -0.21
304.798 -0.211
304.868 -0.212
304.938 -0.213
305.008 -0.214
305.079 -0.215
305.149 -0.216
305.219 -0.217
305.288 -0.218
305.357 -0.219
305.426 -0.22
305.495 -0.221
305.564 -0.222
305.633 -0.223
305.701 -0.224
305.77 -0.225
305.839 -0.226
305.908 -0.227
305.977 -0.228
306.045 -0.229
306.114 -0.23
306.182 -0.231
306.251 -0.232
306.32 -0.233
306.388 -0.234
306.456 -0.235
306.525 -0.236
306.593 -0.237
306.662 -0.238
306.73 -0.239
306.798 -0.24
306.867 -0.241
306.935 -0.242
307.003 -0.243
307.072 -0.244
307.14 -0.245
307.208 -0.246
307.277 -0.247
307.345 -0.248
307.413 -0.249
307.481 -0.25
307.549 -0.251
307.618 -0.252
307.686 -0.253
307.754 -0.254
307.822 -0.255
307.89 -0.256
307.958 -0.257
308.027 -0.258
308.095 -0.259
308.163 -0.26
308.231 -0.261
308.299 -0.262
308.367 -0.263
308.436 -0.264
308.504 -0.265
308.572 -0.266
308.64 -0.267
308.708 -0.268
308.776 -0.269
308.845 -0.27
308.913 -0.271
308.981 -0.272
309.049 -0.273
309.117 -0.274
309.185 -0.275
309.253 -0.276
309.321 -0.277
309.389 -0.278
309.457 -0.279
309.525 -0.28
309.593 -0.281
309.661 -0.282
309.729 -0.283
309.797 -0.284
309.865 -0.285
309.933 -0.286
310.001 -0.287
310.069 -0.288
310.136 -0.289
310.204 -0.29
310.272 -0.291
310.34 -0.292
310.408 -0.293
310.476 -0.294
310.543 -0.295
310.611 -0.296
310.679 -0.297
310.746 -0.298
310.814 -0.299
310.882 -0.3
310.949 -0.301
311.017 -0.302
311.084 -0.303
311.152 -0.304
311.219 -0.305
311.287 -0.306
311.354 -0.307
311.422 -0.308
311.489 -0.309
311.556 -0.31
311.624 -0.311
311.691 -0.312
311.759 -0.313
311.826 -0.314
311.894 -0.315
311.961 -0.316
312.029 -0.317
312.096 -0.318
312.164 -0.319
312.231 -0.32
312.299 -0.321
312.366 -0.322
312.434 -0.323
312.502 -0.324
312.569 -0.325
312.637 -0.326
312.705 -0.327
312.772 -0.328
312.84 -0.329
312.907 -0.33
312.975 -0.331
313.043 -0.332
313.111 -0.333
313.178 -0.334
313.246 -0.335
313.314 -0.336
313.381 -0.337
313.449 -0.338
313.517 -0.339
313.585 -0.34
313.652 -0.341
313.72 -0.342
313.788 -0.343
313.856 -0.344
313.924 -0.345
313.991 -0.346
314.059 -0.347
314.127 -0.348
314.195 -0.349
314.263 -0.35
314.331 -0.351
314.398 -0.352
314.466 -0.353
314.534 -0.354
314.602 -0.355
314.67 -0.356
314.738 -0.357
314.806 -0.358
314.874 -0.359
314.942 -0.36
315.01 -0.361
315.078 -0.362
315.146 -0.363
315.214 -0.364
315.282 -0.365
315.349 -0.366
315.417 -0.367
315.485 -0.368
315.553 -0.369
315.621 -0.37
315.689 -0.371
315.757 -0.372
315.825 -0.373
315.892 -0.374
315.96 -0.375
316.027 -0.376
316.095 -0.377
316.162 -0.378
316.23 -0.379
316.298 -0.38
316.365 -0.381
316.433 -0.382
316.5 -0.383
316.568 -0.384
316.636 -0.385
316.703 -0.386
316.771 -0.387
316.839 -0.388
316.906 -0.389
316.974 -0.39
317.042 -0.391
317.109 -0.392
317.177 -0.393
317.245 -0.394
317.313 -0.395
317.38 -0.396
317.448 -0.397
317.516 -0.398
317.584 -0.399
317.652 -0.4
317.72 -0.401
317.788 -0.402
317.855 -0.403
317.923 -0.404
317.991 -0.405
318.059 -0.406
318.127 -0.407
318.195 -0.408
318.263 -0.409
318.331 -0.41
318.399 -0.411
318.467 -0.412
318.535 -0.413
318.603 -0.414
318.671 -0.415
318.74 -0.416
318.808 -0.417
318.876 -0.418
318.944 -0.419
319.012 -0.42
319.079 -0.421
319.147 -0.422
319.214 -0.423
319.281 -0.424
319.349 -0.425
319.416 -0.426
319.484 -0.427
319.552 -0.428
319.62 -0.429
319.687 -0.43
319.755 -0.431
319.823 -0.432
319.891 -0.433
319.958 -0.434
320.026 -0.435
320.094 -0.436
320.162 -0.437
320.229 -0.438
320.297 -0.439
320.365 -0.44
320.432 -0.441
320.5 -0.442
320.568 -0.443
320.635 -0.444
320.703 -0.445
320.771 -0.446
320.839 -0.447
320.906 -0.448
320.974 -0.449
321.042 -0.45
321.109 -0.451
321.177 -0.452
321.245 -0.453
321.313 -0.454
321.381 -0.455
321.448 -0.456
321.516 -0.457
321.584 -0.458
321.649 -0.459
321.676 -0.46
321.742 -0.461
321.801 -0.462
321.86 -0.463
321.92 -0.464
321.978 -0.465
322.034 -0.466
322.093 -0.467
322.153 -0.468
322.212 -0.469
322.271 -0.47
322.33 -0.471
322.389 -0.472
322.451 -0.473
322.516 -0.474
322.583 -0.475
322.649 -0.476
322.716 -0.477
322.782 -0.478
322.849 -0.479
322.917 -0.48
322.984 -0.481
322.992 -0.482
323.044 -0.483
323.118 -0.484
323.185 -0.485
323.248 -0.486
323.31 -0.487
323.372 -0.488
323.435 -0.489
323.497 -0.49
323.562 -0.491
323.628 -0.492
323.693 -0.493
323.758 -0.494
323.824 -0.495
323.889 -0.496
323.954 -0.497
324.02 -0.498
324.085 -0.499
324.151 -0.5
324.216 -0.501
324.282 -0.502
324.349 -0.503
324.416 -0.504
324.483 -0.505
324.55 -0.506
324.617 -0.507
324.684 -0.508
324.751 -0.509
324.817 -0.51
324.884 -0.511
324.951 -0.512
325.018 -0.513
325.085 -0.514
325.152 -0.515
325.219 -0.516
325.286 -0.517
325.354 -0.518
325.422 -0.519
325.489 -0.52
325.557 -0.521
325.625 -0.522
325.693 -0.523
325.761 -0.524
325.829 -0.525
325.897 -0.526
325.966 -0.527
326.034 -0.528
326.102 -0.529
326.17 -0.53
326.238 -0.531
326.307 -0.532
326.375 -0.533
326.444 -0.534
326.513 -0.535
326.582 -0.536
326.651 -0.537
326.72 -0.538
326.789 -0.539
326.858 -0.54
326.927 -0.541
326.996 -0.542
327.065 -0.543
327.135 -0.544
327.204 -0.545
327.273 -0.546
327.343 -0.547
327.412 -0.548
327.482 -0.549
327.551 -0.55
327.621 -0.551
327.69 -0.552
327.76 -0.553
327.83 -0.554
327.9 -0.555
327.969 -0.556
328.039 -0.557
328.109 -0.558
328.179 -0.559
328.249 -0.56
328.319 -0.561
328.389 -0.562
328.459 -0.563
328.529 -0.564
328.599 -0.565
328.67 -0.566
328.74 -0.567
328.81 -0.568
328.881 -0.569
328.951 -0.57
329.021 -0.571
329.092 -0.572
329.162 -0.573
329.233 -0.574
329.303 -0.575
329.374 -0.576
329.445 -0.577
329.515 -0.578
329.586 -0.579
329.657 -0.58
329.728 -0.581
329.799 -0.582
329.87 -0.583
329.941 -0.584
330.012 -0.585
330.083 -0.586
330.155 -0.587
330.226 -0.588
330.297 -0.589
330.369 -0.59
330.44 -0.591
330.512 -0.592
330.583 -0.593
330.655 -0.594
330.726 -0.595
330.798 -0.596
330.87 -0.597
330.942 -0.598
331.014 -0.599
331.086 -0.6
331.158 -0.601
331.23 -0.602
331.302 -0.603
331.374 -0.604
331.447 -0.605
331.519 -0.606
331.592 -0.607
331.665 -0.608
331.737 -0.609
331.81 -0.61
331.883 -0.611
331.956 -0.612
332.029 -0.613
332.103 -0.614
332.176 -0.615
332.25 -0.616
332.323 -0.617
332.397 -0.618
332.471 -0.619
332.545 -0.62
332.619 -0.621
332.693 -0.622
332.767 -0.623
332.841 -0.624
332.916 -0.625
332.99 -0.626
333.064 -0.627
333.139 -0.628
333.213 -0.629
333.288 -0.63
333.362 -0.631
333.437 -0.632
333.512 -0.633
333.586 -0.634
333.661 -0.635
333.736 -0.636
333.811 -0.637
333.886 -0.638
333.961 -0.639
334.036 -0.64
334.111 -0.641
334.186 -0.642
334.261 -0.643
334.337 -0.644
334.412 -0.645
334.487 -0.646
334.563 -0.647
334.638 -0.648
334.714 -0.649
334.789 -0.65
334.865 -0.651
334.94 -0.652
335.016 -0.653
335.092 -0.654
335.168 -0.655
335.244 -0.656
335.319 -0.657
335.395 -0.658
335.471 -0.659
335.548 -0.66
335.624 -0.661
335.7 -0.662
335.776 -0.663
335.852 -0.664
335.929 -0.665
336.005 -0.666
336.082 -0.667
336.158 -0.668
336.235 -0.669
336.311 -0.67
336.388 -0.671
336.465 -0.672
336.542 -0.673
336.619 -0.674
336.696 -0.675
336.773 -0.676
336.85 -0.677
336.927 -0.678
337.004 -0.679
337.081 -0.68
337.158 -0.681
337.236 -0.682
337.313 -0.683
337.391 -0.684
337.468 -0.685
337.546 -0.686
337.623 -0.687
337.701 -0.688
337.779 -0.689
337.856 -0.69
337.934 -0.691
338.012 -0.692
338.09 -0.693
338.168 -0.694
338.246 -0.695
338.324 -0.696
338.402 -0.697
338.48 -0.698
338.559 -0.699
338.637 -0.7
338.715 -0.701
338.794 -0.702
338.872 -0.703
338.95 -0.704
339.029 -0.705
339.107 -0.706
339.186 -0.707
339.264 -0.708
339.343 -0.709
339.421 -0.71
339.499 -0.711
339.578 -0.712
339.657 -0.713
339.735 -0.714
339.813 -0.715
339.892 -0.716
339.971 -0.717
340.049 -0.718
340.128 -0.719
340.206 -0.72
340.285 -0.721
340.364 -0.722
340.442 -0.723
340.521 -0.724
340.6 -0.725
340.678 -0.726
340.757 -0.727
340.836 -0.728
340.914 -0.729
340.993 -0.73
341.072 -0.731
341.15 -0.732
341.229 -0.733
341.308 -0.734
341.387 -0.735
341.465 -0.736
341.544 -0.737
341.623 -0.738
341.702 -0.739
341.78 -0.74
341.859 -0.741
341.938 -0.742
342.017 -0.743
342.095 -0.744
342.174 -0.745
342.253 -0.746
342.332 -0.747
342.41 -0.748
342.489 -0.749
342.568 -0.75
342.646 -0.751
342.725 -0.752
342.803 -0.753
342.882 -0.754
342.96 -0.755
343.039 -0.756
343.117 -0.757
343.195 -0.758
343.273 -0.759
343.35 -0.76
343.428 -0.761
343.505 -0.762
343.582 -0.763
343.659 -0.764
343.735 -0.765
343.812 -0.766
343.889 -0.767
343.965 -0.768
344.042 -0.769
344.118 -0.77
344.195 -0.771
344.271 -0.772
344.347 -0.773
344.423 -0.774
344.499 -0.775
344.575 -0.776
344.651 -0.777
344.726 -0.778
344.802 -0.779
344.877 -0.78
344.953 -0.781
345.028 -0.782
345.103 -0.783
345.178 -0.784
345.253 -0.785
345.328 -0.786
345.403 -0.787
345.478 -0.788
345.552 -0.789
345.627 -0.79
345.701 -0.791
345.775 -0.792
345.849 -0.793
345.923 -0.794
345.997 -0.795
346.071 -0.796
346.145 -0.797
346.219 -0.798
346.293 -0.799
346.366 -0.8
