15.9414 -0.001
31.8522 -0.002
47.7323 -0.003
63.5812 -0.004
79.3986 -0.005
95.1841 -0.006
110.937 -0.007
126.658 -0.008
142.345 -0.009
157.999 -0.01
173.618 -0.011
189.203 -0.012
204.754 -0.013
220.269 -0.014
235.748 -0.015
251.19 -0.016
266.596 -0.017
281.964 -0.018
297.294 -0.019
312.586 -0.02
327.798 -0.021
341.822 -0.022
353.407 -0.023
364.843 -0.024
376.273 -0.025
387.682 -0.026
399.065 -0.027
410.419 -0.028
421.744 -0.029
433.042 -0.03
444.304 -0.031
455.53 -0.032
466.717 -0.033
477.862 -0.034
488.971 -0.035
500.044 -0.036
511.084 -0.037
522.086 -0.038
533.011 -0.039
543.4 -0.04
552.862 -0.041
560.939 -0.042
566.959 -0.043
572.598 -0.044
578.143 -0.045
583.584 -0.046
588.838 -0.047
593.874 -0.048
598.6 -0.049
603.054 -0.05
607.099 -0.051
610.578 -0.052
613.558 -0.053
616.334 -0.054
618.642 -0.055
620.86 -0.056
622.461 -0.057
623.531 -0.058
624.285 -0.059
625.022 -0.06
625.747 -0.061
626.452 -0.062
627.138 -0.063
627.804 -0.064
628.44 -0.065
629.048 -0.066
629.629 -0.067
630.189 -0.068
630.718 -0.069
631.213 -0.07
631.681 -0.071
632.117 -0.072
632.535 -0.073
632.925 -0.074
633.292 -0.075
633.64 -0.076
633.965 -0.077
634.279 -0.078
634.579 -0.079
634.864 -0.08
635.135 -0.081
635.394 -0.082
635.645 -0.083
635.885 -0.084
636.115 -0.085
636.339 -0.086
636.555 -0.087
636.765 -0.088
636.969 -0.089
637.171 -0.09
637.371 -0.091
637.567 -0.092
637.761 -0.093
637.951 -0.094
638.139 -0.095
638.325 -0.096
638.508 -0.097
638.689 -0.098
638.868 -0.099
639.044 -0.1
639.217 -0.101
639.388 -0.102
639.558 -0.103
639.724 -0.104
639.888 -0.105
640.051 -0.106
640.213 -0.107
640.373 -0.108
640.53 -0.109
640.685 -0.11
640.84 -0.111
640.992 -0.112
641.14 -0.113
641.287 -0.114
641.433 -0.115
641.578 -0.116
641.719 -0.117
641.858 -0.118
641.996 -0.119
642.133 -0.12
642.269 -0.121
642.403 -0.122
642.536 -0.123
642.668 -0.124
642.798 -0.125
642.928 -0.126
643.058 -0.127
643.186 -0.128
643.314 -0.129
643.439 -0.13
643.562 -0.131
643.685 -0.132
643.808 -0.133
643.929 -0.134
644.05 -0.135
644.17 -0.136
644.288 -0.137
644.405 -0.138
644.522 -0.139
644.638 -0.14
644.754 -0.141
644.869 -0.142
644.983 -0.143
645.098 -0.144
645.21 -0.145
645.322 -0.146
645.434 -0.147
645.545 -0.148
645.656 -0.149
645.767 -0.15
645.878 -0.151
645.988 -0.152
646.098 -0.153
646.207 -0.154
646.315 -0.155
646.421 -0.156
646.528 -0.157
646.633 -0.158
646.738 -0.159
646.842 -0.16
646.946 -0.161
647.05 -0.162
647.153 -0.163
647.256 -0.164
647.359 -0.165
647.459 -0.166
647.558 -0.167
647.658 -0.168
647.757 -0.169
647.856 -0.17
647.954 -0.171
648.052 -0.172
648.15 -0.173
648.247 -0.174
648.343 -0.175
648.439 -0.176
648.534 -0.177
648.628 -0.178
648.721 -0.179
648.814 -0.18
648.905 -0.181
648.996 -0.182
649.086 -0.183
649.176 -0.184
649.264 -0.185
649.353 -0.186
649.441 -0.187
649.528 -0.188
649.614 -0.189
649.7 -0.19
649.785 -0.191
649.871 -0.192
649.955 -0.193
650.039 -0.194
650.122 -0.195
650.204 -0.196
650.285 -0.197
650.366 -0.198
650.446 -0.199
650.524 -0.2
650.602 -0.201
650.679 -0.202
650.757 -0.203
650.834 -0.204
650.91 -0.205
650.985 -0.206
651.06 -0.207
651.134 -0.208
651.207 -0.209
651.279 -0.21
651.35 -0.211
651.421 -0.212
651.49 -0.213
651.559 -0.214
651.627 -0.215
651.692 -0.216
651.757 -0.217
651.82 -0.218
651.881 -0.219
651.94 -0.22
651.997 -0.221
652.052 -0.222
652.104 -0.223
652.154 -0.224
652.195 -0.225
652.231 -0.226
652.264 -0.227
652.29 -0.228
652.307 -0.229
652.329 -0.23
652.356 -0.231
652.377 -0.232
652.39 -0.233
652.399 -0.234
652.42 -0.235
652.439 -0.236
652.454 -0.237
652.465 -0.238
652.471 -0.239
652.487 -0.24
652.5 -0.241
652.51 -0.242
652.516 -0.243
652.523 -0.244
652.551 -0.245
652.579 -0.246
652.607 -0.247
652.634 -0.248
652.657 -0.249
652.684 -0.25
652.72 -0.251
652.759 -0.252
652.797 -0.253
652.836 -0.254
652.873 -0.255
652.916 -0.256
652.965 -0.257
653.013 -0.258
653.062 -0.259
653.109 -0.26
653.157 -0.261
653.204 -0.262
653.251 -0.263
653.295 -0.264
653.34 -0.265
653.383 -0.266
653.426 -0.267
653.467 -0.268
653.508 -0.269
653.548 -0.27
653.59 -0.271
653.631 -0.272
653.675 -0.273
653.718 -0.274
653.758 -0.275
653.8 -0.276
653.841 -0.277
653.884 -0.278
653.927 -0.279
653.97 -0.28
654.016 -0.281
654.063 -0.282
654.118 -0.283
654.172 -0.284
654.23 -0.285
654.288 -0.286
654.346 -0.287
654.404 -0.288
654.461 -0.289
654.517 -0.29
654.573 -0.291
654.63 -0.292
654.691 -0.293
654.753 -0.294
654.814 -0.295
654.875 -0.296
654.935 -0.297
654.995 -0.298
655.054 -0.299
655.119 -0.3
655.182 -0.301
655.245 -0.302
655.308 -0.303
655.374 -0.304
655.439 -0.305
655.503 -0.306
655.567 -0.307
655.629 -0.308
655.69 -0.309
655.751 -0.31
655.81 -0.311
655.869 -0.312
655.927 -0.313
655.989 -0.314
656.051 -0.315
656.111 -0.316
656.171 -0.317
656.23 -0.318
656.288 -0.319
656.344 -0.32
656.398 -0.321
656.451 -0.322
656.501 -0.323
656.548 -0.324
656.604 -0.325
656.662 -0.326
656.719 -0.327
656.776 -0.328
656.833 -0.329
656.888 -0.33
656.943 -0.331
656.999 -0.332
657.053 -0.333
657.111 -0.334
657.175 -0.335
657.239 -0.336
657.305 -0.337
657.371 -0.338
657.436 -0.339
657.502 -0.34
657.568 -0.341
657.633 -0.342
657.698 -0.343
657.761 -0.344
657.828 -0.345
657.897 -0.346
657.965 -0.347
658.034 -0.348
658.102 -0.349
658.169 -0.35
658.236 -0.351
658.303 -0.352
658.369 -0.353
658.436 -0.354
658.501 -0.355
658.568 -0.356
658.638 -0.357
658.71 -0.358
658.783 -0.359
658.857 -0.36
658.932 -0.361
659.006 -0.362
659.081 -0.363
659.158 -0.364
659.234 -0.365
659.311 -0.366
659.389 -0.367
659.467 -0.368
659.545 -0.369
659.623 -0.37
659.702 -0.371
659.781 -0.372
659.86 -0.373
659.939 -0.374
660.017 -0.375
660.094 -0.376
660.169 -0.377
660.243 -0.378
660.315 -0.379
660.385 -0.38
660.453 -0.381
660.519 -0.382
660.583 -0.383
660.646 -0.384
660.706 -0.385
660.764 -0.386
660.82 -0.387
660.872 -0.388
660.923 -0.389
660.972 -0.39
661.018 -0.391
661.063 -0.392
661.104 -0.393
661.142 -0.394
661.178 -0.395
661.211 -0.396
661.242 -0.397
661.271 -0.398
661.3 -0.399
661.33 -0.4
661.357 -0.401
661.383 -0.402
661.409 -0.403
661.435 -0.404
661.459 -0.405
661.484 -0.406
661.508 -0.407
661.531 -0.408
661.567 -0.409
661.619 -0.41
661.671 -0.411
661.722 -0.412
661.774 -0.413
661.827 -0.414
661.885 -0.415
661.945 -0.416
662.013 -0.417
662.086 -0.418
662.16 -0.419
662.234 -0.42
662.31 -0.421
662.386 -0.422
662.461 -0.423
662.538 -0.424
662.615 -0.425
662.692 -0.426
662.774 -0.427
662.861 -0.428
662.949 -0.429
663.036 -0.43
663.124 -0.431
663.212 -0.432
663.302 -0.433
663.392 -0.434
663.483 -0.435
663.574 -0.436
663.666 -0.437
663.758 -0.438
663.851 -0.439
663.947 -0.44
664.044 -0.441
664.143 -0.442
664.243 -0.443
664.343 -0.444
664.445 -0.445
664.546 -0.446
664.648 -0.447
664.75 -0.448
664.851 -0.449
664.953 -0.45
665.054 -0.451
665.156 -0.452
665.257 -0.453
665.359 -0.454
665.461 -0.455
665.562 -0.456
665.665 -0.457
665.77 -0.458
665.875 -0.459
665.98 -0.46
666.085 -0.461
666.19 -0.462
666.295 -0.463
666.4 -0.464
666.504 -0.465
666.608 -0.466
666.711 -0.467
666.815 -0.468
666.919 -0.469
667.023 -0.47
667.127 -0.471
667.231 -0.472
667.334 -0.473
667.438 -0.474
667.541 -0.475
667.644 -0.476
667.748 -0.477
667.852 -0.478
667.956 -0.479
668.058 -0.48
668.16 -0.481
668.262 -0.482
668.363 -0.483
668.461 -0.484
668.573 -0.485
668.676 -0.486
668.609 -0.487
668.571 -0.488
668.514 -0.489
668.456 -0.49
668.399 -0.491
668.342 -0.492
668.291 -0.493
668.28 -0.494
668.292 -0.495
668.35 -0.496
668.41 -0.497
668.487 -0.498
668.593 -0.499
668.699 -0.5
668.847 -0.501
668.998 -0.502
669.181 -0.503
669.366 -0.504
669.555 -0.505
669.709 -0.506
669.833 -0.507
669.934 -0.508
670.028 -0.509
670.122 -0.51
670.216 -0.511
670.31 -0.512
670.404 -0.513
670.498 -0.514
670.592 -0.515
670.686 -0.516
670.781 -0.517
670.875 -0.518
670.969 -0.519
671.064 -0.52
671.158 -0.521
671.253 -0.522
671.347 -0.523
671.442 -0.524
671.537 -0.525
671.631 -0.526
671.726 -0.527
671.821 -0.528
671.916 -0.529
672.011 -0.53
672.106 -0.531
672.201 -0.532
672.296 -0.533
672.391 -0.534
672.486 -0.535
672.581 -0.536
672.677 -0.537
672.772 -0.538
672.867 -0.539
672.963 -0.54
673.058 -0.541
673.154 -0.542
673.249 -0.543
673.345 -0.544
673.44 -0.545
673.536 -0.546
673.632 -0.547
673.728 -0.548
673.824 -0.549
673.919 -0.55
674.015 -0.551
674.111 -0.552
674.207 -0.553
674.304 -0.554
674.4 -0.555
674.497 -0.556
674.593 -0.557
674.689 -0.558
674.786 -0.559
674.882 -0.56
674.978 -0.561
675.075 -0.562
675.172 -0.563
675.269 -0.564
675.365 -0.565
675.462 -0.566
675.559 -0.567
675.655 -0.568
675.752 -0.569
675.848 -0.57
675.944 -0.571
676.04 -0.572
676.136 -0.573
676.233 -0.574
676.329 -0.575
676.425 -0.576
676.522 -0.577
676.619 -0.578
676.716 -0.579
676.812 -0.58
676.909 -0.581
677.006 -0.582
677.103 -0.583
677.2 -0.584
677.298 -0.585
677.395 -0.586
677.491 -0.587
677.588 -0.588
677.685 -0.589
677.781 -0.59
677.878 -0.591
677.976 -0.592
678.074 -0.593
678.173 -0.594
678.273 -0.595
678.375 -0.596
678.476 -0.597
678.579 -0.598
678.682 -0.599
678.786 -0.6
678.892 -0.601
678.998 -0.602
679.105 -0.603
679.212 -0.604
679.319 -0.605
679.426 -0.606
679.534 -0.607
679.641 -0.608
679.749 -0.609
679.857 -0.61
679.966 -0.611
680.074 -0.612
680.182 -0.613
680.291 -0.614
680.4 -0.615
680.508 -0.616
680.617 -0.617
680.726 -0.618
680.836 -0.619
680.945 -0.62
681.054 -0.621
681.164 -0.622
681.273 -0.623
681.383 -0.624
681.493 -0.625
681.603 -0.626
681.713 -0.627
681.824 -0.628
681.934 -0.629
682.045 -0.63
682.155 -0.631
682.266 -0.632
682.377 -0.633
682.488 -0.634
682.599 -0.635
682.711 -0.636
682.822 -0.637
682.934 -0.638
683.045 -0.639
683.157 -0.64
683.269 -0.641
683.381 -0.642
683.493 -0.643
683.605 -0.644
683.718 -0.645
683.83 -0.646
683.943 -0.647
684.056 -0.648
684.169 -0.649
684.282 -0.65
684.395 -0.651
684.509 -0.652
684.622 -0.653
684.736 -0.654
684.849 -0.655
684.963 -0.656
685.077 -0.657
685.191 -0.658
685.306 -0.659
685.42 -0.66
685.535 -0.661
685.652 -0.662
685.769 -0.663
685.887 -0.664
686.005 -0.665
686.122 -0.666
686.24 -0.667
686.358 -0.668
686.476 -0.669
686.594 -0.67
686.713 -0.671
686.831 -0.672
686.95 -0.673
687.069 -0.674
687.188 -0.675
687.307 -0.676
687.426 -0.677
687.545 -0.678
687.664 -0.679
687.783 -0.68
687.903 -0.681
688.023 -0.682
688.143 -0.683
688.264 -0.684
688.385 -0.685
688.506 -0.686
688.628 -0.687
688.75 -0.688
688.872 -0.689
688.994 -0.69
689.117 -0.691
689.24 -0.692
689.362 -0.693
689.485 -0.694
689.608 -0.695
689.731 -0.696
689.854 -0.697
689.977 -0.698
690.1 -0.699
690.223 -0.7
690.346 -0.701
690.469 -0.702
690.592 -0.703
690.715 -0.704
690.838 -0.705
690.961 -0.706
691.084 -0.707
691.206 -0.708
691.329 -0.709
691.452 -0.71
691.574 -0.711
691.696 -0.712
691.818 -0.713
691.94 -0.714
692.062 -0.715
692.184 -0.716
692.306 -0.717
692.427 -0.718
692.547 -0.719
692.668 -0.72
692.788 -0.721
692.908 -0.722
693.028 -0.723
693.147 -0.724
693.267 -0.725
693.385 -0.726
693.504 -0.727
693.623 -0.728
693.741 -0.729
693.861 -0.73
693.98 -0.731
694.1 -0.732
694.22 -0.733
694.341 -0.734
694.462 -0.735
694.583 -0.736
694.705 -0.737
694.827 -0.738
694.95 -0.739
695.072 -0.74
695.195 -0.741
695.318 -0.742
695.44 -0.743
695.563 -0.744
695.686 -0.745
695.809 -0.746
695.932 -0.747
696.055 -0.748
696.178 -0.749
696.301 -0.75
696.425 -0.751
696.548 -0.752
696.672 -0.753
696.796 -0.754
696.92 -0.755
697.045 -0.756
697.17 -0.757
697.295 -0.758
697.42 -0.759
697.546 -0.76
697.671 -0.761
697.797 -0.762
697.924 -0.763
698.05 -0.764
698.177 -0.765
698.304 -0.766
698.432 -0.767
698.559 -0.768
698.687 -0.769
698.815 -0.77
698.943 -0.771
699.072 -0.772
699.201 -0.773
699.33 -0.774
699.46 -0.775
699.589 -0.776
699.72 -0.777
699.85 -0.778
699.981 -0.779
700.113 -0.78
700.244 -0.781
700.376 -0.782
700.509 -0.783
700.642 -0.784
700.775 -0.785
700.908 -0.786
701.042 -0.787
701.177 -0.788
701.311 -0.789
701.446 -0.79
701.581 -0.791
701.717 -0.792
701.852 -0.793
701.988 -0.794
702.125 -0.795
702.261 -0.796
702.398 -0.797
702.535 -0.798
702.673 -0.799
702.811 -0.8
702.949 -0.801
703.087 -0.802
703.225 -0.803
703.364 -0.804
703.503 -0.805
703.642 -0.806
703.781 -0.807
703.92 -0.808
704.06 -0.809
704.2 -0.81
704.339 -0.811
704.48 -0.812
704.62 -0.813
704.76 -0.814
704.901 -0.815
705.042 -0.816
705.183 -0.817
705.324 -0.818
705.465 -0.819
705.606 -0.82
705.748 -0.821
705.89 -0.822
706.031 -0.823
706.173 -0.824
706.315 -0.825
706.456 -0.826
706.598 -0.827
706.74 -0.828
706.882 -0.829
707.024 -0.83
707.166 -0.831
707.309 -0.832
707.451 -0.833
707.594 -0.834
707.737 -0.835
707.879 -0.836
708.021 -0.837
708.162 -0.838
708.303 -0.839
708.442 -0.84
708.58 -0.841
708.715 -0.842
708.846 -0.843
708.969 -0.844
709.076 -0.845
709.163 -0.846
709.234 -0.847
709.287 -0.848
709.331 -0.849
709.366 -0.85
709.39 -0.851
709.406 -0.852
709.413 -0.853
709.414 -0.854
709.42 -0.855
709.493 -0.856
709.603 -0.857
709.715 -0.858
709.83 -0.859
709.946 -0.86
710.083 -0.861
710.257 -0.862
710.439 -0.863
710.617 -0.864
710.784 -0.865
710.941 -0.866
711.096 -0.867
711.251 -0.868
711.42 -0.869
711.612 -0.87
711.805 -0.871
711.998 -0.872
712.192 -0.873
712.387 -0.874
712.577 -0.875
712.763 -0.876
712.949 -0.877
713.134 -0.878
713.328 -0.879
713.537 -0.88
713.748 -0.881
713.957 -0.882
714.163 -0.883
714.366 -0.884
714.567 -0.885
714.763 -0.886
714.949 -0.887
715.129 -0.888
715.302 -0.889
715.476 -0.89
715.649 -0.891
715.823 -0.892
715.997 -0.893
716.171 -0.894
716.346 -0.895
716.52 -0.896
716.695 -0.897
716.87 -0.898
717.045 -0.899
717.22 -0.9
717.395 -0.901
717.57 -0.902
717.746 -0.903
717.923 -0.904
718.1 -0.905
718.278 -0.906
718.455 -0.907
718.634 -0.908
718.812 -0.909
718.99 -0.91
719.169 -0.911
719.348 -0.912
719.527 -0.913
719.706 -0.914
719.885 -0.915
720.065 -0.916
720.245 -0.917
720.425 -0.918
720.605 -0.919
720.785 -0.92
720.965 -0.921
721.145 -0.922
721.326 -0.923
721.506 -0.924
721.686 -0.925
721.866 -0.926
722.046 -0.927
722.226 -0.928
722.406 -0.929
722.586 -0.93
722.767 -0.931
722.947 -0.932
723.127 -0.933
723.308 -0.934
723.489 -0.935
723.67 -0.936
723.852 -0.937
724.036 -0.938
724.219 -0.939
724.403 -0.94
724.587 -0.941
724.771 -0.942
724.955 -0.943
725.139 -0.944
725.324 -0.945
725.508 -0.946
725.693 -0.947
725.878 -0.948
726.065 -0.949
726.252 -0.95
726.44 -0.951
726.629 -0.952
726.817 -0.953
727.006 -0.954
727.196 -0.955
727.385 -0.956
727.574 -0.957
727.763 -0.958
727.951 -0.959
728.138 -0.96
728.325 -0.961
728.509 -0.962
728.693 -0.963
728.878 -0.964
729.063 -0.965
729.248 -0.966
729.434 -0.967
729.62 -0.968
729.806 -0.969
729.992 -0.97
730.178 -0.971
730.364 -0.972
730.551 -0.973
730.737 -0.974
730.924 -0.975
731.111 -0.976
731.298 -0.977
731.485 -0.978
731.673 -0.979
731.861 -0.98
732.049 -0.981
732.238 -0.982
732.426 -0.983
732.615 -0.984
732.804 -0.985
732.993 -0.986
733.182 -0.987
733.371 -0.988
733.561 -0.989
733.75 -0.99
733.94 -0.991
734.13 -0.992
734.32 -0.993
734.51 -0.994
734.701 -0.995
734.892 -0.996
735.084 -0.997
735.273 -0.998
735.462 -0.999
735.65 -1
