15.223 -0.001
30.2696 -0.002
45.1403 -0.003
59.8352 -0.004
74.3543 -0.005
88.6978 -0.006
102.866 -0.007
116.858 -0.008
130.674 -0.009
144.314 -0.01
157.777 -0.011
171.064 -0.012
184.173 -0.013
197.104 -0.014
209.828 -0.015
221.619 -0.016
231.964 -0.017
242.032 -0.018
251.919 -0.019
261.631 -0.02
271.16 -0.021
280.503 -0.022
289.668 -0.023
298.65 -0.024
307.446 -0.025
316.055 -0.026
324.422 -0.027
332.446 -0.028
339.929 -0.029
346.793 -0.03
352.867 -0.031
358.644 -0.032
363.999 -0.033
369.11 -0.034
373.993 -0.035
378.685 -0.036
383.234 -0.037
387.647 -0.038
391.934 -0.039
396.118 -0.04
400.202 -0.041
404.207 -0.042
408.138 -0.043
411.983 -0.044
415.743 -0.045
419.422 -0.046
423.029 -0.047
426.579 -0.048
430.087 -0.049
433.56 -0.05
436.964 -0.051
440.131 -0.052
442.954 -0.053
445.211 -0.054
446.496 -0.055
447.431 -0.056
448.346 -0.057
449.232 -0.058
450.077 -0.059
450.905 -0.06
451.716 -0.061
452.497 -0.062
453.245 -0.063
453.98 -0.064
454.703 -0.065
455.414 -0.066
456.101 -0.067
456.781 -0.068
457.446 -0.069
458.091 -0.07
458.727 -0.071
459.367 -0.072
460.004 -0.073
460.635 -0.074
461.258 -0.075
461.873 -0.076
462.482 -0.077
463.081 -0.078
463.699 -0.079
464.336 -0.08
464.989 -0.081
465.642 -0.082
466.289 -0.083
466.932 -0.084
467.572 -0.085
468.214 -0.086
468.857 -0.087
469.498 -0.088
470.124 -0.089
470.708 -0.09
471.295 -0.091
471.801 -0.092
472.254 -0.093
472.732 -0.094
473.226 -0.095
473.473 -0.096
473.719 -0.097
473.962 -0.098
474.139 -0.099
474.063 -0.1
473.971 -0.101
473.625 -0.102
473.223 -0.103
472.794 -0.104
472.353 -0.105
471.896 -0.106
471.432 -0.107
470.968 -0.108
470.508 -0.109
470.057 -0.11
469.617 -0.111
469.188 -0.112
468.77 -0.113
468.363 -0.114
467.963 -0.115
467.566 -0.116
467.171 -0.117
466.779 -0.118
466.386 -0.119
465.995 -0.12
465.6 -0.121
465.2 -0.122
464.801 -0.123
464.403 -0.124
464.004 -0.125
463.603 -0.126
463.187 -0.127
462.769 -0.128
462.352 -0.129
461.936 -0.13
461.519 -0.131
461.102 -0.132
460.685 -0.133
460.265 -0.134
459.83 -0.135
459.398 -0.136
458.972 -0.137
458.554 -0.138
458.147 -0.139
457.751 -0.14
457.361 -0.141
456.981 -0.142
456.596 -0.143
456.208 -0.144
455.823 -0.145
455.439 -0.146
455.057 -0.147
454.677 -0.148
454.291 -0.149
453.906 -0.15
453.523 -0.151
453.142 -0.152
452.765 -0.153
452.391 -0.154
452.02 -0.155
451.652 -0.156
451.287 -0.157
450.925 -0.158
450.563 -0.159
450.205 -0.16
449.85 -0.161
449.498 -0.162
449.145 -0.163
448.791 -0.164
448.441 -0.165
448.097 -0.166
447.758 -0.167
447.424 -0.168
447.097 -0.169
446.775 -0.17
446.457 -0.171
446.146 -0.172
445.841 -0.173
445.54 -0.174
445.243 -0.175
444.95 -0.176
444.66 -0.177
444.374 -0.178
444.092 -0.179
443.815 -0.18
443.536 -0.181
443.25 -0.182
442.967 -0.183
442.689 -0.184
442.417 -0.185
442.144 -0.186
441.876 -0.187
441.612 -0.188
441.348 -0.189
441.089 -0.19
440.829 -0.191
440.573 -0.192
440.322 -0.193
440.077 -0.194
439.831 -0.195
439.589 -0.196
439.353 -0.197
439.122 -0.198
438.893 -0.199
438.666 -0.2
438.442 -0.201
438.223 -0.202
438.008 -0.203
437.792 -0.204
437.581 -0.205
437.375 -0.206
437.174 -0.207
436.977 -0.208
436.783 -0.209
436.589 -0.21
436.398 -0.211
436.209 -0.212
436.019 -0.213
435.835 -0.214
435.653 -0.215
435.474 -0.216
435.3 -0.217
435.128 -0.218
434.961 -0.219
434.798 -0.22
434.642 -0.221
434.489 -0.222
434.335 -0.223
434.184 -0.224
434.04 -0.225
433.902 -0.226
433.769 -0.227
433.637 -0.228
433.509 -0.229
433.384 -0.23
433.264 -0.231
433.146 -0.232
433.029 -0.233
432.917 -0.234
432.81 -0.235
432.709 -0.236
432.607 -0.237
432.506 -0.238
432.408 -0.239
432.316 -0.24
432.225 -0.241
432.137 -0.242
432.054 -0.243
431.977 -0.244
431.907 -0.245
431.841 -0.246
431.78 -0.247
431.724 -0.248
431.674 -0.249
431.626 -0.25
431.583 -0.251
431.544 -0.252
431.512 -0.253
431.484 -0.254
431.462 -0.255
431.446 -0.256
431.436 -0.257
431.432 -0.258
431.434 -0.259
431.427 -0.26
431.371 -0.261
431.313 -0.262
431.26 -0.263
431.213 -0.264
431.17 -0.265
431.134 -0.266
431.103 -0.267
431.077 -0.268
431.053 -0.269
431.031 -0.27
431.008 -0.271
430.987 -0.272
430.964 -0.273
430.941 -0.274
430.921 -0.275
430.899 -0.276
430.881 -0.277
430.859 -0.278
430.842 -0.279
430.831 -0.28
430.824 -0.281
430.823 -0.282
430.827 -0.283
430.837 -0.284
430.852 -0.285
430.872 -0.286
430.898 -0.287
430.929 -0.288
430.966 -0.289
431.008 -0.29
431.056 -0.291
431.109 -0.292
431.168 -0.293
431.233 -0.294
431.304 -0.295
431.38 -0.296
431.459 -0.297
431.535 -0.298
431.615 -0.299
431.698 -0.3
431.778 -0.301
431.864 -0.302
431.952 -0.303
432.039 -0.304
432.132 -0.305
432.224 -0.306
432.318 -0.307
432.416 -0.308
432.511 -0.309
432.611 -0.31
432.707 -0.311
432.808 -0.312
432.915 -0.313
433.028 -0.314
433.146 -0.315
433.269 -0.316
433.392 -0.317
433.517 -0.318
433.647 -0.319
433.775 -0.32
433.906 -0.321
434.038 -0.322
434.169 -0.323
434.304 -0.324
434.43 -0.325
434.551 -0.326
434.661 -0.327
434.763 -0.328
434.856 -0.329
434.932 -0.33
435.003 -0.331
435.07 -0.332
435.142 -0.333
435.212 -0.334
435.285 -0.335
435.361 -0.336
435.435 -0.337
435.514 -0.338
435.592 -0.339
435.672 -0.34
435.756 -0.341
435.845 -0.342
435.937 -0.343
436.033 -0.344
436.134 -0.345
436.238 -0.346
436.347 -0.347
436.459 -0.348
436.576 -0.349
436.697 -0.35
436.823 -0.351
436.953 -0.352
437.087 -0.353
437.226 -0.354
437.369 -0.355
437.517 -0.356
437.668 -0.357
437.823 -0.358
437.983 -0.359
438.148 -0.36
438.317 -0.361
438.491 -0.362
438.669 -0.363
438.842 -0.364
439.015 -0.365
439.187 -0.366
439.354 -0.367
439.519 -0.368
439.684 -0.369
439.843 -0.37
440.001 -0.371
440.158 -0.372
440.319 -0.373
440.481 -0.374
440.64 -0.375
440.797 -0.376
440.953 -0.377
441.106 -0.378
441.258 -0.379
441.409 -0.38
441.561 -0.381
441.715 -0.382
441.874 -0.383
442.036 -0.384
442.201 -0.385
442.371 -0.386
442.544 -0.387
442.721 -0.388
442.902 -0.389
443.085 -0.39
443.266 -0.391
443.446 -0.392
443.626 -0.393
443.803 -0.394
443.981 -0.395
444.157 -0.396
444.333 -0.397
444.51 -0.398
444.684 -0.399
444.86 -0.4
445.041 -0.401
445.224 -0.402
445.411 -0.403
445.601 -0.404
445.792 -0.405
445.986 -0.406
446.182 -0.407
446.379 -0.408
446.578 -0.409
446.779 -0.41
446.984 -0.411
447.192 -0.412
447.404 -0.413
447.619 -0.414
447.836 -0.415
448.057 -0.416
448.283 -0.417
448.511 -0.418
448.743 -0.419
448.977 -0.42
449.214 -0.421
449.456 -0.422
449.702 -0.423
449.952 -0.424
450.203 -0.425
450.453 -0.426
450.703 -0.427
450.951 -0.428
451.197 -0.429
451.443 -0.43
451.688 -0.431
451.933 -0.432
452.181 -0.433
452.433 -0.434
452.69 -0.435
452.95 -0.436
453.214 -0.437
453.483 -0.438
453.755 -0.439
454.031 -0.44
454.311 -0.441
454.596 -0.442
454.884 -0.443
455.175 -0.444
455.47 -0.445
455.77 -0.446
456.074 -0.447
456.377 -0.448
456.68 -0.449
456.981 -0.45
457.282 -0.451
457.582 -0.452
457.884 -0.453
458.191 -0.454
458.501 -0.455
458.816 -0.456
459.134 -0.457
459.454 -0.458
459.779 -0.459
460.107 -0.46
460.439 -0.461
460.776 -0.462
461.117 -0.463
461.461 -0.464
461.808 -0.465
462.157 -0.466
462.509 -0.467
462.865 -0.468
463.225 -0.469
463.588 -0.47
463.955 -0.471
464.326 -0.472
464.698 -0.473
465.074 -0.474
465.454 -0.475
465.838 -0.476
466.227 -0.477
466.621 -0.478
467.019 -0.479
467.422 -0.48
467.829 -0.481
468.241 -0.482
468.658 -0.483
469.08 -0.484
469.507 -0.485
469.938 -0.486
470.374 -0.487
470.813 -0.488
471.255 -0.489
471.703 -0.49
472.154 -0.491
472.61 -0.492
473.068 -0.493
473.529 -0.494
473.996 -0.495
474.467 -0.496
474.939 -0.497
475.417 -0.498
475.9 -0.499
476.383 -0.5
476.871 -0.501
477.363 -0.502
477.857 -0.503
478.356 -0.504
478.859 -0.505
479.363 -0.506
479.87 -0.507
480.381 -0.508
480.896 -0.509
481.413 -0.51
481.919 -0.511
482.419 -0.512
482.917 -0.513
483.419 -0.514
483.927 -0.515
484.428 -0.516
484.93 -0.517
485.435 -0.518
485.931 -0.519
486.421 -0.52
486.908 -0.521
487.399 -0.522
487.894 -0.523
488.396 -0.524
488.906 -0.525
489.42 -0.526
489.939 -0.527
490.462 -0.528
490.987 -0.529
491.517 -0.53
492.052 -0.531
492.59 -0.532
493.127 -0.533
493.669 -0.534
494.215 -0.535
494.762 -0.536
495.303 -0.537
495.848 -0.538
496.398 -0.539
496.951 -0.54
497.501 -0.541
498.048 -0.542
498.597 -0.543
499.145 -0.544
499.694 -0.545
500.248 -0.546
500.805 -0.547
501.364 -0.548
501.928 -0.549
502.496 -0.55
503.067 -0.551
503.642 -0.552
504.216 -0.553
504.786 -0.554
505.361 -0.555
505.94 -0.556
506.524 -0.557
507.112 -0.558
507.699 -0.559
508.264 -0.56
508.834 -0.561
509.408 -0.562
509.986 -0.563
510.566 -0.564
511.15 -0.565
511.739 -0.566
512.329 -0.567
512.922 -0.568
513.516 -0.569
514.093 -0.57
514.659 -0.571
515.228 -0.572
515.799 -0.573
516.373 -0.574
516.951 -0.575
517.533 -0.576
518.116 -0.577
518.702 -0.578
519.293 -0.579
519.888 -0.58
520.486 -0.581
521.083 -0.582
521.68 -0.583
522.281 -0.584
522.886 -0.585
523.495 -0.586
524.108 -0.587
524.724 -0.588
525.344 -0.589
525.965 -0.59
526.587 -0.591
527.212 -0.592
527.839 -0.593
528.463 -0.594
529.09 -0.595
529.717 -0.596
530.343 -0.597
530.964 -0.598
531.583 -0.599
532.206 -0.6
532.83 -0.601
533.449 -0.602
534.073 -0.603
534.7 -0.604
535.33 -0.605
535.965 -0.606
536.602 -0.607
537.243 -0.608
537.887 -0.609
538.523 -0.61
539.158 -0.611
539.796 -0.612
540.438 -0.613
541.083 -0.614
541.732 -0.615
542.384 -0.616
543.041 -0.617
543.701 -0.618
544.365 -0.619
545.033 -0.62
545.706 -0.621
546.382 -0.622
547.062 -0.623
547.746 -0.624
548.435 -0.625
549.127 -0.626
549.819 -0.627
550.513 -0.628
551.212 -0.629
551.913 -0.63
552.615 -0.631
553.322 -0.632
554.028 -0.633
554.735 -0.634
555.444 -0.635
556.145 -0.636
556.8 -0.637
557.456 -0.638
558.11 -0.639
558.765 -0.64
559.423 -0.641
560.085 -0.642
560.748 -0.643
561.413 -0.644
562.072 -0.645
562.734 -0.646
563.399 -0.647
564.067 -0.648
564.737 -0.649
565.412 -0.65
566.09 -0.651
566.772 -0.652
567.458 -0.653
568.147 -0.654
568.84 -0.655
569.536 -0.656
570.235 -0.657
570.938 -0.658
571.645 -0.659
572.356 -0.66
573.07 -0.661
573.788 -0.662
574.508 -0.663
575.231 -0.664
575.957 -0.665
576.688 -0.666
577.422 -0.667
578.16 -0.668
578.902 -0.669
579.648 -0.67
580.397 -0.671
581.146 -0.672
581.899 -0.673
582.656 -0.674
583.417 -0.675
584.181 -0.676
584.95 -0.677
585.719 -0.678
586.491 -0.679
587.263 -0.68
588.035 -0.681
588.809 -0.682
589.585 -0.683
590.362 -0.684
591.134 -0.685
591.906 -0.686
592.678 -0.687
593.451 -0.688
594.227 -0.689
595.007 -0.69
595.789 -0.691
596.571 -0.692
597.355 -0.693
598.131 -0.694
598.901 -0.695
599.623 -0.696
600.341 -0.697
601.062 -0.698
601.783 -0.699
602.502 -0.7
