17.9382 -0.001
35.8128 -0.002
53.6222 -0.003
71.3646 -0.004
89.0383 -0.005
106.641 -0.006
124.171 -0.007
141.627 -0.008
159.004 -0.009
176.301 -0.01
193.515 -0.011
210.643 -0.012
227.68 -0.013
242.426 -0.014
251.78 -0.015
259.776 -0.016
267.73 -0.017
275.636 -0.018
283.476 -0.019
291.264 -0.02
298.967 -0.021
306.626 -0.022
314.225 -0.023
321.763 -0.024
329.26 -0.025
336.713 -0.026
344.126 -0.027
351.504 -0.028
358.851 -0.029
366.17 -0.03
373.462 -0.031
380.729 -0.032
387.971 -0.033
395.19 -0.034
402.388 -0.035
409.564 -0.036
416.718 -0.037
423.849 -0.038
430.961 -0.039
438.052 -0.04
445.124 -0.041
452.177 -0.042
459.211 -0.043
466.227 -0.044
473.224 -0.045
480.203 -0.046
487.162 -0.047
494.093 -0.048
500.882 -0.049
507.252 -0.05
512.931 -0.051
517.635 -0.052
520.764 -0.053
523.595 -0.054
526.413 -0.055
529.219 -0.056
532.006 -0.057
534.777 -0.058
537.529 -0.059
540.267 -0.06
542.983 -0.061
545.683 -0.062
548.364 -0.063
551.03 -0.064
553.68 -0.065
556.312 -0.066
558.926 -0.067
561.522 -0.068
564.106 -0.069
566.689 -0.07
569.26 -0.071
571.821 -0.072
574.368 -0.073
576.899 -0.074
579.416 -0.075
581.924 -0.076
584.415 -0.077
586.878 -0.078
589.307 -0.079
591.646 -0.08
593.892 -0.081
596.037 -0.082
598.081 -0.083
599.995 -0.084
601.752 -0.085
603.317 -0.086
604.86 -0.087
606.263 -0.088
607.483 -0.089
608.487 -0.09
609.332 -0.091
609.893 -0.092
610.361 -0.093
610.814 -0.094
611.256 -0.095
611.677 -0.096
612.09 -0.097
612.493 -0.098
612.883 -0.099
613.269 -0.1
613.649 -0.101
614.014 -0.102
614.372 -0.103
614.726 -0.104
615.072 -0.105
615.411 -0.106
615.744 -0.107
616.068 -0.108
616.387 -0.109
616.701 -0.11
617.006 -0.111
617.307 -0.112
617.604 -0.113
617.893 -0.114
618.178 -0.115
618.455 -0.116
618.726 -0.117
618.991 -0.118
619.253 -0.119
619.507 -0.12
619.757 -0.121
620.001 -0.122
620.242 -0.123
620.477 -0.124
620.704 -0.125
620.926 -0.126
621.143 -0.127
621.357 -0.128
621.563 -0.129
621.763 -0.13
621.958 -0.131
622.15 -0.132
622.338 -0.133
622.518 -0.134
622.692 -0.135
622.861 -0.136
623.027 -0.137
623.19 -0.138
623.348 -0.139
623.497 -0.14
623.638 -0.141
623.775 -0.142
623.911 -0.143
624.044 -0.144
624.176 -0.145
624.304 -0.146
624.428 -0.147
624.547 -0.148
624.663 -0.149
624.775 -0.15
624.885 -0.151
624.992 -0.152
625.096 -0.153
625.197 -0.154
625.295 -0.155
625.39 -0.156
625.482 -0.157
625.572 -0.158
625.661 -0.159
625.747 -0.16
625.831 -0.161
625.911 -0.162
625.988 -0.163
626.063 -0.164
626.133 -0.165
626.198 -0.166
626.257 -0.167
626.314 -0.168
626.37 -0.169
626.424 -0.17
626.476 -0.171
626.525 -0.172
626.569 -0.173
626.612 -0.174
626.637 -0.175
626.655 -0.176
626.662 -0.177
626.68 -0.178
626.689 -0.179
626.69 -0.18
626.651 -0.181
626.57 -0.182
626.554 -0.183
626.524 -0.184
626.487 -0.185
626.463 -0.186
626.38 -0.187
626.337 -0.188
626.31 -0.189
626.26 -0.19
626.238 -0.191
626.246 -0.192
626.246 -0.193
626.236 -0.194
626.225 -0.195
626.22 -0.196
626.212 -0.197
626.202 -0.198
626.197 -0.199
626.187 -0.2
626.172 -0.201
626.157 -0.202
626.146 -0.203
626.133 -0.204
626.119 -0.205
626.102 -0.206
626.083 -0.207
626.063 -0.208
626.042 -0.209
626.02 -0.21
625.996 -0.211
625.97 -0.212
625.943 -0.213
625.916 -0.214
625.888 -0.215
625.859 -0.216
625.828 -0.217
625.797 -0.218
625.764 -0.219
625.731 -0.22
625.698 -0.221
625.664 -0.222
625.628 -0.223
625.591 -0.224
625.555 -0.225
625.516 -0.226
625.475 -0.227
625.433 -0.228
625.388 -0.229
625.342 -0.23
625.295 -0.231
625.249 -0.232
625.202 -0.233
625.155 -0.234
625.106 -0.235
625.057 -0.236
625.01 -0.237
624.964 -0.238
624.916 -0.239
624.856 -0.24
624.78 -0.241
624.705 -0.242
624.602 -0.243
624.473 -0.244
624.392 -0.245
624.295 -0.246
624.187 -0.247
624.084 -0.248
624.034 -0.249
623.973 -0.25
623.898 -0.251
623.802 -0.252
623.771 -0.253
623.744 -0.254
623.709 -0.255
623.668 -0.256
623.619 -0.257
623.565 -0.258
623.501 -0.259
623.432 -0.26
623.363 -0.261
623.295 -0.262
623.105 -0.263
622.912 -0.264
622.783 -0.265
622.712 -0.266
622.637 -0.267
622.552 -0.268
622.461 -0.269
622.437 -0.27
622.403 -0.271
622.351 -0.272
622.286 -0.273
622.248 -0.274
622.224 -0.275
622.198 -0.276
622.182 -0.277
622.16 -0.278
622.131 -0.279
622.098 -0.28
622.062 -0.281
622.018 -0.282
621.976 -0.283
621.933 -0.284
621.891 -0.285
621.849 -0.286
621.808 -0.287
621.768 -0.288
621.728 -0.289
621.688 -0.29
621.648 -0.291
621.609 -0.292
621.57 -0.293
621.532 -0.294
621.494 -0.295
621.456 -0.296
621.42 -0.297
621.384 -0.298
621.348 -0.299
621.313 -0.3
621.278 -0.301
621.244 -0.302
621.211 -0.303
621.177 -0.304
621.145 -0.305
621.113 -0.306
621.081 -0.307
621.051 -0.308
621.02 -0.309
620.99 -0.31
620.961 -0.311
620.932 -0.312
620.904 -0.313
620.877 -0.314
620.85 -0.315
620.824 -0.316
620.798 -0.317
620.774 -0.318
620.75 -0.319
620.726 -0.32
620.704 -0.321
620.682 -0.322
620.661 -0.323
620.641 -0.324
620.621 -0.325
620.602 -0.326
620.584 -0.327
620.567 -0.328
620.55 -0.329
620.534 -0.33
620.518 -0.331
620.503 -0.332
620.489 -0.333
620.475 -0.334
620.463 -0.335
620.451 -0.336
620.44 -0.337
620.429 -0.338
620.42 -0.339
620.411 -0.34
620.402 -0.341
620.395 -0.342
620.388 -0.343
620.382 -0.344
620.377 -0.345
620.372 -0.346
620.369 -0.347
620.366 -0.348
620.364 -0.349
620.362 -0.35
620.361 -0.351
620.362 -0.352
620.363 -0.353
620.365 -0.354
620.368 -0.355
620.372 -0.356
620.376 -0.357
620.382 -0.358
620.388 -0.359
620.395 -0.36
620.403 -0.361
620.411 -0.362
620.421 -0.363
620.431 -0.364
620.443 -0.365
620.455 -0.366
620.468 -0.367
620.482 -0.368
620.497 -0.369
620.512 -0.37
620.529 -0.371
620.547 -0.372
620.565 -0.373
620.585 -0.374
620.605 -0.375
620.626 -0.376
620.649 -0.377
620.672 -0.378
620.696 -0.379
620.721 -0.38
620.748 -0.381
620.775 -0.382
620.803 -0.383
620.832 -0.384
620.862 -0.385
620.893 -0.386
620.925 -0.387
620.958 -0.388
620.992 -0.389
621.027 -0.39
621.063 -0.391
621.1 -0.392
621.138 -0.393
621.177 -0.394
621.216 -0.395
621.256 -0.396
621.298 -0.397
621.34 -0.398
621.382 -0.399
621.425 -0.4
621.469 -0.401
621.513 -0.402
621.559 -0.403
621.606 -0.404
621.654 -0.405
621.703 -0.406
621.752 -0.407
621.802 -0.408
621.853 -0.409
621.904 -0.41
621.957 -0.411
622.012 -0.412
622.067 -0.413
622.124 -0.414
622.183 -0.415
622.243 -0.416
622.304 -0.417
622.365 -0.418
622.429 -0.419
622.493 -0.42
622.559 -0.421
622.625 -0.422
622.692 -0.423
622.761 -0.424
622.83 -0.425
622.9 -0.426
622.971 -0.427
623.044 -0.428
623.115 -0.429
623.188 -0.43
623.262 -0.431
623.337 -0.432
623.41 -0.433
623.485 -0.434
623.56 -0.435
623.631 -0.436
623.702 -0.437
623.77 -0.438
623.836 -0.439
623.901 -0.44
623.963 -0.441
624.023 -0.442
624.078 -0.443
624.128 -0.444
624.183 -0.445
624.238 -0.446
624.288 -0.447
624.331 -0.448
624.368 -0.449
624.404 -0.45
624.43 -0.451
624.502 -0.452
624.583 -0.453
624.669 -0.454
624.773 -0.455
624.869 -0.456
624.974 -0.457
625.081 -0.458
625.2 -0.459
625.331 -0.46
625.465 -0.461
625.601 -0.462
625.728 -0.463
625.851 -0.464
625.974 -0.465
626.098 -0.466
626.224 -0.467
626.352 -0.468
626.481 -0.469
626.612 -0.47
626.743 -0.471
626.877 -0.472
627.012 -0.473
627.149 -0.474
627.287 -0.475
627.427 -0.476
627.569 -0.477
627.713 -0.478
627.858 -0.479
628.005 -0.48
628.154 -0.481
628.305 -0.482
628.456 -0.483
628.609 -0.484
628.764 -0.485
628.92 -0.486
629.074 -0.487
629.229 -0.488
629.386 -0.489
629.543 -0.49
629.699 -0.491
629.856 -0.492
630.014 -0.493
630.173 -0.494
630.332 -0.495
630.491 -0.496
630.65 -0.497
630.808 -0.498
630.965 -0.499
631.12 -0.5
631.272 -0.501
631.42 -0.502
631.562 -0.503
631.696 -0.504
631.821 -0.505
631.959 -0.506
632.101 -0.507
632.246 -0.508
632.402 -0.509
632.556 -0.51
632.745 -0.511
632.928 -0.512
633.131 -0.513
633.354 -0.514
633.577 -0.515
633.784 -0.516
633.992 -0.517
634.202 -0.518
634.414 -0.519
634.627 -0.52
634.842 -0.521
635.059 -0.522
635.279 -0.523
635.5 -0.524
635.722 -0.525
635.947 -0.526
636.173 -0.527
636.401 -0.528
636.631 -0.529
636.863 -0.53
637.098 -0.531
637.334 -0.532
637.572 -0.533
637.811 -0.534
638.052 -0.535
638.296 -0.536
638.542 -0.537
638.79 -0.538
639.04 -0.539
639.291 -0.54
639.543 -0.541
639.799 -0.542
640.056 -0.543
640.316 -0.544
640.578 -0.545
640.843 -0.546
641.11 -0.547
641.379 -0.548
641.651 -0.549
641.925 -0.55
642.202 -0.551
642.481 -0.552
642.762 -0.553
643.046 -0.554
643.332 -0.555
643.621 -0.556
643.912 -0.557
644.209 -0.558
644.508 -0.559
644.811 -0.56
645.118 -0.561
645.427 -0.562
645.739 -0.563
646.054 -0.564
646.371 -0.565
646.69 -0.566
647.012 -0.567
647.336 -0.568
647.663 -0.569
647.992 -0.57
648.324 -0.571
648.658 -0.572
648.995 -0.573
649.334 -0.574
649.676 -0.575
650.021 -0.576
650.368 -0.577
650.717 -0.578
651.07 -0.579
651.425 -0.58
651.782 -0.581
652.142 -0.582
652.505 -0.583
652.87 -0.584
653.238 -0.585
653.609 -0.586
653.982 -0.587
654.358 -0.588
654.735 -0.589
655.115 -0.59
655.498 -0.591
655.883 -0.592
656.271 -0.593
656.662 -0.594
657.052 -0.595
657.442 -0.596
657.835 -0.597
658.231 -0.598
658.628 -0.599
659.028 -0.6
