16.9565 -0.001
33.883 -0.002
50.7793 -0.003
67.6454 -0.004
84.4812 -0.005
101.287 -0.006
118.062 -0.007
134.806 -0.008
151.52 -0.009
168.203 -0.01
184.855 -0.011
201.476 -0.012
218.066 -0.013
234.626 -0.014
251.153 -0.015
267.65 -0.016
284.115 -0.017
300.549 -0.018
316.951 -0.019
333.321 -0.02
349.659 -0.021
365.965 -0.022
382.239 -0.023
398.481 -0.024
414.69 -0.025
430.866 -0.026
447.01 -0.027
463.122 -0.028
479.2 -0.029
495.245 -0.03
511.21 -0.031
526.514 -0.032
539.941 -0.033
550.534 -0.034
559.466 -0.035
566.865 -0.036
574.205 -0.037
581.48 -0.038
588.685 -0.039
595.816 -0.04
602.878 -0.041
609.813 -0.042
616.526 -0.043
623.079 -0.044
629.253 -0.045
635.235 -0.046
640.679 -0.047
645.578 -0.048
650.422 -0.049
655.23 -0.05
660.004 -0.051
664.743 -0.052
669.444 -0.053
674.111 -0.054
678.737 -0.055
683.326 -0.056
687.872 -0.057
692.385 -0.058
696.871 -0.059
701.316 -0.06
705.718 -0.061
710.017 -0.062
714.193 -0.063
718.237 -0.064
722.057 -0.065
725.641 -0.066
729.017 -0.067
732.172 -0.068
735.112 -0.069
737.767 -0.07
740.109 -0.071
742.153 -0.072
744.101 -0.073
746.016 -0.074
747.889 -0.075
749.723 -0.076
751.514 -0.077
753.262 -0.078
754.94 -0.079
756.558 -0.08
758.112 -0.081
759.617 -0.082
761.064 -0.083
762.473 -0.084
763.824 -0.085
765.121 -0.086
766.387 -0.087
767.606 -0.088
768.785 -0.089
769.933 -0.09
771.04 -0.091
772.126 -0.092
773.17 -0.093
774.185 -0.094
775.178 -0.095
776.148 -0.096
777.096 -0.097
778.023 -0.098
778.927 -0.099
779.803 -0.1
780.653 -0.101
781.481 -0.102
782.281 -0.103
783.058 -0.104
783.817 -0.105
784.555 -0.106
785.27 -0.107
785.968 -0.108
786.65 -0.109
787.312 -0.11
787.952 -0.111
788.575 -0.112
789.183 -0.113
789.775 -0.114
790.351 -0.115
790.912 -0.116
791.455 -0.117
791.983 -0.118
792.494 -0.119
792.99 -0.12
793.47 -0.121
793.935 -0.122
794.384 -0.123
794.817 -0.124
795.234 -0.125
795.635 -0.126
796.022 -0.127
796.393 -0.128
796.75 -0.129
797.096 -0.13
797.43 -0.131
797.751 -0.132
798.06 -0.133
798.358 -0.134
798.641 -0.135
798.912 -0.136
799.171 -0.137
799.417 -0.138
799.651 -0.139
799.874 -0.14
800.088 -0.141
800.293 -0.142
800.487 -0.143
800.67 -0.144
800.838 -0.145
800.994 -0.146
801.137 -0.147
801.264 -0.148
801.377 -0.149
801.478 -0.15
801.568 -0.151
801.646 -0.152
801.712 -0.153
801.766 -0.154
801.808 -0.155
801.836 -0.156
801.853 -0.157
801.858 -0.158
801.848 -0.159
801.827 -0.16
801.801 -0.161
801.762 -0.162
801.712 -0.163
801.653 -0.164
801.588 -0.165
801.513 -0.166
801.429 -0.167
801.337 -0.168
801.233 -0.169
801.12 -0.17
800.998 -0.171
800.869 -0.172
800.73 -0.173
800.584 -0.174
800.428 -0.175
800.264 -0.176
800.094 -0.177
799.915 -0.178
799.728 -0.179
799.533 -0.18
799.331 -0.181
799.121 -0.182
798.911 -0.183
798.693 -0.184
798.469 -0.185
798.237 -0.186
797.996 -0.187
797.748 -0.188
797.493 -0.189
797.229 -0.19
796.96 -0.191
796.688 -0.192
796.408 -0.193
796.118 -0.194
795.821 -0.195
795.515 -0.196
795.199 -0.197
794.874 -0.198
794.541 -0.199
794.203 -0.2
793.861 -0.201
793.511 -0.202
793.154 -0.203
792.789 -0.204
792.417 -0.205
792.036 -0.206
791.648 -0.207
791.251 -0.208
790.848 -0.209
790.442 -0.21
790.029 -0.211
789.61 -0.212
789.183 -0.213
788.747 -0.214
788.305 -0.215
787.856 -0.216
787.401 -0.217
786.94 -0.218
786.472 -0.219
785.997 -0.22
785.515 -0.221
785.026 -0.222
784.533 -0.223
784.038 -0.224
783.541 -0.225
783.038 -0.226
782.529 -0.227
782.014 -0.228
781.493 -0.229
780.967 -0.23
780.436 -0.231
779.903 -0.232
779.368 -0.233
778.832 -0.234
778.292 -0.235
777.746 -0.236
777.196 -0.237
776.643 -0.238
776.086 -0.239
775.527 -0.24
774.969 -0.241
774.41 -0.242
773.85 -0.243
773.293 -0.244
772.736 -0.245
772.184 -0.246
771.633 -0.247
771.094 -0.248
770.558 -0.249
770.028 -0.25
769.5 -0.251
768.977 -0.252
768.459 -0.253
767.945 -0.254
767.433 -0.255
766.922 -0.256
766.41 -0.257
765.896 -0.258
765.381 -0.259
764.865 -0.26
764.348 -0.261
763.831 -0.262
763.311 -0.263
762.793 -0.264
762.276 -0.265
761.758 -0.266
761.239 -0.267
760.719 -0.268
760.198 -0.269
759.679 -0.27
759.159 -0.271
758.64 -0.272
758.119 -0.273
757.597 -0.274
757.073 -0.275
756.555 -0.276
756.04 -0.277
755.535 -0.278
755.036 -0.279
754.547 -0.28
754.068 -0.281
753.599 -0.282
753.135 -0.283
752.679 -0.284
752.23 -0.285
751.787 -0.286
751.353 -0.287
750.927 -0.288
750.506 -0.289
750.088 -0.29
749.669 -0.291
749.25 -0.292
748.831 -0.293
748.412 -0.294
747.991 -0.295
747.571 -0.296
747.149 -0.297
746.726 -0.298
746.304 -0.299
745.88 -0.3
745.46 -0.301
745.042 -0.302
744.623 -0.303
744.204 -0.304
743.785 -0.305
743.364 -0.306
742.944 -0.307
742.523 -0.308
742.101 -0.309
741.68 -0.31
741.258 -0.311
740.836 -0.312
740.414 -0.313
739.992 -0.314
739.569 -0.315
739.146 -0.316
738.723 -0.317
738.3 -0.318
737.876 -0.319
737.453 -0.32
737.03 -0.321
736.609 -0.322
736.193 -0.323
735.778 -0.324
735.367 -0.325
734.961 -0.326
734.558 -0.327
734.156 -0.328
733.759 -0.329
733.363 -0.33
732.968 -0.331
732.579 -0.332
732.193 -0.333
731.808 -0.334
731.429 -0.335
731.051 -0.336
730.677 -0.337
730.306 -0.338
729.939 -0.339
729.572 -0.34
729.209 -0.341
728.845 -0.342
728.482 -0.343
728.12 -0.344
727.761 -0.345
727.402 -0.346
727.044 -0.347
726.686 -0.348
726.331 -0.349
725.977 -0.35
725.623 -0.351
725.27 -0.352
724.92 -0.353
724.57 -0.354
724.222 -0.355
723.874 -0.356
723.526 -0.357
723.179 -0.358
722.833 -0.359
722.487 -0.36
722.143 -0.361
721.799 -0.362
721.456 -0.363
721.113 -0.364
720.771 -0.365
720.43 -0.366
720.09 -0.367
719.75 -0.368
719.411 -0.369
719.073 -0.37
718.736 -0.371
718.4 -0.372
718.064 -0.373
717.729 -0.374
717.395 -0.375
717.062 -0.376
716.73 -0.377
716.399 -0.378
716.068 -0.379
715.739 -0.38
715.411 -0.381
715.083 -0.382
714.757 -0.383
714.431 -0.384
714.107 -0.385
713.784 -0.386
713.461 -0.387
713.141 -0.388
712.824 -0.389
712.509 -0.39
712.196 -0.391
711.885 -0.392
711.578 -0.393
711.272 -0.394
710.968 -0.395
710.667 -0.396
710.369 -0.397
710.074 -0.398
709.783 -0.399
709.496 -0.4
709.21 -0.401
708.926 -0.402
708.646 -0.403
708.372 -0.404
708.099 -0.405
707.827 -0.406
707.56 -0.407
707.295 -0.408
707.034 -0.409
706.774 -0.41
706.516 -0.411
706.258 -0.412
706.003 -0.413
705.75 -0.414
705.5 -0.415
705.251 -0.416
705.005 -0.417
704.759 -0.418
704.515 -0.419
704.275 -0.42
704.037 -0.421
703.8 -0.422
703.565 -0.423
703.331 -0.424
703.099 -0.425
702.871 -0.426
702.645 -0.427
702.42 -0.428
702.197 -0.429
701.976 -0.43
701.756 -0.431
701.537 -0.432
701.321 -0.433
701.105 -0.434
700.892 -0.435
700.68 -0.436
700.469 -0.437
700.261 -0.438
700.054 -0.439
699.848 -0.44
699.645 -0.441
699.443 -0.442
699.243 -0.443
699.045 -0.444
698.849 -0.445
698.656 -0.446
698.464 -0.447
698.274 -0.448
698.085 -0.449
697.899 -0.45
697.714 -0.451
697.531 -0.452
697.351 -0.453
697.173 -0.454
696.997 -0.455
696.822 -0.456
696.65 -0.457
696.479 -0.458
696.31 -0.459
696.144 -0.46
695.979 -0.461
695.818 -0.462
695.658 -0.463
695.5 -0.464
695.345 -0.465
695.191 -0.466
695.039 -0.467
694.889 -0.468
694.741 -0.469
694.595 -0.47
694.452 -0.471
694.311 -0.472
694.172 -0.473
694.036 -0.474
693.9 -0.475
693.767 -0.476
693.637 -0.477
693.509 -0.478
693.384 -0.479
693.263 -0.48
693.143 -0.481
693.026 -0.482
692.911 -0.483
692.799 -0.484
692.69 -0.485
692.583 -0.486
692.478 -0.487
692.375 -0.488
692.276 -0.489
692.18 -0.49
692.083 -0.491
691.983 -0.492
691.878 -0.493
691.77 -0.494
691.656 -0.495
691.545 -0.496
691.436 -0.497
691.328 -0.498
691.223 -0.499
691.12 -0.5
691.02 -0.501
690.922 -0.502
690.826 -0.503
690.73 -0.504
690.636 -0.505
690.545 -0.506
690.455 -0.507
690.369 -0.508
690.285 -0.509
690.204 -0.51
690.124 -0.511
690.046 -0.512
689.971 -0.513
689.898 -0.514
689.826 -0.515
689.757 -0.516
689.691 -0.517
689.626 -0.518
689.564 -0.519
689.504 -0.52
689.446 -0.521
689.391 -0.522
689.337 -0.523
689.286 -0.524
689.237 -0.525
689.187 -0.526
689.139 -0.527
689.094 -0.528
689.05 -0.529
689.009 -0.53
688.971 -0.531
688.934 -0.532
688.9 -0.533
688.868 -0.534
688.839 -0.535
688.812 -0.536
688.788 -0.537
688.765 -0.538
688.746 -0.539
688.728 -0.54
688.713 -0.541
688.698 -0.542
688.683 -0.543
688.671 -0.544
688.66 -0.545
688.652 -0.546
688.647 -0.547
688.644 -0.548
688.643 -0.549
688.645 -0.55
688.65 -0.551
688.657 -0.552
688.666 -0.553
688.678 -0.554
688.692 -0.555
688.709 -0.556
688.729 -0.557
688.751 -0.558
688.776 -0.559
688.803 -0.56
688.833 -0.561
688.865 -0.562
688.901 -0.563
688.938 -0.564
688.979 -0.565
689.022 -0.566
689.067 -0.567
689.112 -0.568
689.16 -0.569
689.21 -0.57
689.263 -0.571
689.319 -0.572
689.377 -0.573
689.437 -0.574
689.498 -0.575
689.562 -0.576
689.629 -0.577
689.698 -0.578
689.77 -0.579
689.844 -0.58
689.922 -0.581
690.002 -0.582
690.083 -0.583
690.165 -0.584
690.25 -0.585
690.337 -0.586
690.422 -0.587
690.51 -0.588
690.601 -0.589
690.695 -0.59
690.79 -0.591
690.885 -0.592
690.983 -0.593
691.083 -0.594
691.186 -0.595
691.292 -0.596
691.4 -0.597
691.511 -0.598
691.626 -0.599
691.74 -0.6
691.855 -0.601
691.967 -0.602
692.08 -0.603
692.196 -0.604
692.314 -0.605
692.435 -0.606
692.559 -0.607
692.682 -0.608
692.805 -0.609
692.932 -0.61
693.061 -0.611
693.193 -0.612
693.327 -0.613
693.456 -0.614
693.581 -0.615
693.706 -0.616
693.835 -0.617
693.965 -0.618
694.099 -0.619
694.235 -0.62
694.374 -0.621
694.516 -0.622
694.652 -0.623
694.781 -0.624
694.914 -0.625
695.048 -0.626
695.186 -0.627
695.326 -0.628
695.468 -0.629
695.614 -0.63
695.762 -0.631
695.907 -0.632
696.045 -0.633
696.182 -0.634
696.322 -0.635
696.465 -0.636
696.61 -0.637
696.757 -0.638
696.908 -0.639
697.06 -0.64
697.216 -0.641
697.373 -0.642
697.527 -0.643
697.683 -0.644
697.842 -0.645
698.004 -0.646
698.168 -0.647
698.335 -0.648
698.504 -0.649
698.677 -0.65
698.849 -0.651
699.02 -0.652
699.194 -0.653
699.37 -0.654
699.549 -0.655
699.731 -0.656
699.916 -0.657
700.103 -0.658
700.291 -0.659
700.478 -0.66
700.667 -0.661
700.859 -0.662
701.054 -0.663
701.252 -0.664
701.452 -0.665
701.653 -0.666
701.853 -0.667
702.055 -0.668
702.26 -0.669
702.468 -0.67
702.679 -0.671
702.892 -0.672
703.108 -0.673
703.327 -0.674
703.549 -0.675
703.774 -0.676
704.001 -0.677
704.231 -0.678
704.465 -0.679
704.701 -0.68
704.939 -0.681
705.181 -0.682
705.425 -0.683
705.673 -0.684
705.923 -0.685
706.176 -0.686
706.432 -0.687
706.691 -0.688
706.953 -0.689
707.217 -0.69
707.485 -0.691
707.755 -0.692
708.029 -0.693
708.305 -0.694
708.585 -0.695
708.867 -0.696
709.153 -0.697
709.441 -0.698
709.733 -0.699
710.028 -0.7
710.325 -0.701
710.626 -0.702
710.93 -0.703
711.237 -0.704
711.547 -0.705
711.86 -0.706
712.177 -0.707
712.496 -0.708
712.819 -0.709
713.144 -0.71
713.473 -0.711
713.806 -0.712
714.141 -0.713
714.48 -0.714
714.822 -0.715
715.167 -0.716
715.515 -0.717
715.866 -0.718
716.221 -0.719
716.579 -0.72
716.94 -0.721
717.305 -0.722
717.672 -0.723
718.044 -0.724
718.418 -0.725
718.795 -0.726
719.176 -0.727
719.56 -0.728
719.947 -0.729
720.338 -0.73
720.732 -0.731
721.129 -0.732
721.53 -0.733
721.933 -0.734
722.34 -0.735
722.751 -0.736
723.164 -0.737
723.581 -0.738
724.002 -0.739
724.425 -0.74
724.852 -0.741
725.282 -0.742
725.716 -0.743
726.146 -0.744
726.574 -0.745
726.993 -0.746
727.399 -0.747
727.792 -0.748
728.185 -0.749
728.581 -0.75
728.979 -0.751
729.374 -0.752
729.754 -0.753
730.114 -0.754
730.473 -0.755
730.835 -0.756
731.2 -0.757
731.568 -0.758
731.938 -0.759
732.311 -0.76
732.687 -0.761
733.066 -0.762
733.448 -0.763
733.832 -0.764
734.22 -0.765
734.61 -0.766
735.003 -0.767
735.399 -0.768
735.797 -0.769
736.199 -0.77
736.603 -0.771
737.011 -0.772
737.421 -0.773
737.834 -0.774
738.25 -0.775
738.669 -0.776
739.091 -0.777
739.516 -0.778
739.944 -0.779
740.375 -0.78
740.809 -0.781
741.245 -0.782
741.685 -0.783
742.128 -0.784
742.573 -0.785
743.021 -0.786
743.473 -0.787
743.927 -0.788
744.385 -0.789
744.845 -0.79
745.309 -0.791
745.775 -0.792
746.245 -0.793
746.717 -0.794
747.192 -0.795
747.67 -0.796
748.151 -0.797
748.635 -0.798
749.123 -0.799
749.612 -0.8
750.105 -0.801
750.6 -0.802
751.098 -0.803
751.599 -0.804
752.102 -0.805
752.607 -0.806
753.114 -0.807
753.622 -0.808
754.121 -0.809
754.532 -0.81
754.88 -0.811
755.199 -0.812
755.492 -0.813
755.722 -0.814
755.936 -0.815
756.152 -0.816
756.371 -0.817
756.594 -0.818
756.818 -0.819
757.046 -0.82
757.277 -0.821
757.51 -0.822
757.778 -0.823
758.209 -0.824
758.649 -0.825
759.128 -0.826
759.769 -0.827
760.42 -0.828
761.075 -0.829
761.732 -0.83
762.392 -0.831
763.058 -0.832
763.732 -0.833
764.39 -0.834
765.033 -0.835
765.68 -0.836
766.321 -0.837
766.93 -0.838
767.538 -0.839
768.146 -0.84
768.753 -0.841
769.36 -0.842
769.968 -0.843
770.575 -0.844
771.183 -0.845
771.791 -0.846
772.399 -0.847
772.977 -0.848
773.555 -0.849
774.135 -0.85
774.707 -0.851
775.261 -0.852
775.818 -0.853
776.377 -0.854
776.939 -0.855
777.504 -0.856
778.072 -0.857
778.642 -0.858
779.215 -0.859
779.791 -0.86
780.368 -0.861
780.949 -0.862
781.533 -0.863
782.12 -0.864
782.709 -0.865
783.301 -0.866
783.888 -0.867
784.478 -0.868
785.061 -0.869
785.647 -0.87
786.227 -0.871
786.81 -0.872
787.388 -0.873
787.962 -0.874
788.531 -0.875
789.095 -0.876
789.655 -0.877
790.208 -0.878
790.757 -0.879
791.308 -0.88
791.858 -0.881
792.406 -0.882
792.958 -0.883
793.506 -0.884
794.055 -0.885
794.606 -0.886
795.153 -0.887
795.703 -0.888
796.256 -0.889
796.812 -0.89
797.37 -0.891
797.932 -0.892
798.496 -0.893
799.064 -0.894
799.634 -0.895
800.206 -0.896
800.782 -0.897
801.361 -0.898
801.943 -0.899
802.527 -0.9
803.115 -0.901
803.705 -0.902
804.298 -0.903
804.894 -0.904
805.492 -0.905
806.093 -0.906
806.697 -0.907
807.304 -0.908
807.914 -0.909
808.526 -0.91
809.142 -0.911
809.76 -0.912
810.381 -0.913
811.005 -0.914
811.632 -0.915
812.261 -0.916
812.894 -0.917
813.529 -0.918
814.166 -0.919
814.807 -0.92
815.45 -0.921
816.097 -0.922
816.746 -0.923
817.399 -0.924
818.056 -0.925
818.717 -0.926
819.382 -0.927
820.051 -0.928
820.724 -0.929
821.398 -0.93
822.07 -0.931
822.745 -0.932
823.424 -0.933
824.101 -0.934
824.779 -0.935
825.459 -0.936
826.142 -0.937
826.824 -0.938
827.506 -0.939
828.191 -0.94
828.879 -0.941
829.567 -0.942
830.253 -0.943
830.943 -0.944
831.635 -0.945
832.329 -0.946
833.021 -0.947
833.713 -0.948
834.406 -0.949
835.097 -0.95
835.784 -0.951
836.461 -0.952
837.129 -0.953
837.783 -0.954
838.43 -0.955
839.079 -0.956
839.73 -0.957
840.384 -0.958
841.04 -0.959
841.696 -0.96
842.352 -0.961
843.066 -0.962
843.811 -0.963
844.575 -0.964
845.331 -0.965
846.056 -0.966
846.784 -0.967
847.515 -0.968
848.249 -0.969
848.986 -0.97
849.723 -0.971
850.469 -0.972
851.26 -0.973
852.086 -0.974
852.933 -0.975
853.758 -0.976
854.578 -0.977
855.401 -0.978
856.227 -0.979
857.056 -0.98
857.888 -0.981
858.708 -0.982
859.512 -0.983
860.319 -0.984
861.129 -0.985
861.937 -0.986
862.747 -0.987
863.561 -0.988
864.379 -0.989
865.196 -0.99
866.013 -0.991
866.834 -0.992
867.657 -0.993
868.484 -0.994
869.309 -0.995
870.136 -0.996
870.966 -0.997
871.8 -0.998
872.637 -0.999
873.471 -1
874.308 -1.001
875.149 -1.002
875.993 -1.003
876.84 -1.004
877.685 -1.005
878.533 -1.006
879.385 -1.007
880.24 -1.008
881.098 -1.009
881.954 -1.01
882.812 -1.011
883.674 -1.012
884.538 -1.013
885.407 -1.014
886.278 -1.015
887.153 -1.016
888.031 -1.017
888.911 -1.018
889.795 -1.019
890.683 -1.02
891.574 -1.021
892.469 -1.022
893.367 -1.023
894.269 -1.024
895.171 -1.025
896.077 -1.026
896.981 -1.027
897.884 -1.028
898.788 -1.029
899.684 -1.03
900.573 -1.031
901.463 -1.032
902.354 -1.033
903.248 -1.034
904.144 -1.035
905.038 -1.036
905.934 -1.037
906.832 -1.038
907.73 -1.039
908.626 -1.04
909.526 -1.041
910.427 -1.042
911.331 -1.043
912.236 -1.044
913.141 -1.045
914.048 -1.046
914.957 -1.047
915.869 -1.048
916.78 -1.049
917.691 -1.05
918.604 -1.051
919.519 -1.052
920.434 -1.053
921.351 -1.054
922.269 -1.055
923.189 -1.056
924.108 -1.057
925.028 -1.058
925.947 -1.059
926.864 -1.06
927.783 -1.061
928.704 -1.062
929.626 -1.063
930.55 -1.064
931.477 -1.065
932.408 -1.066
933.342 -1.067
934.279 -1.068
935.22 -1.069
936.163 -1.07
937.109 -1.071
938.058 -1.072
939.009 -1.073
939.964 -1.074
940.921 -1.075
941.88 -1.076
942.84 -1.077
943.802 -1.078
944.765 -1.079
945.731 -1.08
946.698 -1.081
947.668 -1.082
948.639 -1.083
949.609 -1.084
950.581 -1.085
951.553 -1.086
952.526 -1.087
953.5 -1.088
954.475 -1.089
955.451 -1.09
956.428 -1.091
957.405 -1.092
958.38 -1.093
959.355 -1.094
960.333 -1.095
961.311 -1.096
962.29 -1.097
963.269 -1.098
964.247 -1.099
965.225 -1.1
966.204 -1.101
967.182 -1.102
968.162 -1.103
969.144 -1.104
970.127 -1.105
971.111 -1.106
972.093 -1.107
973.07 -1.108
974.036 -1.109
974.989 -1.11
975.931 -1.111
976.865 -1.112
977.797 -1.113
978.738 -1.114
979.69 -1.115
980.65 -1.116
981.618 -1.117
982.59 -1.118
983.565 -1.119
984.544 -1.12
985.529 -1.121
986.523 -1.122
987.525 -1.123
988.535 -1.124
989.548 -1.125
990.565 -1.126
991.584 -1.127
992.632 -1.128
993.712 -1.129
994.821 -1.13
995.937 -1.131
997.072 -1.132
998.214 -1.133
999.368 -1.134
1000.51 -1.135
1001.63 -1.136
1002.75 -1.137
1003.87 -1.138
1004.99 -1.139
1006.12 -1.14
1007.25 -1.141
1008.38 -1.142
1009.51 -1.143
1010.64 -1.144
1011.78 -1.145
1012.92 -1.146
1014.04 -1.147
1015.16 -1.148
1016.28 -1.149
1017.4 -1.15
1018.53 -1.151
1019.65 -1.152
1020.79 -1.153
1021.92 -1.154
1023.06 -1.155
1024.2 -1.156
1025.35 -1.157
1026.5 -1.158
1027.66 -1.159
1028.81 -1.16
1029.97 -1.161
1031.14 -1.162
1032.3 -1.163
1033.47 -1.164
1034.64 -1.165
1035.81 -1.166
1036.99 -1.167
1038.16 -1.168
1039.34 -1.169
1040.51 -1.17
1041.68 -1.171
1042.86 -1.172
1044.03 -1.173
1045.21 -1.174
1046.39 -1.175
1047.56 -1.176
1048.73 -1.177
1049.9 -1.178
1051.07 -1.179
1052.23 -1.18
1053.39 -1.181
1054.56 -1.182
1055.72 -1.183
1056.89 -1.184
1058.05 -1.185
1059.22 -1.186
1060.4 -1.187
1061.57 -1.188
1062.75 -1.189
1063.93 -1.19
1065.11 -1.191
1066.29 -1.192
1067.47 -1.193
1068.66 -1.194
1069.84 -1.195
1071.04 -1.196
1072.23 -1.197
1073.43 -1.198
1074.63 -1.199
1075.84 -1.2
