12.5069 -0.001
24.994 -0.002
37.4612 -0.003
49.9083 -0.004
62.3351 -0.005
74.7413 -0.006
87.1267 -0.007
99.4912 -0.008
111.835 -0.009
124.156 -0.01
136.457 -0.011
148.735 -0.012
160.991 -0.013
173.225 -0.014
185.437 -0.015
197.625 -0.016
209.791 -0.017
221.933 -0.018
234.051 -0.019
246.146 -0.02
258.216 -0.021
270.261 -0.022
282.282 -0.023
294.278 -0.024
306.248 -0.025
317.975 -0.026
328.28 -0.027
336.304 -0.028
344.232 -0.029
352.175 -0.03
360.112 -0.031
368.035 -0.032
375.93 -0.033
383.805 -0.034
391.648 -0.035
399.304 -0.036
406.24 -0.037
411.692 -0.038
416.569 -0.039
421.417 -0.04
426.242 -0.041
431.044 -0.042
435.805 -0.043
440.532 -0.044
445.245 -0.045
449.935 -0.046
454.598 -0.047
459.254 -0.048
463.897 -0.049
468.522 -0.05
473.127 -0.051
477.727 -0.052
482.314 -0.053
486.884 -0.054
491.439 -0.055
495.935 -0.056
500.364 -0.057
504.489 -0.058
508.56 -0.059
512.128 -0.06
515.492 -0.061
518.509 -0.062
521.051 -0.063
522.956 -0.064
524.61 -0.065
525.852 -0.066
526.649 -0.067
527.371 -0.068
528.058 -0.069
528.728 -0.07
529.39 -0.071
530.044 -0.072
530.689 -0.073
531.321 -0.074
531.941 -0.075
532.549 -0.076
533.143 -0.077
533.702 -0.078
534.225 -0.079
534.737 -0.08
535.234 -0.081
535.698 -0.082
536.133 -0.083
536.513 -0.084
536.883 -0.085
537.24 -0.086
537.588 -0.087
537.922 -0.088
538.233 -0.089
538.534 -0.09
538.829 -0.091
539.117 -0.092
539.367 -0.093
539.592 -0.094
539.811 -0.095
540.023 -0.096
540.23 -0.097
540.433 -0.098
540.631 -0.099
540.824 -0.1
541.012 -0.101
541.197 -0.102
541.379 -0.103
541.557 -0.104
541.732 -0.105
541.904 -0.106
542.074 -0.107
542.242 -0.108
542.408 -0.109
542.573 -0.11
542.734 -0.111
542.888 -0.112
543.038 -0.113
543.188 -0.114
543.331 -0.115
543.468 -0.116
543.599 -0.117
543.73 -0.118
543.859 -0.119
543.986 -0.12
544.112 -0.121
544.237 -0.122
544.361 -0.123
544.483 -0.124
544.604 -0.125
544.723 -0.126
544.841 -0.127
544.958 -0.128
545.073 -0.129
545.187 -0.13
545.3 -0.131
545.412 -0.132
545.524 -0.133
545.634 -0.134
545.743 -0.135
545.851 -0.136
545.958 -0.137
546.064 -0.138
546.168 -0.139
546.272 -0.14
546.374 -0.141
546.474 -0.142
546.574 -0.143
546.673 -0.144
546.77 -0.145
546.867 -0.146
546.963 -0.147
547.058 -0.148
547.152 -0.149
547.245 -0.15
547.337 -0.151
547.429 -0.152
547.519 -0.153
547.608 -0.154
547.697 -0.155
547.784 -0.156
547.871 -0.157
547.956 -0.158
548.041 -0.159
548.125 -0.16
548.207 -0.161
548.289 -0.162
548.369 -0.163
548.448 -0.164
548.526 -0.165
548.603 -0.166
548.68 -0.167
548.755 -0.168
548.831 -0.169
548.905 -0.17
548.979 -0.171
549.053 -0.172
549.127 -0.173
549.2 -0.174
549.273 -0.175
549.345 -0.176
549.417 -0.177
549.489 -0.178
549.559 -0.179
549.63 -0.18
549.699 -0.181
549.769 -0.182
549.837 -0.183
549.905 -0.184
549.972 -0.185
550.039 -0.186
550.105 -0.187
550.171 -0.188
550.236 -0.189
550.3 -0.19
550.365 -0.191
550.428 -0.192
550.492 -0.193
550.555 -0.194
550.617 -0.195
550.679 -0.196
550.741 -0.197
550.802 -0.198
550.863 -0.199
550.923 -0.2
550.983 -0.201
551.042 -0.202
551.101 -0.203
551.16 -0.204
551.218 -0.205
551.276 -0.206
551.333 -0.207
551.39 -0.208
551.446 -0.209
551.502 -0.21
551.558 -0.211
551.613 -0.212
551.667 -0.213
551.721 -0.214
551.775 -0.215
551.828 -0.216
551.881 -0.217
551.933 -0.218
551.985 -0.219
552.037 -0.22
552.087 -0.221
552.136 -0.222
552.185 -0.223
552.233 -0.224
552.28 -0.225
552.328 -0.226
552.375 -0.227
552.421 -0.228
552.467 -0.229
552.513 -0.23
552.559 -0.231
552.604 -0.232
552.648 -0.233
552.692 -0.234
552.736 -0.235
552.779 -0.236
552.821 -0.237
552.862 -0.238
552.903 -0.239
552.943 -0.24
552.983 -0.241
553.022 -0.242
553.06 -0.243
553.097 -0.244
553.133 -0.245
553.169 -0.246
553.204 -0.247
553.238 -0.248
553.272 -0.249
553.305 -0.25
553.338 -0.251
553.37 -0.252
553.402 -0.253
553.433 -0.254
553.463 -0.255
553.492 -0.256
553.519 -0.257
553.546 -0.258
553.571 -0.259
553.595 -0.26
553.618 -0.261
553.639 -0.262
553.659 -0.263
553.678 -0.264
553.696 -0.265
553.713 -0.266
553.728 -0.267
553.741 -0.268
553.754 -0.269
553.764 -0.27
553.774 -0.271
553.782 -0.272
553.789 -0.273
553.794 -0.274
553.798 -0.275
553.801 -0.276
553.801 -0.277
553.799 -0.278
553.794 -0.279
553.787 -0.28
553.776 -0.281
553.76 -0.282
553.739 -0.283
553.71 -0.284
553.673 -0.285
553.626 -0.286
553.568 -0.287
553.499 -0.288
553.416 -0.289
553.318 -0.29
553.201 -0.291
553.068 -0.292
552.925 -0.293
552.816 -0.294
552.733 -0.295
552.676 -0.296
552.642 -0.297
552.624 -0.298
552.613 -0.299
552.601 -0.3
552.589 -0.301
552.577 -0.302
552.565 -0.303
552.553 -0.304
552.541 -0.305
552.529 -0.306
552.517 -0.307
552.503 -0.308
552.487 -0.309
552.466 -0.31
552.442 -0.311
552.414 -0.312
552.382 -0.313
552.348 -0.314
552.312 -0.315
552.285 -0.316
552.267 -0.317
552.255 -0.318
552.243 -0.319
552.228 -0.32
552.213 -0.321
552.196 -0.322
552.177 -0.323
552.156 -0.324
552.132 -0.325
552.112 -0.326
552.093 -0.327
552.073 -0.328
552.056 -0.329
552.041 -0.33
552.03 -0.331
552.024 -0.332
552.022 -0.333
552.018 -0.334
552.013 -0.335
552.009 -0.336
552.004 -0.337
551.999 -0.338
551.993 -0.339
551.987 -0.34
551.981 -0.341
551.974 -0.342
551.966 -0.343
551.959 -0.344
551.951 -0.345
551.942 -0.346
551.933 -0.347
551.923 -0.348
551.913 -0.349
551.902 -0.35
551.891 -0.351
551.879 -0.352
551.866 -0.353
551.856 -0.354
551.857 -0.355
551.864 -0.356
551.871 -0.357
551.879 -0.358
551.886 -0.359
551.893 -0.36
551.899 -0.361
551.905 -0.362
551.911 -0.363
551.917 -0.364
551.922 -0.365
551.927 -0.366
551.932 -0.367
551.936 -0.368
551.94 -0.369
551.943 -0.37
551.947 -0.371
551.955 -0.372
551.967 -0.373
551.979 -0.374
551.992 -0.375
552.003 -0.376
552.015 -0.377
552.026 -0.378
552.036 -0.379
552.046 -0.38
552.056 -0.381
552.065 -0.382
552.073 -0.383
552.08 -0.384
552.086 -0.385
552.091 -0.386
552.094 -0.387
552.095 -0.388
552.094 -0.389
552.09 -0.39
552.08 -0.391
552.066 -0.392
552.047 -0.393
552.023 -0.394
551.996 -0.395
551.965 -0.396
551.93 -0.397
551.891 -0.398
551.867 -0.399
551.847 -0.4
551.836 -0.401
551.834 -0.402
551.843 -0.403
551.864 -0.404
551.893 -0.405
551.925 -0.406
551.951 -0.407
551.969 -0.408
551.98 -0.409
551.99 -0.41
552 -0.411
552.01 -0.412
552.02 -0.413
552.03 -0.414
552.04 -0.415
552.049 -0.416
552.059 -0.417
552.069 -0.418
552.078 -0.419
552.088 -0.42
552.098 -0.421
552.108 -0.422
552.117 -0.423
552.127 -0.424
552.139 -0.425
552.157 -0.426
552.179 -0.427
552.201 -0.428
552.223 -0.429
552.246 -0.43
552.268 -0.431
552.29 -0.432
552.313 -0.433
552.336 -0.434
552.358 -0.435
552.381 -0.436
552.404 -0.437
552.426 -0.438
552.449 -0.439
552.472 -0.44
552.495 -0.441
552.518 -0.442
552.541 -0.443
552.565 -0.444
552.588 -0.445
552.611 -0.446
552.635 -0.447
552.658 -0.448
552.681 -0.449
552.705 -0.45
552.729 -0.451
552.752 -0.452
552.776 -0.453
552.8 -0.454
552.823 -0.455
552.847 -0.456
552.871 -0.457
552.895 -0.458
552.919 -0.459
552.943 -0.46
552.967 -0.461
552.991 -0.462
553.015 -0.463
553.04 -0.464
553.064 -0.465
553.088 -0.466
553.112 -0.467
553.138 -0.468
553.166 -0.469
553.196 -0.47
553.226 -0.471
553.256 -0.472
553.286 -0.473
553.316 -0.474
553.345 -0.475
553.376 -0.476
553.411 -0.477
553.449 -0.478
553.489 -0.479
553.529 -0.48
553.568 -0.481
553.608 -0.482
553.649 -0.483
553.689 -0.484
553.729 -0.485
553.769 -0.486
553.81 -0.487
553.851 -0.488
553.891 -0.489
553.932 -0.49
553.973 -0.491
554.014 -0.492
554.055 -0.493
554.097 -0.494
554.138 -0.495
554.179 -0.496
554.221 -0.497
554.263 -0.498
554.304 -0.499
554.346 -0.5
554.388 -0.501
554.43 -0.502
554.472 -0.503
554.514 -0.504
554.556 -0.505
554.598 -0.506
554.64 -0.507
554.683 -0.508
554.725 -0.509
554.767 -0.51
554.809 -0.511
554.851 -0.512
554.894 -0.513
554.936 -0.514
554.977 -0.515
555.019 -0.516
555.061 -0.517
555.102 -0.518
555.144 -0.519
555.185 -0.52
555.227 -0.521
555.268 -0.522
555.309 -0.523
555.35 -0.524
555.39 -0.525
555.43 -0.526
555.47 -0.527
555.509 -0.528
555.547 -0.529
555.585 -0.53
555.621 -0.531
555.655 -0.532
555.686 -0.533
555.714 -0.534
555.738 -0.535
555.758 -0.536
555.774 -0.537
555.787 -0.538
555.795 -0.539
555.797 -0.54
555.794 -0.541
555.785 -0.542
555.774 -0.543
555.761 -0.544
555.747 -0.545
555.734 -0.546
555.722 -0.547
555.711 -0.548
555.708 -0.549
555.714 -0.55
555.729 -0.551
555.746 -0.552
555.763 -0.553
555.779 -0.554
555.796 -0.555
555.813 -0.556
555.829 -0.557
555.846 -0.558
555.862 -0.559
555.879 -0.56
555.897 -0.561
555.915 -0.562
555.933 -0.563
555.952 -0.564
555.971 -0.565
555.991 -0.566
556.011 -0.567
556.031 -0.568
556.052 -0.569
556.073 -0.57
556.095 -0.571
556.117 -0.572
556.139 -0.573
556.162 -0.574
556.185 -0.575
556.209 -0.576
556.235 -0.577
556.271 -0.578
556.313 -0.579
556.356 -0.58
556.399 -0.581
556.442 -0.582
556.486 -0.583
556.53 -0.584
556.574 -0.585
556.619 -0.586
556.665 -0.587
556.713 -0.588
556.765 -0.589
556.818 -0.59
556.871 -0.591
556.925 -0.592
556.979 -0.593
557.044 -0.594
557.117 -0.595
557.194 -0.596
557.274 -0.597
557.356 -0.598
557.44 -0.599
557.525 -0.6
557.609 -0.601
557.693 -0.602
557.776 -0.603
557.86 -0.604
557.944 -0.605
558.028 -0.606
558.112 -0.607
558.196 -0.608
558.279 -0.609
558.363 -0.61
558.446 -0.611
558.529 -0.612
558.611 -0.613
558.693 -0.614
558.774 -0.615
558.855 -0.616
558.936 -0.617
559.016 -0.618
559.096 -0.619
559.173 -0.62
559.254 -0.621
559.351 -0.622
559.447 -0.623
559.542 -0.624
559.636 -0.625
559.729 -0.626
559.819 -0.627
559.905 -0.628
559.985 -0.629
560.059 -0.63
560.124 -0.631
560.179 -0.632
560.22 -0.633
560.246 -0.634
560.254 -0.635
560.239 -0.636
560.198 -0.637
560.121 -0.638
560.037 -0.639
559.953 -0.64
559.869 -0.641
559.786 -0.642
559.703 -0.643
559.62 -0.644
559.538 -0.645
559.457 -0.646
559.375 -0.647
559.294 -0.648
559.214 -0.649
559.133 -0.65
559.053 -0.651
558.974 -0.652
558.893 -0.653
558.801 -0.654
558.707 -0.655
558.678 -0.656
558.771 -0.657
558.973 -0.658
559.18 -0.659
559.388 -0.66
559.596 -0.661
559.804 -0.662
560.011 -0.663
560.217 -0.664
560.415 -0.665
560.604 -0.666
560.789 -0.667
560.969 -0.668
561.145 -0.669
561.319 -0.67
561.499 -0.671
561.653 -0.672
561.789 -0.673
561.923 -0.674
562.055 -0.675
562.186 -0.676
562.314 -0.677
562.439 -0.678
562.562 -0.679
562.681 -0.68
562.797 -0.681
562.909 -0.682
563.015 -0.683
563.121 -0.684
563.223 -0.685
563.322 -0.686
563.417 -0.687
563.51 -0.688
563.601 -0.689
563.687 -0.69
563.762 -0.691
563.827 -0.692
563.885 -0.693
563.941 -0.694
563.998 -0.695
564.056 -0.696
564.122 -0.697
564.237 -0.698
564.379 -0.699
564.541 -0.7
564.712 -0.701
564.885 -0.702
565.058 -0.703
565.232 -0.704
565.407 -0.705
565.582 -0.706
565.759 -0.707
565.941 -0.708
566.124 -0.709
566.307 -0.71
566.491 -0.711
566.676 -0.712
566.861 -0.713
567.046 -0.714
567.229 -0.715
567.396 -0.716
567.53 -0.717
567.659 -0.718
567.788 -0.719
567.918 -0.72
568.048 -0.721
568.179 -0.722
568.31 -0.723
568.441 -0.724
568.572 -0.725
568.704 -0.726
568.836 -0.727
568.969 -0.728
569.101 -0.729
569.235 -0.73
569.368 -0.731
569.502 -0.732
569.636 -0.733
569.77 -0.734
569.905 -0.735
570.04 -0.736
570.176 -0.737
570.312 -0.738
570.449 -0.739
570.586 -0.74
570.724 -0.741
570.862 -0.742
571.001 -0.743
571.14 -0.744
571.279 -0.745
571.419 -0.746
571.56 -0.747
571.701 -0.748
571.842 -0.749
571.984 -0.75
572.127 -0.751
572.27 -0.752
572.413 -0.753
572.557 -0.754
572.701 -0.755
572.846 -0.756
572.991 -0.757
573.137 -0.758
573.284 -0.759
573.43 -0.76
573.578 -0.761
573.725 -0.762
573.874 -0.763
574.022 -0.764
574.172 -0.765
574.321 -0.766
574.471 -0.767
574.622 -0.768
574.773 -0.769
574.925 -0.77
575.077 -0.771
575.23 -0.772
575.383 -0.773
575.537 -0.774
575.691 -0.775
575.846 -0.776
576.001 -0.777
576.157 -0.778
576.313 -0.779
576.47 -0.78
576.627 -0.781
576.784 -0.782
576.943 -0.783
577.101 -0.784
577.26 -0.785
577.42 -0.786
577.58 -0.787
577.741 -0.788
577.902 -0.789
578.063 -0.79
578.225 -0.791
578.388 -0.792
578.551 -0.793
578.715 -0.794
578.879 -0.795
579.044 -0.796
579.21 -0.797
579.376 -0.798
579.543 -0.799
579.711 -0.8
579.88 -0.801
580.049 -0.802
580.219 -0.803
580.39 -0.804
580.561 -0.805
580.733 -0.806
580.905 -0.807
581.078 -0.808
581.252 -0.809
581.425 -0.81
581.6 -0.811
581.775 -0.812
581.95 -0.813
582.127 -0.814
582.304 -0.815
582.482 -0.816
582.661 -0.817
582.841 -0.818
583.021 -0.819
583.202 -0.82
583.384 -0.821
583.566 -0.822
583.749 -0.823
583.933 -0.824
584.117 -0.825
584.301 -0.826
584.486 -0.827
584.672 -0.828
584.858 -0.829
585.045 -0.83
585.232 -0.831
585.42 -0.832
585.608 -0.833
585.797 -0.834
585.987 -0.835
586.177 -0.836
586.367 -0.837
586.559 -0.838
586.75 -0.839
586.943 -0.84
587.136 -0.841
587.329 -0.842
587.523 -0.843
587.718 -0.844
587.913 -0.845
588.109 -0.846
588.305 -0.847
588.502 -0.848
588.7 -0.849
588.898 -0.85
589.097 -0.851
589.296 -0.852
589.496 -0.853
589.697 -0.854
589.898 -0.855
590.099 -0.856
590.301 -0.857
590.504 -0.858
590.708 -0.859
590.912 -0.86
591.116 -0.861
591.322 -0.862
591.528 -0.863
591.734 -0.864
591.941 -0.865
592.149 -0.866
592.357 -0.867
592.566 -0.868
592.775 -0.869
592.985 -0.87
593.196 -0.871
593.407 -0.872
593.619 -0.873
593.831 -0.874
594.044 -0.875
594.258 -0.876
594.472 -0.877
594.687 -0.878
594.903 -0.879
595.119 -0.88
595.336 -0.881
595.553 -0.882
595.771 -0.883
595.989 -0.884
596.208 -0.885
596.428 -0.886
596.647 -0.887
596.868 -0.888
597.089 -0.889
597.311 -0.89
597.532 -0.891
597.754 -0.892
597.977 -0.893
598.2 -0.894
598.423 -0.895
598.647 -0.896
598.871 -0.897
599.095 -0.898
599.319 -0.899
599.543 -0.9
599.768 -0.901
599.992 -0.902
600.216 -0.903
600.44 -0.904
600.663 -0.905
600.885 -0.906
601.107 -0.907
601.33 -0.908
601.553 -0.909
601.777 -0.91
602.001 -0.911
602.226 -0.912
602.452 -0.913
602.678 -0.914
602.904 -0.915
603.132 -0.916
603.36 -0.917
603.588 -0.918
603.817 -0.919
604.047 -0.92
604.278 -0.921
604.508 -0.922
604.74 -0.923
604.972 -0.924
605.205 -0.925
605.438 -0.926
605.672 -0.927
605.907 -0.928
606.142 -0.929
606.377 -0.93
606.614 -0.931
606.85 -0.932
607.088 -0.933
607.326 -0.934
607.564 -0.935
607.803 -0.936
608.043 -0.937
608.283 -0.938
608.524 -0.939
608.765 -0.94
609.007 -0.941
609.25 -0.942
609.493 -0.943
609.737 -0.944
609.982 -0.945
610.227 -0.946
610.474 -0.947
610.721 -0.948
610.969 -0.949
611.219 -0.95
611.468 -0.951
611.719 -0.952
611.971 -0.953
612.223 -0.954
612.476 -0.955
612.73 -0.956
612.985 -0.957
613.24 -0.958
613.497 -0.959
613.754 -0.96
614.011 -0.961
614.27 -0.962
614.529 -0.963
614.789 -0.964
615.05 -0.965
615.311 -0.966
615.574 -0.967
615.836 -0.968
616.1 -0.969
616.365 -0.97
616.63 -0.971
616.896 -0.972
617.163 -0.973
617.43 -0.974
617.698 -0.975
617.967 -0.976
618.237 -0.977
618.507 -0.978
618.778 -0.979
619.05 -0.98
619.322 -0.981
619.595 -0.982
619.869 -0.983
620.143 -0.984
620.417 -0.985
620.692 -0.986
620.967 -0.987
621.243 -0.988
621.519 -0.989
621.795 -0.99
622.072 -0.991
622.349 -0.992
622.625 -0.993
622.902 -0.994
623.177 -0.995
623.453 -0.996
623.726 -0.997
623.999 -0.998
624.27 -0.999
624.541 -1
624.81 -1.001
625.077 -1.002
625.343 -1.003
625.608 -1.004
625.874 -1.005
626.138 -1.006
626.402 -1.007
626.666 -1.008
626.93 -1.009
627.194 -1.01
627.459 -1.011
627.724 -1.012
627.989 -1.013
628.254 -1.014
628.52 -1.015
628.785 -1.016
629.051 -1.017
629.316 -1.018
629.582 -1.019
629.848 -1.02
630.114 -1.021
630.379 -1.022
630.645 -1.023
630.911 -1.024
631.176 -1.025
631.441 -1.026
631.706 -1.027
631.971 -1.028
632.236 -1.029
632.502 -1.03
632.768 -1.031
633.035 -1.032
633.303 -1.033
633.572 -1.034
633.842 -1.035
634.113 -1.036
634.385 -1.037
634.658 -1.038
634.932 -1.039
635.208 -1.04
635.485 -1.041
635.765 -1.042
636.045 -1.043
636.327 -1.044
636.612 -1.045
636.897 -1.046
637.184 -1.047
637.473 -1.048
637.763 -1.049
638.054 -1.05
638.345 -1.051
638.637 -1.052
638.93 -1.053
639.224 -1.054
639.519 -1.055
639.814 -1.056
640.111 -1.057
640.408 -1.058
640.705 -1.059
641.004 -1.06
641.304 -1.061
641.604 -1.062
641.905 -1.063
642.207 -1.064
642.51 -1.065
642.813 -1.066
643.139 -1.067
643.464 -1.068
643.786 -1.069
644.11 -1.07
644.437 -1.071
644.777 -1.072
645.13 -1.073
645.48 -1.074
645.831 -1.075
646.182 -1.076
646.538 -1.077
646.901 -1.078
647.266 -1.079
647.632 -1.08
647.999 -1.081
648.366 -1.082
648.733 -1.083
649.103 -1.084
649.476 -1.085
649.851 -1.086
650.229 -1.087
650.608 -1.088
650.987 -1.089
651.366 -1.09
651.746 -1.091
652.128 -1.092
652.512 -1.093
652.897 -1.094
653.283 -1.095
653.671 -1.096
654.061 -1.097
654.452 -1.098
654.843 -1.099
655.234 -1.1
655.627 -1.101
656.02 -1.102
656.416 -1.103
656.812 -1.104
657.21 -1.105
657.608 -1.106
658.007 -1.107
658.408 -1.108
658.81 -1.109
659.212 -1.11
659.615 -1.111
660.019 -1.112
660.424 -1.113
660.83 -1.114
661.237 -1.115
661.646 -1.116
662.055 -1.117
662.465 -1.118
662.875 -1.119
663.286 -1.12
663.698 -1.121
664.11 -1.122
664.523 -1.123
664.937 -1.124
665.351 -1.125
665.762 -1.126
666.167 -1.127
666.571 -1.128
666.977 -1.129
667.383 -1.13
667.787 -1.131
668.185 -1.132
668.582 -1.133
668.979 -1.134
669.377 -1.135
669.775 -1.136
670.175 -1.137
670.575 -1.138
670.977 -1.139
671.379 -1.14
671.782 -1.141
672.186 -1.142
672.591 -1.143
672.997 -1.144
673.403 -1.145
673.811 -1.146
674.219 -1.147
674.628 -1.148
675.038 -1.149
675.449 -1.15
675.861 -1.151
676.273 -1.152
676.686 -1.153
677.099 -1.154
677.513 -1.155
677.928 -1.156
678.343 -1.157
678.759 -1.158
679.175 -1.159
679.592 -1.16
680.01 -1.161
680.428 -1.162
680.847 -1.163
681.266 -1.164
681.686 -1.165
682.106 -1.166
682.528 -1.167
682.949 -1.168
683.37 -1.169
683.792 -1.17
684.215 -1.171
684.639 -1.172
685.063 -1.173
685.488 -1.174
685.912 -1.175
686.338 -1.176
686.764 -1.177
687.192 -1.178
687.619 -1.179
688.047 -1.18
688.476 -1.181
688.905 -1.182
689.335 -1.183
689.765 -1.184
690.196 -1.185
690.627 -1.186
691.06 -1.187
691.493 -1.188
691.926 -1.189
692.361 -1.19
692.797 -1.191
693.233 -1.192
693.671 -1.193
694.109 -1.194
694.549 -1.195
694.989 -1.196
695.43 -1.197
695.872 -1.198
696.315 -1.199
696.758 -1.2
