8.96957 -0.001
17.9323 -0.002
26.8881 -0.003
35.837 -0.004
44.7789 -0.005
53.7138 -0.006
62.6418 -0.007
71.5626 -0.008
80.4764 -0.009
89.383 -0.01
98.2825 -0.011
107.175 -0.012
116.06 -0.013
124.938 -0.014
133.808 -0.015
142.671 -0.016
151.527 -0.017
160.375 -0.018
169.216 -0.019
178.049 -0.02
186.875 -0.021
195.693 -0.022
204.504 -0.023
213.307 -0.024
222.102 -0.025
230.89 -0.026
239.669 -0.027
248.441 -0.028
257.205 -0.029
265.961 -0.03
274.709 -0.031
283.449 -0.032
292.181 -0.033
300.905 -0.034
309.621 -0.035
318.328 -0.036
327.027 -0.037
335.718 -0.038
344.401 -0.039
353.075 -0.04
361.741 -0.041
370.311 -0.042
378.419 -0.043
385.659 -0.044
391.504 -0.045
397.111 -0.046
402.684 -0.047
408.228 -0.048
413.747 -0.049
419.242 -0.05
424.722 -0.051
430.195 -0.052
435.68 -0.053
441.165 -0.054
446.648 -0.055
452.128 -0.056
457.611 -0.057
463.1 -0.058
468.588 -0.059
474.072 -0.06
479.551 -0.061
485.025 -0.062
490.492 -0.063
495.946 -0.064
501.314 -0.065
506.451 -0.066
511.312 -0.067
515.749 -0.068
519.391 -0.069
522.67 -0.07
525.937 -0.071
529.2 -0.072
532.455 -0.073
535.692 -0.074
538.904 -0.075
542.048 -0.076
545.114 -0.077
548.097 -0.078
550.924 -0.079
553.626 -0.08
556.147 -0.081
558.478 -0.082
560.484 -0.083
562.082 -0.084
563.502 -0.085
564.805 -0.086
566.002 -0.087
567.114 -0.088
567.994 -0.089
568.639 -0.09
569.2 -0.091
569.744 -0.092
570.272 -0.093
570.788 -0.094
571.286 -0.095
571.763 -0.096
572.225 -0.097
572.67 -0.098
573.094 -0.099
573.496 -0.1
573.885 -0.101
574.259 -0.102
574.615 -0.103
574.959 -0.104
575.287 -0.105
575.607 -0.106
575.918 -0.107
576.223 -0.108
576.521 -0.109
576.814 -0.11
577.103 -0.111
577.389 -0.112
577.671 -0.113
577.952 -0.114
578.231 -0.115
578.509 -0.116
578.787 -0.117
579.063 -0.118
579.338 -0.119
579.612 -0.12
579.885 -0.121
580.156 -0.122
580.426 -0.123
580.695 -0.124
580.962 -0.125
581.227 -0.126
581.491 -0.127
581.753 -0.128
582.012 -0.129
582.271 -0.13
582.527 -0.131
582.778 -0.132
583.028 -0.133
583.276 -0.134
583.519 -0.135
583.76 -0.136
583.999 -0.137
584.235 -0.138
584.469 -0.139
584.7 -0.14
584.928 -0.141
585.153 -0.142
585.373 -0.143
585.591 -0.144
585.806 -0.145
586.018 -0.146
586.227 -0.147
586.433 -0.148
586.637 -0.149
586.837 -0.15
587.036 -0.151
587.232 -0.152
587.422 -0.153
587.611 -0.154
587.796 -0.155
587.979 -0.156
588.16 -0.157
588.339 -0.158
588.515 -0.159
588.687 -0.16
588.856 -0.161
589.02 -0.162
589.182 -0.163
589.343 -0.164
589.501 -0.165
589.655 -0.166
589.808 -0.167
589.958 -0.168
590.107 -0.169
590.254 -0.17
590.398 -0.171
590.54 -0.172
590.681 -0.173
590.821 -0.174
590.959 -0.175
591.096 -0.176
591.231 -0.177
591.364 -0.178
591.495 -0.179
591.623 -0.18
591.751 -0.181
591.878 -0.182
592.005 -0.183
592.129 -0.184
592.253 -0.185
592.375 -0.186
592.496 -0.187
592.617 -0.188
592.737 -0.189
592.855 -0.19
592.973 -0.191
593.09 -0.192
593.206 -0.193
593.321 -0.194
593.436 -0.195
593.55 -0.196
593.662 -0.197
593.774 -0.198
593.885 -0.199
593.995 -0.2
594.105 -0.201
594.214 -0.202
594.323 -0.203
594.431 -0.204
594.538 -0.205
594.644 -0.206
594.75 -0.207
594.855 -0.208
594.96 -0.209
595.063 -0.21
595.167 -0.211
595.269 -0.212
595.372 -0.213
595.473 -0.214
595.574 -0.215
595.675 -0.216
595.775 -0.217
595.874 -0.218
595.973 -0.219
596.072 -0.22
596.17 -0.221
596.267 -0.222
596.363 -0.223
596.458 -0.224
596.553 -0.225
596.648 -0.226
596.742 -0.227
596.836 -0.228
596.929 -0.229
597.021 -0.23
597.112 -0.231
597.203 -0.232
597.294 -0.233
597.384 -0.234
597.474 -0.235
597.564 -0.236
597.653 -0.237
597.741 -0.238
597.829 -0.239
597.917 -0.24
598.004 -0.241
598.091 -0.242
598.178 -0.243
598.264 -0.244
598.35 -0.245
598.436 -0.246
598.521 -0.247
598.606 -0.248
598.69 -0.249
598.775 -0.25
598.859 -0.251
598.942 -0.252
599.024 -0.253
599.106 -0.254
599.187 -0.255
599.267 -0.256
599.348 -0.257
599.428 -0.258
599.508 -0.259
599.588 -0.26
599.668 -0.261
599.747 -0.262
599.826 -0.263
599.905 -0.264
599.984 -0.265
600.062 -0.266
600.14 -0.267
600.218 -0.268
600.296 -0.269
600.374 -0.27
600.451 -0.271
600.528 -0.272
600.606 -0.273
600.682 -0.274
600.759 -0.275
600.836 -0.276
600.912 -0.277
600.987 -0.278
601.063 -0.279
601.138 -0.28
601.213 -0.281
601.288 -0.282
601.363 -0.283
601.438 -0.284
601.512 -0.285
601.587 -0.286
601.661 -0.287
601.736 -0.288
601.81 -0.289
601.884 -0.29
601.958 -0.291
602.033 -0.292
602.107 -0.293
602.181 -0.294
602.255 -0.295
602.329 -0.296
602.402 -0.297
602.476 -0.298
602.55 -0.299
602.624 -0.3
602.697 -0.301
602.771 -0.302
602.845 -0.303
602.918 -0.304
602.991 -0.305
603.063 -0.306
603.136 -0.307
603.208 -0.308
603.281 -0.309
603.353 -0.31
603.426 -0.311
603.498 -0.312
603.57 -0.313
603.643 -0.314
603.715 -0.315
603.787 -0.316
603.86 -0.317
603.932 -0.318
604.004 -0.319
604.075 -0.32
604.147 -0.321
604.219 -0.322
604.29 -0.323
604.362 -0.324
604.433 -0.325
604.505 -0.326
604.576 -0.327
604.648 -0.328
604.719 -0.329
604.791 -0.33
604.862 -0.331
604.934 -0.332
605.005 -0.333
605.076 -0.334
605.148 -0.335
605.219 -0.336
605.29 -0.337
605.361 -0.338
605.432 -0.339
605.502 -0.34
605.573 -0.341
605.643 -0.342
605.714 -0.343
605.784 -0.344
605.854 -0.345
605.925 -0.346
605.995 -0.347
606.065 -0.348
606.136 -0.349
606.206 -0.35
606.276 -0.351
606.347 -0.352
606.417 -0.353
606.487 -0.354
606.557 -0.355
606.627 -0.356
606.697 -0.357
606.767 -0.358
606.837 -0.359
606.906 -0.36
606.976 -0.361
607.045 -0.362
607.114 -0.363
607.184 -0.364
607.253 -0.365
607.322 -0.366
607.391 -0.367
607.461 -0.368
607.53 -0.369
607.599 -0.37
607.668 -0.371
607.737 -0.372
607.806 -0.373
607.875 -0.374
607.944 -0.375
608.013 -0.376
608.082 -0.377
608.151 -0.378
608.22 -0.379
608.289 -0.38
608.358 -0.381
608.427 -0.382
608.496 -0.383
608.564 -0.384
608.632 -0.385
608.701 -0.386
608.769 -0.387
608.837 -0.388
608.905 -0.389
608.973 -0.39
609.041 -0.391
609.109 -0.392
609.177 -0.393
609.245 -0.394
609.313 -0.395
609.381 -0.396
609.449 -0.397
609.517 -0.398
609.585 -0.399
609.653 -0.4
609.721 -0.401
609.789 -0.402
609.856 -0.403
609.924 -0.404
609.992 -0.405
610.06 -0.406
610.127 -0.407
610.195 -0.408
610.263 -0.409
610.331 -0.41
610.398 -0.411
610.466 -0.412
610.534 -0.413
610.601 -0.414
610.669 -0.415
610.736 -0.416
610.804 -0.417
610.871 -0.418
610.939 -0.419
611.006 -0.42
611.074 -0.421
611.141 -0.422
611.209 -0.423
611.276 -0.424
611.343 -0.425
611.411 -0.426
611.478 -0.427
611.545 -0.428
611.613 -0.429
611.68 -0.43
611.747 -0.431
611.814 -0.432
611.882 -0.433
611.949 -0.434
612.016 -0.435
612.083 -0.436
612.15 -0.437
612.217 -0.438
612.284 -0.439
612.351 -0.44
612.419 -0.441
612.486 -0.442
612.553 -0.443
612.62 -0.444
612.687 -0.445
612.754 -0.446
612.821 -0.447
612.888 -0.448
612.955 -0.449
613.021 -0.45
613.088 -0.451
613.155 -0.452
613.222 -0.453
613.289 -0.454
613.356 -0.455
613.423 -0.456
613.489 -0.457
613.556 -0.458
613.623 -0.459
613.69 -0.46
613.756 -0.461
613.822 -0.462
613.888 -0.463
613.954 -0.464
614.02 -0.465
614.085 -0.466
614.151 -0.467
614.217 -0.468
614.283 -0.469
614.349 -0.47
614.415 -0.471
614.48 -0.472
614.546 -0.473
614.612 -0.474
614.678 -0.475
614.743 -0.476
614.809 -0.477
614.875 -0.478
614.94 -0.479
615.006 -0.48
615.072 -0.481
615.137 -0.482
615.203 -0.483
615.269 -0.484
615.334 -0.485
615.4 -0.486
615.465 -0.487
615.531 -0.488
615.596 -0.489
615.662 -0.49
615.727 -0.491
615.793 -0.492
615.859 -0.493
615.924 -0.494
615.99 -0.495
616.055 -0.496
616.12 -0.497
616.186 -0.498
616.251 -0.499
616.317 -0.5
616.382 -0.501
616.448 -0.502
616.513 -0.503
616.578 -0.504
616.644 -0.505
616.709 -0.506
616.774 -0.507
616.84 -0.508
616.905 -0.509
616.97 -0.51
617.035 -0.511
617.101 -0.512
617.166 -0.513
617.231 -0.514
617.296 -0.515
617.361 -0.516
617.426 -0.517
617.491 -0.518
617.556 -0.519
617.621 -0.52
617.687 -0.521
617.751 -0.522
617.816 -0.523
617.881 -0.524
617.946 -0.525
618.011 -0.526
618.076 -0.527
618.141 -0.528
618.206 -0.529
618.271 -0.53
618.336 -0.531
618.4 -0.532
618.465 -0.533
618.53 -0.534
618.595 -0.535
618.659 -0.536
618.724 -0.537
618.789 -0.538
618.853 -0.539
618.918 -0.54
618.982 -0.541
619.046 -0.542
619.111 -0.543
619.175 -0.544
619.239 -0.545
619.304 -0.546
619.368 -0.547
619.432 -0.548
619.496 -0.549
619.56 -0.55
619.624 -0.551
619.688 -0.552
619.752 -0.553
619.815 -0.554
619.879 -0.555
619.943 -0.556
620.006 -0.557
620.07 -0.558
620.133 -0.559
620.196 -0.56
620.259 -0.561
620.323 -0.562
620.386 -0.563
620.449 -0.564
620.511 -0.565
620.574 -0.566
620.637 -0.567
620.699 -0.568
620.761 -0.569
620.823 -0.57
620.885 -0.571
620.947 -0.572
621.008 -0.573
621.07 -0.574
621.13 -0.575
621.191 -0.576
621.251 -0.577
621.311 -0.578
621.37 -0.579
621.429 -0.58
621.487 -0.581
621.545 -0.582
621.602 -0.583
621.659 -0.584
621.714 -0.585
621.768 -0.586
621.821 -0.587
621.873 -0.588
621.923 -0.589
621.97 -0.59
622.012 -0.591
622.05 -0.592
622.084 -0.593
622.115 -0.594
622.142 -0.595
622.163 -0.596
622.191 -0.597
622.226 -0.598
622.257 -0.599
622.284 -0.6
622.306 -0.601
622.323 -0.602
622.334 -0.603
622.355 -0.604
622.395 -0.605
622.44 -0.606
622.482 -0.607
622.522 -0.608
622.559 -0.609
622.594 -0.61
622.625 -0.611
622.669 -0.612
622.713 -0.613
622.766 -0.614
622.817 -0.615
622.865 -0.616
622.911 -0.617
622.957 -0.618
622.999 -0.619
623.052 -0.62
623.105 -0.621
623.158 -0.622
623.21 -0.623
623.263 -0.624
623.314 -0.625
623.365 -0.626
623.417 -0.627
623.468 -0.628
623.52 -0.629
623.574 -0.63
623.629 -0.631
623.683 -0.632
623.737 -0.633
623.791 -0.634
623.845 -0.635
623.899 -0.636
623.954 -0.637
624.008 -0.638
624.062 -0.639
624.116 -0.64
624.17 -0.641
624.226 -0.642
624.282 -0.643
624.337 -0.644
624.394 -0.645
624.451 -0.646
624.508 -0.647
624.565 -0.648
624.622 -0.649
624.679 -0.65
624.736 -0.651
624.793 -0.652
624.85 -0.653
624.906 -0.654
624.963 -0.655
625.02 -0.656
625.077 -0.657
625.133 -0.658
625.19 -0.659
625.247 -0.66
625.304 -0.661
625.361 -0.662
625.419 -0.663
625.476 -0.664
625.534 -0.665
625.593 -0.666
625.651 -0.667
625.709 -0.668
625.768 -0.669
625.826 -0.67
625.884 -0.671
625.942 -0.672
626 -0.673
626.058 -0.674
626.116 -0.675
626.174 -0.676
626.232 -0.677
626.29 -0.678
626.348 -0.679
626.406 -0.68
626.464 -0.681
626.522 -0.682
626.579 -0.683
626.637 -0.684
626.695 -0.685
626.753 -0.686
626.811 -0.687
626.869 -0.688
626.926 -0.689
626.984 -0.69
627.042 -0.691
627.1 -0.692
627.158 -0.693
627.216 -0.694
627.274 -0.695
627.332 -0.696
627.39 -0.697
627.449 -0.698
627.507 -0.699
627.565 -0.7
627.624 -0.701
627.682 -0.702
627.74 -0.703
627.798 -0.704
627.857 -0.705
627.915 -0.706
627.973 -0.707
628.031 -0.708
628.09 -0.709
628.148 -0.71
628.206 -0.711
628.264 -0.712
628.322 -0.713
628.38 -0.714
628.438 -0.715
628.496 -0.716
628.554 -0.717
628.611 -0.718
628.669 -0.719
628.726 -0.72
628.784 -0.721
628.841 -0.722
628.898 -0.723
628.955 -0.724
629.013 -0.725
629.07 -0.726
629.128 -0.727
629.186 -0.728
629.243 -0.729
629.301 -0.73
629.36 -0.731
629.418 -0.732
629.476 -0.733
629.534 -0.734
629.592 -0.735
629.65 -0.736
629.707 -0.737
629.765 -0.738
629.823 -0.739
629.881 -0.74
629.939 -0.741
629.996 -0.742
630.054 -0.743
630.112 -0.744
630.169 -0.745
630.227 -0.746
630.285 -0.747
630.342 -0.748
630.4 -0.749
630.457 -0.75
630.514 -0.751
630.572 -0.752
630.629 -0.753
630.686 -0.754
630.744 -0.755
630.802 -0.756
630.86 -0.757
630.918 -0.758
630.976 -0.759
631.034 -0.76
631.093 -0.761
631.151 -0.762
631.209 -0.763
631.267 -0.764
631.325 -0.765
631.383 -0.766
631.441 -0.767
631.499 -0.768
631.557 -0.769
631.615 -0.77
631.673 -0.771
631.731 -0.772
631.789 -0.773
631.846 -0.774
631.904 -0.775
631.962 -0.776
632.019 -0.777
632.078 -0.778
632.136 -0.779
632.195 -0.78
632.254 -0.781
632.313 -0.782
632.371 -0.783
632.43 -0.784
632.489 -0.785
632.548 -0.786
632.607 -0.787
632.666 -0.788
632.725 -0.789
632.784 -0.79
632.842 -0.791
632.901 -0.792
632.96 -0.793
633.019 -0.794
633.077 -0.795
633.136 -0.796
633.195 -0.797
633.255 -0.798
633.315 -0.799
633.375 -0.8
633.435 -0.801
633.495 -0.802
633.555 -0.803
633.615 -0.804
633.675 -0.805
633.735 -0.806
633.795 -0.807
633.855 -0.808
633.915 -0.809
633.975 -0.81
634.035 -0.811
634.095 -0.812
634.155 -0.813
634.215 -0.814
634.276 -0.815
634.337 -0.816
634.398 -0.817
634.459 -0.818
634.52 -0.819
634.581 -0.82
634.642 -0.821
634.704 -0.822
634.765 -0.823
634.826 -0.824
634.888 -0.825
634.949 -0.826
635.011 -0.827
635.072 -0.828
635.133 -0.829
635.195 -0.83
635.256 -0.831
635.318 -0.832
635.379 -0.833
635.44 -0.834
635.502 -0.835
635.563 -0.836
635.625 -0.837
635.687 -0.838
635.748 -0.839
635.81 -0.84
635.871 -0.841
635.933 -0.842
635.995 -0.843
636.057 -0.844
636.118 -0.845
636.18 -0.846
636.242 -0.847
636.304 -0.848
636.366 -0.849
636.427 -0.85
636.489 -0.851
636.551 -0.852
636.613 -0.853
636.675 -0.854
636.737 -0.855
636.799 -0.856
636.861 -0.857
636.924 -0.858
636.986 -0.859
637.049 -0.86
637.112 -0.861
637.175 -0.862
637.238 -0.863
637.301 -0.864
637.364 -0.865
637.428 -0.866
637.492 -0.867
637.556 -0.868
637.62 -0.869
637.684 -0.87
637.749 -0.871
637.813 -0.872
637.878 -0.873
637.943 -0.874
638.008 -0.875
638.074 -0.876
638.139 -0.877
638.204 -0.878
638.27 -0.879
638.335 -0.88
638.401 -0.881
638.467 -0.882
638.532 -0.883
638.598 -0.884
638.664 -0.885
638.729 -0.886
638.795 -0.887
638.861 -0.888
638.926 -0.889
638.992 -0.89
639.058 -0.891
639.124 -0.892
639.19 -0.893
639.256 -0.894
639.322 -0.895
639.387 -0.896
639.453 -0.897
639.519 -0.898
639.585 -0.899
639.651 -0.9
639.717 -0.901
639.783 -0.902
639.849 -0.903
639.915 -0.904
639.981 -0.905
640.047 -0.906
640.113 -0.907
640.179 -0.908
640.245 -0.909
640.311 -0.91
640.377 -0.911
640.443 -0.912
640.509 -0.913
640.575 -0.914
640.641 -0.915
640.708 -0.916
640.774 -0.917
640.84 -0.918
640.906 -0.919
640.973 -0.92
641.039 -0.921
641.105 -0.922
641.172 -0.923
641.238 -0.924
641.304 -0.925
641.371 -0.926
641.437 -0.927
641.504 -0.928
641.571 -0.929
641.637 -0.93
641.704 -0.931
641.77 -0.932
641.837 -0.933
641.904 -0.934
641.97 -0.935
642.037 -0.936
642.104 -0.937
642.171 -0.938
642.237 -0.939
642.304 -0.94
642.371 -0.941
642.438 -0.942
642.505 -0.943
642.572 -0.944
642.639 -0.945
642.706 -0.946
642.773 -0.947
642.84 -0.948
642.907 -0.949
642.975 -0.95
643.042 -0.951
643.109 -0.952
643.176 -0.953
643.243 -0.954
643.311 -0.955
643.378 -0.956
643.445 -0.957
643.513 -0.958
643.58 -0.959
643.647 -0.96
643.715 -0.961
643.782 -0.962
643.85 -0.963
643.917 -0.964
643.985 -0.965
644.052 -0.966
644.12 -0.967
644.187 -0.968
644.255 -0.969
644.322 -0.97
644.39 -0.971
644.458 -0.972
644.525 -0.973
644.593 -0.974
644.661 -0.975
644.729 -0.976
644.796 -0.977
644.864 -0.978
644.932 -0.979
645 -0.98
645.067 -0.981
645.135 -0.982
645.203 -0.983
645.271 -0.984
645.339 -0.985
645.406 -0.986
645.474 -0.987
645.542 -0.988
645.61 -0.989
645.679 -0.99
645.751 -0.991
645.824 -0.992
645.897 -0.993
645.969 -0.994
646.042 -0.995
646.115 -0.996
646.188 -0.997
646.26 -0.998
646.333 -0.999
646.406 -1
646.479 -1.001
646.552 -1.002
646.625 -1.003
646.698 -1.004
646.771 -1.005
646.844 -1.006
646.917 -1.007
646.99 -1.008
647.064 -1.009
647.137 -1.01
647.21 -1.011
647.283 -1.012
647.357 -1.013
647.43 -1.014
647.503 -1.015
647.577 -1.016
647.65 -1.017
647.724 -1.018
647.797 -1.019
647.871 -1.02
647.944 -1.021
648.018 -1.022
648.092 -1.023
648.165 -1.024
648.239 -1.025
648.313 -1.026
648.386 -1.027
648.46 -1.028
648.534 -1.029
648.608 -1.03
648.682 -1.031
648.756 -1.032
648.83 -1.033
648.904 -1.034
648.977 -1.035
649.051 -1.036
649.125 -1.037
649.2 -1.038
649.274 -1.039
649.348 -1.04
649.422 -1.041
649.496 -1.042
649.57 -1.043
649.644 -1.044
649.718 -1.045
649.792 -1.046
649.866 -1.047
649.941 -1.048
650.015 -1.049
650.089 -1.05
650.163 -1.051
650.237 -1.052
650.311 -1.053
650.385 -1.054
650.459 -1.055
650.533 -1.056
650.608 -1.057
650.682 -1.058
650.755 -1.059
650.829 -1.06
650.903 -1.061
650.977 -1.062
651.051 -1.063
651.124 -1.064
651.198 -1.065
651.272 -1.066
651.345 -1.067
651.418 -1.068
651.491 -1.069
651.564 -1.07
651.637 -1.071
651.71 -1.072
651.782 -1.073
651.854 -1.074
651.925 -1.075
651.996 -1.076
652.067 -1.077
652.137 -1.078
652.205 -1.079
652.272 -1.08
652.337 -1.081
652.395 -1.082
652.445 -1.083
652.483 -1.084
652.51 -1.085
652.522 -1.086
652.523 -1.087
652.508 -1.088
652.484 -1.089
652.447 -1.09
652.403 -1.091
652.351 -1.092
652.298 -1.093
652.244 -1.094
652.189 -1.095
652.133 -1.096
652.076 -1.097
652.018 -1.098
651.958 -1.099
651.897 -1.1
651.836 -1.101
651.772 -1.102
651.708 -1.103
651.642 -1.104
651.575 -1.105
651.506 -1.106
651.435 -1.107
651.363 -1.108
651.289 -1.109
651.217 -1.11
651.148 -1.111
651.084 -1.112
651.02 -1.113
650.961 -1.114
650.904 -1.115
650.848 -1.116
650.797 -1.117
650.745 -1.118
650.697 -1.119
650.647 -1.12
650.594 -1.121
650.539 -1.122
650.48 -1.123
650.452 -1.124
650.486 -1.125
650.52 -1.126
650.574 -1.127
650.661 -1.128
650.749 -1.129
650.836 -1.13
650.941 -1.131
651.063 -1.132
651.185 -1.133
651.307 -1.134
651.431 -1.135
651.569 -1.136
651.712 -1.137
651.853 -1.138
651.994 -1.139
652.134 -1.14
652.279 -1.141
652.434 -1.142
652.592 -1.143
652.747 -1.144
652.901 -1.145
653.057 -1.146
653.213 -1.147
653.369 -1.148
653.515 -1.149
653.644 -1.15
653.758 -1.151
653.872 -1.152
653.985 -1.153
654.099 -1.154
654.213 -1.155
654.328 -1.156
654.442 -1.157
654.556 -1.158
654.671 -1.159
654.786 -1.16
654.901 -1.161
655.015 -1.162
655.13 -1.163
655.245 -1.164
655.359 -1.165
655.474 -1.166
655.588 -1.167
655.702 -1.168
655.815 -1.169
655.929 -1.17
656.043 -1.171
656.156 -1.172
656.27 -1.173
656.383 -1.174
656.496 -1.175
656.609 -1.176
656.722 -1.177
656.834 -1.178
656.945 -1.179
657.056 -1.18
657.167 -1.181
657.277 -1.182
657.387 -1.183
657.497 -1.184
657.607 -1.185
657.719 -1.186
657.831 -1.187
657.942 -1.188
658.053 -1.189
658.164 -1.19
658.276 -1.191
658.388 -1.192
658.499 -1.193
658.61 -1.194
658.72 -1.195
658.829 -1.196
658.94 -1.197
659.051 -1.198
659.161 -1.199
659.272 -1.2
659.382 -1.201
659.498 -1.202
659.618 -1.203
659.738 -1.204
659.859 -1.205
659.979 -1.206
660.099 -1.207
660.196 -1.208
660.283 -1.209
660.37 -1.21
660.457 -1.211
660.544 -1.212
660.631 -1.213
660.719 -1.214
660.807 -1.215
660.894 -1.216
660.982 -1.217
661.07 -1.218
661.158 -1.219
661.246 -1.22
661.334 -1.221
661.423 -1.222
661.511 -1.223
661.599 -1.224
661.688 -1.225
661.776 -1.226
661.865 -1.227
661.954 -1.228
662.043 -1.229
662.132 -1.23
662.221 -1.231
662.31 -1.232
662.399 -1.233
662.489 -1.234
662.578 -1.235
662.668 -1.236
662.757 -1.237
662.847 -1.238
662.937 -1.239
663.027 -1.24
663.117 -1.241
663.207 -1.242
663.297 -1.243
663.387 -1.244
663.477 -1.245
663.567 -1.246
663.657 -1.247
663.748 -1.248
663.839 -1.249
663.929 -1.25
664.02 -1.251
664.111 -1.252
664.202 -1.253
664.294 -1.254
664.385 -1.255
664.476 -1.256
664.568 -1.257
664.659 -1.258
664.751 -1.259
664.843 -1.26
664.935 -1.261
665.026 -1.262
665.118 -1.263
665.21 -1.264
665.302 -1.265
665.395 -1.266
665.487 -1.267
665.579 -1.268
665.672 -1.269
665.764 -1.27
665.857 -1.271
665.949 -1.272
666.042 -1.273
666.135 -1.274
666.228 -1.275
666.321 -1.276
666.414 -1.277
666.507 -1.278
666.6 -1.279
666.693 -1.28
666.786 -1.281
666.88 -1.282
666.973 -1.283
667.067 -1.284
667.161 -1.285
667.254 -1.286
667.348 -1.287
667.442 -1.288
667.536 -1.289
667.63 -1.29
667.724 -1.291
667.818 -1.292
667.913 -1.293
668.007 -1.294
668.101 -1.295
668.196 -1.296
668.29 -1.297
668.385 -1.298
668.48 -1.299
668.575 -1.3
668.67 -1.301
668.764 -1.302
668.859 -1.303
668.955 -1.304
669.05 -1.305
669.145 -1.306
669.24 -1.307
669.335 -1.308
669.431 -1.309
669.526 -1.31
669.622 -1.311
669.718 -1.312
669.813 -1.313
669.909 -1.314
670.005 -1.315
670.101 -1.316
670.197 -1.317
670.293 -1.318
670.389 -1.319
670.486 -1.32
670.582 -1.321
670.679 -1.322
670.775 -1.323
670.872 -1.324
670.968 -1.325
671.065 -1.326
671.162 -1.327
671.259 -1.328
671.356 -1.329
671.453 -1.33
671.55 -1.331
671.647 -1.332
671.745 -1.333
671.842 -1.334
671.94 -1.335
672.037 -1.336
672.135 -1.337
672.233 -1.338
672.331 -1.339
672.429 -1.34
672.527 -1.341
672.626 -1.342
672.724 -1.343
672.823 -1.344
672.921 -1.345
673.02 -1.346
673.119 -1.347
673.218 -1.348
673.317 -1.349
673.416 -1.35
673.515 -1.351
673.615 -1.352
673.714 -1.353
673.813 -1.354
673.913 -1.355
674.013 -1.356
674.112 -1.357
674.212 -1.358
674.312 -1.359
674.412 -1.36
674.512 -1.361
674.612 -1.362
674.712 -1.363
674.813 -1.364
674.913 -1.365
675.013 -1.366
675.114 -1.367
675.215 -1.368
675.315 -1.369
675.416 -1.37
675.517 -1.371
675.618 -1.372
675.719 -1.373
675.821 -1.374
675.922 -1.375
676.023 -1.376
676.125 -1.377
676.226 -1.378
676.328 -1.379
676.43 -1.38
676.531 -1.381
676.633 -1.382
676.735 -1.383
676.837 -1.384
676.939 -1.385
677.041 -1.386
677.143 -1.387
677.245 -1.388
677.347 -1.389
677.45 -1.39
677.552 -1.391
677.654 -1.392
677.757 -1.393
677.859 -1.394
677.962 -1.395
678.065 -1.396
678.168 -1.397
678.271 -1.398
678.374 -1.399
678.477 -1.4
678.58 -1.401
678.683 -1.402
678.787 -1.403
678.89 -1.404
678.993 -1.405
679.097 -1.406
679.201 -1.407
679.304 -1.408
679.408 -1.409
679.512 -1.41
679.616 -1.411
679.72 -1.412
679.824 -1.413
679.928 -1.414
680.033 -1.415
680.137 -1.416
680.241 -1.417
680.346 -1.418
680.45 -1.419
680.555 -1.42
680.659 -1.421
680.764 -1.422
680.869 -1.423
680.973 -1.424
681.078 -1.425
681.183 -1.426
681.288 -1.427
681.393 -1.428
681.498 -1.429
681.604 -1.43
681.709 -1.431
681.814 -1.432
681.92 -1.433
682.026 -1.434
682.132 -1.435
682.238 -1.436
682.344 -1.437
682.45 -1.438
682.557 -1.439
682.663 -1.44
682.769 -1.441
682.876 -1.442
682.983 -1.443
683.089 -1.444
683.196 -1.445
683.303 -1.446
683.41 -1.447
683.517 -1.448
683.625 -1.449
683.732 -1.45
683.84 -1.451
683.948 -1.452
684.055 -1.453
684.163 -1.454
684.271 -1.455
684.379 -1.456
684.487 -1.457
684.595 -1.458
684.704 -1.459
684.812 -1.46
684.921 -1.461
685.029 -1.462
685.138 -1.463
685.246 -1.464
685.355 -1.465
685.464 -1.466
685.573 -1.467
685.682 -1.468
685.791 -1.469
685.9 -1.47
686.009 -1.471
686.118 -1.472
686.227 -1.473
686.337 -1.474
686.446 -1.475
686.555 -1.476
686.665 -1.477
686.775 -1.478
686.884 -1.479
686.994 -1.48
687.104 -1.481
687.213 -1.482
687.323 -1.483
687.433 -1.484
687.543 -1.485
687.653 -1.486
687.763 -1.487
687.873 -1.488
687.983 -1.489
688.094 -1.49
688.204 -1.491
688.314 -1.492
688.425 -1.493
688.535 -1.494
688.646 -1.495
688.756 -1.496
688.867 -1.497
688.977 -1.498
689.088 -1.499
689.199 -1.5
