13.5868 -0.001
27.1525 -0.002
40.6968 -0.003
54.2195 -0.004
67.7205 -0.005
81.1994 -0.006
94.6561 -0.007
108.09 -0.008
121.502 -0.009
134.89 -0.01
148.255 -0.011
161.597 -0.012
174.915 -0.013
188.209 -0.014
201.479 -0.015
214.724 -0.016
227.944 -0.017
241.139 -0.018
254.308 -0.019
267.451 -0.02
280.569 -0.021
293.66 -0.022
306.724 -0.023
319.761 -0.024
332.77 -0.025
345.751 -0.026
358.704 -0.027
371.629 -0.028
384.524 -0.029
397.39 -0.03
410.226 -0.031
423.031 -0.032
435.806 -0.033
448.549 -0.034
461.26 -0.035
473.939 -0.036
486.585 -0.037
499.198 -0.038
511.777 -0.039
524.321 -0.04
536.83 -0.041
549.277 -0.042
561.494 -0.043
573.21 -0.044
584.35 -0.045
594.883 -0.046
604.196 -0.047
612.005 -0.048
618.989 -0.049
625.187 -0.05
629.809 -0.051
633.622 -0.052
637.284 -0.053
640.47 -0.054
643.351 -0.055
645.684 -0.056
647.927 -0.057
649.95 -0.058
651.772 -0.059
653.512 -0.06
654.877 -0.061
655.964 -0.062
656.709 -0.063
657.422 -0.064
658.105 -0.065
658.764 -0.066
659.399 -0.067
660.007 -0.068
660.586 -0.069
661.14 -0.07
661.665 -0.071
662.167 -0.072
662.644 -0.073
663.1 -0.074
663.536 -0.075
663.954 -0.076
664.362 -0.077
664.753 -0.078
665.134 -0.079
665.497 -0.08
665.851 -0.081
666.191 -0.082
666.525 -0.083
666.851 -0.084
667.169 -0.085
667.479 -0.086
667.783 -0.087
668.083 -0.088
668.378 -0.089
668.669 -0.09
668.957 -0.091
669.239 -0.092
669.515 -0.093
669.788 -0.094
670.057 -0.095
670.321 -0.096
670.583 -0.097
670.838 -0.098
671.092 -0.099
671.341 -0.1
671.584 -0.101
671.822 -0.102
672.057 -0.103
672.29 -0.104
672.518 -0.105
672.743 -0.106
672.964 -0.107
673.183 -0.108
673.396 -0.109
673.605 -0.11
673.81 -0.111
674.014 -0.112
674.215 -0.113
674.415 -0.114
674.611 -0.115
674.805 -0.116
674.999 -0.117
675.193 -0.118
675.384 -0.119
675.572 -0.12
675.759 -0.121
675.945 -0.122
676.131 -0.123
676.316 -0.124
676.496 -0.125
676.675 -0.126
676.854 -0.127
677.033 -0.128
677.211 -0.129
677.387 -0.13
677.56 -0.131
677.733 -0.132
677.905 -0.133
678.077 -0.134
678.246 -0.135
678.413 -0.136
678.579 -0.137
678.743 -0.138
678.906 -0.139
679.067 -0.14
679.227 -0.141
679.385 -0.142
679.542 -0.143
679.699 -0.144
679.856 -0.145
680.011 -0.146
680.166 -0.147
680.321 -0.148
680.475 -0.149
680.627 -0.15
680.778 -0.151
680.929 -0.152
681.078 -0.153
681.227 -0.154
681.376 -0.155
681.524 -0.156
681.672 -0.157
681.819 -0.158
681.966 -0.159
682.112 -0.16
682.257 -0.161
682.402 -0.162
682.546 -0.163
682.689 -0.164
682.831 -0.165
682.972 -0.166
683.113 -0.167
683.253 -0.168
683.392 -0.169
683.53 -0.17
683.668 -0.171
683.805 -0.172
683.943 -0.173
684.079 -0.174
684.215 -0.175
684.35 -0.176
684.485 -0.177
684.619 -0.178
684.752 -0.179
684.885 -0.18
685.018 -0.181
685.151 -0.182
685.282 -0.183
685.414 -0.184
685.544 -0.185
685.673 -0.186
685.801 -0.187
685.928 -0.188
686.055 -0.189
686.18 -0.19
686.306 -0.191
686.432 -0.192
686.557 -0.193
686.682 -0.194
686.806 -0.195
686.931 -0.196
687.055 -0.197
687.179 -0.198
687.302 -0.199
687.425 -0.2
687.548 -0.201
687.67 -0.202
687.792 -0.203
687.913 -0.204
688.034 -0.205
688.155 -0.206
688.275 -0.207
688.396 -0.208
688.516 -0.209
688.636 -0.21
688.756 -0.211
688.875 -0.212
688.995 -0.213
689.114 -0.214
689.234 -0.215
689.353 -0.216
689.472 -0.217
689.591 -0.218
689.71 -0.219
689.829 -0.22
689.947 -0.221
690.065 -0.222
690.183 -0.223
690.301 -0.224
690.418 -0.225
690.536 -0.226
690.653 -0.227
690.771 -0.228
690.888 -0.229
691.006 -0.23
691.123 -0.231
691.24 -0.232
691.357 -0.233
691.475 -0.234
691.592 -0.235
691.709 -0.236
691.826 -0.237
691.943 -0.238
692.06 -0.239
692.177 -0.24
692.293 -0.241
692.409 -0.242
692.526 -0.243
692.641 -0.244
692.757 -0.245
692.872 -0.246
692.988 -0.247
693.103 -0.248
693.218 -0.249
693.334 -0.25
693.449 -0.251
693.564 -0.252
693.68 -0.253
693.795 -0.254
693.91 -0.255
694.025 -0.256
694.14 -0.257
694.255 -0.258
694.37 -0.259
694.486 -0.26
694.601 -0.261
694.716 -0.262
694.83 -0.263
694.945 -0.264
695.06 -0.265
695.175 -0.266
695.29 -0.267
695.405 -0.268
695.52 -0.269
695.634 -0.27
695.749 -0.271
695.864 -0.272
695.979 -0.273
696.094 -0.274
696.208 -0.275
696.323 -0.276
696.438 -0.277
696.552 -0.278
696.667 -0.279
696.781 -0.28
696.896 -0.281
697.01 -0.282
697.125 -0.283
697.239 -0.284
697.353 -0.285
697.468 -0.286
697.582 -0.287
697.696 -0.288
697.81 -0.289
697.924 -0.29
698.038 -0.291
698.152 -0.292
698.266 -0.293
698.38 -0.294
698.493 -0.295
698.607 -0.296
698.721 -0.297
698.835 -0.298
698.949 -0.299
699.062 -0.3
699.176 -0.301
699.29 -0.302
699.404 -0.303
699.518 -0.304
699.631 -0.305
699.745 -0.306
699.859 -0.307
699.973 -0.308
700.086 -0.309
700.2 -0.31
700.313 -0.311
700.427 -0.312
700.541 -0.313
700.654 -0.314
700.767 -0.315
700.881 -0.316
700.994 -0.317
701.108 -0.318
701.221 -0.319
701.335 -0.32
701.448 -0.321
701.562 -0.322
701.675 -0.323
701.789 -0.324
701.902 -0.325
702.015 -0.326
702.129 -0.327
702.242 -0.328
702.355 -0.329
702.469 -0.33
702.582 -0.331
702.695 -0.332
702.809 -0.333
702.922 -0.334
703.035 -0.335
703.148 -0.336
703.262 -0.337
703.375 -0.338
703.488 -0.339
703.602 -0.34
703.715 -0.341
703.828 -0.342
703.941 -0.343
704.055 -0.344
704.168 -0.345
704.281 -0.346
704.394 -0.347
704.508 -0.348
704.621 -0.349
704.734 -0.35
704.847 -0.351
704.96 -0.352
705.073 -0.353
705.186 -0.354
705.299 -0.355
705.412 -0.356
705.525 -0.357
705.638 -0.358
705.751 -0.359
705.865 -0.36
705.978 -0.361
706.091 -0.362
706.204 -0.363
706.317 -0.364
706.43 -0.365
706.543 -0.366
706.656 -0.367
706.769 -0.368
706.882 -0.369
706.995 -0.37
707.107 -0.371
707.22 -0.372
707.333 -0.373
707.446 -0.374
707.558 -0.375
707.671 -0.376
707.784 -0.377
707.896 -0.378
708.009 -0.379
708.121 -0.38
708.234 -0.381
708.346 -0.382
708.459 -0.383
708.571 -0.384
708.684 -0.385
708.796 -0.386
708.909 -0.387
709.021 -0.388
709.134 -0.389
709.246 -0.39
709.359 -0.391
709.471 -0.392
709.583 -0.393
709.696 -0.394
709.808 -0.395
709.92 -0.396
710.033 -0.397
710.145 -0.398
710.257 -0.399
710.369 -0.4
710.482 -0.401
710.594 -0.402
710.706 -0.403
710.818 -0.404
710.93 -0.405
711.042 -0.406
711.154 -0.407
711.266 -0.408
711.378 -0.409
711.489 -0.41
711.601 -0.411
711.713 -0.412
711.825 -0.413
711.937 -0.414
712.049 -0.415
712.16 -0.416
712.272 -0.417
712.384 -0.418
712.496 -0.419
712.607 -0.42
712.719 -0.421
712.831 -0.422
712.943 -0.423
713.055 -0.424
713.166 -0.425
713.278 -0.426
713.389 -0.427
713.501 -0.428
713.612 -0.429
713.723 -0.43
713.833 -0.431
713.944 -0.432
714.054 -0.433
714.164 -0.434
714.274 -0.435
714.385 -0.436
714.495 -0.437
714.605 -0.438
714.715 -0.439
714.825 -0.44
714.935 -0.441
715.045 -0.442
715.155 -0.443
715.265 -0.444
715.375 -0.445
715.485 -0.446
715.595 -0.447
715.704 -0.448
715.814 -0.449
715.924 -0.45
716.033 -0.451
716.142 -0.452
716.251 -0.453
716.36 -0.454
716.47 -0.455
716.579 -0.456
716.688 -0.457
716.797 -0.458
716.906 -0.459
717.015 -0.46
717.124 -0.461
717.233 -0.462
717.342 -0.463
717.451 -0.464
717.56 -0.465
717.669 -0.466
717.778 -0.467
717.887 -0.468
717.996 -0.469
718.105 -0.47
718.215 -0.471
718.324 -0.472
718.434 -0.473
718.543 -0.474
718.653 -0.475
718.763 -0.476
718.872 -0.477
718.982 -0.478
719.091 -0.479
719.201 -0.48
719.311 -0.481
719.42 -0.482
719.53 -0.483
719.64 -0.484
719.749 -0.485
719.859 -0.486
719.969 -0.487
720.079 -0.488
720.189 -0.489
720.299 -0.49
720.409 -0.491
720.519 -0.492
720.629 -0.493
720.74 -0.494
720.85 -0.495
720.96 -0.496
721.071 -0.497
721.181 -0.498
721.292 -0.499
721.402 -0.5
721.512 -0.501
721.623 -0.502
721.733 -0.503
721.844 -0.504
721.954 -0.505
722.065 -0.506
722.175 -0.507
722.286 -0.508
722.396 -0.509
722.507 -0.51
722.617 -0.511
722.728 -0.512
722.839 -0.513
722.949 -0.514
723.06 -0.515
723.171 -0.516
723.282 -0.517
723.393 -0.518
723.504 -0.519
723.615 -0.52
723.726 -0.521
723.837 -0.522
723.948 -0.523
724.059 -0.524
724.17 -0.525
724.281 -0.526
724.392 -0.527
724.503 -0.528
724.614 -0.529
724.725 -0.53
724.836 -0.531
724.947 -0.532
725.058 -0.533
725.169 -0.534
725.28 -0.535
725.391 -0.536
725.502 -0.537
725.614 -0.538
725.725 -0.539
725.836 -0.54
725.947 -0.541
726.058 -0.542
726.169 -0.543
726.28 -0.544
726.392 -0.545
726.503 -0.546
726.614 -0.547
726.725 -0.548
726.836 -0.549
726.948 -0.55
727.059 -0.551
727.17 -0.552
727.282 -0.553
727.393 -0.554
727.504 -0.555
727.615 -0.556
727.726 -0.557
727.838 -0.558
727.949 -0.559
728.06 -0.56
728.171 -0.561
728.283 -0.562
728.394 -0.563
728.505 -0.564
728.617 -0.565
728.728 -0.566
728.839 -0.567
728.951 -0.568
729.062 -0.569
729.173 -0.57
729.284 -0.571
729.396 -0.572
729.507 -0.573
729.618 -0.574
729.729 -0.575
729.84 -0.576
729.951 -0.577
730.062 -0.578
730.173 -0.579
730.284 -0.58
730.395 -0.581
730.506 -0.582
730.617 -0.583
730.728 -0.584
730.839 -0.585
730.949 -0.586
731.059 -0.587
731.169 -0.588
731.279 -0.589
731.389 -0.59
731.499 -0.591
731.608 -0.592
731.712 -0.593
731.81 -0.594
731.904 -0.595
731.994 -0.596
732.08 -0.597
732.161 -0.598
732.239 -0.599
732.313 -0.6
732.397 -0.601
732.494 -0.602
732.592 -0.603
732.689 -0.604
732.789 -0.605
732.901 -0.606
733.012 -0.607
733.123 -0.608
733.233 -0.609
733.352 -0.61
733.465 -0.611
733.572 -0.612
733.671 -0.613
733.766 -0.614
733.859 -0.615
733.946 -0.616
734.022 -0.617
734.094 -0.618
734.163 -0.619
734.247 -0.62
734.343 -0.621
734.438 -0.622
734.534 -0.623
734.639 -0.624
734.75 -0.625
734.861 -0.626
734.972 -0.627
735.086 -0.628
735.209 -0.629
735.333 -0.63
735.453 -0.631
735.571 -0.632
735.696 -0.633
735.819 -0.634
735.939 -0.635
736.057 -0.636
736.172 -0.637
736.282 -0.638
736.393 -0.639
736.504 -0.64
736.614 -0.641
736.725 -0.642
736.836 -0.643
736.947 -0.644
737.058 -0.645
737.169 -0.646
737.28 -0.647
737.391 -0.648
737.502 -0.649
737.613 -0.65
737.724 -0.651
737.835 -0.652
737.946 -0.653
738.057 -0.654
738.168 -0.655
738.279 -0.656
738.39 -0.657
738.502 -0.658
738.613 -0.659
738.724 -0.66
738.836 -0.661
738.947 -0.662
739.058 -0.663
739.169 -0.664
739.281 -0.665
739.392 -0.666
739.503 -0.667
739.614 -0.668
739.725 -0.669
739.836 -0.67
739.947 -0.671
740.058 -0.672
740.169 -0.673
740.28 -0.674
740.391 -0.675
740.501 -0.676
740.612 -0.677
740.722 -0.678
740.832 -0.679
740.942 -0.68
741.051 -0.681
741.16 -0.682
741.268 -0.683
741.376 -0.684
741.484 -0.685
741.588 -0.686
741.686 -0.687
741.78 -0.688
741.868 -0.689
741.95 -0.69
742.028 -0.691
742.101 -0.692
742.186 -0.693
742.289 -0.694
742.39 -0.695
742.489 -0.696
742.592 -0.697
742.696 -0.698
742.794 -0.699
742.888 -0.7
742.979 -0.701
743.066 -0.702
743.141 -0.703
743.237 -0.704
743.342 -0.705
743.448 -0.706
743.555 -0.707
743.677 -0.708
743.8 -0.709
743.922 -0.71
744.045 -0.711
744.176 -0.712
744.301 -0.713
744.419 -0.714
744.531 -0.715
744.643 -0.716
744.755 -0.717
744.867 -0.718
744.98 -0.719
745.092 -0.72
745.204 -0.721
745.317 -0.722
745.43 -0.723
745.543 -0.724
745.656 -0.725
745.769 -0.726
745.882 -0.727
745.995 -0.728
746.109 -0.729
746.222 -0.73
746.335 -0.731
746.448 -0.732
746.562 -0.733
746.675 -0.734
746.789 -0.735
746.903 -0.736
747.016 -0.737
747.13 -0.738
747.244 -0.739
747.359 -0.74
747.473 -0.741
747.587 -0.742
747.702 -0.743
747.816 -0.744
747.931 -0.745
748.046 -0.746
748.16 -0.747
748.275 -0.748
748.39 -0.749
748.505 -0.75
748.62 -0.751
748.734 -0.752
748.849 -0.753
748.965 -0.754
749.08 -0.755
749.195 -0.756
749.31 -0.757
749.426 -0.758
749.541 -0.759
749.657 -0.76
749.773 -0.761
749.889 -0.762
750.004 -0.763
750.12 -0.764
750.236 -0.765
750.352 -0.766
750.468 -0.767
750.584 -0.768
750.7 -0.769
750.816 -0.77
750.933 -0.771
751.049 -0.772
751.165 -0.773
751.281 -0.774
751.397 -0.775
751.514 -0.776
751.63 -0.777
751.746 -0.778
751.862 -0.779
751.979 -0.78
752.095 -0.781
752.211 -0.782
752.328 -0.783
752.444 -0.784
752.561 -0.785
752.677 -0.786
752.794 -0.787
752.91 -0.788
753.027 -0.789
753.143 -0.79
753.26 -0.791
753.377 -0.792
753.494 -0.793
753.61 -0.794
753.727 -0.795
753.844 -0.796
753.961 -0.797
754.078 -0.798
754.195 -0.799
754.312 -0.8
754.43 -0.801
754.547 -0.802
754.664 -0.803
754.781 -0.804
754.898 -0.805
755.016 -0.806
755.134 -0.807
755.251 -0.808
755.369 -0.809
755.487 -0.81
755.605 -0.811
755.723 -0.812
755.841 -0.813
755.96 -0.814
756.078 -0.815
756.197 -0.816
756.315 -0.817
756.434 -0.818
756.552 -0.819
756.671 -0.82
756.79 -0.821
756.908 -0.822
757.027 -0.823
757.146 -0.824
757.265 -0.825
757.384 -0.826
757.503 -0.827
757.622 -0.828
757.741 -0.829
757.86 -0.83
757.979 -0.831
758.098 -0.832
758.217 -0.833
758.336 -0.834
758.456 -0.835
758.575 -0.836
758.694 -0.837
758.813 -0.838
758.933 -0.839
759.052 -0.84
759.172 -0.841
759.291 -0.842
759.411 -0.843
759.53 -0.844
759.65 -0.845
759.769 -0.846
759.889 -0.847
760.008 -0.848
760.128 -0.849
760.248 -0.85
760.368 -0.851
760.487 -0.852
760.607 -0.853
760.727 -0.854
760.847 -0.855
760.967 -0.856
761.087 -0.857
761.207 -0.858
761.327 -0.859
761.447 -0.86
761.567 -0.861
761.687 -0.862
761.807 -0.863
761.928 -0.864
762.048 -0.865
762.168 -0.866
762.288 -0.867
762.409 -0.868
762.529 -0.869
762.65 -0.87
762.771 -0.871
762.891 -0.872
763.012 -0.873
763.132 -0.874
763.253 -0.875
763.374 -0.876
763.494 -0.877
763.615 -0.878
763.736 -0.879
763.857 -0.88
763.978 -0.881
764.099 -0.882
764.22 -0.883
764.341 -0.884
764.462 -0.885
764.583 -0.886
764.704 -0.887
764.825 -0.888
764.946 -0.889
765.067 -0.89
765.188 -0.891
765.309 -0.892
765.43 -0.893
765.551 -0.894
765.672 -0.895
765.794 -0.896
765.915 -0.897
766.036 -0.898
766.157 -0.899
766.278 -0.9
766.399 -0.901
766.52 -0.902
766.641 -0.903
766.762 -0.904
766.883 -0.905
767.004 -0.906
767.125 -0.907
767.245 -0.908
767.366 -0.909
767.487 -0.91
767.608 -0.911
767.729 -0.912
767.849 -0.913
767.97 -0.914
768.091 -0.915
768.211 -0.916
768.331 -0.917
768.452 -0.918
768.572 -0.919
768.692 -0.92
768.812 -0.921
768.932 -0.922
769.052 -0.923
769.171 -0.924
769.291 -0.925
769.41 -0.926
769.529 -0.927
769.648 -0.928
769.766 -0.929
769.882 -0.93
769.991 -0.931
770.085 -0.932
770.174 -0.933
770.257 -0.934
770.329 -0.935
770.389 -0.936
770.449 -0.937
770.509 -0.938
770.569 -0.939
770.629 -0.94
770.688 -0.941
770.748 -0.942
770.807 -0.943
770.866 -0.944
770.925 -0.945
770.983 -0.946
771.041 -0.947
771.091 -0.948
771.131 -0.949
771.156 -0.95
771.169 -0.951
771.128 -0.952
771.069 -0.953
771.022 -0.954
770.993 -0.955
770.992 -0.956
771.009 -0.957
771.039 -0.958
771.079 -0.959
771.118 -0.96
771.157 -0.961
771.195 -0.962
771.233 -0.963
771.271 -0.964
771.31 -0.965
771.348 -0.966
771.387 -0.967
771.426 -0.968
771.464 -0.969
771.503 -0.97
771.542 -0.971
771.581 -0.972
771.621 -0.973
771.66 -0.974
771.699 -0.975
771.739 -0.976
771.778 -0.977
771.818 -0.978
771.857 -0.979
771.897 -0.98
771.937 -0.981
771.977 -0.982
772.017 -0.983
772.057 -0.984
772.097 -0.985
772.137 -0.986
772.178 -0.987
772.218 -0.988
772.258 -0.989
772.3 -0.99
772.342 -0.991
772.384 -0.992
772.424 -0.993
772.467 -0.994
772.506 -0.995
772.544 -0.996
772.586 -0.997
772.627 -0.998
772.668 -0.999
772.71 -1
772.753 -1.001
772.798 -1.002
772.841 -1.003
772.879 -1.004
772.917 -1.005
772.952 -1.006
772.986 -1.007
773.066 -1.008
773.185 -1.009
773.302 -1.01
773.417 -1.011
773.527 -1.012
773.642 -1.013
773.79 -1.014
773.935 -1.015
774.074 -1.016
774.205 -1.017
774.333 -1.018
774.462 -1.019
774.615 -1.02
774.774 -1.021
774.942 -1.022
775.109 -1.023
775.286 -1.024
775.463 -1.025
775.652 -1.026
775.858 -1.027
776.067 -1.028
776.282 -1.029
776.497 -1.03
776.713 -1.031
776.933 -1.032
777.154 -1.033
777.381 -1.034
777.606 -1.035
777.83 -1.036
778.056 -1.037
778.281 -1.038
778.504 -1.039
778.724 -1.04
778.943 -1.041
779.157 -1.042
779.365 -1.043
779.575 -1.044
779.778 -1.045
779.963 -1.046
780.145 -1.047
780.321 -1.048
780.481 -1.049
780.637 -1.05
780.79 -1.051
780.933 -1.052
781.072 -1.053
781.208 -1.054
781.342 -1.055
781.472 -1.056
781.599 -1.057
781.723 -1.058
781.85 -1.059
782.033 -1.06
782.216 -1.061
782.399 -1.062
782.581 -1.063
782.756 -1.064
782.928 -1.065
783.096 -1.066
783.256 -1.067
783.407 -1.068
783.549 -1.069
783.682 -1.07
783.812 -1.071
783.943 -1.072
784.073 -1.073
784.203 -1.074
784.333 -1.075
784.464 -1.076
784.595 -1.077
784.726 -1.078
784.858 -1.079
784.99 -1.08
785.122 -1.081
785.254 -1.082
785.386 -1.083
785.518 -1.084
785.65 -1.085
785.782 -1.086
785.914 -1.087
786.046 -1.088
786.178 -1.089
786.31 -1.09
786.442 -1.091
786.574 -1.092
786.706 -1.093
786.839 -1.094
786.971 -1.095
787.103 -1.096
787.236 -1.097
787.368 -1.098
787.501 -1.099
787.633 -1.1
787.766 -1.101
787.899 -1.102
788.032 -1.103
788.164 -1.104
788.297 -1.105
788.43 -1.106
788.563 -1.107
788.697 -1.108
788.83 -1.109
788.963 -1.11
789.096 -1.111
789.23 -1.112
789.363 -1.113
789.497 -1.114
789.631 -1.115
789.764 -1.116
789.898 -1.117
790.032 -1.118
790.166 -1.119
790.3 -1.12
790.434 -1.121
790.568 -1.122
790.702 -1.123
790.836 -1.124
790.97 -1.125
791.104 -1.126
791.238 -1.127
791.372 -1.128
791.506 -1.129
791.641 -1.13
791.775 -1.131
791.909 -1.132
792.044 -1.133
792.178 -1.134
792.313 -1.135
792.447 -1.136
792.582 -1.137
792.717 -1.138
792.853 -1.139
792.988 -1.14
793.123 -1.141
793.259 -1.142
793.394 -1.143
793.53 -1.144
793.665 -1.145
793.801 -1.146
793.937 -1.147
794.073 -1.148
794.209 -1.149
794.345 -1.15
794.481 -1.151
794.617 -1.152
794.753 -1.153
794.889 -1.154
795.025 -1.155
795.161 -1.156
795.297 -1.157
795.433 -1.158
795.569 -1.159
795.705 -1.16
795.841 -1.161
795.977 -1.162
796.113 -1.163
796.249 -1.164
796.385 -1.165
796.521 -1.166
796.657 -1.167
796.793 -1.168
796.93 -1.169
797.067 -1.17
797.204 -1.171
797.34 -1.172
797.477 -1.173
797.615 -1.174
797.752 -1.175
797.889 -1.176
798.026 -1.177
798.163 -1.178
798.301 -1.179
798.438 -1.18
798.576 -1.181
798.713 -1.182
798.851 -1.183
798.988 -1.184
799.126 -1.185
799.264 -1.186
799.402 -1.187
799.54 -1.188
799.679 -1.189
799.817 -1.19
799.955 -1.191
800.093 -1.192
800.232 -1.193
800.37 -1.194
800.507 -1.195
800.644 -1.196
800.781 -1.197
800.919 -1.198
801.056 -1.199
801.194 -1.2
801.332 -1.201
801.47 -1.202
801.607 -1.203
801.743 -1.204
801.88 -1.205
802.016 -1.206
802.154 -1.207
802.291 -1.208
802.43 -1.209
802.569 -1.21
802.708 -1.211
802.846 -1.212
802.986 -1.213
803.125 -1.214
803.264 -1.215
803.403 -1.216
803.543 -1.217
803.682 -1.218
803.822 -1.219
803.961 -1.22
804.099 -1.221
804.238 -1.222
804.376 -1.223
804.515 -1.224
804.654 -1.225
804.792 -1.226
804.931 -1.227
805.07 -1.228
805.209 -1.229
805.347 -1.23
805.486 -1.231
805.625 -1.232
805.764 -1.233
805.903 -1.234
806.042 -1.235
806.181 -1.236
806.32 -1.237
806.46 -1.238
806.6 -1.239
806.74 -1.24
806.88 -1.241
807.02 -1.242
807.16 -1.243
807.301 -1.244
807.441 -1.245
807.581 -1.246
807.722 -1.247
807.863 -1.248
808.003 -1.249
808.144 -1.25
808.285 -1.251
808.426 -1.252
808.567 -1.253
808.708 -1.254
808.849 -1.255
808.99 -1.256
809.131 -1.257
809.272 -1.258
809.414 -1.259
809.556 -1.26
809.697 -1.261
809.839 -1.262
809.982 -1.263
810.124 -1.264
810.266 -1.265
810.408 -1.266
810.551 -1.267
810.693 -1.268
810.836 -1.269
810.978 -1.27
811.12 -1.271
811.261 -1.272
811.401 -1.273
811.541 -1.274
811.68 -1.275
811.818 -1.276
811.956 -1.277
812.093 -1.278
812.23 -1.279
812.37 -1.28
812.51 -1.281
812.653 -1.282
812.796 -1.283
812.939 -1.284
813.082 -1.285
813.225 -1.286
813.368 -1.287
813.51 -1.288
813.653 -1.289
813.795 -1.29
813.938 -1.291
814.081 -1.292
814.224 -1.293
814.367 -1.294
814.51 -1.295
814.653 -1.296
814.796 -1.297
814.94 -1.298
815.083 -1.299
815.224 -1.3
