7.23743 -0.001
14.4675 -0.002
21.6901 -0.003
28.9052 -0.004
36.1128 -0.005
43.3128 -0.006
50.5052 -0.007
57.69 -0.008
64.867 -0.009
72.0362 -0.01
79.1976 -0.011
86.3511 -0.012
93.4967 -0.013
100.634 -0.014
107.764 -0.015
114.885 -0.016
121.998 -0.017
129.103 -0.018
136.2 -0.019
143.288 -0.02
150.368 -0.021
157.44 -0.022
164.503 -0.023
171.557 -0.024
178.602 -0.025
185.639 -0.026
192.667 -0.027
199.686 -0.028
206.696 -0.029
213.698 -0.03
220.69 -0.031
227.672 -0.032
234.646 -0.033
241.61 -0.034
248.565 -0.035
255.51 -0.036
262.446 -0.037
269.372 -0.038
276.288 -0.039
283.195 -0.04
290.091 -0.041
296.978 -0.042
303.848 -0.043
310.534 -0.044
316.724 -0.045
322.301 -0.046
327.853 -0.047
333.397 -0.048
338.933 -0.049
344.46 -0.05
349.977 -0.051
355.482 -0.052
360.977 -0.053
366.464 -0.054
371.944 -0.055
377.417 -0.056
382.875 -0.057
388.233 -0.058
393.314 -0.059
398.143 -0.06
402.458 -0.061
406.207 -0.062
409.093 -0.063
411.859 -0.064
414.62 -0.065
417.375 -0.066
420.125 -0.067
422.868 -0.068
425.602 -0.069
428.325 -0.07
431.034 -0.071
433.732 -0.072
436.42 -0.073
439.098 -0.074
441.76 -0.075
444.411 -0.076
447.049 -0.077
449.677 -0.078
452.294 -0.079
454.899 -0.08
457.48 -0.081
460.038 -0.082
462.576 -0.083
465.067 -0.084
467.488 -0.085
469.831 -0.086
472.163 -0.087
474.421 -0.088
476.529 -0.089
478.563 -0.09
480.592 -0.091
482.559 -0.092
484.307 -0.093
485.98 -0.094
487.458 -0.095
488.771 -0.096
490.076 -0.097
491.376 -0.098
492.672 -0.099
493.964 -0.1
495.251 -0.101
496.533 -0.102
497.809 -0.103
499.079 -0.104
500.342 -0.105
501.599 -0.106
502.846 -0.107
504.085 -0.108
505.315 -0.109
506.538 -0.11
507.753 -0.111
508.952 -0.112
510.118 -0.113
511.265 -0.114
512.366 -0.115
513.365 -0.116
514.344 -0.117
515.315 -0.118
516.213 -0.119
516.95 -0.12
517.674 -0.121
518.386 -0.122
519.087 -0.123
519.742 -0.124
520.235 -0.125
520.709 -0.126
521.173 -0.127
521.586 -0.128
521.859 -0.129
522.122 -0.13
522.377 -0.131
522.627 -0.132
522.872 -0.133
523.111 -0.134
523.343 -0.135
523.57 -0.136
523.792 -0.137
524.009 -0.138
524.221 -0.139
524.43 -0.14
524.636 -0.141
524.838 -0.142
525.036 -0.143
525.232 -0.144
525.423 -0.145
525.61 -0.146
525.795 -0.147
525.975 -0.148
526.153 -0.149
526.329 -0.15
526.502 -0.151
526.673 -0.152
526.84 -0.153
527.004 -0.154
527.165 -0.155
527.325 -0.156
527.483 -0.157
527.641 -0.158
527.797 -0.159
527.952 -0.16
528.106 -0.161
528.259 -0.162
528.41 -0.163
528.559 -0.164
528.705 -0.165
528.846 -0.166
528.983 -0.167
529.116 -0.168
529.243 -0.169
529.368 -0.17
529.492 -0.171
529.616 -0.172
529.738 -0.173
529.859 -0.174
529.98 -0.175
530.101 -0.176
530.221 -0.177
530.339 -0.178
530.456 -0.179
530.571 -0.18
530.684 -0.181
530.796 -0.182
530.906 -0.183
531.014 -0.184
531.119 -0.185
531.223 -0.186
531.326 -0.187
531.429 -0.188
531.529 -0.189
531.628 -0.19
531.723 -0.191
531.816 -0.192
531.905 -0.193
531.991 -0.194
532.075 -0.195
532.155 -0.196
532.235 -0.197
532.312 -0.198
532.389 -0.199
532.466 -0.2
532.542 -0.201
532.616 -0.202
532.688 -0.203
532.759 -0.204
532.829 -0.205
532.899 -0.206
532.967 -0.207
533.035 -0.208
533.103 -0.209
533.17 -0.21
533.238 -0.211
533.304 -0.212
533.368 -0.213
533.431 -0.214
533.494 -0.215
533.557 -0.216
533.62 -0.217
533.681 -0.218
533.742 -0.219
533.802 -0.22
533.861 -0.221
533.92 -0.222
533.978 -0.223
534.035 -0.224
534.092 -0.225
534.15 -0.226
534.207 -0.227
534.263 -0.228
534.319 -0.229
534.374 -0.23
534.43 -0.231
534.485 -0.232
534.539 -0.233
534.592 -0.234
534.646 -0.235
534.7 -0.236
534.753 -0.237
534.806 -0.238
534.86 -0.239
534.912 -0.24
534.964 -0.241
535.016 -0.242
535.068 -0.243
535.12 -0.244
535.171 -0.245
535.222 -0.246
535.273 -0.247
535.324 -0.248
535.374 -0.249
535.425 -0.25
535.475 -0.251
535.526 -0.252
535.576 -0.253
535.625 -0.254
535.674 -0.255
535.723 -0.256
535.772 -0.257
535.821 -0.258
535.87 -0.259
535.918 -0.26
535.966 -0.261
536.014 -0.262
536.061 -0.263
536.107 -0.264
536.154 -0.265
536.2 -0.266
536.245 -0.267
536.29 -0.268
536.335 -0.269
536.38 -0.27
536.424 -0.271
536.467 -0.272
536.51 -0.273
536.553 -0.274
536.596 -0.275
536.639 -0.276
536.682 -0.277
536.725 -0.278
536.767 -0.279
536.809 -0.28
536.851 -0.281
536.893 -0.282
536.935 -0.283
536.976 -0.284
537.017 -0.285
537.059 -0.286
537.1 -0.287
537.141 -0.288
537.182 -0.289
537.222 -0.29
537.263 -0.291
537.303 -0.292
537.344 -0.293
537.384 -0.294
537.424 -0.295
537.464 -0.296
537.504 -0.297
537.543 -0.298
537.583 -0.299
537.622 -0.3
537.661 -0.301
537.7 -0.302
537.738 -0.303
537.776 -0.304
537.815 -0.305
537.853 -0.306
537.89 -0.307
537.928 -0.308
537.965 -0.309
538.001 -0.31
538.036 -0.311
538.071 -0.312
538.106 -0.313
538.141 -0.314
538.176 -0.315
538.21 -0.316
538.244 -0.317
538.278 -0.318
538.312 -0.319
538.346 -0.32
538.379 -0.321
538.411 -0.322
538.443 -0.323
538.475 -0.324
538.507 -0.325
538.539 -0.326
538.57 -0.327
538.601 -0.328
538.632 -0.329
538.662 -0.33
538.693 -0.331
538.723 -0.332
538.753 -0.333
538.782 -0.334
538.811 -0.335
538.84 -0.336
538.868 -0.337
538.896 -0.338
538.923 -0.339
538.949 -0.34
538.976 -0.341
539.001 -0.342
539.026 -0.343
539.05 -0.344
539.074 -0.345
539.097 -0.346
539.12 -0.347
539.142 -0.348
539.164 -0.349
539.184 -0.35
539.205 -0.351
539.225 -0.352
539.244 -0.353
539.262 -0.354
539.278 -0.355
539.294 -0.356
539.312 -0.357
539.329 -0.358
539.344 -0.359
539.359 -0.36
539.374 -0.361
539.387 -0.362
539.399 -0.363
539.409 -0.364
539.418 -0.365
539.427 -0.366
539.438 -0.367
539.45 -0.368
539.46 -0.369
539.471 -0.37
539.48 -0.371
539.489 -0.372
539.497 -0.373
539.506 -0.374
539.517 -0.375
539.527 -0.376
539.537 -0.377
539.547 -0.378
539.555 -0.379
539.564 -0.38
539.576 -0.381
539.587 -0.382
539.598 -0.383
539.609 -0.384
539.619 -0.385
539.63 -0.386
539.642 -0.387
539.654 -0.388
539.666 -0.389
539.677 -0.39
539.687 -0.391
539.698 -0.392
539.71 -0.393
539.721 -0.394
539.732 -0.395
539.742 -0.396
539.751 -0.397
539.76 -0.398
539.767 -0.399
539.775 -0.4
539.783 -0.401
539.791 -0.402
539.8 -0.403
539.809 -0.404
539.817 -0.405
539.824 -0.406
539.83 -0.407
539.836 -0.408
539.841 -0.409
539.846 -0.41
539.849 -0.411
539.853 -0.412
539.856 -0.413
539.859 -0.414
539.865 -0.415
539.869 -0.416
539.873 -0.417
539.876 -0.418
539.878 -0.419
539.88 -0.42
539.884 -0.421
539.889 -0.422
539.894 -0.423
539.899 -0.424
539.902 -0.425
539.905 -0.426
539.907 -0.427
539.911 -0.428
539.917 -0.429
539.921 -0.43
539.925 -0.431
539.929 -0.432
539.933 -0.433
539.938 -0.434
539.945 -0.435
539.951 -0.436
539.956 -0.437
539.961 -0.438
539.966 -0.439
539.973 -0.44
539.981 -0.441
539.988 -0.442
539.995 -0.443
540.002 -0.444
540.009 -0.445
540.016 -0.446
540.025 -0.447
540.033 -0.448
540.041 -0.449
540.048 -0.45
540.056 -0.451
540.063 -0.452
540.071 -0.453
540.078 -0.454
540.084 -0.455
540.091 -0.456
540.097 -0.457
540.103 -0.458
540.108 -0.459
540.114 -0.46
540.118 -0.461
540.123 -0.462
540.127 -0.463
540.13 -0.464
540.133 -0.465
540.136 -0.466
540.139 -0.467
540.144 -0.468
540.151 -0.469
540.158 -0.47
540.167 -0.471
540.176 -0.472
540.187 -0.473
540.196 -0.474
540.206 -0.475
540.214 -0.476
540.223 -0.477
540.23 -0.478
540.237 -0.479
540.243 -0.48
540.249 -0.481
540.254 -0.482
540.258 -0.483
540.261 -0.484
540.263 -0.485
540.264 -0.486
540.264 -0.487
540.263 -0.488
540.261 -0.489
540.258 -0.49
540.253 -0.491
540.247 -0.492
540.24 -0.493
540.232 -0.494
540.223 -0.495
540.212 -0.496
540.2 -0.497
540.186 -0.498
540.172 -0.499
540.155 -0.5
540.137 -0.501
540.117 -0.502
540.095 -0.503
540.07 -0.504
540.044 -0.505
540.016 -0.506
539.985 -0.507
539.951 -0.508
539.914 -0.509
539.874 -0.51
539.831 -0.511
539.786 -0.512
539.739 -0.513
539.693 -0.514
539.652 -0.515
539.615 -0.516
539.583 -0.517
539.555 -0.518
539.535 -0.519
539.518 -0.52
539.505 -0.521
539.492 -0.522
539.481 -0.523
539.471 -0.524
539.462 -0.525
539.452 -0.526
539.444 -0.527
539.44 -0.528
539.439 -0.529
539.437 -0.53
539.437 -0.531
539.437 -0.532
539.438 -0.533
539.442 -0.534
539.448 -0.535
539.455 -0.536
539.463 -0.537
539.469 -0.538
539.476 -0.539
539.483 -0.54
539.494 -0.541
539.504 -0.542
539.515 -0.543
539.525 -0.544
539.536 -0.545
539.546 -0.546
539.559 -0.547
539.573 -0.548
539.587 -0.549
539.601 -0.55
539.615 -0.551
539.629 -0.552
539.644 -0.553
539.66 -0.554
539.677 -0.555
539.695 -0.556
539.712 -0.557
539.729 -0.558
539.745 -0.559
539.763 -0.56
539.782 -0.561
539.801 -0.562
539.82 -0.563
539.84 -0.564
539.858 -0.565
539.877 -0.566
539.895 -0.567
539.913 -0.568
539.931 -0.569
539.948 -0.57
539.965 -0.571
539.982 -0.572
539.998 -0.573
540.015 -0.574
540.031 -0.575
540.047 -0.576
540.063 -0.577
540.079 -0.578
540.095 -0.579
540.111 -0.58
540.127 -0.581
540.142 -0.582
540.158 -0.583
540.173 -0.584
540.188 -0.585
540.203 -0.586
540.218 -0.587
540.233 -0.588
540.247 -0.589
540.261 -0.59
540.276 -0.591
540.29 -0.592
540.304 -0.593
540.319 -0.594
540.334 -0.595
540.351 -0.596
540.368 -0.597
540.386 -0.598
540.404 -0.599
540.423 -0.6
540.443 -0.601
540.463 -0.602
540.485 -0.603
540.506 -0.604
540.529 -0.605
540.553 -0.606
540.577 -0.607
540.601 -0.608
540.626 -0.609
540.651 -0.61
540.676 -0.611
540.701 -0.612
540.726 -0.613
540.751 -0.614
540.776 -0.615
540.801 -0.616
540.826 -0.617
540.851 -0.618
540.875 -0.619
540.9 -0.62
540.924 -0.621
540.948 -0.622
540.972 -0.623
540.996 -0.624
541.02 -0.625
541.044 -0.626
541.069 -0.627
541.093 -0.628
541.118 -0.629
541.143 -0.63
541.168 -0.631
541.193 -0.632
541.219 -0.633
541.244 -0.634
541.27 -0.635
541.296 -0.636
541.322 -0.637
541.349 -0.638
541.375 -0.639
541.402 -0.64
541.429 -0.641
541.456 -0.642
541.483 -0.643
541.509 -0.644
541.536 -0.645
541.562 -0.646
541.588 -0.647
541.614 -0.648
541.639 -0.649
541.665 -0.65
541.69 -0.651
541.715 -0.652
541.74 -0.653
541.764 -0.654
541.789 -0.655
541.813 -0.656
541.837 -0.657
541.86 -0.658
541.883 -0.659
541.907 -0.66
541.929 -0.661
541.952 -0.662
541.974 -0.663
541.996 -0.664
542.017 -0.665
542.039 -0.666
542.06 -0.667
542.08 -0.668
542.1 -0.669
542.121 -0.67
542.143 -0.671
542.165 -0.672
542.188 -0.673
542.212 -0.674
542.236 -0.675
542.261 -0.676
542.287 -0.677
542.313 -0.678
542.338 -0.679
542.364 -0.68
542.388 -0.681
542.413 -0.682
542.436 -0.683
542.46 -0.684
542.482 -0.685
542.504 -0.686
542.526 -0.687
542.547 -0.688
542.568 -0.689
542.588 -0.69
542.607 -0.691
542.626 -0.692
542.644 -0.693
542.662 -0.694
542.679 -0.695
542.695 -0.696
542.711 -0.697
542.727 -0.698
542.742 -0.699
542.756 -0.7
542.77 -0.701
542.784 -0.702
542.797 -0.703
542.809 -0.704
542.822 -0.705
542.834 -0.706
542.846 -0.707
542.857 -0.708
542.869 -0.709
542.88 -0.71
542.89 -0.711
542.9 -0.712
542.91 -0.713
542.92 -0.714
542.929 -0.715
542.939 -0.716
542.95 -0.717
542.962 -0.718
542.974 -0.719
542.986 -0.72
543 -0.721
543.014 -0.722
543.03 -0.723
543.046 -0.724
543.064 -0.725
543.082 -0.726
543.1 -0.727
543.118 -0.728
543.137 -0.729
543.155 -0.73
543.174 -0.731
543.192 -0.732
543.21 -0.733
543.229 -0.734
543.247 -0.735
543.266 -0.736
543.285 -0.737
543.303 -0.738
543.322 -0.739
543.341 -0.74
543.36 -0.741
543.378 -0.742
543.397 -0.743
543.416 -0.744
543.438 -0.745
543.459 -0.746
543.481 -0.747
543.503 -0.748
543.525 -0.749
543.546 -0.75
543.568 -0.751
543.59 -0.752
543.612 -0.753
543.636 -0.754
543.66 -0.755
543.684 -0.756
543.708 -0.757
543.733 -0.758
543.757 -0.759
543.781 -0.76
543.806 -0.761
543.833 -0.762
543.86 -0.763
543.887 -0.764
543.913 -0.765
543.94 -0.766
543.969 -0.767
543.999 -0.768
544.029 -0.769
544.058 -0.77
544.089 -0.771
544.121 -0.772
544.154 -0.773
544.186 -0.774
544.218 -0.775
544.252 -0.776
544.286 -0.777
544.32 -0.778
544.354 -0.779
544.388 -0.78
544.423 -0.781
544.457 -0.782
544.492 -0.783
544.528 -0.784
544.565 -0.785
544.603 -0.786
544.641 -0.787
544.681 -0.788
544.721 -0.789
544.762 -0.79
544.803 -0.791
544.844 -0.792
544.886 -0.793
544.928 -0.794
544.97 -0.795
545.013 -0.796
545.056 -0.797
545.099 -0.798
545.142 -0.799
545.185 -0.8
545.228 -0.801
545.271 -0.802
545.314 -0.803
545.357 -0.804
545.4 -0.805
545.443 -0.806
545.486 -0.807
545.53 -0.808
545.573 -0.809
545.616 -0.81
545.659 -0.811
545.702 -0.812
545.745 -0.813
545.787 -0.814
545.83 -0.815
545.873 -0.816
545.916 -0.817
545.958 -0.818
546.001 -0.819
546.044 -0.82
546.087 -0.821
546.129 -0.822
546.172 -0.823
546.215 -0.824
546.257 -0.825
546.3 -0.826
546.342 -0.827
546.385 -0.828
546.427 -0.829
546.47 -0.83
546.513 -0.831
546.555 -0.832
546.598 -0.833
546.64 -0.834
546.682 -0.835
546.725 -0.836
546.767 -0.837
546.81 -0.838
546.852 -0.839
546.894 -0.84
546.936 -0.841
546.978 -0.842
547.02 -0.843
547.062 -0.844
547.104 -0.845
547.146 -0.846
547.188 -0.847
547.23 -0.848
547.272 -0.849
547.313 -0.85
547.355 -0.851
547.397 -0.852
547.438 -0.853
547.48 -0.854
547.522 -0.855
547.563 -0.856
547.604 -0.857
547.646 -0.858
547.687 -0.859
547.729 -0.86
547.77 -0.861
547.811 -0.862
547.854 -0.863
547.898 -0.864
547.941 -0.865
547.985 -0.866
548.029 -0.867
548.073 -0.868
548.118 -0.869
548.163 -0.87
548.208 -0.871
548.253 -0.872
548.299 -0.873
548.344 -0.874
548.39 -0.875
548.436 -0.876
548.483 -0.877
548.529 -0.878
548.575 -0.879
548.622 -0.88
548.669 -0.881
548.716 -0.882
548.764 -0.883
548.811 -0.884
548.858 -0.885
548.906 -0.886
548.954 -0.887
549.001 -0.888
549.049 -0.889
549.097 -0.89
549.145 -0.891
549.193 -0.892
549.241 -0.893
549.289 -0.894
549.336 -0.895
549.384 -0.896
549.431 -0.897
549.478 -0.898
549.525 -0.899
549.571 -0.9
549.616 -0.901
549.661 -0.902
549.705 -0.903
549.749 -0.904
549.791 -0.905
549.833 -0.906
549.873 -0.907
549.912 -0.908
549.948 -0.909
549.979 -0.91
550.007 -0.911
550.029 -0.912
550.044 -0.913
550.053 -0.914
550.057 -0.915
550.056 -0.916
550.048 -0.917
550.034 -0.918
550.012 -0.919
549.985 -0.92
549.952 -0.921
549.911 -0.922
549.864 -0.923
549.812 -0.924
549.755 -0.925
549.693 -0.926
549.629 -0.927
549.563 -0.928
549.498 -0.929
549.433 -0.93
549.368 -0.931
549.302 -0.932
549.236 -0.933
549.17 -0.934
549.104 -0.935
549.039 -0.936
548.975 -0.937
548.912 -0.938
548.864 -0.939
548.846 -0.94
548.85 -0.941
548.854 -0.942
548.859 -0.943
548.887 -0.944
548.932 -0.945
548.978 -0.946
549.023 -0.947
549.068 -0.948
549.126 -0.949
549.2 -0.95
549.275 -0.951
549.352 -0.952
549.43 -0.953
549.508 -0.954
549.59 -0.955
549.684 -0.956
549.779 -0.957
549.87 -0.958
549.949 -0.959
550.02 -0.96
550.091 -0.961
550.161 -0.962
550.233 -0.963
550.307 -0.964
550.383 -0.965
550.459 -0.966
550.536 -0.967
550.613 -0.968
550.689 -0.969
550.765 -0.97
550.842 -0.971
550.92 -0.972
550.998 -0.973
551.075 -0.974
551.152 -0.975
551.231 -0.976
551.312 -0.977
551.393 -0.978
551.475 -0.979
551.556 -0.98
551.637 -0.981
551.717 -0.982
551.798 -0.983
551.878 -0.984
551.959 -0.985
552.039 -0.986
552.119 -0.987
552.196 -0.988
552.273 -0.989
552.35 -0.99
552.426 -0.991
552.502 -0.992
552.577 -0.993
552.653 -0.994
552.73 -0.995
552.807 -0.996
552.884 -0.997
552.96 -0.998
553.037 -0.999
553.112 -1
553.186 -1.001
553.263 -1.002
553.343 -1.003
553.42 -1.004
553.497 -1.005
553.57 -1.006
553.64 -1.007
553.704 -1.008
553.764 -1.009
553.823 -1.01
553.881 -1.011
553.94 -1.012
553.998 -1.013
554.057 -1.014
554.116 -1.015
554.174 -1.016
554.233 -1.017
554.291 -1.018
554.35 -1.019
554.409 -1.02
554.467 -1.021
554.526 -1.022
554.585 -1.023
554.643 -1.024
554.702 -1.025
554.761 -1.026
554.819 -1.027
554.878 -1.028
554.936 -1.029
554.994 -1.03
555.051 -1.031
555.108 -1.032
555.166 -1.033
555.223 -1.034
555.28 -1.035
555.337 -1.036
555.393 -1.037
555.451 -1.038
555.51 -1.039
555.568 -1.04
555.627 -1.041
555.686 -1.042
555.744 -1.043
555.803 -1.044
555.862 -1.045
555.92 -1.046
555.979 -1.047
556.037 -1.048
556.096 -1.049
556.155 -1.05
556.214 -1.051
556.272 -1.052
556.331 -1.053
556.389 -1.054
556.448 -1.055
556.506 -1.056
556.564 -1.057
556.623 -1.058
556.681 -1.059
556.739 -1.06
556.797 -1.061
556.856 -1.062
556.914 -1.063
556.972 -1.064
557.03 -1.065
557.087 -1.066
557.144 -1.067
557.201 -1.068
557.259 -1.069
557.319 -1.07
557.38 -1.071
557.44 -1.072
557.5 -1.073
557.56 -1.074
557.62 -1.075
557.68 -1.076
557.74 -1.077
557.8 -1.078
557.86 -1.079
557.92 -1.08
557.979 -1.081
558.039 -1.082
558.099 -1.083
558.159 -1.084
558.219 -1.085
558.278 -1.086
558.337 -1.087
558.396 -1.088
558.456 -1.089
558.515 -1.09
558.575 -1.091
558.634 -1.092
558.693 -1.093
558.753 -1.094
558.815 -1.095
558.876 -1.096
558.938 -1.097
559 -1.098
559.062 -1.099
559.124 -1.1
559.186 -1.101
559.248 -1.102
559.31 -1.103
559.372 -1.104
559.434 -1.105
559.496 -1.106
559.558 -1.107
559.62 -1.108
559.682 -1.109
559.743 -1.11
559.805 -1.111
559.867 -1.112
559.928 -1.113
559.99 -1.114
560.051 -1.115
560.113 -1.116
560.174 -1.117
560.236 -1.118
560.297 -1.119
560.358 -1.12
560.42 -1.121
560.482 -1.122
560.544 -1.123
560.607 -1.124
560.669 -1.125
560.732 -1.126
560.794 -1.127
560.856 -1.128
560.918 -1.129
560.98 -1.13
561.042 -1.131
561.104 -1.132
561.166 -1.133
561.228 -1.134
561.289 -1.135
561.35 -1.136
561.411 -1.137
561.472 -1.138
561.533 -1.139
561.593 -1.14
561.653 -1.141
561.712 -1.142
561.771 -1.143
561.83 -1.144
561.888 -1.145
561.946 -1.146
562.003 -1.147
562.058 -1.148
562.111 -1.149
562.163 -1.15
562.216 -1.151
562.269 -1.152
562.321 -1.153
562.373 -1.154
562.423 -1.155
562.472 -1.156
562.52 -1.157
562.567 -1.158
562.612 -1.159
562.657 -1.16
562.701 -1.161
562.744 -1.162
562.786 -1.163
562.827 -1.164
562.867 -1.165
562.907 -1.166
562.948 -1.167
562.987 -1.168
563.036 -1.169
563.089 -1.17
563.156 -1.171
563.229 -1.172
563.303 -1.173
563.376 -1.174
563.448 -1.175
563.52 -1.176
563.591 -1.177
563.662 -1.178
563.733 -1.179
563.803 -1.18
563.872 -1.181
563.938 -1.182
564.003 -1.183
564.069 -1.184
564.133 -1.185
564.198 -1.186
564.263 -1.187
564.327 -1.188
564.392 -1.189
564.456 -1.19
564.521 -1.191
564.586 -1.192
564.651 -1.193
564.716 -1.194
564.781 -1.195
564.846 -1.196
564.913 -1.197
564.98 -1.198
565.048 -1.199
565.117 -1.2
565.185 -1.201
565.254 -1.202
565.322 -1.203
565.39 -1.204
565.459 -1.205
565.527 -1.206
565.596 -1.207
565.666 -1.208
565.735 -1.209
565.805 -1.21
565.874 -1.211
565.944 -1.212
566.014 -1.213
566.083 -1.214
566.153 -1.215
566.223 -1.216
566.293 -1.217
566.363 -1.218
566.433 -1.219
566.502 -1.22
566.572 -1.221
566.642 -1.222
566.712 -1.223
566.782 -1.224
566.852 -1.225
566.922 -1.226
566.993 -1.227
567.064 -1.228
567.134 -1.229
567.205 -1.23
567.276 -1.231
567.347 -1.232
567.417 -1.233
567.488 -1.234
567.559 -1.235
567.63 -1.236
567.7 -1.237
567.771 -1.238
567.842 -1.239
567.912 -1.24
567.983 -1.241
568.054 -1.242
568.125 -1.243
568.196 -1.244
568.267 -1.245
568.339 -1.246
568.41 -1.247
568.481 -1.248
568.552 -1.249
568.623 -1.25
568.694 -1.251
568.765 -1.252
568.836 -1.253
568.906 -1.254
568.978 -1.255
569.05 -1.256
569.121 -1.257
569.194 -1.258
569.267 -1.259
569.34 -1.26
569.413 -1.261
569.486 -1.262
569.559 -1.263
569.633 -1.264
569.706 -1.265
569.78 -1.266
569.853 -1.267
569.927 -1.268
570.001 -1.269
570.075 -1.27
570.149 -1.271
570.223 -1.272
570.297 -1.273
570.372 -1.274
570.446 -1.275
570.521 -1.276
570.596 -1.277
570.67 -1.278
570.746 -1.279
570.821 -1.28
570.896 -1.281
570.971 -1.282
571.047 -1.283
571.123 -1.284
571.198 -1.285
571.274 -1.286
571.35 -1.287
571.425 -1.288
571.501 -1.289
571.577 -1.29
571.653 -1.291
571.729 -1.292
571.804 -1.293
571.88 -1.294
571.956 -1.295
572.032 -1.296
572.109 -1.297
572.185 -1.298
572.261 -1.299
572.337 -1.3
572.413 -1.301
572.489 -1.302
572.566 -1.303
572.642 -1.304
572.718 -1.305
572.795 -1.306
572.872 -1.307
572.95 -1.308
573.027 -1.309
573.104 -1.31
573.182 -1.311
573.26 -1.312
573.337 -1.313
573.415 -1.314
573.493 -1.315
573.571 -1.316
573.649 -1.317
573.727 -1.318
573.805 -1.319
573.883 -1.32
573.961 -1.321
574.039 -1.322
574.117 -1.323
574.195 -1.324
574.273 -1.325
574.351 -1.326
574.429 -1.327
574.507 -1.328
574.586 -1.329
574.664 -1.33
574.743 -1.331
574.822 -1.332
574.9 -1.333
574.98 -1.334
575.06 -1.335
575.141 -1.336
575.221 -1.337
575.301 -1.338
575.382 -1.339
575.462 -1.34
575.543 -1.341
575.624 -1.342
575.705 -1.343
575.787 -1.344
575.868 -1.345
575.949 -1.346
576.031 -1.347
576.113 -1.348
576.194 -1.349
576.276 -1.35
576.358 -1.351
576.44 -1.352
576.522 -1.353
576.604 -1.354
576.686 -1.355
576.768 -1.356
576.851 -1.357
576.933 -1.358
577.016 -1.359
577.098 -1.36
577.181 -1.361
577.263 -1.362
577.346 -1.363
577.429 -1.364
577.512 -1.365
577.595 -1.366
577.679 -1.367
577.762 -1.368
577.846 -1.369
577.929 -1.37
578.013 -1.371
578.096 -1.372
578.18 -1.373
578.264 -1.374
578.348 -1.375
578.432 -1.376
578.516 -1.377
578.601 -1.378
578.685 -1.379
578.77 -1.38
578.855 -1.381
578.94 -1.382
579.024 -1.383
579.109 -1.384
579.194 -1.385
579.279 -1.386
579.364 -1.387
579.45 -1.388
579.535 -1.389
579.62 -1.39
579.704 -1.391
579.789 -1.392
579.874 -1.393
579.959 -1.394
580.044 -1.395
580.129 -1.396
580.214 -1.397
580.299 -1.398
580.384 -1.399
580.469 -1.4
580.555 -1.401
580.64 -1.402
580.724 -1.403
580.809 -1.404
580.894 -1.405
580.978 -1.406
581.063 -1.407
581.149 -1.408
581.235 -1.409
581.32 -1.41
581.406 -1.411
581.492 -1.412
581.578 -1.413
581.665 -1.414
581.752 -1.415
581.839 -1.416
581.927 -1.417
582.015 -1.418
582.102 -1.419
582.19 -1.42
582.278 -1.421
582.366 -1.422
582.454 -1.423
582.542 -1.424
582.629 -1.425
582.717 -1.426
582.805 -1.427
582.893 -1.428
582.981 -1.429
583.069 -1.43
583.157 -1.431
583.246 -1.432
583.334 -1.433
583.422 -1.434
583.51 -1.435
583.599 -1.436
583.687 -1.437
583.776 -1.438
583.864 -1.439
583.953 -1.44
584.041 -1.441
584.13 -1.442
584.219 -1.443
584.307 -1.444
584.396 -1.445
584.484 -1.446
584.573 -1.447
584.662 -1.448
584.75 -1.449
584.839 -1.45
584.927 -1.451
585.016 -1.452
585.104 -1.453
585.192 -1.454
585.281 -1.455
585.369 -1.456
585.457 -1.457
585.545 -1.458
585.633 -1.459
585.721 -1.46
585.808 -1.461
585.896 -1.462
585.983 -1.463
586.07 -1.464
586.157 -1.465
586.244 -1.466
586.33 -1.467
586.416 -1.468
586.501 -1.469
586.586 -1.47
586.67 -1.471
586.754 -1.472
586.837 -1.473
586.919 -1.474
587.002 -1.475
587.089 -1.476
587.175 -1.477
587.261 -1.478
587.346 -1.479
587.431 -1.48
587.515 -1.481
587.599 -1.482
587.682 -1.483
587.769 -1.484
587.858 -1.485
587.946 -1.486
588.034 -1.487
588.122 -1.488
588.21 -1.489
588.299 -1.49
588.387 -1.491
588.475 -1.492
588.563 -1.493
588.652 -1.494
588.74 -1.495
588.828 -1.496
588.916 -1.497
589.004 -1.498
589.093 -1.499
589.181 -1.5
589.269 -1.501
589.356 -1.502
589.443 -1.503
589.529 -1.504
589.616 -1.505
589.702 -1.506
589.789 -1.507
589.875 -1.508
589.961 -1.509
590.046 -1.51
590.13 -1.511
590.215 -1.512
590.299 -1.513
590.383 -1.514
590.466 -1.515
590.549 -1.516
590.632 -1.517
590.715 -1.518
590.797 -1.519
590.88 -1.52
590.963 -1.521
591.045 -1.522
591.127 -1.523
591.208 -1.524
591.29 -1.525
591.371 -1.526
591.452 -1.527
591.534 -1.528
591.616 -1.529
591.698 -1.53
591.78 -1.531
591.861 -1.532
591.943 -1.533
592.024 -1.534
592.106 -1.535
592.188 -1.536
592.27 -1.537
592.351 -1.538
592.433 -1.539
592.513 -1.54
592.593 -1.541
592.673 -1.542
592.752 -1.543
592.831 -1.544
592.91 -1.545
592.988 -1.546
593.067 -1.547
593.145 -1.548
593.223 -1.549
593.299 -1.55
593.377 -1.551
593.454 -1.552
593.531 -1.553
593.608 -1.554
593.686 -1.555
593.763 -1.556
593.84 -1.557
593.917 -1.558
593.993 -1.559
594.07 -1.56
594.146 -1.561
594.223 -1.562
594.299 -1.563
594.376 -1.564
594.452 -1.565
594.529 -1.566
594.607 -1.567
594.686 -1.568
594.765 -1.569
594.844 -1.57
594.923 -1.571
595.003 -1.572
595.082 -1.573
595.161 -1.574
595.242 -1.575
595.323 -1.576
595.405 -1.577
595.491 -1.578
595.583 -1.579
595.675 -1.58
595.767 -1.581
595.859 -1.582
595.952 -1.583
596.045 -1.584
596.138 -1.585
596.231 -1.586
596.325 -1.587
596.418 -1.588
596.524 -1.589
596.629 -1.59
596.734 -1.591
596.839 -1.592
596.946 -1.593
597.052 -1.594
597.159 -1.595
597.266 -1.596
597.373 -1.597
597.48 -1.598
597.587 -1.599
597.694 -1.6
