20.3726 -0.001
40.7076 -0.002
61.0051 -0.003
81.2644 -0.004
101.485 -0.005
121.668 -0.006
141.811 -0.007
161.915 -0.008
181.98 -0.009
202.004 -0.01
221.988 -0.011
241.931 -0.012
261.833 -0.013
281.694 -0.014
301.513 -0.015
321.289 -0.016
341.023 -0.017
360.713 -0.018
380.36 -0.019
399.963 -0.02
419.522 -0.021
439.036 -0.022
458.504 -0.023
477.927 -0.024
497.303 -0.025
516.632 -0.026
535.914 -0.027
555.148 -0.028
574.333 -0.029
593.47 -0.03
612.557 -0.031
631.593 -0.032
650.579 -0.033
669.513 -0.034
688.336 -0.035
706.485 -0.036
723.42 -0.037
738.509 -0.038
751.306 -0.039
763.516 -0.04
775.336 -0.041
786.252 -0.042
796.49 -0.043
806.621 -0.044
816.222 -0.045
824.588 -0.046
831.781 -0.047
837.544 -0.048
841.894 -0.049
844.28 -0.05
845.885 -0.051
847.183 -0.052
848.444 -0.053
849.669 -0.054
850.858 -0.055
852.012 -0.056
853.123 -0.057
854.196 -0.058
855.232 -0.059
856.229 -0.06
857.185 -0.061
858.103 -0.062
858.986 -0.063
859.821 -0.064
860.62 -0.065
861.387 -0.066
862.117 -0.067
862.824 -0.068
863.5 -0.069
864.152 -0.07
864.783 -0.071
865.397 -0.072
865.995 -0.073
866.579 -0.074
867.152 -0.075
867.714 -0.076
868.262 -0.077
868.799 -0.078
869.326 -0.079
869.846 -0.08
870.358 -0.081
870.86 -0.082
871.355 -0.083
871.841 -0.084
872.32 -0.085
872.791 -0.086
873.256 -0.087
873.714 -0.088
874.165 -0.089
874.61 -0.09
875.051 -0.091
875.485 -0.092
875.915 -0.093
876.34 -0.094
876.759 -0.095
877.173 -0.096
877.583 -0.097
877.99 -0.098
878.391 -0.099
878.788 -0.1
879.181 -0.101
879.572 -0.102
879.959 -0.103
880.342 -0.104
880.721 -0.105
881.098 -0.106
881.471 -0.107
881.842 -0.108
882.21 -0.109
882.576 -0.11
882.937 -0.111
883.294 -0.112
883.649 -0.113
884.001 -0.114
884.35 -0.115
884.698 -0.116
885.042 -0.117
885.382 -0.118
885.719 -0.119
886.053 -0.12
886.384 -0.121
886.714 -0.122
887.041 -0.123
887.365 -0.124
887.687 -0.125
888.005 -0.126
888.321 -0.127
888.634 -0.128
888.945 -0.129
889.254 -0.13
889.561 -0.131
889.865 -0.132
890.168 -0.133
890.468 -0.134
890.765 -0.135
891.061 -0.136
891.354 -0.137
891.643 -0.138
891.931 -0.139
892.217 -0.14
892.501 -0.141
892.783 -0.142
893.063 -0.143
893.342 -0.144
893.618 -0.145
893.892 -0.146
894.163 -0.147
894.432 -0.148
894.7 -0.149
894.965 -0.15
895.228 -0.151
895.489 -0.152
895.749 -0.153
896.007 -0.154
896.263 -0.155
896.517 -0.156
896.768 -0.157
897.018 -0.158
897.266 -0.159
897.512 -0.16
897.756 -0.161
897.998 -0.162
898.239 -0.163
898.479 -0.164
898.716 -0.165
898.951 -0.166
899.184 -0.167
899.414 -0.168
899.643 -0.169
899.87 -0.17
900.095 -0.171
900.319 -0.172
900.541 -0.173
900.762 -0.174
900.982 -0.175
901.199 -0.176
901.415 -0.177
901.628 -0.178
901.839 -0.179
902.049 -0.18
902.257 -0.181
902.464 -0.182
902.669 -0.183
902.873 -0.184
903.076 -0.185
903.276 -0.186
903.476 -0.187
903.673 -0.188
903.869 -0.189
904.064 -0.19
904.257 -0.191
904.449 -0.192
904.64 -0.193
904.829 -0.194
905.016 -0.195
905.202 -0.196
905.386 -0.197
905.57 -0.198
905.751 -0.199
905.932 -0.2
906.111 -0.201
906.289 -0.202
906.466 -0.203
906.641 -0.204
906.815 -0.205
906.987 -0.206
907.158 -0.207
907.328 -0.208
907.497 -0.209
907.664 -0.21
907.83 -0.211
907.995 -0.212
908.159 -0.213
908.321 -0.214
908.481 -0.215
908.641 -0.216
908.799 -0.217
908.956 -0.218
909.112 -0.219
909.267 -0.22
909.42 -0.221
909.572 -0.222
909.722 -0.223
909.872 -0.224
910.02 -0.225
910.166 -0.226
910.312 -0.227
910.456 -0.228
910.6 -0.229
910.742 -0.23
910.882 -0.231
911.022 -0.232
911.16 -0.233
911.297 -0.234
911.433 -0.235
911.567 -0.236
911.701 -0.237
911.833 -0.238
911.964 -0.239
912.094 -0.24
912.223 -0.241
912.351 -0.242
912.478 -0.243
912.604 -0.244
912.729 -0.245
912.852 -0.246
912.975 -0.247
913.096 -0.248
913.217 -0.249
913.336 -0.25
913.454 -0.251
913.572 -0.252
913.688 -0.253
913.803 -0.254
913.917 -0.255
914.03 -0.256
914.142 -0.257
914.252 -0.258
914.362 -0.259
914.47 -0.26
914.577 -0.261
914.684 -0.262
914.789 -0.263
914.893 -0.264
914.996 -0.265
915.098 -0.266
915.198 -0.267
915.298 -0.268
915.397 -0.269
915.495 -0.27
915.593 -0.271
915.689 -0.272
915.784 -0.273
915.878 -0.274
915.971 -0.275
916.064 -0.276
916.155 -0.277
916.246 -0.278
916.335 -0.279
916.424 -0.28
916.511 -0.281
916.598 -0.282
916.684 -0.283
916.769 -0.284
916.853 -0.285
916.937 -0.286
917.019 -0.287
917.101 -0.288
917.181 -0.289
917.261 -0.29
917.34 -0.291
917.418 -0.292
917.495 -0.293
917.571 -0.294
917.647 -0.295
917.722 -0.296
917.796 -0.297
917.869 -0.298
917.941 -0.299
918.012 -0.3
918.082 -0.301
918.152 -0.302
918.22 -0.303
918.288 -0.304
918.355 -0.305
918.421 -0.306
918.487 -0.307
918.551 -0.308
918.615 -0.309
918.678 -0.31
918.74 -0.311
918.802 -0.312
918.862 -0.313
918.922 -0.314
918.982 -0.315
919.04 -0.316
919.097 -0.317
919.154 -0.318
919.21 -0.319
919.264 -0.32
919.318 -0.321
919.371 -0.322
919.424 -0.323
919.476 -0.324
919.527 -0.325
919.577 -0.326
919.627 -0.327
919.676 -0.328
919.724 -0.329
919.771 -0.33
919.818 -0.331
919.865 -0.332
919.911 -0.333
919.956 -0.334
920 -0.335
920.044 -0.336
920.087 -0.337
920.129 -0.338
920.171 -0.339
920.212 -0.34
920.252 -0.341
920.292 -0.342
920.332 -0.343
920.37 -0.344
920.408 -0.345
920.446 -0.346
920.482 -0.347
920.518 -0.348
920.553 -0.349
920.588 -0.35
920.621 -0.351
920.654 -0.352
920.687 -0.353
920.719 -0.354
920.75 -0.355
920.781 -0.356
920.811 -0.357
920.84 -0.358
920.869 -0.359
920.898 -0.36
920.926 -0.361
920.953 -0.362
920.98 -0.363
921.007 -0.364
921.033 -0.365
921.058 -0.366
921.083 -0.367
921.107 -0.368
921.13 -0.369
921.153 -0.37
921.176 -0.371
921.198 -0.372
921.22 -0.373
921.241 -0.374
921.261 -0.375
921.282 -0.376
921.301 -0.377
921.321 -0.378
921.34 -0.379
921.358 -0.38
921.376 -0.381
921.393 -0.382
921.41 -0.383
921.427 -0.384
921.442 -0.385
921.457 -0.386
921.472 -0.387
921.486 -0.388
921.499 -0.389
921.512 -0.39
921.525 -0.391
921.537 -0.392
921.548 -0.393
921.56 -0.394
921.571 -0.395
921.581 -0.396
921.592 -0.397
921.602 -0.398
921.611 -0.399
921.62 -0.4
921.629 -0.401
921.637 -0.402
921.645 -0.403
921.653 -0.404
921.66 -0.405
921.667 -0.406
921.674 -0.407
921.68 -0.408
921.686 -0.409
921.692 -0.41
921.697 -0.411
921.702 -0.412
921.707 -0.413
921.712 -0.414
921.716 -0.415
921.719 -0.416
921.723 -0.417
921.726 -0.418
921.728 -0.419
921.731 -0.42
921.733 -0.421
921.735 -0.422
921.736 -0.423
921.738 -0.424
921.739 -0.425
921.74 -0.426
921.74 -0.427
921.74 -0.428
921.741 -0.429
921.741 -0.43
921.74 -0.431
921.74 -0.432
921.739 -0.433
921.737 -0.434
921.736 -0.435
921.735 -0.436
921.733 -0.437
921.731 -0.438
921.728 -0.439
921.725 -0.44
921.722 -0.441
921.718 -0.442
921.714 -0.443
921.71 -0.444
921.706 -0.445
921.701 -0.446
921.697 -0.447
921.692 -0.448
921.688 -0.449
921.683 -0.45
921.678 -0.451
921.673 -0.452
921.668 -0.453
921.663 -0.454
921.658 -0.455
921.653 -0.456
921.648 -0.457
921.643 -0.458
921.638 -0.459
921.632 -0.46
921.627 -0.461
921.621 -0.462
921.616 -0.463
921.61 -0.464
921.605 -0.465
921.599 -0.466
921.594 -0.467
921.588 -0.468
921.583 -0.469
921.577 -0.47
921.572 -0.471
921.566 -0.472
921.561 -0.473
921.555 -0.474
921.549 -0.475
921.543 -0.476
921.537 -0.477
921.53 -0.478
921.524 -0.479
921.518 -0.48
921.511 -0.481
921.505 -0.482
921.498 -0.483
921.492 -0.484
921.486 -0.485
921.48 -0.486
921.474 -0.487
921.468 -0.488
921.462 -0.489
921.456 -0.49
921.45 -0.491
921.444 -0.492
921.438 -0.493
921.433 -0.494
921.427 -0.495
921.422 -0.496
921.417 -0.497
921.412 -0.498
921.407 -0.499
921.401 -0.5
921.396 -0.501
921.391 -0.502
921.387 -0.503
921.382 -0.504
921.377 -0.505
921.372 -0.506
921.368 -0.507
921.363 -0.508
921.359 -0.509
921.356 -0.51
921.352 -0.511
921.348 -0.512
921.345 -0.513
921.342 -0.514
921.339 -0.515
921.337 -0.516
921.334 -0.517
921.331 -0.518
921.328 -0.519
921.325 -0.52
921.322 -0.521
921.32 -0.522
921.317 -0.523
921.314 -0.524
921.311 -0.525
921.309 -0.526
921.306 -0.527
921.304 -0.528
921.303 -0.529
921.301 -0.53
921.291 -0.531
921.282 -0.532
921.274 -0.533
921.266 -0.534
921.258 -0.535
921.251 -0.536
921.245 -0.537
921.239 -0.538
921.233 -0.539
921.228 -0.54
921.224 -0.541
921.22 -0.542
921.216 -0.543
921.213 -0.544
921.212 -0.545
921.214 -0.546
921.216 -0.547
921.218 -0.548
921.217 -0.549
921.217 -0.55
921.217 -0.551
921.218 -0.552
921.22 -0.553
921.222 -0.554
921.225 -0.555
921.228 -0.556
921.232 -0.557
921.236 -0.558
921.241 -0.559
921.246 -0.56
921.252 -0.561
921.259 -0.562
921.266 -0.563
921.273 -0.564
921.282 -0.565
921.291 -0.566
921.3 -0.567
921.311 -0.568
921.321 -0.569
921.333 -0.57
921.347 -0.571
921.361 -0.572
921.375 -0.573
921.391 -0.574
921.407 -0.575
921.423 -0.576
921.44 -0.577
921.457 -0.578
921.475 -0.579
921.494 -0.58
921.513 -0.581
921.533 -0.582
921.553 -0.583
921.574 -0.584
921.596 -0.585
921.618 -0.586
921.641 -0.587
921.664 -0.588
921.688 -0.589
921.713 -0.59
921.739 -0.591
921.765 -0.592
921.792 -0.593
921.819 -0.594
921.847 -0.595
921.876 -0.596
921.906 -0.597
921.936 -0.598
921.967 -0.599
921.998 -0.6
922.03 -0.601
922.063 -0.602
922.097 -0.603
922.131 -0.604
922.166 -0.605
922.201 -0.606
922.238 -0.607
922.275 -0.608
922.312 -0.609
922.351 -0.61
922.39 -0.611
922.429 -0.612
922.47 -0.613
922.511 -0.614
922.553 -0.615
922.596 -0.616
922.64 -0.617
922.684 -0.618
922.729 -0.619
922.775 -0.62
922.821 -0.621
922.868 -0.622
922.916 -0.623
922.965 -0.624
923.014 -0.625
923.065 -0.626
923.115 -0.627
923.167 -0.628
923.219 -0.629
923.273 -0.63
923.326 -0.631
923.381 -0.632
923.437 -0.633
923.493 -0.634
923.55 -0.635
923.608 -0.636
923.666 -0.637
923.726 -0.638
923.786 -0.639
923.847 -0.64
923.909 -0.641
923.971 -0.642
924.035 -0.643
924.099 -0.644
924.164 -0.645
924.23 -0.646
924.297 -0.647
924.364 -0.648
924.432 -0.649
924.501 -0.65
924.571 -0.651
924.642 -0.652
924.714 -0.653
924.786 -0.654
924.86 -0.655
924.934 -0.656
925.009 -0.657
925.085 -0.658
925.162 -0.659
925.24 -0.66
925.318 -0.661
925.398 -0.662
925.478 -0.663
925.56 -0.664
925.642 -0.665
925.725 -0.666
925.809 -0.667
925.894 -0.668
925.98 -0.669
926.066 -0.67
926.154 -0.671
926.243 -0.672
926.332 -0.673
926.423 -0.674
926.514 -0.675
926.606 -0.676
926.7 -0.677
926.794 -0.678
926.889 -0.679
926.985 -0.68
927.082 -0.681
927.18 -0.682
927.279 -0.683
927.379 -0.684
927.48 -0.685
927.582 -0.686
927.685 -0.687
927.789 -0.688
927.894 -0.689
928 -0.69
928.106 -0.691
928.214 -0.692
928.323 -0.693
928.433 -0.694
928.544 -0.695
928.656 -0.696
928.768 -0.697
928.882 -0.698
928.997 -0.699
929.113 -0.7
929.23 -0.701
929.348 -0.702
929.467 -0.703
929.587 -0.704
929.708 -0.705
929.83 -0.706
929.954 -0.707
930.078 -0.708
930.203 -0.709
930.329 -0.71
930.456 -0.711
930.585 -0.712
930.714 -0.713
930.844 -0.714
930.976 -0.715
931.109 -0.716
931.243 -0.717
931.377 -0.718
931.513 -0.719
931.651 -0.72
931.789 -0.721
931.928 -0.722
932.068 -0.723
932.209 -0.724
932.352 -0.725
932.495 -0.726
932.64 -0.727
932.786 -0.728
932.933 -0.729
933.081 -0.73
933.23 -0.731
933.381 -0.732
933.532 -0.733
933.685 -0.734
933.839 -0.735
933.994 -0.736
934.15 -0.737
934.308 -0.738
934.466 -0.739
934.626 -0.74
934.787 -0.741
934.949 -0.742
935.112 -0.743
935.277 -0.744
935.443 -0.745
935.61 -0.746
935.778 -0.747
935.947 -0.748
936.117 -0.749
936.288 -0.75
936.461 -0.751
936.635 -0.752
936.81 -0.753
936.986 -0.754
937.163 -0.755
937.341 -0.756
937.521 -0.757
937.702 -0.758
937.884 -0.759
938.067 -0.76
938.252 -0.761
938.438 -0.762
938.625 -0.763
938.813 -0.764
939.003 -0.765
939.194 -0.766
939.387 -0.767
939.58 -0.768
939.775 -0.769
939.971 -0.77
940.169 -0.771
940.368 -0.772
940.568 -0.773
940.769 -0.774
940.972 -0.775
941.176 -0.776
941.382 -0.777
941.588 -0.778
941.796 -0.779
942.006 -0.78
942.217 -0.781
942.429 -0.782
942.643 -0.783
942.857 -0.784
943.074 -0.785
943.291 -0.786
943.51 -0.787
943.729 -0.788
943.949 -0.789
944.171 -0.79
944.395 -0.791
944.619 -0.792
944.845 -0.793
945.073 -0.794
945.302 -0.795
945.532 -0.796
945.764 -0.797
945.998 -0.798
946.232 -0.799
946.468 -0.8
946.706 -0.801
946.945 -0.802
947.185 -0.803
947.427 -0.804
947.671 -0.805
947.915 -0.806
948.162 -0.807
948.409 -0.808
948.659 -0.809
948.909 -0.81
949.162 -0.811
949.415 -0.812
949.67 -0.813
949.927 -0.814
950.185 -0.815
950.445 -0.816
950.706 -0.817
950.968 -0.818
951.233 -0.819
951.498 -0.82
951.766 -0.821
952.034 -0.822
952.305 -0.823
952.576 -0.824
952.85 -0.825
953.125 -0.826
953.401 -0.827
953.679 -0.828
953.959 -0.829
954.24 -0.83
954.523 -0.831
954.807 -0.832
955.093 -0.833
955.381 -0.834
955.67 -0.835
955.961 -0.836
956.254 -0.837
956.547 -0.838
956.843 -0.839
957.14 -0.84
957.439 -0.841
957.739 -0.842
958.041 -0.843
958.345 -0.844
958.651 -0.845
958.958 -0.846
959.266 -0.847
959.577 -0.848
959.888 -0.849
960.202 -0.85
960.517 -0.851
960.834 -0.852
961.153 -0.853
961.473 -0.854
961.795 -0.855
962.119 -0.856
962.444 -0.857
962.772 -0.858
963.1 -0.859
963.431 -0.86
963.763 -0.861
964.097 -0.862
964.433 -0.863
964.77 -0.864
965.109 -0.865
965.45 -0.866
965.792 -0.867
966.137 -0.868
966.483 -0.869
966.83 -0.87
967.18 -0.871
967.531 -0.872
967.884 -0.873
968.239 -0.874
968.595 -0.875
968.953 -0.876
969.314 -0.877
969.675 -0.878
970.039 -0.879
970.405 -0.88
970.772 -0.881
971.141 -0.882
971.512 -0.883
971.885 -0.884
972.26 -0.885
972.636 -0.886
973.015 -0.887
973.395 -0.888
973.777 -0.889
974.161 -0.89
974.547 -0.891
974.935 -0.892
975.324 -0.893
975.715 -0.894
976.109 -0.895
976.504 -0.896
976.901 -0.897
977.3 -0.898
977.701 -0.899
978.103 -0.9
978.508 -0.901
978.915 -0.902
979.323 -0.903
979.733 -0.904
980.146 -0.905
980.56 -0.906
980.976 -0.907
981.394 -0.908
981.814 -0.909
982.236 -0.91
982.659 -0.911
983.085 -0.912
983.513 -0.913
983.942 -0.914
984.374 -0.915
984.808 -0.916
985.243 -0.917
985.681 -0.918
986.12 -0.919
986.561 -0.92
987.005 -0.921
987.45 -0.922
987.898 -0.923
988.347 -0.924
988.799 -0.925
989.252 -0.926
989.707 -0.927
990.165 -0.928
990.624 -0.929
991.086 -0.93
991.55 -0.931
992.015 -0.932
992.483 -0.933
992.952 -0.934
993.424 -0.935
993.898 -0.936
994.374 -0.937
994.852 -0.938
995.332 -0.939
995.814 -0.94
996.298 -0.941
996.784 -0.942
997.273 -0.943
997.763 -0.944
998.255 -0.945
998.75 -0.946
999.247 -0.947
999.746 -0.948
1000.25 -0.949
1000.75 -0.95
1001.25 -0.951
1001.76 -0.952
1002.27 -0.953
1002.78 -0.954
1003.3 -0.955
1003.81 -0.956
1004.33 -0.957
1004.85 -0.958
1005.37 -0.959
1005.9 -0.96
1006.42 -0.961
1006.95 -0.962
1007.48 -0.963
1008.02 -0.964
1008.55 -0.965
1009.09 -0.966
1009.63 -0.967
1010.17 -0.968
1010.72 -0.969
1011.26 -0.97
1011.81 -0.971
1012.36 -0.972
1012.91 -0.973
1013.47 -0.974
1014.03 -0.975
1014.59 -0.976
1015.15 -0.977
1015.71 -0.978
1016.28 -0.979
1016.85 -0.98
1017.42 -0.981
1017.99 -0.982
1018.57 -0.983
1019.15 -0.984
1019.73 -0.985
1020.31 -0.986
1020.89 -0.987
1021.48 -0.988
1022.07 -0.989
1022.66 -0.99
1023.25 -0.991
1023.85 -0.992
1024.45 -0.993
1025.05 -0.994
1025.65 -0.995
1026.26 -0.996
1026.87 -0.997
1027.48 -0.998
1028.09 -0.999
1028.7 -1
1029.32 -1.001
1029.94 -1.002
1030.56 -1.003
1031.19 -1.004
1031.81 -1.005
1032.44 -1.006
1033.07 -1.007
1033.71 -1.008
1034.34 -1.009
1034.98 -1.01
1035.62 -1.011
1036.27 -1.012
1036.91 -1.013
1037.56 -1.014
1038.21 -1.015
1038.86 -1.016
1039.52 -1.017
1040.18 -1.018
1040.84 -1.019
1041.5 -1.02
1042.17 -1.021
1042.83 -1.022
1043.5 -1.023
1044.18 -1.024
1044.85 -1.025
1045.53 -1.026
1046.21 -1.027
1046.89 -1.028
1047.58 -1.029
1048.27 -1.03
1048.96 -1.031
1049.65 -1.032
1050.34 -1.033
1051.04 -1.034
1051.74 -1.035
1052.45 -1.036
1053.15 -1.037
1053.86 -1.038
1054.57 -1.039
1055.28 -1.04
1056 -1.041
1056.72 -1.042
1057.44 -1.043
1058.16 -1.044
1058.89 -1.045
1059.62 -1.046
1060.35 -1.047
1061.08 -1.048
1061.82 -1.049
1062.56 -1.05
1063.3 -1.051
1064.05 -1.052
1064.79 -1.053
1065.54 -1.054
1066.29 -1.055
1067.05 -1.056
1067.81 -1.057
1068.57 -1.058
1069.33 -1.059
1070.1 -1.06
1070.86 -1.061
1071.64 -1.062
1072.41 -1.063
1073.18 -1.064
1073.96 -1.065
1074.74 -1.066
1075.53 -1.067
1076.32 -1.068
1077.11 -1.069
1077.9 -1.07
1078.69 -1.071
1079.49 -1.072
1080.29 -1.073
1081.09 -1.074
1081.9 -1.075
1082.71 -1.076
1083.52 -1.077
1084.33 -1.078
1085.15 -1.079
1085.97 -1.08
1086.79 -1.081
1087.62 -1.082
1088.44 -1.083
1089.27 -1.084
1090.11 -1.085
1090.94 -1.086
1091.78 -1.087
1092.62 -1.088
1093.47 -1.089
1094.31 -1.09
1095.16 -1.091
1096.02 -1.092
1096.87 -1.093
1097.73 -1.094
1098.59 -1.095
1099.45 -1.096
1100.32 -1.097
1101.19 -1.098
1102.06 -1.099
1102.94 -1.1
1103.82 -1.101
1104.7 -1.102
1105.58 -1.103
1106.47 -1.104
1107.36 -1.105
1108.25 -1.106
1109.14 -1.107
1110.04 -1.108
1110.94 -1.109
1111.85 -1.11
1112.75 -1.111
1113.66 -1.112
1114.58 -1.113
1115.49 -1.114
1116.41 -1.115
1117.33 -1.116
1118.25 -1.117
1119.18 -1.118
1120.11 -1.119
1121.04 -1.12
1121.98 -1.121
1122.92 -1.122
1123.86 -1.123
1124.8 -1.124
1125.75 -1.125
1126.7 -1.126
1127.66 -1.127
1128.61 -1.128
1129.57 -1.129
1130.53 -1.13
1131.5 -1.131
1132.47 -1.132
1133.44 -1.133
1134.41 -1.134
1135.39 -1.135
1136.37 -1.136
1137.36 -1.137
1138.34 -1.138
1139.33 -1.139
1140.32 -1.14
1141.32 -1.141
1142.32 -1.142
1143.32 -1.143
1144.33 -1.144
1145.33 -1.145
1146.35 -1.146
1147.36 -1.147
1148.38 -1.148
1149.4 -1.149
1150.42 -1.15
1151.45 -1.151
1152.48 -1.152
1153.51 -1.153
1154.54 -1.154
1155.58 -1.155
1156.62 -1.156
1157.67 -1.157
1158.72 -1.158
1159.77 -1.159
1160.82 -1.16
1161.88 -1.161
1162.94 -1.162
1164 -1.163
1165.07 -1.164
1166.14 -1.165
1167.21 -1.166
1168.29 -1.167
1169.37 -1.168
1170.45 -1.169
1171.54 -1.17
1172.63 -1.171
1173.72 -1.172
1174.81 -1.173
1175.91 -1.174
1177.01 -1.175
1178.12 -1.176
1179.23 -1.177
1180.34 -1.178
1181.45 -1.179
1182.57 -1.18
1183.69 -1.181
1184.82 -1.182
1185.95 -1.183
1187.08 -1.184
1188.21 -1.185
1189.35 -1.186
1190.49 -1.187
1191.63 -1.188
1192.78 -1.189
1193.93 -1.19
1195.08 -1.191
1196.24 -1.192
1197.4 -1.193
1198.57 -1.194
1199.73 -1.195
1200.9 -1.196
1202.08 -1.197
1203.25 -1.198
1204.43 -1.199
1205.62 -1.2
