21.9883 -0.001
43.8831 -0.002
65.6845 -0.003
87.3926 -0.004
109.008 -0.005
130.529 -0.006
151.958 -0.007
173.294 -0.008
194.537 -0.009
215.688 -0.01
236.745 -0.011
257.71 -0.012
278.583 -0.013
299.362 -0.014
320.049 -0.015
340.643 -0.016
361.144 -0.017
381.552 -0.018
401.867 -0.019
422.089 -0.02
442.218 -0.021
462.253 -0.022
482.194 -0.023
502.042 -0.024
521.796 -0.025
541.455 -0.026
561.019 -0.027
580.489 -0.028
599.863 -0.029
619.141 -0.03
638.322 -0.031
657.407 -0.032
676.394 -0.033
695.283 -0.034
714.074 -0.035
732.764 -0.036
751.354 -0.037
769.844 -0.038
788.234 -0.039
806.195 -0.04
822.846 -0.041
837.737 -0.042
850.532 -0.043
860.014 -0.044
868.987 -0.045
877.445 -0.046
885.748 -0.047
893.637 -0.048
900.963 -0.049
907.693 -0.05
913.982 -0.051
919.783 -0.052
924.819 -0.053
929.673 -0.054
933.476 -0.055
936.712 -0.056
939.01 -0.057
940.818 -0.058
942.483 -0.059
944.079 -0.06
945.56 -0.061
947.003 -0.062
948.286 -0.063
949.231 -0.064
950.02 -0.065
950.786 -0.066
951.529 -0.067
952.174 -0.068
952.785 -0.069
953.354 -0.07
953.882 -0.071
954.395 -0.072
954.864 -0.073
955.289 -0.074
955.666 -0.075
956.01 -0.076
956.345 -0.077
956.665 -0.078
956.96 -0.079
957.236 -0.08
957.503 -0.081
957.761 -0.082
958.011 -0.083
958.247 -0.084
958.436 -0.085
958.615 -0.086
958.77 -0.087
958.92 -0.088
959.064 -0.089
959.197 -0.09
959.318 -0.091
959.392 -0.092
959.436 -0.093
959.469 -0.094
959.5 -0.095
959.529 -0.096
959.555 -0.097
959.559 -0.098
959.539 -0.099
959.48 -0.1
959.42 -0.101
959.358 -0.102
959.295 -0.103
959.226 -0.104
959.13 -0.105
959.033 -0.106
958.935 -0.107
958.836 -0.108
958.734 -0.109
958.623 -0.11
958.496 -0.111
958.365 -0.112
958.232 -0.113
958.099 -0.114
957.964 -0.115
957.827 -0.116
957.689 -0.117
957.552 -0.118
957.407 -0.119
957.247 -0.12
957.084 -0.121
956.921 -0.122
956.758 -0.123
956.596 -0.124
956.433 -0.125
956.271 -0.126
956.109 -0.127
955.948 -0.128
955.787 -0.129
955.627 -0.13
955.467 -0.131
955.307 -0.132
955.149 -0.133
954.991 -0.134
954.833 -0.135
954.676 -0.136
954.52 -0.137
954.364 -0.138
954.209 -0.139
954.055 -0.14
953.891 -0.141
953.715 -0.142
953.538 -0.143
953.354 -0.144
953.171 -0.145
952.988 -0.146
952.806 -0.147
952.624 -0.148
952.443 -0.149
952.263 -0.15
952.084 -0.151
951.906 -0.152
951.728 -0.153
951.552 -0.154
951.376 -0.155
951.201 -0.156
951.026 -0.157
950.853 -0.158
950.68 -0.159
950.493 -0.16
950.304 -0.161
950.116 -0.162
949.93 -0.163
949.744 -0.164
949.559 -0.165
949.374 -0.166
949.191 -0.167
949.01 -0.168
948.829 -0.169
948.65 -0.17
948.471 -0.171
948.295 -0.172
948.119 -0.173
947.934 -0.174
947.738 -0.175
947.544 -0.176
947.35 -0.177
947.158 -0.178
946.967 -0.179
946.778 -0.18
946.589 -0.181
946.405 -0.182
946.223 -0.183
946.044 -0.184
945.868 -0.185
945.695 -0.186
945.524 -0.187
945.357 -0.188
945.192 -0.189
945.029 -0.19
944.867 -0.191
944.706 -0.192
944.547 -0.193
944.389 -0.194
944.233 -0.195
944.077 -0.196
943.923 -0.197
943.77 -0.198
943.619 -0.199
943.469 -0.2
943.321 -0.201
943.174 -0.202
943.028 -0.203
942.884 -0.204
942.741 -0.205
942.6 -0.206
942.46 -0.207
942.322 -0.208
942.186 -0.209
942.049 -0.21
941.915 -0.211
941.782 -0.212
941.65 -0.213
941.52 -0.214
941.392 -0.215
941.262 -0.216
941.133 -0.217
941.005 -0.218
940.88 -0.219
940.756 -0.22
940.635 -0.221
940.516 -0.222
940.399 -0.223
940.287 -0.224
940.177 -0.225
940.071 -0.226
939.966 -0.227
939.864 -0.228
939.765 -0.229
939.668 -0.23
939.573 -0.231
939.482 -0.232
939.393 -0.233
939.306 -0.234
939.22 -0.235
939.136 -0.236
939.054 -0.237
938.972 -0.238
938.89 -0.239
938.809 -0.24
938.73 -0.241
938.652 -0.242
938.575 -0.243
938.5 -0.244
938.427 -0.245
938.355 -0.246
938.285 -0.247
938.217 -0.248
938.148 -0.249
938.08 -0.25
938.014 -0.251
937.949 -0.252
937.887 -0.253
937.825 -0.254
937.766 -0.255
937.708 -0.256
937.652 -0.257
937.597 -0.258
937.542 -0.259
937.486 -0.26
937.432 -0.261
937.379 -0.262
937.328 -0.263
937.278 -0.264
937.23 -0.265
937.184 -0.266
937.14 -0.267
937.098 -0.268
937.056 -0.269
937.014 -0.27
936.973 -0.271
936.933 -0.272
936.894 -0.273
936.856 -0.274
936.82 -0.275
936.785 -0.276
936.753 -0.277
936.72 -0.278
936.69 -0.279
936.662 -0.28
936.635 -0.281
936.609 -0.282
936.583 -0.283
936.56 -0.284
936.539 -0.285
936.52 -0.286
936.502 -0.287
936.487 -0.288
936.473 -0.289
936.46 -0.29
936.449 -0.291
936.44 -0.292
936.432 -0.293
936.424 -0.294
936.417 -0.295
936.409 -0.296
936.402 -0.297
936.396 -0.298
936.392 -0.299
936.389 -0.3
936.386 -0.301
936.384 -0.302
936.382 -0.303
936.38 -0.304
936.381 -0.305
936.382 -0.306
936.384 -0.307
936.386 -0.308
936.387 -0.309
936.388 -0.31
936.39 -0.311
936.391 -0.312
936.393 -0.313
936.397 -0.314
936.4 -0.315
936.406 -0.316
936.412 -0.317
936.421 -0.318
936.431 -0.319
936.44 -0.32
936.448 -0.321
936.455 -0.322
936.463 -0.323
936.469 -0.324
936.477 -0.325
936.487 -0.326
936.497 -0.327
936.505 -0.328
936.515 -0.329
936.526 -0.33
936.537 -0.331
936.548 -0.332
936.561 -0.333
936.575 -0.334
936.591 -0.335
936.607 -0.336
936.622 -0.337
936.636 -0.338
936.649 -0.339
936.664 -0.34
936.679 -0.341
936.694 -0.342
936.711 -0.343
936.729 -0.344
936.748 -0.345
936.769 -0.346
936.791 -0.347
936.814 -0.348
936.838 -0.349
936.861 -0.35
936.885 -0.351
936.909 -0.352
936.933 -0.353
936.958 -0.354
936.984 -0.355
937.012 -0.356
937.041 -0.357
937.071 -0.358
937.101 -0.359
937.133 -0.36
937.165 -0.361
937.2 -0.362
937.235 -0.363
937.272 -0.364
937.31 -0.365
937.35 -0.366
937.39 -0.367
937.43 -0.368
937.469 -0.369
937.511 -0.37
937.553 -0.371
937.597 -0.372
937.642 -0.373
937.689 -0.374
937.736 -0.375
937.785 -0.376
937.834 -0.377
937.884 -0.378
937.936 -0.379
937.989 -0.38
938.043 -0.381
938.1 -0.382
938.156 -0.383
938.214 -0.384
938.273 -0.385
938.333 -0.386
938.395 -0.387
938.458 -0.388
938.523 -0.389
938.59 -0.39
938.657 -0.391
938.727 -0.392
938.797 -0.393
938.87 -0.394
938.943 -0.395
939.019 -0.396
939.096 -0.397
939.174 -0.398
939.254 -0.399
939.336 -0.4
939.418 -0.401
939.503 -0.402
939.586 -0.403
939.671 -0.404
939.757 -0.405
939.844 -0.406
939.932 -0.407
940.018 -0.408
940.105 -0.409
940.192 -0.41
940.276 -0.411
940.353 -0.412
940.451 -0.413
940.549 -0.414
940.648 -0.415
940.746 -0.416
940.845 -0.417
940.937 -0.418
940.725 -0.419
940.637 -0.42
940.515 -0.421
940.631 -0.422
940.708 -0.423
940.998 -0.424
941.241 -0.425
941.415 -0.426
941.514 -0.427
941.614 -0.428
941.715 -0.429
941.819 -0.43
941.918 -0.431
942.016 -0.432
942.115 -0.433
942.216 -0.434
942.316 -0.435
942.413 -0.436
942.511 -0.437
942.612 -0.438
942.709 -0.439
942.808 -0.44
942.908 -0.441
943.011 -0.442
943.113 -0.443
943.216 -0.444
943.321 -0.445
943.428 -0.446
943.535 -0.447
943.643 -0.448
943.752 -0.449
943.863 -0.45
943.976 -0.451
944.09 -0.452
944.206 -0.453
944.324 -0.454
944.444 -0.455
944.565 -0.456
944.688 -0.457
944.813 -0.458
944.94 -0.459
945.069 -0.46
945.199 -0.461
945.33 -0.462
945.46 -0.463
945.593 -0.464
945.727 -0.465
945.862 -0.466
945.998 -0.467
946.132 -0.468
946.267 -0.469
946.404 -0.47
946.542 -0.471
946.683 -0.472
946.822 -0.473
946.961 -0.474
947.101 -0.475
947.242 -0.476
947.385 -0.477
947.527 -0.478
947.67 -0.479
947.814 -0.48
947.961 -0.481
948.107 -0.482
948.251 -0.483
948.397 -0.484
948.544 -0.485
948.693 -0.486
948.842 -0.487
948.989 -0.488
949.136 -0.489
949.284 -0.49
949.433 -0.491
949.584 -0.492
949.737 -0.493
949.89 -0.494
950.043 -0.495
950.198 -0.496
950.354 -0.497
950.511 -0.498
950.668 -0.499
950.826 -0.5
950.985 -0.501
951.146 -0.502
951.309 -0.503
951.473 -0.504
951.636 -0.505
951.801 -0.506
951.967 -0.507
952.134 -0.508
952.303 -0.509
952.471 -0.51
952.642 -0.511
952.814 -0.512
952.989 -0.513
953.163 -0.514
953.338 -0.515
953.514 -0.516
953.693 -0.517
953.873 -0.518
954.056 -0.519
954.241 -0.52
954.427 -0.521
954.616 -0.522
954.806 -0.523
954.998 -0.524
955.192 -0.525
955.388 -0.526
955.582 -0.527
955.778 -0.528
955.976 -0.529
956.174 -0.53
956.372 -0.531
956.572 -0.532
956.773 -0.533
956.972 -0.534
957.174 -0.535
957.377 -0.536
957.579 -0.537
957.782 -0.538
957.988 -0.539
958.193 -0.54
958.398 -0.541
958.606 -0.542
958.813 -0.543
959.02 -0.544
959.229 -0.545
959.44 -0.546
959.654 -0.547
959.869 -0.548
960.087 -0.549
960.307 -0.55
960.53 -0.551
960.754 -0.552
960.981 -0.553
961.21 -0.554
961.442 -0.555
961.676 -0.556
961.91 -0.557
962.146 -0.558
962.384 -0.559
962.622 -0.56
962.863 -0.561
963.104 -0.562
963.347 -0.563
963.591 -0.564
963.837 -0.565
964.084 -0.566
964.332 -0.567
964.583 -0.568
964.834 -0.569
965.087 -0.57
965.342 -0.571
965.597 -0.572
965.855 -0.573
966.114 -0.574
966.374 -0.575
966.634 -0.576
966.897 -0.577
967.162 -0.578
967.43 -0.579
967.698 -0.58
967.966 -0.581
968.237 -0.582
968.509 -0.583
968.781 -0.584
969.056 -0.585
969.331 -0.586
969.607 -0.587
969.885 -0.588
970.163 -0.589
970.442 -0.59
970.723 -0.591
971.005 -0.592
971.287 -0.593
971.571 -0.594
971.856 -0.595
972.14 -0.596
972.427 -0.597
972.715 -0.598
973.005 -0.599
973.297 -0.6
973.591 -0.601
973.885 -0.602
974.181 -0.603
974.477 -0.604
974.773 -0.605
975.066 -0.606
975.352 -0.607
975.622 -0.608
975.867 -0.609
976.079 -0.61
976.244 -0.611
976.346 -0.612
976.419 -0.613
976.495 -0.614
976.762 -0.615
977.336 -0.616
977.838 -0.617
978.342 -0.618
978.802 -0.619
979.143 -0.62
979.486 -0.621
979.831 -0.622
980.179 -0.623
980.529 -0.624
980.882 -0.625
981.237 -0.626
981.596 -0.627
981.957 -0.628
982.321 -0.629
982.687 -0.63
983.057 -0.631
983.429 -0.632
983.805 -0.633
984.182 -0.634
984.563 -0.635
984.946 -0.636
985.332 -0.637
985.722 -0.638
986.114 -0.639
986.509 -0.64
986.907 -0.641
987.308 -0.642
987.711 -0.643
988.114 -0.644
988.521 -0.645
988.928 -0.646
989.337 -0.647
989.749 -0.648
990.161 -0.649
990.576 -0.65
990.992 -0.651
991.411 -0.652
991.831 -0.653
992.253 -0.654
992.677 -0.655
993.102 -0.656
993.53 -0.657
993.961 -0.658
994.395 -0.659
994.832 -0.66
995.272 -0.661
995.714 -0.662
996.158 -0.663
996.604 -0.664
997.053 -0.665
997.505 -0.666
997.96 -0.667
998.418 -0.668
998.878 -0.669
999.34 -0.67
999.806 -0.671
1000.27 -0.672
1000.74 -0.673
1001.22 -0.674
1001.69 -0.675
1002.17 -0.676
1002.65 -0.677
1003.14 -0.678
1003.63 -0.679
1004.12 -0.68
1004.61 -0.681
1005.11 -0.682
1005.61 -0.683
1006.1 -0.684
1006.61 -0.685
1007.11 -0.686
1007.62 -0.687
1008.13 -0.688
1008.64 -0.689
1009.15 -0.69
1009.67 -0.691
1010.19 -0.692
1010.7 -0.693
1011.23 -0.694
1011.75 -0.695
1012.28 -0.696
1012.81 -0.697
1013.34 -0.698
1013.87 -0.699
1014.41 -0.7
1014.95 -0.701
1015.49 -0.702
1016.03 -0.703
1016.57 -0.704
1017.11 -0.705
1017.66 -0.706
1018.21 -0.707
1018.76 -0.708
1019.31 -0.709
1019.86 -0.71
1020.41 -0.711
1020.97 -0.712
1021.53 -0.713
1022.09 -0.714
1022.65 -0.715
1023.2 -0.716
1023.74 -0.717
1024.26 -0.718
1024.73 -0.719
1025.16 -0.72
1025.6 -0.721
1026.02 -0.722
1026.43 -0.723
1026.81 -0.724
1027.15 -0.725
1027.5 -0.726
1027.85 -0.727
1028.2 -0.728
1028.56 -0.729
1028.95 -0.73
1029.51 -0.731
1030.23 -0.732
1030.92 -0.733
1031.52 -0.734
1032.12 -0.735
1032.72 -0.736
1033.54 -0.737
1034.47 -0.738
1035.32 -0.739
1036.12 -0.74
1036.87 -0.741
1037.59 -0.742
1038.31 -0.743
1039.04 -0.744
1039.76 -0.745
1040.49 -0.746
1041.16 -0.747
1041.81 -0.748
1042.46 -0.749
1043.11 -0.75
1043.77 -0.751
1044.43 -0.752
1045.09 -0.753
1045.75 -0.754
1046.42 -0.755
1047.09 -0.756
1047.76 -0.757
1048.44 -0.758
1049.11 -0.759
1049.79 -0.76
1050.47 -0.761
1051.15 -0.762
1051.84 -0.763
1052.52 -0.764
1053.22 -0.765
1053.91 -0.766
1054.6 -0.767
1055.3 -0.768
1056 -0.769
1056.7 -0.77
1057.4 -0.771
1058.11 -0.772
1058.82 -0.773
1059.53 -0.774
1060.24 -0.775
1060.96 -0.776
1061.68 -0.777
1062.4 -0.778
1063.12 -0.779
1063.85 -0.78
1064.58 -0.781
1065.31 -0.782
1066.04 -0.783
1066.78 -0.784
1067.52 -0.785
1068.26 -0.786
1069 -0.787
1069.75 -0.788
1070.5 -0.789
1071.26 -0.79
1072.01 -0.791
1072.77 -0.792
1073.53 -0.793
1074.3 -0.794
1075.06 -0.795
1075.83 -0.796
1076.6 -0.797
1077.37 -0.798
1078.15 -0.799
1078.92 -0.8
1079.7 -0.801
1080.48 -0.802
1081.27 -0.803
1082.05 -0.804
1082.84 -0.805
1083.63 -0.806
1084.42 -0.807
1085.21 -0.808
1086.01 -0.809
1086.81 -0.81
1087.61 -0.811
1088.41 -0.812
1089.21 -0.813
1090.02 -0.814
1090.83 -0.815
1091.63 -0.816
1092.44 -0.817
1093.26 -0.818
1094.07 -0.819
1094.88 -0.82
1095.7 -0.821
1096.52 -0.822
1097.34 -0.823
1098.16 -0.824
1098.99 -0.825
1099.81 -0.826
1100.65 -0.827
1101.48 -0.828
1102.32 -0.829
1103.16 -0.83
1104 -0.831
1104.85 -0.832
1105.7 -0.833
1106.56 -0.834
1107.41 -0.835
1108.27 -0.836
1109.12 -0.837
1109.97 -0.838
1110.83 -0.839
1111.69 -0.84
1112.55 -0.841
1113.41 -0.842
1114.24 -0.843
1115.07 -0.844
1115.89 -0.845
1116.72 -0.846
1117.55 -0.847
1118.38 -0.848
1119.21 -0.849
1120.01 -0.85
1120.82 -0.851
1121.62 -0.852
1122.43 -0.853
1123.24 -0.854
1124.05 -0.855
1124.87 -0.856
1125.69 -0.857
1126.51 -0.858
1127.33 -0.859
1128.16 -0.86
1128.99 -0.861
1129.82 -0.862
1130.65 -0.863
1131.49 -0.864
1132.33 -0.865
1133.18 -0.866
1134.02 -0.867
1134.87 -0.868
1135.72 -0.869
1136.58 -0.87
1137.44 -0.871
1138.3 -0.872
1139.16 -0.873
1140.03 -0.874
1140.9 -0.875
1141.77 -0.876
1142.65 -0.877
1143.53 -0.878
1144.41 -0.879
1145.29 -0.88
1146.17 -0.881
1147.06 -0.882
1147.95 -0.883
1148.85 -0.884
1149.75 -0.885
1150.65 -0.886
1151.55 -0.887
1152.45 -0.888
1153.36 -0.889
1154.26 -0.89
1155.13 -0.891
1156.01 -0.892
1156.89 -0.893
1157.77 -0.894
1158.66 -0.895
1159.55 -0.896
1160.44 -0.897
1161.34 -0.898
1162.24 -0.899
1163.14 -0.9
1164.04 -0.901
1164.95 -0.902
1165.86 -0.903
1166.77 -0.904
1167.69 -0.905
1168.61 -0.906
1169.53 -0.907
1170.45 -0.908
1171.38 -0.909
1172.31 -0.91
1173.24 -0.911
1174.17 -0.912
1175.11 -0.913
1176.05 -0.914
1176.99 -0.915
1177.93 -0.916
1178.88 -0.917
1179.83 -0.918
1180.78 -0.919
1181.7 -0.92
1182.62 -0.921
1183.55 -0.922
1184.47 -0.923
1185.41 -0.924
1186.34 -0.925
1187.27 -0.926
1188.21 -0.927
1189.15 -0.928
1190.1 -0.929
1191.05 -0.93
1192 -0.931
1192.95 -0.932
1193.91 -0.933
1194.87 -0.934
1195.83 -0.935
1196.8 -0.936
1197.77 -0.937
1198.74 -0.938
1199.72 -0.939
1200.7 -0.94
1201.68 -0.941
1202.66 -0.942
1203.65 -0.943
1204.64 -0.944
1205.63 -0.945
1206.6 -0.946
1207.53 -0.947
1208.45 -0.948
1209.37 -0.949
1210.29 -0.95
1211.22 -0.951
1212.15 -0.952
1213.08 -0.953
1214.02 -0.954
1214.96 -0.955
1215.9 -0.956
1216.84 -0.957
1217.79 -0.958
1218.74 -0.959
1219.7 -0.96
1220.65 -0.961
1221.58 -0.962
1222.46 -0.963
1223.35 -0.964
1224.23 -0.965
1225.12 -0.966
1226.01 -0.967
1226.91 -0.968
1227.82 -0.969
1228.72 -0.97
1229.62 -0.971
1230.52 -0.972
1231.41 -0.973
1232.3 -0.974
1233.2 -0.975
1234.09 -0.976
1234.99 -0.977
1235.9 -0.978
1236.8 -0.979
1237.71 -0.98
1238.63 -0.981
1239.56 -0.982
1240.5 -0.983
1241.45 -0.984
1242.39 -0.985
1243.34 -0.986
1244.3 -0.987
1245.25 -0.988
1246.21 -0.989
1247.18 -0.99
1248.15 -0.991
1249.12 -0.992
1250.09 -0.993
1251.07 -0.994
1252.05 -0.995
1253.03 -0.996
1254.02 -0.997
1255.08 -0.998
1256.13 -0.999
1257.19 -1
1258.25 -1.001
1259.32 -1.002
1260.38 -1.003
1261.45 -1.004
1262.52 -1.005
1263.59 -1.006
1264.67 -1.007
1265.74 -1.008
1266.82 -1.009
1267.9 -1.01
1268.98 -1.011
1270.07 -1.012
1271.16 -1.013
1272.25 -1.014
1273.41 -1.015
1274.58 -1.016
1275.74 -1.017
1276.91 -1.018
1278.09 -1.019
1279.24 -1.02
1280.35 -1.021
1281.44 -1.022
1282.54 -1.023
1283.64 -1.024
1284.69 -1.025
1285.72 -1.026
1286.76 -1.027
1287.82 -1.028
1288.88 -1.029
1289.91 -1.03
1290.89 -1.031
1291.83 -1.032
1292.74 -1.033
1293.64 -1.034
1294.55 -1.035
1295.45 -1.036
1296.36 -1.037
1297.26 -1.038
1298.17 -1.039
1299.05 -1.04
1299.9 -1.041
1300.62 -1.042
1301.31 -1.043
1302 -1.044
1302.68 -1.045
1303.36 -1.046
1304.04 -1.047
1304.72 -1.048
1305.4 -1.049
1306.09 -1.05
1306.76 -1.051
1307.48 -1.052
1308.2 -1.053
1308.93 -1.054
1309.65 -1.055
1310.37 -1.056
1311.09 -1.057
1311.81 -1.058
1312.53 -1.059
1313.25 -1.06
1313.97 -1.061
1314.69 -1.062
1315.41 -1.063
1316.13 -1.064
1316.86 -1.065
1317.58 -1.066
1318.3 -1.067
1319.02 -1.068
1319.74 -1.069
1320.46 -1.07
1321.18 -1.071
1321.89 -1.072
1322.61 -1.073
1323.32 -1.074
1324.03 -1.075
1324.74 -1.076
1325.42 -1.077
1326.09 -1.078
1326.76 -1.079
1327.43 -1.08
1328.11 -1.081
1328.78 -1.082
1329.45 -1.083
1330.12 -1.084
1330.8 -1.085
1331.47 -1.086
1332.14 -1.087
1332.81 -1.088
1333.48 -1.089
1334.15 -1.09
1334.81 -1.091
1335.48 -1.092
1336.14 -1.093
1336.8 -1.094
1337.45 -1.095
1338.07 -1.096
1338.7 -1.097
1339.32 -1.098
1339.94 -1.099
1340.57 -1.1
1341.19 -1.101
1341.81 -1.102
1342.44 -1.103
1343.06 -1.104
1343.68 -1.105
1344.31 -1.106
1344.93 -1.107
1345.56 -1.108
1346.18 -1.109
1346.8 -1.11
1347.43 -1.111
1348.05 -1.112
1348.68 -1.113
1349.3 -1.114
1349.92 -1.115
1350.55 -1.116
1351.17 -1.117
1351.79 -1.118
1352.42 -1.119
1353.04 -1.12
1353.67 -1.121
1354.29 -1.122
1354.91 -1.123
1355.54 -1.124
1356.16 -1.125
1356.79 -1.126
1357.41 -1.127
1358.03 -1.128
1358.66 -1.129
1359.28 -1.13
1359.91 -1.131
1360.53 -1.132
1361.15 -1.133
1361.78 -1.134
1362.4 -1.135
1363.03 -1.136
1363.65 -1.137
1364.27 -1.138
1364.9 -1.139
1365.52 -1.14
1366.15 -1.141
1366.77 -1.142
1367.4 -1.143
1368.02 -1.144
1368.64 -1.145
1369.27 -1.146
1369.89 -1.147
1370.52 -1.148
1371.14 -1.149
1371.77 -1.15
1372.39 -1.151
1373.02 -1.152
1373.64 -1.153
1374.27 -1.154
1374.89 -1.155
1375.52 -1.156
1376.14 -1.157
1376.76 -1.158
1377.39 -1.159
1378.01 -1.16
1378.64 -1.161
1379.26 -1.162
1379.89 -1.163
1380.51 -1.164
1381.14 -1.165
1381.76 -1.166
1382.39 -1.167
1383.01 -1.168
1383.64 -1.169
1384.26 -1.17
1384.89 -1.171
1385.51 -1.172
1386.14 -1.173
1386.77 -1.174
1387.39 -1.175
1388.02 -1.176
1388.64 -1.177
1389.27 -1.178
1389.89 -1.179
1390.52 -1.18
1391.14 -1.181
1391.77 -1.182
1392.39 -1.183
1393.02 -1.184
1393.64 -1.185
1394.27 -1.186
1394.89 -1.187
1395.52 -1.188
1396.15 -1.189
1396.77 -1.19
1397.4 -1.191
1398.02 -1.192
1398.65 -1.193
1399.27 -1.194
1399.9 -1.195
1400.52 -1.196
1401.15 -1.197
1401.77 -1.198
1402.4 -1.199
1403.03 -1.2
