23.7869 -0.001
47.5377 -0.002
71.2519 -0.003
94.9292 -0.004
118.569 -0.005
142.172 -0.006
165.736 -0.007
189.262 -0.008
212.748 -0.009
236.196 -0.01
259.604 -0.011
282.971 -0.012
306.298 -0.013
329.584 -0.014
352.828 -0.015
376.03 -0.016
399.189 -0.017
422.305 -0.018
445.377 -0.019
468.405 -0.02
491.389 -0.021
514.327 -0.022
537.218 -0.023
560.063 -0.024
582.861 -0.025
605.611 -0.026
628.312 -0.027
650.964 -0.028
673.467 -0.029
694.743 -0.03
713.151 -0.031
726.666 -0.032
735.708 -0.033
744.207 -0.034
752.427 -0.035
760.087 -0.036
767.248 -0.037
773.189 -0.038
778.432 -0.039
781.909 -0.04
783.713 -0.041
785.419 -0.042
787.013 -0.043
788.52 -0.044
789.918 -0.045
791.241 -0.046
792.478 -0.047
793.612 -0.048
794.713 -0.049
795.75 -0.05
796.742 -0.051
797.694 -0.052
798.633 -0.053
799.568 -0.054
800.493 -0.055
801.409 -0.056
802.316 -0.057
803.215 -0.058
804.1 -0.059
804.965 -0.06
805.811 -0.061
806.651 -0.062
807.471 -0.063
808.253 -0.064
809.02 -0.065
809.775 -0.066
810.516 -0.067
811.241 -0.068
811.931 -0.069
812.593 -0.07
813.246 -0.071
813.892 -0.072
814.53 -0.073
815.146 -0.074
815.738 -0.075
816.313 -0.076
816.877 -0.077
817.425 -0.078
817.959 -0.079
818.488 -0.08
819.015 -0.081
819.54 -0.082
820.061 -0.083
820.578 -0.084
821.093 -0.085
821.604 -0.086
822.108 -0.087
822.607 -0.088
823.1 -0.089
823.588 -0.09
824.072 -0.091
824.555 -0.092
825.036 -0.093
825.513 -0.094
825.988 -0.095
826.459 -0.096
826.926 -0.097
827.389 -0.098
827.845 -0.099
828.297 -0.1
828.745 -0.101
829.189 -0.102
829.629 -0.103
830.067 -0.104
830.502 -0.105
830.935 -0.106
831.364 -0.107
831.789 -0.108
832.211 -0.109
832.628 -0.11
833.039 -0.111
833.446 -0.112
833.851 -0.113
834.251 -0.114
834.649 -0.115
835.046 -0.116
835.438 -0.117
835.827 -0.118
836.211 -0.119
836.586 -0.12
836.953 -0.121
837.316 -0.122
837.675 -0.123
838.033 -0.124
838.39 -0.125
838.744 -0.126
839.096 -0.127
839.448 -0.128
839.796 -0.129
840.14 -0.13
840.477 -0.131
840.812 -0.132
841.141 -0.133
841.463 -0.134
841.782 -0.135
842.1 -0.136
842.418 -0.137
842.734 -0.138
843.049 -0.139
843.363 -0.14
843.676 -0.141
843.988 -0.142
844.296 -0.143
844.599 -0.144
844.899 -0.145
845.198 -0.146
845.495 -0.147
845.787 -0.148
846.076 -0.149
846.362 -0.15
846.647 -0.151
846.929 -0.152
847.21 -0.153
847.488 -0.154
847.764 -0.155
848.039 -0.156
848.313 -0.157
848.586 -0.158
848.858 -0.159
849.129 -0.16
849.398 -0.161
849.663 -0.162
849.928 -0.163
850.191 -0.164
850.454 -0.165
850.716 -0.166
850.977 -0.167
851.237 -0.168
851.496 -0.169
851.754 -0.17
852.011 -0.171
852.267 -0.172
852.522 -0.173
852.776 -0.174
853.029 -0.175
853.281 -0.176
853.533 -0.177
853.783 -0.178
854.033 -0.179
854.281 -0.18
854.529 -0.181
854.773 -0.182
855.015 -0.183
855.255 -0.184
855.494 -0.185
855.732 -0.186
855.969 -0.187
856.206 -0.188
856.441 -0.189
856.676 -0.19
856.909 -0.191
857.142 -0.192
857.373 -0.193
857.604 -0.194
857.834 -0.195
858.063 -0.196
858.292 -0.197
858.519 -0.198
858.746 -0.199
858.972 -0.2
859.197 -0.201
859.421 -0.202
859.644 -0.203
859.866 -0.204
860.088 -0.205
860.309 -0.206
860.529 -0.207
860.748 -0.208
860.966 -0.209
861.184 -0.21
861.399 -0.211
861.614 -0.212
861.827 -0.213
862.04 -0.214
862.252 -0.215
862.464 -0.216
862.674 -0.217
862.884 -0.218
863.093 -0.219
863.301 -0.22
863.508 -0.221
863.715 -0.222
863.921 -0.223
864.126 -0.224
864.331 -0.225
864.535 -0.226
864.738 -0.227
864.94 -0.228
865.141 -0.229
865.342 -0.23
865.542 -0.231
865.742 -0.232
865.941 -0.233
866.139 -0.234
866.336 -0.235
866.532 -0.236
866.728 -0.237
866.923 -0.238
867.118 -0.239
867.312 -0.24
867.504 -0.241
867.696 -0.242
867.886 -0.243
868.075 -0.244
868.263 -0.245
868.451 -0.246
868.638 -0.247
868.824 -0.248
869.01 -0.249
869.194 -0.25
869.379 -0.251
869.562 -0.252
869.745 -0.253
869.927 -0.254
870.108 -0.255
870.289 -0.256
870.468 -0.257
870.648 -0.258
870.826 -0.259
871.004 -0.26
871.181 -0.261
871.358 -0.262
871.534 -0.263
871.709 -0.264
871.883 -0.265
872.056 -0.266
872.229 -0.267
872.4 -0.268
872.572 -0.269
872.742 -0.27
872.912 -0.271
873.08 -0.272
873.246 -0.273
873.411 -0.274
873.576 -0.275
873.739 -0.276
873.902 -0.277
874.064 -0.278
874.225 -0.279
874.385 -0.28
874.545 -0.281
874.703 -0.282
874.861 -0.283
875.019 -0.284
875.175 -0.285
875.331 -0.286
875.486 -0.287
875.641 -0.288
875.794 -0.289
875.947 -0.29
876.098 -0.291
876.249 -0.292
876.4 -0.293
876.549 -0.294
876.698 -0.295
876.845 -0.296
876.992 -0.297
877.138 -0.298
877.283 -0.299
877.428 -0.3
877.572 -0.301
877.715 -0.302
877.858 -0.303
878 -0.304
878.141 -0.305
878.281 -0.306
878.419 -0.307
878.557 -0.308
878.695 -0.309
878.833 -0.31
878.969 -0.311
879.105 -0.312
879.24 -0.313
879.374 -0.314
879.508 -0.315
879.641 -0.316
879.773 -0.317
879.905 -0.318
880.035 -0.319
880.165 -0.32
880.294 -0.321
880.421 -0.322
880.548 -0.323
880.673 -0.324
880.798 -0.325
880.921 -0.326
881.042 -0.327
881.163 -0.328
881.28 -0.329
881.398 -0.33
881.516 -0.331
881.631 -0.332
881.746 -0.333
881.86 -0.334
881.973 -0.335
882.084 -0.336
882.196 -0.337
882.309 -0.338
882.42 -0.339
882.532 -0.34
882.644 -0.341
882.754 -0.342
882.865 -0.343
882.974 -0.344
883.083 -0.345
883.192 -0.346
883.301 -0.347
883.409 -0.348
883.516 -0.349
883.623 -0.35
883.73 -0.351
883.837 -0.352
883.943 -0.353
884.049 -0.354
884.154 -0.355
884.259 -0.356
884.365 -0.357
884.472 -0.358
884.579 -0.359
884.685 -0.36
884.79 -0.361
884.894 -0.362
884.999 -0.363
885.104 -0.364
885.209 -0.365
885.314 -0.366
885.418 -0.367
885.522 -0.368
885.626 -0.369
885.729 -0.37
885.832 -0.371
885.935 -0.372
886.038 -0.373
886.14 -0.374
886.242 -0.375
886.343 -0.376
886.444 -0.377
886.545 -0.378
886.646 -0.379
886.746 -0.38
886.846 -0.381
886.945 -0.382
887.043 -0.383
887.141 -0.384
887.239 -0.385
887.336 -0.386
887.433 -0.387
887.529 -0.388
887.626 -0.389
887.722 -0.39
887.817 -0.391
887.912 -0.392
888.007 -0.393
888.102 -0.394
888.195 -0.395
888.288 -0.396
888.381 -0.397
888.473 -0.398
888.566 -0.399
888.658 -0.4
888.751 -0.401
888.843 -0.402
888.935 -0.403
889.027 -0.404
889.118 -0.405
889.209 -0.406
889.299 -0.407
889.389 -0.408
889.479 -0.409
889.568 -0.41
889.656 -0.411
889.745 -0.412
889.832 -0.413
889.919 -0.414
890.006 -0.415
890.092 -0.416
890.178 -0.417
890.263 -0.418
890.348 -0.419
890.43 -0.42
890.514 -0.421
890.598 -0.422
890.683 -0.423
890.77 -0.424
890.855 -0.425
890.94 -0.426
891.025 -0.427
891.109 -0.428
891.193 -0.429
891.276 -0.43
891.358 -0.431
891.44 -0.432
891.521 -0.433
891.602 -0.434
891.681 -0.435
891.76 -0.436
891.838 -0.437
891.915 -0.438
891.994 -0.439
892.074 -0.44
892.155 -0.441
892.235 -0.442
892.315 -0.443
892.394 -0.444
892.472 -0.445
892.548 -0.446
892.624 -0.447
892.698 -0.448
892.772 -0.449
892.844 -0.45
892.914 -0.451
892.982 -0.452
893.053 -0.453
893.121 -0.454
893.193 -0.455
893.265 -0.456
893.335 -0.457
893.404 -0.458
893.471 -0.459
893.536 -0.46
893.598 -0.461
893.658 -0.462
893.713 -0.463
893.761 -0.464
893.796 -0.465
893.816 -0.466
893.81 -0.467
893.772 -0.468
893.705 -0.469
893.62 -0.47
893.601 -0.471
893.609 -0.472
893.61 -0.473
893.607 -0.474
893.644 -0.475
893.764 -0.476
893.917 -0.477
894.047 -0.478
894.175 -0.479
894.315 -0.48
894.463 -0.481
894.589 -0.482
894.679 -0.483
894.758 -0.484
894.837 -0.485
894.917 -0.486
894.996 -0.487
895.075 -0.488
895.153 -0.489
895.232 -0.49
895.31 -0.491
895.387 -0.492
895.465 -0.493
895.544 -0.494
895.623 -0.495
895.703 -0.496
895.782 -0.497
895.862 -0.498
895.941 -0.499
896.02 -0.5
896.099 -0.501
896.177 -0.502
896.256 -0.503
896.334 -0.504
896.412 -0.505
896.49 -0.506
896.568 -0.507
896.646 -0.508
896.723 -0.509
896.8 -0.51
896.877 -0.511
896.954 -0.512
897.03 -0.513
897.106 -0.514
897.182 -0.515
897.259 -0.516
897.334 -0.517
897.41 -0.518
897.484 -0.519
897.558 -0.52
897.632 -0.521
897.707 -0.522
897.782 -0.523
897.858 -0.524
897.934 -0.525
898.009 -0.526
898.083 -0.527
898.157 -0.528
898.23 -0.529
898.303 -0.53
898.376 -0.531
898.449 -0.532
898.521 -0.533
898.592 -0.534
898.659 -0.535
898.709 -0.536
898.734 -0.537
898.732 -0.538
898.707 -0.539
898.665 -0.54
898.606 -0.541
898.53 -0.542
898.528 -0.543
898.561 -0.544
898.58 -0.545
898.603 -0.546
898.632 -0.547
898.767 -0.548
898.953 -0.549
899.107 -0.55
899.247 -0.551
899.393 -0.552
899.55 -0.553
899.702 -0.554
899.812 -0.555
899.903 -0.556
899.994 -0.557
900.084 -0.558
900.175 -0.559
900.266 -0.56
900.358 -0.561
900.449 -0.562
900.541 -0.563
900.633 -0.564
900.725 -0.565
900.817 -0.566
900.91 -0.567
901.003 -0.568
901.096 -0.569
901.189 -0.57
901.282 -0.571
901.376 -0.572
901.47 -0.573
901.564 -0.574
901.658 -0.575
901.753 -0.576
901.847 -0.577
901.942 -0.578
902.038 -0.579
902.134 -0.58
902.23 -0.581
902.327 -0.582
902.424 -0.583
902.522 -0.584
902.621 -0.585
902.721 -0.586
902.821 -0.587
902.922 -0.588
903.024 -0.589
903.127 -0.59
903.23 -0.591
903.334 -0.592
903.438 -0.593
903.543 -0.594
903.647 -0.595
903.752 -0.596
903.858 -0.597
903.963 -0.598
904.069 -0.599
904.175 -0.6
904.281 -0.601
904.387 -0.602
904.494 -0.603
904.601 -0.604
904.709 -0.605
904.816 -0.606
904.924 -0.607
905.032 -0.608
905.141 -0.609
905.25 -0.61
905.36 -0.611
905.47 -0.612
905.58 -0.613
905.691 -0.614
905.802 -0.615
905.914 -0.616
906.026 -0.617
906.138 -0.618
906.251 -0.619
906.364 -0.62
906.478 -0.621
906.592 -0.622
906.706 -0.623
906.821 -0.624
906.937 -0.625
907.053 -0.626
907.169 -0.627
907.286 -0.628
907.403 -0.629
907.521 -0.63
907.639 -0.631
907.758 -0.632
907.877 -0.633
907.997 -0.634
908.117 -0.635
908.237 -0.636
908.358 -0.637
908.479 -0.638
908.601 -0.639
908.723 -0.64
908.846 -0.641
908.968 -0.642
909.092 -0.643
909.215 -0.644
909.34 -0.645
909.465 -0.646
909.59 -0.647
909.716 -0.648
909.842 -0.649
909.968 -0.65
910.095 -0.651
910.222 -0.652
910.35 -0.653
910.478 -0.654
910.606 -0.655
910.735 -0.656
910.864 -0.657
910.994 -0.658
911.123 -0.659
911.254 -0.66
911.384 -0.661
911.515 -0.662
911.646 -0.663
911.778 -0.664
911.91 -0.665
912.043 -0.666
912.176 -0.667
912.309 -0.668
912.443 -0.669
912.577 -0.67
912.712 -0.671
912.847 -0.672
912.982 -0.673
913.118 -0.674
913.254 -0.675
913.391 -0.676
913.528 -0.677
913.666 -0.678
913.804 -0.679
913.942 -0.68
914.081 -0.681
914.22 -0.682
914.36 -0.683
914.5 -0.684
914.641 -0.685
914.782 -0.686
914.923 -0.687
915.065 -0.688
915.208 -0.689
915.351 -0.69
915.494 -0.691
915.638 -0.692
915.782 -0.693
915.927 -0.694
916.072 -0.695
916.218 -0.696
916.364 -0.697
916.51 -0.698
916.657 -0.699
916.805 -0.7
916.953 -0.701
917.101 -0.702
917.25 -0.703
917.399 -0.704
917.549 -0.705
917.7 -0.706
917.85 -0.707
918.002 -0.708
918.153 -0.709
918.306 -0.71
918.458 -0.711
918.612 -0.712
918.765 -0.713
918.92 -0.714
919.074 -0.715
919.229 -0.716
919.385 -0.717
919.541 -0.718
919.698 -0.719
919.855 -0.72
920.012 -0.721
920.17 -0.722
920.329 -0.723
920.488 -0.724
920.647 -0.725
920.807 -0.726
920.968 -0.727
921.128 -0.728
921.29 -0.729
921.451 -0.73
921.614 -0.731
921.776 -0.732
921.939 -0.733
922.102 -0.734
922.266 -0.735
922.43 -0.736
922.595 -0.737
922.759 -0.738
922.924 -0.739
923.089 -0.74
923.253 -0.741
923.418 -0.742
923.581 -0.743
923.741 -0.744
923.885 -0.745
924 -0.746
924.082 -0.747
924.136 -0.748
924.173 -0.749
924.207 -0.75
924.248 -0.751
924.294 -0.752
924.341 -0.753
924.389 -0.754
924.437 -0.755
924.486 -0.756
924.535 -0.757
924.586 -0.758
924.637 -0.759
924.689 -0.76
924.741 -0.761
924.795 -0.762
924.849 -0.763
924.908 -0.764
925.003 -0.765
925.122 -0.766
925.277 -0.767
925.466 -0.768
925.663 -0.769
925.86 -0.77
926.055 -0.771
926.244 -0.772
926.434 -0.773
926.621 -0.774
926.803 -0.775
926.985 -0.776
927.169 -0.777
927.353 -0.778
927.538 -0.779
927.724 -0.78
927.91 -0.781
928.097 -0.782
928.285 -0.783
928.474 -0.784
928.663 -0.785
928.853 -0.786
929.044 -0.787
929.236 -0.788
929.428 -0.789
929.623 -0.79
929.822 -0.791
930.028 -0.792
930.242 -0.793
930.461 -0.794
930.681 -0.795
930.898 -0.796
931.113 -0.797
931.325 -0.798
931.536 -0.799
931.748 -0.8
931.96 -0.801
932.173 -0.802
932.385 -0.803
932.598 -0.804
932.811 -0.805
933.025 -0.806
933.238 -0.807
933.452 -0.808
933.666 -0.809
933.88 -0.81
934.094 -0.811
934.309 -0.812
934.523 -0.813
934.738 -0.814
934.952 -0.815
935.167 -0.816
935.382 -0.817
935.596 -0.818
935.811 -0.819
936.032 -0.82
936.272 -0.821
936.53 -0.822
936.813 -0.823
937.108 -0.824
937.414 -0.825
937.725 -0.826
938.042 -0.827
938.362 -0.828
938.684 -0.829
939.006 -0.83
939.329 -0.831
939.654 -0.832
939.973 -0.833
940.255 -0.834
940.537 -0.835
940.817 -0.836
941.059 -0.837
941.3 -0.838
941.541 -0.839
941.784 -0.84
942.027 -0.841
942.271 -0.842
942.516 -0.843
942.761 -0.844
943.008 -0.845
943.255 -0.846
943.503 -0.847
943.752 -0.848
944.002 -0.849
944.253 -0.85
944.504 -0.851
944.756 -0.852
945.01 -0.853
945.264 -0.854
945.518 -0.855
945.774 -0.856
946.031 -0.857
946.288 -0.858
946.547 -0.859
946.806 -0.86
947.066 -0.861
947.327 -0.862
947.588 -0.863
947.851 -0.864
948.114 -0.865
948.379 -0.866
948.644 -0.867
948.91 -0.868
949.177 -0.869
949.445 -0.87
949.714 -0.871
949.984 -0.872
950.254 -0.873
950.526 -0.874
950.798 -0.875
951.071 -0.876
951.345 -0.877
951.621 -0.878
951.896 -0.879
952.173 -0.88
952.451 -0.881
952.73 -0.882
953.009 -0.883
953.29 -0.884
953.571 -0.885
953.854 -0.886
954.137 -0.887
954.42 -0.888
954.705 -0.889
954.99 -0.89
955.276 -0.891
955.563 -0.892
955.852 -0.893
956.141 -0.894
956.431 -0.895
956.722 -0.896
957.014 -0.897
957.307 -0.898
957.6 -0.899
957.895 -0.9
958.191 -0.901
958.488 -0.902
958.785 -0.903
959.084 -0.904
959.384 -0.905
959.683 -0.906
959.983 -0.907
960.284 -0.908
960.587 -0.909
960.89 -0.91
961.194 -0.911
961.499 -0.912
961.805 -0.913
962.112 -0.914
962.42 -0.915
962.728 -0.916
963.038 -0.917
963.349 -0.918
963.661 -0.919
963.974 -0.92
964.287 -0.921
964.602 -0.922
964.918 -0.923
965.235 -0.924
965.552 -0.925
965.87 -0.926
966.189 -0.927
966.508 -0.928
966.828 -0.929
967.149 -0.93
967.471 -0.931
967.795 -0.932
968.119 -0.933
968.444 -0.934
968.77 -0.935
969.097 -0.936
969.425 -0.937
969.755 -0.938
970.085 -0.939
970.416 -0.94
970.748 -0.941
971.082 -0.942
971.416 -0.943
971.751 -0.944
972.088 -0.945
972.425 -0.946
972.763 -0.947
973.103 -0.948
973.443 -0.949
973.785 -0.95
974.127 -0.951
974.469 -0.952
974.812 -0.953
975.156 -0.954
975.501 -0.955
975.847 -0.956
976.194 -0.957
976.543 -0.958
976.892 -0.959
977.242 -0.96
977.594 -0.961
977.946 -0.962
978.3 -0.963
978.654 -0.964
979.01 -0.965
979.367 -0.966
979.725 -0.967
980.083 -0.968
980.443 -0.969
980.804 -0.97
981.166 -0.971
981.529 -0.972
981.894 -0.973
982.259 -0.974
982.625 -0.975
982.992 -0.976
983.36 -0.977
983.73 -0.978
984.1 -0.979
984.472 -0.98
984.844 -0.981
985.216 -0.982
985.589 -0.983
985.964 -0.984
986.339 -0.985
986.716 -0.986
987.094 -0.987
987.472 -0.988
987.852 -0.989
988.233 -0.99
988.615 -0.991
988.998 -0.992
989.383 -0.993
989.768 -0.994
990.154 -0.995
990.542 -0.996
990.931 -0.997
991.321 -0.998
991.712 -0.999
992.104 -1
992.497 -1.001
992.891 -1.002
993.287 -1.003
993.684 -1.004
994.081 -1.005
994.48 -1.006
994.881 -1.007
995.282 -1.008
995.684 -1.009
996.088 -1.01
996.492 -1.011
996.898 -1.012
997.305 -1.013
997.714 -1.014
998.123 -1.015
998.533 -1.016
998.943 -1.017
999.354 -1.018
999.766 -1.019
1000.18 -1.02
1000.59 -1.021
1001.01 -1.022
1001.43 -1.023
1001.84 -1.024
1002.26 -1.025
1002.68 -1.026
1003.11 -1.027
1003.53 -1.028
1003.95 -1.029
1004.38 -1.03
1004.8 -1.031
1005.23 -1.032
1005.66 -1.033
1006.09 -1.034
1006.52 -1.035
1006.95 -1.036
1007.39 -1.037
1007.82 -1.038
1008.26 -1.039
1008.7 -1.04
1009.13 -1.041
1009.57 -1.042
1010.02 -1.043
1010.46 -1.044
1010.9 -1.045
1011.34 -1.046
1011.79 -1.047
1012.23 -1.048
1012.68 -1.049
1013.12 -1.05
1013.57 -1.051
1014.02 -1.052
1014.47 -1.053
1014.93 -1.054
1015.38 -1.055
1015.83 -1.056
1016.29 -1.057
1016.75 -1.058
1017.2 -1.059
1017.66 -1.06
1018.12 -1.061
1018.59 -1.062
1019.05 -1.063
1019.51 -1.064
1019.98 -1.065
1020.45 -1.066
1020.92 -1.067
1021.39 -1.068
1021.86 -1.069
1022.33 -1.07
1022.8 -1.071
1023.27 -1.072
1023.75 -1.073
1024.22 -1.074
1024.7 -1.075
1025.18 -1.076
1025.66 -1.077
1026.14 -1.078
1026.62 -1.079
1027.1 -1.08
1027.58 -1.081
1028.07 -1.082
1028.55 -1.083
1029.04 -1.084
1029.53 -1.085
1030.01 -1.086
1030.5 -1.087
1030.99 -1.088
1031.48 -1.089
1031.98 -1.09
1032.47 -1.091
1032.96 -1.092
1033.46 -1.093
1033.96 -1.094
1034.46 -1.095
1034.96 -1.096
1035.46 -1.097
1035.96 -1.098
1036.46 -1.099
1036.96 -1.1
