23.1664 -0.001
46.214 -0.002
69.1399 -0.003
91.9421 -0.004
114.618 -0.005
137.166 -0.006
159.582 -0.007
181.863 -0.008
204.007 -0.009
226.009 -0.01
247.866 -0.011
269.574 -0.012
291.126 -0.013
312.518 -0.014
333.743 -0.015
354.56 -0.016
373.14 -0.017
390.061 -0.018
406.851 -0.019
423.507 -0.02
440.027 -0.021
456.398 -0.022
472.622 -0.023
488.705 -0.024
504.639 -0.025
520.447 -0.026
536.132 -0.027
551.699 -0.028
567.166 -0.029
582.443 -0.03
597.478 -0.031
612.205 -0.032
626.717 -0.033
640.548 -0.034
653.795 -0.035
666.907 -0.036
679.901 -0.037
692.437 -0.038
704.834 -0.039
717.161 -0.04
729.413 -0.041
741.588 -0.042
753.68 -0.043
765.252 -0.044
775.741 -0.045
784.745 -0.046
792.215 -0.047
797.23 -0.048
801.632 -0.049
805.882 -0.05
810.07 -0.051
814.231 -0.052
818.364 -0.053
822.471 -0.054
826.532 -0.055
830.471 -0.056
834.323 -0.057
837.957 -0.058
841.187 -0.059
844.394 -0.06
847.307 -0.061
849.655 -0.062
851.982 -0.063
854.234 -0.064
855.653 -0.065
856.957 -0.066
857.612 -0.067
857.937 -0.068
858.247 -0.069
858.544 -0.07
858.8 -0.071
859.04 -0.072
859.27 -0.073
859.471 -0.074
859.654 -0.075
859.811 -0.076
859.959 -0.077
860.088 -0.078
860.165 -0.079
860.236 -0.08
860.302 -0.081
860.366 -0.082
860.428 -0.083
860.484 -0.084
860.502 -0.085
860.514 -0.086
860.529 -0.087
860.541 -0.088
860.549 -0.089
860.555 -0.09
860.521 -0.091
860.459 -0.092
860.396 -0.093
860.33 -0.094
860.23 -0.095
860.121 -0.096
860.016 -0.097
859.926 -0.098
859.854 -0.099
859.8 -0.1
859.758 -0.101
859.716 -0.102
859.673 -0.103
859.628 -0.104
859.58 -0.105
859.531 -0.106
859.48 -0.107
859.428 -0.108
859.374 -0.109
859.318 -0.11
859.26 -0.111
859.2 -0.112
859.132 -0.113
859.069 -0.114
859.011 -0.115
858.96 -0.116
858.915 -0.117
858.878 -0.118
858.842 -0.119
858.806 -0.12
858.771 -0.121
858.736 -0.122
858.688 -0.123
858.623 -0.124
858.547 -0.125
858.468 -0.126
858.389 -0.127
858.309 -0.128
858.228 -0.129
858.146 -0.13
858.063 -0.131
857.979 -0.132
857.894 -0.133
857.808 -0.134
857.722 -0.135
857.636 -0.136
857.549 -0.137
857.463 -0.138
857.369 -0.139
857.265 -0.14
857.166 -0.141
857.074 -0.142
856.983 -0.143
856.881 -0.144
856.775 -0.145
856.673 -0.146
856.571 -0.147
856.469 -0.148
856.368 -0.149
856.268 -0.15
856.169 -0.151
856.072 -0.152
855.976 -0.153
855.881 -0.154
855.787 -0.155
855.695 -0.156
855.604 -0.157
855.515 -0.158
855.427 -0.159
855.341 -0.16
855.257 -0.161
855.174 -0.162
855.092 -0.163
855.01 -0.164
854.929 -0.165
854.851 -0.166
854.775 -0.167
854.703 -0.168
854.633 -0.169
854.568 -0.17
854.507 -0.171
854.447 -0.172
854.39 -0.173
854.334 -0.174
854.279 -0.175
854.223 -0.176
854.167 -0.177
854.112 -0.178
854.059 -0.179
854.007 -0.18
853.957 -0.181
853.91 -0.182
853.864 -0.183
853.821 -0.184
853.78 -0.185
853.736 -0.186
853.681 -0.187
853.626 -0.188
853.575 -0.189
853.526 -0.19
853.48 -0.191
853.436 -0.192
853.396 -0.193
853.358 -0.194
853.324 -0.195
853.293 -0.196
853.264 -0.197
853.238 -0.198
853.215 -0.199
853.194 -0.2
853.176 -0.201
853.16 -0.202
853.148 -0.203
853.137 -0.204
853.13 -0.205
853.126 -0.206
853.124 -0.207
853.125 -0.208
853.128 -0.209
853.133 -0.21
853.141 -0.211
853.154 -0.212
853.17 -0.213
853.191 -0.214
853.214 -0.215
853.242 -0.216
853.274 -0.217
853.309 -0.218
853.347 -0.219
853.388 -0.22
853.432 -0.221
853.48 -0.222
853.532 -0.223
853.587 -0.224
853.646 -0.225
853.708 -0.226
853.773 -0.227
853.843 -0.228
853.916 -0.229
853.993 -0.23
854.074 -0.231
854.159 -0.232
854.248 -0.233
854.341 -0.234
854.438 -0.235
854.539 -0.236
854.645 -0.237
854.755 -0.238
854.869 -0.239
854.988 -0.24
855.111 -0.241
855.238 -0.242
855.37 -0.243
855.505 -0.244
855.645 -0.245
855.788 -0.246
855.936 -0.247
856.088 -0.248
856.244 -0.249
856.405 -0.25
856.571 -0.251
856.742 -0.252
856.917 -0.253
857.098 -0.254
857.283 -0.255
857.473 -0.256
857.667 -0.257
857.864 -0.258
858.065 -0.259
858.269 -0.26
858.477 -0.261
858.689 -0.262
858.905 -0.263
859.127 -0.264
859.352 -0.265
859.581 -0.266
859.814 -0.267
860.053 -0.268
860.296 -0.269
860.545 -0.27
860.799 -0.271
861.057 -0.272
861.319 -0.273
861.585 -0.274
861.854 -0.275
862.128 -0.276
862.408 -0.277
862.693 -0.278
862.984 -0.279
863.28 -0.28
863.582 -0.281
863.89 -0.282
864.203 -0.283
864.522 -0.284
864.844 -0.285
865.169 -0.286
865.499 -0.287
865.835 -0.288
866.176 -0.289
866.523 -0.29
866.875 -0.291
867.231 -0.292
867.593 -0.293
867.96 -0.294
868.333 -0.295
868.711 -0.296
869.092 -0.297
869.477 -0.298
869.868 -0.299
870.264 -0.3
870.667 -0.301
871.075 -0.302
871.489 -0.303
871.908 -0.304
872.333 -0.305
872.764 -0.306
873.19 -0.307
873.551 -0.308
873.887 -0.309
874.227 -0.31
874.571 -0.311
874.92 -0.312
875.274 -0.313
875.632 -0.314
875.992 -0.315
876.357 -0.316
876.728 -0.317
877.104 -0.318
877.484 -0.319
877.869 -0.32
878.258 -0.321
878.624 -0.322
878.981 -0.323
879.343 -0.324
879.709 -0.325
880.08 -0.326
880.455 -0.327
880.834 -0.328
881.214 -0.329
881.598 -0.33
881.986 -0.331
882.378 -0.332
882.774 -0.333
883.175 -0.334
883.58 -0.335
883.99 -0.336
884.405 -0.337
884.824 -0.338
885.248 -0.339
885.677 -0.34
886.11 -0.341
886.549 -0.342
886.992 -0.343
887.439 -0.344
887.854 -0.345
888.26 -0.346
888.671 -0.347
889.086 -0.348
889.505 -0.349
889.928 -0.35
890.356 -0.351
890.788 -0.352
891.224 -0.353
891.665 -0.354
892.11 -0.355
892.56 -0.356
893.014 -0.357
893.473 -0.358
893.936 -0.359
894.397 -0.36
894.837 -0.361
895.261 -0.362
895.67 -0.363
896.058 -0.364
896.449 -0.365
896.844 -0.366
897.241 -0.367
897.627 -0.368
898.004 -0.369
898.379 -0.37
898.758 -0.371
899.14 -0.372
899.525 -0.373
899.914 -0.374
900.306 -0.375
900.701 -0.376
901.099 -0.377
901.501 -0.378
901.907 -0.379
902.315 -0.38
902.727 -0.381
903.142 -0.382
903.561 -0.383
903.984 -0.384
904.409 -0.385
904.839 -0.386
905.271 -0.387
905.708 -0.388
906.148 -0.389
906.592 -0.39
907.04 -0.391
907.491 -0.392
907.946 -0.393
908.406 -0.394
908.869 -0.395
909.336 -0.396
909.807 -0.397
910.256 -0.398
910.694 -0.399
911.135 -0.4
911.581 -0.401
912.029 -0.402
912.482 -0.403
912.938 -0.404
913.398 -0.405
913.854 -0.406
914.296 -0.407
914.741 -0.408
915.189 -0.409
915.641 -0.41
916.097 -0.411
916.557 -0.412
917.021 -0.413
917.488 -0.414
917.959 -0.415
918.435 -0.416
918.914 -0.417
919.396 -0.418
919.883 -0.419
920.373 -0.42
920.867 -0.421
921.365 -0.422
921.865 -0.423
922.35 -0.424
922.833 -0.425
923.321 -0.426
923.812 -0.427
924.307 -0.428
924.806 -0.429
925.309 -0.43
925.817 -0.431
926.328 -0.432
926.843 -0.433
927.363 -0.434
927.886 -0.435
928.414 -0.436
928.945 -0.437
929.48 -0.438
930.02 -0.439
930.563 -0.44
931.112 -0.441
931.664 -0.442
932.22 -0.443
932.781 -0.444
933.346 -0.445
933.915 -0.446
934.488 -0.447
935.066 -0.448
935.647 -0.449
936.233 -0.45
936.824 -0.451
937.419 -0.452
938.018 -0.453
938.622 -0.454
939.229 -0.455
939.839 -0.456
940.447 -0.457
941.044 -0.458
941.645 -0.459
942.249 -0.46
942.855 -0.461
943.466 -0.462
944.081 -0.463
944.701 -0.464
945.325 -0.465
945.955 -0.466
946.588 -0.467
947.227 -0.468
947.87 -0.469
948.518 -0.47
949.171 -0.471
949.829 -0.472
950.491 -0.473
951.158 -0.474
951.83 -0.475
952.507 -0.476
953.183 -0.477
953.856 -0.478
954.534 -0.479
955.217 -0.48
955.905 -0.481
956.597 -0.482
957.294 -0.483
957.996 -0.484
958.703 -0.485
959.414 -0.486
960.131 -0.487
960.852 -0.488
961.579 -0.489
962.309 -0.49
963.045 -0.491
963.786 -0.492
964.531 -0.493
965.282 -0.494
966.039 -0.495
966.8 -0.496
967.566 -0.497
968.337 -0.498
969.113 -0.499
969.893 -0.5
970.679 -0.501
971.47 -0.502
972.267 -0.503
973.069 -0.504
973.876 -0.505
974.689 -0.506
975.507 -0.507
976.331 -0.508
977.159 -0.509
977.991 -0.51
978.829 -0.511
979.67 -0.512
980.514 -0.513
981.364 -0.514
982.217 -0.515
983.074 -0.516
983.936 -0.517
984.782 -0.518
985.609 -0.519
986.441 -0.52
987.264 -0.521
988.091 -0.522
988.922 -0.523
989.748 -0.524
990.573 -0.525
991.395 -0.526
992.219 -0.527
993.047 -0.528
993.88 -0.529
994.718 -0.53
995.56 -0.531
996.406 -0.532
997.258 -0.533
998.115 -0.534
998.975 -0.535
999.836 -0.536
1000.7 -0.537
1001.57 -0.538
1002.45 -0.539
1003.33 -0.54
1004.21 -0.541
1005.09 -0.542
1005.98 -0.543
1006.86 -0.544
1007.76 -0.545
1008.65 -0.546
1009.55 -0.547
1010.45 -0.548
1011.35 -0.549
1012.23 -0.55
1013.05 -0.551
1013.7 -0.552
1014.32 -0.553
1014.91 -0.554
1015.49 -0.555
1016.08 -0.556
1016.68 -0.557
1017.28 -0.558
1017.89 -0.559
1018.5 -0.56
1019.14 -0.561
1020.43 -0.562
1021.85 -0.563
1022.92 -0.564
1023.78 -0.565
1024.48 -0.566
1025.15 -0.567
1025.8 -0.568
1026.44 -0.569
1027.09 -0.57
1027.74 -0.571
1028.39 -0.572
1029.04 -0.573
1029.69 -0.574
1030.49 -0.575
1031.91 -0.576
1033.33 -0.577
1034.53 -0.578
1035.69 -0.579
1036.79 -0.58
1037.86 -0.581
1038.94 -0.582
1040.02 -0.583
1041.1 -0.584
1042.18 -0.585
1043.23 -0.586
1044.29 -0.587
1045.35 -0.588
1046.41 -0.589
1047.48 -0.59
1048.55 -0.591
1049.62 -0.592
1050.69 -0.593
1051.77 -0.594
1052.84 -0.595
1053.93 -0.596
1055.01 -0.597
1056.11 -0.598
1057.2 -0.599
1058.29 -0.6
1059.37 -0.601
1060.44 -0.602
1061.49 -0.603
1062.53 -0.604
1063.57 -0.605
1064.6 -0.606
1065.62 -0.607
1066.61 -0.608
1067.6 -0.609
1068.59 -0.61
1069.58 -0.611
1070.57 -0.612
1071.56 -0.613
1072.56 -0.614
1073.55 -0.615
1074.55 -0.616
1075.55 -0.617
1076.55 -0.618
1077.55 -0.619
1078.54 -0.62
1079.53 -0.621
1080.5 -0.622
1081.46 -0.623
1082.39 -0.624
1083.29 -0.625
1084.25 -0.626
1085.19 -0.627
1086.21 -0.628
1087.38 -0.629
1088.56 -0.63
1089.73 -0.631
1090.85 -0.632
1091.93 -0.633
1093.02 -0.634
1094.08 -0.635
1095.1 -0.636
1096.12 -0.637
1097.15 -0.638
1098.18 -0.639
1099.21 -0.64
1100.25 -0.641
1101.29 -0.642
1102.34 -0.643
1103.39 -0.644
1104.44 -0.645
1105.5 -0.646
1106.57 -0.647
1107.64 -0.648
1108.71 -0.649
1109.78 -0.65
1110.86 -0.651
1111.95 -0.652
1113.03 -0.653
1114.12 -0.654
1115.21 -0.655
1116.31 -0.656
1117.41 -0.657
1118.51 -0.658
1119.6 -0.659
1120.7 -0.66
1121.8 -0.661
1122.9 -0.662
1124.01 -0.663
1125.12 -0.664
1126.23 -0.665
1127.32 -0.666
1128.41 -0.667
1129.49 -0.668
1130.58 -0.669
1131.67 -0.67
1132.77 -0.671
1133.87 -0.672
1134.97 -0.673
1136.08 -0.674
1137.19 -0.675
1138.29 -0.676
1139.37 -0.677
1140.43 -0.678
1141.5 -0.679
1142.58 -0.68
1143.65 -0.681
1144.73 -0.682
1145.81 -0.683
1146.88 -0.684
1147.94 -0.685
1149 -0.686
1150.06 -0.687
1151.11 -0.688
1152.15 -0.689
1153.2 -0.69
1154.26 -0.691
1155.32 -0.692
1156.37 -0.693
1157.39 -0.694
1158.41 -0.695
1159.43 -0.696
1160.45 -0.697
1161.47 -0.698
1162.49 -0.699
1163.52 -0.7
