12.2267 -0.001
24.4414 -0.002
36.6439 -0.003
48.8342 -0.004
61.0122 -0.005
73.1779 -0.006
85.3311 -0.007
97.4718 -0.008
109.6 -0.009
121.715 -0.01
133.818 -0.011
145.908 -0.012
157.985 -0.013
170.049 -0.014
182.1 -0.015
194.137 -0.016
206.162 -0.017
218.173 -0.018
230.171 -0.019
242.155 -0.02
254.125 -0.021
266.082 -0.022
278.025 -0.023
289.954 -0.024
301.869 -0.025
313.77 -0.026
325.657 -0.027
337.529 -0.028
349.387 -0.029
361.23 -0.03
373.059 -0.031
384.873 -0.032
396.672 -0.033
408.456 -0.034
420.222 -0.035
431.686 -0.036
442.15 -0.037
451.126 -0.038
460.008 -0.039
468.858 -0.04
477.684 -0.041
486.48 -0.042
495.245 -0.043
503.984 -0.044
512.704 -0.045
521.426 -0.046
530.14 -0.047
538.843 -0.048
547.536 -0.049
556.232 -0.05
564.923 -0.051
573.605 -0.052
582.278 -0.053
590.805 -0.054
598.834 -0.055
606.176 -0.056
612.495 -0.057
617.155 -0.058
621.553 -0.059
625.874 -0.06
630.061 -0.061
634.126 -0.062
637.932 -0.063
641.51 -0.064
644.594 -0.065
647.423 -0.066
650.196 -0.067
652.903 -0.068
655.468 -0.069
657.879 -0.07
660.152 -0.071
662.107 -0.072
663.937 -0.073
665.286 -0.074
666.124 -0.075
666.787 -0.076
667.411 -0.077
668.006 -0.078
668.578 -0.079
669.126 -0.08
669.639 -0.081
670.128 -0.082
670.594 -0.083
671.04 -0.084
671.468 -0.085
671.882 -0.086
672.287 -0.087
672.687 -0.088
673.078 -0.089
673.467 -0.09
673.852 -0.091
674.234 -0.092
674.614 -0.093
674.991 -0.094
675.365 -0.095
675.736 -0.096
676.105 -0.097
676.471 -0.098
676.833 -0.099
677.193 -0.1
677.547 -0.101
677.898 -0.102
678.246 -0.103
678.587 -0.104
678.924 -0.105
679.258 -0.106
679.588 -0.107
679.912 -0.108
680.228 -0.109
680.54 -0.11
680.845 -0.111
681.146 -0.112
681.441 -0.113
681.73 -0.114
682.016 -0.115
682.297 -0.116
682.573 -0.117
682.843 -0.118
683.108 -0.119
683.368 -0.12
683.622 -0.121
683.874 -0.122
684.121 -0.123
684.362 -0.124
684.598 -0.125
684.831 -0.126
685.061 -0.127
685.286 -0.128
685.507 -0.129
685.725 -0.13
685.939 -0.131
686.148 -0.132
686.353 -0.133
686.556 -0.134
686.755 -0.135
686.948 -0.136
687.135 -0.137
687.321 -0.138
687.505 -0.139
687.685 -0.14
687.86 -0.141
688.033 -0.142
688.204 -0.143
688.373 -0.144
688.538 -0.145
688.7 -0.146
688.86 -0.147
689.019 -0.148
689.176 -0.149
689.331 -0.15
689.484 -0.151
689.634 -0.152
689.782 -0.153
689.929 -0.154
690.074 -0.155
690.218 -0.156
690.36 -0.157
690.499 -0.158
690.638 -0.159
690.775 -0.16
690.911 -0.161
691.046 -0.162
691.179 -0.163
691.312 -0.164
691.443 -0.165
691.572 -0.166
691.7 -0.167
691.827 -0.168
691.954 -0.169
692.079 -0.17
692.203 -0.171
692.326 -0.172
692.447 -0.173
692.568 -0.174
692.688 -0.175
692.807 -0.176
692.925 -0.177
693.042 -0.178
693.158 -0.179
693.273 -0.18
693.387 -0.181
693.501 -0.182
693.614 -0.183
693.726 -0.184
693.837 -0.185
693.948 -0.186
694.058 -0.187
694.167 -0.188
694.276 -0.189
694.384 -0.19
694.491 -0.191
694.597 -0.192
694.703 -0.193
694.808 -0.194
694.912 -0.195
695.016 -0.196
695.119 -0.197
695.222 -0.198
695.324 -0.199
695.425 -0.2
695.526 -0.201
695.626 -0.202
695.725 -0.203
695.824 -0.204
695.923 -0.205
696.021 -0.206
696.118 -0.207
696.215 -0.208
696.311 -0.209
696.407 -0.21
696.503 -0.211
696.598 -0.212
696.692 -0.213
696.786 -0.214
696.879 -0.215
696.972 -0.216
697.065 -0.217
697.157 -0.218
697.249 -0.219
697.34 -0.22
697.431 -0.221
697.522 -0.222
697.612 -0.223
697.702 -0.224
697.792 -0.225
697.881 -0.226
697.97 -0.227
698.059 -0.228
698.147 -0.229
698.235 -0.23
698.323 -0.231
698.41 -0.232
698.497 -0.233
698.584 -0.234
698.671 -0.235
698.757 -0.236
698.843 -0.237
698.929 -0.238
699.014 -0.239
699.099 -0.24
699.184 -0.241
699.269 -0.242
699.354 -0.243
699.438 -0.244
699.523 -0.245
699.607 -0.246
699.691 -0.247
699.775 -0.248
699.858 -0.249
699.942 -0.25
700.025 -0.251
700.109 -0.252
700.192 -0.253
700.275 -0.254
700.358 -0.255
700.441 -0.256
700.524 -0.257
700.606 -0.258
700.689 -0.259
700.772 -0.26
700.854 -0.261
700.937 -0.262
701.019 -0.263
701.101 -0.264
701.184 -0.265
701.266 -0.266
701.348 -0.267
701.43 -0.268
701.513 -0.269
701.595 -0.27
701.677 -0.271
701.759 -0.272
701.841 -0.273
701.924 -0.274
702.006 -0.275
702.088 -0.276
702.17 -0.277
702.252 -0.278
702.334 -0.279
702.416 -0.28
702.498 -0.281
702.581 -0.282
702.663 -0.283
702.745 -0.284
702.827 -0.285
702.909 -0.286
702.991 -0.287
703.073 -0.288
703.155 -0.289
703.238 -0.29
703.32 -0.291
703.402 -0.292
703.484 -0.293
703.566 -0.294
703.648 -0.295
703.73 -0.296
703.812 -0.297
703.895 -0.298
703.977 -0.299
704.059 -0.3
704.141 -0.301
704.223 -0.302
704.305 -0.303
704.387 -0.304
704.47 -0.305
704.552 -0.306
704.634 -0.307
704.716 -0.308
704.798 -0.309
704.88 -0.31
704.962 -0.311
705.045 -0.312
705.127 -0.313
705.209 -0.314
705.291 -0.315
705.373 -0.316
705.456 -0.317
705.538 -0.318
705.62 -0.319
705.702 -0.32
705.784 -0.321
705.867 -0.322
705.949 -0.323
706.031 -0.324
706.113 -0.325
706.195 -0.326
706.278 -0.327
706.36 -0.328
706.442 -0.329
706.524 -0.33
706.606 -0.331
706.689 -0.332
706.771 -0.333
706.853 -0.334
706.935 -0.335
707.018 -0.336
707.1 -0.337
707.182 -0.338
707.264 -0.339
707.347 -0.34
707.429 -0.341
707.511 -0.342
707.594 -0.343
707.676 -0.344
707.758 -0.345
707.841 -0.346
707.923 -0.347
708.005 -0.348
708.087 -0.349
708.17 -0.35
708.252 -0.351
708.335 -0.352
708.417 -0.353
708.499 -0.354
708.582 -0.355
708.664 -0.356
708.746 -0.357
708.829 -0.358
708.911 -0.359
708.993 -0.36
709.076 -0.361
709.158 -0.362
709.241 -0.363
709.323 -0.364
709.405 -0.365
709.488 -0.366
709.57 -0.367
709.653 -0.368
709.735 -0.369
709.817 -0.37
709.9 -0.371
709.982 -0.372
710.065 -0.373
710.147 -0.374
710.23 -0.375
710.312 -0.376
710.394 -0.377
710.477 -0.378
710.559 -0.379
710.642 -0.38
710.724 -0.381
710.807 -0.382
710.889 -0.383
710.972 -0.384
711.054 -0.385
711.137 -0.386
711.219 -0.387
711.302 -0.388
711.384 -0.389
711.467 -0.39
711.549 -0.391
711.632 -0.392
711.714 -0.393
711.797 -0.394
711.88 -0.395
711.962 -0.396
712.045 -0.397
712.127 -0.398
712.21 -0.399
712.292 -0.4
712.375 -0.401
712.458 -0.402
712.54 -0.403
712.623 -0.404
712.706 -0.405
712.788 -0.406
712.871 -0.407
712.954 -0.408
713.036 -0.409
713.119 -0.41
713.202 -0.411
713.284 -0.412
713.367 -0.413
713.45 -0.414
713.533 -0.415
713.615 -0.416
713.698 -0.417
713.781 -0.418
713.864 -0.419
713.946 -0.42
714.029 -0.421
714.112 -0.422
714.195 -0.423
714.278 -0.424
714.361 -0.425
714.443 -0.426
714.526 -0.427
714.609 -0.428
714.692 -0.429
714.775 -0.43
714.858 -0.431
714.941 -0.432
715.024 -0.433
715.107 -0.434
715.19 -0.435
715.272 -0.436
715.355 -0.437
715.438 -0.438
715.521 -0.439
715.604 -0.44
715.687 -0.441
715.77 -0.442
715.853 -0.443
715.937 -0.444
716.02 -0.445
716.103 -0.446
716.186 -0.447
716.269 -0.448
716.352 -0.449
716.435 -0.45
716.518 -0.451
716.601 -0.452
716.684 -0.453
716.768 -0.454
716.851 -0.455
716.934 -0.456
717.017 -0.457
717.1 -0.458
717.184 -0.459
717.267 -0.46
717.35 -0.461
717.433 -0.462
717.517 -0.463
717.6 -0.464
717.683 -0.465
717.766 -0.466
717.85 -0.467
717.933 -0.468
718.016 -0.469
718.1 -0.47
718.183 -0.471
718.267 -0.472
718.35 -0.473
718.433 -0.474
718.517 -0.475
718.6 -0.476
718.683 -0.477
718.767 -0.478
718.85 -0.479
718.934 -0.48
719.017 -0.481
719.101 -0.482
719.184 -0.483
719.268 -0.484
719.351 -0.485
719.435 -0.486
719.518 -0.487
719.602 -0.488
719.685 -0.489
719.769 -0.49
719.853 -0.491
719.936 -0.492
720.02 -0.493
720.103 -0.494
720.187 -0.495
720.271 -0.496
720.354 -0.497
720.438 -0.498
720.522 -0.499
720.605 -0.5
720.689 -0.501
720.773 -0.502
720.857 -0.503
720.94 -0.504
721.024 -0.505
721.108 -0.506
721.191 -0.507
721.275 -0.508
721.359 -0.509
721.443 -0.51
721.526 -0.511
721.61 -0.512
721.694 -0.513
721.778 -0.514
721.862 -0.515
721.946 -0.516
722.029 -0.517
722.113 -0.518
722.197 -0.519
722.281 -0.52
722.365 -0.521
722.449 -0.522
722.533 -0.523
722.617 -0.524
722.7 -0.525
722.784 -0.526
722.868 -0.527
722.952 -0.528
723.036 -0.529
723.12 -0.53
723.204 -0.531
723.288 -0.532
723.372 -0.533
723.457 -0.534
723.541 -0.535
723.625 -0.536
723.709 -0.537
723.793 -0.538
723.877 -0.539
723.961 -0.54
724.046 -0.541
724.13 -0.542
724.214 -0.543
724.298 -0.544
724.383 -0.545
724.467 -0.546
724.551 -0.547
724.635 -0.548
724.72 -0.549
724.804 -0.55
724.888 -0.551
724.973 -0.552
725.057 -0.553
725.142 -0.554
725.226 -0.555
725.311 -0.556
725.395 -0.557
725.479 -0.558
725.564 -0.559
725.648 -0.56
725.733 -0.561
725.818 -0.562
725.902 -0.563
725.987 -0.564
726.071 -0.565
726.156 -0.566
726.241 -0.567
726.325 -0.568
726.41 -0.569
726.495 -0.57
726.579 -0.571
726.664 -0.572
726.749 -0.573
726.834 -0.574
726.918 -0.575
727.003 -0.576
727.088 -0.577
727.173 -0.578
727.258 -0.579
727.342 -0.58
727.427 -0.581
727.512 -0.582
727.597 -0.583
727.682 -0.584
727.767 -0.585
727.852 -0.586
727.937 -0.587
728.022 -0.588
728.107 -0.589
728.192 -0.59
728.277 -0.591
728.362 -0.592
728.447 -0.593
728.532 -0.594
728.618 -0.595
728.703 -0.596
728.788 -0.597
728.873 -0.598
728.958 -0.599
729.043 -0.6
729.129 -0.601
729.214 -0.602
729.299 -0.603
729.384 -0.604
729.47 -0.605
729.555 -0.606
729.64 -0.607
729.725 -0.608
729.81 -0.609
729.896 -0.61
729.981 -0.611
730.066 -0.612
730.151 -0.613
730.237 -0.614
730.322 -0.615
730.408 -0.616
730.493 -0.617
730.578 -0.618
730.664 -0.619
730.749 -0.62
730.834 -0.621
730.92 -0.622
731.005 -0.623
731.09 -0.624
731.176 -0.625
731.261 -0.626
731.347 -0.627
731.432 -0.628
731.518 -0.629
731.603 -0.63
731.689 -0.631
731.774 -0.632
731.86 -0.633
731.945 -0.634
732.031 -0.635
732.117 -0.636
732.202 -0.637
732.288 -0.638
732.374 -0.639
732.459 -0.64
732.545 -0.641
732.631 -0.642
732.717 -0.643
732.802 -0.644
732.888 -0.645
732.974 -0.646
733.06 -0.647
733.146 -0.648
733.232 -0.649
733.318 -0.65
733.403 -0.651
733.489 -0.652
733.575 -0.653
733.661 -0.654
733.747 -0.655
733.833 -0.656
733.92 -0.657
734.006 -0.658
734.092 -0.659
734.178 -0.66
734.264 -0.661
734.35 -0.662
734.436 -0.663
734.523 -0.664
734.609 -0.665
734.695 -0.666
734.781 -0.667
734.868 -0.668
734.954 -0.669
735.04 -0.67
735.127 -0.671
735.213 -0.672
735.299 -0.673
735.386 -0.674
735.472 -0.675
735.559 -0.676
735.645 -0.677
735.732 -0.678
735.818 -0.679
735.905 -0.68
735.991 -0.681
736.078 -0.682
736.165 -0.683
736.251 -0.684
736.338 -0.685
736.425 -0.686
736.511 -0.687
736.598 -0.688
736.685 -0.689
736.772 -0.69
736.858 -0.691
736.945 -0.692
737.032 -0.693
737.118 -0.694
737.205 -0.695
737.292 -0.696
737.378 -0.697
737.465 -0.698
737.551 -0.699
737.638 -0.7
737.724 -0.701
737.811 -0.702
737.897 -0.703
737.984 -0.704
738.07 -0.705
738.156 -0.706
738.243 -0.707
738.329 -0.708
738.415 -0.709
738.501 -0.71
738.588 -0.711
738.674 -0.712
738.76 -0.713
738.846 -0.714
738.933 -0.715
739.019 -0.716
739.105 -0.717
739.192 -0.718
739.278 -0.719
739.364 -0.72
739.451 -0.721
739.537 -0.722
739.623 -0.723
739.71 -0.724
739.796 -0.725
739.883 -0.726
739.969 -0.727
740.056 -0.728
740.143 -0.729
740.229 -0.73
740.316 -0.731
740.402 -0.732
740.489 -0.733
740.576 -0.734
740.662 -0.735
740.749 -0.736
740.835 -0.737
740.92 -0.738
741.006 -0.739
741.091 -0.74
741.177 -0.741
741.262 -0.742
741.347 -0.743
741.432 -0.744
741.515 -0.745
741.597 -0.746
741.679 -0.747
741.761 -0.748
741.843 -0.749
741.926 -0.75
742.008 -0.751
742.09 -0.752
742.17 -0.753
742.243 -0.754
742.312 -0.755
742.381 -0.756
742.44 -0.757
742.468 -0.758
742.497 -0.759
742.467 -0.76
742.423 -0.761
742.379 -0.762
742.313 -0.763
742.253 -0.764
742.193 -0.765
742.092 -0.766
741.99 -0.767
741.848 -0.768
741.672 -0.769
741.496 -0.77
741.318 -0.771
741.139 -0.772
740.959 -0.773
740.818 -0.774
740.714 -0.775
740.609 -0.776
740.505 -0.777
740.401 -0.778
740.297 -0.779
740.214 -0.78
740.146 -0.781
740.078 -0.782
740.07 -0.783
740.079 -0.784
740.089 -0.785
740.131 -0.786
740.176 -0.787
740.22 -0.788
740.297 -0.789
740.373 -0.79
740.478 -0.791
740.59 -0.792
740.696 -0.793
740.81 -0.794
740.953 -0.795
741.109 -0.796
741.265 -0.797
741.422 -0.798
741.579 -0.799
741.752 -0.8
741.92 -0.801
742.089 -0.802
742.258 -0.803
742.423 -0.804
742.602 -0.805
742.777 -0.806
742.945 -0.807
743.109 -0.808
743.267 -0.809
743.429 -0.81
743.589 -0.811
743.752 -0.812
743.904 -0.813
744.048 -0.814
744.195 -0.815
744.343 -0.816
744.49 -0.817
744.636 -0.818
744.782 -0.819
744.927 -0.82
745.07 -0.821
745.207 -0.822
745.345 -0.823
745.479 -0.824
745.612 -0.825
745.737 -0.826
745.861 -0.827
745.977 -0.828
746.092 -0.829
746.207 -0.83
746.321 -0.831
746.431 -0.832
746.539 -0.833
746.643 -0.834
746.745 -0.835
746.842 -0.836
746.937 -0.837
747.027 -0.838
747.114 -0.839
747.2 -0.84
747.286 -0.841
747.372 -0.842
747.458 -0.843
747.544 -0.844
747.631 -0.845
747.718 -0.846
747.805 -0.847
747.892 -0.848
747.979 -0.849
748.066 -0.85
748.152 -0.851
748.239 -0.852
748.326 -0.853
748.413 -0.854
748.499 -0.855
748.586 -0.856
748.673 -0.857
748.759 -0.858
748.846 -0.859
748.933 -0.86
749.019 -0.861
749.106 -0.862
749.193 -0.863
749.279 -0.864
749.366 -0.865
749.452 -0.866
749.539 -0.867
749.625 -0.868
749.712 -0.869
749.798 -0.87
749.884 -0.871
749.97 -0.872
750.057 -0.873
750.143 -0.874
750.231 -0.875
750.318 -0.876
750.405 -0.877
750.493 -0.878
750.58 -0.879
750.667 -0.88
750.755 -0.881
750.842 -0.882
750.929 -0.883
751.016 -0.884
751.104 -0.885
751.191 -0.886
751.278 -0.887
751.365 -0.888
751.452 -0.889
751.539 -0.89
751.626 -0.891
751.713 -0.892
751.8 -0.893
751.887 -0.894
751.974 -0.895
752.061 -0.896
752.149 -0.897
752.236 -0.898
752.323 -0.899
752.41 -0.9
752.497 -0.901
752.584 -0.902
752.671 -0.903
752.759 -0.904
752.846 -0.905
752.935 -0.906
753.023 -0.907
753.111 -0.908
753.199 -0.909
753.287 -0.91
753.375 -0.911
753.463 -0.912
753.551 -0.913
753.639 -0.914
753.727 -0.915
753.815 -0.916
753.903 -0.917
753.991 -0.918
754.08 -0.919
754.168 -0.92
754.256 -0.921
754.345 -0.922
754.433 -0.923
754.521 -0.924
754.609 -0.925
754.697 -0.926
754.786 -0.927
754.874 -0.928
754.962 -0.929
755.05 -0.93
755.139 -0.931
755.227 -0.932
755.316 -0.933
755.405 -0.934
755.494 -0.935
755.582 -0.936
755.671 -0.937
755.76 -0.938
755.849 -0.939
755.938 -0.94
756.028 -0.941
756.117 -0.942
756.206 -0.943
756.295 -0.944
756.384 -0.945
756.474 -0.946
756.563 -0.947
756.652 -0.948
756.742 -0.949
756.831 -0.95
756.921 -0.951
757.01 -0.952
757.1 -0.953
757.189 -0.954
757.279 -0.955
757.368 -0.956
757.458 -0.957
757.548 -0.958
757.638 -0.959
757.727 -0.96
757.817 -0.961
757.907 -0.962
757.997 -0.963
758.087 -0.964
758.177 -0.965
758.267 -0.966
758.357 -0.967
758.447 -0.968
758.537 -0.969
758.627 -0.97
758.717 -0.971
758.807 -0.972
758.898 -0.973
758.988 -0.974
759.078 -0.975
759.168 -0.976
759.259 -0.977
759.349 -0.978
759.44 -0.979
759.53 -0.98
759.621 -0.981
759.711 -0.982
759.802 -0.983
759.892 -0.984
759.983 -0.985
760.074 -0.986
760.165 -0.987
760.256 -0.988
760.347 -0.989
760.438 -0.99
760.53 -0.991
760.622 -0.992
760.713 -0.993
760.805 -0.994
760.897 -0.995
760.989 -0.996
761.081 -0.997
761.174 -0.998
761.266 -0.999
761.358 -1
761.451 -1.001
761.544 -1.002
761.637 -1.003
761.73 -1.004
761.823 -1.005
761.916 -1.006
762.01 -1.007
762.104 -1.008
762.197 -1.009
762.291 -1.01
762.385 -1.011
762.48 -1.012
762.574 -1.013
762.668 -1.014
762.763 -1.015
762.857 -1.016
762.951 -1.017
763.046 -1.018
763.14 -1.019
763.235 -1.02
763.329 -1.021
763.424 -1.022
763.519 -1.023
763.613 -1.024
763.708 -1.025
763.803 -1.026
763.897 -1.027
763.992 -1.028
764.087 -1.029
764.182 -1.03
764.277 -1.031
764.372 -1.032
764.467 -1.033
764.562 -1.034
764.657 -1.035
764.752 -1.036
764.847 -1.037
764.942 -1.038
765.037 -1.039
765.132 -1.04
765.227 -1.041
765.323 -1.042
765.418 -1.043
765.513 -1.044
765.608 -1.045
765.704 -1.046
765.799 -1.047
765.895 -1.048
765.99 -1.049
766.086 -1.05
766.181 -1.051
766.277 -1.052
766.373 -1.053
766.468 -1.054
766.564 -1.055
766.66 -1.056
766.755 -1.057
766.851 -1.058
766.947 -1.059
767.043 -1.06
767.139 -1.061
767.235 -1.062
767.331 -1.063
767.427 -1.064
767.523 -1.065
767.619 -1.066
767.715 -1.067
767.811 -1.068
767.908 -1.069
768.004 -1.07
768.1 -1.071
768.196 -1.072
768.293 -1.073
768.389 -1.074
768.486 -1.075
768.582 -1.076
768.679 -1.077
768.775 -1.078
768.872 -1.079
768.968 -1.08
769.065 -1.081
769.162 -1.082
769.258 -1.083
769.355 -1.084
769.452 -1.085
769.549 -1.086
769.646 -1.087
769.742 -1.088
769.839 -1.089
769.936 -1.09
770.033 -1.091
770.13 -1.092
770.227 -1.093
770.324 -1.094
770.422 -1.095
770.519 -1.096
770.616 -1.097
770.713 -1.098
770.81 -1.099
770.908 -1.1
771.005 -1.101
771.102 -1.102
771.2 -1.103
771.297 -1.104
771.395 -1.105
771.492 -1.106
771.59 -1.107
771.687 -1.108
771.785 -1.109
771.882 -1.11
771.98 -1.111
772.078 -1.112
772.175 -1.113
772.273 -1.114
772.371 -1.115
772.469 -1.116
772.566 -1.117
772.664 -1.118
772.762 -1.119
772.86 -1.12
772.958 -1.121
773.056 -1.122
773.154 -1.123
773.252 -1.124
773.35 -1.125
773.448 -1.126
773.546 -1.127
773.644 -1.128
773.742 -1.129
773.84 -1.13
773.939 -1.131
774.037 -1.132
774.135 -1.133
774.233 -1.134
774.332 -1.135
774.43 -1.136
774.528 -1.137
774.627 -1.138
774.725 -1.139
774.823 -1.14
774.922 -1.141
775.02 -1.142
775.119 -1.143
775.217 -1.144
775.315 -1.145
775.414 -1.146
775.512 -1.147
775.611 -1.148
775.709 -1.149
775.808 -1.15
775.906 -1.151
776.005 -1.152
776.103 -1.153
776.202 -1.154
776.3 -1.155
776.399 -1.156
776.497 -1.157
776.595 -1.158
776.694 -1.159
776.792 -1.16
776.89 -1.161
776.989 -1.162
777.087 -1.163
777.185 -1.164
777.284 -1.165
777.382 -1.166
777.481 -1.167
777.58 -1.168
777.679 -1.169
777.778 -1.17
777.877 -1.171
777.976 -1.172
778.074 -1.173
778.173 -1.174
778.271 -1.175
778.369 -1.176
778.467 -1.177
778.564 -1.178
778.66 -1.179
778.752 -1.18
778.829 -1.181
778.871 -1.182
778.892 -1.183
778.912 -1.184
778.933 -1.185
778.954 -1.186
778.974 -1.187
778.995 -1.188
779.016 -1.189
779.036 -1.19
779.056 -1.191
779.077 -1.192
779.097 -1.193
779.117 -1.194
779.138 -1.195
779.158 -1.196
779.178 -1.197
779.198 -1.198
779.219 -1.199
779.239 -1.2
779.259 -1.201
779.279 -1.202
779.312 -1.203
779.359 -1.204
779.416 -1.205
779.472 -1.206
779.529 -1.207
779.585 -1.208
779.641 -1.209
779.697 -1.21
779.77 -1.211
779.886 -1.212
780.021 -1.213
780.165 -1.214
780.315 -1.215
780.47 -1.216
780.627 -1.217
780.786 -1.218
780.944 -1.219
781.097 -1.22
781.233 -1.221
781.349 -1.222
781.448 -1.223
781.536 -1.224
781.621 -1.225
781.707 -1.226
781.792 -1.227
781.876 -1.228
781.947 -1.229
781.997 -1.23
782.047 -1.231
782.096 -1.232
782.146 -1.233
782.195 -1.234
782.244 -1.235
782.293 -1.236
782.342 -1.237
782.396 -1.238
782.457 -1.239
782.525 -1.24
782.599 -1.241
782.678 -1.242
782.762 -1.243
782.847 -1.244
782.931 -1.245
783.015 -1.246
783.099 -1.247
783.183 -1.248
783.266 -1.249
783.349 -1.25
783.433 -1.251
783.515 -1.252
783.625 -1.253
783.742 -1.254
783.871 -1.255
784.004 -1.256
784.147 -1.257
784.291 -1.258
784.442 -1.259
784.595 -1.26
784.749 -1.261
784.907 -1.262
785.067 -1.263
785.227 -1.264
785.387 -1.265
785.551 -1.266
785.714 -1.267
785.878 -1.268
786.041 -1.269
786.2 -1.27
786.343 -1.271
786.472 -1.272
786.601 -1.273
786.73 -1.274
786.859 -1.275
786.988 -1.276
787.116 -1.277
787.244 -1.278
787.372 -1.279
787.499 -1.28
787.627 -1.281
787.755 -1.282
787.882 -1.283
788.01 -1.284
788.138 -1.285
788.265 -1.286
788.393 -1.287
788.52 -1.288
788.647 -1.289
788.774 -1.29
788.901 -1.291
789.029 -1.292
789.155 -1.293
789.277 -1.294
789.395 -1.295
789.508 -1.296
789.615 -1.297
789.721 -1.298
789.826 -1.299
789.932 -1.3
