6.77114 -0.001
13.5362 -0.002
20.2952 -0.003
27.048 -0.004
33.7947 -0.005
40.5352 -0.006
47.2694 -0.007
53.9974 -0.008
60.719 -0.009
67.4343 -0.01
74.1432 -0.011
80.8456 -0.012
87.5416 -0.013
94.2311 -0.014
100.914 -0.015
107.59 -0.016
114.26 -0.017
120.923 -0.018
127.579 -0.019
134.229 -0.02
140.872 -0.021
147.508 -0.022
154.137 -0.023
160.759 -0.024
167.374 -0.025
173.982 -0.026
180.583 -0.027
187.176 -0.028
193.763 -0.029
200.342 -0.03
206.914 -0.031
213.479 -0.032
220.036 -0.033
226.586 -0.034
233.031 -0.035
239.096 -0.036
244.38 -0.037
249.323 -0.038
254.25 -0.039
259.157 -0.04
264.045 -0.041
268.916 -0.042
273.772 -0.043
278.626 -0.044
283.48 -0.045
288.287 -0.046
292.863 -0.047
297.133 -0.048
300.937 -0.049
303.877 -0.05
306.326 -0.051
308.744 -0.052
311.153 -0.053
313.558 -0.054
315.936 -0.055
318.281 -0.056
320.545 -0.057
322.733 -0.058
324.88 -0.059
326.809 -0.06
328.714 -0.061
330.343 -0.062
331.716 -0.063
332.861 -0.064
333.918 -0.065
334.878 -0.066
335.738 -0.067
336.442 -0.068
336.938 -0.069
337.317 -0.07
337.681 -0.071
338.025 -0.072
338.357 -0.073
338.683 -0.074
338.988 -0.075
339.283 -0.076
339.56 -0.077
339.822 -0.078
340.08 -0.079
340.332 -0.08
340.579 -0.081
340.82 -0.082
341.055 -0.083
341.283 -0.084
341.506 -0.085
341.722 -0.086
341.932 -0.087
342.136 -0.088
342.336 -0.089
342.532 -0.09
342.726 -0.091
342.916 -0.092
343.103 -0.093
343.286 -0.094
343.467 -0.095
343.647 -0.096
343.828 -0.097
344.006 -0.098
344.177 -0.099
344.345 -0.1
344.512 -0.101
344.678 -0.102
344.844 -0.103
345.01 -0.104
345.174 -0.105
345.337 -0.106
345.493 -0.107
345.643 -0.108
345.791 -0.109
345.938 -0.11
346.083 -0.111
346.228 -0.112
346.372 -0.113
346.514 -0.114
346.652 -0.115
346.784 -0.116
346.912 -0.117
347.039 -0.118
347.164 -0.119
347.287 -0.12
347.407 -0.121
347.523 -0.122
347.636 -0.123
347.749 -0.124
347.86 -0.125
347.971 -0.126
348.08 -0.127
348.189 -0.128
348.295 -0.129
348.401 -0.13
348.505 -0.131
348.608 -0.132
348.71 -0.133
348.811 -0.134
348.91 -0.135
349.009 -0.136
349.106 -0.137
349.202 -0.138
349.298 -0.139
349.393 -0.14
349.486 -0.141
349.579 -0.142
349.671 -0.143
349.763 -0.144
349.854 -0.145
349.944 -0.146
350.034 -0.147
350.122 -0.148
350.21 -0.149
350.297 -0.15
350.383 -0.151
350.469 -0.152
350.555 -0.153
350.64 -0.154
350.725 -0.155
350.809 -0.156
350.894 -0.157
350.978 -0.158
351.062 -0.159
351.145 -0.16
351.229 -0.161
351.311 -0.162
351.394 -0.163
351.476 -0.164
351.558 -0.165
351.639 -0.166
351.721 -0.167
351.803 -0.168
351.884 -0.169
351.965 -0.17
352.046 -0.171
352.126 -0.172
352.206 -0.173
352.286 -0.174
352.365 -0.175
352.444 -0.176
352.523 -0.177
352.601 -0.178
352.679 -0.179
352.757 -0.18
352.834 -0.181
352.911 -0.182
352.988 -0.183
353.065 -0.184
353.142 -0.185
353.218 -0.186
353.294 -0.187
353.37 -0.188
353.446 -0.189
353.522 -0.19
353.597 -0.191
353.672 -0.192
353.747 -0.193
353.822 -0.194
353.897 -0.195
353.972 -0.196
354.046 -0.197
354.121 -0.198
354.195 -0.199
354.269 -0.2
354.343 -0.201
354.417 -0.202
354.491 -0.203
354.564 -0.204
354.637 -0.205
354.71 -0.206
354.783 -0.207
354.856 -0.208
354.928 -0.209
355 -0.21
355.072 -0.211
355.144 -0.212
355.215 -0.213
355.286 -0.214
355.357 -0.215
355.428 -0.216
355.498 -0.217
355.568 -0.218
355.639 -0.219
355.709 -0.22
355.779 -0.221
355.849 -0.222
355.919 -0.223
355.989 -0.224
356.058 -0.225
356.128 -0.226
356.197 -0.227
356.267 -0.228
356.336 -0.229
356.405 -0.23
356.474 -0.231
356.543 -0.232
356.611 -0.233
356.679 -0.234
356.748 -0.235
356.816 -0.236
356.883 -0.237
356.951 -0.238
357.018 -0.239
357.085 -0.24
357.153 -0.241
357.22 -0.242
357.286 -0.243
357.353 -0.244
357.42 -0.245
357.487 -0.246
357.553 -0.247
357.62 -0.248
357.686 -0.249
357.753 -0.25
357.819 -0.251
357.886 -0.252
357.952 -0.253
358.018 -0.254
358.085 -0.255
358.151 -0.256
358.217 -0.257
358.283 -0.258
358.349 -0.259
358.415 -0.26
358.481 -0.261
358.547 -0.262
358.613 -0.263
358.679 -0.264
358.744 -0.265
358.809 -0.266
358.874 -0.267
358.939 -0.268
359.004 -0.269
359.069 -0.27
359.133 -0.271
359.198 -0.272
359.262 -0.273
359.327 -0.274
359.391 -0.275
359.455 -0.276
359.52 -0.277
359.584 -0.278
359.648 -0.279
359.712 -0.28
359.775 -0.281
359.839 -0.282
359.903 -0.283
359.966 -0.284
360.03 -0.285
360.093 -0.286
360.157 -0.287
360.22 -0.288
360.284 -0.289
360.347 -0.29
360.411 -0.291
360.474 -0.292
360.538 -0.293
360.601 -0.294
360.664 -0.295
360.728 -0.296
360.791 -0.297
360.854 -0.298
360.917 -0.299
360.98 -0.3
361.043 -0.301
361.106 -0.302
361.168 -0.303
361.231 -0.304
361.294 -0.305
361.356 -0.306
361.419 -0.307
361.481 -0.308
361.544 -0.309
361.606 -0.31
361.668 -0.311
361.73 -0.312
361.792 -0.313
361.854 -0.314
361.915 -0.315
361.977 -0.316
362.039 -0.317
362.1 -0.318
362.161 -0.319
362.222 -0.32
362.283 -0.321
362.344 -0.322
362.405 -0.323
362.466 -0.324
362.527 -0.325
362.588 -0.326
362.649 -0.327
362.71 -0.328
362.77 -0.329
362.831 -0.33
362.891 -0.331
362.952 -0.332
363.012 -0.333
363.073 -0.334
363.133 -0.335
363.193 -0.336
363.253 -0.337
363.313 -0.338
363.373 -0.339
363.433 -0.34
363.492 -0.341
363.552 -0.342
363.612 -0.343
363.671 -0.344
363.731 -0.345
363.79 -0.346
363.85 -0.347
363.91 -0.348
363.969 -0.349
364.029 -0.35
364.088 -0.351
364.148 -0.352
364.207 -0.353
364.266 -0.354
364.325 -0.355
364.384 -0.356
364.443 -0.357
364.502 -0.358
364.561 -0.359
364.62 -0.36
364.678 -0.361
364.737 -0.362
364.795 -0.363
364.854 -0.364
364.912 -0.365
364.97 -0.366
365.028 -0.367
365.086 -0.368
365.144 -0.369
365.201 -0.37
365.259 -0.371
365.317 -0.372
365.374 -0.373
365.432 -0.374
365.489 -0.375
365.547 -0.376
365.604 -0.377
365.662 -0.378
365.719 -0.379
365.777 -0.38
365.834 -0.381
365.891 -0.382
365.949 -0.383
366.006 -0.384
366.064 -0.385
366.121 -0.386
366.178 -0.387
366.235 -0.388
366.293 -0.389
366.35 -0.39
366.407 -0.391
366.464 -0.392
366.522 -0.393
366.579 -0.394
366.636 -0.395
366.693 -0.396
366.75 -0.397
366.808 -0.398
366.865 -0.399
366.922 -0.4
366.979 -0.401
367.036 -0.402
367.093 -0.403
367.15 -0.404
367.207 -0.405
367.264 -0.406
367.32 -0.407
367.377 -0.408
367.434 -0.409
367.491 -0.41
367.548 -0.411
367.605 -0.412
367.661 -0.413
367.718 -0.414
367.775 -0.415
367.832 -0.416
367.888 -0.417
367.945 -0.418
368.002 -0.419
368.058 -0.42
368.115 -0.421
368.171 -0.422
368.228 -0.423
368.284 -0.424
368.341 -0.425
368.397 -0.426
368.453 -0.427
368.509 -0.428
368.565 -0.429
368.622 -0.43
368.678 -0.431
368.734 -0.432
368.789 -0.433
368.845 -0.434
368.901 -0.435
368.957 -0.436
369.013 -0.437
369.068 -0.438
369.124 -0.439
369.179 -0.44
369.235 -0.441
369.29 -0.442
369.345 -0.443
369.4 -0.444
369.455 -0.445
369.51 -0.446
369.564 -0.447
369.619 -0.448
369.673 -0.449
369.727 -0.45
369.78 -0.451
369.834 -0.452
369.887 -0.453
369.939 -0.454
369.991 -0.455
370.042 -0.456
370.092 -0.457
370.141 -0.458
370.188 -0.459
370.233 -0.46
370.275 -0.461
370.322 -0.462
370.372 -0.463
370.421 -0.464
370.469 -0.465
370.517 -0.466
370.564 -0.467
370.61 -0.468
370.655 -0.469
370.7 -0.47
370.744 -0.471
370.786 -0.472
370.833 -0.473
370.881 -0.474
370.93 -0.475
370.979 -0.476
371.027 -0.477
371.075 -0.478
371.122 -0.479
371.169 -0.48
371.216 -0.481
371.261 -0.482
371.305 -0.483
371.351 -0.484
371.401 -0.485
371.45 -0.486
371.499 -0.487
371.548 -0.488
371.597 -0.489
371.646 -0.49
371.694 -0.491
371.743 -0.492
371.791 -0.493
371.839 -0.494
371.886 -0.495
371.935 -0.496
371.985 -0.497
372.035 -0.498
372.085 -0.499
372.135 -0.5
372.185 -0.501
372.235 -0.502
372.285 -0.503
372.335 -0.504
372.385 -0.505
372.435 -0.506
372.484 -0.507
372.534 -0.508
372.584 -0.509
372.636 -0.51
372.687 -0.511
372.738 -0.512
372.789 -0.513
372.841 -0.514
372.892 -0.515
372.943 -0.516
372.995 -0.517
373.046 -0.518
373.097 -0.519
373.148 -0.52
373.2 -0.521
373.251 -0.522
373.302 -0.523
373.354 -0.524
373.406 -0.525
373.458 -0.526
373.51 -0.527
373.563 -0.528
373.615 -0.529
373.668 -0.53
373.72 -0.531
373.773 -0.532
373.825 -0.533
373.878 -0.534
373.93 -0.535
373.983 -0.536
374.035 -0.537
374.088 -0.538
374.14 -0.539
374.193 -0.54
374.245 -0.541
374.298 -0.542
374.351 -0.543
374.403 -0.544
374.456 -0.545
374.508 -0.546
374.561 -0.547
374.614 -0.548
374.666 -0.549
374.719 -0.55
374.771 -0.551
374.824 -0.552
374.876 -0.553
374.929 -0.554
374.981 -0.555
375.034 -0.556
375.086 -0.557
375.138 -0.558
375.191 -0.559
375.243 -0.56
375.296 -0.561
375.349 -0.562
375.402 -0.563
375.454 -0.564
375.507 -0.565
375.56 -0.566
375.613 -0.567
375.666 -0.568
375.719 -0.569
375.771 -0.57
375.824 -0.571
375.877 -0.572
375.93 -0.573
375.982 -0.574
376.035 -0.575
376.087 -0.576
376.14 -0.577
376.192 -0.578
376.245 -0.579
376.297 -0.58
376.35 -0.581
376.402 -0.582
376.455 -0.583
376.507 -0.584
376.56 -0.585
376.612 -0.586
376.664 -0.587
376.717 -0.588
376.769 -0.589
376.821 -0.59
376.874 -0.591
376.926 -0.592
376.979 -0.593
377.032 -0.594
377.085 -0.595
377.138 -0.596
377.19 -0.597
377.243 -0.598
377.296 -0.599
377.349 -0.6
377.402 -0.601
377.454 -0.602
377.507 -0.603
377.56 -0.604
377.612 -0.605
377.665 -0.606
377.718 -0.607
377.77 -0.608
377.823 -0.609
377.876 -0.61
377.928 -0.611
377.981 -0.612
378.033 -0.613
378.086 -0.614
378.138 -0.615
378.191 -0.616
378.245 -0.617
378.298 -0.618
378.351 -0.619
378.404 -0.62
378.457 -0.621
378.51 -0.622
378.564 -0.623
378.617 -0.624
378.67 -0.625
378.723 -0.626
378.776 -0.627
378.829 -0.628
378.882 -0.629
378.935 -0.63
378.988 -0.631
379.041 -0.632
379.094 -0.633
379.147 -0.634
379.2 -0.635
379.254 -0.636
379.308 -0.637
379.362 -0.638
379.415 -0.639
379.469 -0.64
379.523 -0.641
379.576 -0.642
379.63 -0.643
379.684 -0.644
379.737 -0.645
379.791 -0.646
379.845 -0.647
379.899 -0.648
379.952 -0.649
380.006 -0.65
380.06 -0.651
380.114 -0.652
380.167 -0.653
380.222 -0.654
380.276 -0.655
380.33 -0.656
380.385 -0.657
380.439 -0.658
380.494 -0.659
380.548 -0.66
380.602 -0.661
380.657 -0.662
380.711 -0.663
380.765 -0.664
380.82 -0.665
380.874 -0.666
380.929 -0.667
380.983 -0.668
381.037 -0.669
381.092 -0.67
381.146 -0.671
381.201 -0.672
381.255 -0.673
381.31 -0.674
381.364 -0.675
381.419 -0.676
381.473 -0.677
381.528 -0.678
381.583 -0.679
381.637 -0.68
381.692 -0.681
381.746 -0.682
381.801 -0.683
381.855 -0.684
381.91 -0.685
381.964 -0.686
382.019 -0.687
382.074 -0.688
382.129 -0.689
382.184 -0.69
382.239 -0.691
382.294 -0.692
382.349 -0.693
382.405 -0.694
382.46 -0.695
382.516 -0.696
382.571 -0.697
382.627 -0.698
382.683 -0.699
382.738 -0.7
382.794 -0.701
382.85 -0.702
382.906 -0.703
382.963 -0.704
383.019 -0.705
383.075 -0.706
383.132 -0.707
383.188 -0.708
383.244 -0.709
383.301 -0.71
383.357 -0.711
383.414 -0.712
383.47 -0.713
383.526 -0.714
383.583 -0.715
383.639 -0.716
383.695 -0.717
383.752 -0.718
383.808 -0.719
383.865 -0.72
383.921 -0.721
383.978 -0.722
384.034 -0.723
384.091 -0.724
384.147 -0.725
384.203 -0.726
384.26 -0.727
384.316 -0.728
384.373 -0.729
384.429 -0.73
384.485 -0.731
384.542 -0.732
384.598 -0.733
384.655 -0.734
384.711 -0.735
384.768 -0.736
384.824 -0.737
384.881 -0.738
384.937 -0.739
384.994 -0.74
385.051 -0.741
385.107 -0.742
385.164 -0.743
385.22 -0.744
385.277 -0.745
385.334 -0.746
385.39 -0.747
385.447 -0.748
385.504 -0.749
385.56 -0.75
385.617 -0.751
385.674 -0.752
385.73 -0.753
385.787 -0.754
385.844 -0.755
385.9 -0.756
385.957 -0.757
386.014 -0.758
386.071 -0.759
386.127 -0.76
386.184 -0.761
386.241 -0.762
386.297 -0.763
386.354 -0.764
386.411 -0.765
386.468 -0.766
386.524 -0.767
386.581 -0.768
386.638 -0.769
386.695 -0.77
386.751 -0.771
386.808 -0.772
386.865 -0.773
386.921 -0.774
386.978 -0.775
387.035 -0.776
387.091 -0.777
387.148 -0.778
387.205 -0.779
387.261 -0.78
387.318 -0.781
387.374 -0.782
387.431 -0.783
387.488 -0.784
387.545 -0.785
387.602 -0.786
387.659 -0.787
387.717 -0.788
387.775 -0.789
387.833 -0.79
387.892 -0.791
387.951 -0.792
388.01 -0.793
388.07 -0.794
388.129 -0.795
388.188 -0.796
388.248 -0.797
388.307 -0.798
388.367 -0.799
388.426 -0.8
388.486 -0.801
388.545 -0.802
388.604 -0.803
388.664 -0.804
388.723 -0.805
388.782 -0.806
388.842 -0.807
388.901 -0.808
388.96 -0.809
389.02 -0.81
389.079 -0.811
389.138 -0.812
389.197 -0.813
389.256 -0.814
389.315 -0.815
389.374 -0.816
389.433 -0.817
389.492 -0.818
389.551 -0.819
389.61 -0.82
389.668 -0.821
389.726 -0.822
389.784 -0.823
389.842 -0.824
389.9 -0.825
389.957 -0.826
390.013 -0.827
390.069 -0.828
390.122 -0.829
390.17 -0.83
390.212 -0.831
390.243 -0.832
390.255 -0.833
390.257 -0.834
390.245 -0.835
390.231 -0.836
390.216 -0.837
390.201 -0.838
390.185 -0.839
390.168 -0.84
390.15 -0.841
390.131 -0.842
390.112 -0.843
390.091 -0.844
390.07 -0.845
390.047 -0.846
390.023 -0.847
389.998 -0.848
389.972 -0.849
389.945 -0.85
389.916 -0.851
389.886 -0.852
389.855 -0.853
389.822 -0.854
389.787 -0.855
389.75 -0.856
389.711 -0.857
389.672 -0.858
389.64 -0.859
389.628 -0.86
389.652 -0.861
389.701 -0.862
389.784 -0.863
389.881 -0.864
389.984 -0.865
390.09 -0.866
390.198 -0.867
390.306 -0.868
390.414 -0.869
390.521 -0.87
390.629 -0.871
390.737 -0.872
390.845 -0.873
390.953 -0.874
391.061 -0.875
391.169 -0.876
391.273 -0.877
391.366 -0.878
391.455 -0.879
391.534 -0.88
391.611 -0.881
391.687 -0.882
391.764 -0.883
391.84 -0.884
391.915 -0.885
391.991 -0.886
392.066 -0.887
392.141 -0.888
392.215 -0.889
392.289 -0.89
392.363 -0.891
392.436 -0.892
392.509 -0.893
392.581 -0.894
392.653 -0.895
392.725 -0.896
392.796 -0.897
392.867 -0.898
392.938 -0.899
393.008 -0.9
393.078 -0.901
393.149 -0.902
393.219 -0.903
393.29 -0.904
393.362 -0.905
393.433 -0.906
393.505 -0.907
393.577 -0.908
393.648 -0.909
393.72 -0.91
393.792 -0.911
393.863 -0.912
393.934 -0.913
394.004 -0.914
394.074 -0.915
394.144 -0.916
394.213 -0.917
394.281 -0.918
394.35 -0.919
394.417 -0.92
394.484 -0.921
394.55 -0.922
394.616 -0.923
394.684 -0.924
394.752 -0.925
394.822 -0.926
394.894 -0.927
394.966 -0.928
395.04 -0.929
395.114 -0.93
395.185 -0.931
395.254 -0.932
395.317 -0.933
395.38 -0.934
395.443 -0.935
395.507 -0.936
395.57 -0.937
395.633 -0.938
395.697 -0.939
395.76 -0.94
395.824 -0.941
395.888 -0.942
395.952 -0.943
396.016 -0.944
396.08 -0.945
396.144 -0.946
396.208 -0.947
396.273 -0.948
396.337 -0.949
396.401 -0.95
396.466 -0.951
396.53 -0.952
396.595 -0.953
396.659 -0.954
396.724 -0.955
396.788 -0.956
396.853 -0.957
396.918 -0.958
396.982 -0.959
397.047 -0.96
397.112 -0.961
397.176 -0.962
397.241 -0.963
397.306 -0.964
397.371 -0.965
397.435 -0.966
397.5 -0.967
397.565 -0.968
397.63 -0.969
397.695 -0.97
397.76 -0.971
397.825 -0.972
397.89 -0.973
397.955 -0.974
398.02 -0.975
398.085 -0.976
398.15 -0.977
398.216 -0.978
398.281 -0.979
398.346 -0.98
398.411 -0.981
398.477 -0.982
398.542 -0.983
398.607 -0.984
398.673 -0.985
398.738 -0.986
398.804 -0.987
398.869 -0.988
398.935 -0.989
399 -0.99
399.066 -0.991
399.131 -0.992
399.197 -0.993
399.263 -0.994
399.328 -0.995
399.394 -0.996
399.46 -0.997
399.525 -0.998
399.591 -0.999
399.657 -1
399.723 -1.001
399.788 -1.002
399.854 -1.003
399.92 -1.004
399.986 -1.005
400.052 -1.006
400.118 -1.007
400.184 -1.008
400.25 -1.009
400.316 -1.01
400.382 -1.011
400.448 -1.012
400.514 -1.013
400.58 -1.014
400.646 -1.015
400.712 -1.016
400.779 -1.017
400.845 -1.018
400.911 -1.019
400.978 -1.02
401.044 -1.021
401.11 -1.022
401.177 -1.023
401.243 -1.024
401.309 -1.025
401.376 -1.026
401.442 -1.027
401.508 -1.028
401.575 -1.029
401.641 -1.03
401.707 -1.031
401.774 -1.032
401.84 -1.033
401.907 -1.034
401.973 -1.035
402.04 -1.036
402.106 -1.037
402.173 -1.038
402.24 -1.039
402.306 -1.04
402.373 -1.041
402.439 -1.042
402.506 -1.043
402.573 -1.044
402.64 -1.045
402.706 -1.046
402.773 -1.047
402.84 -1.048
402.906 -1.049
402.973 -1.05
403.04 -1.051
403.107 -1.052
403.174 -1.053
403.24 -1.054
403.307 -1.055
403.374 -1.056
403.441 -1.057
403.508 -1.058
403.575 -1.059
403.642 -1.06
403.709 -1.061
403.776 -1.062
403.843 -1.063
403.91 -1.064
403.977 -1.065
404.044 -1.066
404.111 -1.067
404.178 -1.068
404.245 -1.069
404.313 -1.07
404.38 -1.071
404.447 -1.072
404.514 -1.073
404.581 -1.074
404.649 -1.075
404.716 -1.076
404.783 -1.077
404.85 -1.078
404.917 -1.079
404.985 -1.08
405.052 -1.081
405.119 -1.082
405.187 -1.083
405.254 -1.084
405.321 -1.085
405.389 -1.086
405.456 -1.087
405.523 -1.088
405.591 -1.089
405.658 -1.09
405.726 -1.091
405.793 -1.092
405.86 -1.093
405.928 -1.094
405.995 -1.095
406.063 -1.096
406.13 -1.097
406.197 -1.098
406.265 -1.099
406.332 -1.1
