14.6282 -0.001
29.224 -0.002
43.787 -0.003
58.3167 -0.004
72.8127 -0.005
87.2744 -0.006
101.701 -0.007
116.093 -0.008
130.448 -0.009
144.768 -0.01
159.05 -0.011
173.294 -0.012
187.501 -0.013
201.668 -0.014
215.795 -0.015
229.883 -0.016
243.929 -0.017
257.933 -0.018
271.894 -0.019
285.812 -0.02
299.686 -0.021
313.514 -0.022
327.295 -0.023
341.03 -0.024
354.716 -0.025
368.352 -0.026
381.937 -0.027
395.471 -0.028
408.951 -0.029
422.312 -0.03
434.857 -0.031
445.917 -0.032
455.247 -0.033
462.866 -0.034
468.825 -0.035
474.386 -0.036
479.888 -0.037
485.33 -0.038
490.714 -0.039
496.016 -0.04
500.905 -0.041
504.916 -0.042
507.451 -0.043
509.752 -0.044
512.011 -0.045
514.234 -0.046
516.434 -0.047
518.612 -0.048
520.763 -0.049
522.892 -0.05
525.001 -0.051
527.107 -0.052
529.199 -0.053
531.275 -0.054
533.339 -0.055
535.396 -0.056
537.447 -0.057
539.492 -0.058
541.52 -0.059
543.537 -0.06
545.543 -0.061
547.535 -0.062
549.513 -0.063
551.477 -0.064
553.426 -0.065
555.359 -0.066
557.271 -0.067
559.136 -0.068
560.94 -0.069
562.617 -0.07
564.184 -0.071
565.692 -0.072
566.921 -0.073
568.082 -0.074
569.156 -0.075
569.906 -0.076
570.483 -0.077
570.812 -0.078
571.131 -0.079
571.442 -0.08
571.746 -0.081
572.045 -0.082
572.337 -0.083
572.623 -0.084
572.9 -0.085
573.171 -0.086
573.436 -0.087
573.696 -0.088
573.951 -0.089
574.202 -0.09
574.446 -0.091
574.684 -0.092
574.917 -0.093
575.144 -0.094
575.368 -0.095
575.588 -0.096
575.805 -0.097
576.018 -0.098
576.227 -0.099
576.432 -0.1
576.632 -0.101
576.829 -0.102
577.023 -0.103
577.211 -0.104
577.396 -0.105
577.577 -0.106
577.756 -0.107
577.932 -0.108
578.106 -0.109
578.278 -0.11
578.447 -0.111
578.614 -0.112
578.781 -0.113
578.946 -0.114
579.109 -0.115
579.27 -0.116
579.43 -0.117
579.589 -0.118
579.747 -0.119
579.904 -0.12
580.061 -0.121
580.217 -0.122
580.373 -0.123
580.527 -0.124
580.681 -0.125
580.834 -0.126
580.987 -0.127
581.14 -0.128
581.292 -0.129
581.445 -0.13
581.597 -0.131
581.749 -0.132
581.901 -0.133
582.052 -0.134
582.204 -0.135
582.355 -0.136
582.507 -0.137
582.658 -0.138
582.809 -0.139
582.959 -0.14
583.11 -0.141
583.26 -0.142
583.41 -0.143
583.56 -0.144
583.71 -0.145
583.859 -0.146
584.009 -0.147
584.158 -0.148
584.307 -0.149
584.456 -0.15
584.605 -0.151
584.753 -0.152
584.901 -0.153
585.049 -0.154
585.197 -0.155
585.344 -0.156
585.491 -0.157
585.637 -0.158
585.783 -0.159
585.929 -0.16
586.075 -0.161
586.22 -0.162
586.366 -0.163
586.511 -0.164
586.655 -0.165
586.799 -0.166
586.943 -0.167
587.087 -0.168
587.231 -0.169
587.374 -0.17
587.517 -0.171
587.66 -0.172
587.802 -0.173
587.943 -0.174
588.084 -0.175
588.225 -0.176
588.365 -0.177
588.505 -0.178
588.644 -0.179
588.783 -0.18
588.922 -0.181
589.06 -0.182
589.198 -0.183
589.335 -0.184
589.472 -0.185
589.608 -0.186
589.744 -0.187
589.88 -0.188
590.015 -0.189
590.151 -0.19
590.286 -0.191
590.421 -0.192
590.556 -0.193
590.69 -0.194
590.823 -0.195
590.956 -0.196
591.089 -0.197
591.22 -0.198
591.35 -0.199
591.481 -0.2
591.611 -0.201
591.739 -0.202
591.867 -0.203
591.994 -0.204
592.119 -0.205
592.244 -0.206
592.368 -0.207
592.492 -0.208
592.616 -0.209
592.74 -0.21
592.864 -0.211
592.987 -0.212
593.11 -0.213
593.233 -0.214
593.356 -0.215
593.479 -0.216
593.601 -0.217
593.723 -0.218
593.846 -0.219
593.968 -0.22
594.09 -0.221
594.212 -0.222
594.334 -0.223
594.456 -0.224
594.577 -0.225
594.699 -0.226
594.821 -0.227
594.943 -0.228
595.064 -0.229
595.185 -0.23
595.305 -0.231
595.426 -0.232
595.547 -0.233
595.667 -0.234
595.787 -0.235
595.907 -0.236
596.027 -0.237
596.147 -0.238
596.266 -0.239
596.384 -0.24
596.502 -0.241
596.62 -0.242
596.738 -0.243
596.856 -0.244
596.974 -0.245
597.092 -0.246
597.209 -0.247
597.326 -0.248
597.442 -0.249
597.557 -0.25
597.673 -0.251
597.789 -0.252
597.905 -0.253
598.02 -0.254
598.136 -0.255
598.251 -0.256
598.366 -0.257
598.48 -0.258
598.594 -0.259
598.707 -0.26
598.821 -0.261
598.934 -0.262
599.048 -0.263
599.161 -0.264
599.274 -0.265
599.387 -0.266
599.499 -0.267
599.611 -0.268
599.723 -0.269
599.834 -0.27
599.946 -0.271
600.057 -0.272
600.168 -0.273
600.279 -0.274
600.391 -0.275
600.502 -0.276
600.613 -0.277
600.724 -0.278
600.835 -0.279
600.946 -0.28
601.057 -0.281
601.168 -0.282
601.279 -0.283
601.39 -0.284
601.5 -0.285
601.611 -0.286
601.722 -0.287
601.833 -0.288
601.943 -0.289
602.054 -0.29
602.165 -0.291
602.276 -0.292
602.386 -0.293
602.497 -0.294
602.608 -0.295
602.718 -0.296
602.828 -0.297
602.939 -0.298
603.049 -0.299
603.16 -0.3
603.27 -0.301
603.38 -0.302
603.49 -0.303
603.6 -0.304
603.71 -0.305
603.82 -0.306
603.93 -0.307
604.04 -0.308
604.15 -0.309
604.26 -0.31
604.37 -0.311
604.48 -0.312
604.59 -0.313
604.7 -0.314
604.81 -0.315
604.92 -0.316
605.03 -0.317
605.14 -0.318
605.25 -0.319
605.36 -0.32
605.47 -0.321
605.58 -0.322
605.69 -0.323
605.8 -0.324
605.909 -0.325
606.018 -0.326
606.127 -0.327
606.236 -0.328
606.345 -0.329
606.454 -0.33
606.563 -0.331
606.673 -0.332
606.782 -0.333
606.891 -0.334
607 -0.335
607.109 -0.336
607.218 -0.337
607.327 -0.338
607.436 -0.339
607.546 -0.34
607.655 -0.341
607.764 -0.342
607.873 -0.343
607.983 -0.344
608.092 -0.345
608.201 -0.346
608.31 -0.347
608.42 -0.348
608.529 -0.349
608.638 -0.35
608.747 -0.351
608.856 -0.352
608.966 -0.353
609.075 -0.354
609.184 -0.355
609.293 -0.356
609.402 -0.357
609.512 -0.358
609.621 -0.359
609.73 -0.36
609.839 -0.361
609.948 -0.362
610.057 -0.363
610.166 -0.364
610.275 -0.365
610.384 -0.366
610.492 -0.367
610.601 -0.368
610.71 -0.369
610.819 -0.37
610.928 -0.371
611.036 -0.372
611.145 -0.373
611.253 -0.374
611.362 -0.375
611.47 -0.376
611.578 -0.377
611.686 -0.378
611.794 -0.379
611.901 -0.38
612.009 -0.381
612.117 -0.382
612.224 -0.383
612.332 -0.384
612.439 -0.385
612.547 -0.386
612.654 -0.387
612.761 -0.388
612.868 -0.389
612.976 -0.39
613.083 -0.391
613.19 -0.392
613.297 -0.393
613.404 -0.394
613.511 -0.395
613.618 -0.396
613.726 -0.397
613.833 -0.398
613.94 -0.399
614.047 -0.4
614.154 -0.401
614.261 -0.402
614.367 -0.403
614.474 -0.404
614.58 -0.405
614.687 -0.406
614.793 -0.407
614.9 -0.408
615.006 -0.409
615.113 -0.41
615.219 -0.411
615.325 -0.412
615.431 -0.413
615.538 -0.414
615.644 -0.415
615.75 -0.416
615.856 -0.417
615.962 -0.418
616.067 -0.419
616.173 -0.42
616.278 -0.421
616.383 -0.422
616.487 -0.423
616.591 -0.424
616.694 -0.425
616.797 -0.426
616.899 -0.427
617.001 -0.428
617.102 -0.429
617.203 -0.43
617.304 -0.431
617.405 -0.432
617.505 -0.433
617.606 -0.434
617.706 -0.435
617.807 -0.436
617.907 -0.437
618.007 -0.438
618.107 -0.439
618.206 -0.44
618.304 -0.441
618.402 -0.442
618.499 -0.443
618.595 -0.444
618.69 -0.445
618.785 -0.446
618.879 -0.447
618.973 -0.448
619.068 -0.449
619.164 -0.45
619.258 -0.451
619.352 -0.452
619.446 -0.453
619.539 -0.454
619.631 -0.455
619.723 -0.456
619.813 -0.457
619.903 -0.458
619.994 -0.459
620.088 -0.46
620.183 -0.461
620.277 -0.462
620.371 -0.463
620.465 -0.464
620.559 -0.465
620.653 -0.466
620.747 -0.467
620.841 -0.468
620.935 -0.469
621.028 -0.47
621.122 -0.471
621.219 -0.472
621.315 -0.473
621.411 -0.474
621.506 -0.475
621.601 -0.476
621.697 -0.477
621.792 -0.478
621.888 -0.479
621.983 -0.48
622.078 -0.481
622.174 -0.482
622.269 -0.483
622.365 -0.484
622.46 -0.485
622.557 -0.486
622.654 -0.487
622.751 -0.488
622.848 -0.489
622.945 -0.49
623.042 -0.491
623.139 -0.492
623.236 -0.493
623.334 -0.494
623.431 -0.495
623.528 -0.496
623.626 -0.497
623.723 -0.498
623.82 -0.499
623.917 -0.5
624.013 -0.501
624.11 -0.502
624.206 -0.503
624.302 -0.504
624.399 -0.505
624.495 -0.506
624.591 -0.507
624.687 -0.508
624.784 -0.509
624.88 -0.51
624.976 -0.511
625.072 -0.512
625.166 -0.513
625.261 -0.514
625.356 -0.515
625.45 -0.516
625.545 -0.517
625.639 -0.518
625.733 -0.519
625.827 -0.52
625.921 -0.521
626.014 -0.522
626.105 -0.523
626.195 -0.524
626.286 -0.525
626.375 -0.526
626.464 -0.527
626.553 -0.528
626.636 -0.529
626.714 -0.53
626.788 -0.531
626.856 -0.532
626.916 -0.533
626.968 -0.534
627.008 -0.535
627.036 -0.536
627.049 -0.537
627.047 -0.538
627.029 -0.539
626.992 -0.54
626.94 -0.541
626.869 -0.542
626.797 -0.543
626.717 -0.544
626.627 -0.545
626.583 -0.546
626.56 -0.547
626.542 -0.548
626.562 -0.549
626.596 -0.55
626.682 -0.551
626.817 -0.552
626.991 -0.553
627.185 -0.554
627.363 -0.555
627.516 -0.556
627.661 -0.557
627.803 -0.558
627.942 -0.559
628.079 -0.56
628.213 -0.561
628.344 -0.562
628.472 -0.563
628.596 -0.564
628.717 -0.565
628.835 -0.566
628.949 -0.567
629.06 -0.568
629.167 -0.569
629.269 -0.57
629.365 -0.571
629.454 -0.572
629.536 -0.573
629.609 -0.574
629.669 -0.575
629.712 -0.576
629.735 -0.577
629.739 -0.578
629.741 -0.579
629.735 -0.58
629.714 -0.581
629.746 -0.582
629.795 -0.583
629.854 -0.584
629.936 -0.585
630.01 -0.586
630.111 -0.587
630.224 -0.588
630.348 -0.589
630.487 -0.59
630.632 -0.591
630.783 -0.592
630.931 -0.593
631.071 -0.594
631.2 -0.595
631.315 -0.596
631.422 -0.597
631.524 -0.598
631.626 -0.599
631.729 -0.6
631.831 -0.601
631.933 -0.602
632.035 -0.603
632.138 -0.604
632.24 -0.605
632.342 -0.606
632.444 -0.607
632.546 -0.608
632.648 -0.609
632.75 -0.61
632.852 -0.611
632.954 -0.612
633.056 -0.613
633.159 -0.614
633.261 -0.615
633.363 -0.616
633.465 -0.617
633.567 -0.618
633.669 -0.619
633.771 -0.62
633.873 -0.621
633.975 -0.622
634.077 -0.623
634.179 -0.624
634.281 -0.625
634.383 -0.626
634.485 -0.627
634.586 -0.628
634.688 -0.629
634.79 -0.63
634.892 -0.631
634.994 -0.632
635.095 -0.633
635.197 -0.634
635.299 -0.635
635.401 -0.636
635.502 -0.637
635.604 -0.638
635.706 -0.639
635.807 -0.64
635.909 -0.641
636.011 -0.642
636.113 -0.643
636.214 -0.644
636.316 -0.645
636.417 -0.646
636.519 -0.647
636.621 -0.648
636.722 -0.649
636.824 -0.65
636.925 -0.651
637.027 -0.652
637.129 -0.653
637.23 -0.654
637.332 -0.655
637.434 -0.656
637.535 -0.657
637.637 -0.658
637.739 -0.659
637.84 -0.66
637.942 -0.661
638.043 -0.662
638.145 -0.663
638.246 -0.664
638.347 -0.665
638.449 -0.666
638.55 -0.667
638.652 -0.668
638.753 -0.669
638.854 -0.67
638.956 -0.671
639.057 -0.672
639.158 -0.673
639.259 -0.674
639.36 -0.675
639.461 -0.676
639.563 -0.677
639.666 -0.678
639.769 -0.679
639.873 -0.68
639.977 -0.681
640.08 -0.682
640.184 -0.683
640.287 -0.684
640.391 -0.685
640.494 -0.686
640.598 -0.687
640.702 -0.688
640.805 -0.689
640.907 -0.69
641.008 -0.691
641.108 -0.692
641.208 -0.693
641.307 -0.694
641.406 -0.695
641.505 -0.696
641.603 -0.697
641.701 -0.698
641.763 -0.699
641.824 -0.7
641.889 -0.701
641.979 -0.702
642.08 -0.703
642.179 -0.704
642.274 -0.705
642.37 -0.706
642.468 -0.707
642.565 -0.708
642.663 -0.709
642.76 -0.71
642.857 -0.711
642.954 -0.712
643.051 -0.713
643.15 -0.714
643.249 -0.715
643.348 -0.716
643.447 -0.717
643.545 -0.718
643.644 -0.719
643.742 -0.72
643.841 -0.721
643.939 -0.722
644.037 -0.723
644.135 -0.724
644.234 -0.725
644.333 -0.726
644.431 -0.727
644.53 -0.728
644.627 -0.729
644.725 -0.73
644.822 -0.731
644.918 -0.732
645.014 -0.733
645.109 -0.734
645.202 -0.735
645.293 -0.736
645.381 -0.737
645.46 -0.738
645.532 -0.739
645.59 -0.74
645.623 -0.741
645.629 -0.742
645.624 -0.743
645.629 -0.744
645.636 -0.745
645.643 -0.746
645.652 -0.747
645.671 -0.748
645.698 -0.749
645.732 -0.75
645.781 -0.751
645.835 -0.752
645.889 -0.753
645.951 -0.754
646.027 -0.755
646.118 -0.756
646.214 -0.757
646.311 -0.758
646.408 -0.759
646.503 -0.76
646.597 -0.761
646.689 -0.762
646.781 -0.763
646.873 -0.764
646.965 -0.765
647.057 -0.766
647.149 -0.767
647.241 -0.768
647.332 -0.769
647.424 -0.77
647.516 -0.771
647.607 -0.772
647.697 -0.773
647.788 -0.774
647.878 -0.775
647.967 -0.776
648.056 -0.777
648.145 -0.778
648.233 -0.779
648.32 -0.78
648.407 -0.781
648.493 -0.782
648.578 -0.783
648.664 -0.784
648.747 -0.785
648.831 -0.786
648.913 -0.787
648.994 -0.788
649.075 -0.789
649.155 -0.79
649.234 -0.791
649.313 -0.792
649.391 -0.793
649.469 -0.794
649.546 -0.795
649.623 -0.796
649.697 -0.797
649.771 -0.798
649.843 -0.799
649.913 -0.8
649.978 -0.801
650.016 -0.802
649.983 -0.803
649.908 -0.804
649.831 -0.805
649.754 -0.806
649.676 -0.807
649.597 -0.808
649.574 -0.809
649.701 -0.81
649.901 -0.811
650.072 -0.812
650.217 -0.813
650.361 -0.814
650.509 -0.815
650.681 -0.816
650.797 -0.817
650.917 -0.818
651.043 -0.819
651.17 -0.82
651.301 -0.821
651.433 -0.822
651.566 -0.823
651.699 -0.824
651.834 -0.825
651.969 -0.826
652.103 -0.827
652.237 -0.828
652.369 -0.829
652.5 -0.83
652.629 -0.831
652.749 -0.832
652.846 -0.833
652.9 -0.834
652.923 -0.835
652.936 -0.836
652.948 -0.837
652.968 -0.838
653.01 -0.839
653.071 -0.84
653.132 -0.841
653.193 -0.842
653.254 -0.843
653.314 -0.844
653.375 -0.845
653.435 -0.846
653.495 -0.847
653.555 -0.848
653.615 -0.849
653.674 -0.85
653.729 -0.851
653.775 -0.852
653.814 -0.853
653.846 -0.854
653.878 -0.855
653.91 -0.856
653.942 -0.857
653.974 -0.858
654.006 -0.859
654.038 -0.86
654.07 -0.861
654.102 -0.862
654.134 -0.863
654.166 -0.864
654.198 -0.865
654.231 -0.866
654.263 -0.867
654.295 -0.868
654.327 -0.869
654.36 -0.87
654.392 -0.871
654.424 -0.872
654.457 -0.873
654.489 -0.874
654.521 -0.875
654.558 -0.876
654.606 -0.877
654.659 -0.878
654.712 -0.879
654.769 -0.88
654.842 -0.881
654.941 -0.882
655.054 -0.883
655.169 -0.884
655.305 -0.885
655.513 -0.886
655.742 -0.887
655.94 -0.888
656.134 -0.889
656.33 -0.89
656.529 -0.891
656.727 -0.892
656.925 -0.893
657.123 -0.894
657.321 -0.895
657.519 -0.896
657.717 -0.897
657.914 -0.898
658.11 -0.899
658.305 -0.9
658.497 -0.901
658.689 -0.902
658.878 -0.903
659.065 -0.904
659.25 -0.905
659.432 -0.906
659.612 -0.907
659.789 -0.908
659.962 -0.909
660.129 -0.91
660.254 -0.911
660.361 -0.912
660.468 -0.913
660.575 -0.914
660.682 -0.915
660.789 -0.916
660.896 -0.917
661.003 -0.918
661.11 -0.919
661.216 -0.92
661.323 -0.921
661.429 -0.922
661.536 -0.923
661.642 -0.924
661.748 -0.925
661.853 -0.926
661.959 -0.927
662.064 -0.928
662.169 -0.929
662.273 -0.93
662.377 -0.931
662.481 -0.932
662.584 -0.933
662.686 -0.934
662.788 -0.935
662.89 -0.936
662.991 -0.937
663.091 -0.938
663.191 -0.939
663.289 -0.94
663.387 -0.941
663.484 -0.942
663.58 -0.943
663.676 -0.944
663.769 -0.945
663.861 -0.946
663.944 -0.947
664.017 -0.948
664.08 -0.949
664.135 -0.95
664.181 -0.951
664.218 -0.952
664.246 -0.953
664.271 -0.954
664.295 -0.955
664.32 -0.956
664.344 -0.957
664.369 -0.958
664.392 -0.959
664.416 -0.96
664.439 -0.961
664.461 -0.962
664.483 -0.963
664.505 -0.964
664.526 -0.965
664.545 -0.966
664.564 -0.967
664.582 -0.968
664.602 -0.969
664.627 -0.97
664.649 -0.971
664.671 -0.972
664.693 -0.973
664.736 -0.974
664.775 -0.975
664.818 -0.976
664.864 -0.977
664.912 -0.978
664.962 -0.979
665.013 -0.98
665.066 -0.981
665.118 -0.982
665.17 -0.983
665.222 -0.984
665.274 -0.985
665.325 -0.986
665.378 -0.987
665.431 -0.988
665.482 -0.989
665.533 -0.99
665.583 -0.991
665.634 -0.992
665.683 -0.993
665.733 -0.994
665.783 -0.995
665.832 -0.996
665.891 -0.997
665.949 -0.998
666.008 -0.999
666.065 -1
