6.11348 -0.001
12.1895 -0.002
18.2541 -0.003
24.298 -0.004
30.3216 -0.005
36.3247 -0.006
42.3074 -0.007
48.2696 -0.008
54.2114 -0.009
60.1326 -0.01
66.0332 -0.011
71.9133 -0.012
77.7727 -0.013
83.6115 -0.014
89.4296 -0.015
95.2269 -0.016
101.003 -0.017
106.759 -0.018
112.494 -0.019
118.208 -0.02
123.9 -0.021
129.572 -0.022
135.223 -0.023
140.852 -0.024
146.46 -0.025
152.047 -0.026
157.612 -0.027
163.155 -0.028
168.677 -0.029
174.178 -0.03
179.656 -0.031
185.079 -0.032
190.315 -0.033
195.211 -0.034
199.933 -0.035
204.634 -0.036
209.316 -0.037
213.979 -0.038
218.622 -0.039
223.245 -0.04
227.849 -0.041
232.434 -0.042
236.915 -0.043
240.98 -0.044
244.276 -0.045
246.734 -0.046
249.12 -0.047
251.439 -0.048
253.689 -0.049
255.847 -0.05
257.888 -0.051
259.872 -0.052
261.836 -0.053
263.779 -0.054
265.702 -0.055
267.609 -0.056
269.496 -0.057
271.369 -0.058
273.224 -0.059
275.065 -0.06
276.892 -0.061
278.705 -0.062
280.499 -0.063
282.274 -0.064
284.03 -0.065
285.774 -0.066
287.506 -0.067
289.225 -0.068
290.93 -0.069
292.621 -0.07
294.297 -0.071
295.961 -0.072
297.613 -0.073
299.256 -0.074
300.89 -0.075
302.511 -0.076
304.119 -0.077
305.715 -0.078
307.301 -0.079
308.878 -0.08
310.447 -0.081
312.008 -0.082
313.556 -0.083
315.063 -0.084
316.536 -0.085
317.908 -0.086
319.205 -0.087
320.474 -0.088
321.541 -0.089
322.535 -0.09
323.504 -0.091
324.217 -0.092
324.835 -0.093
325.182 -0.094
325.501 -0.095
325.814 -0.096
326.119 -0.097
326.417 -0.098
326.709 -0.099
326.99 -0.1
327.259 -0.101
327.514 -0.102
327.759 -0.103
327.99 -0.104
328.205 -0.105
328.406 -0.106
328.596 -0.107
328.78 -0.108
328.959 -0.109
329.128 -0.11
329.285 -0.111
329.43 -0.112
329.563 -0.113
329.688 -0.114
329.808 -0.115
329.922 -0.116
330.026 -0.117
330.12 -0.118
330.204 -0.119
330.277 -0.12
330.342 -0.121
330.399 -0.122
330.448 -0.123
330.49 -0.124
330.528 -0.125
330.56 -0.126
330.587 -0.127
330.61 -0.128
330.628 -0.129
330.643 -0.13
330.654 -0.131
330.66 -0.132
330.662 -0.133
330.658 -0.134
330.65 -0.135
330.639 -0.136
330.625 -0.137
330.606 -0.138
330.585 -0.139
330.562 -0.14
330.534 -0.141
330.503 -0.142
330.468 -0.143
330.43 -0.144
330.386 -0.145
330.339 -0.146
330.292 -0.147
330.246 -0.148
330.197 -0.149
330.147 -0.15
330.091 -0.151
330.029 -0.152
329.961 -0.153
329.886 -0.154
329.803 -0.155
329.72 -0.156
329.634 -0.157
329.547 -0.158
329.459 -0.159
329.368 -0.16
329.276 -0.161
329.182 -0.162
329.086 -0.163
328.989 -0.164
328.892 -0.165
328.792 -0.166
328.689 -0.167
328.578 -0.168
328.461 -0.169
328.338 -0.17
328.209 -0.171
328.074 -0.172
327.939 -0.173
327.802 -0.174
327.664 -0.175
327.524 -0.176
327.384 -0.177
327.242 -0.178
327.099 -0.179
326.956 -0.18
326.811 -0.181
326.665 -0.182
326.518 -0.183
326.371 -0.184
326.222 -0.185
326.072 -0.186
325.921 -0.187
325.77 -0.188
325.618 -0.189
325.466 -0.19
325.312 -0.191
325.158 -0.192
325.003 -0.193
324.847 -0.194
324.691 -0.195
324.534 -0.196
324.376 -0.197
324.218 -0.198
324.06 -0.199
323.901 -0.2
323.742 -0.201
323.583 -0.202
323.424 -0.203
323.262 -0.204
323.1 -0.205
322.936 -0.206
322.771 -0.207
322.605 -0.208
322.438 -0.209
322.27 -0.21
322.103 -0.211
321.936 -0.212
321.768 -0.213
321.601 -0.214
321.433 -0.215
321.265 -0.216
321.097 -0.217
320.929 -0.218
320.761 -0.219
320.592 -0.22
320.424 -0.221
320.256 -0.222
320.088 -0.223
319.919 -0.224
319.751 -0.225
319.584 -0.226
319.416 -0.227
319.249 -0.228
319.082 -0.229
318.915 -0.23
318.748 -0.231
318.581 -0.232
318.415 -0.233
318.248 -0.234
318.082 -0.235
317.917 -0.236
317.751 -0.237
317.586 -0.238
317.421 -0.239
317.257 -0.24
317.093 -0.241
316.93 -0.242
316.768 -0.243
316.607 -0.244
316.446 -0.245
316.286 -0.246
316.126 -0.247
315.966 -0.248
315.808 -0.249
315.649 -0.25
315.492 -0.251
315.335 -0.252
315.179 -0.253
315.023 -0.254
314.867 -0.255
314.712 -0.256
314.557 -0.257
314.402 -0.258
314.248 -0.259
314.094 -0.26
313.94 -0.261
313.787 -0.262
313.634 -0.263
313.482 -0.264
313.33 -0.265
313.179 -0.266
313.027 -0.267
312.876 -0.268
312.725 -0.269
312.575 -0.27
312.425 -0.271
312.275 -0.272
312.125 -0.273
311.976 -0.274
311.828 -0.275
311.68 -0.276
311.532 -0.277
311.384 -0.278
311.235 -0.279
311.088 -0.28
310.941 -0.281
310.795 -0.282
310.649 -0.283
310.503 -0.284
310.358 -0.285
310.213 -0.286
310.07 -0.287
309.927 -0.288
309.783 -0.289
309.64 -0.29
309.497 -0.291
309.356 -0.292
309.216 -0.293
309.076 -0.294
308.938 -0.295
308.801 -0.296
308.664 -0.297
308.528 -0.298
308.394 -0.299
308.26 -0.3
308.127 -0.301
307.996 -0.302
307.865 -0.303
307.736 -0.304
307.608 -0.305
307.48 -0.306
307.353 -0.307
307.226 -0.308
307.101 -0.309
306.976 -0.31
306.852 -0.311
306.729 -0.312
306.607 -0.313
306.486 -0.314
306.366 -0.315
306.246 -0.316
306.128 -0.317
306.01 -0.318
305.892 -0.319
305.775 -0.32
305.659 -0.321
305.545 -0.322
305.431 -0.323
305.319 -0.324
305.208 -0.325
305.098 -0.326
304.989 -0.327
304.88 -0.328
304.771 -0.329
304.663 -0.33
304.557 -0.331
304.452 -0.332
304.347 -0.333
304.244 -0.334
304.143 -0.335
304.041 -0.336
303.94 -0.337
303.839 -0.338
303.739 -0.339
303.641 -0.34
303.544 -0.341
303.447 -0.342
303.352 -0.343
303.259 -0.344
303.165 -0.345
303.072 -0.346
302.979 -0.347
302.887 -0.348
302.797 -0.349
302.707 -0.35
302.619 -0.351
302.533 -0.352
302.446 -0.353
302.358 -0.354
302.272 -0.355
302.186 -0.356
302.102 -0.357
302.019 -0.358
301.937 -0.359
301.855 -0.36
301.773 -0.361
301.69 -0.362
301.608 -0.363
301.526 -0.364
301.444 -0.365
301.362 -0.366
301.281 -0.367
301.2 -0.368
301.12 -0.369
301.042 -0.37
300.966 -0.371
300.891 -0.372
300.817 -0.373
300.743 -0.374
300.67 -0.375
300.598 -0.376
300.528 -0.377
300.46 -0.378
300.393 -0.379
300.327 -0.38
300.261 -0.381
300.196 -0.382
300.133 -0.383
300.072 -0.384
300.012 -0.385
299.953 -0.386
299.895 -0.387
299.837 -0.388
299.781 -0.389
299.726 -0.39
299.673 -0.391
299.62 -0.392
299.571 -0.393
299.523 -0.394
299.478 -0.395
299.439 -0.396
299.404 -0.397
299.372 -0.398
299.343 -0.399
299.317 -0.4
299.293 -0.401
299.271 -0.402
299.252 -0.403
299.234 -0.404
299.218 -0.405
299.203 -0.406
299.187 -0.407
299.174 -0.408
299.162 -0.409
299.152 -0.41
299.141 -0.411
299.131 -0.412
299.124 -0.413
299.118 -0.414
299.11 -0.415
299.105 -0.416
299.101 -0.417
299.097 -0.418
299.094 -0.419
299.093 -0.42
299.092 -0.421
299.091 -0.422
299.092 -0.423
299.094 -0.424
299.095 -0.425
299.098 -0.426
299.103 -0.427
299.11 -0.428
299.119 -0.429
299.131 -0.43
299.144 -0.431
299.16 -0.432
299.178 -0.433
299.198 -0.434
299.22 -0.435
299.244 -0.436
299.271 -0.437
299.3 -0.438
299.331 -0.439
299.364 -0.44
299.4 -0.441
299.437 -0.442
299.477 -0.443
299.518 -0.444
299.56 -0.445
299.605 -0.446
299.651 -0.447
299.699 -0.448
299.748 -0.449
299.799 -0.45
299.851 -0.451
299.902 -0.452
299.955 -0.453
300.009 -0.454
300.064 -0.455
300.118 -0.456
300.173 -0.457
300.229 -0.458
300.285 -0.459
300.341 -0.46
300.399 -0.461
300.459 -0.462
300.519 -0.463
300.58 -0.464
300.643 -0.465
300.706 -0.466
300.77 -0.467
300.836 -0.468
300.903 -0.469
300.97 -0.47
301.037 -0.471
301.106 -0.472
301.178 -0.473
301.251 -0.474
301.325 -0.475
301.401 -0.476
301.479 -0.477
301.559 -0.478
301.639 -0.479
301.721 -0.48
301.805 -0.481
301.891 -0.482
301.977 -0.483
302.066 -0.484
302.157 -0.485
302.249 -0.486
302.342 -0.487
302.438 -0.488
302.535 -0.489
302.632 -0.49
302.731 -0.491
302.831 -0.492
302.934 -0.493
303.038 -0.494
303.143 -0.495
303.251 -0.496
303.361 -0.497
303.472 -0.498
303.585 -0.499
303.699 -0.5
303.814 -0.501
303.93 -0.502
304.047 -0.503
304.165 -0.504
304.285 -0.505
304.405 -0.506
304.525 -0.507
304.647 -0.508
304.769 -0.509
304.892 -0.51
305.015 -0.511
305.137 -0.512
305.259 -0.513
305.389 -0.514
305.521 -0.515
305.669 -0.516
305.813 -0.517
305.96 -0.518
306.106 -0.519
306.254 -0.52
306.403 -0.521
306.552 -0.522
306.702 -0.523
306.853 -0.524
307.006 -0.525
307.158 -0.526
307.313 -0.527
307.47 -0.528
307.629 -0.529
307.79 -0.53
307.954 -0.531
308.119 -0.532
308.287 -0.533
308.457 -0.534
308.63 -0.535
308.804 -0.536
308.981 -0.537
309.159 -0.538
309.34 -0.539
309.522 -0.54
309.707 -0.541
309.894 -0.542
310.083 -0.543
310.274 -0.544
310.467 -0.545
310.662 -0.546
310.858 -0.547
311.057 -0.548
311.257 -0.549
311.458 -0.55
311.66 -0.551
311.864 -0.552
312.067 -0.553
312.273 -0.554
312.479 -0.555
312.686 -0.556
312.896 -0.557
313.105 -0.558
313.317 -0.559
313.53 -0.56
313.743 -0.561
313.958 -0.562
314.175 -0.563
314.392 -0.564
314.61 -0.565
314.83 -0.566
315.051 -0.567
315.274 -0.568
315.497 -0.569
315.721 -0.57
315.947 -0.571
316.174 -0.572
316.402 -0.573
316.63 -0.574
316.86 -0.575
317.09 -0.576
317.319 -0.577
317.55 -0.578
317.782 -0.579
318.016 -0.58
318.251 -0.581
318.487 -0.582
318.724 -0.583
318.963 -0.584
319.202 -0.585
319.442 -0.586
319.684 -0.587
319.926 -0.588
320.169 -0.589
320.413 -0.59
320.659 -0.591
320.905 -0.592
321.153 -0.593
321.403 -0.594
321.655 -0.595
321.907 -0.596
322.157 -0.597
322.408 -0.598
322.658 -0.599
322.91 -0.6
323.162 -0.601
323.415 -0.602
323.669 -0.603
323.925 -0.604
324.18 -0.605
324.438 -0.606
324.696 -0.607
324.957 -0.608
325.219 -0.609
325.484 -0.61
325.751 -0.611
326.021 -0.612
326.292 -0.613
326.565 -0.614
326.839 -0.615
327.113 -0.616
327.39 -0.617
327.669 -0.618
327.95 -0.619
328.234 -0.62
328.519 -0.621
328.807 -0.622
329.093 -0.623
329.382 -0.624
329.672 -0.625
329.965 -0.626
330.26 -0.627
330.554 -0.628
330.849 -0.629
331.145 -0.63
331.442 -0.631
331.74 -0.632
332.04 -0.633
332.34 -0.634
332.64 -0.635
332.941 -0.636
333.244 -0.637
333.549 -0.638
333.854 -0.639
334.156 -0.64
334.459 -0.641
334.763 -0.642
335.068 -0.643
335.373 -0.644
335.675 -0.645
335.978 -0.646
336.28 -0.647
336.576 -0.648
336.869 -0.649
337.164 -0.65
337.46 -0.651
337.753 -0.652
338.045 -0.653
338.336 -0.654
338.63 -0.655
338.921 -0.656
339.211 -0.657
339.502 -0.658
339.794 -0.659
340.086 -0.66
340.377 -0.661
340.67 -0.662
340.965 -0.663
341.261 -0.664
341.557 -0.665
341.855 -0.666
342.153 -0.667
342.45 -0.668
342.748 -0.669
343.046 -0.67
343.344 -0.671
343.641 -0.672
343.935 -0.673
344.23 -0.674
344.525 -0.675
344.822 -0.676
345.115 -0.677
345.409 -0.678
345.705 -0.679
346.002 -0.68
346.3 -0.681
346.594 -0.682
346.888 -0.683
347.177 -0.684
347.468 -0.685
347.761 -0.686
348.055 -0.687
348.352 -0.688
348.65 -0.689
348.95 -0.69
349.252 -0.691
349.556 -0.692
349.861 -0.693
350.169 -0.694
350.478 -0.695
350.789 -0.696
351.102 -0.697
351.414 -0.698
351.725 -0.699
352.037 -0.7
352.348 -0.701
352.661 -0.702
352.973 -0.703
353.285 -0.704
353.595 -0.705
353.903 -0.706
354.213 -0.707
354.524 -0.708
354.837 -0.709
355.148 -0.71
355.46 -0.711
355.774 -0.712
356.089 -0.713
356.405 -0.714
356.722 -0.715
357.036 -0.716
357.352 -0.717
357.669 -0.718
357.989 -0.719
358.31 -0.72
358.632 -0.721
358.956 -0.722
359.282 -0.723
359.609 -0.724
359.936 -0.725
360.264 -0.726
360.593 -0.727
360.925 -0.728
361.258 -0.729
361.59 -0.73
361.923 -0.731
362.258 -0.732
362.595 -0.733
362.933 -0.734
363.268 -0.735
363.606 -0.736
363.945 -0.737
364.286 -0.738
364.627 -0.739
364.965 -0.74
365.306 -0.741
365.648 -0.742
365.992 -0.743
366.337 -0.744
366.685 -0.745
367.034 -0.746
367.385 -0.747
367.738 -0.748
368.093 -0.749
368.449 -0.75
368.807 -0.751
369.167 -0.752
369.529 -0.753
369.893 -0.754
370.258 -0.755
370.626 -0.756
370.995 -0.757
371.366 -0.758
371.739 -0.759
372.114 -0.76
372.488 -0.761
372.86 -0.762
373.232 -0.763
373.607 -0.764
373.984 -0.765
374.362 -0.766
374.742 -0.767
375.123 -0.768
375.507 -0.769
375.892 -0.77
376.279 -0.771
376.667 -0.772
377.058 -0.773
377.451 -0.774
377.848 -0.775
378.248 -0.776
378.649 -0.777
379.052 -0.778
379.414 -0.779
379.764 -0.78
380.116 -0.781
380.469 -0.782
380.823 -0.783
381.179 -0.784
381.532 -0.785
381.84 -0.786
382.082 -0.787
382.313 -0.788
382.544 -0.789
382.777 -0.79
383.01 -0.791
383.243 -0.792
383.477 -0.793
383.712 -0.794
383.947 -0.795
384.183 -0.796
384.419 -0.797
384.656 -0.798
384.894 -0.799
385.132 -0.8
385.371 -0.801
385.61 -0.802
385.85 -0.803
386.091 -0.804
386.332 -0.805
386.574 -0.806
386.816 -0.807
387.059 -0.808
387.303 -0.809
387.547 -0.81
387.791 -0.811
388.037 -0.812
388.282 -0.813
388.529 -0.814
388.775 -0.815
389.013 -0.816
389.239 -0.817
389.465 -0.818
389.691 -0.819
389.916 -0.82
390.138 -0.821
390.361 -0.822
390.584 -0.823
390.808 -0.824
391.032 -0.825
391.256 -0.826
391.48 -0.827
391.705 -0.828
391.93 -0.829
392.156 -0.83
392.382 -0.831
392.608 -0.832
392.835 -0.833
393.062 -0.834
393.29 -0.835
393.518 -0.836
393.747 -0.837
393.976 -0.838
394.206 -0.839
394.436 -0.84
394.666 -0.841
394.897 -0.842
395.128 -0.843
395.36 -0.844
395.593 -0.845
395.826 -0.846
396.059 -0.847
396.293 -0.848
396.527 -0.849
396.762 -0.85
396.997 -0.851
397.233 -0.852
397.469 -0.853
397.705 -0.854
397.943 -0.855
398.18 -0.856
398.419 -0.857
398.657 -0.858
398.896 -0.859
399.136 -0.86
399.376 -0.861
399.617 -0.862
399.858 -0.863
400.099 -0.864
400.342 -0.865
400.584 -0.866
400.827 -0.867
401.071 -0.868
401.315 -0.869
401.56 -0.87
401.805 -0.871
402.05 -0.872
402.297 -0.873
402.543 -0.874
402.79 -0.875
403.038 -0.876
403.286 -0.877
403.535 -0.878
403.784 -0.879
404.034 -0.88
404.284 -0.881
404.534 -0.882
404.786 -0.883
405.037 -0.884
405.289 -0.885
405.542 -0.886
405.795 -0.887
406.049 -0.888
406.303 -0.889
406.557 -0.89
406.812 -0.891
407.068 -0.892
407.324 -0.893
407.58 -0.894
407.837 -0.895
408.095 -0.896
408.353 -0.897
408.611 -0.898
408.87 -0.899
409.13 -0.9
409.39 -0.901
409.65 -0.902
409.911 -0.903
410.173 -0.904
410.435 -0.905
410.698 -0.906
410.961 -0.907
411.226 -0.908
411.491 -0.909
411.757 -0.91
412.024 -0.911
412.291 -0.912
412.558 -0.913
412.826 -0.914
413.095 -0.915
413.364 -0.916
413.634 -0.917
413.904 -0.918
414.175 -0.919
414.446 -0.92
414.718 -0.921
414.991 -0.922
415.264 -0.923
415.537 -0.924
415.811 -0.925
416.086 -0.926
416.361 -0.927
416.637 -0.928
416.913 -0.929
417.19 -0.93
417.467 -0.931
417.746 -0.932
418.024 -0.933
418.303 -0.934
418.583 -0.935
418.864 -0.936
419.145 -0.937
419.426 -0.938
419.709 -0.939
419.991 -0.94
420.275 -0.941
420.559 -0.942
420.843 -0.943
421.129 -0.944
421.414 -0.945
421.701 -0.946
421.988 -0.947
422.275 -0.948
422.563 -0.949
422.852 -0.95
423.142 -0.951
423.432 -0.952
423.722 -0.953
424.014 -0.954
424.305 -0.955
424.598 -0.956
424.891 -0.957
425.185 -0.958
425.479 -0.959
425.774 -0.96
426.069 -0.961
426.365 -0.962
426.662 -0.963
426.959 -0.964
427.256 -0.965
427.555 -0.966
427.854 -0.967
428.153 -0.968
428.453 -0.969
428.754 -0.97
429.055 -0.971
429.357 -0.972
429.66 -0.973
429.963 -0.974
430.266 -0.975
430.571 -0.976
430.876 -0.977
431.181 -0.978
431.487 -0.979
431.794 -0.98
432.102 -0.981
432.41 -0.982
432.718 -0.983
433.028 -0.984
433.337 -0.985
433.646 -0.986
433.954 -0.987
434.261 -0.988
434.567 -0.989
434.873 -0.99
435.18 -0.991
435.487 -0.992
435.795 -0.993
436.104 -0.994
436.413 -0.995
436.722 -0.996
437.033 -0.997
437.344 -0.998
437.655 -0.999
437.968 -1
